pheno	db	pid	chromosome	block	num_variants	L	time	num_variants_0.95	num_variants_0.5	num_CS95	num_variants_CS95
HDL	META	AFR	1	1	1401	5	1.59575796127319	0	0	0	0
HDL	META	AFR	1	2	1463	5	1.85421681404114	0	0	0	0
HDL	META	AFR	1	3	827	5	0.769914150238037	0	0	0	0
HDL	META	AFR	1	5	3605	5	4.51797580718994	0	0	0	0
HDL	META	AFR	1	15	5267	5	10.0215911865234	0	0	0	0
HDL	META	AFR	1	17	6661	5	16.8935987949371	0	0	0	0
HDL	META	AFR	1	18	2519	5	2.9849750995636	0	0	0	0
HDL	META	AFR	1	19	5432	5	10.7526214122772	0	0	0	0
HDL	META	AFR	1	21	3702	5	4.72484183311462	0	0	0	0
HDL	META	AFR	1	23	1888	5	1.83634376525879	0	0	0	0
HDL	META	AFR	1	24	1883	5	1.72529578208923	0	0	0	0
HDL	META	AFR	1	35	6594	5	16.7901239395142	0	0	0	0
HDL	META	AFR	1	40	2211	5	2.49790453910828	0	0	0	0
HDL	META	AFR	1	43	1399	5	1.4366934299469	1	1	1	1
HDL	META	AFR	1	44	1277	5	1.01298570632935	0	0	0	0
HDL	META	AFR	1	46	4373	5	6.96614170074463	0	0	0	0
HDL	META	AFR	1	48	2597	5	3.3887052536010698	0	0	0	0
HDL	META	AFR	1	49	2499	5	2.7808153629303	0	0	0	0
HDL	META	AFR	1	50	3596	5	4.45735263824463	0	0	0	0
HDL	META	AFR	1	51	2354	5	2.2911653518676802	0	0	0	0
HDL	META	AFR	1	52	6665	5	17.9167733192444	0	0	0	0
HDL	META	AFR	1	53	5740	5	12.0499770641327	0	0	0	0
HDL	META	AFR	1	57	3923	5	5.40276074409485	0	1	0	0
HDL	META	AFR	1	63	5261	5	10.9199624061584	0	0	0	0
HDL	META	AFR	1	70	4570	5	9.28667378425598	0	0	0	0
HDL	META	AFR	1	71	4715	5	8.48692178726196	0	0	0	0
HDL	META	AFR	1	73	6447	5	16.7598266601562	0	0	0	0
HDL	META	AFR	1	74	6189	5	14.5243675708771	0	0	0	0
HDL	META	AFR	1	75	7792	5	22.4491794109344	0	0	0	0
HDL	META	AFR	1	76	4017	5	5.50840854644775	0	0	0	0
HDL	META	AFR	1	80	2382	5	2.78693008422852	0	0	0	0
HDL	META	AFR	1	85	2008	5	2.23619031906128	0	0	0	0
HDL	META	AFR	1	87	2528	5	2.62771368026733	0	0	0	0
HDL	META	AFR	1	90	517	5	0.90429425239563	0	0	0	0
HDL	META	AFR	1	92	4539	5	8.04185581207275	0	0	0	0
HDL	META	AFR	1	94	1062	5	1.17156028747559	0	0	0	0
HDL	META	AFR	1	96	4165	5	6.77802109718323	0	0	0	0
HDL	META	AFR	1	97	5170	5	10.2835488319397	0	1	1	15
HDL	META	AFR	1	98	4661	5	8.25564742088318	0	0	0	0
HDL	META	AFR	1	100	4166	5	7.61490440368652	0	0	0	0
HDL	META	AFR	1	102	3984	5	6.07588458061218	0	0	0	0
HDL	META	AFR	1	105	11654	5	70.4790022373199	0	0	0	0
HDL	META	AFR	1	110	2039	5	2.10488772392273	0	0	0	0
HDL	META	AFR	1	113	3295	5	4.90892934799194	0	0	0	0
HDL	META	AFR	1	117	2520	5	2.90067100524902	0	0	0	0
HDL	META	AFR	1	122	8187	5	36.92973279953	0	0	0	0
HDL	META	AFR	1	124	6941	5	17.3016812801361	0	0	0	0
HDL	META	AFR	1	125	8753	5	37.642817735672	0	0	0	0
HDL	META	AFR	1	128	7018	5	19.0211839675903	0	0	0	0
HDL	META	AFR	1	129	2240	5	2.72112917900085	0	0	0	0
HDL	META	AFR	1	132	4627	5	8.59253740310669	0	0	0	0
HDL	META	AFR	1	136	5109	5	10.3978910446167	0	0	0	0
HDL	META	AFR	1	138	6730	5	16.343284368515	0	1	0	0
HDL	META	AFR	1	139	1528	5	1.60723733901978	0	0	0	0
HDL	META	AFR	1	143	4059	5	5.75780558586121	0	0	0	0
HDL	META	AFR	1	153	5251	5	10.8217012882233	0	0	0	0
HDL	META	AFR	1	154	8796	5	44.0616571903229	0	0	0	0
HDL	META	AFR	1	156	4659	5	10.2760369777679	0	0	0	0
HDL	META	AFR	1	158	5382	5	11.6592764854431	0	0	0	0
HDL	META	AFR	1	159	1169	5	1.15725493431091	0	0	0	0
HDL	META	AFR	1	160	4017	5	5.83253693580627	0	0	0	0
HDL	META	AFR	1	168	5355	5	11.2405273914337	0	0	0	0
HDL	META	AFR	1	173	3876	5	5.20023894309998	0	0	0	0
HDL	META	AFR	1	181	7175	5	17.9258716106415	0	0	0	0
HDL	META	AFR	1	182	7710	5	28.6157257556915	0	0	0	0
HDL	META	AFR	1	183	7261	5	20.9707734584808	0	0	0	0
HDL	META	AFR	1	187	4726	5	8.12982082366943	0	0	0	0
HDL	META	AFR	1	189	3758	5	5.42541933059692	0	0	0	0
HDL	META	AFR	1	191	5232	5	10.5311734676361	0	0	0	0
HDL	META	AFR	1	192	5272	5	12.1570057868958	0	0	0	0
HDL	META	AFR	1	193	6096	5	14.7757506370544	0	0	0	0
HDL	META	AFR	1	201	6303	5	15.587831735611	0	0	0	0
HDL	META	AFR	1	202	5235	5	9.47379541397095	0	0	0	0
HDL	META	AFR	1	203	4459	5	8.11968874931335	0	0	0	0
HDL	META	AFR	1	204	4317	5	7.11428236961365	0	0	0	0
HDL	META	AFR	1	207	3140	5	3.28189659118652	0	0	0	0
HDL	META	AFR	1	208	3772	5	6.10195899009705	0	0	0	0
HDL	META	AFR	1	209	1297	5	1.11681532859802	0	0	0	0
HDL	META	AFR	1	211	2811	5	3.33015012741089	0	0	0	0
HDL	META	AFR	1	213	2831	5	3.10556507110596	0	0	0	0
HDL	META	AFR	1	214	2519	5	2.4338743686676	0	0	0	0
HDL	META	AFR	1	215	1305	5	1.49188351631165	0	0	0	0
HDL	META	AFR	1	216	5721	5	12.5704560279846	0	0	0	0
HDL	META	AFR	1	218	1028	5	1.85357117652893	0	0	0	0
HDL	META	AFR	1	221	4891	5	11.1487402915955	0	0	0	0
HDL	META	AFR	1	224	3377	5	4.49245691299438	0	0	0	0
HDL	META	AFR	1	228	2827	5	3.16776084899902	0	0	0	0
HDL	META	AFR	1	233	6622	5	16.7688927650452	0	0	0	0
HDL	META	AFR	1	234	7584	5	26.9976253509521	0	0	0	0
HDL	META	AFR	1	235	5297	5	13.5556967258453	0	0	0	0
HDL	META	AFR	1	238	9961	5	48.2429616451263	0	0	0	0
HDL	META	AFR	1	239	2353	5	2.10764789581299	0	0	0	0
HDL	META	AFR	1	240	10273	5	60.7033634185791	0	0	0	0
HDL	META	AFR	1	242	2480	5	3.32591819763184	0	0	0	0
HDL	META	AFR	1	243	2815	5	3.0719473361969	0	0	1	10
HDL	META	AFR	1	244	6077	5	14.5777735710144	0	0	0	0
HDL	META	AFR	1	252	2334	5	3.31718730926514	0	0	0	0
HDL	META	AFR	1	253	830	5	0.882608890533447	0	0	0	0
HDL	META	AFR	1	254	4018	5	7.0666024684906	0	0	0	0
HDL	META	AFR	1	255	2540	5	3.5281879901886	0	1	1	4
HDL	META	AFR	1	257	2617	5	3.36882519721985	0	0	0	0
HDL	META	AFR	1	264	2815	5	3.39832091331482	0	0	0	0
HDL	META	AFR	1	275	1006	5	1.17150092124939	0	0	0	0
HDL	META	AFR	2	1	1424	5	1.45804858207703	0	0	0	0
HDL	META	AFR	2	2	9065	5	41.2431225776672	0	0	0	0
HDL	META	AFR	2	3	3280	5	4.31472420692444	0	0	0	0
HDL	META	AFR	2	4	2656	5	3.16945338249207	0	0	0	0
HDL	META	AFR	2	6	2729	5	3.45342683792114	0	0	0	0
HDL	META	AFR	2	13	6214	5	17.0815968513489	0	0	0	0
HDL	META	AFR	2	28	1234	5	1.1677725315094	0	0	0	0
HDL	META	AFR	2	40	7181	5	22.9749348163605	0	0	0	0
HDL	META	AFR	2	41	3284	5	5.06107211112976	0	0	1	3
HDL	META	AFR	2	44	3354	5	4.19606161117554	0	1	1	3
HDL	META	AFR	2	45	5997	5	16.0864951610565	0	0	0	0
HDL	META	AFR	2	46	2649	5	3.6865234375	0	0	0	0
HDL	META	AFR	2	47	7547	5	23.3513519763947	0	0	0	0
HDL	META	AFR	2	48	4607	5	9.8946647644043	0	0	0	0
HDL	META	AFR	2	49	7319	5	24.0143413543701	0	0	0	0
HDL	META	AFR	2	50	4208	5	7.46081972122192	0	0	0	0
HDL	META	AFR	2	51	4786	5	9.37869215011597	0	0	0	0
HDL	META	AFR	2	53	3137	5	4.06810069084167	0	0	0	0
HDL	META	AFR	2	55	11051	5	60.2175846099854	0	0	0	0
HDL	META	AFR	2	60	4307	5	7.34194183349609	0	0	0	0
HDL	META	AFR	2	62	2508	5	2.28905034065247	0	0	0	0
HDL	META	AFR	2	63	4478	5	10.2409572601318	0	0	0	0
HDL	META	AFR	2	66	10542	5	54.8521444797516	0	0	0	0
HDL	META	AFR	2	67	9577	5	52.5093309879303	0	0	0	0
HDL	META	AFR	2	68	1655	5	1.46546387672424	0	0	0	0
HDL	META	AFR	2	69	5641	5	11.4899642467499	0	0	0	0
HDL	META	AFR	2	79	6471	5	16.3900339603424	0	0	0	0
HDL	META	AFR	2	80	10936	5	63.3792018890381	0	0	0	0
HDL	META	AFR	2	84	14552	5	105.763447523117	0	0	0	0
HDL	META	AFR	2	85	13936	5	93.1910388469696	0	0	0	0
HDL	META	AFR	2	86	5711	5	16.4272241592407	0	0	0	0
HDL	META	AFR	2	87	2034	5	1.95054149627686	0	0	0	0
HDL	META	AFR	2	88	16811	5	191.489262342453	0	0	0	0
HDL	META	AFR	2	89	4311	5	7.10984969139099	0	0	0	0
HDL	META	AFR	2	90	3602	5	4.50404262542725	0	0	0	0
HDL	META	AFR	2	97	6439	5	18.4947626590729	0	0	0	0
HDL	META	AFR	2	99	3759	5	4.82902097702026	0	0	0	0
HDL	META	AFR	2	100	5063	5	9.59658360481262	0	0	0	0
HDL	META	AFR	2	115	8552	5	38.767050743103	0	0	0	0
HDL	META	AFR	2	117	4548	5	11.0820348262787	0	0	0	0
HDL	META	AFR	2	122	3364	5	6.76342129707336	0	0	0	0
HDL	META	AFR	2	124	6376	5	17.4917805194855	0	1	0	0
HDL	META	AFR	2	125	5236	5	14.5717425346375	0	0	0	0
HDL	META	AFR	2	128	9003	5	41.4070956707001	0	0	0	0
HDL	META	AFR	2	130	988	5	0.829572200775146	0	0	0	0
HDL	META	AFR	2	131	270	5	0.828256845474243	0	0	0	0
HDL	META	AFR	2	132	996	5	1.14643406867981	0	0	0	0
HDL	META	AFR	2	138	7593	5	22.7429258823395	0	0	0	0
HDL	META	AFR	2	146	7454	5	21.4824273586273	0	0	0	0
HDL	META	AFR	2	147	12131	5	75.9208872318268	0	0	0	0
HDL	META	AFR	2	151	4912	5	12.3908772468567	0	0	0	0
HDL	META	AFR	2	153	7084	5	19.7728221416473	0	0	0	0
HDL	META	AFR	2	154	3472	5	4.84298467636108	0	0	0	0
HDL	META	AFR	2	159	10318	5	58.8564476966858	0	0	0	0
HDL	META	AFR	2	163	351	5	0.654259443283081	0	0	0	0
HDL	META	AFR	2	164	1476	5	1.2124195098877	0	0	0	0
HDL	META	AFR	2	166	11661	5	66.872572183609	0	0	0	0
HDL	META	AFR	2	168	5161	5	13.2624540328979	0	0	1	5
HDL	META	AFR	2	171	7566	5	22.863552570343	0	0	0	0
HDL	META	AFR	2	175	218	5	0.627482414245605	0	0	0	0
HDL	META	AFR	2	176	7131	5	19.7145273685455	0	0	0	0
HDL	META	AFR	2	177	5757	5	12.1725738048553	0	0	0	0
HDL	META	AFR	2	180	4669	5	9.51700496673584	0	0	0	0
HDL	META	AFR	2	181	7140	5	19.9046528339386	0	0	0	0
HDL	META	AFR	2	183	3080	5	4.99679017066956	0	0	0	0
HDL	META	AFR	2	184	9686	5	51.5729846954346	0	0	0	0
HDL	META	AFR	2	185	2447	5	3.25898790359497	0	0	0	0
HDL	META	AFR	2	186	7050	5	20.5105204582214	0	0	0	0
HDL	META	AFR	2	191	1885	5	3.98775124549866	0	0	0	0
HDL	META	AFR	2	195	13282	5	94.4320089817047	0	0	0	0
HDL	META	AFR	2	197	6266	5	15.9587209224701	0	0	0	0
HDL	META	AFR	2	199	7599	5	26.5532479286194	0	0	0	0
HDL	META	AFR	2	202	1028	5	1.70014500617981	0	0	0	0
HDL	META	AFR	2	205	3621	5	5.94341397285461	0	0	0	0
HDL	META	AFR	2	208	11186	5	58.0003392696381	0	0	0	0
HDL	META	AFR	2	209	1710	5	1.74096632003784	0	0	0	0
HDL	META	AFR	2	210	3898	5	5.22776341438293	0	0	0	0
HDL	META	AFR	2	213	12763	5	80.4383451938629	0	0	0	0
HDL	META	AFR	2	215	4147	5	6.9380145072937	0	0	0	0
HDL	META	AFR	2	217	3457	5	5.15247225761414	0	0	0	0
HDL	META	AFR	2	218	2665	5	3.33795499801636	0	0	0	0
HDL	META	AFR	2	221	4223	5	7.43868851661682	0	0	0	0
HDL	META	AFR	2	227	2924	5	5.39035987854004	0	0	0	0
HDL	META	AFR	2	228	3905	5	6.89067983627319	0	0	0	0
HDL	META	AFR	2	230	3605	5	4.41814684867859	0	1	1	4
HDL	META	AFR	2	232	2732	5	3.20006060600281	0	0	0	0
HDL	META	AFR	2	233	1312	5	2.49809217453003	0	0	0	0
HDL	META	AFR	2	234	4848	5	9.82440972328186	0	0	0	0
HDL	META	AFR	2	235	2190	5	2.36567854881287	0	0	0	0
HDL	META	AFR	2	237	4951	5	9.3370041847229	0	0	0	0
HDL	META	AFR	2	240	4386	5	11.5218982696533	0	0	0	0
HDL	META	AFR	2	247	1988	5	2.54499292373657	0	0	0	0
HDL	META	AFR	2	250	9198	5	40.1946637630463	0	0	0	0
HDL	META	AFR	2	251	3136	5	3.81824660301208	0	0	0	0
HDL	META	AFR	2	256	5440	5	13.9506850242615	0	0	0	0
HDL	META	AFR	3	8	1388	5	1.15644860267639	0	0	0	0
HDL	META	AFR	3	9	1482	5	1.09528374671936	0	0	0	0
HDL	META	AFR	3	20	5701	5	13.284900188446	0	0	0	0
HDL	META	AFR	3	23	3926	5	8.16015005111694	0	0	0	0
HDL	META	AFR	3	24	6144	5	16.6592435836792	0	0	0	0
HDL	META	AFR	3	25	725	5	0.817814111709595	0	0	0	0
HDL	META	AFR	3	28	391	5	1.2280285358429	0	0	0	0
HDL	META	AFR	3	30	5958	5	17.949235200882	0	0	0	0
HDL	META	AFR	3	32	7176	5	18.2641935348511	0	0	0	0
HDL	META	AFR	3	34	2390	5	2.469162940979	0	0	0	0
HDL	META	AFR	3	35	6142	5	15.2431890964508	0	0	0	0
HDL	META	AFR	3	39	8079	5	25.2671155929565	0	0	0	0
HDL	META	AFR	3	40	3961	5	5.25698161125183	0	0	0	0
HDL	META	AFR	3	41	7652	5	22.6195840835571	0	0	0	0
HDL	META	AFR	3	42	6385	5	16.1758596897125	0	0	0	0
HDL	META	AFR	3	55	3267	5	3.94975543022156	0	0	0	0
HDL	META	AFR	3	59	6464	5	15.1550762653351	0	0	0	0
HDL	META	AFR	3	60	10451	5	54.046332359314	0	0	0	0
HDL	META	AFR	3	64	257	5	0.668300628662109	0	0	0	0
HDL	META	AFR	3	65	2636	5	3.12986254692078	0	0	0	0
HDL	META	AFR	3	71	7644	5	30.5971460342407	0	0	0	0
HDL	META	AFR	3	77	11304	5	62.2353482246399	0	0	0	0
HDL	META	AFR	3	81	3751	5	6.55450129508972	0	0	0	0
HDL	META	AFR	3	83	8409	5	33.3291263580322	0	0	0	0
HDL	META	AFR	3	84	4048	5	7.16517925262451	0	0	0	0
HDL	META	AFR	3	85	4112	5	6.48045063018799	0	0	0	0
HDL	META	AFR	3	88	5121	5	11.4762697219849	0	0	0	0
HDL	META	AFR	3	89	5810	5	12.7742390632629	0	0	0	0
HDL	META	AFR	3	90	2967	5	3.28874635696411	0	0	0	0
HDL	META	AFR	3	105	4479	5	12.4786112308502	0	0	0	0
HDL	META	AFR	3	106	14562	5	117.830583095551	0	0	0	0
HDL	META	AFR	3	108	5535	5	14.5703625679016	0	0	0	0
HDL	META	AFR	3	109	11493	5	66.8637006282806	0	0	0	0
HDL	META	AFR	3	112	5583	5	12.416033744812	0	0	0	0
HDL	META	AFR	3	114	3940	5	7.26665782928467	0	0	0	0
HDL	META	AFR	3	119	8800	5	40.4630780220032	0	0	0	0
HDL	META	AFR	3	120	5430	5	13.9204881191254	0	1	0	0
HDL	META	AFR	3	121	6475	5	16.3269288539886	0	0	0	0
HDL	META	AFR	3	123	2278	5	2.89444160461426	0	0	0	0
HDL	META	AFR	3	124	1216	5	1.28584575653076	0	0	0	0
HDL	META	AFR	3	125	5805	5	19.2065606117249	0	0	0	0
HDL	META	AFR	3	127	7018	5	17.9796361923218	0	0	0	0
HDL	META	AFR	3	128	2880	5	4.55187368392944	0	0	0	0
HDL	META	AFR	3	129	3269	5	3.98137545585632	0	0	0	0
HDL	META	AFR	3	132	9097	5	38.0407776832581	0	0	0	0
HDL	META	AFR	3	134	2508	5	4.07308173179626	0	0	0	0
HDL	META	AFR	3	135	5633	5	10.731249332428	0	0	0	0
HDL	META	AFR	3	136	2878	5	4.13186597824097	0	0	0	0
HDL	META	AFR	3	140	6862	5	27.0510559082031	0	0	0	0
HDL	META	AFR	3	144	1762	5	1.70674324035645	0	0	0	0
HDL	META	AFR	3	145	6795	5	16.9282755851746	0	0	0	0
HDL	META	AFR	3	146	2402	5	2.4555330276489302	0	1	1	4
HDL	META	AFR	3	155	5504	5	15.553041934967	0	0	0	0
HDL	META	AFR	3	158	6804	5	20.6403911113739	0	0	0	0
HDL	META	AFR	3	159	5532	5	12.1264731884003	0	0	0	0
HDL	META	AFR	3	161	8000	5	25.7484469413757	0	0	0	0
HDL	META	AFR	3	162	9860	5	45.4487800598145	0	0	0	0
HDL	META	AFR	3	165	6290	5	20.4164915084839	0	0	0	0
HDL	META	AFR	3	170	3859	5	7.73205780982971	0	0	0	0
HDL	META	AFR	3	171	4731	5	9.96861338615417	0	0	0	0
HDL	META	AFR	3	174	1405	5	1.17722082138062	0	0	0	0
HDL	META	AFR	3	175	1768	5	1.50588369369507	0	0	0	0
HDL	META	AFR	3	179	3904	5	6.41294193267822	0	0	0	0
HDL	META	AFR	3	183	2959	5	4.74418139457703	0	1	0	0
HDL	META	AFR	3	184	3850	5	5.4878978729248	0	0	0	0
HDL	META	AFR	3	186	7475	5	22.7713489532471	0	0	0	0
HDL	META	AFR	3	191	4271	5	11.2940394878387	0	0	0	0
HDL	META	AFR	3	193	6811	5	16.4752123355865	0	0	0	0
HDL	META	AFR	3	195	11514	5	62.6248872280121	0	0	0	0
HDL	META	AFR	3	212	2172	5	2.06649422645569	0	0	0	0
HDL	META	AFR	3	214	7503	5	24.614147901535	0	0	0	0
HDL	META	AFR	3	216	3820	5	6.90800833702087	0	0	0	0
HDL	META	AFR	4	1	18282	5	287.364952087402	0	0	0	0
HDL	META	AFR	4	4	4430	5	10.9668018817902	0	0	0	0
HDL	META	AFR	4	10	1192	5	1.27211880683899	0	0	0	0
HDL	META	AFR	4	21	9995	5	52.4414925575256	0	0	0	0
HDL	META	AFR	4	32	7270	5	20.8188059329987	0	0	0	0
HDL	META	AFR	4	33	6741	5	17.0263741016388	0	0	0	0
HDL	META	AFR	4	37	3058	5	3.53920555114746	0	0	0	0
HDL	META	AFR	4	39	3619	5	6.69339561462402	0	0	0	0
HDL	META	AFR	4	42	901	5	0.769485473632812	0	0	0	0
HDL	META	AFR	4	54	13657	5	106.081557273865	0	0	0	0
HDL	META	AFR	4	55	5466	5	10.5744516849518	0	0	0	0
HDL	META	AFR	4	63	12737	5	90.7694022655487	0	0	0	0
HDL	META	AFR	4	64	9047	5	42.1495683193207	0	0	0	0
HDL	META	AFR	4	66	4859	5	8.96231389045715	0	0	0	0
HDL	META	AFR	4	67	1127	5	1.09477806091309	0	0	0	0
HDL	META	AFR	4	71	2389	5	2.63571262359619	0	0	0	0
HDL	META	AFR	4	79	4812	5	8.59125089645386	0	0	0	0
HDL	META	AFR	4	80	6835	5	23.6627943515778	0	0	0	0
HDL	META	AFR	4	87	9244	5	42.970721244812	0	0	0	0
HDL	META	AFR	4	94	3576	5	4.64217162132263	0	0	0	0
HDL	META	AFR	4	95	2345	5	2.3671452999115	0	0	0	0
HDL	META	AFR	4	101	7637	5	26.936053276062	0	0	0	0
HDL	META	AFR	4	102	4186	5	6.56325173377991	0	0	0	0
HDL	META	AFR	4	103	3159	5	5.76648139953613	0	0	1	21
HDL	META	AFR	4	109	3027	5	3.29656338691711	0	0	0	0
HDL	META	AFR	4	113	7130	5	25.4818842411041	0	1	1	10
HDL	META	AFR	4	114	6548	5	19.7513036727905	0	0	0	0
HDL	META	AFR	4	115	3029	5	4.74503183364868	0	0	0	0
HDL	META	AFR	4	116	5711	5	12.1961147785187	0	0	0	0
HDL	META	AFR	4	117	6458	5	15.9146702289581	0	0	0	0
HDL	META	AFR	4	121	5333	5	11.1812579631805	0	0	0	0
HDL	META	AFR	4	122	2063	5	1.82242369651794	0	0	0	0
HDL	META	AFR	4	123	1555	5	1.38754820823669	0	0	0	0
HDL	META	AFR	4	124	7835	5	22.2372417449951	0	0	0	0
HDL	META	AFR	4	129	7638	5	27.0707635879517	0	0	0	0
HDL	META	AFR	4	130	6820	5	16.4506402015686	0	0	0	0
HDL	META	AFR	4	134	10410	5	60.7367706298828	0	0	0	0
HDL	META	AFR	4	136	9263	5	41.5418615341187	0	0	1	21
HDL	META	AFR	4	146	4300	5	7.37835574150085	0	0	0	0
HDL	META	AFR	4	147	2550	5	4.30911731719971	0	0	0	0
HDL	META	AFR	4	149	5576	5	10.8442914485931	0	0	0	0
HDL	META	AFR	4	150	6780	5	17.543270111084	0	0	0	0
HDL	META	AFR	4	151	2986	5	3.44171261787415	0	0	0	0
HDL	META	AFR	4	152	2695	5	4.03724265098572	0	0	0	0
HDL	META	AFR	4	153	6404	5	18.0961809158325	0	0	0	0
HDL	META	AFR	4	154	2738	5	2.98817777633667	0	0	0	0
HDL	META	AFR	4	156	9179	5	46.5207276344299	0	0	0	0
HDL	META	AFR	4	159	2550	5	2.33779335021973	0	0	0	0
HDL	META	AFR	4	164	4566	5	8.49383425712585	0	0	0	0
HDL	META	AFR	4	165	4552	5	7.72998690605164	0	0	0	0
HDL	META	AFR	4	168	8487	5	32.9926526546478	0	0	0	0
HDL	META	AFR	4	180	7461	5	34.86097240448	0	0	0	0
HDL	META	AFR	4	182	1159	5	0.984328269958496	0	0	0	0
HDL	META	AFR	4	184	2994	5	5.66800498962402	0	0	0	0
HDL	META	AFR	4	205	1744	5	1.70469856262207	0	0	0	0
HDL	META	AFR	4	209	3296	5	6.21522665023804	0	0	0	0
HDL	META	AFR	5	1	6287	5	13.6331264972687	0	0	0	0
HDL	META	AFR	5	2	1789	5	1.52516102790833	0	0	0	0
HDL	META	AFR	5	9	3454	5	5.05083179473877	0	0	0	0
HDL	META	AFR	5	27	10688	5	51.6067097187042	0	0	0	0
HDL	META	AFR	5	56	8453	5	35.4694063663483	0	0	0	0
HDL	META	AFR	5	57	5627	5	11.7529411315918	0	0	0	0
HDL	META	AFR	5	58	2341	5	2.13840508460999	0	0	0	0
HDL	META	AFR	5	60	3263	5	3.65063381195068	0	0	0	0
HDL	META	AFR	5	64	7036	5	17.0744333267212	0	0	0	0
HDL	META	AFR	5	66	5516	5	12.7816903591156	0	0	0	0
HDL	META	AFR	5	68	1697	5	1.57812857627869	0	1	1	3
HDL	META	AFR	5	69	2439	5	3.2127730846405	0	0	0	0
HDL	META	AFR	5	70	2248	5	2.71991991996765	0	0	0	0
HDL	META	AFR	5	71	7955	5	25.2658200263977	0	0	0	0
HDL	META	AFR	5	72	9053	5	39.8802824020386	0	0	0	0
HDL	META	AFR	5	75	6318	5	18.321191072464	0	0	0	0
HDL	META	AFR	5	78	1914	5	2.12842655181885	0	0	0	0
HDL	META	AFR	5	80	5151	5	23.4386637210846	0	0	0	0
HDL	META	AFR	5	81	4512	5	11.9189240932465	0	0	0	0
HDL	META	AFR	5	82	3140	5	5.56392097473145	0	0	0	0
HDL	META	AFR	5	85	6633	5	15.4946556091309	0	0	0	0
HDL	META	AFR	5	88	2490	5	8.40354943275452	0	0	0	0
HDL	META	AFR	5	92	4140	5	8.33110666275024	0	0	0	0
HDL	META	AFR	5	93	2067	5	2.76004195213318	0	0	0	0
HDL	META	AFR	5	96	6306	5	15.9496417045593	0	0	0	0
HDL	META	AFR	5	97	3985	5	5.43380832672119	0	0	0	0
HDL	META	AFR	5	102	8156	5	38.9359858036041	0	0	0	0
HDL	META	AFR	5	104	5209	5	10.4444599151611	0	0	0	0
HDL	META	AFR	5	105	2532	5	5.08054327964783	0	0	0	0
HDL	META	AFR	5	108	2759	5	2.96050381660461	0	0	0	0
HDL	META	AFR	5	109	3382	5	5.83012223243713	0	0	0	0
HDL	META	AFR	5	114	18542	5	483.31840801239	0	0	0	0
HDL	META	AFR	5	116	7670	5	22.1678705215454	0	0	0	0
HDL	META	AFR	5	117	4956	5	13.1018424034119	0	0	0	0
HDL	META	AFR	5	119	6438	5	19.6967425346375	0	0	0	0
HDL	META	AFR	5	120	6969	5	20.1103103160858	0	0	0	0
HDL	META	AFR	5	127	11081	5	58.4588813781738	0	0	0	0
HDL	META	AFR	5	130	7825	5	32.2036166191101	0	0	0	0
HDL	META	AFR	5	132	3260	5	5.14606165885925	0	0	0	0
HDL	META	AFR	5	133	3577	5	7.44263696670532	0	0	0	0
HDL	META	AFR	5	134	4176	5	12.490850687027	0	0	0	0
HDL	META	AFR	5	136	7436	5	21.0419628620148	0	0	0	0
HDL	META	AFR	5	142	5343	5	14.3582665920258	0	0	0	0
HDL	META	AFR	5	144	5751	5	11.8790903091431	0	0	0	0
HDL	META	AFR	5	145	9120	5	54.7737812995911	0	0	0	0
HDL	META	AFR	5	146	7698	5	25.4454483985901	0	0	0	0
HDL	META	AFR	5	147	3140	5	5.06509637832642	0	0	0	0
HDL	META	AFR	5	151	1576	5	1.59570550918579	0	0	0	0
HDL	META	AFR	5	152	9651	5	49.1918823719025	0	0	0	0
HDL	META	AFR	5	154	4847	5	9.90737342834473	0	0	0	0
HDL	META	AFR	5	156	4721	5	8.99859142303467	0	0	0	0
HDL	META	AFR	5	158	4049	5	9.0549156665802	0	0	0	0
HDL	META	AFR	5	160	4079	5	7.918701171875	0	0	0	0
HDL	META	AFR	5	163	3959	5	5.46766710281372	0	0	0	0
HDL	META	AFR	5	167	5073	5	12.745668888092	0	0	0	0
HDL	META	AFR	5	168	5812	5	12.9660370349884	0	0	0	0
HDL	META	AFR	5	181	1702	5	1.6098735332489	0	0	0	0
HDL	META	AFR	5	189	2956	5	4.86164212226868	0	0	0	0
HDL	META	AFR	5	191	8049	5	39.3572347164154	0	0	0	0
HDL	META	AFR	5	193	1771	5	1.39070010185242	0	0	0	0
HDL	META	AFR	5	194	2227	5	2.52271175384521	0	0	0	0
HDL	META	AFR	5	202	3870	5	6.26630163192749	0	0	0	0
HDL	META	AFR	5	207	4981	5	15.1820278167725	0	0	0	0
HDL	META	AFR	5	208	3054	5	5.72597312927246	0	0	0	0
HDL	META	AFR	5	209	953	5	0.957958698272705	0	1	0	0
HDL	META	AFR	5	210	672	5	0.742063760757446	0	0	0	0
HDL	META	AFR	6	18	636	5	0.682847738265991	0	0	0	0
HDL	META	AFR	6	19	4710	5	10.6872413158417	0	0	0	0
HDL	META	AFR	6	21	3547	5	5.72563982009888	0	0	0	0
HDL	META	AFR	6	23	3496	5	4.07491230964661	0	0	0	0
HDL	META	AFR	6	29	5137	5	9.70851516723633	0	0	0	0
HDL	META	AFR	6	34	5475	5	10.1538908481598	0	0	0	0
HDL	META	AFR	6	36	1496	5	4.27755379676819	0	0	0	0
HDL	META	AFR	6	37	2717	5	8.26342606544495	0	0	0	0
HDL	META	AFR	6	38	1802	5	1.46676683425903	0	0	0	0
HDL	META	AFR	6	39	8647	5	39.149425983429	0	0	0	0
HDL	META	AFR	6	43	5476	5	12.4165759086609	0	0	0	0
HDL	META	AFR	6	49	1136	5	1.99105358123779	0	0	0	0
HDL	META	AFR	6	50	8705	5	68.6349034309387	0	0	0	0
HDL	META	AFR	6	51	11010	5	59.9771690368652	0	0	0	0
HDL	META	AFR	6	52	3621	5	5.91650247573853	0	0	0	0
HDL	META	AFR	6	53	3342	5	8.45368671417236	0	0	0	0
HDL	META	AFR	6	55	3069	5	3.77401661872864	0	0	0	0
HDL	META	AFR	6	57	3224	5	3.43136596679688	0	0	0	0
HDL	META	AFR	6	58	5402	5	12.1621012687683	0	0	0	0
HDL	META	AFR	6	60	3053	5	3.11569094657898	0	0	0	0
HDL	META	AFR	6	63	5262	5	12.9332029819489	0	0	0	0
HDL	META	AFR	6	64	592	5	1.82273530960083	0	0	1	4
HDL	META	AFR	6	68	1301	5	2.60702037811279	0	0	0	0
HDL	META	AFR	6	69	5086	5	10.4340689182281	0	0	0	0
HDL	META	AFR	6	71	20928	5	377.383422851562	0	0	0	0
HDL	META	AFR	6	73	821	5	1.05546545982361	0	0	0	0
HDL	META	AFR	6	76	10396	5	53.9782676696777	0	0	0	0
HDL	META	AFR	6	84	5138	5	10.3254573345184	0	0	0	0
HDL	META	AFR	6	85	12657	5	76.4562289714813	0	0	0	0
HDL	META	AFR	6	86	12186	5	85.6836493015289	0	0	0	0
HDL	META	AFR	6	88	16205	5	188.496778726578	0	0	0	0
HDL	META	AFR	6	90	1146	5	1.62662792205811	0	0	0	0
HDL	META	AFR	6	94	7949	5	35.3802208900452	0	0	0	0
HDL	META	AFR	6	97	5071	5	13.0659041404724	0	0	0	0
HDL	META	AFR	6	98	6491	5	18.5500862598419	0	0	0	0
HDL	META	AFR	6	101	5473	5	10.52454829216	0	0	0	0
HDL	META	AFR	6	105	5125	5	12.29381108284	0	0	0	0
HDL	META	AFR	6	106	4279	5	7.88740205764771	0	0	0	0
HDL	META	AFR	6	108	1681	5	2.69684052467346	0	0	0	0
HDL	META	AFR	6	109	4888	5	10.8443489074707	0	0	0	0
HDL	META	AFR	6	115	12317	5	74.7210981845856	0	0	0	0
HDL	META	AFR	6	116	7206	5	41.3014330863953	0	0	0	0
HDL	META	AFR	6	117	10440	5	60.2719550132751	0	0	0	0
HDL	META	AFR	6	118	4360	5	14.1819558143616	0	0	0	0
HDL	META	AFR	6	124	8247	5	31.9714188575745	0	0	0	0
HDL	META	AFR	6	127	4155	5	9.83072113990784	0	0	0	0
HDL	META	AFR	6	128	5900	5	14.3224737644196	0	0	0	0
HDL	META	AFR	6	134	4107	5	6.27042508125305	0	0	0	0
HDL	META	AFR	6	137	2340	5	4.34579634666443	0	0	0	0
HDL	META	AFR	6	140	3553	5	4.65165281295776	0	0	0	0
HDL	META	AFR	6	146	2766	5	3.69727873802185	0	0	0	0
HDL	META	AFR	6	160	5703	5	10.9017622470856	0	0	0	0
HDL	META	AFR	6	161	5040	5	11.5081248283386	0	0	0	0
HDL	META	AFR	6	164	2671	5	3.36161065101624	0	0	0	0
HDL	META	AFR	6	167	5441	5	13.6744477748871	0	0	0	0
HDL	META	AFR	6	168	6897	5	33.8764963150024	0	0	0	0
HDL	META	AFR	6	169	11664	5	78.0066273212433	0	1	1	2
HDL	META	AFR	6	173	5416	5	11.7233047485352	0	0	0	0
HDL	META	AFR	6	175	2851	5	9.46702456474304	0	1	1	7
HDL	META	AFR	6	179	3016	5	3.86589360237122	0	0	0	0
HDL	META	AFR	6	182	4803	5	10.3694462776184	0	0	0	0
HDL	META	AFR	6	183	3289	5	3.7815885543823198	0	0	0	0
HDL	META	AFR	7	1	1312	5	2.97008991241455	0	0	0	0
HDL	META	AFR	7	3	4567	5	10.5044896602631	0	1	1	6
HDL	META	AFR	7	12	8716	5	47.246616601944	0	0	0	0
HDL	META	AFR	7	13	3515	5	6.0267653465271	0	0	0	0
HDL	META	AFR	7	21	1046	5	1.12902927398682	0	0	0	0
HDL	META	AFR	7	25	7013	5	23.4493911266327	0	0	0	0
HDL	META	AFR	7	26	6724	5	20.1749646663666	0	0	0	0
HDL	META	AFR	7	31	5014	5	9.96145486831665	0	0	0	0
HDL	META	AFR	7	32	5580	5	14.7114436626434	0	0	0	0
HDL	META	AFR	7	33	7298	5	24.7765159606934	0	0	0	0
HDL	META	AFR	7	37	5835	5	22.131489276886	0	0	0	0
HDL	META	AFR	7	39	3574	5	4.75495266914368	0	0	0	0
HDL	META	AFR	7	40	8542	5	38.3805162906647	0	0	0	0
HDL	META	AFR	7	42	5450	5	11.0639061927795	0	0	0	0
HDL	META	AFR	7	43	7910	5	41.3283772468567	0	0	0	0
HDL	META	AFR	7	44	1141	5	1.1750349998474099	0	0	0	0
HDL	META	AFR	7	45	2251	5	3.35864496231079	0	0	0	0
HDL	META	AFR	7	46	931	5	2.26933073997498	0	0	0	0
HDL	META	AFR	7	48	1167	5	0.944728374481201	0	0	0	0
HDL	META	AFR	7	49	3925	5	5.50470352172852	0	0	0	0
HDL	META	AFR	7	51	3845	5	10.7198469638824	0	0	0	0
HDL	META	AFR	7	53	2637	5	2.52189898490906	0	0	0	0
HDL	META	AFR	7	58	5485	5	36.4520900249481	0	0	0	0
HDL	META	AFR	7	62	2799	5	3.12298011779785	0	0	0	0
HDL	META	AFR	7	64	460	5	0.689266681671143	0	0	0	0
HDL	META	AFR	7	67	14239	5	106.820015192032	0	0	0	0
HDL	META	AFR	7	69	3381	5	4.90625667572021	0	0	0	0
HDL	META	AFR	7	72	8958	5	38.7255985736847	0	0	0	0
HDL	META	AFR	7	73	2032	5	3.04928779602051	0	0	0	0
HDL	META	AFR	7	74	2499	5	3.00680112838745	0	0	0	0
HDL	META	AFR	7	82	5543	5	16.9787354469299	0	0	0	0
HDL	META	AFR	7	85	7216	5	25.3680775165558	0	0	0	0
HDL	META	AFR	7	86	2025	5	1.89175033569336	0	0	0	0
HDL	META	AFR	7	87	688	5	0.733170747756958	0	0	0	0
HDL	META	AFR	7	88	8797	5	45.65713763237	0	0	0	0
HDL	META	AFR	7	89	4382	5	9.61974406242371	0	0	0	0
HDL	META	AFR	7	90	1198	5	1.01962757110596	1	1	1	1
HDL	META	AFR	7	92	5769	5	130.887904644012	0	0	3	26
HDL	META	AFR	7	93	2476	5	27.9272334575653	0	3	3	6
HDL	META	AFR	7	94	3234	5	5.65401411056519	1	1	1	1
HDL	META	AFR	7	95	3316	5	6.9968523979187	0	0	1	4
HDL	META	AFR	7	99	8648	5	38.8956756591797	0	0	0	0
HDL	META	AFR	7	101	7529	5	33.3482995033264	0	0	0	0
HDL	META	AFR	7	107	10323	5	58.1500532627106	0	0	0	0
HDL	META	AFR	7	111	8182	5	38.4519126415253	0	0	0	0
HDL	META	AFR	7	113	6970	5	37.9988884925842	0	0	0	0
HDL	META	AFR	7	114	9545	5	73.1702718734741	0	0	0	0
HDL	META	AFR	7	119	3680	5	8.68741083145142	0	0	0	0
HDL	META	AFR	7	121	10701	5	66.1420204639435	0	0	0	0
HDL	META	AFR	7	127	1726	5	3.50632762908936	0	0	0	0
HDL	META	AFR	7	128	1914	5	1.81102848052979	0	0	0	0
HDL	META	AFR	7	131	11402	5	62.7809631824493	0	0	0	0
HDL	META	AFR	7	132	12408	5	83.4760413169861	0	0	0	0
HDL	META	AFR	7	133	11093	5	61.6169307231903	0	0	0	0
HDL	META	AFR	7	134	3194	5	3.77152705192566	0	0	0	0
HDL	META	AFR	7	139	1607	5	1.36942648887634	0	0	0	0
HDL	META	AFR	7	141	8220	5	32.5335993766785	0	1	1	4
HDL	META	AFR	7	143	1772	5	1.501629114151	0	0	0	0
HDL	META	AFR	7	145	4059	5	6.36587882041931	0	0	0	0
HDL	META	AFR	7	146	2017	5	3.4445948600769	0	0	0	0
HDL	META	AFR	7	147	2669	5	4.68522596359253	0	0	0	0
HDL	META	AFR	7	160	3872	5	5.176433801651	0	0	0	0
HDL	META	AFR	7	161	1300	5	1.22612476348877	0	0	0	0
HDL	META	AFR	7	162	10933	5	62.2076051235199	0	0	0	0
HDL	META	AFR	7	164	1332	5	2.18648672103882	0	0	0	0
HDL	META	AFR	7	184	4848	5	8.71818947792053	0	0	0	0
HDL	META	AFR	7	187	8705	5	41.692818403244	0	0	0	0
HDL	META	AFR	8	13	1819	5	1.84758591651917	0	0	0	0
HDL	META	AFR	8	17	5543	5	17.8838338851929	0	0	0	0
HDL	META	AFR	8	20	4572	5	8.69075846672058	0	0	0	0
HDL	META	AFR	8	21	4672	5	12.5214838981628	0	0	0	0
HDL	META	AFR	8	22	8102	5	47.830974817276	0	0	0	0
HDL	META	AFR	8	23	4644	5	10.2862930297852	0	1	0	0
HDL	META	AFR	8	24	10983	5	62.7936596870422	0	0	0	0
HDL	META	AFR	8	27	3524	5	5.45313382148743	0	0	0	0
HDL	META	AFR	8	29	9775	5	46.0757188796997	0	1	0	0
HDL	META	AFR	8	30	2122	5	3.92406249046326	0	0	0	0
HDL	META	AFR	8	31	1229	5	1.58658313751221	0	1	0	0
HDL	META	AFR	8	32	6677	5	189.287014484406	3	3	3	3
HDL	META	AFR	8	33	5478	5	37.83984375	1	1	1	1
HDL	META	AFR	8	34	2706	5	6.0872323513031	0	0	0	0
HDL	META	AFR	8	35	2105	5	2.99940252304077	0	1	0	0
HDL	META	AFR	8	36	1834	5	4.09730052947998	0	0	0	0
HDL	META	AFR	8	37	2489	5	3.49509334564209	0	0	0	0
HDL	META	AFR	8	39	4011	5	7.78137612342834	0	0	0	0
HDL	META	AFR	8	40	5770	5	20.0030753612518	0	0	0	0
HDL	META	AFR	8	42	6663	5	19.7148189544678	0	0	0	0
HDL	META	AFR	8	46	2192	5	2.05917191505432	0	0	0	0
HDL	META	AFR	8	48	5561	5	17.0481309890747	0	0	0	0
HDL	META	AFR	8	51	8805	5	31.8292207717896	0	0	0	0
HDL	META	AFR	8	53	4528	5	12.7100813388824	0	0	0	0
HDL	META	AFR	8	55	3912	5	10.2936182022095	0	0	0	0
HDL	META	AFR	8	69	9126	5	60.1102063655853	0	0	0	0
HDL	META	AFR	8	70	10160	5	53.157176733017	0	0	0	0
HDL	META	AFR	8	71	5871	5	16.4015228748322	0	0	0	0
HDL	META	AFR	8	77	5211	5	18.4246504306793	0	0	0	0
HDL	META	AFR	8	78	1112	5	2.82754063606262	0	0	0	0
HDL	META	AFR	8	80	2344	5	3.34676456451416	0	0	0	0
HDL	META	AFR	8	81	5774	5	16.5923583507538	0	0	0	0
HDL	META	AFR	8	84	12707	5	97.3037443161011	0	0	0	0
HDL	META	AFR	8	88	6173	5	14.5573060512543	0	0	0	0
HDL	META	AFR	8	93	8337	5	41.8837141990662	0	0	0	0
HDL	META	AFR	8	94	4886	5	10.4368979930878	0	0	0	0
HDL	META	AFR	8	107	1855	5	1.69354844093323	0	0	0	0
HDL	META	AFR	8	108	9624	5	53.711478471756	0	1	0	0
HDL	META	AFR	8	109	8932	5	38.3579261302948	0	0	0	0
HDL	META	AFR	8	110	9349	5	33.2970895767212	0	0	0	0
HDL	META	AFR	8	112	6003	5	17.6666910648346	0	0	0	0
HDL	META	AFR	8	113	3798	5	18.1211314201355	0	0	0	0
HDL	META	AFR	8	115	3247	5	7.85700917243958	0	0	0	0
HDL	META	AFR	8	118	2675	5	6.35800266265869	0	0	0	0
HDL	META	AFR	8	119	4168	5	9.08822584152222	0	0	0	0
HDL	META	AFR	8	124	3344	5	4.20182490348816	0	0	0	0
HDL	META	AFR	8	125	1444	5	2.61494398117065	0	0	0	0
HDL	META	AFR	8	127	3852	5	5.59586906433105	0	1	0	0
HDL	META	AFR	8	130	3010	5	3.33403944969177	0	0	1	13
HDL	META	AFR	8	159	4377	5	18.4392454624176	0	1	1	3
HDL	META	AFR	8	160	4712	5	9.07799029350281	0	0	0	0
HDL	META	AFR	9	1	8650	5	64.3177380561829	0	0	0	0
HDL	META	AFR	9	4	4588	5	10.3499472141266	0	0	0	0
HDL	META	AFR	9	9	3479	5	5.60519099235535	0	0	0	0
HDL	META	AFR	9	12	4587	5	8.86799120903015	0	0	0	0
HDL	META	AFR	9	27	12108	5	72.7076365947723	0	0	0	0
HDL	META	AFR	9	31	7009	5	22.3243823051453	0	0	0	0
HDL	META	AFR	9	33	4932	5	16.55282330513	0	0	0	0
HDL	META	AFR	9	36	4546	5	13.686427116394	0	0	0	0
HDL	META	AFR	9	40	8664	5	36.9350700378418	0	0	0	0
HDL	META	AFR	9	48	1182	5	1.50659608840942	0	0	0	0
HDL	META	AFR	9	49	13325	5	88.7991869449615	0	0	0	0
HDL	META	AFR	9	50	6960	5	20.3058784008026	0	0	0	0
HDL	META	AFR	9	51	2755	5	2.79153943061829	0	1	0	0
HDL	META	AFR	9	53	8818	5	42.9399189949036	0	0	0	0
HDL	META	AFR	9	56	6308	5	22.7790544033051	0	0	0	0
HDL	META	AFR	9	63	7636	5	43.9849514961243	0	0	0	0
HDL	META	AFR	9	78	2236	5	2.65411972999573	0	0	0	0
HDL	META	AFR	9	84	4292	5	7.35685348510742	0	0	0	0
HDL	META	AFR	9	85	4732	5	12.2324905395508	0	0	0	0
HDL	META	AFR	9	88	4348	5	9.12758827209473	0	0	0	0
HDL	META	AFR	9	91	4163	5	10.3504993915558	0	0	0	0
HDL	META	AFR	9	92	1266	5	0.991158246994019	0	1	0	0
HDL	META	AFR	9	93	5655	5	12.4194235801697	0	0	0	0
HDL	META	AFR	9	97	2112	5	1.68733954429626	0	0	0	0
HDL	META	AFR	9	98	6895	5	18.7338519096375	0	0	0	0
HDL	META	AFR	9	100	6523	5	22.6022965908051	0	0	0	0
HDL	META	AFR	9	102	7362	5	28.0153903961182	0	0	0	0
HDL	META	AFR	9	103	1673	5	2.37621235847473	0	1	0	0
HDL	META	AFR	9	104	1870	5	3.48395681381226	0	1	0	0
HDL	META	AFR	9	105	1357	5	1.29714179039001	0	0	0	0
HDL	META	AFR	9	106	6279	5	14.3939168453217	0	0	0	0
HDL	META	AFR	9	107	1677	5	4.42071914672852	0	0	0	0
HDL	META	AFR	9	109	7734	5	29.9864544868469	0	0	0	0
HDL	META	AFR	9	110	8591	5	312.445772647858	4	4	4	4
HDL	META	AFR	9	111	327	5	1.4372086524963401	2	3	3	6
HDL	META	AFR	9	112	7458	5	23.891077041626	0	1	1	3
HDL	META	AFR	9	113	4351	5	8.80859160423279	0	0	0	0
HDL	META	AFR	9	114	2520	5	2.59500622749329	0	0	0	0
HDL	META	AFR	9	115	7754	5	20.1388244628906	0	0	0	0
HDL	META	AFR	9	116	3742	5	4.54028677940369	0	0	0	0
HDL	META	AFR	9	118	9493	5	52.995509147644	0	0	0	0
HDL	META	AFR	9	124	3522	5	5.06009387969971	0	0	0	0
HDL	META	AFR	9	129	5248	5	12.3429989814758	0	0	0	0
HDL	META	AFR	9	130	5163	5	10.9089226722717	0	0	0	0
HDL	META	AFR	9	134	9832	5	53.7257351875305	0	0	0	0
HDL	META	AFR	9	136	4185	5	6.348956823349	0	0	0	0
HDL	META	AFR	9	138	6706	5	17.5653028488159	0	0	0	0
HDL	META	AFR	9	140	10172	5	63.5146160125732	0	0	0	0
HDL	META	AFR	9	141	1333	5	0.918365240097046	0	0	0	0
HDL	META	AFR	9	144	3537	5	9.44442939758301	0	0	0	0
HDL	META	AFR	9	148	2632	5	3.8204622268676802	0	0	0	0
HDL	META	AFR	9	149	3603	5	6.63274669647217	0	0	0	0
HDL	META	AFR	9	152	1000	5	0.839016914367676	0	0	0	0
HDL	META	AFR	9	153	285	5	0.648228883743286	0	0	0	0
HDL	META	AFR	9	154	1633	5	3.0909583568573	0	0	0	0
HDL	META	AFR	9	156	2984	5	3.91470885276794	0	0	0	0
HDL	META	AFR	9	162	2502	5	5.84908199310303	0	0	0	0
HDL	META	AFR	10	1	6714	5	17.234142780304	0	0	0	0
HDL	META	AFR	10	9	363	5	1.95149111747742	0	0	0	0
HDL	META	AFR	10	11	1839	5	2.979172706604	0	0	0	0
HDL	META	AFR	10	13	4488	5	12.9950199127197	0	0	0	0
HDL	META	AFR	10	14	5599	5	12.881071805954	0	0	0	0
HDL	META	AFR	10	20	191	5	0.853275299072266	0	0	0	0
HDL	META	AFR	10	22	4838	5	8.75567579269409	0	0	0	0
HDL	META	AFR	10	23	1182	5	2.46558451652527	0	0	0	0
HDL	META	AFR	10	33	3885	5	5.95829319953918	0	0	0	0
HDL	META	AFR	10	40	3530	5	5.34558176994324	0	0	0	0
HDL	META	AFR	10	43	4007	5	5.08105492591858	0	0	0	0
HDL	META	AFR	10	46	6812	5	19.5015864372253	0	0	0	0
HDL	META	AFR	10	48	9260	5	69.0374855995178	0	0	0	0
HDL	META	AFR	10	49	5392	5	11.7845697402954	0	0	0	0
HDL	META	AFR	10	52	6596	5	19.4588265419006	0	0	0	0
HDL	META	AFR	10	54	11491	5	60.719172000885	0	0	0	0
HDL	META	AFR	10	60	8034	5	36.0987479686737	0	0	0	0
HDL	META	AFR	10	61	2659	5	6.67147994041443	0	0	0	0
HDL	META	AFR	10	64	1131	5	0.982893466949463	0	0	0	0
HDL	META	AFR	10	67	4317	5	9.65436935424805	0	0	0	0
HDL	META	AFR	10	68	3997	5	10.43021941185	0	0	0	0
HDL	META	AFR	10	70	6263	5	19.6443309783936	0	0	0	0
HDL	META	AFR	10	79	6577	5	15.7765197753906	0	0	0	0
HDL	META	AFR	10	80	6078	5	16.3443422317505	0	0	0	0
HDL	META	AFR	10	81	7167	5	40.3122227191925	0	0	0	0
HDL	META	AFR	10	83	6177	5	18.4644641876221	0	0	0	0
HDL	META	AFR	10	85	1928	5	1.53806471824646	0	0	0	0
HDL	META	AFR	10	87	3220	5	4.96239376068115	0	0	0	0
HDL	META	AFR	10	92	10949	5	77.151665687561	0	0	0	0
HDL	META	AFR	10	93	1956	5	1.8779878616333	0	1	0	0
HDL	META	AFR	10	100	1753	5	1.60252404212952	0	0	0	0
HDL	META	AFR	10	101	5493	5	15.1054222583771	0	0	0	0
HDL	META	AFR	10	109	6756	5	20.7505421638489	0	0	0	0
HDL	META	AFR	10	113	4312	5	6.95730018615723	0	0	0	0
HDL	META	AFR	10	117	8047	5	22.5527248382568	0	0	0	0
HDL	META	AFR	10	124	1551	5	1.63845276832581	0	0	0	0
HDL	META	AFR	10	126	7304	5	34.2388517856598	0	0	0	0
HDL	META	AFR	10	127	2364	5	2.45524954795837	0	0	0	0
HDL	META	AFR	10	128	609	5	1.86863994598389	0	0	0	0
HDL	META	AFR	10	129	8223	5	61.8684525489807	0	0	0	0
HDL	META	AFR	10	130	2853	5	3.0747230052948	0	0	0	0
HDL	META	AFR	10	137	7031	5	46.4557192325592	0	0	0	0
HDL	META	AFR	10	138	1235	5	1.8467173576355	0	0	0	0
HDL	META	AFR	10	140	1533	5	2.90244674682617	0	0	0	0
HDL	META	AFR	10	141	3398	5	9.40344524383545	0	0	0	0
HDL	META	AFR	10	142	2382	5	2.79966259002686	0	0	0	0
HDL	META	AFR	10	143	7105	5	23.1675183773041	0	0	0	0
HDL	META	AFR	10	144	2814	5	3.61684274673462	0	0	0	0
HDL	META	AFR	10	145	2618	5	3.05294847488403	0	0	0	0
HDL	META	AFR	10	150	6080	5	17.4103915691376	0	0	0	0
HDL	META	AFR	10	152	3907	5	8.86109590530396	0	0	0	0
HDL	META	AFR	10	153	4507	5	6.542400598526	0	0	0	0
HDL	META	AFR	10	154	8926	5	82.3037202358246	0	0	0	0
HDL	META	AFR	10	157	3338	5	3.89800596237183	0	0	0	0
HDL	META	AFR	10	162	2947	5	3.69956564903259	0	0	0	0
HDL	META	AFR	10	167	770	5	1.45469617843628	0	0	0	0
HDL	META	AFR	11	2	4284	5	7.35270380973816	0	0	0	0
HDL	META	AFR	11	4	3366	5	9.00887584686279	0	0	0	0
HDL	META	AFR	11	6	722	5	0.670968055725098	0	0	0	0
HDL	META	AFR	11	7	2487	5	4.2323637008667	0	0	0	0
HDL	META	AFR	11	11	6112	5	28.0420253276825	0	0	0	0
HDL	META	AFR	11	18	10463	5	63.3843860626221	0	0	0	0
HDL	META	AFR	11	19	2469	5	4.91697287559509	0	0	0	0
HDL	META	AFR	11	26	1978	5	1.768967628479	0	0	0	0
HDL	META	AFR	11	27	4776	5	15.62251496315	0	0	0	0
HDL	META	AFR	11	28	3484	5	6.28909611701965	0	0	0	0
HDL	META	AFR	11	29	2579	5	4.5464448928833	0	0	0	0
HDL	META	AFR	11	30	3435	5	6.2892529964447	0	0	0	0
HDL	META	AFR	11	33	4213	5	7.84957575798035	0	0	0	0
HDL	META	AFR	11	51	4895	5	10.5612225532532	0	0	0	0
HDL	META	AFR	11	52	2683	5	2.83575510978699	0	0	0	0
HDL	META	AFR	11	53	6035	5	25.8286545276642	0	0	0	0
HDL	META	AFR	11	54	4402	5	12.6055788993835	0	0	0	0
HDL	META	AFR	11	57	4369	5	8.48260164260864	0	0	0	0
HDL	META	AFR	11	65	4117	5	11.6800343990326	0	0	0	0
HDL	META	AFR	11	70	7887	5	23.7611873149872	0	0	0	0
HDL	META	AFR	11	75	3588	5	3.9275951385498	0	0	0	0
HDL	META	AFR	11	76	4287	5	14.9198594093323	0	0	0	0
HDL	META	AFR	11	77	4344	5	7.46416306495667	0	0	0	0
HDL	META	AFR	11	78	4495	5	15.066929101944	0	0	0	0
HDL	META	AFR	11	79	9734	5	72.4881229400635	0	0	0	0
HDL	META	AFR	11	80	6644	5	36.8008160591125	0	0	0	0
HDL	META	AFR	11	81	4025	5	5.48527455329895	0	0	0	0
HDL	META	AFR	11	86	5903	5	22.0974917411804	0	0	0	0
HDL	META	AFR	11	88	6339	5	15.8953237533569	0	1	0	0
HDL	META	AFR	11	89	839	5	1.54894256591797	0	0	0	0
HDL	META	AFR	11	90	10117	5	83.409744977951	0	0	0	0
HDL	META	AFR	11	100	5308	5	20.6272611618042	0	0	0	0
HDL	META	AFR	11	107	1876	5	3.40380668640137	0	0	0	0
HDL	META	AFR	11	108	1725	5	1.75604462623596	0	0	0	0
HDL	META	AFR	11	109	1558	5	1.98567771911621	0	0	0	0
HDL	META	AFR	11	115	5991	5	14.64275598526	0	0	0	0
HDL	META	AFR	11	117	10798	5	70.58638215065	0	0	0	0
HDL	META	AFR	11	121	4675	5	12.3797748088837	0	0	0	0
HDL	META	AFR	11	123	3022	5	6.19087815284729	0	0	0	0
HDL	META	AFR	11	126	9645	5	47.507328748703	0	0	0	0
HDL	META	AFR	11	128	613	5	1.02212119102478	0	0	0	0
HDL	META	AFR	11	129	4615	10	154.906530380249	2	2	4	11
HDL	META	AFR	11	130	2346	5	2.07658839225769	0	0	0	0
HDL	META	AFR	11	131	470	5	1.7144718170166	0	0	0	0
HDL	META	AFR	11	132	1417	5	1.2503342628479	0	0	0	0
HDL	META	AFR	11	133	4786	5	17.0541326999664	0	0	0	0
HDL	META	AFR	11	134	6175	5	16.9755368232727	0	0	0	0
HDL	META	AFR	11	138	2932	5	5.69780445098877	0	0	0	0
HDL	META	AFR	11	140	2573	5	2.558509349823	0	0	0	0
HDL	META	AFR	11	141	733	5	0.936766147613525	0	0	0	0
HDL	META	AFR	11	142	5542	5	16.6088128089905	0	1	1	4
HDL	META	AFR	11	147	8820	5	54.4062044620514	0	0	0	0
HDL	META	AFR	11	148	2645	5	3.58095288276672	0	0	0	0
HDL	META	AFR	11	149	6884	5	22.4823596477509	0	0	0	0
HDL	META	AFR	12	4	3243	5	14.1694090366364	0	0	0	0
HDL	META	AFR	12	8	1731	5	1.95175099372864	0	0	0	0
HDL	META	AFR	12	9	810	5	0.67827844619751	0	0	0	0
HDL	META	AFR	12	12	1666	5	2.16174101829529	0	0	0	0
HDL	META	AFR	12	17	2164	5	4.36407685279846	0	0	0	0
HDL	META	AFR	12	18	4462	5	7.81600642204285	0	0	0	0
HDL	META	AFR	12	23	6263	5	15.3906936645508	0	0	0	0
HDL	META	AFR	12	24	1591	5	1.44712948799133	0	0	0	0
HDL	META	AFR	12	25	5760	5	16.3742308616638	0	0	0	0
HDL	META	AFR	12	31	1320	5	2.76860880851746	0	0	0	0
HDL	META	AFR	12	32	4753	5	8.78320860862732	0	0	0	0
HDL	META	AFR	12	34	3458	5	4.50795841217041	0	0	0	0
HDL	META	AFR	12	35	1881	5	3.04595017433167	1	1	1	1
HDL	META	AFR	12	36	1845	5	2.61668133735657	0	0	0	0
HDL	META	AFR	12	38	6268	5	24.6257040500641	0	0	0	0
HDL	META	AFR	12	40	2341	5	19.5143830776215	0	0	0	0
HDL	META	AFR	12	41	1541	5	3.72147369384766	0	0	0	0
HDL	META	AFR	12	42	9715	5	45.8616735935211	0	0	0	0
HDL	META	AFR	12	45	3745	5	6.65593218803406	0	0	0	0
HDL	META	AFR	12	48	5380	5	9.41095924377441	0	0	0	0
HDL	META	AFR	12	49	5899	5	12.7708122730255	0	0	0	0
HDL	META	AFR	12	53	7638	5	35.7631270885468	0	0	0	0
HDL	META	AFR	12	59	6918	5	17.8293764591217	0	0	0	0
HDL	META	AFR	12	60	3238	5	8.27312922477722	0	0	0	0
HDL	META	AFR	12	61	3818	5	6.59129333496094	0	0	0	0
HDL	META	AFR	12	62	4165	5	7.90390396118164	0	0	0	0
HDL	META	AFR	12	63	5078	5	18.4107031822205	0	0	0	0
HDL	META	AFR	12	66	5678	5	13.0464515686035	0	0	0	0
HDL	META	AFR	12	67	3044	5	4.01878094673157	0	0	0	0
HDL	META	AFR	12	68	1958	5	2.18371725082397	0	0	0	0
HDL	META	AFR	12	69	5670	5	13.3231565952301	0	0	0	0
HDL	META	AFR	12	70	2637	5	2.88378810882568	0	0	0	0
HDL	META	AFR	12	71	6697	5	16.2410163879395	0	0	0	0
HDL	META	AFR	12	72	17933	5	168.960877895355	0	0	0	0
HDL	META	AFR	12	73	5642	5	21.8008096218109	0	0	0	0
HDL	META	AFR	12	77	2956	5	3.11607503890991	0	0	0	0
HDL	META	AFR	12	80	6892	5	20.273934841156	0	0	0	0
HDL	META	AFR	12	81	1301	5	1.20907926559448	0	0	0	0
HDL	META	AFR	12	82	5834	5	25.954822063446	0	0	0	0
HDL	META	AFR	12	94	7086	5	21.8086538314819	0	0	0	0
HDL	META	AFR	12	96	3462	5	9.42604517936707	0	0	0	0
HDL	META	AFR	12	97	8456	5	56.0598435401917	0	0	0	0
HDL	META	AFR	12	100	3146	5	4.6141049861908	0	0	0	0
HDL	META	AFR	12	103	728	5	0.749067306518555	0	0	0	0
HDL	META	AFR	12	108	4936	5	15.8954911231995	0	0	0	0
HDL	META	AFR	12	110	6855	5	19.8960273265839	0	0	0	0
HDL	META	AFR	12	112	630	5	0.686845064163208	0	0	0	0
HDL	META	AFR	12	119	9630	5	64.7153105735779	0	0	0	0
HDL	META	AFR	12	120	2477	5	4.30370330810547	0	0	0	0
HDL	META	AFR	12	121	3645	5	35.5045566558838	0	0	1	13
HDL	META	AFR	12	122	8986	5	67.6546583175659	0	0	0	0
HDL	META	AFR	12	123	2776	5	2.90771675109863	0	1	0	0
HDL	META	AFR	12	125	5280	5	12.7000524997711	0	0	0	0
HDL	META	AFR	12	129	3705	5	4.73643016815186	0	0	0	0
HDL	META	AFR	12	132	4781	5	16.7388198375702	0	0	0	0
HDL	META	AFR	12	138	9047	5	63.5087146759033	0	0	0	0
HDL	META	AFR	12	139	12445	5	137.93604683876	0	0	0	0
HDL	META	AFR	12	140	2145	5	9.69869923591614	1	1	1	1
HDL	META	AFR	12	141	3074	5	19.7307579517365	2	3	3	4
HDL	META	AFR	12	154	1171	5	1.56236267089844	0	1	0	0
HDL	META	AFR	12	156	1334	5	1.56216049194336	1	1	1	1
HDL	META	AFR	12	163	3179	5	4.01175713539124	0	0	0	0
HDL	META	AFR	13	1	7228	5	16.1884899139404	0	0	0	0
HDL	META	AFR	13	8	4445	5	13.2299203872681	0	0	0	0
HDL	META	AFR	13	16	4590	5	8.61101531982422	0	0	0	0
HDL	META	AFR	13	18	1545	5	2.33942651748657	0	0	0	0
HDL	META	AFR	13	20	4381	5	10.9379918575287	0	0	0	0
HDL	META	AFR	13	21	6060	5	54.6118316650391	0	0	0	0
HDL	META	AFR	13	23	1879	5	1.7698769569397	0	0	0	0
HDL	META	AFR	13	25	2716	5	2.95973420143127	0	0	0	0
HDL	META	AFR	13	38	913	5	3.00490951538086	0	0	0	0
HDL	META	AFR	13	40	3912	5	9.45688581466675	0	0	0	0
HDL	META	AFR	13	45	4824	5	13.679080247879	0	0	0	0
HDL	META	AFR	13	47	2892	5	6.12863755226135	0	0	0	0
HDL	META	AFR	13	50	8820	5	48.6974346637726	0	0	0	0
HDL	META	AFR	13	52	6764	5	33.7062840461731	0	0	0	0
HDL	META	AFR	13	54	15601	5	177.897473335266	0	0	0	0
HDL	META	AFR	13	55	6246	5	15.7482686042786	0	0	0	0
HDL	META	AFR	13	57	12719	5	59.959144115448	0	0	0	0
HDL	META	AFR	13	58	9266	5	112.033465147018	0	0	0	0
HDL	META	AFR	13	60	4951	5	30.3761069774628	0	0	0	0
HDL	META	AFR	13	61	3187	5	3.80724549293518	0	0	0	0
HDL	META	AFR	13	70	5811	5	17.5122129917145	0	0	0	0
HDL	META	AFR	13	72	4129	5	12.9051024913788	0	0	0	0
HDL	META	AFR	13	73	5222	5	17.0838177204132	0	0	0	0
HDL	META	AFR	13	80	1821	5	6.8252329826355	0	0	0	0
HDL	META	AFR	13	82	4810	5	8.92732286453247	0	0	0	0
HDL	META	AFR	13	88	2032	5	1.59708189964294	0	0	0	0
HDL	META	AFR	13	94	4966	5	15.1365461349487	0	0	0	0
HDL	META	AFR	13	96	2049	5	2.87387681007385	0	0	0	0
HDL	META	AFR	13	111	1534	5	2.77600884437561	0	0	0	0
HDL	META	AFR	13	119	5726	5	14.0333871841431	0	0	0	0
HDL	META	AFR	13	124	703	5	0.843879699707031	0	0	0	0
HDL	META	AFR	13	125	5107	5	22.8788087368011	0	0	0	0
HDL	META	AFR	14	1	3681	5	4.12306118011475	0	0	0	0
HDL	META	AFR	14	6	1628	5	4.52510142326355	0	0	0	0
HDL	META	AFR	14	14	7560	5	34.1482906341553	0	0	0	0
HDL	META	AFR	14	19	5568	5	20.455200910568198	0	0	0	0
HDL	META	AFR	14	24	2117	5	6.89016509056091	0	0	0	0
HDL	META	AFR	14	31	7125	5	37.934389591217	0	0	0	0
HDL	META	AFR	14	35	7298	5	30.0602166652679	0	0	0	0
HDL	META	AFR	14	46	3392	5	4.68713998794556	0	0	0	0
HDL	META	AFR	14	47	6495	5	26.860853433609	0	0	0	0
HDL	META	AFR	14	49	2966	5	6.01522874832153	0	0	0	0
HDL	META	AFR	14	64	2640	5	5.25221490859985	0	0	0	0
HDL	META	AFR	14	67	5507	5	12.2092251777649	0	0	0	0
HDL	META	AFR	14	68	4070	5	6.40052771568298	0	0	0	0
HDL	META	AFR	14	70	6357	5	14.9436159133911	0	0	0	0
HDL	META	AFR	14	72	8447	5	53.9593436717987	0	0	0	0
HDL	META	AFR	14	73	3963	5	5.77565002441406	0	0	0	0
HDL	META	AFR	14	80	1208	5	0.871036529541016	0	0	0	0
HDL	META	AFR	14	81	6973	5	28.99103307724	0	0	0	0
HDL	META	AFR	14	84	2265	5	5.54002261161804	0	0	0	0
HDL	META	AFR	14	86	3753	5	7.8995201587677	0	0	0	0
HDL	META	AFR	14	93	5597	5	27.2458512783051	0	0	0	0
HDL	META	AFR	14	95	1797	5	4.35341167449951	0	0	0	0
HDL	META	AFR	14	97	3670	5	5.67697882652283	0	0	0	0
HDL	META	AFR	14	100	5004	5	11.8715651035309	0	0	0	0
HDL	META	AFR	14	103	5635	5	26.4958832263947	0	0	0	0
HDL	META	AFR	14	117	3859	5	7.89109945297241	0	0	0	0
HDL	META	AFR	14	121	6099	5	27.2355513572693	0	0	0	0
HDL	META	AFR	14	122	1291	5	0.94794750213623	0	0	0	0
HDL	META	AFR	14	126	7254	5	37.1894600391388	0	0	0	0
HDL	META	AFR	14	128	2500	5	2.35972285270691	0	0	0	0
HDL	META	AFR	14	129	3497	5	425.751184225082	1	1	1	1
HDL	META	AFR	15	4	1267	5	1.84345889091492	0	0	0	0
HDL	META	AFR	15	10	1969	5	3.49762201309204	0	0	0	0
HDL	META	AFR	15	22	6984	5	63.2039842605591	0	0	0	0
HDL	META	AFR	15	27	2723	5	5.63863945007324	0	0	0	0
HDL	META	AFR	15	28	3900	5	5.99123930931091	0	0	0	0
HDL	META	AFR	15	29	2678	5	5.80691647529602	0	0	0	0
HDL	META	AFR	15	31	8386	5	51.4749162197113	0	0	0	0
HDL	META	AFR	15	34	1772	5	1.74926805496216	0	0	0	0
HDL	META	AFR	15	35	5081	5	9.13948369026184	0	0	0	0
HDL	META	AFR	15	37	6827	5	18.2364096641541	0	0	0	0
HDL	META	AFR	15	38	7949	5	27.4907655715942	0	0	0	0
HDL	META	AFR	15	39	6074	5	31.092163801193198	0	0	0	0
HDL	META	AFR	15	40	1537	5	2.84140515327454	0	0	0	0
HDL	META	AFR	15	41	5485	5	12.9303858280182	0	0	0	0
HDL	META	AFR	15	45	11923	5	86.7234830856323	0	0	0	0
HDL	META	AFR	15	46	3688	5	5.69044971466064	0	0	0	0
HDL	META	AFR	15	48	10588	5	54.1641042232513	0	0	0	0
HDL	META	AFR	15	50	5316	5	31.503086566925	0	0	0	0
HDL	META	AFR	15	51	4023	5	7.02354335784912	0	0	0	0
HDL	META	AFR	15	52	3658	5	521.144278287888	3	3	3	3
HDL	META	AFR	15	53	703	5	75.1325790882111	1	2	2	3
HDL	META	AFR	15	54	4253	5	16.037487745285	0	0	0	0
HDL	META	AFR	15	55	2386	5	2.16266632080078	0	0	0	0
HDL	META	AFR	15	56	4689	5	8.36734843254089	0	0	0	0
HDL	META	AFR	15	59	8144	5	25.4553446769714	0	0	0	0
HDL	META	AFR	15	62	10465	5	159.598119258881	0	0	0	0
HDL	META	AFR	15	64	3055	5	6.16446399688721	0	0	0	0
HDL	META	AFR	15	66	5837	5	15.6244330406189	0	0	0	0
HDL	META	AFR	15	70	2086	5	8.21867227554321	0	0	0	0
HDL	META	AFR	15	71	208	5	0.921594858169556	0	0	0	0
HDL	META	AFR	15	73	2202	5	2.63506889343262	0	0	0	0
HDL	META	AFR	15	76	10163	5	111.947857141495	0	0	0	0
HDL	META	AFR	15	79	6460	5	20.9679896831512	0	0	0	0
HDL	META	AFR	15	86	3743	5	4.7960376739502	0	0	0	0
HDL	META	AFR	15	88	2986	5	3.31103229522705	0	0	0	0
HDL	META	AFR	15	90	3996	5	10.9109623432159	0	0	0	0
HDL	META	AFR	15	98	2132	5	2.48651361465454	0	0	0	0
HDL	META	AFR	15	102	3782	5	8.68182396888733	0	0	0	0
HDL	META	AFR	15	108	1782	5	1.58194446563721	0	0	0	0
HDL	META	AFR	15	111	3124	5	7.9986743927002	0	0	0	0
HDL	META	AFR	15	117	1864	5	2.24357438087463	0	0	0	0
HDL	META	AFR	15	118	1213	5	1.41613268852234	0	0	0	0
HDL	META	AFR	16	2	1052	5	3.13454174995422	0	0	0	0
HDL	META	AFR	16	4	5220	5	10.6464648246765	0	0	0	0
HDL	META	AFR	16	5	2190	5	2.22697067260742	0	0	0	0
HDL	META	AFR	16	7	3725	5	4.92158913612366	0	0	0	0
HDL	META	AFR	16	9	5550	5	9.53966951370239	0	0	0	0
HDL	META	AFR	16	10	2459	5	5.51339769363403	0	0	0	0
HDL	META	AFR	16	30	343	5	1.05345630645752	0	1	1	6
HDL	META	AFR	16	31	5321	5	10.8686511516571	0	0	0	0
HDL	META	AFR	16	33	8199	5	30.1477651596069	0	0	0	0
HDL	META	AFR	16	37	5951	5	41.8543510437012	0	0	0	0
HDL	META	AFR	16	41	4236	5	6.56794428825378	0	0	0	0
HDL	META	AFR	16	42	434	5	0.610395431518555	0	0	0	0
HDL	META	AFR	16	43	4016	5	7.02650189399719	0	0	0	0
HDL	META	AFR	16	47	3295	5	10.7715337276459	0	0	0	0
HDL	META	AFR	16	49	3132	5	3.59629821777344	0	0	0	0
HDL	META	AFR	16	52	3957	5	5.21651530265808	0	0	0	0
HDL	META	AFR	16	57	620	5	0.863615274429321	0	0	0	0
HDL	META	AFR	16	58	3815	5	8.29539799690247	0	0	0	0
HDL	META	AFR	16	59	4041	5	11.221321105957	0	0	0	0
HDL	META	AFR	16	62	3013	5	7.77888178825378	0	0	0	0
HDL	META	AFR	16	65	3094	5	4.5815417766571	0	0	0	0
HDL	META	AFR	16	67	2146	5	2.03013348579407	0	0	0	0
HDL	META	AFR	16	68	3587	5	4.80144143104553	0	0	0	0
HDL	META	AFR	16	69	2187	5	1.76861333847046	0	0	0	0
HDL	META	AFR	16	73	2781	5	5.38235473632812	0	0	0	0
HDL	META	AFR	16	74	1004	5	0.889703989028931	0	0	0	0
HDL	META	AFR	16	75	5664	10	1168.97237920761	5	5	5	5
HDL	META	AFR	16	76	3850	10	250.093769073486	7	9	8	11
HDL	META	AFR	16	77	1609	5	3.05590629577637	0	0	0	0
HDL	META	AFR	16	79	2718	5	2.95146083831787	0	0	0	0
HDL	META	AFR	16	86	2478	5	3.3979971408844	0	1	0	0
HDL	META	AFR	16	87	553	5	2.57475805282593	0	1	1	2
HDL	META	AFR	16	88	8803	5	215.804604530334	2	2	4	21
HDL	META	AFR	16	89	11565	5	116.110559225082	0	1	1	5
HDL	META	AFR	16	91	3190	5	3.48811793327332	0	0	0	0
HDL	META	AFR	16	93	9306	5	99.6140761375427	0	0	0	0
HDL	META	AFR	16	94	10012	5	52.4217758178711	0	0	0	0
HDL	META	AFR	16	103	12909	5	89.1319160461426	0	0	0	0
HDL	META	AFR	16	104	3588	5	7.1268904209137	1	1	1	1
HDL	META	AFR	16	105	2947	5	6.88832902908325	0	0	0	0
HDL	META	AFR	16	106	5921	5	24.3396461009979	0	0	0	0
HDL	META	AFR	16	107	3443	5	7.78470945358276	0	0	0	0
HDL	META	AFR	16	111	2899	5	2.65606760978699	0	1	0	0
HDL	META	AFR	16	114	2246	5	4.61612749099731	0	0	0	0
HDL	META	AFR	16	116	2648	5	5.65927481651306	0	0	0	0
HDL	META	AFR	16	125	3187	5	3.28369569778442	0	0	0	0
HDL	META	AFR	16	126	579	5	1.46830320358276	0	0	0	0
HDL	META	AFR	16	128	11352	5	75.6951949596405	0	0	0	0
HDL	META	AFR	17	3	3300	5	3.86771893501282	0	0	0	0
HDL	META	AFR	17	7	2069	5	4.85665059089661	0	0	0	0
HDL	META	AFR	17	9	5594	5	22.7864332199097	0	0	0	0
HDL	META	AFR	17	14	3034	5	6.81780052185059	0	0	0	0
HDL	META	AFR	17	23	2068	5	1.5959939956665	0	0	0	0
HDL	META	AFR	17	24	3524	5	11.3628056049347	0	0	0	0
HDL	META	AFR	17	25	3873	5	4.65962052345276	0	0	0	0
HDL	META	AFR	17	30	769	5	2.00159025192261	0	0	0	0
HDL	META	AFR	17	49	2026	5	1.74979686737061	0	0	0	0
HDL	META	AFR	17	51	8800	5	59.4858195781708	0	0	0	0
HDL	META	AFR	17	55	11023	5	68.6318275928497	0	0	0	0
HDL	META	AFR	17	66	666	5	1.90041375160217	0	0	0	0
HDL	META	AFR	17	68	2662	5	4.52604293823242	0	0	0	0
HDL	META	AFR	17	71	4651	5	19.1859722137451	0	0	0	0
HDL	META	AFR	17	72	5584	5	22.9426789283752	0	0	0	0
HDL	META	AFR	17	73	8597	5	165.139522790909	1	2	3	7
HDL	META	AFR	17	74	9254	5	53.2923719882965	0	0	0	0
HDL	META	AFR	17	75	6938	5	35.0243051052094	0	0	0	0
HDL	META	AFR	17	76	3427	5	12.0336916446686	0	0	0	0
HDL	META	AFR	17	78	1227	5	1.10665059089661	0	0	0	0
HDL	META	AFR	17	85	5872	5	19.0326874256134	0	0	0	0
HDL	META	AFR	17	87	2537	5	2.67779493331909	0	0	0	0
HDL	META	AFR	17	90	8637	5	68.1677360534668	0	0	0	0
HDL	META	AFR	17	93	4782	5	20.493748664856	0	0	0	0
HDL	META	AFR	17	94	4431	5	23.0919835567474	0	0	0	0
HDL	META	AFR	17	97	6074	5	24.7165274620056	0	0	0	0
HDL	META	AFR	17	98	3113	5	7.52419900894165	0	0	0	0
HDL	META	AFR	17	99	570	5	0.61033296585083	0	1	1	3
HDL	META	AFR	17	100	3940	5	17.8916623592377	0	0	0	0
HDL	META	AFR	17	101	2862	5	2.92650318145752	0	0	0	0
HDL	META	AFR	17	102	2352	5	3.25957059860229	0	0	0	0
HDL	META	AFR	17	103	2214	5	3.37225461006165	0	0	0	0
HDL	META	AFR	17	105	3858	5	5.95390677452087	0	0	0	0
HDL	META	AFR	17	108	591	5	2.26457571983337	0	0	0	0
HDL	META	AFR	17	109	918	5	2.86550140380859	0	0	0	0
HDL	META	AFR	17	117	4898	5	13.2066242694855	0	0	0	0
HDL	META	AFR	17	118	4074	5	11.018899679184	0	0	0	0
HDL	META	AFR	17	125	5794	5	37.893577337265	0	0	1	15
HDL	META	AFR	17	133	2408	5	8.66341471672058	0	0	0	0
HDL	META	AFR	18	1	1821	5	1.72756624221802	0	0	0	0
HDL	META	AFR	18	7	3693	5	11.5427165031433	0	0	0	0
HDL	META	AFR	18	8	3367	5	8.46002721786499	0	0	0	0
HDL	META	AFR	18	27	1579	5	1.12892723083496	0	0	0	0
HDL	META	AFR	18	28	3982	5	12.1081917285919	0	0	0	0
HDL	META	AFR	18	39	7680	5	41.3997457027435	0	0	0	0
HDL	META	AFR	18	41	11106	5	129.702122688293	0	0	0	0
HDL	META	AFR	18	42	6216	5	27.4189810752869	0	1	0	0
HDL	META	AFR	18	44	4336	5	12.0372140407562	0	0	0	0
HDL	META	AFR	18	46	5103	5	14.6296260356903	0	0	0	0
HDL	META	AFR	18	49	7594	5	18.5318412780762	0	0	0	0
HDL	META	AFR	18	52	4381	5	11.3829553127289	0	0	0	0
HDL	META	AFR	18	53	5660	5	12.7178821563721	0	0	0	0
HDL	META	AFR	18	58	5533	5	9.41551375389099	0	0	0	0
HDL	META	AFR	18	59	7336	5	17.5093991756439	0	0	0	0
HDL	META	AFR	18	60	6863	5	48.5338485240936	0	0	0	0
HDL	META	AFR	18	61	5707	5	37.4360506534576	0	0	0	0
HDL	META	AFR	18	62	6447	5	26.564644575119	0	0	0	0
HDL	META	AFR	18	65	5839	5	19.4629347324371	0	0	0	0
HDL	META	AFR	18	66	1604	5	4.92080664634705	0	0	0	0
HDL	META	AFR	18	67	2434	5	2.8851842880249	0	0	0	0
HDL	META	AFR	18	68	529	5	0.752077102661133	0	0	0	0
HDL	META	AFR	18	69	9487	10	532.437411785126	3	4	6	13
HDL	META	AFR	18	73	7242	5	17.5129957199097	0	0	0	0
HDL	META	AFR	18	74	9050	5	63.8341889381409	0	0	0	0
HDL	META	AFR	18	76	4817	5	7.78409886360168	0	0	0	0
HDL	META	AFR	18	79	2014	5	1.65337300300598	0	0	0	0
HDL	META	AFR	18	80	3609	5	9.13043332099915	0	0	0	0
HDL	META	AFR	18	82	7563	5	78.5514323711395	0	0	0	0
HDL	META	AFR	18	84	1155	5	2.48024654388428	0	0	0	0
HDL	META	AFR	18	86	201	5	2.19891309738159	0	0	0	0
HDL	META	AFR	19	5	46	5	1.32618713378906	0	0	0	0
HDL	META	AFR	19	6	1725	5	2.7855501174926802	0	0	0	0
HDL	META	AFR	19	10	1530	5	1.08287787437439	0	0	0	0
HDL	META	AFR	19	11	2020	5	1.71516990661621	0	0	0	0
HDL	META	AFR	19	12	1803	5	2.85851240158081	0	0	0	0
HDL	META	AFR	19	16	725	5	3.16670179367065	0	0	0	0
HDL	META	AFR	19	19	468	5	1.87347936630249	0	0	0	0
HDL	META	AFR	19	22	3855	5	6.30840492248535	0	0	0	0
HDL	META	AFR	19	25	2792	5	3.22821426391602	0	0	0	0
HDL	META	AFR	19	29	2336	5	2.45938086509705	0	0	0	0
HDL	META	AFR	19	30	2386	5	5.95881152153015	0	0	0	0
HDL	META	AFR	19	32	2916	5	10.8706052303314	0	0	0	0
HDL	META	AFR	19	33	1498	5	252.517671823502	1	3	2	3
HDL	META	AFR	19	34	1682	5	3.5635826587677	0	0	0	0
HDL	META	AFR	19	37	4780	5	15.8387062549591	0	0	0	0
HDL	META	AFR	19	38	1107	5	0.826775550842285	0	2	2	6
HDL	META	AFR	19	39	6842	5	27.0767869949341	0	1	0	0
HDL	META	AFR	19	47	3341	5	9.59075474739075	0	0	0	0
HDL	META	AFR	19	50	690	5	0.707281827926636	0	0	0	0
HDL	META	AFR	19	51	2290	5	2.46710801124573	0	0	0	0
HDL	META	AFR	19	52	2614	5	4.92041039466858	0	0	0	0
HDL	META	AFR	19	57	4671	5	9.85789179801941	0	0	0	0
HDL	META	AFR	19	58	2547	5	2.43855261802673	0	0	0	0
HDL	META	AFR	19	61	4626	5	15.189243555069	0	0	0	0
HDL	META	AFR	19	63	2452	5	7.22699022293091	0	0	0	0
HDL	META	AFR	19	64	7054	5	39.6543395519257	0	0	0	0
HDL	META	AFR	19	67	11120	5	69.6294736862183	0	0	0	0
HDL	META	AFR	19	68	2974	5	3.74887943267822	0	0	0	0
HDL	META	AFR	19	70	3916	5	17.8069672584534	0	0	0	0
HDL	META	AFR	19	71	561	5	1.89602637290955	0	0	0	0
HDL	META	AFR	19	73	915	5	2.17850637435913	0	0	0	0
HDL	META	AFR	19	74	5797	5	19.957001209259	0	0	0	0
HDL	META	AFR	19	75	1278	5	309.887537240982	3	4	4	5
HDL	META	AFR	19	76	5236	5	74.5767064094543	0	1	1	5
HDL	META	AFR	19	77	8292	5	30.2709333896637	0	0	0	0
HDL	META	AFR	19	79	3107	5	3.14920592308044	0	0	0	0
HDL	META	AFR	19	80	1439	5	1.25497484207153	0	0	0	0
HDL	META	AFR	19	81	4035	5	11.9488344192505	0	0	0	0
HDL	META	AFR	19	89	1929	5	5.40789484977722	0	0	0	0
HDL	META	AFR	19	90	4224	5	11.976438999176	0	0	0	0
HDL	META	AFR	19	93	1615	5	5.19961452484131	0	0	0	0
HDL	META	AFR	19	94	3010	5	8.70242524147034	0	0	0	0
HDL	META	AFR	19	98	1520	5	1.27172756195068	0	1	1	3
HDL	META	AFR	19	104	2449	5	2.32647657394409	0	0	0	0
HDL	META	AFR	19	109	431	5	0.580620765686035	0	0	0	0
HDL	META	AFR	20	1	1796	5	5.7306056022644	0	0	0	0
HDL	META	AFR	20	2	1863	5	3.23756885528564	0	0	0	0
HDL	META	AFR	20	3	603	5	0.760235071182251	0	0	0	0
HDL	META	AFR	20	11	1828	5	2.41669416427612	0	0	0	0
HDL	META	AFR	20	22	2515	5	7.35275793075562	0	0	0	0
HDL	META	AFR	20	23	540	5	1.50367498397827	0	0	0	0
HDL	META	AFR	20	24	480	5	0.680796146392822	0	0	0	0
HDL	META	AFR	20	29	3165	5	3.66959047317505	0	0	0	0
HDL	META	AFR	20	40	2404	5	3.5809690952301	0	0	0	0
HDL	META	AFR	20	42	7140	5	43.2597692012787	0	0	0	0
HDL	META	AFR	20	48	6795	5	14.7305319309235	0	0	0	0
HDL	META	AFR	20	54	6439	5	49.3160221576691	0	0	0	0
HDL	META	AFR	20	59	8527	5	58.4284451007843	0	0	0	0
HDL	META	AFR	20	62	4020	5	16.8597512245178	0	0	0	0
HDL	META	AFR	20	63	8612	5	64.3151211738586	0	0	0	0
HDL	META	AFR	20	64	2195	5	1.93604254722595	0	0	0	0
HDL	META	AFR	20	65	4641	5	8.53511428833008	0	0	0	0
HDL	META	AFR	20	67	3865	5	5.43023252487183	0	0	0	0
HDL	META	AFR	20	68	1778	5	1.35240530967712	0	0	0	0
HDL	META	AFR	20	69	3626	5	14.1227748394012	0	1	0	0
HDL	META	AFR	20	70	2937	5	8.3667140007019	0	0	0	0
HDL	META	AFR	20	71	4333	5	7.92134404182434	0	0	0	0
HDL	META	AFR	20	72	1071	5	1.43932819366455	0	0	0	0
HDL	META	AFR	20	73	4029	5	4.98084783554077	0	0	0	0
HDL	META	AFR	20	74	1900	5	2.62098455429077	0	0	0	0
HDL	META	AFR	20	75	2953	5	7.86573505401611	0	0	0	0
HDL	META	AFR	20	84	4269	5	7.26148104667664	0	0	0	0
HDL	META	AFR	20	86	3123	5	8.16471076011658	0	0	0	0
HDL	META	AFR	20	93	6113	5	12.4365034103394	0	0	0	0
HDL	META	AFR	20	99	3516	5	7.63789939880371	0	0	0	0
HDL	META	AFR	20	114	4745	5	7.33360695838928	0	0	0	0
HDL	META	AFR	20	115	3350	5	4.62553858757019	0	0	0	0
HDL	META	AFR	21	2	932	5	2.14174580574036	0	0	0	0
HDL	META	AFR	21	3	1610	5	2.07532596588135	0	0	0	0
HDL	META	AFR	21	4	700	5	1.75064969062805	0	0	0	0
HDL	META	AFR	21	30	8395	5	27.8013231754303	0	0	0	0
HDL	META	AFR	21	37	4923	5	25.3626885414124	0	0	0	0
HDL	META	AFR	21	41	7949	5	18.8300535678864	0	0	0	0
HDL	META	AFR	21	45	5622	5	10.4205188751221	0	0	0	0
HDL	META	AFR	21	53	2553	5	3.66502976417542	0	0	0	0
HDL	META	AFR	21	57	2058	5	1.86125540733337	0	0	0	0
HDL	META	AFR	21	62	1119	5	0.927762508392334	1	1	1	1
HDL	META	AFR	21	63	2499	5	10.0872633457184	0	0	0	0
HDL	META	AFR	21	64	4420	5	20.706606388092	0	0	0	0
HDL	META	AFR	22	13	2286	5	2.21877574920654	0	1	1	4
HDL	META	AFR	22	14	2369	5	5.02339577674866	0	0	0	0
HDL	META	AFR	22	24	4572	5	6.73673963546753	0	0	0	0
HDL	META	AFR	22	26	1796	5	1.65235900878906	0	1	1	2
HDL	META	AFR	22	29	4308	5	11.7499666213989	0	0	0	0
HDL	META	AFR	22	30	14235	5	226.184917449951	0	0	0	0
HDL	META	AFR	22	33	2982	5	7.49021649360657	0	0	0	0
HDL	META	AFR	22	37	3588	5	3.92893958091736	0	0	0	0
HDL	META	AFR	22	43	3662	5	4.38200926780701	0	0	0	0
HDL	META	AFR	22	44	2537	5	5.77902030944824	0	0	0	0
HDL	META	AFR	22	45	3955	5	13.2815978527069	0	0	0	0
HDL	META	AFR	22	46	8992	5	35.7331051826477	0	0	0	0
HDL	META	AFR	22	47	4742	5	14.5846548080444	0	0	0	0
HDL	META	AFR	22	49	787	5	0.670482873916626	0	0	0	0
HDL	META	AFR	22	50	1065	5	1.74943804740906	0	0	0	0
HDL	META	AFR	22	54	2602	5	4.06718564033508	0	0	0	0
HDL	META	AFR	22	59	4685	5	7.37414360046387	0	0	0	0
HDL	META	AFR	22	62	2473	5	2.50376558303833	0	0	0	0
HDL	META	AFR	22	64	1755	5	3.54123520851135	0	0	0	0
HDL	META	AFR	22	66	2791	5	7.34946060180664	0	0	0	0
HDL	META	AFR	22	70	5019	5	13.6178774833679	0	0	0	0
