pheno	db	chromosome	block	num_variants	L	time	num_variants_0.95	num_variants_0.5	num_CS95	num_variants_CS95	num_variants_0.95.EUR	num_variants_0.5.EUR	num_CS95.EUR	num_variants_CS95.EUR	num_variants_0.95.AFR	num_variants_0.5.AFR	num_CS95.AFR	num_variants_CS95.AFR	num_variants_0.95.EAS	num_variants_0.5.EAS	num_CS95.EAS	num_variants_CS95.EAS
TG	UKBB	1	3	73	5	0.645601034164429	0	0	1	12	0	0	1	12	0	0	0	0	0	0	0	0
TG	UKBB	1	4	292	5	3.09403967857361	0	0	2	27	0	0	2	27	0	0	0	0	0	0	0	0
TG	UKBB	1	5	331	5	1.47671413421631	0	1	0	0	0	0	0	0	0	1	0	0	0	0	0	0
TG	UKBB	1	15	1040	5	10.1671526432037	0	0	0	0	0	0	0	0	0	0	0	0	0	0	0	0
TG	UKBB	1	17	1313	5	19.8611125946045	0	0	0	0	0	0	0	0	0	0	0	0	0	0	0	0
TG	UKBB	1	18	583	5	3.08461761474609	0	1	0	0	0	1	0	0	0	0	0	0	0	0	0	0
TG	UKBB	1	19	829	5	7.65693306922913	0	0	0	0	0	0	0	0	0	0	0	0	0	0	0	0
TG	UKBB	1	21	675	5	2.6762580871582	0	0	0	0	0	0	0	0	0	0	0	0	0	0	0	0
TG	UKBB	1	23	417	5	2.90218615531921	0	0	0	0	0	0	0	0	0	0	0	0	0	0	0	0
TG	UKBB	1	32	386	5	1.63449335098267	0	0	0	0	0	0	0	0	0	0	0	0	0	0	0	0
TG	UKBB	1	35	990	5	10.7397406101227	0	0	0	0	0	0	0	0	0	0	0	0	0	0	0	0
TG	UKBB	1	43	387	5	2.21389245986938	0	0	1	19	0	0	1	19	0	0	0	0	0	0	0	0
TG	UKBB	1	48	481	5	2.31297540664673	0	0	1	7	0	0	1	7	0	0	0	0	0	0	0	0
TG	UKBB	1	50	660	5	2.97406601905823	0	0	0	0	0	0	0	0	0	0	0	0	0	0	0	0
TG	UKBB	1	51	459	5	1.52971911430359	0	0	0	0	0	0	0	0	0	0	0	0	0	0	0	0
TG	UKBB	1	52	957	5	8.41622185707092	0	0	2	30	0	0	2	30	0	0	0	0	0	0	0	0
TG	UKBB	1	53	803	5	7.06444549560547	1	1	1	1	1	1	1	1	0	0	0	0	0	0	0	0
TG	UKBB	1	58	955	5	9.24976229667664	0	0	0	0	0	0	0	0	0	0	0	0	0	0	0	0
TG	UKBB	1	63	826	5	7.29252004623413	0	0	0	0	0	0	0	0	0	0	0	0	0	0	0	0
TG	UKBB	1	67	877	5	4.99840331077576	0	0	0	0	0	0	0	0	0	0	0	0	0	0	0	0
TG	UKBB	1	70	1028	5	12.4955196380615	0	0	2	15	0	0	2	15	0	0	0	0	0	0	0	0
TG	UKBB	1	71	1019	5	11.7004241943359	0	0	1	4	0	0	1	4	0	0	0	0	0	0	0	0
TG	UKBB	1	83	1077	5	8.66840577125549	0	1	1	3	0	1	1	3	0	0	0	0	0	0	0	0
TG	UKBB	1	85	681	5	5.59185266494751	0	0	0	0	0	0	0	0	0	0	0	0	0	0	0	0
TG	UKBB	1	94	255	5	1.31941699981689	1	1	1	1	1	1	1	1	0	0	0	0	0	0	0	0
TG	UKBB	1	96	956	5	13.4536111354828	0	2	1	4	0	2	1	4	0	0	1	4	0	0	0	0
TG	UKBB	1	97	1118	5	13.4587912559509	0	0	1	6	0	0	1	6	0	0	1	6	0	0	0	0
TG	UKBB	1	100	1150	5	17.6963269710541	0	0	0	0	0	0	0	0	0	0	0	0	0	0	0	0
TG	UKBB	1	101	918	5	8.38276886940002	0	0	0	0	0	0	0	0	0	0	0	0	0	0	0	0
TG	UKBB	1	105	2142	5	106.938812971115	0	0	0	0	0	0	0	0	0	0	0	0	0	0	0	0
TG	UKBB	1	124	1461	5	25.1415274143219	0	0	2	31	0	0	2	31	0	0	0	0	0	0	0	0
TG	UKBB	1	125	1538	5	29.9865739345551	0	0	1	3	0	0	1	3	0	0	0	0	0	0	0	0
TG	UKBB	1	127	933	5	7.39842391014099	0	0	0	0	0	0	0	0	0	0	0	0	0	0	0	0
TG	UKBB	1	129	442	5	4.33911728858948	0	1	1	17	0	1	1	17	0	1	0	0	0	0	0	0
TG	UKBB	1	132	1182	5	10.4422543048859	0	0	0	0	0	0	0	0	0	0	0	0	0	0	0	0
TG	UKBB	1	135	1463	5	24.1502768993378	0	0	0	0	0	0	0	0	0	0	0	0	0	0	0	0
TG	UKBB	1	138	1096	5	11.8221342563629	0	0	0	0	0	0	0	0	0	0	0	0	0	0	0	0
TG	UKBB	1	139	328	5	3.10143804550171	0	0	1	7	0	0	1	7	0	0	0	0	0	0	0	0
TG	UKBB	1	143	908	5	6.53168416023254	0	0	0	0	0	0	0	0	0	0	0	0	0	0	0	0
TG	UKBB	1	144	509	5	2.8362092971801802	0	0	0	0	0	0	0	0	0	0	0	0	0	0	0	0
TG	UKBB	1	150	1219	5	15.2865858078003	0	0	2	55	0	0	1	9	0	0	0	0	0	0	0	0
TG	UKBB	1	154	1357	5	28.2477617263794	0	0	1	23	0	0	1	23	0	0	0	0	0	0	0	0
TG	UKBB	1	155	644	5	6.28739213943481	0	0	0	0	0	0	0	0	0	0	0	0	0	0	0	0
TG	UKBB	1	156	908	5	6.33105611801147	1	1	1	1	1	1	1	1	0	0	0	0	0	0	0	0
TG	UKBB	1	158	654	5	3.47684764862061	0	0	1	10	0	0	1	10	0	0	0	0	0	0	0	0
TG	UKBB	1	168	1150	5	10.8424072265625	0	0	0	0	0	0	0	0	0	0	0	0	0	0	0	0
TG	UKBB	1	182	1549	5	41.0464961528778	0	1	1	2	0	1	1	2	0	1	0	0	0	0	0	0
TG	UKBB	1	183	1441	5	26.3117244243622	0	0	0	0	0	0	0	0	0	0	0	0	0	0	0	0
TG	UKBB	1	184	372	5	1.480717420578	0	0	0	0	0	0	0	0	0	0	0	0	0	0	0	0
TG	UKBB	1	187	1121	5	10.2809250354767	0	0	1	9	0	0	1	9	0	0	0	0	0	0	0	0
TG	UKBB	1	192	1162	5	12.9995818138123	0	0	0	0	0	0	0	0	0	0	0	0	0	0	0	0
TG	UKBB	1	193	1272	5	21.6530163288116	0	0	0	0	0	0	0	0	0	0	0	0	0	0	0	0
TG	UKBB	1	201	924	5	6.47026133537292	0	0	0	0	0	0	0	0	0	0	0	0	0	0	0	0
TG	UKBB	1	202	1149	5	14.0200228691101	0	0	0	0	0	0	0	0	0	0	0	0	0	0	0	0
TG	UKBB	1	203	1049	5	8.66082549095154	0	0	0	0	0	0	0	0	0	0	0	0	0	0	0	0
TG	UKBB	1	207	681	5	4.67297649383545	0	0	1	12	0	0	1	12	0	0	0	0	0	0	1	12
TG	UKBB	1	208	788	5	6.34015846252441	0	0	0	0	0	0	0	0	0	0	0	0	0	0	0	0
TG	UKBB	1	209	375	5	1.56044173240662	0	0	0	0	0	0	0	0	0	0	0	0	0	0	0	0
TG	UKBB	1	211	482	5	2.48724555969238	0	0	0	0	0	0	0	0	0	0	0	0	0	0	0	0
TG	UKBB	1	212	807	5	5.74785995483398	0	0	0	0	0	0	0	0	0	0	0	0	0	0	0	0
TG	UKBB	1	213	603	5	7.48663520812988	0	0	0	0	0	0	0	0	0	0	0	0	0	0	0	0
TG	UKBB	1	214	565	5	6.16288328170776	0	0	0	0	0	0	0	0	0	0	0	0	0	0	0	0
TG	UKBB	1	217	550	5	1.67994093894958	0	0	0	0	0	0	0	0	0	0	0	0	0	0	0	0
TG	UKBB	1	219	1154	5	10.269335269928	0	0	0	0	0	0	0	0	0	0	0	0	0	0	0	0
TG	UKBB	1	221	1234	5	18.0064508914948	0	0	0	0	0	0	0	0	0	0	0	0	0	0	0	0
TG	UKBB	1	226	511	5	3.10787987709045	0	1	1	3	0	1	1	3	0	0	0	0	0	1	1	3
TG	UKBB	1	228	666	5	3.77647852897644	0	0	0	0	0	0	0	0	0	0	0	0	0	0	0	0
TG	UKBB	1	233	1557	5	34.2919092178345	0	0	2	23	0	0	2	23	0	0	0	0	0	0	0	0
TG	UKBB	1	234	1778	5	57.9395453929901	0	0	1	3	0	0	1	3	0	0	0	0	0	0	0	0
TG	UKBB	1	235	926	5	11.5498020648956	0	0	0	0	0	0	0	0	0	0	0	0	0	0	0	0
TG	UKBB	1	238	2309	5	143.04246544838	0	0	0	0	0	0	0	0	0	0	0	0	0	0	0	0
TG	UKBB	1	239	620	5	3.90522789955139	0	0	0	0	0	0	0	0	0	0	0	0	0	0	0	0
TG	UKBB	1	240	2377	5	121.443540096283	0	1	1	3	0	1	1	3	0	0	0	0	0	0	0	0
TG	UKBB	1	242	417	5	2.12234735488892	0	0	1	11	0	0	1	11	0	0	0	0	0	0	0	0
TG	UKBB	1	243	703	5	5.16263890266418	0	1	3	15	0	1	3	15	0	0	0	0	0	0	0	0
TG	UKBB	1	244	1515	5	38.8205313682556	0	0	0	0	0	0	0	0	0	0	0	0	0	0	0	0
TG	UKBB	1	248	836	5	5.41790175437927	0	0	0	0	0	0	0	0	0	0	0	0	0	0	0	0
TG	UKBB	1	252	567	5	3.96009373664856	0	0	0	0	0	0	0	0	0	0	0	0	0	0	0	0
TG	UKBB	1	254	775	5	7.364337682724	0	0	0	0	0	0	0	0	0	0	0	0	0	0	0	0
TG	UKBB	1	255	646	5	2.2422761917114302	0	0	0	0	0	0	0	0	0	0	0	0	0	0	0	0
TG	UKBB	1	257	798	5	6.25298070907593	0	0	0	0	0	0	0	0	0	0	0	0	0	0	0	0
TG	UKBB	1	264	606	5	2.65251231193542	0	0	0	0	0	0	0	0	0	0	0	0	0	0	0	0
TG	UKBB	1	274	1370	5	18.015820980072	0	0	1	6	0	0	1	6	0	0	1	6	0	0	1	6
TG	UKBB	1	277	225	5	1.23300862312317	0	0	0	0	0	0	0	0	0	0	0	0	0	0	0	0
TG	UKBB	1	280	2066	5	86.3521997928619	0	0	1	17	0	0	1	17	0	0	1	17	0	0	0	0
TG	UKBB	2	1	348	5	2.48942232131958	0	0	0	0	0	0	0	0	0	0	0	0	0	0	0	0
TG	UKBB	2	2	2054	5	95.7932145595551	0	0	0	0	0	0	0	0	0	0	0	0	0	0	0	0
TG	UKBB	2	6	627	5	3.70820903778076	0	1	1	2	0	1	1	2	0	0	1	2	0	0	0	0
TG	UKBB	2	7	503	5	1.59565448760986	0	0	0	0	0	0	0	0	0	0	0	0	0	0	0	0
TG	UKBB	2	21	274	5	1.65134906768799	0	1	1	2	0	1	1	2	0	0	0	0	0	0	0	0
TG	UKBB	2	34	1441	5	25.909637928009	0	0	0	0	0	0	0	0	0	0	0	0	0	0	0	0
TG	UKBB	2	41	811	5	4.53746175765991	0	0	1	10	0	0	1	10	0	0	0	0	0	0	0	0
TG	UKBB	2	43	182	5	0.707000494003296	0	0	0	0	0	0	0	0	0	0	0	0	0	0	0	0
TG	UKBB	2	44	600	5	2.99543023109436	0	3	3	6	0	3	3	6	0	2	3	6	0	0	1	2
TG	UKBB	2	45	1245	5	15.7339158058167	0	1	0	0	0	1	0	0	0	0	0	0	0	0	0	0
TG	UKBB	2	47	1475	5	25.5538079738617	0	1	0	0	0	1	0	0	0	0	0	0	0	0	0	0
TG	UKBB	2	48	774	5	7.78438806533813	0	1	1	3	0	1	1	3	0	0	0	0	0	0	0	0
TG	UKBB	2	49	1059	5	12.1018354892731	1	3	4	12	1	3	4	12	1	1	1	1	1	1	1	1
TG	UKBB	2	50	987	5	7.5735445022583	0	0	0	0	0	0	0	0	0	0	0	0	0	0	0	0
TG	UKBB	2	55	2080	5	75.4026844501495	0	0	1	22	0	0	1	22	0	0	0	0	0	0	0	0
TG	UKBB	2	63	931	5	10.1679708957672	0	1	2	17	0	1	2	17	0	0	0	0	0	0	0	0
TG	UKBB	2	66	2577	5	149.247006654739	0	0	0	0	0	0	0	0	0	0	0	0	0	0	0	0
TG	UKBB	2	69	1499	5	39.5959100723267	0	0	1	13	0	0	0	0	0	0	0	0	0	0	0	0
TG	UKBB	2	71	937	5	6.23820519447327	0	1	1	4	0	1	1	4	0	1	1	4	0	0	0	0
TG	UKBB	2	72	1857	5	59.4325299263	0	0	1	14	0	0	1	14	0	0	0	0	0	0	0	0
TG	UKBB	2	74	710	5	6.28953051567078	0	0	0	0	0	0	0	0	0	0	0	0	0	0	0	0
TG	UKBB	2	76	881	5	6.29264163970947	0	1	0	0	0	1	0	0	0	0	0	0	0	0	0	0
TG	UKBB	2	79	1045	5	7.37391042709351	0	1	1	3	0	1	1	3	0	0	0	0	0	0	0	0
TG	UKBB	2	80	3109	5	265.997050762177	0	0	1	26	0	0	1	26	0	0	0	0	0	0	0	0
TG	UKBB	2	84	4136	5	557.513216733932	0	0	0	0	0	0	0	0	0	0	0	0	0	0	0	0
TG	UKBB	2	85	3882	5	520.647693157196	0	0	0	0	0	0	0	0	0	0	0	0	0	0	0	0
TG	UKBB	2	86	1449	5	21.7660620212555	0	0	1	10	0	0	1	10	0	0	0	0	0	0	0	0
TG	UKBB	2	87	497	5	2.4311671257019	0	0	1	53	0	0	1	53	0	0	0	0	0	0	0	0
TG	UKBB	2	88	3828	5	465.73331952095	0	0	1	34	0	0	1	34	0	0	0	0	0	0	0	0
TG	UKBB	2	89	766	5	5.34727478027344	0	0	2	26	0	0	2	26	0	0	0	0	0	0	0	0
TG	UKBB	2	90	879	5	9.78688049316406	0	0	1	26	0	0	1	26	0	0	0	0	0	0	0	0
TG	UKBB	2	95	960	5	8.03615999221802	0	0	0	0	0	0	0	0	0	0	0	0	0	0	0	0
TG	UKBB	2	99	739	5	4.83200931549072	0	1	0	0	0	1	0	0	0	0	0	0	0	0	0	0
TG	UKBB	2	115	1732	5	64.0232086181641	0	0	0	0	0	0	0	0	0	0	0	0	0	0	0	0
TG	UKBB	2	117	915	5	11.5615012645721	0	0	0	0	0	0	0	0	0	0	0	0	0	0	0	0
TG	UKBB	2	122	652	5	4.34476280212402	0	0	1	6	0	0	1	6	0	0	0	0	0	0	0	0
TG	UKBB	2	123	43	5	0.133450984954834	0	0	0	0	0	0	0	0	0	0	0	0	0	0	0	0
TG	UKBB	2	124	1109	5	11.274397611618	0	0	1	22	0	0	1	22	0	0	0	0	0	0	0	0
TG	UKBB	2	125	1048	5	8.81908059120178	0	0	0	0	0	0	0	0	0	0	0	0	0	0	0	0
TG	UKBB	2	128	1696	5	45.7470190525055	1	1	1	1	1	1	1	1	0	0	0	0	0	0	0	0
TG	UKBB	2	131	58	5	0.696503877639771	1	2	2	3	1	2	2	3	0	0	0	0	0	0	0	0
TG	UKBB	2	132	202	5	1.30289840698242	0	3	1	2	0	2	1	2	0	1	0	0	0	0	0	0
TG	UKBB	2	138	1562	5	34.1080133914948	0	0	0	0	0	0	0	0	0	0	0	0	0	0	0	0
TG	UKBB	2	153	1258	5	11.5168409347534	0	0	0	0	0	0	0	0	0	0	0	0	0	0	0	0
TG	UKBB	2	159	2654	5	167.928093671799	0	0	0	0	0	0	0	0	0	0	0	0	0	0	0	0
TG	UKBB	2	161	1652	5	47.2538883686066	0	0	1	50	0	0	1	50	0	0	0	0	0	0	0	0
TG	UKBB	2	163	144	5	0.24591326713562	0	1	1	2	0	1	1	2	0	0	0	0	0	0	0	0
TG	UKBB	2	164	320	5	1.88695859909058	0	0	0	0	0	0	0	0	0	0	0	0	0	0	0	0
TG	UKBB	2	166	2376	5	125.62377238273601	0	0	1	4	0	0	1	4	0	0	0	0	0	0	0	0
TG	UKBB	2	168	1025	5	10.730881690979	2	2	4	26	2	2	4	26	1	1	1	1	0	0	0	0
TG	UKBB	2	169	1294	5	13.4614207744598	0	0	0	0	0	0	0	0	0	0	0	0	0	0	0	0
TG	UKBB	2	171	1868	5	58.6377146244049	0	1	2	11	0	1	1	3	0	0	0	0	0	0	1	3
TG	UKBB	2	174	534	5	3.05002880096436	0	0	0	0	0	0	0	0	0	0	0	0	0	0	0	0
TG	UKBB	2	176	1660	5	34.1303868293762	0	0	1	20	0	0	1	20	0	0	0	0	0	0	0	0
TG	UKBB	2	180	1051	5	8.61768198013306	0	2	1	2	0	2	1	2	0	1	1	2	0	0	0	0
TG	UKBB	2	181	1444	5	30.0629527568817	0	0	0	0	0	0	0	0	0	0	0	0	0	0	0	0
TG	UKBB	2	184	2213	5	110.515295743942	0	0	0	0	0	0	0	0	0	0	0	0	0	0	0	0
TG	UKBB	2	186	1772	5	61.0627038478851	0	0	0	0	0	0	0	0	0	0	0	0	0	0	0	0
TG	UKBB	2	195	2362	5	103.356197118759	0	0	0	0	0	0	0	0	0	0	0	0	0	0	0	0
TG	UKBB	2	197	1345	5	19.3460066318512	0	0	0	0	0	0	0	0	0	0	0	0	0	0	0	0
TG	UKBB	2	198	719	5	3.96856737136841	0	0	1	14	0	0	1	14	0	0	0	0	0	0	0	0
TG	UKBB	2	199	1502	5	31.9995710849762	0	0	1	20	0	0	1	20	0	0	0	0	0	0	1	20
TG	UKBB	2	201	1374	5	21.1327464580536	0	0	0	0	0	0	0	0	0	0	0	0	0	0	0	0
TG	UKBB	2	202	200	5	0.758062124252319	0	1	0	0	0	1	0	0	0	1	0	0	0	1	0	0
TG	UKBB	2	205	708	5	4.6683304309845	0	0	0	0	0	0	0	0	0	0	0	0	0	0	0	0
TG	UKBB	2	210	970	5	8.39069294929504	0	1	0	0	0	1	0	0	0	0	0	0	0	0	0	0
TG	UKBB	2	211	1256	5	15.3485612869263	0	0	0	0	0	0	0	0	0	0	0	0	0	0	0	0
TG	UKBB	2	213	2705	5	167.986251354218	0	0	0	0	0	0	0	0	0	0	0	0	0	0	0	0
TG	UKBB	2	214	665	5	3.44233798980713	0	1	2	8	0	1	2	8	0	1	1	4	0	0	1	4
TG	UKBB	2	217	615	5	2.69499802589417	1	1	3	66	1	1	3	66	0	0	0	0	0	0	0	0
TG	UKBB	2	218	514	5	1.9543833732605	0	0	0	0	0	0	0	0	0	0	0	0	0	0	0	0
TG	UKBB	2	230	782	5	5.07387804985046	0	0	2	14	0	0	2	14	0	0	1	7	0	0	1	7
TG	UKBB	2	231	397	5	2.21999311447144	0	0	1	23	0	0	1	23	0	0	0	0	0	0	0	0
TG	UKBB	2	235	621	5	2.82950186729431	0	0	1	9	0	0	1	9	0	0	1	9	0	0	0	0
TG	UKBB	2	237	1068	5	10.2265992164612	0	0	0	0	0	0	0	0	0	0	0	0	0	0	0	0
TG	UKBB	2	240	996	5	8.78443670272827	0	0	0	0	0	0	0	0	0	0	0	0	0	0	0	0
TG	UKBB	2	242	1152	5	10.1204242706299	0	0	1	6	0	0	1	6	0	0	0	0	0	0	0	0
TG	UKBB	2	250	2471	5	126.285482406616	0	0	0	0	0	0	0	0	0	0	0	0	0	0	0	0
TG	UKBB	2	251	679	5	5.48361253738403	0	0	0	0	0	0	0	0	0	0	0	0	0	0	0	0
TG	UKBB	2	256	777	5	5.3282573223114	0	1	1	4	0	1	1	4	0	0	0	0	0	0	0	0
TG	UKBB	3	1	4957	5	969.840001821518	0	0	0	0	0	0	0	0	0	0	0	0	0	0	0	0
TG	UKBB	3	8	406	5	2.22800135612488	0	0	1	10	0	0	1	10	0	0	0	0	0	0	0	0
TG	UKBB	3	9	409	5	3.2006208896637	0	1	0	0	0	1	0	0	0	0	0	0	0	1	0	0
TG	UKBB	3	20	1196	5	11.6294710636139	0	0	0	0	0	0	0	0	0	0	0	0	0	0	0	0
TG	UKBB	3	23	776	5	7.46571803092957	0	0	0	0	0	0	0	0	0	0	0	0	0	0	0	0
TG	UKBB	3	24	1407	5	13.9988827705383	1	2	2	10	1	2	2	10	0	1	1	1	0	0	1	9
TG	UKBB	3	30	1286	5	13.6903343200684	0	0	1	54	0	0	1	54	0	0	0	0	0	0	0	0
TG	UKBB	3	31	784	5	9.01766490936279	0	0	0	0	0	0	0	0	0	0	0	0	0	0	0	0
TG	UKBB	3	33	383	5	2.36058616638184	0	0	1	32	0	0	1	32	0	0	0	0	0	0	0	0
TG	UKBB	3	35	1659	5	40.079297542572	0	0	0	0	0	0	0	0	0	0	0	0	0	0	0	0
TG	UKBB	3	39	2311	5	111.043832063675	0	0	0	0	0	0	0	0	0	0	0	0	0	0	0	0
TG	UKBB	3	40	990	5	12.5524592399597	0	0	0	0	0	0	0	0	0	0	0	0	0	0	0	0
TG	UKBB	3	41	1906	5	71.6452939510345	1	2	1	1	1	2	1	1	0	0	0	0	0	1	0	0
TG	UKBB	3	49	2175	5	84.7624771595001	0	0	0	0	0	0	0	0	0	0	0	0	0	0	0	0
TG	UKBB	3	55	599	5	2.69717311859131	0	0	0	0	0	0	0	0	0	0	0	0	0	0	0	0
TG	UKBB	3	57	824	5	4.99348115921021	0	0	0	0	0	0	0	0	0	0	0	0	0	0	0	0
TG	UKBB	3	60	1829	5	55.7232465744019	0	0	0	0	0	0	0	0	0	0	0	0	0	0	0	0
TG	UKBB	3	62	878	5	6.19845199584961	0	1	0	0	0	1	0	0	0	0	0	0	0	0	0	0
TG	UKBB	3	65	603	5	3.43463897705078	0	0	0	0	0	0	0	0	0	0	0	0	0	0	0	0
TG	UKBB	3	70	1556	5	31.976719379425	0	0	1	21	0	0	1	21	0	0	0	0	0	0	0	0
TG	UKBB	3	71	1255	5	20.1238543987274	0	0	0	0	0	0	0	0	0	0	0	0	0	0	0	0
TG	UKBB	3	77	2703	5	164.372003316879	0	0	0	0	0	0	0	0	0	0	0	0	0	0	0	0
TG	UKBB	3	83	2384	5	107.777187824249	0	0	0	0	0	0	0	0	0	0	0	0	0	0	0	0
TG	UKBB	3	85	1133	5	8.15540432929993	0	0	1	13	0	0	1	13	0	0	0	0	0	0	0	0
TG	UKBB	3	88	1497	5	22.911093711853	0	0	1	21	0	0	1	21	0	0	0	0	0	0	0	0
TG	UKBB	3	89	1158	5	14.0275208950043	0	0	0	0	0	0	0	0	0	0	0	0	0	0	0	0
TG	UKBB	3	114	832	5	6.93486499786377	0	0	0	0	0	0	0	0	0	0	0	0	0	0	0	0
TG	UKBB	3	115	1244	5	9.63916492462158	0	0	1	5	0	0	1	5	0	0	0	0	0	0	1	5
TG	UKBB	3	120	1098	5	9.87736511230469	0	0	0	0	0	0	0	0	0	0	0	0	0	0	0	0
TG	UKBB	3	121	1230	5	14.1388909816742	0	0	0	0	0	0	0	0	0	0	0	0	0	0	0	0
TG	UKBB	3	124	211	5	0.862603902816772	0	0	2	23	0	0	2	23	0	0	0	0	0	0	0	0
TG	UKBB	3	132	1623	5	28.1902322769165	0	0	0	0	0	0	0	0	0	0	0	0	0	0	0	0
TG	UKBB	3	133	927	5	8.15608930587769	0	0	0	0	0	0	0	0	0	0	0	0	0	0	0	0
TG	UKBB	3	136	684	5	3.95060062408447	0	0	0	0	0	0	0	0	0	0	0	0	0	0	0	0
TG	UKBB	3	140	1223	5	13.5535809993744	0	0	1	6	0	0	1	6	0	0	1	6	0	0	0	0
TG	UKBB	3	145	1457	5	23.6028063297272	0	0	2	35	0	0	2	35	0	0	0	0	0	0	1	28
TG	UKBB	3	150	1121	5	12.3967430591583	0	0	0	0	0	0	0	0	0	0	0	0	0	0	0	0
TG	UKBB	3	155	1242	5	12.5621161460876	0	1	1	2	0	1	1	2	0	1	1	2	0	0	0	0
TG	UKBB	3	161	1700	5	43.5839414596558	0	0	0	0	0	0	0	0	0	0	0	0	0	0	0	0
TG	UKBB	3	162	2014	5	73.1388492584229	0	0	0	0	0	0	0	0	0	0	0	0	0	0	0	0
TG	UKBB	3	172	864	5	5.76096963882446	0	1	1	15	0	1	1	15	0	0	1	15	0	0	0	0
TG	UKBB	3	173	541	5	4.19019746780396	0	0	1	9	0	0	1	9	0	0	0	0	0	0	0	0
TG	UKBB	3	174	284	5	0.912700653076172	0	0	0	0	0	0	0	0	0	0	0	0	0	0	0	0
TG	UKBB	3	175	467	5	3.01232099533081	0	0	2	6	0	0	2	6	0	0	0	0	0	0	0	0
TG	UKBB	3	186	1584	5	37.1768321990967	0	0	0	0	0	0	0	0	0	0	0	0	0	0	0	0
TG	UKBB	3	191	925	5	10.9622583389282	0	0	0	0	0	0	0	0	0	0	0	0	0	0	0	0
TG	UKBB	3	193	1468	5	28.4380204677582	0	1	0	0	0	1	0	0	0	1	0	0	0	0	0	0
TG	UKBB	3	196	186	5	1.05893397331238	0	0	1	9	0	0	1	9	0	0	0	0	0	0	0	0
TG	UKBB	3	214	1319	5	14.0389842987061	0	0	1	5	0	0	1	5	0	0	0	0	0	0	0	0
TG	UKBB	4	1	3148	5	260.855864048004	2	2	3	5	2	2	3	5	0	0	0	0	0	0	0	0
TG	UKBB	4	4	1233	5	14.4710240364075	0	1	0	0	0	1	0	0	0	0	0	0	0	0	0	0
TG	UKBB	4	19	522	5	2.57655000686646	0	0	0	0	0	0	0	0	0	0	0	0	0	0	0	0
TG	UKBB	4	21	2545	5	147.367527008057	0	0	0	0	0	0	0	0	0	0	0	0	0	0	0	0
TG	UKBB	4	28	1389	5	24.1731419563293	0	0	1	11	0	0	1	11	0	0	0	0	0	0	0	0
TG	UKBB	4	32	1559	5	21.0787768363953	0	0	1	16	0	0	1	16	0	0	0	0	0	0	0	0
TG	UKBB	4	42	232	5	1.27482676506042	1	1	1	1	1	1	1	1	0	0	0	0	0	0	0	0
TG	UKBB	4	43	581	5	1.98273181915283	0	0	0	0	0	0	0	0	0	0	0	0	0	0	0	0
TG	UKBB	4	48	1333	5	15.3486709594727	0	0	0	0	0	0	0	0	0	0	0	0	0	0	0	0
TG	UKBB	4	54	3457	5	354.688865184784	0	0	0	0	0	0	0	0	0	0	0	0	0	0	0	0
TG	UKBB	4	55	1187	5	12.4456164836884	0	0	1	13	0	0	1	13	0	0	0	0	0	0	0	0
TG	UKBB	4	64	2012	5	63.5710957050323	0	0	0	0	0	0	0	0	0	0	0	0	0	0	0	0
TG	UKBB	4	66	1058	5	8.45769929885864	0	0	1	29	0	0	1	29	0	0	0	0	0	0	0	0
TG	UKBB	4	74	1400	5	15.6455788612366	0	0	0	0	0	0	0	0	0	0	0	0	0	0	0	0
TG	UKBB	4	80	1328	5	20.1953475475311	0	0	1	4	0	0	1	4	0	0	1	4	0	0	0	0
TG	UKBB	4	82	538	5	2.45114517211914	0	1	1	4	0	1	1	4	0	0	0	0	0	0	0	0
TG	UKBB	4	84	1145	5	9.83420538902283	0	1	1	4	0	1	1	4	0	0	0	0	0	0	0	0
TG	UKBB	4	87	1951	5	66.7493259906769	0	0	1	11	0	0	1	11	0	0	0	0	0	0	0	0
TG	UKBB	4	90	1046	5	6.39128422737122	0	0	0	0	0	0	0	0	0	0	0	0	0	0	0	0
TG	UKBB	4	95	568	5	2.7107572555542	0	0	0	0	0	0	0	0	0	0	0	0	0	0	0	0
TG	UKBB	4	97	748	5	6.24557971954346	0	0	0	0	0	0	0	0	0	0	0	0	0	0	0	0
TG	UKBB	4	101	1308	5	27.3045513629913	1	2	4	23	1	2	4	23	0	0	0	0	0	0	0	0
TG	UKBB	4	102	930	5	7.34852337837219	0	0	1	18	0	0	1	18	0	0	0	0	0	0	0	0
TG	UKBB	4	103	768	5	4.72873759269714	0	0	1	7	0	0	1	7	0	0	1	7	0	0	0	0
TG	UKBB	4	109	614	5	3.82943654060364	0	0	1	46	0	0	1	46	0	0	0	0	0	0	0	0
TG	UKBB	4	112	1834	5	51.9722900390625	0	0	0	0	0	0	0	0	0	0	0	0	0	0	0	0
TG	UKBB	4	113	1335	5	29.8624501228333	0	1	4	31	0	1	3	16	0	0	1	9	0	0	0	0
TG	UKBB	4	114	1482	5	25.6235520839691	0	0	0	0	0	0	0	0	0	0	0	0	0	0	0	0
TG	UKBB	4	115	614	5	3.69468975067139	0	0	1	13	0	0	1	13	0	0	0	0	0	0	0	0
TG	UKBB	4	116	838	5	4.3362672328949	0	0	0	0	0	0	0	0	0	0	0	0	0	0	0	0
TG	UKBB	4	117	1271	5	19.9882259368896	0	0	0	0	0	0	0	0	0	0	0	0	0	0	0	0
TG	UKBB	4	121	1053	5	8.18743968009949	0	1	0	0	0	1	0	0	0	1	0	0	0	0	0	0
TG	UKBB	4	122	514	5	1.82377123832703	0	0	0	0	0	0	0	0	0	0	0	0	0	0	0	0
TG	UKBB	4	133	1148	5	8.3781201839447	0	0	0	0	0	0	0	0	0	0	0	0	0	0	0	0
TG	UKBB	4	134	2409	5	109.948739051819	0	0	0	0	0	0	0	0	0	0	0	0	0	0	0	0
TG	UKBB	4	136	1877	5	65.2825973033905	0	0	0	0	0	0	0	0	0	0	0	0	0	0	0	0
TG	UKBB	4	139	2153	5	99.2509763240814	0	0	0	0	0	0	0	0	0	0	0	0	0	0	0	0
TG	UKBB	4	147	650	5	4.12520027160645	0	0	0	0	0	0	0	0	0	0	0	0	0	0	0	0
TG	UKBB	4	148	849	5	4.99685549736023	0	0	0	0	0	0	0	0	0	0	0	0	0	0	0	0
TG	UKBB	4	149	1302	5	15.1672835350037	0	0	0	0	0	0	0	0	0	0	0	0	0	0	0	0
TG	UKBB	4	150	1181	5	9.81588053703308	0	0	0	0	0	0	0	0	0	0	0	0	0	0	0	0
TG	UKBB	4	153	1379	5	24.4917862415314	0	0	0	0	0	0	0	0	0	0	0	0	0	0	0	0
TG	UKBB	4	154	560	5	2.36350607872009	0	0	0	0	0	0	0	0	0	0	0	0	0	0	0	0
TG	UKBB	4	156	1895	5	58.8222417831421	0	0	0	0	0	0	0	0	0	0	0	0	0	0	0	0
TG	UKBB	4	159	578	5	3.36686420440674	0	1	0	0	0	1	0	0	0	0	0	0	0	0	0	0
TG	UKBB	4	161	429	5	1.36094236373901	0	0	0	0	0	0	0	0	0	0	0	0	0	0	0	0
TG	UKBB	4	162	1056	5	8.08413481712341	0	0	0	0	0	0	0	0	0	0	0	0	0	0	0	0
TG	UKBB	4	165	969	5	5.52979826927185	0	0	1	27	0	0	1	27	0	0	0	0	0	0	0	0
TG	UKBB	4	180	1338	5	16.8537864685059	0	0	0	0	0	0	0	0	0	0	0	0	0	0	0	0
TG	UKBB	4	184	748	5	3.6240565776825	0	0	0	0	0	0	0	0	0	0	0	0	0	0	0	0
TG	UKBB	4	199	315	5	1.08898115158081	0	0	0	0	0	0	0	0	0	0	0	0	0	0	0	0
TG	UKBB	5	27	2466	5	130.731179714203	0	0	0	0	0	0	0	0	0	0	0	0	0	0	0	0
TG	UKBB	5	33	730	5	3.6039559841156	0	0	0	0	0	0	0	0	0	0	0	0	0	0	0	0
TG	UKBB	5	49	433	5	2.8165557384491	0	0	0	0	0	0	0	0	0	0	0	0	0	0	0	0
TG	UKBB	5	64	1648	5	38.9903333187103	0	1	2	11	0	1	2	11	0	0	0	0	0	0	0	0
TG	UKBB	5	66	951	5	8.27384328842163	0	0	0	0	0	0	0	0	0	0	0	0	0	0	0	0
TG	UKBB	5	68	382	5	4.01099491119385	2	2	3	7	2	2	3	7	0	0	0	0	0	0	0	0
TG	UKBB	5	69	625	5	11.3550190925598	1	3	4	51	1	3	4	51	0	1	1	2	0	0	0	0
TG	UKBB	5	71	1971	5	64.445900440216107	0	0	1	8	0	0	1	8	0	0	0	0	0	0	0	0
TG	UKBB	5	72	1836	5	39.6852416992188	0	0	0	0	0	0	0	0	0	0	0	0	0	0	0	0
TG	UKBB	5	74	2276	5	92.0367851257324	0	0	0	0	0	0	0	0	0	0	0	0	0	0	0	0
TG	UKBB	5	78	413	5	1.42743968963623	0	0	1	5	0	0	1	5	0	0	0	0	0	0	0	0
TG	UKBB	5	81	1014	5	10.3305206298828	0	0	2	36	0	0	2	36	0	0	0	0	0	0	0	0
TG	UKBB	5	85	1572	5	34.7044429779053	0	0	0	0	0	0	0	0	0	0	0	0	0	0	0	0
TG	UKBB	5	88	651	5	2.90426564216614	0	0	1	26	0	0	1	26	0	0	0	0	0	0	0	0
TG	UKBB	5	92	959	5	7.28085112571716	0	0	1	40	0	0	1	40	0	0	0	0	0	0	0	0
TG	UKBB	5	96	1352	5	23.6855425834656	0	0	0	0	0	0	0	0	0	0	0	0	0	0	0	0
TG	UKBB	5	97	974	5	7.09949636459351	0	0	1	6	0	0	1	6	0	0	0	0	0	0	0	0
TG	UKBB	5	102	1396	5	20.3554749488831	0	0	0	0	0	0	0	0	0	0	0	0	0	0	0	0
TG	UKBB	5	103	1049	5	7.83915829658508	0	1	1	4	0	1	1	4	0	1	1	4	0	0	0	0
TG	UKBB	5	108	595	5	2.98817563056946	0	0	0	0	0	0	0	0	0	0	0	0	0	0	0	0
TG	UKBB	5	109	755	5	5.28042912483215	1	1	1	1	1	1	1	1	0	0	0	0	0	0	0	0
TG	UKBB	5	111	1644	5	41.2593109607697	0	0	0	0	0	0	0	0	0	0	0	0	0	0	0	0
TG	UKBB	5	114	3811	5	475.633825302124	0	0	1	18	0	0	1	18	0	0	0	0	0	0	0	0
TG	UKBB	5	116	1956	5	65.2260136604309	0	0	0	0	0	0	0	0	0	0	0	0	0	0	0	0
TG	UKBB	5	120	1666	5	41.6245682239532	0	0	0	0	0	0	0	0	0	0	0	0	0	0	0	0
TG	UKBB	5	127	2226	5	93.4671039581299	0	0	1	5	0	0	1	5	0	0	0	0	0	0	0	0
TG	UKBB	5	130	1961	5	64.0454852581024	0	0	0	0	0	0	0	0	0	0	0	0	0	0	0	0
TG	UKBB	5	136	1723	5	45.1562504768372	0	0	0	0	0	0	0	0	0	0	0	0	0	0	0	0
TG	UKBB	5	142	1110	5	10.6759283542633	0	0	0	0	0	0	0	0	0	0	0	0	0	0	0	0
TG	UKBB	5	145	1671	5	33.6437842845917	0	0	1	16	0	0	1	16	0	0	0	0	0	0	0	0
TG	UKBB	5	146	1442	5	20.6132164001465	0	0	2	25	0	0	2	25	0	0	0	0	0	0	0	0
TG	UKBB	5	147	873	5	6.75962543487549	0	0	1	11	0	0	1	11	0	0	1	11	0	0	0	0
TG	UKBB	5	152	2186	5	92.0148313045502	0	0	0	0	0	0	0	0	0	0	0	0	0	0	0	0
TG	UKBB	5	156	993	5	7.89832091331482	0	0	0	0	0	0	0	0	0	0	0	0	0	0	0	0
TG	UKBB	5	158	896	5	4.54478216171265	0	0	0	0	0	0	0	0	0	0	0	0	0	0	0	0
TG	UKBB	5	159	177	5	2.15112781524658	0	0	0	0	0	0	0	0	0	0	0	0	0	0	0	0
TG	UKBB	5	164	853	5	3.98730063438416	0	0	1	6	0	0	1	6	0	0	1	6	0	0	1	6
TG	UKBB	5	166	1388	5	18.5391998291016	1	2	3	11	1	2	3	11	0	1	1	1	0	0	1	6
TG	UKBB	5	167	982	5	6.85717725753784	0	0	0	0	0	0	0	0	0	0	0	0	0	0	0	0
TG	UKBB	5	168	1292	5	16.5925586223602	0	0	3	43	0	0	3	43	0	0	1	7	0	0	0	0
TG	UKBB	5	174	1343	5	18.080943107605	0	0	0	0	0	0	0	0	0	0	0	0	0	0	0	0
TG	UKBB	5	177	940	5	8.41459608078003	1	2	1	1	1	2	1	1	0	0	0	0	0	1	1	1
TG	UKBB	5	181	469	5	3.8046669960022	0	0	0	0	0	0	0	0	0	0	0	0	0	0	0	0
TG	UKBB	5	182	553	5	2.03254175186157	0	1	1	2	0	1	1	2	0	0	0	0	0	0	0	0
TG	UKBB	5	191	1903	5	56.4046406745911	0	0	0	0	0	0	0	0	0	0	0	0	0	0	0	0
TG	UKBB	5	192	289	5	1.26201510429382	0	0	0	0	0	0	0	0	0	0	0	0	0	0	0	0
TG	UKBB	5	193	486	5	2.27989721298218	0	0	0	0	0	0	0	0	0	0	0	0	0	0	0	0
TG	UKBB	5	194	493	5	1.64334893226624	0	0	1	8	0	0	1	8	0	0	0	0	0	0	0	0
TG	UKBB	5	202	310	5	1.43494939804077	0	0	0	0	0	0	0	0	0	0	0	0	0	0	0	0
TG	UKBB	5	205	639	5	3.88634634017944	0	0	1	30	0	0	1	30	0	0	0	0	0	0	0	0
TG	UKBB	6	3	248	5	0.851087331771851	0	0	0	0	0	0	0	0	0	0	0	0	0	0	0	0
TG	UKBB	6	19	1210	5	11.6581256389618	0	0	0	0	0	0	0	0	0	0	0	0	0	0	0	0
TG	UKBB	6	21	838	5	5.10678052902222	0	0	1	17	0	0	1	17	0	0	0	0	0	0	0	0
TG	UKBB	6	27	755	5	3.77170324325562	0	0	1	9	0	0	1	9	0	0	0	0	0	0	0	0
TG	UKBB	6	29	1136	5	9.52358651161194	0	0	0	0	0	0	0	0	0	0	0	0	0	0	0	0
TG	UKBB	6	32	476	5	3.2231605052948	0	0	0	0	0	0	0	0	0	0	0	0	0	0	0	0
TG	UKBB	6	39	2000	5	67.7592661380768	0	0	1	36	0	0	1	36	0	0	0	0	0	0	0	0
TG	UKBB	6	43	1278	5	15.2930207252502	0	0	3	32	0	0	2	26	0	0	0	0	0	0	0	0
TG	UKBB	6	46	144	5	0.7310471534729	0	0	0	0	0	0	0	0	0	0	0	0	0	0	0	0
TG	UKBB	6	47	1670	5	35.5837569236755	0	0	0	0	0	0	0	0	0	0	0	0	0	0	0	0
TG	UKBB	6	51	2189	5	87.5064904689789	0	1	1	3	0	1	1	3	0	0	0	0	0	0	0	0
TG	UKBB	6	52	806	5	4.0731360912323	0	0	1	8	0	0	1	8	0	0	0	0	0	0	1	8
TG	UKBB	6	53	693	5	3.15218329429626	0	1	1	2	0	1	1	2	0	0	0	0	0	0	0	0
TG	UKBB	6	56	737	5	3.55286693572998	0	0	0	0	0	0	0	0	0	0	0	0	0	0	0	0
TG	UKBB	6	57	848	5	5.86560869216919	0	0	0	0	0	0	0	0	0	0	0	0	0	0	0	0
TG	UKBB	6	58	1317	5	15.596378326416	0	0	0	0	0	0	0	0	0	0	0	0	0	0	0	0
TG	UKBB	6	60	632	5	2.90782499313354	0	0	0	0	0	0	0	0	0	0	0	0	0	0	0	0
TG	UKBB	6	63	993	5	7.5491406917572	0	2	3	24	0	2	3	24	0	0	0	0	0	0	1	8
TG	UKBB	6	64	105	10	3.58111238479614	2	3	6	32	2	3	6	32	0	1	1	1	0	1	1	1
TG	UKBB	6	73	215	5	0.476505279541016	0	0	1	8	0	0	1	8	0	0	0	0	0	0	1	8
TG	UKBB	6	74	636	5	2.23577499389648	0	0	0	0	0	0	0	0	0	0	0	0	0	0	0	0
TG	UKBB	6	75	225	5	1.48990964889526	0	0	1	8	0	0	1	8	0	0	0	0	0	0	0	0
TG	UKBB	6	76	2358	5	107.873551607132	0	0	0	0	0	0	0	0	0	0	0	0	0	0	0	0
TG	UKBB	6	81	2250	5	99.8700442314148	0	0	0	0	0	0	0	0	0	0	0	0	0	0	0	0
TG	UKBB	6	88	3143	5	281.406548261642	0	0	1	136	0	0	1	136	0	0	0	0	0	0	0	0
TG	UKBB	6	94	1792	5	50.6631412506104	0	0	0	0	0	0	0	0	0	0	0	0	0	0	0	0
TG	UKBB	6	97	1194	5	12.2345342636108	0	0	1	32	0	0	1	32	0	0	0	0	0	0	0	0
TG	UKBB	6	98	1314	5	17.747501373291	0	0	1	33	0	0	1	33	0	0	0	0	0	0	0	0
TG	UKBB	6	99	1444	5	22.6818151473999	0	0	0	0	0	0	0	0	0	0	0	0	0	0	0	0
TG	UKBB	6	100	25	5	0.293338060379028	0	1	0	0	0	1	0	0	0	0	0	0	0	0	0	0
TG	UKBB	6	105	1355	5	14.2330460548401	0	1	1	3	0	1	1	3	0	0	0	0	0	0	0	0
TG	UKBB	6	106	1072	5	11.0127739906311	0	0	1	6	0	0	1	6	0	0	0	0	0	0	1	6
TG	UKBB	6	108	377	5	2.3830943107605	0	0	0	0	0	0	0	0	0	0	0	0	0	0	0	0
TG	UKBB	6	109	1069	5	8.79603314399719	0	0	2	49	0	0	2	49	0	0	0	0	0	0	0	0
TG	UKBB	6	111	828	5	8.17421889305115	0	0	1	38	0	0	1	38	0	0	0	0	0	0	0	0
TG	UKBB	6	112	1169	5	11.2484593391418	1	1	2	12	1	1	2	12	0	0	0	0	0	0	0	0
TG	UKBB	6	116	1613	5	31.6899132728577	1	1	1	1	1	1	1	1	1	1	1	1	0	0	0	0
TG	UKBB	6	124	1289	5	13.492767572403	1	1	3	28	1	1	3	28	0	0	1	5	0	0	0	0
TG	UKBB	6	125	722	5	4.35182476043701	0	0	1	40	0	0	1	40	0	0	0	0	0	0	0	0
TG	UKBB	6	127	875	5	4.50143837928772	0	0	1	7	0	0	1	7	0	0	0	0	0	0	0	0
TG	UKBB	6	130	1662	5	40.4275660514832	0	0	1	9	0	0	1	9	0	0	0	0	0	0	0	0
TG	UKBB	6	140	937	5	5.07997727394104	0	0	0	0	0	0	0	0	0	0	0	0	0	0	0	0
TG	UKBB	6	143	49	5	0.177599430084229	0	1	0	0	0	1	0	0	0	0	0	0	0	0	0	0
TG	UKBB	6	146	572	5	3.37718105316162	0	0	0	0	0	0	0	0	0	0	0	0	0	0	0	0
TG	UKBB	6	149	1734	5	53.8108892440796	0	0	0	0	0	0	0	0	0	0	0	0	0	0	0	0
TG	UKBB	6	154	1104	5	9.12824678421021	0	0	1	15	0	0	1	15	0	0	0	0	0	0	0	0
TG	UKBB	6	157	563	5	2.90133094787598	0	0	0	0	0	0	0	0	0	0	0	0	0	0	0	0
TG	UKBB	6	158	1045	5	9.71608376502991	0	0	0	0	0	0	0	0	0	0	0	0	0	0	0	0
TG	UKBB	6	160	1438	5	22.8722581863403	0	2	1	5	0	2	1	5	0	0	0	0	0	0	0	0
TG	UKBB	6	161	1057	5	7.27343273162842	0	0	1	17	0	0	1	17	0	0	0	0	0	0	0	0
TG	UKBB	6	169	2432	5	136.775624275208	1	3	4	13	1	3	4	13	0	0	0	0	0	0	0	0
TG	UKBB	6	173	1546	5	28.2982416152954	0	0	0	0	0	0	0	0	0	0	0	0	0	0	0	0
TG	UKBB	6	175	749	5	3.89750242233276	0	0	1	4	0	0	1	4	0	0	0	0	0	0	0	0
TG	UKBB	6	178	556	5	2.86243963241577	0	0	1	7	0	0	1	7	0	0	0	0	0	0	0	0
TG	UKBB	6	179	900	5	8.83346009254456	0	0	1	9	0	0	1	9	0	0	0	0	0	0	0	0
TG	UKBB	6	182	1138	5	11.6296927928925	0	0	0	0	0	0	0	0	0	0	0	0	0	0	0	0
TG	UKBB	7	3	566	5	2.38528442382812	0	0	1	6	0	0	1	6	0	0	1	6	0	0	0	0
TG	UKBB	7	8	2353	5	110.090240716934	0	0	0	0	0	0	0	0	0	0	0	0	0	0	0	0
TG	UKBB	7	11	472	5	1.37314438819885	0	0	1	15	0	0	1	15	0	0	0	0	0	0	0	0
TG	UKBB	7	12	1539	5	24.922055721283	0	1	1	2	0	1	1	2	0	0	0	0	0	1	1	2
TG	UKBB	7	13	672	5	3.99441909790039	0	0	1	19	0	0	1	19	0	0	0	0	0	0	0	0
TG	UKBB	7	25	2227	5	89.8633801937103	0	0	0	0	0	0	0	0	0	0	0	0	0	0	0	0
TG	UKBB	7	26	1867	5	60.5616083145142	0	0	0	0	0	0	0	0	0	0	0	0	0	0	0	0
TG	UKBB	7	29	1275	5	14.6926186084747	0	0	1	8	0	0	1	8	0	0	0	0	0	0	0	0
TG	UKBB	7	30	1338	5	13.898752450943	0	0	0	0	0	0	0	0	0	0	0	0	0	0	0	0
TG	UKBB	7	31	1427	5	19.6477582454681	0	1	2	32	0	1	2	32	0	0	0	0	0	0	0	0
TG	UKBB	7	32	1510	5	20.935432434082	1	2	2	15	1	2	2	15	0	1	1	1	0	0	0	0
TG	UKBB	7	33	1807	5	48.8060450553894	0	0	1	6	0	0	1	6	0	0	1	6	0	0	0	0
TG	UKBB	7	35	1770	5	39.3342385292053	0	0	0	0	0	0	0	0	0	0	0	0	0	0	0	0
TG	UKBB	7	37	1656	5	34.3107440471649	0	0	0	0	0	0	0	0	0	0	0	0	0	0	0	0
TG	UKBB	7	41	1374	5	34.2320184707642	0	0	0	0	0	0	0	0	0	0	0	0	0	0	0	0
TG	UKBB	7	42	1409	10	46.0672888755798	3	5	5	11	3	5	5	11	0	0	1	2	0	2	2	7
TG	UKBB	7	43	1629	5	41.1783545017242	0	0	0	0	0	0	0	0	0	0	0	0	0	0	0	0
TG	UKBB	7	44	259	5	0.830300092697144	0	0	0	0	0	0	0	0	0	0	0	0	0	0	0	0
TG	UKBB	7	45	634	5	2.8827440738678	0	1	0	0	0	1	0	0	0	1	0	0	0	0	0	0
TG	UKBB	7	48	325	5	2.23315048217773	0	1	1	3	0	1	1	3	0	0	0	0	0	0	0	0
TG	UKBB	7	50	897	5	4.49979758262634	0	1	1	2	0	1	1	2	0	0	0	0	0	0	0	0
TG	UKBB	7	54	1515	5	26.825555562973	0	0	0	0	0	0	0	0	0	0	0	0	0	0	0	0
TG	UKBB	7	58	1287	5	19.1807968616486	0	0	1	11	0	0	1	11	0	0	0	0	0	0	0	0
TG	UKBB	7	64	123	5	0.543323516845703	0	1	0	0	0	1	0	0	0	0	0	0	0	0	0	0
TG	UKBB	7	66	571	5	2.91514253616333	0	0	0	0	0	0	0	0	0	0	0	0	0	0	0	0
TG	UKBB	7	67	2915	5	210.019150018692	0	1	2	27	0	1	2	27	0	0	0	0	0	0	0	0
TG	UKBB	7	69	851	5	8.40602374076843	0	0	0	0	0	0	0	0	0	0	0	0	0	0	0	0
TG	UKBB	7	73	431	5	1.17893004417419	0	1	1	4	0	1	1	4	0	0	0	0	0	0	0	0
TG	UKBB	7	74	685	5	3.08724617958069	0	0	0	0	0	0	0	0	0	0	0	0	0	0	0	0
TG	UKBB	7	85	982	5	8.55856537818909	2	4	4	10	2	4	4	10	0	0	0	0	0	2	1	1
TG	UKBB	7	86	337	5	1.25501847267151	1	2	1	1	1	2	1	1	0	0	0	0	0	0	0	0
TG	UKBB	7	87	200	5	3.04429078102112	0	1	2	8	0	1	2	8	0	0	0	0	0	0	0	0
TG	UKBB	7	88	1574	5	25.3500745296478	0	1	2	15	0	1	2	15	0	0	0	0	0	0	0	0
TG	UKBB	7	93	557	5	2.10061073303223	0	0	0	0	0	0	0	0	0	0	0	0	0	0	0	0
TG	UKBB	7	95	842	5	6.85402870178223	0	0	0	0	0	0	0	0	0	0	0	0	0	0	0	0
TG	UKBB	7	103	905	5	7.03829836845398	0	0	0	0	0	0	0	0	0	0	0	0	0	0	0	0
TG	UKBB	7	109	960	5	6.19296193122864	0	0	0	0	0	0	0	0	0	0	0	0	0	0	0	0
TG	UKBB	7	114	2257	5	65.3754391670227	0	0	0	0	0	0	0	0	0	0	0	0	0	0	0	0
TG	UKBB	7	118	517	5	1.50448131561279	0	0	0	0	0	0	0	0	0	0	0	0	0	0	0	0
TG	UKBB	7	119	814	5	4.83990621566772	0	0	1	63	0	0	1	63	0	0	0	0	0	0	0	0
TG	UKBB	7	120	173	5	1.04343295097351	0	0	0	0	0	0	0	0	0	0	0	0	0	0	0	0
TG	UKBB	7	121	2065	5	67.9612245559692	0	0	0	0	0	0	0	0	0	0	0	0	0	0	0	0
TG	UKBB	7	125	938	5	7.24227523803711	0	0	0	0	0	0	0	0	0	0	0	0	0	0	0	0
TG	UKBB	7	127	251	5	1.31143188476562	0	0	1	12	0	0	1	12	0	0	0	0	0	0	0	0
TG	UKBB	7	128	275	5	1.2406222820282	0	0	1	48	0	0	0	0	0	0	0	0	0	0	0	0
TG	UKBB	7	132	2480	5	128.829043388367	0	0	0	0	0	0	0	0	0	0	0	0	0	0	0	0
TG	UKBB	7	133	1861	5	61.3391780853271	1	3	3	11	1	3	3	11	0	0	0	0	0	0	0	0
TG	UKBB	7	143	349	5	1.93241834640503	0	0	0	0	0	0	0	0	0	0	0	0	0	0	0	0
TG	UKBB	7	145	829	5	6.17587542533875	0	0	0	0	0	0	0	0	0	0	0	0	0	0	0	0
TG	UKBB	7	147	456	5	2.13630366325378	0	1	1	2	0	1	1	2	0	0	0	0	0	0	0	0
TG	UKBB	7	148	599	5	5.40538835525513	0	0	0	0	0	0	0	0	0	0	0	0	0	0	0	0
TG	UKBB	7	161	323	5	1.49183654785156	0	0	1	21	0	0	1	21	0	0	0	0	0	0	0	0
TG	UKBB	7	162	2009	5	86.1204240322113	0	1	3	44	0	1	3	44	0	0	0	0	0	0	0	0
TG	UKBB	7	169	278	5	1.74864411354065	0	0	0	0	0	0	0	0	0	0	0	0	0	0	0	0
TG	UKBB	7	177	115	5	0.251668930053711	0	0	0	0	0	0	0	0	0	0	0	0	0	0	0	0
TG	UKBB	7	184	1053	5	7.69120478630066	0	1	0	0	0	1	0	0	0	1	0	0	0	0	0	0
TG	UKBB	8	13	498	5	1.4869704246521	0	0	0	0	0	0	0	0	0	0	0	0	0	0	0	0
TG	UKBB	8	17	1183	5	10.6601552963257	0	0	0	0	0	0	0	0	0	0	0	0	0	0	0	0
TG	UKBB	8	20	1441	5	23.5203003883362	1	1	1	1	1	1	1	1	1	1	1	1	1	1	1	1
TG	UKBB	8	21	1604	5	29.1909399032593	0	0	0	0	0	0	0	0	0	0	0	0	0	0	0	0
TG	UKBB	8	24	2804	5	196.089271306992	0	0	1	28	0	0	1	28	0	0	0	0	0	0	0	0
TG	UKBB	8	27	922	5	7.10645151138306	0	0	0	0	0	0	0	0	0	0	0	0	0	0	0	0
TG	UKBB	8	28	794	5	4.36377167701721	0	0	0	0	0	0	0	0	0	0	0	0	0	0	0	0
TG	UKBB	8	29	2908	5	190.959335803986	0	1	1	2	0	1	1	2	0	0	0	0	0	1	1	2
TG	UKBB	8	31	235	5	0.876494407653809	0	0	0	0	0	0	0	0	0	0	0	0	0	0	0	0
TG	UKBB	8	32	1580	15	213.677987098694	11	14	14	18	11	14	14	18	1	3	3	3	0	3	3	3
TG	UKBB	8	33	1527	5	28.9003522396088	0	2	3	22	0	2	3	22	0	0	0	0	0	0	1	3
TG	UKBB	8	34	542	5	2.59588694572449	0	0	0	0	0	0	0	0	0	0	0	0	0	0	0	0
TG	UKBB	8	35	585	5	3.6357045173645	0	0	0	0	0	0	0	0	0	0	0	0	0	0	0	0
TG	UKBB	8	38	454	5	2.61720442771912	0	1	0	0	0	1	0	0	0	0	0	0	0	0	0	0
TG	UKBB	8	39	1014	5	9.0306134223938	0	0	1	15	0	0	1	15	0	0	0	0	0	0	0	0
TG	UKBB	8	40	1270	5	13.3712468147278	0	0	1	11	0	0	1	11	0	0	0	0	0	0	0	0
TG	UKBB	8	41	804	5	6.62242364883423	0	0	0	0	0	0	0	0	0	0	0	0	0	0	0	0
TG	UKBB	8	42	1653	5	36.7563011646271	0	0	0	0	0	0	0	0	0	0	0	0	0	0	0	0
TG	UKBB	8	46	470	5	2.78016567230225	0	0	0	0	0	0	0	0	0	0	0	0	0	0	0	0
TG	UKBB	8	48	1187	5	10.0062544345856	0	0	1	8	0	0	1	8	0	0	0	0	0	0	0	0
TG	UKBB	8	51	1240	5	15.06192278862	0	0	0	0	0	0	0	0	0	0	0	0	0	0	0	0
TG	UKBB	8	53	733	5	4.50533175468445	0	0	1	6	0	0	1	6	0	0	0	0	0	0	0	0
TG	UKBB	8	54	211	5	1.09697818756104	0	1	1	4	0	1	1	4	0	0	0	0	0	0	0	0
TG	UKBB	8	55	548	5	2.52934813499451	0	0	1	9	0	0	1	9	0	0	0	0	0	0	0	0
TG	UKBB	8	65	768	5	5.38863134384155	0	1	1	7	0	1	1	7	0	0	0	0	0	0	0	0
TG	UKBB	8	66	1476	5	29.1275572776794	0	0	1	29	0	0	1	29	0	0	0	0	0	0	0	0
TG	UKBB	8	68	1136	5	12.4341220855713	0	1	2	8	0	1	2	8	0	0	0	0	0	1	1	5
TG	UKBB	8	69	1955	5	62.4061100482941	0	0	0	0	0	0	0	0	0	0	0	0	0	0	0	0
TG	UKBB	8	71	1213	5	11.3248970508575	0	0	1	37	0	0	1	37	0	0	0	0	0	0	0	0
TG	UKBB	8	77	1073	5	9.32003378868103	0	0	1	40	0	0	1	40	0	0	0	0	0	0	0	0
TG	UKBB	8	78	293	5	2.49690937995911	0	0	2	23	0	0	2	23	0	0	0	0	0	0	0	0
TG	UKBB	8	80	572	5	3.8142511844635	0	0	0	0	0	0	0	0	0	0	0	0	0	0	0	0
TG	UKBB	8	83	1919	5	50.2211401462555	0	0	0	0	0	0	0	0	0	0	0	0	0	0	0	0
TG	UKBB	8	84	2628	5	148.398213386536	0	0	0	0	0	0	0	0	0	0	0	0	0	0	0	0
TG	UKBB	8	85	803	5	4.0273323059082	0	0	0	0	0	0	0	0	0	0	0	0	0	0	0	0
TG	UKBB	8	86	101	5	0.21844220161438	0	0	0	0	0	0	0	0	0	0	0	0	0	0	0	0
TG	UKBB	8	88	1360	5	14.1680834293365	0	0	0	0	0	0	0	0	0	0	0	0	0	0	0	0
TG	UKBB	8	92	1440	5	21.0747363567352	0	0	0	0	0	0	0	0	0	0	0	0	0	0	0	0
TG	UKBB	8	107	473	5	1.19988226890564	0	0	0	0	0	0	0	0	0	0	0	0	0	0	0	0
TG	UKBB	8	108	2147	5	80.511323928833	0	0	1	16	0	0	1	16	0	0	0	0	0	0	1	16
TG	UKBB	8	113	801	5	4.46540451049805	0	0	2	24	0	0	2	24	0	0	0	0	0	0	0	0
TG	UKBB	8	114	761	5	4.57233428955078	0	0	1	4	0	0	1	4	0	0	0	0	0	0	0	0
TG	UKBB	8	124	764	5	5.47333908081055	0	0	0	0	0	0	0	0	0	0	0	0	0	0	0	0
TG	UKBB	8	125	333	10	8.7883927822113	5	6	8	16	5	6	8	16	0	2	2	5	0	2	3	6
TG	UKBB	8	126	139	5	0.402267694473267	0	0	0	0	0	0	0	0	0	0	0	0	0	0	0	0
TG	UKBB	8	130	716	5	4.4885790348053	1	1	1	1	1	1	1	1	0	1	1	1	0	0	0	0
TG	UKBB	8	133	1217	5	13.2859163284302	1	1	1	1	1	1	1	1	0	0	0	0	0	0	0	0
TG	UKBB	8	141	781	5	5.4341926574707	0	0	0	0	0	0	0	0	0	0	0	0	0	0	0	0
TG	UKBB	8	154	664	5	7.33243775367737	0	1	0	0	0	1	0	0	0	1	0	0	0	0	0	0
TG	UKBB	8	159	571	5	4.9771876335144	0	0	0	0	0	0	0	0	0	0	0	0	0	0	0	0
TG	UKBB	9	1	2083	5	79.3113439083099	0	0	1	5	0	0	1	5	0	0	0	0	0	0	0	0
TG	UKBB	9	4	1303	5	15.5627119541168	0	0	0	0	0	0	0	0	0	0	0	0	0	0	0	0
TG	UKBB	9	9	977	5	10.109715461731	0	0	0	0	0	0	0	0	0	0	0	0	0	0	0	0
TG	UKBB	9	13	1731	5	46.3815960884094	0	0	0	0	0	0	0	0	0	0	0	0	0	0	0	0
TG	UKBB	9	27	3026	5	238.074059724808	0	0	1	19	0	0	1	19	0	0	0	0	0	0	0	0
TG	UKBB	9	28	1107	5	8.03140306472778	0	1	1	4	0	1	1	4	0	1	0	0	0	0	0	0
TG	UKBB	9	31	1824	5	54.6314718723297	0	1	1	2	0	1	1	2	0	0	0	0	0	0	0	0
TG	UKBB	9	32	660	5	5.15902662277222	0	0	0	0	0	0	0	0	0	0	0	0	0	0	0	0
TG	UKBB	9	33	1421	5	16.4005377292633	0	0	1	16	0	0	1	16	0	0	0	0	0	0	0	0
TG	UKBB	9	39	488	5	2.96960353851318	0	0	0	0	0	0	0	0	0	0	0	0	0	0	0	0
TG	UKBB	9	41	186	5	1.14087438583374	0	0	0	0	0	0	0	0	0	0	0	0	0	0	0	0
TG	UKBB	9	48	295	5	0.691955327987671	0	0	1	12	0	0	1	12	0	0	0	0	0	0	0	0
TG	UKBB	9	50	1581	5	19.0923495292664	0	0	0	0	0	0	0	0	0	0	0	0	0	0	0	0
TG	UKBB	9	53	1883	5	52.029191493988	0	0	0	0	0	0	0	0	0	0	0	0	0	0	0	0
TG	UKBB	9	71	130	5	0.273303270339966	0	0	0	0	0	0	0	0	0	0	0	0	0	0	0	0
TG	UKBB	9	72	324	5	1.94966006278992	0	0	0	0	0	0	0	0	0	0	0	0	0	0	0	0
TG	UKBB	9	77	773	5	4.57292318344116	0	0	0	0	0	0	0	0	0	0	0	0	0	0	0	0
TG	UKBB	9	84	1055	5	9.80153465270996	0	0	1	13	0	0	1	13	0	0	0	0	0	0	0	0
TG	UKBB	9	93	1120	5	13.1246223449707	0	0	2	17	0	0	2	17	0	0	1	13	0	0	0	0
TG	UKBB	9	97	712	5	2.68026161193848	0	0	0	0	0	0	0	0	0	0	0	0	0	0	0	0
TG	UKBB	9	98	1813	5	61.3404302597046	0	1	1	21	0	1	1	21	0	0	1	21	0	0	0	0
TG	UKBB	9	100	1589	5	37.7439603805542	0	0	0	0	0	0	0	0	0	0	0	0	0	0	0	0
TG	UKBB	9	102	1439	5	21.9951210021973	0	0	1	31	0	0	1	31	0	0	0	0	0	0	0	0
TG	UKBB	9	105	340	5	1.43848013877869	0	0	0	0	0	0	0	0	0	0	0	0	0	0	0	0
TG	UKBB	9	106	1174	5	9.2213408946991	0	0	0	0	0	0	0	0	0	0	0	0	0	0	0	0
TG	UKBB	9	107	412	5	2.68609738349915	0	0	1	12	0	0	0	0	0	0	0	0	0	0	0	0
TG	UKBB	9	110	1975	5	61.6938326358795	0	1	0	0	0	1	0	0	0	1	0	0	0	0	0	0
TG	UKBB	9	111	79	5	0.368231058120728	0	1	2	5	0	1	2	5	0	0	0	0	0	0	0	0
TG	UKBB	9	112	1518	5	27.6132867336273	0	0	0	0	0	0	0	0	0	0	0	0	0	0	0	0
TG	UKBB	9	114	540	5	4.54100203514099	0	0	0	0	0	0	0	0	0	0	0	0	0	0	0	0
TG	UKBB	9	115	2315	5	109.007114648819	0	0	0	0	0	0	0	0	0	0	0	0	0	0	0	0
TG	UKBB	9	116	1121	5	8.96456336975098	0	1	2	9	0	1	2	9	0	0	0	0	0	0	0	0
TG	UKBB	9	118	2461	5	125.362999677658	0	0	0	0	0	0	0	0	0	0	0	0	0	0	0	0
TG	UKBB	9	124	923	5	5.91021466255188	0	0	0	0	0	0	0	0	0	0	0	0	0	0	0	0
TG	UKBB	9	128	68	5	0.314563751220703	0	0	1	16	0	0	1	16	0	0	0	0	0	0	0	0
TG	UKBB	9	129	1408	5	17.0657742023468	0	0	0	0	0	0	0	0	0	0	0	0	0	0	0	0
TG	UKBB	9	134	1907	5	55.9395771026611	0	0	1	37	0	0	1	37	0	0	0	0	0	0	0	0
TG	UKBB	9	135	730	5	6.29856014251709	0	0	0	0	0	0	0	0	0	0	0	0	0	0	0	0
TG	UKBB	9	136	1156	5	10.0815892219543	0	0	0	0	0	0	0	0	0	0	0	0	0	0	0	0
TG	UKBB	9	138	1316	5	12.8851745128632	0	0	0	0	0	0	0	0	0	0	0	0	0	0	0	0
TG	UKBB	9	140	1770	5	56.3814170360565	0	0	0	0	0	0	0	0	0	0	0	0	0	0	0	0
TG	UKBB	9	142	647	5	3.45893406867981	0	0	0	0	0	0	0	0	0	0	0	0	0	0	0	0
TG	UKBB	9	149	513	5	3.02639627456665	0	1	1	2	0	1	1	2	0	1	1	2	0	0	1	2
TG	UKBB	9	160	152	5	0.480642318725586	0	0	0	0	0	0	0	0	0	0	0	0	0	0	0	0
TG	UKBB	9	161	220	5	1.17726969718933	0	0	1	18	0	0	1	18	0	0	1	18	0	0	0	0
TG	UKBB	10	13	1104	5	9.26597809791565	0	0	1	10	0	0	1	10	0	0	0	0	0	0	0	0
TG	UKBB	10	14	1522	5	23.0354988574982	0	0	0	0	0	0	0	0	0	0	0	0	0	0	0	0
TG	UKBB	10	20	38	5	0.125230312347412	0	0	1	7	0	0	1	7	0	0	0	0	0	0	0	0
TG	UKBB	10	22	1215	5	11.6468045711517	0	1	1	3	0	1	1	3	0	1	1	3	0	0	0	0
TG	UKBB	10	26	1447	5	21.2386825084686	0	0	0	0	0	0	0	0	0	0	0	0	0	0	0	0
TG	UKBB	10	34	489	5	2.1053626537323	0	0	0	0	0	0	0	0	0	0	0	0	0	0	0	0
TG	UKBB	10	43	1027	5	8.45996308326721	0	0	1	6	0	0	1	6	0	0	0	0	0	0	0	0
TG	UKBB	10	44	750	5	3.60630393028259	0	0	0	0	0	0	0	0	0	0	0	0	0	0	0	0
TG	UKBB	10	45	1667	5	35.4173703193665	0	0	0	0	0	0	0	0	0	0	0	0	0	0	0	0
TG	UKBB	10	48	1423	5	21.8757131099701	0	0	0	0	0	0	0	0	0	0	0	0	0	0	0	0
TG	UKBB	10	49	1066	5	9.10432100296021	0	0	0	0	0	0	0	0	0	0	0	0	0	0	0	0
TG	UKBB	10	59	793	5	5.64012050628662	0	0	0	0	0	0	0	0	0	0	0	0	0	0	0	0
TG	UKBB	10	60	1640	5	37.2421882152557	0	0	2	26	0	0	2	26	0	0	0	0	0	0	0	0
TG	UKBB	10	61	649	5	3.5146689414978	0	0	0	0	0	0	0	0	0	0	0	0	0	0	0	0
TG	UKBB	10	64	256	5	0.591692447662354	0	0	0	0	0	0	0	0	0	0	0	0	0	0	0	0
TG	UKBB	10	70	1305	5	16.322021484375	0	0	0	0	0	0	0	0	0	0	0	0	0	0	0	0
TG	UKBB	10	76	2880	5	169.789276838303	0	0	1	20	0	0	1	20	0	0	0	0	0	0	0	0
TG	UKBB	10	78	759	5	3.85821485519409	0	0	1	47	0	0	1	47	0	0	0	0	0	0	0	0
TG	UKBB	10	79	1517	5	32.5111787319183	0	2	2	6	0	2	2	6	0	0	0	0	0	0	0	0
TG	UKBB	10	80	1235	5	24.3945920467377	0	0	1	6	0	0	1	6	0	0	1	6	0	0	0	0
TG	UKBB	10	81	1419	5	15.4486112594604	0	0	1	10	0	0	1	10	0	0	0	0	0	0	0	0
TG	UKBB	10	84	1961	5	37.2502310276031	0	0	0	0	0	0	0	0	0	0	0	0	0	0	0	0
TG	UKBB	10	85	441	5	1.54428815841675	0	0	0	0	0	0	0	0	0	0	0	0	0	0	0	0
TG	UKBB	10	92	2198	5	73.1608514785767	0	1	1	17	0	1	1	17	0	0	0	0	0	0	0	0
TG	UKBB	10	93	355	5	1.49617266654968	0	0	2	22	0	0	2	22	0	0	0	0	0	0	0	0
TG	UKBB	10	99	119	5	0.366830825805664	0	0	0	0	0	0	0	0	0	0	0	0	0	0	0	0
TG	UKBB	10	100	419	5	3.57184529304504	0	0	1	5	0	0	1	5	0	0	0	0	0	0	0	0
TG	UKBB	10	109	1302	5	15.4721357822418	0	1	0	0	0	1	0	0	0	1	0	0	0	0	0	0
TG	UKBB	10	110	442	5	2.69914078712463	0	1	1	15	0	1	1	15	0	0	0	0	0	0	0	0
TG	UKBB	10	111	852	5	4.20659112930298	0	0	0	0	0	0	0	0	0	0	0	0	0	0	0	0
TG	UKBB	10	112	402	5	1.80474758148193	0	0	0	0	0	0	0	0	0	0	0	0	0	0	0	0
TG	UKBB	10	117	1671	10	81.5458798408508	1	3	6	43	1	3	6	43	0	0	0	0	0	0	1	10
TG	UKBB	10	120	1190	5	10.895213842392	0	0	0	0	0	0	0	0	0	0	0	0	0	0	0	0
TG	UKBB	10	123	1259	5	11.2657098770142	0	0	0	0	0	0	0	0	0	0	0	0	0	0	0	0
TG	UKBB	10	124	341	5	1.41711449623108	0	0	1	5	0	0	1	5	0	0	0	0	0	0	0	0
TG	UKBB	10	126	1603	5	22.9708061218262	0	0	1	23	0	0	1	23	0	0	0	0	0	0	0	0
TG	UKBB	10	129	1690	5	45.0224986076355	0	0	0	0	0	0	0	0	0	0	0	0	0	0	0	0
TG	UKBB	10	131	1501	5	22.4426159858704	0	0	0	0	0	0	0	0	0	0	0	0	0	0	0	0
TG	UKBB	10	136	2018	5	69.2937479019165	0	0	0	0	0	0	0	0	0	0	0	0	0	0	0	0
TG	UKBB	10	137	1687	5	41.4374108314514	0	1	1	13	0	1	1	13	0	0	0	0	0	0	0	0
TG	UKBB	10	138	314	5	1.657639503479	0	0	2	18	0	0	2	18	0	0	0	0	0	0	0	0
TG	UKBB	10	140	208	5	1.75036191940308	0	0	0	0	0	0	0	0	0	0	0	0	0	0	0	0
TG	UKBB	10	142	388	5	2.00296258926392	0	0	2	26	0	0	2	26	0	0	0	0	0	0	1	4
TG	UKBB	10	144	621	5	1.86765074729919	0	0	0	0	0	0	0	0	0	0	0	0	0	0	0	0
TG	UKBB	10	145	579	5	2.42211961746216	0	0	0	0	0	0	0	0	0	0	0	0	0	0	0	0
TG	UKBB	10	148	956	5	9.39583015441895	0	0	0	0	0	0	0	0	0	0	0	0	0	0	0	0
TG	UKBB	10	152	1064	5	9.7545964717865	0	0	1	15	0	0	1	15	0	0	0	0	0	0	0	0
TG	UKBB	10	167	226	5	1.41275882720947	0	0	0	0	0	0	0	0	0	0	0	0	0	0	0	0
TG	UKBB	10	176	670	5	3.98494338989258	0	0	0	0	0	0	0	0	0	0	0	0	0	0	0	0
TG	UKBB	10	177	329	5	2.0191912651062	0	0	0	0	0	0	0	0	0	0	0	0	0	0	0	0
TG	UKBB	11	2	418	5	1.451819896698	0	0	0	0	0	0	0	0	0	0	0	0	0	0	0	0
TG	UKBB	11	4	472	5	3.12544250488281	0	1	1	23	0	1	1	23	0	1	0	0	0	0	1	23
TG	UKBB	11	7	423	5	1.94002985954285	0	0	0	0	0	0	0	0	0	0	0	0	0	0	0	0
TG	UKBB	11	11	1375	5	17.9381201267242	0	0	0	0	0	0	0	0	0	0	0	0	0	0	0	0
TG	UKBB	11	14	1086	5	7.08975696563721	0	0	0	0	0	0	0	0	0	0	0	0	0	0	0	0
TG	UKBB	11	19	512	5	1.92361450195312	0	1	1	4	0	1	1	4	0	0	0	0	0	0	0	0
TG	UKBB	11	22	495	5	3.50108695030212	0	1	1	2	0	1	1	2	0	0	0	0	0	0	0	0
TG	UKBB	11	27	1048	5	10.3813238143921	0	1	1	3	0	1	1	3	0	0	0	0	0	0	0	0
TG	UKBB	11	28	687	5	4.47712230682373	0	0	1	14	0	0	1	14	0	0	0	0	0	0	0	0
TG	UKBB	11	29	654	5	2.16047358512878	0	0	1	18	0	0	1	18	0	0	0	0	0	0	0	0
TG	UKBB	11	33	1028	5	9.7301983833313	0	0	0	0	0	0	0	0	0	0	0	0	0	0	0	0
TG	UKBB	11	51	1112	5	10.0694348812103	0	1	0	0	0	1	0	0	0	0	0	0	0	0	0	0
TG	UKBB	11	52	588	5	2.34279608726501	0	1	1	4	0	1	1	4	0	0	0	0	0	0	0	0
TG	UKBB	11	53	1126	5	10.1614303588867	0	0	0	0	0	0	0	0	0	0	0	0	0	0	0	0
TG	UKBB	11	54	883	5	7.27302432060242	0	0	1	16	0	0	1	16	0	0	0	0	0	0	0	0
TG	UKBB	11	56	255	5	0.695150136947632	0	0	0	0	0	0	0	0	0	0	0	0	0	0	0	0
TG	UKBB	11	57	816	5	4.76000213623047	0	0	0	0	0	0	0	0	0	0	0	0	0	0	0	0
TG	UKBB	11	65	1111	5	14.7764549255371	0	1	0	0	0	1	0	0	0	0	0	0	0	0	0	0
TG	UKBB	11	70	1871	5	54.7292857170105	0	0	1	30	0	0	1	30	0	0	0	0	0	0	0	0
TG	UKBB	11	75	403	5	1.42510414123535	0	0	0	0	0	0	0	0	0	0	0	0	0	0	0	0
TG	UKBB	11	76	853	5	6.04642558097839	2	3	4	7	2	3	4	7	0	0	0	0	0	2	2	2
TG	UKBB	11	77	556	5	2.4122679233551	0	0	1	13	0	0	1	13	0	0	0	0	0	0	0	0
TG	UKBB	11	78	655	5	5.0870668888092	0	2	2	4	0	2	2	4	0	0	0	0	0	0	0	0
TG	UKBB	11	79	1652	5	25.3848149776459	0	0	2	17	0	0	2	17	0	0	0	0	0	0	0	0
TG	UKBB	11	80	918	5	6.78523373603821	0	0	2	16	0	0	2	16	0	0	0	0	0	0	0	0
TG	UKBB	11	81	753	5	5.64657473564148	0	0	0	0	0	0	0	0	0	0	0	0	0	0	0	0
TG	UKBB	11	83	631	5	3.27171730995178	0	0	0	0	0	0	0	0	0	0	0	0	0	0	0	0
TG	UKBB	11	89	244	5	1.25569772720337	0	0	1	14	0	0	1	14	0	0	0	0	0	0	0	0
TG	UKBB	11	90	2040	5	73.999614238739	0	0	1	87	0	0	1	87	0	0	0	0	0	0	0	0
TG	UKBB	11	104	2032	5	61.9856331348419	0	0	0	0	0	0	0	0	0	0	0	0	0	0	0	0
TG	UKBB	11	108	405	5	1.10652279853821	0	0	0	0	0	0	0	0	0	0	0	0	0	0	0	0
TG	UKBB	11	112	1680	5	36.6951785087585	0	0	0	0	0	0	0	0	0	0	0	0	0	0	0	0
TG	UKBB	11	114	802	5	5.73724579811096	0	0	0	0	0	0	0	0	0	0	0	0	0	0	0	0
TG	UKBB	11	117	2141	5	92.7671356201172	0	0	0	0	0	0	0	0	0	0	0	0	0	0	0	0
TG	UKBB	11	121	1185	5	11.8986079692841	0	0	1	17	0	0	1	17	0	0	0	0	0	0	0	0
TG	UKBB	11	123	461	5	1.87586116790771	0	1	2	18	0	1	2	18	0	0	0	0	0	1	1	2
TG	UKBB	11	125	950	5	9.33388042449951	0	0	0	0	0	0	0	0	0	0	0	0	0	0	0	0
TG	UKBB	11	126	2233	5	86.4084956645966	0	0	0	0	0	0	0	0	0	0	0	0	0	0	0	0
TG	UKBB	11	127	220	5	0.784916400909424	0	0	0	0	0	0	0	0	0	0	0	0	0	0	0	0
TG	UKBB	11	128	188	10	3.88808965682983	2	5	5	8	2	5	5	8	0	0	0	0	0	0	0	0
TG	UKBB	11	129	1275	5	20.4908559322357	1	2	4	10	1	2	4	10	0	1	1	2	1	1	2	4
TG	UKBB	11	130	775	5	5.58829116821289	2	5	4	7	2	5	4	7	0	1	3	6	0	1	1	1
TG	UKBB	11	131	150	5	0.632748126983643	0	0	0	0	0	0	0	0	0	0	0	0	0	0	0	0
TG	UKBB	11	133	991	5	15.4495661258698	0	0	1	34	0	0	1	34	0	0	0	0	0	0	0	0
TG	UKBB	11	134	1407	5	15.5986030101776	0	0	0	0	0	0	0	0	0	0	0	0	0	0	0	0
TG	UKBB	11	138	630	5	3.81756091117859	0	0	0	0	0	0	0	0	0	0	0	0	0	0	0	0
TG	UKBB	11	140	587	5	2.513751745224	0	0	0	0	0	0	0	0	0	0	0	0	0	0	0	0
TG	UKBB	11	147	2013	5	55.7644903659821	0	0	0	0	0	0	0	0	0	0	0	0	0	0	0	0
TG	UKBB	11	149	1698	5	38.3208205699921	0	0	0	0	0	0	0	0	0	0	0	0	0	0	0	0
TG	UKBB	11	151	781	5	4.1471688747406	0	0	0	0	0	0	0	0	0	0	0	0	0	0	0	0
TG	UKBB	11	162	705	5	2.62887597084045	0	0	0	0	0	0	0	0	0	0	0	0	0	0	0	0
TG	UKBB	12	1	588	5	2.20230746269226	0	0	0	0	0	0	0	0	0	0	0	0	0	0	0	0
TG	UKBB	12	4	627	5	4.19420790672302	0	0	0	0	0	0	0	0	0	0	0	0	0	0	0	0
TG	UKBB	12	12	370	5	3.02337002754211	0	1	0	0	0	1	0	0	0	0	0	0	0	0	0	0
TG	UKBB	12	13	807	5	6.06846737861633	0	0	0	0	0	0	0	0	0	0	0	0	0	0	0	0
TG	UKBB	12	17	418	5	1.50765323638916	0	0	1	9	0	0	1	9	0	0	0	0	0	0	0	0
TG	UKBB	12	18	886	5	5.81580758094788	0	0	0	0	0	0	0	0	0	0	0	0	0	0	0	0
TG	UKBB	12	23	1434	5	21.9654228687286	0	0	1	22	0	0	1	22	0	0	0	0	0	0	0	0
TG	UKBB	12	26	264	5	1.10968255996704	0	0	1	5	0	0	1	5	0	0	0	0	0	0	0	0
TG	UKBB	12	28	834	5	3.80321097373962	0	0	0	0	0	0	0	0	0	0	0	0	0	0	0	0
TG	UKBB	12	29	170	5	1.10458993911743	0	0	0	0	0	0	0	0	0	0	0	0	0	0	0	0
TG	UKBB	12	31	377	5	2.73264932632446	0	0	0	0	0	0	0	0	0	0	0	0	0	0	0	0
TG	UKBB	12	32	1368	5	19.816463470459	0	0	0	0	0	0	0	0	0	0	0	0	0	0	0	0
TG	UKBB	12	33	997	5	6.7124228477478	0	0	0	0	0	0	0	0	0	0	0	0	0	0	0	0
TG	UKBB	12	34	775	5	4.4453501701355	0	0	0	0	0	0	0	0	0	0	0	0	0	0	0	0
TG	UKBB	12	35	437	5	2.39791750907898	0	1	3	46	0	1	3	46	0	1	1	2	0	0	0	0
TG	UKBB	12	38	1703	5	33.7604310512543	0	0	0	0	0	0	0	0	0	0	0	0	0	0	0	0
TG	UKBB	12	40	621	5	3.91861963272095	1	2	2	5	1	2	2	5	0	0	0	0	0	0	0	0
TG	UKBB	12	41	346	5	1.78192019462585	0	1	2	10	0	1	2	10	0	0	0	0	0	0	1	3
TG	UKBB	12	42	2002	5	78.7117347717285	1	1	2	7	1	1	2	7	0	0	0	0	0	0	0	0
TG	UKBB	12	45	997	5	7.30109047889709	0	1	1	6	0	1	1	6	0	0	0	0	0	0	0	0
TG	UKBB	12	47	370	5	2.32933449745178	0	0	0	0	0	0	0	0	0	0	0	0	0	0	0	0
TG	UKBB	12	48	1417	5	18.4063549041748	0	0	1	9	0	0	1	9	0	0	0	0	0	0	0	0
TG	UKBB	12	49	1425	5	21.2891352176666	0	0	0	0	0	0	0	0	0	0	0	0	0	0	0	0
TG	UKBB	12	51	874	5	5.20334434509277	0	0	1	5	0	0	1	5	0	0	0	0	0	0	1	5
TG	UKBB	12	57	1600	5	38.6597867012024	0	0	0	0	0	0	0	0	0	0	0	0	0	0	0	0
TG	UKBB	12	58	1062	5	9.45516014099121	0	0	0	0	0	0	0	0	0	0	0	0	0	0	0	0
TG	UKBB	12	59	1535	5	19.0608930587769	0	0	2	13	0	0	2	13	0	0	0	0	0	0	0	0
TG	UKBB	12	60	799	5	4.72765398025513	0	0	0	0	0	0	0	0	0	0	0	0	0	0	0	0
TG	UKBB	12	62	635	5	3.1978440284729	0	0	1	21	0	0	1	21	0	0	0	0	0	0	0	0
TG	UKBB	12	63	1127	5	15.215918302536	0	1	0	0	0	1	0	0	0	1	0	0	0	0	0	0
TG	UKBB	12	64	626	5	3.68622446060181	0	0	0	0	0	0	0	0	0	0	0	0	0	0	0	0
TG	UKBB	12	66	1247	5	13.5131332874298	0	0	0	0	0	0	0	0	0	0	0	0	0	0	0	0
TG	UKBB	12	67	543	5	5.20605301856995	1	1	1	1	1	1	1	1	0	0	0	0	0	0	0	0
TG	UKBB	12	68	305	5	1.39862704277039	0	0	1	8	0	0	1	8	0	0	0	0	0	0	0	0
TG	UKBB	12	69	1040	5	9.82790160179138	0	0	0	0	0	0	0	0	0	0	0	0	0	0	0	0
TG	UKBB	12	70	272	5	0.899373769760132	0	0	2	29	0	0	2	29	0	0	0	0	0	0	0	0
TG	UKBB	12	71	1205	5	11.7656352519989	0	0	2	24	0	0	2	24	0	0	0	0	0	0	1	11
TG	UKBB	12	72	3850	5	452.067118167877	0	0	1	22	0	0	1	22	0	0	0	0	0	0	0	0
TG	UKBB	12	73	1127	5	9.80384826660156	0	0	1	16	0	0	1	16	0	0	0	0	0	0	0	0
TG	UKBB	12	74	1263	5	12.6857769489288	0	0	0	0	0	0	0	0	0	0	0	0	0	0	0	0
TG	UKBB	12	75	198	5	0.821401357650757	0	1	2	33	0	1	2	33	0	0	0	0	0	0	0	0
TG	UKBB	12	76	770	5	4.26313519477844	0	0	1	10	0	0	1	10	0	0	0	0	0	0	0	0
TG	UKBB	12	77	643	5	2.91546154022217	0	0	1	12	0	0	1	12	0	0	0	0	0	0	0	0
TG	UKBB	12	80	1560	5	28.1438994407654	0	0	1	9	0	0	1	9	0	0	0	0	0	0	0	0
TG	UKBB	12	88	1576	5	35.2673556804657	0	0	0	0	0	0	0	0	0	0	0	0	0	0	0	0
TG	UKBB	12	92	1907	5	56.1735219955444	0	0	0	0	0	0	0	0	0	0	0	0	0	0	0	0
TG	UKBB	12	94	1768	5	48.5831611156464	0	0	0	0	0	0	0	0	0	0	0	0	0	0	0	0
TG	UKBB	12	102	524	5	2.31880211830139	0	0	0	0	0	0	0	0	0	0	0	0	0	0	0	0
TG	UKBB	12	103	268	5	0.637010812759399	0	0	0	0	0	0	0	0	0	0	0	0	0	0	0	0
TG	UKBB	12	104	1401	5	16.3253328800201	0	0	0	0	0	0	0	0	0	0	0	0	0	0	0	0
TG	UKBB	12	113	1221	5	9.95405578613281	0	1	0	0	0	1	0	0	0	0	0	0	0	0	0	0
TG	UKBB	12	114	1121	5	10.2630877494812	0	0	0	0	0	0	0	0	0	0	0	0	0	0	0	0
TG	UKBB	12	117	1374	5	14.8335399627686	0	0	0	0	0	0	0	0	0	0	0	0	0	0	0	0
TG	UKBB	12	119	1952	5	35.8948051929474	0	1	1	6	0	1	1	6	0	0	0	0	0	0	0	0
TG	UKBB	12	120	492	5	2.22484803199768	0	0	0	0	0	0	0	0	0	0	0	0	0	0	0	0
TG	UKBB	12	121	956	5	8.03931450843811	0	0	2	24	0	0	2	24	0	0	0	0	0	0	0	0
TG	UKBB	12	122	1337	5	21.3075046539307	0	0	1	44	0	0	1	44	0	0	0	0	0	0	0	0
TG	UKBB	12	125	1610	5	20.8025646209717	0	0	0	0	0	0	0	0	0	0	0	0	0	0	0	0
TG	UKBB	12	128	228	5	1.73992943763733	0	1	1	3	0	1	1	3	0	0	0	0	0	0	0	0
TG	UKBB	12	132	1120	5	8.23076915740967	0	0	0	0	0	0	0	0	0	0	0	0	0	0	0	0
TG	UKBB	12	138	1772	5	54.8209629058838	0	1	2	81	0	1	2	81	0	0	0	0	0	0	0	0
TG	UKBB	12	139	2048	5	78.4585499763489	0	1	4	48	0	1	4	48	0	0	1	2	0	0	2	37
TG	UKBB	12	140	475	5	5.08214831352234	0	0	1	5	0	0	1	5	0	0	0	0	0	0	0	0
TG	UKBB	12	141	714	5	6.71843552589417	0	0	0	0	0	0	0	0	0	0	0	0	0	0	0	0
TG	UKBB	13	8	1127	5	8.2861328125	0	0	1	9	0	0	1	9	0	0	1	9	0	0	0	0
TG	UKBB	13	13	660	5	3.6479959487915	0	0	1	17	0	0	1	17	0	0	0	0	0	0	0	0
TG	UKBB	13	16	997	5	6.86065053939819	0	0	0	0	0	0	0	0	0	0	0	0	0	0	0	0
TG	UKBB	13	20	1097	5	7.80937933921814	0	1	1	2	0	1	1	2	0	0	0	0	0	0	0	0
TG	UKBB	13	21	1245	5	20.8737869262695	0	2	1	7	0	2	1	7	0	0	0	0	0	0	0	0
TG	UKBB	13	36	851	5	5.22813773155212	0	0	0	0	0	0	0	0	0	0	0	0	0	0	0	0
TG	UKBB	13	40	763	5	3.08005285263062	0	0	0	0	0	0	0	0	0	0	0	0	0	0	0	0
TG	UKBB	13	45	966	5	6.83615899085999	0	0	0	0	0	0	0	0	0	0	0	0	0	0	0	0
TG	UKBB	13	47	741	5	5.75461626052856	0	0	0	0	0	0	0	0	0	0	0	0	0	0	0	0
TG	UKBB	13	50	2046	5	67.799416065216107	0	2	4	61	0	2	4	61	0	0	0	0	0	0	0	0
TG	UKBB	13	53	1119	5	9.37558627128601	0	0	0	0	0	0	0	0	0	0	0	0	0	0	0	0
TG	UKBB	13	54	3446	5	334.156648397446	0	0	0	0	0	0	0	0	0	0	0	0	0	0	0	0
TG	UKBB	13	55	1621	5	36.1885302066803	0	0	0	0	0	0	0	0	0	0	0	0	0	0	0	0
TG	UKBB	13	58	1951	5	44.0995299816132	0	1	0	0	0	1	0	0	0	0	0	0	0	0	0	0
TG	UKBB	13	60	1260	5	14.2635531425476	0	0	0	0	0	0	0	0	0	0	0	0	0	0	0	0
TG	UKBB	13	64	630	5	3.18740296363831	0	0	1	20	0	0	1	20	0	0	0	0	0	0	0	0
TG	UKBB	13	70	1390	5	13.963365316391	0	0	0	0	0	0	0	0	0	0	0	0	0	0	0	0
TG	UKBB	13	72	889	5	5.60741209983826	0	0	0	0	0	0	0	0	0	0	0	0	0	0	0	0
TG	UKBB	13	84	619	5	3.66955709457397	0	1	1	3	0	1	1	3	0	0	0	0	0	0	0	0
TG	UKBB	13	88	425	5	1.89061856269836	0	1	0	0	0	1	0	0	0	0	0	0	0	0	0	0
TG	UKBB	13	90	1582	5	26.0031344890594	0	0	0	0	0	0	0	0	0	0	0	0	0	0	0	0
TG	UKBB	13	95	431	5	1.71454071998596	0	0	0	0	0	0	0	0	0	0	0	0	0	0	0	0
TG	UKBB	13	96	553	5	4.46964287757874	0	0	0	0	0	0	0	0	0	0	0	0	0	0	0	0
TG	UKBB	13	108	341	5	1.56094717979431	0	0	1	7	0	0	1	7	0	0	0	0	0	0	0	0
TG	UKBB	13	115	568	5	2.94205284118652	0	0	0	0	0	0	0	0	0	0	0	0	0	0	0	0
TG	UKBB	13	118	934	5	9.3733115196228	0	0	0	0	0	0	0	0	0	0	0	0	0	0	0	0
TG	UKBB	13	125	715	5	7.56642699241638	0	0	1	6	0	0	1	6	0	0	0	0	0	0	0	0
TG	UKBB	14	11	354	5	1.15885138511658	0	0	1	14	0	0	1	14	0	0	0	0	0	0	0	0
TG	UKBB	14	13	155	5	0.554915428161621	0	0	0	0	0	0	0	0	0	0	0	0	0	0	0	0
TG	UKBB	14	14	1833	5	51.8731389045715	0	1	0	0	0	0	0	0	0	1	0	0	0	1	0	0
TG	UKBB	14	19	1104	5	9.36434817314148	0	0	1	27	0	0	1	27	0	0	0	0	0	0	0	0
TG	UKBB	14	24	563	5	2.85567021369934	0	0	0	0	0	0	0	0	0	0	0	0	0	0	0	0
TG	UKBB	14	31	1365	5	16.6883265972137	0	0	0	0	0	0	0	0	0	0	0	0	0	0	0	0
TG	UKBB	14	35	1796	5	34.6965880393982	0	0	0	0	0	0	0	0	0	0	0	0	0	0	0	0
TG	UKBB	14	42	876	5	7.40964841842651	0	0	0	0	0	0	0	0	0	0	0	0	0	0	0	0
TG	UKBB	14	44	1112	5	9.89627408981323	0	0	0	0	0	0	0	0	0	0	0	0	0	0	0	0
TG	UKBB	14	46	807	5	5.48987936973572	0	1	1	5	0	1	1	5	0	0	0	0	0	0	0	0
TG	UKBB	14	47	1381	5	13.0408954620361	0	0	0	0	0	0	0	0	0	0	0	0	0	0	0	0
TG	UKBB	14	51	1292	5	12.2275223731995	0	1	0	0	0	0	0	0	0	1	0	0	0	0	0	0
TG	UKBB	14	56	327	5	1.11785197257996	0	0	1	29	0	0	0	0	0	0	0	0	0	0	0	0
TG	UKBB	14	57	2334	5	88.8171982765198	0	0	0	0	0	0	0	0	0	0	0	0	0	0	0	0
TG	UKBB	14	63	1942	5	70.9922595024109	0	1	1	4	0	1	1	4	0	0	1	4	0	0	0	0
TG	UKBB	14	64	576	5	3.1094012260437	0	0	0	0	0	0	0	0	0	0	0	0	0	0	0	0
TG	UKBB	14	66	905	5	7.04344463348389	0	0	0	0	0	0	0	0	0	0	0	0	0	0	0	0
TG	UKBB	14	67	1227	5	14.7532095909119	1	1	2	8	1	1	2	8	0	0	0	0	0	0	0	0
TG	UKBB	14	70	1758	5	25.6010019779205	0	0	0	0	0	0	0	0	0	0	0	0	0	0	0	0
TG	UKBB	14	72	1951	5	54.0123472213745	0	0	0	0	0	0	0	0	0	0	0	0	0	0	0	0
TG	UKBB	14	80	210	5	0.569442749023438	0	0	1	7	0	0	1	7	0	0	0	0	0	0	0	0
TG	UKBB	14	81	1812	5	54.3642251491547	0	0	0	0	0	0	0	0	0	0	0	0	0	0	0	0
TG	UKBB	14	84	564	5	3.56301999092102	0	0	0	0	0	0	0	0	0	0	0	0	0	0	0	0
TG	UKBB	14	95	472	5	1.39324259757996	0	0	1	12	0	0	1	12	0	0	0	0	0	0	0	0
TG	UKBB	14	96	138	5	0.942792892456055	0	0	1	23	0	0	1	23	0	0	0	0	0	0	0	0
TG	UKBB	14	105	461	5	2.26104068756104	0	0	0	0	0	0	0	0	0	0	0	0	0	0	0	0
TG	UKBB	14	106	644	5	2.98055934906006	0	0	0	0	0	0	0	0	0	0	0	0	0	0	0	0
TG	UKBB	14	120	412	5	1.43089842796326	0	0	0	0	0	0	0	0	0	0	0	0	0	0	0	0
TG	UKBB	14	121	1095	5	11.7210371494293	0	1	2	16	0	1	2	16	0	0	0	0	0	0	0	0
TG	UKBB	14	126	1031	5	9.48129940032959	0	0	0	0	0	0	0	0	0	0	0	0	0	0	0	0
TG	UKBB	14	127	1054	5	7.51266479492188	0	0	1	45	0	0	1	45	0	0	0	0	0	0	0	0
TG	UKBB	14	129	483	5	2.51925849914551	0	0	0	0	0	0	0	0	0	0	0	0	0	0	0	0
TG	UKBB	15	22	1383	5	14.9608702659607	0	0	0	0	0	0	0	0	0	0	0	0	0	0	0	0
TG	UKBB	15	28	735	5	3.45504689216614	0	1	1	10	0	1	1	10	0	0	0	0	0	0	0	0
TG	UKBB	15	34	471	5	2.66849136352539	0	0	1	6	0	0	1	6	0	0	0	0	0	0	0	0
TG	UKBB	15	35	1248	5	13.4873888492584	0	1	1	2	0	1	1	2	0	0	0	0	0	0	0	0
TG	UKBB	15	37	1359	5	15.0637481212616	0	1	1	36	0	1	1	36	0	0	0	0	0	0	0	0
TG	UKBB	15	38	1305	5	27.5966353416443	1	3	4	14	1	3	4	14	0	1	1	2	0	0	1	2
TG	UKBB	15	39	1105	5	10.4750547409058	0	0	0	0	0	0	0	0	0	0	0	0	0	0	0	0
TG	UKBB	15	41	1480	5	22.2373797893524	0	0	0	0	0	0	0	0	0	0	0	0	0	0	0	0
TG	UKBB	15	45	2718	5	126.514913797379	0	1	1	78	0	1	1	78	0	0	0	0	0	1	0	0
TG	UKBB	15	48	2839	5	188.360328197479	0	0	0	0	0	0	0	0	0	0	0	0	0	0	0	0
TG	UKBB	15	49	296	5	1.53665280342102	0	0	0	0	0	0	0	0	0	0	0	0	0	0	0	0
TG	UKBB	15	50	1198	5	12.5416502952576	0	1	1	2	0	1	1	2	0	0	0	0	0	0	0	0
TG	UKBB	15	52	1070	5	9.38766551017761	1	1	2	8	1	1	2	8	0	0	0	0	0	0	0	0
TG	UKBB	15	53	192	5	1.72467446327209	1	2	1	1	1	1	1	1	0	1	0	0	0	0	0	0
TG	UKBB	15	54	1022	5	7.10047698020935	0	0	0	0	0	0	0	0	0	0	0	0	0	0	0	0
TG	UKBB	15	56	942	5	4.77934455871582	0	1	0	0	0	1	0	0	0	0	0	0	0	0	0	0
TG	UKBB	15	59	2093	5	74.9094996452332	0	0	1	11	0	0	1	11	0	0	0	0	0	0	0	0
TG	UKBB	15	62	1862	5	45.8690176010132	0	1	3	34	0	1	3	34	0	0	0	0	0	0	0	0
TG	UKBB	15	64	856	5	4.94623923301697	0	1	1	10	0	1	1	10	0	0	0	0	0	0	0	0
TG	UKBB	15	66	1381	5	24.3042440414429	0	1	1	5	0	1	1	5	0	0	0	0	0	0	0	0
TG	UKBB	15	71	30	5	0.104833126068115	0	0	0	0	0	0	0	0	0	0	0	0	0	0	0	0
TG	UKBB	15	72	490	5	2.78936195373535	0	0	1	26	0	0	1	26	0	0	0	0	0	0	0	0
TG	UKBB	15	73	317	5	1.30537629127502	0	0	1	31	0	0	1	31	0	0	0	0	0	0	0	0
TG	UKBB	15	85	1168	5	10.1825742721558	0	0	0	0	0	0	0	0	0	0	0	0	0	0	0	0
TG	UKBB	15	99	183	5	0.829976320266724	0	0	1	15	0	0	1	15	0	0	0	0	0	0	0	0
TG	UKBB	15	108	376	5	1.66587495803833	0	0	0	0	0	0	0	0	0	0	0	0	0	0	0	0
TG	UKBB	15	111	647	5	4.48637104034424	0	0	0	0	0	0	0	0	0	0	0	0	0	0	0	0
TG	UKBB	15	117	524	5	1.92437386512756	0	0	1	4	0	0	1	4	0	0	0	0	0	0	0	0
TG	UKBB	15	118	325	5	1.43373394012451	0	1	2	9	0	1	2	9	0	1	2	9	0	0	0	0
TG	UKBB	16	1	512	5	3.91270422935486	0	0	1	36	0	0	1	36	0	0	0	0	0	0	0	0
TG	UKBB	16	2	108	5	0.500504732131958	0	0	1	4	0	0	1	4	0	0	0	0	0	0	1	4
TG	UKBB	16	4	754	5	3.74777603149414	0	0	0	0	0	0	0	0	0	0	0	0	0	0	0	0
TG	UKBB	16	5	183	5	0.587386608123779	0	0	1	32	0	0	1	32	0	0	0	0	0	0	0	0
TG	UKBB	16	7	797	5	4.96165251731873	0	0	0	0	0	0	0	0	0	0	0	0	0	0	0	0
TG	UKBB	16	9	880	5	8.04686808586121	1	1	2	13	1	1	2	13	0	1	1	1	0	0	0	0
TG	UKBB	16	17	435	5	1.50873899459839	0	0	0	0	0	0	0	0	0	0	0	0	0	0	0	0
TG	UKBB	16	24	484	5	2.13504266738892	0	0	0	0	0	0	0	0	0	0	0	0	0	0	0	0
TG	UKBB	16	25	954	5	7.48617720603943	0	0	0	0	0	0	0	0	0	0	0	0	0	0	0	0
TG	UKBB	16	33	2086	5	50.2210748195648	0	0	1	35	0	0	1	35	0	0	0	0	0	0	0	0
TG	UKBB	16	37	1041	5	5.88157606124878	0	2	3	13	0	1	2	10	0	1	1	3	0	1	1	3
TG	UKBB	16	59	339	5	1.46199560165405	0	1	2	35	0	1	2	35	0	0	0	0	0	0	1	20
TG	UKBB	16	62	742	5	3.68335390090942	0	1	0	0	0	1	0	0	0	1	0	0	0	0	0	0
TG	UKBB	16	64	225	5	1.29858231544495	0	0	0	0	0	0	0	0	0	0	0	0	0	0	0	0
TG	UKBB	16	68	771	5	4.30191564559937	0	0	0	0	0	0	0	0	0	0	0	0	0	0	0	0
TG	UKBB	16	75	1340	5	14.2043297290802	0	1	2	8	0	1	2	8	0	0	0	0	0	0	0	0
TG	UKBB	16	76	832	5	6.90969610214233	0	0	0	0	0	0	0	0	0	0	0	0	0	0	0	0
TG	UKBB	16	85	1995	5	72.7029459476471	0	1	2	24	0	1	1	5	0	0	0	0	0	0	0	0
TG	UKBB	16	88	1565	5	31.9860136508942	0	0	0	0	0	0	0	0	0	0	0	0	0	0	0	0
TG	UKBB	16	89	2379	5	121.877221822739	0	1	4	41	0	1	4	41	0	0	0	0	0	0	2	22
TG	UKBB	16	90	689	5	3.74802780151367	0	0	0	0	0	0	0	0	0	0	0	0	0	0	0	0
TG	UKBB	16	93	2151	5	85.622710943222	0	0	1	62	0	0	1	62	0	0	0	0	0	0	0	0
TG	UKBB	16	94	3048	5	204.19518828392	0	0	0	0	0	0	0	0	0	0	0	0	0	0	0	0
TG	UKBB	16	100	124	5	0.440266609191895	0	0	0	0	0	0	0	0	0	0	0	0	0	0	0	0
TG	UKBB	16	103	3535	5	334.991777896881	0	0	1	21	0	0	1	21	0	0	0	0	0	0	0	0
TG	UKBB	16	104	1022	5	9.82890677452087	1	1	2	15	1	1	2	15	0	0	0	0	0	0	0	0
TG	UKBB	16	105	755	5	3.50561475753784	0	0	0	0	0	0	0	0	0	0	0	0	0	0	0	0
TG	UKBB	16	107	1157	5	12.8415725231171	0	0	0	0	0	0	0	0	0	0	0	0	0	0	0	0
TG	UKBB	16	110	841	5	9.27258276939392	0	0	0	0	0	0	0	0	0	0	0	0	0	0	0	0
TG	UKBB	16	114	184	5	0.767916679382324	1	1	2	11	1	1	2	11	0	1	1	1	0	0	0	0
TG	UKBB	16	116	703	5	3.91501188278198	0	0	0	0	0	0	0	0	0	0	0	0	0	0	0	0
TG	UKBB	16	119	1122	5	9.82930064201355	0	0	0	0	0	0	0	0	0	0	0	0	0	0	0	0
TG	UKBB	16	125	372	5	1.71896958351135	0	0	1	18	0	0	1	18	0	0	0	0	0	0	0	0
TG	UKBB	16	128	1631	5	25.1110949516296	0	0	0	0	0	0	0	0	0	0	0	0	0	0	0	0
TG	UKBB	17	3	556	5	1.71400809288025	0	0	1	15	0	0	1	15	0	0	0	0	0	0	0	0
TG	UKBB	17	8	25	5	0.262643337249756	0	0	0	0	0	0	0	0	0	0	0	0	0	0	0	0
TG	UKBB	17	9	1017	5	8.22814226150513	0	1	1	6	0	1	1	6	0	0	0	0	0	0	0	0
TG	UKBB	17	15	151	5	0.102884531021118	0	1	0	0	0	1	0	0	0	0	0	0	0	0	0	0
TG	UKBB	17	16	74	5	0.261935949325562	0	0	0	0	0	0	0	0	0	0	0	0	0	0	0	0
TG	UKBB	17	17	1342	5	18.9547605514526	1	2	2	7	1	2	2	7	0	0	0	0	0	0	0	0
TG	UKBB	17	23	292	5	0.941774368286133	0	2	2	22	0	2	1	2	0	1	1	2	0	0	0	0
TG	UKBB	17	24	667	5	5.87298083305359	1	3	2	7	1	3	2	7	0	0	0	0	0	0	0	0
TG	UKBB	17	45	154	5	0.182788848876953	0	0	0	0	0	0	0	0	0	0	0	0	0	0	0	0
TG	UKBB	17	51	1251	5	10.5179517269135	2	2	2	2	2	2	2	2	0	1	1	1	0	0	0	0
TG	UKBB	17	55	1362	5	13.554087638855	0	0	1	10	0	0	1	10	0	0	0	0	0	0	0	0
TG	UKBB	17	66	133	5	0.417541265487671	0	0	0	0	0	0	0	0	0	0	0	0	0	0	0	0
TG	UKBB	17	73	1139	10	34.6331460475922	2	4	9	51	2	4	9	51	0	1	1	1	0	0	1	5
TG	UKBB	17	74	1581	5	26.196836233139	0	1	1	9	0	1	1	9	0	0	0	0	0	0	0	0
TG	UKBB	17	75	1488	5	24.3504753112793	0	0	2	28	0	0	2	28	0	0	0	0	0	0	0	0
TG	UKBB	17	76	629	5	4.48756456375122	0	0	1	14	0	0	1	14	0	0	0	0	0	0	0	0
TG	UKBB	17	79	633	5	5.73287725448608	0	1	1	3	0	1	1	3	0	0	0	0	0	0	0	0
TG	UKBB	17	80	915	5	5.98309636116028	0	0	0	0	0	0	0	0	0	0	0	0	0	0	0	0
TG	UKBB	17	87	541	5	4.43388891220093	0	0	0	0	0	0	0	0	0	0	0	0	0	0	0	0
TG	UKBB	17	90	1204	5	13.955287694931	0	0	2	71	0	0	2	71	0	0	0	0	0	0	0	0
TG	UKBB	17	94	666	5	2.39525461196899	0	0	0	0	0	0	0	0	0	0	0	0	0	0	0	0
TG	UKBB	17	97	1510	5	22.8576350212097	0	0	2	24	0	0	2	24	0	0	0	0	0	0	1	13
TG	UKBB	17	98	510	5	3.1228814125061	0	0	0	0	0	0	0	0	0	0	0	0	0	0	0	0
TG	UKBB	17	99	136	5	0.541469812393188	0	0	0	0	0	0	0	0	0	0	0	0	0	0	0	0
TG	UKBB	17	100	659	5	2.28113341331482	0	0	1	19	0	0	1	19	0	0	0	0	0	0	0	0
TG	UKBB	17	101	756	5	4.43490219116211	0	0	1	24	0	0	1	24	0	0	0	0	0	0	0	0
TG	UKBB	17	102	374	5	0.853174686431885	0	0	1	36	0	0	1	36	0	0	0	0	0	0	0	0
TG	UKBB	17	103	479	5	1.63997316360474	0	0	0	0	0	0	0	0	0	0	0	0	0	0	0	0
TG	UKBB	17	105	911	5	6.2727997303009	0	0	1	11	0	0	1	11	0	0	0	0	0	0	0	0
TG	UKBB	17	108	163	5	0.538067579269409	0	1	1	6	0	1	1	6	0	0	0	0	0	0	0	0
TG	UKBB	17	117	621	5	2.55901098251343	0	0	1	8	0	0	1	8	0	0	0	0	0	0	0	0
TG	UKBB	17	118	673	5	3.45186138153076	1	2	3	22	1	2	3	22	0	1	1	1	0	0	0	0
TG	UKBB	17	123	632	5	4.29484939575195	1	1	2	11	1	1	2	11	0	1	1	1	0	1	1	1
TG	UKBB	17	125	1079	5	7.40580081939697	0	0	2	53	0	0	2	53	0	0	0	0	0	0	0	0
TG	UKBB	17	133	349	5	1.84618735313416	0	0	1	14	0	0	1	14	0	0	0	0	0	0	0	0
TG	UKBB	18	1	465	5	2.7997784614563	0	1	1	4	0	1	1	4	0	0	0	0	0	0	0	0
TG	UKBB	18	6	295	5	0.966557741165161	0	0	0	0	0	0	0	0	0	0	0	0	0	0	0	0
TG	UKBB	18	7	866	5	4.72961592674255	0	0	0	0	0	0	0	0	0	0	0	0	0	0	0	0
TG	UKBB	18	22	379	5	1.38845372200012	0	0	0	0	0	0	0	0	0	0	0	0	0	0	0	0
TG	UKBB	18	23	378	5	1.33362364768982	0	0	0	0	0	0	0	0	0	0	0	0	0	0	0	0
TG	UKBB	18	28	901	5	5.97882485389709	0	0	0	0	0	0	0	0	0	0	0	0	0	0	0	0
TG	UKBB	18	39	1667	5	31.6798474788666	0	0	0	0	0	0	0	0	0	0	0	0	0	0	0	0
TG	UKBB	18	41	1720	5	28.0486299991608	0	0	1	8	0	0	1	8	0	0	0	0	0	0	0	0
TG	UKBB	18	42	1358	5	18.5870435237885	0	0	1	22	0	0	1	22	0	0	0	0	0	0	0	0
TG	UKBB	18	52	939	5	6.00354051589966	0	0	0	0	0	0	0	0	0	0	0	0	0	0	0	0
TG	UKBB	18	60	1392	5	20.6516599655151	0	0	0	0	0	0	0	0	0	0	0	0	0	0	0	0
TG	UKBB	18	61	1275	5	11.0960626602173	0	0	0	0	0	0	0	0	0	0	0	0	0	0	0	0
TG	UKBB	18	65	1374	5	21.0767571926117	0	0	0	0	0	0	0	0	0	0	0	0	0	0	0	0
TG	UKBB	18	69	2390	5	108.732623338699	0	0	0	0	0	0	0	0	0	0	0	0	0	0	0	0
TG	UKBB	18	74	1710	5	35.4482374191284	0	0	0	0	0	0	0	0	0	0	0	0	0	0	0	0
TG	UKBB	18	77	303	5	0.933831453323364	0	0	0	0	0	0	0	0	0	0	0	0	0	0	0	0
TG	UKBB	18	79	516	5	2.80804061889648	0	0	0	0	0	0	0	0	0	0	0	0	0	0	0	0
TG	UKBB	18	80	929	5	6.24048900604248	0	1	1	2	0	1	1	2	0	0	0	0	0	0	0	0
TG	UKBB	18	82	2076	5	45.8969304561615	0	0	0	0	0	0	0	0	0	0	0	0	0	0	0	0
TG	UKBB	18	85	1259	5	12.490266084671	0	0	0	0	0	0	0	0	0	0	0	0	0	0	0	0
TG	UKBB	18	86	47	5	0.714267730712891	0	0	0	0	0	0	0	0	0	0	0	0	0	0	0	0
TG	UKBB	18	87	136	5	0.672135353088379	0	0	0	0	0	0	0	0	0	0	0	0	0	0	0	0
TG	UKBB	18	120	427	5	1.39009094238281	0	0	0	0	0	0	0	0	0	0	0	0	0	0	0	0
TG	UKBB	19	1	62	5	0.296743392944336	0	0	0	0	0	0	0	0	0	0	0	0	0	0	0	0
TG	UKBB	19	4	38	5	0.0412871837615967	0	0	0	0	0	0	0	0	0	0	0	0	0	0	0	0
TG	UKBB	19	5	31	5	0.0356264114379883	0	0	0	0	0	0	0	0	0	0	0	0	0	0	0	0
TG	UKBB	19	6	43	5	0.212396383285522	0	1	0	0	0	0	0	0	0	0	0	0	0	0	0	0
TG	UKBB	19	10	95	5	0.193953514099121	0	0	0	0	0	0	0	0	0	0	0	0	0	0	0	0
TG	UKBB	19	15	61	5	0.335031032562256	0	0	0	0	0	0	0	0	0	0	0	0	0	0	0	0
TG	UKBB	19	16	57	5	0.315722942352295	0	0	0	0	0	0	0	0	0	0	0	0	0	0	0	0
TG	UKBB	19	19	51	5	0.319938182830811	0	1	1	8	0	1	1	8	0	0	0	0	0	0	0	0
TG	UKBB	19	20	143	5	1.03302073478699	0	0	0	0	0	0	0	0	0	0	0	0	0	0	0	0
TG	UKBB	19	21	89	5	0.217972278594971	0	0	0	0	0	0	0	0	0	0	0	0	0	0	0	0
TG	UKBB	19	22	436	5	2.70071172714233	0	0	1	5	0	0	1	5	0	0	0	0	0	0	0	0
TG	UKBB	19	29	498	5	1.8308961391449	2	2	3	9	2	2	3	9	0	1	1	1	0	0	0	0
TG	UKBB	19	30	364	5	1.93660306930542	0	2	2	9	0	2	2	9	0	0	0	0	0	2	2	9
TG	UKBB	19	32	348	5	1.88421225547791	1	1	2	10	1	1	2	10	0	0	0	0	0	0	0	0
TG	UKBB	19	33	157	10	5.90110778808594	2	5	7	25	2	5	7	25	0	0	0	0	0	0	0	0
TG	UKBB	19	34	302	5	1.01698470115662	0	0	0	0	0	0	0	0	0	0	0	0	0	0	0	0
TG	UKBB	19	35	603	5	3.21508526802063	0	0	0	0	0	0	0	0	0	0	0	0	0	0	0	0
TG	UKBB	19	37	679	5	4.02538967132568	0	0	1	4	0	0	1	4	0	0	0	0	0	0	1	4
TG	UKBB	19	38	179	5	1.54868459701538	0	2	2	6	0	2	2	6	0	0	0	0	0	0	1	2
TG	UKBB	19	39	879	5	8.91329479217529	0	0	1	16	0	0	1	16	0	0	0	0	0	0	1	16
TG	UKBB	19	45	198	5	1.03093409538269	0	1	1	5	0	1	1	5	0	0	0	0	0	0	0	0
TG	UKBB	19	51	371	5	1.33484840393066	0	0	1	16	0	0	0	0	0	0	0	0	0	0	0	0
TG	UKBB	19	52	352	5	1.59872341156006	0	0	1	7	0	0	1	7	0	0	0	0	0	0	0	0
TG	UKBB	19	53	1048	5	7.58437895774841	1	1	2	11	1	1	2	11	0	0	0	0	0	0	0	0
TG	UKBB	19	54	1974	5	46.9153237342834	0	0	0	0	0	0	0	0	0	0	0	0	0	0	0	0
TG	UKBB	19	62	1380	5	14.7924821376801	0	0	0	0	0	0	0	0	0	0	0	0	0	0	0	0
TG	UKBB	19	63	481	5	2.39151430130005	0	2	2	5	0	2	2	5	0	0	0	0	0	0	0	0
TG	UKBB	19	64	1431	5	13.332515001297	0	2	2	9	0	2	2	9	0	1	0	0	0	0	1	5
TG	UKBB	19	65	460	5	2.04594326019287	0	0	1	7	0	0	1	7	0	0	0	0	0	0	0	0
TG	UKBB	19	67	2230	5	64.3925211429596	0	0	1	12	0	0	1	12	0	0	0	0	0	0	0	0
TG	UKBB	19	69	892	5	6.99657392501831	0	0	0	0	0	0	0	0	0	0	0	0	0	0	0	0
TG	UKBB	19	70	470	5	2.05053496360779	0	0	0	0	0	0	0	0	0	0	0	0	0	0	0	0
TG	UKBB	19	71	94	5	0.210374593734741	0	1	1	7	0	1	1	7	0	0	0	0	0	0	0	0
TG	UKBB	19	72	610	5	2.1865611076355	0	0	1	44	0	0	1	44	0	0	0	0	0	0	0	0
TG	UKBB	19	74	1198	5	15.1720914840698	1	2	2	3	1	2	2	3	0	0	0	0	0	0	0	0
TG	UKBB	19	75	94	15	7.04492783546448	9	10	11	17	9	10	11	17	2	3	3	3	1	2	2	2
TG	UKBB	19	76	637	5	3.32753157615662	1	3	3	9	1	3	3	9	0	0	1	4	0	0	1	4
TG	UKBB	19	77	1198	5	8.2623553276062	0	1	1	8	0	1	1	8	0	0	0	0	0	0	0	0
TG	UKBB	19	79	529	5	2.12724828720093	0	0	0	0	0	0	0	0	0	0	0	0	0	0	0	0
TG	UKBB	19	80	115	5	0.254426002502441	0	0	1	7	0	0	1	7	0	0	0	0	0	0	0	0
TG	UKBB	19	81	290	5	1.42042946815491	0	2	3	11	0	2	3	11	0	1	0	0	0	1	1	2
TG	UKBB	19	90	925	5	6.871426820755	0	0	0	0	0	0	0	0	0	0	0	0	0	0	0	0
TG	UKBB	19	93	222	5	1.41336226463318	0	0	0	0	0	0	0	0	0	0	0	0	0	0	0	0
TG	UKBB	19	98	80	5	0.973396062850952	0	0	0	0	0	0	0	0	0	0	0	0	0	0	0	0
TG	UKBB	19	104	364	5	1.55027461051941	0	1	1	6	0	1	1	6	0	0	0	0	0	0	1	6
TG	UKBB	19	106	233	5	1.14644312858582	0	0	0	0	0	0	0	0	0	0	0	0	0	0	0	0
TG	UKBB	19	109	106	5	0.46015453338623	0	0	1	6	0	0	1	6	0	0	0	0	0	0	0	0
TG	UKBB	19	110	1085	5	8.08072233200073	0	0	0	0	0	0	0	0	0	0	0	0	0	0	0	0
TG	UKBB	20	2	313	5	1.29856896400452	0	0	0	0	0	0	0	0	0	0	0	0	0	0	0	0
TG	UKBB	20	7	686	5	3.3637101650238	0	0	1	20	0	0	0	0	0	0	0	0	0	0	0	0
TG	UKBB	20	18	580	5	3.29505252838135	0	0	0	0	0	0	0	0	0	0	0	0	0	0	0	0
TG	UKBB	20	19	147	5	0.443166971206665	0	0	1	8	0	0	1	8	0	0	0	0	0	0	1	8
TG	UKBB	20	23	166	5	0.557107210159302	0	0	0	0	0	0	0	0	0	0	0	0	0	0	0	0
TG	UKBB	20	34	838	5	5.0617778301239	0	0	0	0	0	0	0	0	0	0	0	0	0	0	0	0
TG	UKBB	20	40	670	5	3.88036966323853	0	0	0	0	0	0	0	0	0	0	0	0	0	0	0	0
TG	UKBB	20	47	1128	5	11.0435433387756	0	0	0	0	0	0	0	0	0	0	0	0	0	0	0	0
TG	UKBB	20	48	1660	5	24.7470972537994	0	0	0	0	0	0	0	0	0	0	0	0	0	0	0	0
TG	UKBB	20	59	1043	5	8.44744157791138	0	0	0	0	0	0	0	0	0	0	0	0	0	0	0	0
TG	UKBB	20	60	868	5	5.90943694114685	0	0	0	0	0	0	0	0	0	0	0	0	0	0	0	0
TG	UKBB	20	62	741	5	5.28308463096619	0	0	0	0	0	0	0	0	0	0	0	0	0	0	0	0
TG	UKBB	20	63	2122	5	74.902284860611	0	0	1	7	0	0	1	7	0	0	0	0	0	0	0	0
TG	UKBB	20	64	578	5	3.76437544822693	0	0	2	26	0	0	2	26	0	0	0	0	0	0	0	0
TG	UKBB	20	65	1163	5	12.6826434135437	0	0	1	11	0	0	1	11	0	0	0	0	0	0	0	0
TG	UKBB	20	68	345	5	0.803155899047852	0	0	1	35	0	0	1	35	0	0	0	0	0	0	0	0
TG	UKBB	20	69	854	5	5.4860098361969	0	0	0	0	0	0	0	0	0	0	0	0	0	0	0	0
TG	UKBB	20	70	608	5	3.2582266330719	0	1	1	3	0	1	1	3	0	0	0	0	0	0	0	0
TG	UKBB	20	71	979	5	6.73764586448669	2	2	2	2	2	2	2	2	1	1	1	1	0	0	0	0
TG	UKBB	20	73	859	5	5.74273705482483	1	1	2	5	1	1	2	5	0	0	0	0	0	0	0	0
TG	UKBB	20	84	1133	5	9.13088822364807	0	0	0	0	0	0	0	0	0	0	0	0	0	0	0	0
TG	UKBB	20	86	624	5	3.81672525405884	0	0	1	7	0	0	1	7	0	0	0	0	0	0	0	0
TG	UKBB	20	87	542	5	4.66638994216919	0	0	0	0	0	0	0	0	0	0	0	0	0	0	0	0
TG	UKBB	20	91	683	5	3.48190116882324	0	0	0	0	0	0	0	0	0	0	0	0	0	0	0	0
TG	UKBB	20	93	1479	5	20.088264465332	1	3	3	8	1	3	3	8	0	0	0	0	0	0	0	0
TG	UKBB	20	99	735	5	4.0876784324646	0	0	0	0	0	0	0	0	0	0	0	0	0	0	0	0
TG	UKBB	20	115	235	5	0.986665010452271	0	0	0	0	0	0	0	0	0	0	0	0	0	0	0	0
TG	UKBB	21	2	179	5	1.17461347579956	0	0	2	13	0	0	2	13	0	0	0	0	0	0	0	0
TG	UKBB	21	4	174	5	0.388413190841675	0	0	1	7	0	0	1	7	0	0	0	0	0	0	0	0
TG	UKBB	21	5	514	5	2.86338710784912	0	0	0	0	0	0	0	0	0	0	0	0	0	0	0	0
TG	UKBB	21	48	1714	5	31.5165507793427	0	0	1	29	0	0	1	29	0	0	0	0	0	0	0	0
TG	UKBB	21	53	679	5	4.06589126586914	0	0	0	0	0	0	0	0	0	0	0	0	0	0	0	0
TG	UKBB	21	63	537	5	1.89372324943542	0	0	0	0	0	0	0	0	0	0	0	0	0	0	0	0
TG	UKBB	21	64	832	5	6.28884410858154	0	0	0	0	0	0	0	0	0	0	0	0	0	0	0	0
TG	UKBB	21	65	179	5	1.09960603713989	0	0	0	0	0	0	0	0	0	0	0	0	0	0	0	0
TG	UKBB	22	1	528	5	2.38169956207275	0	1	0	0	0	1	0	0	0	0	0	0	0	1	0	0
TG	UKBB	22	7	180	5	1.05104231834412	0	0	0	0	0	0	0	0	0	0	0	0	0	0	0	0
TG	UKBB	22	13	404	5	0.924118995666504	0	0	1	24	0	0	1	24	0	0	0	0	0	0	0	0
TG	UKBB	22	19	442	5	1.58050680160522	0	0	1	10	0	0	1	10	0	0	0	0	0	0	0	0
TG	UKBB	22	29	1037	5	10.079498052597	0	0	1	6	0	0	1	6	0	0	0	0	0	0	0	0
TG	UKBB	22	30	3137	5	246.660613298416	0	0	1	11	0	0	1	11	0	0	0	0	0	0	0	0
TG	UKBB	22	37	721	5	3.3924503326416	0	0	1	12	0	0	1	12	0	0	0	0	0	0	0	0
TG	UKBB	22	40	327	5	1.05543875694275	0	0	1	3	0	0	1	3	0	0	0	0	0	0	0	0
TG	UKBB	22	43	537	5	2.30478978157043	0	1	1	2	0	1	1	2	0	0	0	0	0	0	0	0
TG	UKBB	22	44	436	5	2.12097787857056	0	2	2	15	0	2	2	15	0	0	0	0	0	0	0	0
TG	UKBB	22	45	522	5	2.27214741706848	0	0	0	0	0	0	0	0	0	0	0	0	0	0	0	0
TG	UKBB	22	46	1537	5	22.0792593955994	0	0	0	0	0	0	0	0	0	0	0	0	0	0	0	0
TG	UKBB	22	49	204	5	1.09931421279907	0	0	0	0	0	0	0	0	0	0	0	0	0	0	0	0
TG	UKBB	22	54	597	5	5.2957808971405	0	0	0	0	0	0	0	0	0	0	0	0	0	0	0	0
TG	UKBB	22	56	91	5	0.157247543334961	0	1	0	0	0	1	0	0	0	0	0	0	0	0	0	0
TG	UKBB	22	57	28	5	0.0922255516052246	1	1	1	1	1	1	1	1	0	0	0	0	0	0	0	0
TG	UKBB	22	64	474	5	2.15394759178162	0	0	0	0	0	0	0	0	0	0	0	0	0	0	0	0
TG	UKBB	22	69	619	5	3.06949353218079	1	1	1	1	1	1	1	1	0	0	0	0	0	0	0	0
TG	UKBB	22	70	589	5	2.45430421829224	0	0	1	16	0	0	1	16	0	0	0	0	0	0	0	0
