pheno	db	pid	chromosome	block	num_variants	time	num_variants_0.95	num_variants_0.5	num_CS95	num_variants_CS95
TC	META	AFR	1	1	1401	384.853481769562	0	0	0	0
TC	META	AFR	1	2	1463	328.632989168167	0	0	0	0
TC	META	AFR	1	4	1983	511.884994745255	0	0	0	0
TC	META	AFR	1	17	6673	1924.86324501038	0	0	0	0
TC	META	AFR	1	19	5446	2163.5204615593	0	0	0	0
TC	META	AFR	1	35	6606	2067.45919585228	0	0	0	0
TC	META	AFR	1	40	2215	647.694438695908	0	0	0	0
TC	META	AFR	1	48	2605	647.550295591354	0	0	0	0
TC	META	AFR	1	49	2515	617.953755140305	0	0	0	0
TC	META	AFR	1	51	2339	308.54919719696	0	0	0	0
TC	META	AFR	1	52	6681	2189.47846484184	0	0	0	0
TC	META	AFR	1	53	5745	2153.2195439338702	0	0	0	0
TC	META	AFR	1	58	6876	1872.04422497749	0	0	0	0
TC	META	AFR	1	67	4462	992.160682916641	0	0	0	0
TC	META	AFR	1	70	4545	1489.61899423599	0	0	0	0
TC	META	AFR	1	73	6461	2841.96973609924	0	0	0	0
TC	META	AFR	1	74	6203	2082.55491089821	0	0	0	0
TC	META	AFR	1	75	7814	2517.17172789574	0	0	0	0
TC	META	AFR	1	76	4022	529.10770201683	0	0	0	0
TC	META	AFR	1	80	2388	182.286256551743	0	0	1	5
TC	META	AFR	1	81	1684	374.111651182175	0	0	0	0
TC	META	AFR	1	82	3661	366.394268751144	0	0	0	0
TC	META	AFR	1	83	4307	11370.4841179848	4	7	5	6
TC	META	AFR	1	84	6738	20943.6923260689	8	10	10	13
TC	META	AFR	1	85	2030	298.00100851059	0	0	0	0
TC	META	AFR	1	89	3876	1019.49942755699	0	0	0	0
TC	META	AFR	1	92	4539	1055.91325640678	0	0	0	0
TC	META	AFR	1	94	1062	100.086934328079	0	0	0	0
TC	META	AFR	1	95	1028	35.7008531093597	0	1	0	0
TC	META	AFR	1	96	4172	1445.14905405045	0	0	0	0
TC	META	AFR	1	97	5194	3162.44914722443	1	1	1	1
TC	META	AFR	1	100	4171	1048.14444327354	0	0	0	0
TC	META	AFR	1	109	5653	2398.25247144699	0	0	0	0
TC	META	AFR	1	124	6943	1775.90923690796	0	0	0	0
TC	META	AFR	1	125	8752	3904.50234246254	0	3	1	2
TC	META	AFR	1	127	3748	549.059266328812	0	0	0	0
TC	META	AFR	1	136	5116	1597.67609238625	0	0	0	0
TC	META	AFR	1	138	6746	3067.936013937	1	1	1	1
TC	META	AFR	1	139	1521	441.355833292007	0	0	0	0
TC	META	AFR	1	140	2156	736.067304849625	0	0	0	0
TC	META	AFR	1	141	2605	586.537352561951	0	0	0	0
TC	META	AFR	1	144	3689	956.77458524704	0	0	0	0
TC	META	AFR	1	145	2854	705.86458325386	0	0	0	0
TC	META	AFR	1	150	4985	1798.17287611961	0	0	0	0
TC	META	AFR	1	151	6771	1134.00797319412	0	0	0	0
TC	META	AFR	1	153	5273	2136.92540168762	0	0	0	0
TC	META	AFR	1	154	8827	2764.75751066208	0	0	0	0
TC	META	AFR	1	156	4660	1730.1444504261	0	0	0	0
TC	META	AFR	1	158	5394	1619.34345316887	0	0	0	0
TC	META	AFR	1	162	4315	1106.16188001633	0	0	0	0
TC	META	AFR	1	168	5378	2289.14001655579	0	0	0	0
TC	META	AFR	1	169	7264	2223.00279712677	0	0	0	0
TC	META	AFR	1	175	7195	2586.33680152893	0	0	0	0
TC	META	AFR	1	182	7706	2002.78640556335	0	0	0	0
TC	META	AFR	1	183	7267	2586.17019367218	0	0	0	0
TC	META	AFR	1	185	2393	555.884591341019	0	0	0	0
TC	META	AFR	1	187	4746	1783.39199590683	0	0	0	0
TC	META	AFR	1	188	5430	1651.94917726517	0	0	0	0
TC	META	AFR	1	192	5275	2067.59547829628	0	0	0	0
TC	META	AFR	1	201	6319	1604.82730078697	0	0	0	0
TC	META	AFR	1	202	5225	2382.33541750908	0	0	0	0
TC	META	AFR	1	205	2069	134.828287601471	0	1	1	4
TC	META	AFR	1	209	1295	326.64458656311	0	0	0	0
TC	META	AFR	1	213	2836	671.006011009216	0	0	0	0
TC	META	AFR	1	221	4896	1902.94317173958	0	0	0	0
TC	META	AFR	1	223	5603	1609.19515705109	0	0	0	0
TC	META	AFR	1	224	3371	1093.7825345993	0	0	0	0
TC	META	AFR	1	226	2006	419.009799003601	0	0	0	0
TC	META	AFR	1	229	4337	1187.77658081055	0	0	0	0
TC	META	AFR	1	233	6644	2251.17999219894	0	0	0	0
TC	META	AFR	1	234	7611	1603.49817299843	0	1	1	12
TC	META	AFR	1	235	5308	926.232136726379	0	0	0	0
TC	META	AFR	1	238	9991	3204.21901273727	0	0	0	0
TC	META	AFR	1	239	2352	699.951439857483	0	0	0	0
TC	META	AFR	1	240	10317	1294.63562560081	0	0	0	0
TC	META	AFR	1	252	2341	333.188293933868	1	1	2	5
TC	META	AFR	1	253	834	94.1292359828949	0	0	0	0
TC	META	AFR	1	254	4020	949.346338748932	0	0	0	0
TC	META	AFR	1	255	2547	829.257588863373	0	0	0	0
TC	META	AFR	1	257	2617	943.170911073685	0	0	0	0
TC	META	AFR	1	280	10183	1234.52731275558	0	0	0	0
TC	META	AFR	1	281	7475	2616.24287939072	0	0	0	0
TC	META	AFR	2	6	2729	782.860264062881	0	0	0	0
TC	META	AFR	2	21	1697	412.994066238403	0	0	0	0
TC	META	AFR	2	31	1598	394.460057735443	0	0	0	0
TC	META	AFR	2	32	2234	154.071408748627	0	0	0	0
TC	META	AFR	2	37	2336	299.286568164825	0	0	1	8
TC	META	AFR	2	38	4970	568.123007774353	0	0	0	0
TC	META	AFR	2	39	2321	188.875925779343	0	0	0	0
TC	META	AFR	2	40	7198	752.854630708694	0	2	1	2
TC	META	AFR	2	41	3303	446.913194179535	1	1	1	1
TC	META	AFR	2	42	298	23.2871899604797	1	1	1	1
TC	META	AFR	2	43	718	55.9828798770905	1	1	2	6
TC	META	AFR	2	44	3345	14740.403891325	5	10	9	16
TC	META	AFR	2	45	6028	19985.6517736912	0	4	2	4
TC	META	AFR	2	46	2651	267.774559736252	0	0	0	0
TC	META	AFR	2	47	7567	956.173967123032	0	1	1	5
TC	META	AFR	2	48	4621	505.363297700882	0	0	0	0
TC	META	AFR	2	49	7325	4015.79060578346	1	2	1	1
TC	META	AFR	2	50	4213	790.294833421707	0	0	0	0
TC	META	AFR	2	51	4790	493.543196201324	0	0	1	9
TC	META	AFR	2	53	3128	883.322971343994	0	0	0	0
TC	META	AFR	2	55	11061	2174.64190483093	0	0	0	0
TC	META	AFR	2	56	526	12.9999127388	0	0	0	0
TC	META	AFR	2	66	10564	3007.03879117966	0	0	0	0
TC	META	AFR	2	69	5645	1967.1331217289	0	0	0	0
TC	META	AFR	2	71	4477	1081.9819893837	1	1	1	1
TC	META	AFR	2	72	7393	976.445639133453	0	1	1	5
TC	META	AFR	2	74	2489	703.686586141586	0	0	0	0
TC	META	AFR	2	75	2975	821.082583665848	0	0	0	0
TC	META	AFR	2	77	2896	570.380941867828	0	0	0	0
TC	META	AFR	2	84	14595	4868.20962786674	0	0	0	0
TC	META	AFR	2	88	16823	5445.05270266533	0	0	0	0
TC	META	AFR	2	89	4321	749.085676431656	0	0	0	0
TC	META	AFR	2	97	6469	1275.85247755051	0	0	1	16
TC	META	AFR	2	99	3770	1280.44592475891	0	0	0	0
TC	META	AFR	2	100	5070	1606.63101601601	0	0	0	0
TC	META	AFR	2	102	3683	382.988488197327	0	1	0	0
TC	META	AFR	2	107	7942	3803.86404418945	0	0	0	0
TC	META	AFR	2	115	8548	1781.49035477638	0	0	0	0
TC	META	AFR	2	121	7707	2474.12186264992	0	0	0	0
TC	META	AFR	2	122	3370	1168.83358025551	0	0	0	0
TC	META	AFR	2	124	6381	1853.58668112755	0	0	0	0
TC	META	AFR	2	125	5255	1958.35520601273	0	0	0	0
TC	META	AFR	2	127	10601	2804.23254323006	0	0	0	0
TC	META	AFR	2	128	8987	2037.3843255043	0	0	0	0
TC	META	AFR	2	130	988	132.594610452652	0	0	0	0
TC	META	AFR	2	131	270	19.1391303539276	0	0	0	0
TC	META	AFR	2	138	7590	2480.00106287003	0	0	0	0
TC	META	AFR	2	146	7475	2254.04554200172	0	0	0	0
TC	META	AFR	2	147	12158	4669.5287296772	0	0	0	0
TC	META	AFR	2	152	4208	1293.7127571106	0	0	0	0
TC	META	AFR	2	153	7068	1346.49666786194	0	0	0	0
TC	META	AFR	2	155	4406	1604.57576322556	0	0	0	0
TC	META	AFR	2	162	2783	615.615829229355	0	0	0	0
TC	META	AFR	2	163	356	9.83472776412964	0	1	0	0
TC	META	AFR	2	164	1472	331.1915974617	0	0	0	0
TC	META	AFR	2	166	11660	4132.35629630089	0	0	0	0
TC	META	AFR	2	168	5176	1846.19059801102	0	0	0	0
TC	META	AFR	2	171	7590	1192.44567465782	0	0	0	0
TC	META	AFR	2	172	1586	256.475046157837	0	0	0	0
TC	META	AFR	2	177	5759	1884.57995510101	0	0	0	0
TC	META	AFR	2	180	4686	1345.06320118904	0	0	0	0
TC	META	AFR	2	181	7131	1660.82001376152	0	0	0	0
TC	META	AFR	2	192	7139	1636.38447833061	0	0	0	0
TC	META	AFR	2	196	8929	1394.70372033119	0	0	0	0
TC	META	AFR	2	198	4625	1367.00109553337	0	0	0	0
TC	META	AFR	2	199	7627	2036.20615267754	0	0	0	0
TC	META	AFR	2	205	3614	1045.30040383339	0	0	0	0
TC	META	AFR	2	208	11200	2598.2245426178	0	0	0	0
TC	META	AFR	2	210	3903	821.432444095612	0	0	0	0
TC	META	AFR	2	211	5679	2515.01619267464	0	0	0	0
TC	META	AFR	2	212	5720	1966.25308179855	0	0	0	0
TC	META	AFR	2	213	12754	2290.98375415802	0	0	0	0
TC	META	AFR	2	217	3460	1089.13502788544	0	0	0	0
TC	META	AFR	2	218	2684	499.461188077927	0	0	0	0
TC	META	AFR	2	228	3904	657.163230895996	0	0	0	0
TC	META	AFR	2	232	2738	144.058304786682	0	1	1	6
TC	META	AFR	2	233	1320	182.739390134811	0	0	0	0
TC	META	AFR	2	241	2830	712.976952075958	0	0	0	0
TC	META	AFR	2	242	4113	850.622735977173	0	0	0	0
TC	META	AFR	2	250	9223	3802.22101783752	0	0	0	0
TC	META	AFR	2	255	4801	1501.04287433624	0	0	0	0
TC	META	AFR	3	24	6158	1701.14734101295	0	0	0	0
TC	META	AFR	3	41	7666	2828.35137081146	0	0	0	0
TC	META	AFR	3	45	3115	1063.06737828255	0	0	0	0
TC	META	AFR	3	51	2544	127.605492830276	0	1	1	4
TC	META	AFR	3	56	4803	1576.18595051765	0	0	0	0
TC	META	AFR	3	70	5899	1719.9500837326	0	0	0	0
TC	META	AFR	3	71	7674	2293.44189286232	0	0	0	0
TC	META	AFR	3	83	8408	2481.0427069664	0	0	0	0
TC	META	AFR	3	88	5134	1705.0043554306	0	0	0	0
TC	META	AFR	3	89	5808	1737.58687591553	0	0	0	0
TC	META	AFR	3	104	12417	1569.18719148636	0	0	0	0
TC	META	AFR	3	107	5125	1995.80992889404	0	0	0	0
TC	META	AFR	3	112	5577	1277.35380864143	0	0	0	0
TC	META	AFR	3	113	1928	436.357486963272	0	0	0	0
TC	META	AFR	3	120	5437	1057.5022418499	0	0	0	0
TC	META	AFR	3	121	6511	1240.08290195465	0	0	0	0
TC	META	AFR	3	122	1447	311.507526636124	0	0	0	0
TC	META	AFR	3	123	2279	728.113749980927	0	0	0	0
TC	META	AFR	3	127	7015	1604.05043911934	0	0	0	0
TC	META	AFR	3	128	2876	785.274305105209	0	0	0	0
TC	META	AFR	3	129	3287	411.240196466446	0	0	0	0
TC	META	AFR	3	131	1984	510.927394628525	0	0	0	0
TC	META	AFR	3	132	9106	2027.17310333252	0	0	0	0
TC	META	AFR	3	135	5639	1438.52114629745	0	0	0	0
TC	META	AFR	3	136	2871	674.420057535172	0	0	0	0
TC	META	AFR	3	140	6894	2012.54119896889	0	0	0	0
TC	META	AFR	3	145	6796	1154.06142282486	0	0	0	0
TC	META	AFR	3	149	4998	1777.00970578194	0	0	0	0
TC	META	AFR	3	150	5607	1573.48156023026	0	0	0	0
TC	META	AFR	3	154	1430	314.836078882217	0	0	0	0
TC	META	AFR	3	158	6809	1759.44306588173	0	0	0	0
TC	META	AFR	3	161	8045	2489.91028904915	0	0	0	0
TC	META	AFR	3	165	6297	1987.95820260048	0	0	0	0
TC	META	AFR	3	170	3862	940.48591709137	0	0	0	0
TC	META	AFR	3	172	4379	1120.00991010666	0	0	0	0
TC	META	AFR	3	173	2623	875.217339754105	0	0	0	0
TC	META	AFR	3	175	1763	472.332464694977	0	0	0	0
TC	META	AFR	3	190	3664	1283.09963965416	0	0	0	0
TC	META	AFR	3	191	4275	1033.93285036087	0	0	0	0
TC	META	AFR	3	193	6819	1203.02236676216	0	0	0	0
TC	META	AFR	3	195	11532	2765.72517681122	0	0	0	0
TC	META	AFR	3	214	7524	2519.30250430107	0	0	0	0
TC	META	AFR	3	216	3829	1352.04600477219	0	0	0	0
TC	META	AFR	4	1	18227	3350.36346077919	0	0	0	0
TC	META	AFR	4	15	2778	922.350552558899	0	0	0	0
TC	META	AFR	4	19	2789	776.730246782303	0	0	0	0
TC	META	AFR	4	21	9990	1477.01672387123	0	0	0	0
TC	META	AFR	4	28	5176	963.417408466339	0	0	0	0
TC	META	AFR	4	42	901	170.589139461517	0	0	0	0
TC	META	AFR	4	54	13668	3674.2372815609	0	0	0	0
TC	META	AFR	4	55	5470	1632.78715205193	0	0	0	0
TC	META	AFR	4	57	1163	182.793080329895	0	0	0	0
TC	META	AFR	4	64	9067	2371.12741351128	0	0	0	0
TC	META	AFR	4	65	3601	508.000755548477	0	0	0	0
TC	META	AFR	4	66	4853	1844.56775975227	0	0	0	0
TC	META	AFR	4	71	2380	753.05250954628	0	0	0	0
TC	META	AFR	4	79	4845	1152.83606648445	0	0	0	0
TC	META	AFR	4	80	6862	2045.63381075859	1	1	1	1
TC	META	AFR	4	84	6683	1221.33636808395	0	0	0	0
TC	META	AFR	4	85	2175	536.932002782822	0	0	0	0
TC	META	AFR	4	86	473	62.2322611808777	0	0	0	0
TC	META	AFR	4	87	9226	2975.70826768875	0	0	0	0
TC	META	AFR	4	90	6305	1894.36793684959	0	0	0	0
TC	META	AFR	4	92	5187	1890.60886502266	0	0	0	0
TC	META	AFR	4	101	7641	1679.61378288269	0	0	0	0
TC	META	AFR	4	113	7142	2762.73798704147	0	0	0	0
TC	META	AFR	4	114	6572	2664.70310378075	0	0	0	0
TC	META	AFR	4	115	3030	727.449066162109	0	0	0	0
TC	META	AFR	4	116	5734	1547.26721382141	0	0	0	0
TC	META	AFR	4	117	6485	2567.23509478569	0	0	0	0
TC	META	AFR	4	121	5330	1586.49949121475	0	0	0	0
TC	META	AFR	4	129	7659	1025.50441265106	0	0	0	0
TC	META	AFR	4	130	6835	1276.00863647461	0	0	0	0
TC	META	AFR	4	134	10444	3105.53148031235	0	0	0	0
TC	META	AFR	4	136	9288	1035.96257591248	0	0	0	0
TC	META	AFR	4	148	4362	1770.00269198418	0	0	0	0
TC	META	AFR	4	150	6788	2479.26292848587	0	0	0	0
TC	META	AFR	4	151	2998	805.592566251755	0	0	0	0
TC	META	AFR	4	156	9220	2243.61230969429	0	0	0	0
TC	META	AFR	4	159	2548	537.912563085556	0	0	0	0
TC	META	AFR	4	161	2408	410.7482380867	0	0	0	0
TC	META	AFR	4	162	4284	1355.84135437012	0	0	0	0
TC	META	AFR	4	203	2982	840.002064943314	0	0	0	0
TC	META	AFR	5	6	2066	344.818519592285	0	0	0	0
TC	META	AFR	5	28	2027	590.525399208069	0	0	0	0
TC	META	AFR	5	43	6516	1740.17974615097	0	0	0	0
TC	META	AFR	5	56	8459	2798.73035311699	0	0	0	0
TC	META	AFR	5	57	5620	1275.87951660156	0	0	0	0
TC	META	AFR	5	64	7054	2509.9292974472	0	0	0	0
TC	META	AFR	5	68	1697	461.37988948822	0	0	0	0
TC	META	AFR	5	69	2437	507.282444238663	0	0	0	0
TC	META	AFR	5	71	7951	1728.46697425842	0	0	0	0
TC	META	AFR	5	74	11296	3567.24623060226	0	0	0	0
TC	META	AFR	5	81	4509	1322.32822608948	0	0	0	0
TC	META	AFR	5	84	878	53.2171971797943	0	0	0	0
TC	META	AFR	5	85	6654	1092.89223623276	0	0	1	9
TC	META	AFR	5	92	4151	977.760479450226	0	0	0	0
TC	META	AFR	5	109	3394	833.026866674423	0	0	0	0
TC	META	AFR	5	130	7829	1900.68704199791	0	0	0	0
TC	META	AFR	5	134	4194	222.106684684753	0	0	0	0
TC	META	AFR	5	136	7468	1380.39789509773	0	0	0	0
TC	META	AFR	5	146	7721	1929.68923568726	0	0	0	0
TC	META	AFR	5	147	3144	1017.9478957653	0	0	0	0
TC	META	AFR	5	154	4822	1547.07003760338	0	0	0	0
TC	META	AFR	5	156	4705	804.875422954559	0	0	0	0
TC	META	AFR	5	158	4033	1422.07099628448	0	0	0	0
TC	META	AFR	5	165	3126	382.601636648178	0	0	0	0
TC	META	AFR	5	166	6157	7468.15866017342	1	3	5	31
TC	META	AFR	5	167	5057	2206.68610858917	0	0	0	0
TC	META	AFR	5	168	5790	1542.96844482422	0	0	0	0
TC	META	AFR	5	191	8031	2233.83295798302	0	0	0	0
TC	META	AFR	5	202	3846	966.031010866165	0	0	0	0
TC	META	AFR	5	207	4954	2060.06634354591	0	0	0	0
TC	META	AFR	5	210	668	115.766977310181	0	0	0	0
TC	META	AFR	5	211	1167	253.152048110962	0	0	0	0
TC	META	AFR	6	1	5963	2094.51801538467	0	0	0	0
TC	META	AFR	6	19	4719	2169.07590031624	0	0	0	0
TC	META	AFR	6	20	3115	995.263282060623	0	0	0	0
TC	META	AFR	6	25	4643	1623.07387566566	0	0	0	0
TC	META	AFR	6	27	2986	1003.83497095108	0	0	0	0
TC	META	AFR	6	30	740	138.493279933929	0	0	0	0
TC	META	AFR	6	34	5435	1770.56620693207	0	0	0	0
TC	META	AFR	6	35	1980	500.400569438934	0	0	0	0
TC	META	AFR	6	39	8669	1053.71072292328	0	0	0	0
TC	META	AFR	6	43	5471	2000.3636534214	0	0	0	0
TC	META	AFR	6	44	1001	166.419194698334	0	0	0	0
TC	META	AFR	6	47	6929	1884.07627630234	0	0	0	0
TC	META	AFR	6	51	11018	1810.54344725609	0	0	0	0
TC	META	AFR	6	52	3626	573.742747545242	0	0	0	0
TC	META	AFR	6	53	3339	656.411316156387	0	0	0	0
TC	META	AFR	6	56	3222	967.052640199661	0	0	0	0
TC	META	AFR	6	58	5441	1666.18379759789	0	0	0	0
TC	META	AFR	6	63	5267	2267.33622407913	0	0	0	0
TC	META	AFR	6	64	590	76.9164974689484	0	0	0	0
TC	META	AFR	6	65	1531	401.650978088379	0	0	0	0
TC	META	AFR	6	69	5094	2415.96419239044	0	0	0	0
TC	META	AFR	6	72	2149	281.823687314987	0	0	0	0
TC	META	AFR	6	73	823	55.1575453281403	0	0	0	0
TC	META	AFR	6	75	777	134.347062587738	0	0	0	0
TC	META	AFR	6	76	10410	2354.34766769409	0	0	0	0
TC	META	AFR	6	85	12679	3479.23189353943	0	0	0	0
TC	META	AFR	6	87	8926	2362.22067022324	0	0	0	0
TC	META	AFR	6	88	16223	5474.53648757935	0	0	0	0
TC	META	AFR	6	94	7971	2364.42822051048	0	0	0	0
TC	META	AFR	6	99	6872	762.484359264374	0	0	0	0
TC	META	AFR	6	100	76	0.912073612213135	0	1	0	0
TC	META	AFR	6	101	5475	2013.86524581909	0	0	0	0
TC	META	AFR	6	105	5131	1813.44681835175	0	0	0	0
TC	META	AFR	6	109	4903	1411.33140230179	0	0	0	0
TC	META	AFR	6	115	12341	3158.06477832794	0	0	0	0
TC	META	AFR	6	116	7191	2383.23415279388	0	0	0	0
TC	META	AFR	6	117	10465	1620.63515710831	0	0	0	0
TC	META	AFR	6	124	8293	1934.0113735199	0	0	0	0
TC	META	AFR	6	127	4185	1265.88933348656	0	0	0	0
TC	META	AFR	6	128	5932	1594.91763281822	0	0	0	0
TC	META	AFR	6	130	6764	2536.90325427055	0	0	0	0
TC	META	AFR	6	134	4122	1624.72506928444	0	0	0	0
TC	META	AFR	6	135	2825	780.077592134476	0	0	0	0
TC	META	AFR	6	137	2348	619.217624902725	0	0	0	0
TC	META	AFR	6	138	3245	794.528358697891	0	0	0	0
TC	META	AFR	6	140	3548	704.717109203339	0	0	1	15
TC	META	AFR	6	146	2770	879.706056833267	0	0	0	0
TC	META	AFR	6	148	2369	694.983208179474	0	0	0	0
TC	META	AFR	6	154	3943	1343.12924480438	0	0	0	0
TC	META	AFR	6	158	4581	1707.24299860001	0	0	0	0
TC	META	AFR	6	160	5706	2316.68173336983	0	0	0	0
TC	META	AFR	6	168	6933	1669.02491879463	0	0	0	0
TC	META	AFR	6	169	11668	43546.9085440636	3	7	6	13
TC	META	AFR	6	183	3305	791.42626786232	0	0	0	0
TC	META	AFR	7	3	4591	1087.71863222122	0	0	1	12
TC	META	AFR	7	5	7298	1277.57704424858	0	0	0	0
TC	META	AFR	7	6	3827	869.543297052383	0	0	0	0
TC	META	AFR	7	11	4978	690.626065015793	0	0	0	0
TC	META	AFR	7	12	8736	2514.39443731308	0	0	0	0
TC	META	AFR	7	28	2017	453.415339708328	0	0	0	0
TC	META	AFR	7	33	7297	1456.4214193821	0	0	0	0
TC	META	AFR	7	37	5826	1720.12224721909	0	0	0	0
TC	META	AFR	7	40	8568	2052.17224240303	0	0	0	0
TC	META	AFR	7	41	5472	1874.20101499557	0	0	0	0
TC	META	AFR	7	42	5444	993.498918056488	0	1	0	0
TC	META	AFR	7	44	1141	70.9476177692413	0	0	0	0
TC	META	AFR	7	50	3911	888.617015123367	0	0	0	0
TC	META	AFR	7	51	3855	134.768984794617	0	0	0	0
TC	META	AFR	7	58	5455	1087.09001612663	0	0	0	0
TC	META	AFR	7	66	2351	642.240016222	0	0	0	0
TC	META	AFR	7	67	14283	4790.75552535057	2	3	3	4
TC	META	AFR	7	73	2027	502.973839521408	0	0	0	0
TC	META	AFR	7	85	7211	2576.81308054924	0	0	0	0
TC	META	AFR	7	87	684	119.492555141449	0	0	0	0
TC	META	AFR	7	88	8793	977.082120418549	0	0	0	0
TC	META	AFR	7	89	4394	975.645401954651	0	0	0	0
TC	META	AFR	7	95	3326	1168.69650101662	0	0	0	0
TC	META	AFR	7	99	8667	3340.98111391068	0	0	0	0
TC	META	AFR	7	103	4213	1415.41139268875	0	0	0	0
TC	META	AFR	7	107	10345	2840.63523721695	0	0	0	0
TC	META	AFR	7	109	4765	1837.48906230927	0	0	0	0
TC	META	AFR	7	111	8178	2630.25162386894	0	0	0	0
TC	META	AFR	7	112	3705	642.85623383522	0	0	0	0
TC	META	AFR	7	113	6992	1979.67451667786	0	0	0	0
TC	META	AFR	7	119	3681	856.703648805618	0	0	0	0
TC	META	AFR	7	125	6409	2088.50820970535	0	0	0	0
TC	META	AFR	7	127	1724	288.018267631531	0	0	0	0
TC	META	AFR	7	131	11394	3575.47421097755	0	0	0	0
TC	META	AFR	7	132	12436	5306.56381821632	0	0	0	0
TC	META	AFR	7	133	11115	1422.89391255379	0	0	0	0
TC	META	AFR	7	134	3203	604.514124393463	0	0	0	0
TC	META	AFR	7	138	7987	2671.85991048813	0	0	0	0
TC	META	AFR	7	139	1613	404.153048992157	0	0	0	0
TC	META	AFR	7	140	3837	1282.69271993637	0	0	0	0
TC	META	AFR	7	141	8231	537.208666324615	0	1	1	2
TC	META	AFR	7	142	1521	345.606710672379	0	0	0	0
TC	META	AFR	7	147	2679	723.206689357758	0	0	0	0
TC	META	AFR	7	152	2992	778.240138292313	0	0	0	0
TC	META	AFR	7	159	2901	717.897029399872	0	0	0	0
TC	META	AFR	7	162	10942	3317.395581007	0	0	0	0
TC	META	AFR	7	176	1099	82.7396087646484	0	0	0	0
TC	META	AFR	7	177	1760	493.885071992874	0	0	0	0
TC	META	AFR	7	187	8691	2693.30292439461	0	0	0	0
TC	META	AFR	8	17	5543	981.646087884903	0	0	0	0
TC	META	AFR	8	29	9760	2485.31134724617	0	1	0	0
TC	META	AFR	8	32	6681	1631.63558530807	0	0	0	0
TC	META	AFR	8	36	1826	83.2278654575348	1	1	1	1
TC	META	AFR	8	39	4006	1540.06131482124	0	0	0	0
TC	META	AFR	8	41	3730	1267.06762290001	0	0	0	0
TC	META	AFR	8	42	6683	2136.67499017715	0	0	0	0
TC	META	AFR	8	43	6262	2521.83946895599	0	0	0	0
TC	META	AFR	8	44	2012	458.02902007103	0	0	0	0
TC	META	AFR	8	45	4330	1050.59608101845	0	0	0	0
TC	META	AFR	8	57	3523	175.741906881332	0	0	0	0
TC	META	AFR	8	59	3094	468.813066959381	0	0	0	0
TC	META	AFR	8	65	3326	420.999922037125	0	0	0	0
TC	META	AFR	8	68	4407	324.68576669693	0	0	1	3
TC	META	AFR	8	69	9146	2809.55288696289	0	0	0	0
TC	META	AFR	8	78	1110	176.925405979156	0	0	0	0
TC	META	AFR	8	81	5770	1593.61339902878	0	0	0	0
TC	META	AFR	8	83	9787	2437.4470102787	0	0	0	0
TC	META	AFR	8	84	12737	2504.81147694588	0	0	0	0
TC	META	AFR	8	85	5101	1260.43463778496	0	0	0	0
TC	META	AFR	8	88	6167	2391.18873763084	0	0	0	0
TC	META	AFR	8	106	5451	1731.17529678345	0	0	0	0
TC	META	AFR	8	109	8936	1450.08173322678	0	0	0	0
TC	META	AFR	8	110	9370	1711.00211024284	0	0	0	0
TC	META	AFR	8	113	3803	751.879690885544	0	0	0	0
TC	META	AFR	8	118	2668	633.675134420395	0	0	0	0
TC	META	AFR	8	121	862	84.2378160953522	0	0	0	0
TC	META	AFR	8	124	3349	649.03179693222	0	0	0	0
TC	META	AFR	8	125	1446	233.539079427719	0	1	2	8
TC	META	AFR	8	126	419	55.1388640403748	0	0	0	0
TC	META	AFR	8	135	4253	1506.64297056198	0	0	0	0
TC	META	AFR	8	153	2416	264.25395822525	0	0	0	0
TC	META	AFR	8	159	4386	1328.86350917816	0	0	0	0
TC	META	AFR	8	160	4702	745.309932947159	0	0	0	0
TC	META	AFR	9	4	4588	307.075055599213	1	1	1	1
TC	META	AFR	9	5	1174	190.602250814438	0	0	0	0
TC	META	AFR	9	9	3490	1257.63615202904	0	0	0	0
TC	META	AFR	9	12	4601	934.260218381882	0	0	0	0
TC	META	AFR	9	13	8708	3214.36938357353	0	0	0	0
TC	META	AFR	9	31	7016	224.534507274628	0	0	0	0
TC	META	AFR	9	33	4928	1323.39504313469	0	0	0	0
TC	META	AFR	9	36	4573	235.102209568024	0	0	1	93
TC	META	AFR	9	39	2034	432.604293107986	0	0	0	0
TC	META	AFR	9	40	8662	2226.39696931839	0	0	0	0
TC	META	AFR	9	51	2755	817.495998620987	0	0	0	0
TC	META	AFR	9	53	8810	1304.03129768372	0	0	0	0
TC	META	AFR	9	69	3253	1004.19599628448	0	0	0	0
TC	META	AFR	9	70	2004	508.859659910202	0	0	0	0
TC	META	AFR	9	72	1350	234.358229398727	0	0	0	0
TC	META	AFR	9	73	3513	1239.24822330475	0	0	0	0
TC	META	AFR	9	89	1382	331.313876152039	0	0	0	0
TC	META	AFR	9	93	5640	1185.97185897827	0	0	0	0
TC	META	AFR	9	99	3894	558.749309062958	0	0	0	0
TC	META	AFR	9	100	6528	1179.03461003304	0	0	0	0
TC	META	AFR	9	102	7359	756.628888607025	0	0	0	0
TC	META	AFR	9	103	1676	276.203662633896	0	0	0	0
TC	META	AFR	9	104	1871	269.283726453781	0	0	0	0
TC	META	AFR	9	105	1359	89.458735704422	0	1	0	0
TC	META	AFR	9	106	6293	897.617020368576	0	0	0	0
TC	META	AFR	9	107	1679	94.9075124263763	0	1	1	2
TC	META	AFR	9	109	7771	1672.59070396423	0	1	1	3
TC	META	AFR	9	110	8614	3131.0712211132	2	3	4	11
TC	META	AFR	9	111	328	54.570732831955	1	2	2	5
TC	META	AFR	9	112	7451	2561.93057894707	0	2	2	27
TC	META	AFR	9	113	4343	864.208166360855	0	2	0	0
TC	META	AFR	9	114	2508	279.069524765015	0	0	0	0
TC	META	AFR	9	115	7798	1263.30005264282	0	0	0	0
TC	META	AFR	9	116	3736	333.114589691162	0	1	0	0
TC	META	AFR	9	118	9501	849.995813369751	0	0	0	0
TC	META	AFR	9	119	3689	288.480355262756	0	1	0	0
TC	META	AFR	9	121	2193	146.74255156517	0	1	0	0
TC	META	AFR	9	124	3529	523.446111917496	0	1	0	0
TC	META	AFR	9	125	4942	495.422700166702	0	0	0	0
TC	META	AFR	9	134	9859	2386.51062631607	0	0	0	0
TC	META	AFR	9	140	10184	1105.72417354584	0	0	0	0
TC	META	AFR	9	142	3183	447.475430965424	0	0	0	0
TC	META	AFR	9	144	3536	961.909305334091	0	0	0	0
TC	META	AFR	9	145	3976	1382.80505514145	0	0	0	0
TC	META	AFR	9	149	3596	297.731051921844	0	0	1	5
TC	META	AFR	9	153	282	28.9766380786896	0	0	0	0
TC	META	AFR	9	160	1399	273.768548488617	0	0	0	0
TC	META	AFR	9	161	1305	324.43535733223	0	0	0	0
TC	META	AFR	10	13	4494	1565.6318602562	0	0	0	0
TC	META	AFR	10	22	4837	789.889710187912	0	0	0	0
TC	META	AFR	10	43	4011	1202.42494893074	0	0	0	0
TC	META	AFR	10	44	2260	621.708598136902	0	0	0	0
TC	META	AFR	10	46	6815	2184.63042974472	0	0	0	0
TC	META	AFR	10	52	6611	1025.76192378998	0	0	0	0
TC	META	AFR	10	53	3552	1441.20431470871	0	0	0	0
TC	META	AFR	10	58	1374	313.926795959473	0	0	0	0
TC	META	AFR	10	59	4377	1175.60447883606	0	0	0	0
TC	META	AFR	10	67	4328	681.215497732162	0	0	1	14
TC	META	AFR	10	69	6006	1547.59093856812	0	0	0	0
TC	META	AFR	10	70	6274	1059.24463772774	0	0	0	0
TC	META	AFR	10	73	3817	1146.84264588356	0	0	0	0
TC	META	AFR	10	77	15941	4368.02562427521	0	0	0	0
TC	META	AFR	10	80	6094	821.256809234619	0	0	0	0
TC	META	AFR	10	81	7182	2413.84162020683	0	0	0	0
TC	META	AFR	10	84	11279	1942.35268807411	0	0	0	0
TC	META	AFR	10	85	1931	356.436806440353	0	0	0	0
TC	META	AFR	10	92	10956	1786.86944007874	0	0	0	0
TC	META	AFR	10	100	1764	275.240685462952	0	0	0	0
TC	META	AFR	10	101	5521	1834.22947359085	0	0	0	0
TC	META	AFR	10	109	6772	1282.34516191483	0	0	0	0
TC	META	AFR	10	110	2058	471.835683107376	0	0	0	0
TC	META	AFR	10	112	1312	297.858009338379	0	0	0	0
TC	META	AFR	10	113	4307	1154.21569657326	0	0	0	0
TC	META	AFR	10	117	8052	1093.39086389542	0	0	1	10
TC	META	AFR	10	120	5662	2123.0884115696	0	0	0	0
TC	META	AFR	10	121	3497	1025.09136748314	0	0	0	0
TC	META	AFR	10	123	5358	1008.38238573074	0	0	0	0
TC	META	AFR	10	126	7319	1221.16726946831	0	0	0	0
TC	META	AFR	10	127	2371	675.695579528809	0	0	0	0
TC	META	AFR	10	129	8229	2986.81765699387	0	0	0	0
TC	META	AFR	10	130	2846	861.440944194794	0	0	0	0
TC	META	AFR	10	131	7494	2215.36146998405	0	0	0	0
TC	META	AFR	10	137	7039	833.726089000702	0	1	0	0
TC	META	AFR	10	138	1231	155.835933923721	0	1	0	0
TC	META	AFR	10	140	1530	310.207304954529	0	0	0	0
TC	META	AFR	10	144	2823	795.66397190094	0	0	0	0
TC	META	AFR	10	150	6084	1801.24572849274	0	0	0	0
TC	META	AFR	10	152	3904	883.463705062866	0	0	0	0
TC	META	AFR	10	154	8935	1049.14761352539	0	0	0	0
TC	META	AFR	10	176	5608	1677.66968989372	0	0	0	0
TC	META	AFR	10	177	3475	930.70216178894	0	0	0	0
TC	META	AFR	11	2	4274	1078.77669858932	0	0	0	0
TC	META	AFR	11	3	4371	884.51358127594	0	0	0	0
TC	META	AFR	11	4	3372	1311.64574956894	0	0	0	0
TC	META	AFR	11	7	2475	799.858754873276	0	0	0	0
TC	META	AFR	11	11	6134	254.231491088867	0	0	1	13
TC	META	AFR	11	12	7290	439.591190099716	0	1	1	3
TC	META	AFR	11	22	2182	583.738469362259	0	0	0	0
TC	META	AFR	11	28	3489	769.880245685577	0	0	0	0
TC	META	AFR	11	30	3441	910.721231222153	0	0	0	0
TC	META	AFR	11	31	3293	998.945707798004	0	0	0	0
TC	META	AFR	11	33	4226	1461.24956035614	0	0	0	0
TC	META	AFR	11	56	1022	196.305425643921	0	0	0	0
TC	META	AFR	11	57	4377	1410.22920465469	0	0	0	0
TC	META	AFR	11	75	3597	1024.13065242767	0	0	0	0
TC	META	AFR	11	76	4291	1134.76917433739	0	0	0	0
TC	META	AFR	11	78	4499	1768.54121756554	0	0	0	0
TC	META	AFR	11	79	9766	2655.27170372009	0	0	0	0
TC	META	AFR	11	80	6664	1331.32937121391	0	0	0	0
TC	META	AFR	11	81	4035	946.8181681633	0	0	0	0
TC	META	AFR	11	82	1161	196.15620970726	0	0	0	0
TC	META	AFR	11	86	5908	1176.8220949173	0	0	0	0
TC	META	AFR	11	88	6375	1873.48859810829	0	0	0	0
TC	META	AFR	11	90	10109	1133.22446918488	0	0	0	0
TC	META	AFR	11	107	1869	411.050033330917	0	0	0	0
TC	META	AFR	11	108	1733	391.873489141464	0	0	0	0
TC	META	AFR	11	117	10814	3084.3912217617	0	0	0	0
TC	META	AFR	11	121	4676	866.652565002441	0	0	0	0
TC	META	AFR	11	125	4203	651.347782373428	0	0	0	0
TC	META	AFR	11	128	613	89.6607339382172	0	0	0	0
TC	META	AFR	11	129	4634	4873.1780102253	2	2	3	10
TC	META	AFR	11	133	4805	748.846788644791	0	0	0	0
TC	META	AFR	11	140	2580	715.823255062103	0	0	0	0
TC	META	AFR	11	142	5556	1093.71062207222	0	0	0	0
TC	META	AFR	11	147	8832	2643.77540779114	0	0	0	0
TC	META	AFR	11	163	765	102.344528675079	0	0	0	0
TC	META	AFR	12	1	2830	836.873752593994	0	0	0	0
TC	META	AFR	12	12	1668	249.534645318985	0	0	0	0
TC	META	AFR	12	13	3117	417.909022808075	0	0	0	0
TC	META	AFR	12	17	2174	481.494097232819	0	0	0	0
TC	META	AFR	12	18	4467	1038.85325145721	0	0	0	0
TC	META	AFR	12	23	6274	1374.02771139145	0	0	0	0
TC	META	AFR	12	26	923	175.058312654495	0	0	0	0
TC	META	AFR	12	27	573	86.5210366249084	0	0	0	0
TC	META	AFR	12	29	645	112.538449287415	0	0	0	0
TC	META	AFR	12	42	9735	3549.59221625328	0	0	0	0
TC	META	AFR	12	45	3753	1100.30229306221	0	0	0	0
TC	META	AFR	12	47	1535	306.610284805298	0	0	0	0
TC	META	AFR	12	48	5386	1668.23469424248	0	0	0	0
TC	META	AFR	12	49	5896	1729.31450843811	0	0	0	0
TC	META	AFR	12	51	3526	1166.24401426315	0	0	0	0
TC	META	AFR	12	52	7707	2464.32325863838	0	0	0	0
TC	META	AFR	12	59	6923	2047.60023546219	0	0	0	0
TC	META	AFR	12	60	3249	808.598957300186	0	0	0	0
TC	META	AFR	12	61	3824	1078.03002357483	0	0	0	0
TC	META	AFR	12	62	4158	877.697779893875	0	0	0	0
TC	META	AFR	12	63	5085	1231.22503495216	0	0	0	0
TC	META	AFR	12	64	3376	875.215297698975	0	0	0	0
TC	META	AFR	12	66	5678	844.159008026123	0	0	0	0
TC	META	AFR	12	67	3054	201.830148220062	0	1	0	0
TC	META	AFR	12	69	5691	2311.61536073685	0	0	0	0
TC	META	AFR	12	71	6694	2183.8302989006	0	0	0	0
TC	META	AFR	12	72	17970	2557.81201028824	0	0	0	0
TC	META	AFR	12	82	5866	1777.15045595169	0	0	0	0
TC	META	AFR	12	97	8475	2780.95337319374	0	0	0	0
TC	META	AFR	12	98	3544	818.627132177353	0	0	0	0
TC	META	AFR	12	106	6242	2369.89825963974	0	0	0	0
TC	META	AFR	12	110	6879	397.779293060303	0	1	1	8
TC	META	AFR	12	113	4982	1017.06342887878	0	0	0	0
TC	META	AFR	12	116	1609	299.110722541809	0	0	0	0
TC	META	AFR	12	117	5426	1390.84374570847	0	0	0	0
TC	META	AFR	12	119	9646	2706.49950194359	0	0	0	0
TC	META	AFR	12	120	2491	601.050508499146	0	0	0	0
TC	META	AFR	12	121	3634	374.958915710449	0	0	0	0
TC	META	AFR	12	122	9007	2890.07664847374	0	0	0	0
TC	META	AFR	12	123	2784	521.427091598511	0	0	0	0
TC	META	AFR	12	127	2263	445.157684326172	0	0	0	0
TC	META	AFR	12	128	839	172.013703107834	0	0	0	0
TC	META	AFR	12	129	3704	1292.04330801964	0	0	0	0
TC	META	AFR	12	138	9017	1210.01709580421	0	0	0	0
TC	META	AFR	12	139	12419	2276.30310058594	0	0	0	0
TC	META	AFR	12	140	2144	222.461350917816	1	1	1	1
TC	META	AFR	12	141	3084	234.157029628754	0	0	0	0
TC	META	AFR	13	18	1545	413.326579809189	0	0	0	0
TC	META	AFR	13	21	6050	928.268526315689	0	0	0	0
TC	META	AFR	13	24	4192	1524.17011785507	0	0	0	0
TC	META	AFR	13	25	2721	842.488667011261	1	1	1	1
TC	META	AFR	13	40	3906	1113.17414164543	0	0	0	0
TC	META	AFR	13	44	3269	937.312393903732	0	0	0	0
TC	META	AFR	13	45	4828	1930.45183396339	0	0	0	0
TC	META	AFR	13	50	8848	2679.82919025421	0	0	0	0
TC	META	AFR	13	66	2056	533.302712678909	0	0	0	0
TC	META	AFR	13	69	8704	2473.78418540955	0	0	0	0
TC	META	AFR	13	70	5805	2257.15584564209	0	0	0	0
TC	META	AFR	13	84	3187	1070.25303196907	0	0	0	0
TC	META	AFR	13	95	1926	427.832504987717	0	0	0	0
TC	META	AFR	13	96	2062	633.472982883453	0	0	0	0
TC	META	AFR	13	111	1536	182.313161849976	0	0	0	0
TC	META	AFR	13	115	1871	372.314829349518	0	0	0	0
TC	META	AFR	13	116	1603	326.202916383743	0	0	0	0
TC	META	AFR	13	118	3302	870.036468029022	0	0	0	0
TC	META	AFR	13	124	700	110.790827989578	0	0	0	0
TC	META	AFR	13	125	5151	183.531192779541	0	0	0	0
TC	META	AFR	14	4	1416	344.133039236069	0	0	0	0
TC	META	AFR	14	10	1710	304.975120067596	0	0	0	0
TC	META	AFR	14	11	2211	585.78157377243	0	0	0	0
TC	META	AFR	14	14	7585	2574.26395583153	0	0	0	0
TC	META	AFR	14	23	7409	2302.04410552979	0	0	0	0
TC	META	AFR	14	31	7144	1260.25829720497	0	0	0	0
TC	META	AFR	14	35	7315	1966.27688312531	0	0	0	0
TC	META	AFR	14	43	346	36.1703190803528	0	0	0	0
TC	META	AFR	14	63	8625	1793.42137622833	0	0	0	0
TC	META	AFR	14	67	5506	1474.49909806252	0	0	0	0
TC	META	AFR	14	68	4072	553.445737361908	0	0	0	0
TC	META	AFR	14	72	8455	3190.00051021576	0	0	0	0
TC	META	AFR	14	73	3984	1502.79551458359	0	0	0	0
TC	META	AFR	14	93	5622	377.909190416336	0	0	0	0
TC	META	AFR	14	96	613	97.173440694809	0	0	0	0
TC	META	AFR	14	105	2661	592.601706027985	0	0	0	0
TC	META	AFR	14	106	2381	614.800216674805	0	0	0	0
TC	META	AFR	14	120	1934	489.739146471024	0	0	0	0
TC	META	AFR	14	121	6090	1204.71847963333	0	0	0	0
TC	META	AFR	14	126	7246	646.345177173615	0	0	0	0
TC	META	AFR	14	127	5013	832.236627101898	0	0	0	0
TC	META	AFR	14	129	3493	778.431424617767	0	0	0	0
TC	META	AFR	15	37	6785	1914.31290864944	0	0	0	0
TC	META	AFR	15	44	3138	1133.67257118225	0	0	0	0
TC	META	AFR	15	45	11910	3256.72432994843	0	0	0	0
TC	META	AFR	15	46	3693	598.459497690201	0	0	0	0
TC	META	AFR	15	47	3936	1235.9258286953	0	0	0	0
TC	META	AFR	15	50	5309	914.793007135391	0	0	0	0
TC	META	AFR	15	52	3656	1107.19203948975	1	3	2	4
TC	META	AFR	15	53	697	31.2829468250275	0	1	1	2
TC	META	AFR	15	54	4250	1306.85637879372	0	0	0	0
TC	META	AFR	15	59	8157	2522.5068166256	0	0	0	0
TC	META	AFR	15	62	10440	2271.28021025658	0	0	0	0
TC	META	AFR	15	63	2836	714.237109899521	0	0	0	0
TC	META	AFR	15	64	3061	961.446794033051	0	0	0	0
TC	META	AFR	15	66	5848	2001.6521024704	0	0	0	0
TC	META	AFR	15	80	2438	187.220235824585	0	0	0	0
TC	META	AFR	15	83	2272	615.578702688217	0	0	0	0
TC	META	AFR	15	85	5000	1275.1416580677	0	0	0	0
TC	META	AFR	15	88	2982	713.394475221634	0	0	0	0
TC	META	AFR	15	102	3743	1255.15356183052	0	0	0	0
TC	META	AFR	15	111	3121	962.792835950851	0	0	0	0
TC	META	AFR	15	117	1844	443.940017461777	0	0	0	0
TC	META	AFR	16	1	4147	1111.66675257683	0	0	0	0
TC	META	AFR	16	2	1046	167.643357276917	0	0	0	0
TC	META	AFR	16	4	5240	1081.43110179901	0	0	0	0
TC	META	AFR	16	5	2180	589.426950454712	0	0	0	0
TC	META	AFR	16	6	3363	902.799768686295	0	0	0	0
TC	META	AFR	16	9	5554	735.22199177742	0	0	0	0
TC	META	AFR	16	31	5327	1445.42653346062	0	0	0	0
TC	META	AFR	16	32	752	125.681055784225	0	0	0	0
TC	META	AFR	16	33	8204	926.123219966888	0	0	0	0
TC	META	AFR	16	37	5974	783.087055444717	0	0	0	0
TC	META	AFR	16	41	4244	778.946247577667	0	0	0	0
TC	META	AFR	16	43	4021	988.805902481079	0	0	0	0
TC	META	AFR	16	58	3814	524.538432598114	0	0	0	0
TC	META	AFR	16	59	4068	1325.63235759735	0	0	0	0
TC	META	AFR	16	63	5250	677.762052059174	0	0	0	0
TC	META	AFR	16	70	1462	386.9818816185	0	0	0	0
TC	META	AFR	16	74	997	77.6489355564117	0	1	0	0
TC	META	AFR	16	75	5668	1333.34105730057	1	2	2	4
TC	META	AFR	16	76	3836	841.919916629791	0	0	0	0
TC	META	AFR	16	79	2730	845.103918790817	0	0	0	0
TC	META	AFR	16	83	4227	526.227057218552	0	0	0	0
TC	META	AFR	16	85	9614	931.410361289978	0	0	0	0
TC	META	AFR	16	88	8852	7057.6234087944	0	1	2	12
TC	META	AFR	16	89	11620	5200.83216023445	1	1	1	1
TC	META	AFR	16	90	2697	399.282139778137	0	0	0	0
TC	META	AFR	16	91	3185	581.601143121719	0	0	0	0
TC	META	AFR	16	94	10038	2697.65847730637	0	0	0	0
TC	META	AFR	16	99	3172	941.3212018013	0	0	0	0
TC	META	AFR	16	100	639	15.414431810379	0	0	0	0
TC	META	AFR	16	101	623	95.414124250412	0	0	0	0
TC	META	AFR	16	103	12935	3750.88083648682	0	0	0	0
TC	META	AFR	16	104	3600	1109.72651076317	0	0	0	0
TC	META	AFR	16	110	2927	458.364283800125	0	0	0	0
TC	META	AFR	16	113	4513	1396.54751205444	0	0	0	0
TC	META	AFR	16	116	2643	789.660321235657	0	0	0	0
TC	META	AFR	16	119	3765	1151.51442265511	0	0	0	0
TC	META	AFR	16	120	683	18.7164220809937	0	0	0	0
TC	META	AFR	16	125	3191	920.635932683945	0	0	0	0
TC	META	AFR	16	126	577	83.2173850536346	0	0	0	0
TC	META	AFR	16	127	850	65.1730890274048	0	0	0	0
TC	META	AFR	16	128	11387	2961.1757953167	0	0	0	0
TC	META	AFR	17	9	5605	1197.82253527641	0	0	0	0
TC	META	AFR	17	15	295	19.7010741233826	0	0	0	0
TC	META	AFR	17	16	1110	25.6269099712372	0	1	1	3
TC	META	AFR	17	17	5732	1036.96651768684	1	1	1	1
TC	META	AFR	17	22	1121	206.794294595718	0	0	0	0
TC	META	AFR	17	23	2067	257.528803348541	0	1	1	5
TC	META	AFR	17	24	3535	1145.05385231972	0	0	0	0
TC	META	AFR	17	25	3872	1320.82235598564	0	0	0	0
TC	META	AFR	17	28	683	63.7910120487213	0	0	0	0
TC	META	AFR	17	30	771	88.9378771781921	0	0	0	0
TC	META	AFR	17	49	2042	507.315171718597	0	0	0	0
TC	META	AFR	17	51	8837	1634.31745696068	0	0	0	0
TC	META	AFR	17	53	7204	1036.04725670815	0	0	0	0
TC	META	AFR	17	54	4545	1655.60666465759	0	0	0	0
TC	META	AFR	17	55	11034	2593.11455774307	0	0	0	0
TC	META	AFR	17	65	6706	1200.39860248566	0	0	0	0
TC	META	AFR	17	70	3469	309.380966186523	0	0	0	0
TC	META	AFR	17	71	4656	1489.1104156971	0	0	0	0
TC	META	AFR	17	73	8594	750.614711046219	0	0	1	12
TC	META	AFR	17	74	9266	2915.33601284027	0	0	0	0
TC	META	AFR	17	75	6941	1008.2608089447	0	0	1	37
TC	META	AFR	17	76	3430	1135.22525310516	0	0	0	0
TC	META	AFR	17	78	1225	52.8664765357971	0	0	0	0
TC	META	AFR	17	80	3837	690.904492378235	0	0	0	0
TC	META	AFR	17	85	5884	2117.51572704315	0	0	0	0
TC	META	AFR	17	87	2543	696.492594718933	0	0	0	0
TC	META	AFR	17	90	8641	2656.4352016449	0	0	0	0
TC	META	AFR	17	94	4440	1437.06744098663	0	0	0	0
TC	META	AFR	17	95	3120	916.654422521591	0	0	0	0
TC	META	AFR	17	97	6094	1061.32878446579	0	0	0	0
TC	META	AFR	17	98	3122	949.313678264618	0	0	0	0
TC	META	AFR	17	100	3933	1128.37437367439	0	0	0	0
TC	META	AFR	17	101	2868	169.127232789993	0	0	0	0
TC	META	AFR	17	102	2356	254.054499387741	0	1	1	3
TC	META	AFR	17	103	2220	596.197946548462	0	0	0	0
TC	META	AFR	17	104	327	41.1779685020447	0	0	0	0
TC	META	AFR	17	105	3855	999.975658655167	0	0	0	0
TC	META	AFR	17	109	917	157.661223173141	0	0	0	0
TC	META	AFR	17	116	2119	547.218026399612	0	0	0	0
TC	META	AFR	17	117	4911	1691.09967756271	0	0	0	0
TC	META	AFR	17	118	4082	1339.25873565674	0	0	0	0
TC	META	AFR	17	121	2414	630.805074453354	0	0	0	0
TC	META	AFR	17	123	3915	1244.96824598312	0	0	0	0
TC	META	AFR	17	125	5800	1821.89390063286	0	0	0	0
TC	META	AFR	17	128	1527	325.887053728104	0	0	0	0
TC	META	AFR	17	130	3374	409.737410545349	0	0	0	0
TC	META	AFR	17	133	2422	533.468015909195	0	0	0	0
TC	META	AFR	17	134	3578	959.672652959824	0	0	0	0
TC	META	AFR	18	8	3372	827.042201757431	0	0	0	0
TC	META	AFR	18	9	790	82.346941947937	0	0	0	0
TC	META	AFR	18	31	5604	1576.3890953064	0	0	0	0
TC	META	AFR	18	35	1830	401.417626857758	0	0	0	0
TC	META	AFR	18	39	7670	2138.03367996216	0	0	0	0
TC	META	AFR	18	41	11138	2277.13559651375	0	0	0	0
TC	META	AFR	18	42	6227	1568.38869404793	0	0	0	0
TC	META	AFR	18	52	4395	1243.52342152596	0	0	0	0
TC	META	AFR	18	61	5697	1725.32160806656	0	0	0	0
TC	META	AFR	18	68	530	63.6559035778046	0	0	0	0
TC	META	AFR	18	69	9495	614.706495761871	1	2	1	1
TC	META	AFR	18	74	9053	1528.69468688965	0	0	0	0
TC	META	AFR	18	77	1367	315.532956838608	0	0	0	0
TC	META	AFR	18	78	2144	485.463069915771	0	0	0	0
TC	META	AFR	18	81	3765	1016.71780490875	0	0	0	0
TC	META	AFR	18	85	6013	1730.60210156441	0	0	0	0
TC	META	AFR	18	88	3756	1203.50870990753	0	0	0	0
TC	META	AFR	18	119	1551	423.840264797211	0	0	0	0
TC	META	AFR	19	2	444	63.4402205944061	0	0	0	0
TC	META	AFR	19	5	45	2.50210404396057	0	0	0	0
TC	META	AFR	19	6	1727	308.300014734268	0	0	0	0
TC	META	AFR	19	12	1803	408.274726629257	0	0	0	0
TC	META	AFR	19	15	985	166.750223636627	0	0	0	0
TC	META	AFR	19	16	725	120.865923643112	0	0	0	0
TC	META	AFR	19	19	471	53.4494812488556	0	0	0	0
TC	META	AFR	19	20	1460	308.891639232635	0	0	0	0
TC	META	AFR	19	21	932	150.656890392303	0	0	0	0
TC	META	AFR	19	22	3869	971.95386505127	0	0	0	0
TC	META	AFR	19	25	2782	544.467158555984	0	0	0	0
TC	META	AFR	19	30	2386	551.352515935898	0	0	0	0
TC	META	AFR	19	32	2924	211.567550182343	0	0	0	0
TC	META	AFR	19	33	1503	74.2549588680267	0	0	0	0
TC	META	AFR	19	35	4057	938.052344560623	0	0	0	0
TC	META	AFR	19	36	978	142.633042097092	0	0	0	0
TC	META	AFR	19	37	4801	51780.041590929	4	10	9	15
TC	META	AFR	19	38	1109	1810.43749547005	2	7	4	13
TC	META	AFR	19	39	6852	1209.91342687607	0	1	1	2
TC	META	AFR	19	42	1690	322.965310811996	0	0	0	0
TC	META	AFR	19	46	4122	1197.08823919296	0	0	0	0
TC	META	AFR	19	49	3724	1077.75450658798	0	0	0	0
TC	META	AFR	19	51	2309	556.628319263458	0	0	0	0
TC	META	AFR	19	52	2611	741.348618268967	0	0	0	0
TC	META	AFR	19	53	5530	1777.61227679253	0	0	0	0
TC	META	AFR	19	54	9536	2291.35653614998	0	0	0	0
TC	META	AFR	19	63	2461	82.340327501297	0	0	0	0
TC	META	AFR	19	64	7054	1149.4610683918	0	0	0	0
TC	META	AFR	19	65	2346	658.049057483673	0	0	0	0
TC	META	AFR	19	67	11139	2648.92139554024	0	0	0	0
TC	META	AFR	19	70	3930	161.190526485443	0	1	0	0
TC	META	AFR	19	71	557	75.6459045410156	0	0	0	0
TC	META	AFR	19	72	7233	1229.61403131485	0	0	0	0
TC	META	AFR	19	73	919	137.077818870544	0	0	0	0
TC	META	AFR	19	74	5802	1425.00546216965	0	2	2	5
TC	META	AFR	19	75	1279	2535.39347529411	6	8	6	6
TC	META	AFR	19	76	5227	4470.33123230934	3	7	6	12
TC	META	AFR	19	77	8291	1875.21822500229	0	0	0	0
TC	META	AFR	19	79	3113	929.195586204529	0	0	0	0
TC	META	AFR	19	80	1453	202.007784128189	0	1	1	7
TC	META	AFR	19	81	4025	974.336151599884	0	0	0	0
TC	META	AFR	19	89	1932	508.663773059845	0	0	0	0
TC	META	AFR	19	90	4232	1454.62476229668	0	0	0	0
TC	META	AFR	19	98	1525	314.944800853729	0	0	0	0
TC	META	AFR	19	103	2279	355.346940040588	0	0	0	0
TC	META	AFR	19	104	2448	627.296664237976	0	0	0	0
TC	META	AFR	19	107	1739	275.684312820435	0	0	0	0
TC	META	AFR	19	110	5366	889.885521173477	0	0	0	0
TC	META	AFR	19	111	2667	670.360422849655	0	0	0	0
TC	META	AFR	20	2	1858	450.739829301834	0	0	0	0
TC	META	AFR	20	10	2041	425.452801465988	0	0	0	0
TC	META	AFR	20	12	3609	459.328810214996	0	0	0	0
TC	META	AFR	20	18	1935	404.070814609528	0	0	0	0
TC	META	AFR	20	19	661	108.528259992599	0	0	0	0
TC	META	AFR	20	40	2415	545.614197492599	0	0	0	0
TC	META	AFR	20	48	6802	858.275110006332	0	0	0	0
TC	META	AFR	20	55	1550	281.387185335159	0	0	0	0
TC	META	AFR	20	59	8550	483.755339860916	0	0	0	0
TC	META	AFR	20	60	4624	1278.37728500366	0	0	0	0
TC	META	AFR	20	63	8601	2206.31829547882	0	0	0	0
TC	META	AFR	20	64	2204	382.874942779541	0	0	1	10
TC	META	AFR	20	65	4665	430.021336317062	0	0	1	39
TC	META	AFR	20	66	5098	1175.17361783981	0	0	0	0
TC	META	AFR	20	67	3882	323.601020097733	0	0	0	0
TC	META	AFR	20	68	1775	374.28850030899	0	0	0	0
TC	META	AFR	20	69	3641	334.104398488998	0	0	0	0
TC	META	AFR	20	70	2950	621.555460214615	0	0	0	0
TC	META	AFR	20	71	4344	1161.72782731056	0	0	0	0
TC	META	AFR	20	77	3863	865.596416473389	0	0	0	0
TC	META	AFR	20	78	5204	1197.02445888519	0	0	0	0
TC	META	AFR	20	86	3122	397.587507486343	0	0	0	0
TC	META	AFR	20	87	1707	404.294254541397	0	0	0	0
TC	META	AFR	20	89	2388	112.121333122253	0	0	0	0
TC	META	AFR	20	112	950	164.667260408401	0	0	0	0
TC	META	AFR	20	115	3349	379.346501588821	0	0	0	0
TC	META	AFR	21	3	1601	261.159511566162	0	0	0	0
TC	META	AFR	21	5	2561	566.982666492462	0	0	0	0
TC	META	AFR	21	30	8386	2590.9291934967	0	0	0	0
TC	META	AFR	21	33	4099	907.381282567978	0	0	0	0
TC	META	AFR	21	37	4920	342.943969249725	0	0	0	0
TC	META	AFR	21	41	7910	2298.17221283913	0	0	0	0
TC	META	AFR	21	48	6582	740.196936368942	0	0	0	0
TC	META	AFR	21	53	2532	517.8757853508	0	0	0	0
TC	META	AFR	21	64	4259	324.400306224823	0	1	1	5
TC	META	AFR	22	1	2260	606.59866809845	0	0	0	0
TC	META	AFR	22	5	2098	443.494209289551	0	0	0	0
TC	META	AFR	22	9	3119	907.99076962471	0	0	0	0
TC	META	AFR	22	13	2286	230.922725200653	0	0	0	0
TC	META	AFR	22	29	4325	354.199688434601	0	0	0	0
TC	META	AFR	22	30	14277	3688.62553477287	0	0	0	0
TC	META	AFR	22	36	2286	464.943818569183	0	0	0	0
TC	META	AFR	22	37	3586	1119.44673037529	0	0	0	0
TC	META	AFR	22	40	1780	189.517956256866	0	0	0	0
TC	META	AFR	22	43	3658	588.640897512436	0	0	0	0
TC	META	AFR	22	45	3946	1341.90616083145	0	0	0	0
TC	META	AFR	22	46	9015	1346.76701068878	0	0	0	0
TC	META	AFR	22	47	4747	1295.54203033447	0	0	0	0
TC	META	AFR	22	49	786	47.3736789226532	0	0	0	0
TC	META	AFR	22	54	2617	718.869970083237	0	0	0	0
TC	META	AFR	22	55	1837	275.162400007248	0	0	0	0
TC	META	AFR	22	56	184	6.00109767913818	0	0	0	0
TC	META	AFR	22	57	1959	402.863664865494	0	0	0	0
TC	META	AFR	22	69	3005	1038.2204656601	0	0	0	0
TC	META	AFR	22	70	5033	1680.4014737606	0	0	0	0
