pheno	db	pid	chromosome	block	num_variants	L	time	num_variants_0.95	num_variants_0.5	num_CS95	num_variants_CS95
TC	UKBB	AFR	1	1	1401	5	1.25474739074707	0	0	0	0
TC	UKBB	AFR	1	2	1463	5	1.1761462688446	0	0	0	0
TC	UKBB	AFR	1	4	1983	5	1.91869235038757	0	0	0	0
TC	UKBB	AFR	1	17	6673	5	16.3961305618286	0	0	0	0
TC	UKBB	AFR	1	19	5446	5	10.7502672672272	0	0	0	0
TC	UKBB	AFR	1	35	6606	5	15.9784598350525	0	0	0	0
TC	UKBB	AFR	1	40	2215	5	2.32260704040527	0	0	0	0
TC	UKBB	AFR	1	48	2605	5	2.75128054618835	0	0	0	0
TC	UKBB	AFR	1	49	2515	5	2.53187084197998	0	0	0	0
TC	UKBB	AFR	1	51	2339	5	2.53222680091858	0	0	0	0
TC	UKBB	AFR	1	52	6681	5	17.5056467056274	0	0	0	0
TC	UKBB	AFR	1	53	5745	5	12.7468748092651	0	0	0	0
TC	UKBB	AFR	1	58	6876	5	21.2939822673798	0	0	0	0
TC	UKBB	AFR	1	67	4462	5	8.65521121025085	0	0	0	0
TC	UKBB	AFR	1	70	4545	5	7.60493540763855	0	0	0	0
TC	UKBB	AFR	1	73	6461	5	14.8986947536469	0	0	0	0
TC	UKBB	AFR	1	74	6203	5	18.1289100646973	0	0	0	0
TC	UKBB	AFR	1	75	7814	5	24.7258739471436	0	0	0	0
TC	UKBB	AFR	1	76	4022	5	6.10327529907227	0	0	0	0
TC	UKBB	AFR	1	80	2388	5	2.97038221359253	0	0	0	0
TC	UKBB	AFR	1	81	1684	5	1.35973811149597	0	0	0	0
TC	UKBB	AFR	1	82	3661	5	5.48585915565491	0	0	0	0
TC	UKBB	AFR	1	83	4307	5	7.15631031990051	0	0	0	0
TC	UKBB	AFR	1	84	6738	5	20.2122800350189	2	2	2	2
TC	UKBB	AFR	1	85	2030	5	1.87354350090027	0	0	0	0
TC	UKBB	AFR	1	89	3876	5	5.93537211418152	0	0	0	0
TC	UKBB	AFR	1	92	4539	5	8.04669427871704	0	0	0	0
TC	UKBB	AFR	1	94	1062	5	1.33186221122742	0	0	0	0
TC	UKBB	AFR	1	95	1028	5	0.903292179107666	0	0	0	0
TC	UKBB	AFR	1	96	4172	5	6.81026577949524	0	0	0	0
TC	UKBB	AFR	1	97	5194	5	10.2729308605194	0	0	0	0
TC	UKBB	AFR	1	100	4171	5	7.76595854759216	0	0	0	0
TC	UKBB	AFR	1	109	5653	5	15.8759877681732	0	0	0	0
TC	UKBB	AFR	1	124	6943	5	19.385879278183	0	0	0	0
TC	UKBB	AFR	1	125	8752	5	36.2035601139069	0	0	0	0
TC	UKBB	AFR	1	127	3748	5	4.77394866943359	0	0	0	0
TC	UKBB	AFR	1	136	5116	5	10.3644986152649	0	0	0	0
TC	UKBB	AFR	1	138	6746	5	18.2540693283081	0	1	1	2
TC	UKBB	AFR	1	139	1521	5	1.36089277267456	0	0	0	0
TC	UKBB	AFR	1	140	2156	5	1.87444281578064	0	0	0	0
TC	UKBB	AFR	1	141	2605	5	3.19783711433411	0	0	0	0
TC	UKBB	AFR	1	144	3689	5	6.55675220489502	0	0	0	0
TC	UKBB	AFR	1	145	2854	5	3.98168516159058	0	0	0	0
TC	UKBB	AFR	1	150	4985	5	9.53484702110291	0	0	0	0
TC	UKBB	AFR	1	151	6771	5	17.7962775230408	0	0	0	0
TC	UKBB	AFR	1	153	5273	5	12.8392553329468	0	0	0	0
TC	UKBB	AFR	1	154	8827	5	40.5665874481201	0	0	0	0
TC	UKBB	AFR	1	156	4660	5	7.98942947387695	0	0	0	0
TC	UKBB	AFR	1	158	5394	5	11.7562172412872	0	0	0	0
TC	UKBB	AFR	1	162	4315	5	7.7422924041748	0	0	0	0
TC	UKBB	AFR	1	168	5378	5	11.450236082077	0	0	0	0
TC	UKBB	AFR	1	169	7264	5	19.7326726913452	0	0	0	0
TC	UKBB	AFR	1	175	7195	5	21.3874168395996	0	0	0	0
TC	UKBB	AFR	1	182	7706	5	24.6630380153656	0	0	0	0
TC	UKBB	AFR	1	183	7267	5	22.6099970340729	0	0	0	0
TC	UKBB	AFR	1	185	2393	5	2.43390202522278	0	0	0	0
TC	UKBB	AFR	1	187	4746	5	9.55876922607422	0	0	0	0
TC	UKBB	AFR	1	188	5430	5	10.498574256897	0	0	0	0
TC	UKBB	AFR	1	192	5275	5	11.3641622066498	0	0	0	0
TC	UKBB	AFR	1	201	6319	5	16.6965248584747	0	0	0	0
TC	UKBB	AFR	1	202	5225	5	11.3080539703369	0	0	0	0
TC	UKBB	AFR	1	205	2069	5	2.40877532958984	0	0	0	0
TC	UKBB	AFR	1	209	1295	5	1.03903841972351	0	0	0	0
TC	UKBB	AFR	1	213	2836	5	2.93485808372498	0	0	0	0
TC	UKBB	AFR	1	221	4896	5	10.9131042957306	0	0	0	0
TC	UKBB	AFR	1	223	5603	5	12.844780921936	0	0	0	0
TC	UKBB	AFR	1	224	3371	5	5.29403567314148	0	0	0	0
TC	UKBB	AFR	1	226	2006	5	1.80807113647461	0	0	0	0
TC	UKBB	AFR	1	229	4337	5	7.46475076675415	0	0	0	0
TC	UKBB	AFR	1	233	6644	5	18.248875617981	0	0	0	0
TC	UKBB	AFR	1	234	7611	5	22.2919085025787	0	0	0	0
TC	UKBB	AFR	1	235	5308	5	11.234527349472	0	0	0	0
TC	UKBB	AFR	1	238	9991	5	50.733788728714	0	0	0	0
TC	UKBB	AFR	1	239	2352	5	2.77926015853882	0	0	0	0
TC	UKBB	AFR	1	240	10317	5	58.5934634208679	0	0	0	0
TC	UKBB	AFR	1	252	2341	5	2.94619107246399	0	0	0	0
TC	UKBB	AFR	1	253	834	5	0.943429946899414	0	0	0	0
TC	UKBB	AFR	1	254	4020	5	5.62539005279541	0	0	0	0
TC	UKBB	AFR	1	255	2547	5	3.11774230003357	0	0	0	0
TC	UKBB	AFR	1	257	2617	5	2.97706842422485	0	0	0	0
TC	UKBB	AFR	1	280	10183	5	54.5804002285004	0	0	1	11
TC	UKBB	AFR	1	281	7475	5	21.3157558441162	0	0	0	0
TC	UKBB	AFR	2	6	2729	5	2.912034034729	0	0	0	0
TC	UKBB	AFR	2	21	1697	5	1.9084095954895	0	0	0	0
TC	UKBB	AFR	2	31	1598	5	1.8612003326416	0	0	0	0
TC	UKBB	AFR	2	32	2234	5	1.99154448509216	0	0	0	0
TC	UKBB	AFR	2	37	2336	5	2.62767720222473	0	0	0	0
TC	UKBB	AFR	2	38	4970	5	10.7237718105316	0	0	0	0
TC	UKBB	AFR	2	39	2321	5	2.45264673233032	0	0	0	0
TC	UKBB	AFR	2	40	7198	5	20.6536815166473	0	0	0	0
TC	UKBB	AFR	2	41	3303	5	4.30760526657104	0	0	0	0
TC	UKBB	AFR	2	42	298	5	0.605796337127686	0	1	1	3
TC	UKBB	AFR	2	43	718	5	0.684476375579834	0	0	0	0
TC	UKBB	AFR	2	44	3345	5	4.58926558494568	0	0	0	0
TC	UKBB	AFR	2	45	6028	5	15.2095265388489	0	0	0	0
TC	UKBB	AFR	2	46	2651	5	2.9628529548645	0	0	0	0
TC	UKBB	AFR	2	47	7567	5	25.7601251602173	0	0	0	0
TC	UKBB	AFR	2	48	4621	5	8.49002075195312	0	0	0	0
TC	UKBB	AFR	2	49	7325	5	22.3187355995178	0	1	0	0
TC	UKBB	AFR	2	50	4213	5	9.93147563934326	0	1	0	0
TC	UKBB	AFR	2	51	4790	5	11.5644154548645	0	0	0	0
TC	UKBB	AFR	2	53	3128	5	5.27432513237	0	0	0	0
TC	UKBB	AFR	2	55	11061	5	68.6697273254395	0	0	0	0
TC	UKBB	AFR	2	56	526	5	0.770105838775635	0	0	0	0
TC	UKBB	AFR	2	66	10564	5	61.6861691474915	0	0	0	0
TC	UKBB	AFR	2	69	5645	5	13.7178943157196	0	0	0	0
TC	UKBB	AFR	2	71	4477	5	7.68201017379761	0	0	0	0
TC	UKBB	AFR	2	72	7393	5	26.111923456192	0	0	0	0
TC	UKBB	AFR	2	74	2489	5	2.68663597106934	0	0	0	0
TC	UKBB	AFR	2	75	2975	5	3.04648232460022	0	0	0	0
TC	UKBB	AFR	2	77	2896	5	2.87915873527527	0	0	0	0
TC	UKBB	AFR	2	84	14595	5	97.7855312824249	0	0	0	0
TC	UKBB	AFR	2	88	16823	5	193.330323457718	0	0	0	0
TC	UKBB	AFR	2	89	4321	5	7.48778128623962	0	0	0	0
TC	UKBB	AFR	2	97	6469	5	17.0464308261871	0	0	0	0
TC	UKBB	AFR	2	99	3770	5	7.33479881286621	0	0	0	0
TC	UKBB	AFR	2	100	5070	5	9.42174315452576	0	0	0	0
TC	UKBB	AFR	2	102	3683	5	5.48649454116821	0	0	0	0
TC	UKBB	AFR	2	107	7942	5	26.748416185379	0	0	0	0
TC	UKBB	AFR	2	115	8548	5	39.1839170455933	0	0	0	0
TC	UKBB	AFR	2	121	7707	5	25.7432279586792	0	0	0	0
TC	UKBB	AFR	2	122	3370	5	7.91746115684509	0	0	0	0
TC	UKBB	AFR	2	124	6381	5	17.6989939212799	0	0	0	0
TC	UKBB	AFR	2	125	5255	5	11.5474457740784	0	0	0	0
TC	UKBB	AFR	2	127	10601	5	57.1256139278412	0	0	0	0
TC	UKBB	AFR	2	128	8987	5	37.8363564014435	0	0	0	0
TC	UKBB	AFR	2	130	988	5	0.908344984054565	0	0	0	0
TC	UKBB	AFR	2	131	270	5	0.678797721862793	0	0	0	0
TC	UKBB	AFR	2	138	7590	5	23.5380434989929	0	0	0	0
TC	UKBB	AFR	2	146	7475	5	23.063978433609	0	0	0	0
TC	UKBB	AFR	2	147	12158	5	71.3591918945312	0	0	0	0
TC	UKBB	AFR	2	152	4208	5	9.5697968006134	0	0	0	0
TC	UKBB	AFR	2	153	7068	5	21.2420904636383	0	0	0	0
TC	UKBB	AFR	2	155	4406	5	11.0311396121979	0	0	0	0
TC	UKBB	AFR	2	162	2783	5	4.99412393569946	0	0	0	0
TC	UKBB	AFR	2	163	356	5	1.21578574180603	0	0	0	0
TC	UKBB	AFR	2	164	1472	5	1.18761610984802	0	0	0	0
TC	UKBB	AFR	2	166	11660	5	71.2386515140533	0	0	0	0
TC	UKBB	AFR	2	168	5176	5	9.48549389839172	0	0	0	0
TC	UKBB	AFR	2	171	7590	5	24.0032222270966	0	0	0	0
TC	UKBB	AFR	2	172	1586	5	1.37876105308533	0	0	0	0
TC	UKBB	AFR	2	177	5759	5	14.9813766479492	0	0	0	0
TC	UKBB	AFR	2	180	4686	5	8.1033034324646	0	0	0	0
TC	UKBB	AFR	2	181	7131	5	22.0633776187897	0	0	0	0
TC	UKBB	AFR	2	192	7139	5	24.7842540740967	0	0	0	0
TC	UKBB	AFR	2	196	8929	5	42.2137079238892	0	0	0	0
TC	UKBB	AFR	2	198	4625	5	8.92058920860291	0	0	0	0
TC	UKBB	AFR	2	199	7627	5	23.9010937213898	0	0	0	0
TC	UKBB	AFR	2	205	3614	5	5.28284955024719	0	0	0	0
TC	UKBB	AFR	2	208	11200	5	62.5129606723785	0	0	0	0
TC	UKBB	AFR	2	210	3903	5	6.87496304512024	0	0	0	0
TC	UKBB	AFR	2	211	5679	5	14.0847392082214	0	0	0	0
TC	UKBB	AFR	2	212	5720	5	12.7242341041565	0	0	0	0
TC	UKBB	AFR	2	213	12754	5	83.4246408939362	0	0	0	0
TC	UKBB	AFR	2	217	3460	5	4.2821671962738	0	0	0	0
TC	UKBB	AFR	2	218	2684	5	2.93326187133789	0	0	0	0
TC	UKBB	AFR	2	228	3904	5	7.90293383598328	0	0	0	0
TC	UKBB	AFR	2	232	2738	5	3.37031960487366	0	0	0	0
TC	UKBB	AFR	2	233	1320	5	1.17868185043335	0	0	0	0
TC	UKBB	AFR	2	241	2830	5	2.91166687011719	0	0	0	0
TC	UKBB	AFR	2	242	4113	5	9.15650534629822	0	0	0	0
TC	UKBB	AFR	2	250	9223	5	47.6030292510986	0	0	0	0
TC	UKBB	AFR	2	255	4801	5	9.5199921131134	0	0	0	0
TC	UKBB	AFR	3	24	6158	5	18.3691966533661	0	0	0	0
TC	UKBB	AFR	3	41	7666	5	27.2626013755798	0	0	0	0
TC	UKBB	AFR	3	45	3115	5	5.95756483078003	0	0	0	0
TC	UKBB	AFR	3	51	2544	5	3.12541460990906	0	0	0	0
TC	UKBB	AFR	3	56	4803	5	9.13387680053711	0	0	0	0
TC	UKBB	AFR	3	70	5899	5	16.5909321308136	0	0	0	0
TC	UKBB	AFR	3	71	7674	5	24.0822424888611	0	0	0	0
TC	UKBB	AFR	3	83	8408	5	36.2023811340332	0	0	0	0
TC	UKBB	AFR	3	88	5134	5	11.7301864624023	0	0	0	0
TC	UKBB	AFR	3	89	5808	5	13.4254670143127	0	0	0	0
TC	UKBB	AFR	3	104	12417	5	82.8743062019348	0	0	0	0
TC	UKBB	AFR	3	107	5125	5	10.0440077781677	0	0	0	0
TC	UKBB	AFR	3	112	5577	5	15.4904611110687	0	0	0	0
TC	UKBB	AFR	3	113	1928	5	2.6138858795166	0	0	0	0
TC	UKBB	AFR	3	120	5437	5	10.3056116104126	0	0	0	0
TC	UKBB	AFR	3	121	6511	5	15.6849377155304	0	0	0	0
TC	UKBB	AFR	3	122	1447	5	1.16203379631042	0	0	0	0
TC	UKBB	AFR	3	123	2279	5	3.06390786170959	0	0	0	0
TC	UKBB	AFR	3	127	7015	5	21.5157496929169	0	0	0	0
TC	UKBB	AFR	3	128	2876	5	3.61068034172058	0	0	0	0
TC	UKBB	AFR	3	129	3287	5	4.90910291671753	0	0	0	0
TC	UKBB	AFR	3	131	1984	5	2.91320586204529	0	0	0	0
TC	UKBB	AFR	3	132	9106	5	33.7394552230835	0	0	0	0
TC	UKBB	AFR	3	135	5639	5	13.6725499629974	0	0	0	0
TC	UKBB	AFR	3	136	2871	5	3.7392463684082	0	0	0	0
TC	UKBB	AFR	3	140	6894	5	21.5484108924866	0	0	0	0
TC	UKBB	AFR	3	145	6796	5	20.2058007717133	0	0	0	0
TC	UKBB	AFR	3	149	4998	5	12.6613528728485	0	0	0	0
TC	UKBB	AFR	3	150	5607	5	13.1617658138275	0	0	0	0
TC	UKBB	AFR	3	154	1430	5	1.38254833221436	0	0	0	0
TC	UKBB	AFR	3	158	6809	5	17.7164781093597	0	0	0	0
TC	UKBB	AFR	3	161	8045	5	23.5789868831635	0	0	0	0
TC	UKBB	AFR	3	165	6297	5	14.9877138137817	0	0	0	0
TC	UKBB	AFR	3	170	3862	5	5.60176873207092	0	0	0	0
TC	UKBB	AFR	3	172	4379	5	9.92960929870605	0	0	0	0
TC	UKBB	AFR	3	173	2623	5	4.10016393661499	0	0	0	0
TC	UKBB	AFR	3	175	1763	5	1.83123755455017	0	0	0	0
TC	UKBB	AFR	3	190	3664	5	4.54263496398926	0	0	0	0
TC	UKBB	AFR	3	191	4275	5	7.22689270973206	0	1	1	3
TC	UKBB	AFR	3	193	6819	5	18.5341897010803	0	0	0	0
TC	UKBB	AFR	3	195	11532	5	66.9280467033386	0	0	0	0
TC	UKBB	AFR	3	214	7524	5	20.7343771457672	0	0	0	0
TC	UKBB	AFR	3	216	3829	5	5.34157776832581	0	0	0	0
TC	UKBB	AFR	4	1	18227	5	240.725544214249	0	0	0	0
TC	UKBB	AFR	4	15	2778	5	5.55607271194458	0	0	0	0
TC	UKBB	AFR	4	19	2789	5	3.80183148384094	0	0	0	0
TC	UKBB	AFR	4	21	9990	5	50.6441569328308	0	0	0	0
TC	UKBB	AFR	4	28	5176	5	12.5305562019348	0	0	0	0
TC	UKBB	AFR	4	42	901	5	2.26655793190002	0	0	0	0
TC	UKBB	AFR	4	54	13668	5	97.7506380081177	0	0	0	0
TC	UKBB	AFR	4	55	5470	5	10.9843912124634	0	0	0	0
TC	UKBB	AFR	4	57	1163	5	1.02944540977478	0	0	0	0
TC	UKBB	AFR	4	64	9067	5	40.7758011817932	0	1	0	0
TC	UKBB	AFR	4	65	3601	5	7.85322713851929	0	0	0	0
TC	UKBB	AFR	4	66	4853	5	12.739737033844	0	0	0	0
TC	UKBB	AFR	4	71	2380	5	2.17182612419128	0	0	0	0
TC	UKBB	AFR	4	79	4845	5	10.9953992366791	0	0	0	0
TC	UKBB	AFR	4	80	6862	5	19.4580769538879	0	0	0	0
TC	UKBB	AFR	4	84	6683	5	16.4870209693909	0	0	0	0
TC	UKBB	AFR	4	85	2175	5	3.2762234210968	0	0	0	0
TC	UKBB	AFR	4	86	473	5	0.702473402023315	0	0	0	0
TC	UKBB	AFR	4	87	9226	5	38.4169828891754	0	0	0	0
TC	UKBB	AFR	4	90	6305	5	17.4440605640411	0	0	0	0
TC	UKBB	AFR	4	92	5187	5	11.4451837539673	0	0	0	0
TC	UKBB	AFR	4	101	7641	5	24.394896745681802	0	0	0	0
TC	UKBB	AFR	4	113	7142	5	20.0842571258545	0	0	0	0
TC	UKBB	AFR	4	114	6572	5	18.4231886863708	0	0	0	0
TC	UKBB	AFR	4	115	3030	5	3.66966128349304	0	0	0	0
TC	UKBB	AFR	4	116	5734	5	16.0903599262238	0	0	0	0
TC	UKBB	AFR	4	117	6485	5	17.4339141845703	0	0	0	0
TC	UKBB	AFR	4	121	5330	5	10.3656957149506	0	0	0	0
TC	UKBB	AFR	4	129	7659	5	22.2984845638275	0	0	0	0
TC	UKBB	AFR	4	130	6835	5	18.7597975730896	0	0	0	0
TC	UKBB	AFR	4	134	10444	5	51.4875564575195	0	0	0	0
TC	UKBB	AFR	4	136	9288	5	45.7089219093323	0	0	0	0
TC	UKBB	AFR	4	148	4362	5	9.83034610748291	0	0	0	0
TC	UKBB	AFR	4	150	6788	5	15.7776257991791	0	0	0	0
TC	UKBB	AFR	4	151	2998	5	5.79990649223328	0	0	0	0
TC	UKBB	AFR	4	156	9220	5	39.277813911438	0	0	0	0
TC	UKBB	AFR	4	159	2548	5	2.5174605846405	0	0	1	2
TC	UKBB	AFR	4	161	2408	5	3.40647172927856	0	0	0	0
TC	UKBB	AFR	4	162	4284	5	7.45563578605652	0	0	0	0
TC	UKBB	AFR	4	203	2982	5	3.02084279060364	0	0	0	0
TC	UKBB	AFR	5	6	2066	5	1.78089213371277	0	0	0	0
TC	UKBB	AFR	5	28	2027	5	1.72978639602661	0	0	0	0
TC	UKBB	AFR	5	43	6516	5	17.9141721725464	0	0	0	0
TC	UKBB	AFR	5	56	8459	5	35.7263169288635	0	0	0	0
TC	UKBB	AFR	5	57	5620	5	12.6942565441132	0	0	0	0
TC	UKBB	AFR	5	64	7054	5	21.643322467804	0	0	0	0
TC	UKBB	AFR	5	68	1697	5	2.10847282409668	0	0	0	0
TC	UKBB	AFR	5	69	2437	5	2.37476801872253	0	0	0	0
TC	UKBB	AFR	5	71	7951	5	24.5684032440186	0	0	0	0
TC	UKBB	AFR	5	74	11296	5	63.5009059906006	0	0	0	0
TC	UKBB	AFR	5	81	4509	5	9.5788402557373	0	0	0	0
TC	UKBB	AFR	5	84	878	5	0.936344861984253	0	0	0	0
TC	UKBB	AFR	5	85	6654	5	17.796756029129	0	0	0	0
TC	UKBB	AFR	5	92	4151	5	7.0764045715332	0	0	0	0
TC	UKBB	AFR	5	109	3394	5	4.14013934135437	0	0	0	0
TC	UKBB	AFR	5	130	7829	5	22.0287878513336	0	0	0	0
TC	UKBB	AFR	5	134	4194	5	8.58693933486938	0	0	0	0
TC	UKBB	AFR	5	136	7468	5	25.0321130752563	0	0	0	0
TC	UKBB	AFR	5	146	7721	5	22.1257362365723	0	0	0	0
TC	UKBB	AFR	5	147	3144	5	4.0942370891571	0	0	0	0
TC	UKBB	AFR	5	154	4822	5	11.5739426612854	0	0	0	0
TC	UKBB	AFR	5	156	4705	5	10.5425233840942	0	0	0	0
TC	UKBB	AFR	5	158	4033	5	5.34995603561401	0	0	0	0
TC	UKBB	AFR	5	165	3126	5	3.47813105583191	0	0	0	0
TC	UKBB	AFR	5	166	6157	5	15.9553325176239	0	1	0	0
TC	UKBB	AFR	5	167	5057	5	9.34947967529297	0	0	0	0
TC	UKBB	AFR	5	168	5790	5	13.3773865699768	0	0	0	0
TC	UKBB	AFR	5	191	8031	5	30.2503869533539	0	0	0	0
TC	UKBB	AFR	5	202	3846	5	6.14262580871582	0	0	0	0
TC	UKBB	AFR	5	207	4954	5	11.0601236820221	0	0	0	0
TC	UKBB	AFR	5	210	668	5	0.704372644424438	0	0	0	0
TC	UKBB	AFR	5	211	1167	5	1.31776642799377	0	0	0	0
TC	UKBB	AFR	6	1	5963	5	15.0153958797455	0	0	0	0
TC	UKBB	AFR	6	19	4719	5	8.66959285736084	0	0	0	0
TC	UKBB	AFR	6	20	3115	5	3.32318115234375	0	0	0	0
TC	UKBB	AFR	6	25	4643	5	9.18056392669678	0	0	0	0
TC	UKBB	AFR	6	27	2986	5	3.79677414894104	0	0	0	0
TC	UKBB	AFR	6	30	740	5	0.753643751144409	0	0	0	0
TC	UKBB	AFR	6	34	5435	5	13.2326598167419	0	0	0	0
TC	UKBB	AFR	6	35	1980	5	3.18589949607849	0	0	0	0
TC	UKBB	AFR	6	39	8669	5	39.867684841156	0	0	0	0
TC	UKBB	AFR	6	43	5471	5	11.5297834873199	0	0	0	0
TC	UKBB	AFR	6	44	1001	5	0.93318772315979	0	0	0	0
TC	UKBB	AFR	6	47	6929	5	19.9778709411621	0	0	0	0
TC	UKBB	AFR	6	51	11018	5	54.4830665588379	0	0	0	0
TC	UKBB	AFR	6	52	3626	5	6.06604313850403	0	0	0	0
TC	UKBB	AFR	6	53	3339	5	4.60984420776367	0	0	0	0
TC	UKBB	AFR	6	56	3222	5	4.31323170661926	0	0	0	0
TC	UKBB	AFR	6	58	5441	5	11.5610225200653	0	0	0	0
TC	UKBB	AFR	6	63	5267	5	14.3735861778259	0	1	0	0
TC	UKBB	AFR	6	64	590	5	1.27724003791809	0	0	0	0
TC	UKBB	AFR	6	65	1531	5	1.34134721755981	0	0	0	0
TC	UKBB	AFR	6	69	5094	5	12.8734955787659	0	0	0	0
TC	UKBB	AFR	6	72	2149	5	2.97921895980835	0	0	0	0
TC	UKBB	AFR	6	73	823	5	0.826334476470947	0	0	0	0
TC	UKBB	AFR	6	75	777	5	0.92408561706543	0	0	0	0
TC	UKBB	AFR	6	76	10410	5	55.7058849334717	0	0	0	0
TC	UKBB	AFR	6	85	12679	5	68.0347189903259	0	0	0	0
TC	UKBB	AFR	6	87	8926	5	41.6575927734375	0	0	0	0
TC	UKBB	AFR	6	88	16223	5	170.164157629013	0	0	0	0
TC	UKBB	AFR	6	94	7971	5	27.5351448059082	0	0	0	0
TC	UKBB	AFR	6	99	6872	5	17.8305327892303	0	0	0	0
TC	UKBB	AFR	6	100	76	5	0.53087043762207	0	0	0	0
TC	UKBB	AFR	6	101	5475	5	11.5115849971771	0	0	0	0
TC	UKBB	AFR	6	105	5131	5	9.38767504692078	0	0	0	0
TC	UKBB	AFR	6	109	4903	5	11.6262178421021	0	0	0	0
TC	UKBB	AFR	6	115	12341	5	77.9122440814972	0	0	0	0
TC	UKBB	AFR	6	116	7191	5	23.1100494861603	0	0	0	0
TC	UKBB	AFR	6	117	10465	5	46.5969188213348	0	0	0	0
TC	UKBB	AFR	6	124	8293	5	42.0029957294464	0	0	0	0
TC	UKBB	AFR	6	127	4185	5	6.04296064376831	0	0	0	0
TC	UKBB	AFR	6	128	5932	5	14.7553100585938	0	0	0	0
TC	UKBB	AFR	6	130	6764	5	16.6851933002472	0	0	0	0
TC	UKBB	AFR	6	134	4122	5	7.67264342308044	0	0	0	0
TC	UKBB	AFR	6	135	2825	5	5.02832531929016	0	0	0	0
TC	UKBB	AFR	6	137	2348	5	4.03668785095215	0	0	0	0
TC	UKBB	AFR	6	138	3245	5	4.90905833244324	0	0	0	0
TC	UKBB	AFR	6	140	3548	5	5.45378756523132	0	0	0	0
TC	UKBB	AFR	6	146	2770	5	3.09541440010071	0	0	0	0
TC	UKBB	AFR	6	148	2369	5	2.87109327316284	0	0	0	0
TC	UKBB	AFR	6	154	3943	5	7.64636778831482	0	0	0	0
TC	UKBB	AFR	6	158	4581	5	7.22933626174927	0	0	0	0
TC	UKBB	AFR	6	160	5706	5	11.8148908615112	0	0	0	0
TC	UKBB	AFR	6	168	6933	5	25.9803283214569	0	0	0	0
TC	UKBB	AFR	6	169	11668	5	65.2605357170105	0	0	0	0
TC	UKBB	AFR	6	183	3305	5	6.06852102279663	0	0	0	0
TC	UKBB	AFR	7	3	4591	5	8.29231739044189	0	0	0	0
TC	UKBB	AFR	7	5	7298	5	21.3894577026367	0	0	0	0
TC	UKBB	AFR	7	6	3827	5	5.69380354881287	0	0	0	0
TC	UKBB	AFR	7	11	4978	5	9.21613264083862	0	0	0	0
TC	UKBB	AFR	7	12	8736	5	37.1942377090454	0	0	0	0
TC	UKBB	AFR	7	28	2017	5	2.15495896339417	0	0	0	0
TC	UKBB	AFR	7	33	7297	5	19.2153992652893	0	0	0	0
TC	UKBB	AFR	7	37	5826	5	11.9105155467987	0	0	0	0
TC	UKBB	AFR	7	40	8568	5	35.6193151473999	0	0	0	0
TC	UKBB	AFR	7	41	5472	5	13.1973805427551	0	0	0	0
TC	UKBB	AFR	7	42	5444	5	11.6459853649139	0	0	0	0
TC	UKBB	AFR	7	44	1141	5	1.82561445236206	0	0	0	0
TC	UKBB	AFR	7	50	3911	5	5.12309312820435	0	0	0	0
TC	UKBB	AFR	7	51	3855	5	4.92504167556763	0	0	0	0
TC	UKBB	AFR	7	58	5455	5	14.694756269455	0	0	0	0
TC	UKBB	AFR	7	66	2351	5	2.3193371295929	0	0	0	0
TC	UKBB	AFR	7	67	14283	5	99.6327250003815	0	0	0	0
TC	UKBB	AFR	7	73	2027	5	1.81178951263428	0	0	0	0
TC	UKBB	AFR	7	85	7211	5	17.4336850643158	0	0	0	0
TC	UKBB	AFR	7	87	684	5	0.695088624954224	0	0	0	0
TC	UKBB	AFR	7	88	8793	5	34.4634284973145	0	0	0	0
TC	UKBB	AFR	7	89	4394	5	8.05398726463318	0	0	0	0
TC	UKBB	AFR	7	95	3326	5	3.91603136062622	0	0	0	0
TC	UKBB	AFR	7	99	8667	5	34.8468072414398	0	0	0	0
TC	UKBB	AFR	7	103	4213	5	9.45435523986816	0	0	0	0
TC	UKBB	AFR	7	107	10345	5	48.5246376991272	0	0	0	0
TC	UKBB	AFR	7	109	4765	5	13.735696554184	0	0	0	0
TC	UKBB	AFR	7	111	8178	5	30.1378397941589	0	0	0	0
TC	UKBB	AFR	7	112	3705	5	4.85213804244995	0	0	0	0
TC	UKBB	AFR	7	113	6992	5	19.8489985466003	0	0	0	0
TC	UKBB	AFR	7	119	3681	5	4.27354693412781	0	0	0	0
TC	UKBB	AFR	7	125	6409	5	17.0079951286316	0	0	0	0
TC	UKBB	AFR	7	127	1724	5	2.41371655464172	0	0	0	0
TC	UKBB	AFR	7	131	11394	5	60.598649263382	0	0	0	0
TC	UKBB	AFR	7	132	12436	5	77.9974277019501	0	0	0	0
TC	UKBB	AFR	7	133	11115	5	63.034149646759	0	0	0	0
TC	UKBB	AFR	7	134	3203	5	4.61393547058105	0	0	0	0
TC	UKBB	AFR	7	138	7987	5	24.339284658432	0	0	0	0
TC	UKBB	AFR	7	139	1613	5	1.71248269081116	0	0	0	0
TC	UKBB	AFR	7	140	3837	5	5.9820990562439	0	0	0	0
TC	UKBB	AFR	7	141	8231	5	33.7291882038116	0	0	0	0
TC	UKBB	AFR	7	142	1521	5	1.27720975875854	0	0	0	0
TC	UKBB	AFR	7	147	2679	5	3.81755948066711	0	0	0	0
TC	UKBB	AFR	7	152	2992	5	2.94047141075134	0	0	0	0
TC	UKBB	AFR	7	159	2901	5	3.84603095054626	0	0	0	0
TC	UKBB	AFR	7	162	10942	5	48.6784207820892	0	0	0	0
TC	UKBB	AFR	7	176	1099	5	1.13125443458557	0	0	0	0
TC	UKBB	AFR	7	177	1760	5	2.06042766571045	0	0	0	0
TC	UKBB	AFR	7	187	8691	5	35.7623090744019	0	0	0	0
TC	UKBB	AFR	8	17	5543	5	11.9734506607056	0	0	0	0
TC	UKBB	AFR	8	29	9760	5	46.6986417770386	0	0	0	0
TC	UKBB	AFR	8	32	6681	5	21.3025739192963	0	0	0	0
TC	UKBB	AFR	8	36	1826	5	1.8140971660614	0	0	0	0
TC	UKBB	AFR	8	39	4006	5	6.95751285552979	0	0	0	0
TC	UKBB	AFR	8	41	3730	5	6.21415019035339	0	0	0	0
TC	UKBB	AFR	8	42	6683	5	15.0217115879059	0	1	1	1
TC	UKBB	AFR	8	43	6262	5	16.3355178833008	0	0	0	0
TC	UKBB	AFR	8	44	2012	5	1.60717391967773	0	0	0	0
TC	UKBB	AFR	8	45	4330	5	8.41974020004272	0	0	0	0
TC	UKBB	AFR	8	57	3523	5	4.58034181594849	0	0	0	0
TC	UKBB	AFR	8	59	3094	5	3.55243253707886	0	0	0	0
TC	UKBB	AFR	8	65	3326	5	3.79659795761108	0	0	0	0
TC	UKBB	AFR	8	68	4407	5	7.2057056427002	0	0	0	0
TC	UKBB	AFR	8	69	9146	5	41.8836731910706	0	0	0	0
TC	UKBB	AFR	8	78	1110	5	1.12366819381714	0	1	0	0
TC	UKBB	AFR	8	81	5770	5	12.7096481323242	0	0	0	0
TC	UKBB	AFR	8	83	9787	5	38.4630982875824	0	0	0	0
TC	UKBB	AFR	8	84	12737	5	75.0049550533295	0	0	0	0
TC	UKBB	AFR	8	85	5101	5	8.63346219062805	0	0	0	0
TC	UKBB	AFR	8	88	6167	5	22.6091022491455	0	0	0	0
TC	UKBB	AFR	8	106	5451	5	15.1720216274261	0	0	0	0
TC	UKBB	AFR	8	109	8936	5	36.5609464645386	0	0	0	0
TC	UKBB	AFR	8	110	9370	5	45.7082130908966	0	0	0	0
TC	UKBB	AFR	8	113	3803	5	4.55925536155701	0	0	0	0
TC	UKBB	AFR	8	118	2668	5	2.65303134918213	0	0	0	0
TC	UKBB	AFR	8	121	862	5	0.787057399749756	0	0	0	0
TC	UKBB	AFR	8	124	3349	5	3.81932783126831	0	0	0	0
TC	UKBB	AFR	8	125	1446	5	1.24003338813782	0	0	0	0
TC	UKBB	AFR	8	126	419	5	0.607598304748535	0	0	0	0
TC	UKBB	AFR	8	135	4253	5	7.78710150718689	0	0	0	0
TC	UKBB	AFR	8	153	2416	5	3.12827205657959	0	0	0	0
TC	UKBB	AFR	8	159	4386	5	8.73071575164795	0	0	0	0
TC	UKBB	AFR	8	160	4702	5	7.35914397239685	0	0	0	0
TC	UKBB	AFR	9	4	4588	5	9.7895176410675	0	0	0	0
TC	UKBB	AFR	9	5	1174	5	1.38296222686768	0	0	0	0
TC	UKBB	AFR	9	9	3490	5	7.67626547813416	0	0	0	0
TC	UKBB	AFR	9	12	4601	5	10.3811781406403	0	0	0	0
TC	UKBB	AFR	9	13	8708	5	39.5929760932922	0	0	0	0
TC	UKBB	AFR	9	31	7016	5	21.4028344154358	0	0	0	0
TC	UKBB	AFR	9	33	4928	5	11.6820259094238	0	0	0	0
TC	UKBB	AFR	9	36	4573	5	8.48622798919678	0	0	0	0
TC	UKBB	AFR	9	39	2034	5	1.81646800041199	0	0	0	0
TC	UKBB	AFR	9	40	8662	5	30.0131604671478	0	0	0	0
TC	UKBB	AFR	9	51	2755	5	2.68239593505859	0	0	0	0
TC	UKBB	AFR	9	53	8810	5	37.0442366600037	0	0	0	0
TC	UKBB	AFR	9	69	3253	5	4.01914858818054	0	0	0	0
TC	UKBB	AFR	9	70	2004	5	3.17451953887939	0	0	0	0
TC	UKBB	AFR	9	72	1350	5	1.05321907997131	0	0	0	0
TC	UKBB	AFR	9	73	3513	5	4.50119495391846	0	0	0	0
TC	UKBB	AFR	9	89	1382	5	1.61764144897461	0	0	0	0
TC	UKBB	AFR	9	93	5640	5	15.12974858284	0	0	0	0
TC	UKBB	AFR	9	99	3894	5	4.72608304023743	0	1	0	0
TC	UKBB	AFR	9	100	6528	5	18.3778159618378	0	0	0	0
TC	UKBB	AFR	9	102	7359	5	18.5349419116974	0	0	0	0
TC	UKBB	AFR	9	103	1676	5	1.44713807106018	0	0	0	0
TC	UKBB	AFR	9	104	1871	5	1.58421206474304	0	0	0	0
TC	UKBB	AFR	9	105	1359	5	1.09595513343811	0	0	0	0
TC	UKBB	AFR	9	106	6293	5	14.2438185214996	0	0	0	0
TC	UKBB	AFR	9	107	1679	5	2.11481165885925	0	0	0	0
TC	UKBB	AFR	9	109	7771	5	26.3548793792725	0	0	0	0
TC	UKBB	AFR	9	110	8614	5	39.1916575431824	0	0	0	0
TC	UKBB	AFR	9	111	328	5	0.723687171936035	0	0	0	0
TC	UKBB	AFR	9	112	7451	5	25.7559332847595	0	0	0	0
TC	UKBB	AFR	9	113	4343	5	7.26860570907593	0	0	0	0
TC	UKBB	AFR	9	114	2508	5	3.98576855659485	0	0	0	0
TC	UKBB	AFR	9	115	7798	5	20.6536796092987	0	0	0	0
TC	UKBB	AFR	9	116	3736	5	6.0416259765625	0	0	0	0
TC	UKBB	AFR	9	118	9501	5	35.160272359848	0	0	0	0
TC	UKBB	AFR	9	119	3689	5	5.51249146461487	0	0	0	0
TC	UKBB	AFR	9	121	2193	5	1.87347602844238	0	0	0	0
TC	UKBB	AFR	9	124	3529	5	4.19859766960144	0	0	0	0
TC	UKBB	AFR	9	125	4942	5	9.09792041778564	0	0	0	0
TC	UKBB	AFR	9	134	9859	5	52.560613155365	0	0	0	0
TC	UKBB	AFR	9	140	10184	5	52.9677650928497	0	0	0	0
TC	UKBB	AFR	9	142	3183	5	4.07929635047913	0	1	0	0
TC	UKBB	AFR	9	144	3536	5	4.302738904953	0	0	0	0
TC	UKBB	AFR	9	145	3976	5	8.63877153396606	0	0	0	0
TC	UKBB	AFR	9	149	3596	5	6.49997782707214	0	0	0	0
TC	UKBB	AFR	9	153	282	5	1.52481865882874	0	0	0	0
TC	UKBB	AFR	9	160	1399	5	1.39325070381165	0	0	0	0
TC	UKBB	AFR	9	161	1305	5	0.981961727142334	0	0	0	0
TC	UKBB	AFR	10	13	4494	5	7.82637071609497	0	0	0	0
TC	UKBB	AFR	10	22	4837	5	10.5550429821014	0	0	0	0
TC	UKBB	AFR	10	43	4011	5	9.01232957839966	0	0	0	0
TC	UKBB	AFR	10	44	2260	5	2.05825662612915	0	0	0	0
TC	UKBB	AFR	10	46	6815	5	15.3365113735199	0	0	0	0
TC	UKBB	AFR	10	52	6611	5	13.6440165042877	0	0	0	0
TC	UKBB	AFR	10	53	3552	5	6.8094277381897	0	0	0	0
TC	UKBB	AFR	10	58	1374	5	0.990267276763916	0	0	0	0
TC	UKBB	AFR	10	59	4377	5	8.81188654899597	0	0	0	0
TC	UKBB	AFR	10	67	4328	5	7.62296319007874	0	0	0	0
TC	UKBB	AFR	10	69	6006	5	16.1711218357086	0	0	0	0
TC	UKBB	AFR	10	70	6274	5	17.5525414943695	0	0	0	0
TC	UKBB	AFR	10	73	3817	5	5.9563090801239	0	0	0	0
TC	UKBB	AFR	10	77	15941	5	104.676658630371	0	0	0	0
TC	UKBB	AFR	10	80	6094	5	13.0869426727295	0	0	0	0
TC	UKBB	AFR	10	81	7182	5	22.8723220825195	0	0	0	0
TC	UKBB	AFR	10	84	11279	5	66.4513835906982	0	0	0	0
TC	UKBB	AFR	10	85	1931	5	1.70977449417114	0	0	0	0
TC	UKBB	AFR	10	92	10956	5	53.3288869857788	0	0	0	0
TC	UKBB	AFR	10	100	1764	5	2.48435854911804	0	0	0	0
TC	UKBB	AFR	10	101	5521	5	12.7242267131805	0	0	0	0
TC	UKBB	AFR	10	109	6772	5	19.7486710548401	0	0	0	0
TC	UKBB	AFR	10	110	2058	5	2.67673587799072	0	0	0	0
TC	UKBB	AFR	10	112	1312	5	1.38282370567322	0	0	0	0
TC	UKBB	AFR	10	113	4307	5	12.2452833652496	0	0	0	0
TC	UKBB	AFR	10	117	8052	5	23.1077020168304	0	0	0	0
TC	UKBB	AFR	10	120	5662	5	13.6079978942871	0	0	0	0
TC	UKBB	AFR	10	121	3497	5	6.14243578910828	0	0	0	0
TC	UKBB	AFR	10	123	5358	5	9.8297860622406	0	0	0	0
TC	UKBB	AFR	10	126	7319	5	20.3199207782745	0	0	0	0
TC	UKBB	AFR	10	127	2371	5	2.16442584991455	0	0	0	0
TC	UKBB	AFR	10	129	8229	5	36.6699697971344	0	0	0	0
TC	UKBB	AFR	10	130	2846	5	2.75007557868958	0	0	0	0
TC	UKBB	AFR	10	131	7494	5	26.5600028038025	0	0	0	0
TC	UKBB	AFR	10	137	7039	5	18.6011009216309	0	0	0	0
TC	UKBB	AFR	10	138	1231	5	1.028724193573	0	0	0	0
TC	UKBB	AFR	10	140	1530	5	1.21890592575073	0	0	0	0
TC	UKBB	AFR	10	144	2823	5	2.89975094795227	0	0	0	0
TC	UKBB	AFR	10	150	6084	5	13.8831105232239	0	0	0	0
TC	UKBB	AFR	10	152	3904	5	9.0792338848114	0	0	0	0
TC	UKBB	AFR	10	154	8935	5	32.1970090866089	0	0	0	0
TC	UKBB	AFR	10	176	5608	5	13.7241961956024	0	0	0	0
TC	UKBB	AFR	10	177	3475	5	3.71451163291931	0	0	0	0
TC	UKBB	AFR	11	2	4274	5	6.93585729598999	0	0	0	0
TC	UKBB	AFR	11	3	4371	5	6.91351413726807	0	0	0	0
TC	UKBB	AFR	11	4	3372	5	5.40711808204651	0	0	0	0
TC	UKBB	AFR	11	7	2475	5	2.50949835777283	0	0	0	0
TC	UKBB	AFR	11	11	6134	5	14.6592631340027	0	0	0	0
TC	UKBB	AFR	11	12	7290	5	19.4849164485931	0	0	0	0
TC	UKBB	AFR	11	22	2182	5	2.05407309532166	0	0	0	0
TC	UKBB	AFR	11	28	3489	5	7.70539474487305	0	0	0	0
TC	UKBB	AFR	11	30	3441	5	4.05775761604309	0	0	0	0
TC	UKBB	AFR	11	31	3293	5	3.79490685462952	0	0	0	0
TC	UKBB	AFR	11	33	4226	5	9.14440751075745	0	0	0	0
TC	UKBB	AFR	11	56	1022	5	0.931073665618896	0	0	0	0
TC	UKBB	AFR	11	57	4377	5	9.29855060577393	0	0	0	0
TC	UKBB	AFR	11	75	3597	5	5.89431881904602	0	0	0	0
TC	UKBB	AFR	11	76	4291	5	7.67435097694397	0	0	0	0
TC	UKBB	AFR	11	78	4499	5	8.65819573402405	0	0	0	0
TC	UKBB	AFR	11	79	9766	5	47.6858339309692	0	0	0	0
TC	UKBB	AFR	11	80	6664	5	16.8274247646332	0	0	0	0
TC	UKBB	AFR	11	81	4035	5	4.93225121498108	0	0	0	0
TC	UKBB	AFR	11	82	1161	5	0.955447673797607	0	0	0	0
TC	UKBB	AFR	11	86	5908	5	11.6221413612366	0	0	0	0
TC	UKBB	AFR	11	88	6375	5	17.9609200954437	0	0	0	0
TC	UKBB	AFR	11	90	10109	5	54.8849220275879	0	0	0	0
TC	UKBB	AFR	11	107	1869	5	1.60946154594421	0	0	0	0
TC	UKBB	AFR	11	108	1733	5	1.38936281204224	0	0	0	0
TC	UKBB	AFR	11	117	10814	5	62.5505521297455	0	0	0	0
TC	UKBB	AFR	11	121	4676	5	9.81588172912598	0	0	0	0
TC	UKBB	AFR	11	125	4203	5	7.96288251876831	0	0	0	0
TC	UKBB	AFR	11	128	613	5	0.637977361679077	0	0	0	0
TC	UKBB	AFR	11	129	4634	5	7.94209003448486	0	0	0	0
TC	UKBB	AFR	11	133	4805	5	8.87054371833801	0	0	0	0
TC	UKBB	AFR	11	140	2580	5	2.38251709938049	0	0	0	0
TC	UKBB	AFR	11	142	5556	5	13.6435739994049	0	0	0	0
TC	UKBB	AFR	11	147	8832	5	31.8879129886627	0	0	0	0
TC	UKBB	AFR	11	163	765	5	0.685508489608765	0	0	0	0
TC	UKBB	AFR	12	1	2830	5	4.68885898590088	0	0	0	0
TC	UKBB	AFR	12	12	1668	5	1.35120391845703	0	1	0	0
TC	UKBB	AFR	12	13	3117	5	3.34903740882874	0	0	0	0
TC	UKBB	AFR	12	17	2174	5	4.22094774246216	0	0	0	0
TC	UKBB	AFR	12	18	4467	5	9.84387993812561	0	0	0	0
TC	UKBB	AFR	12	23	6274	5	16.1010670661926	0	0	0	0
TC	UKBB	AFR	12	26	923	5	0.712491035461426	0	0	0	0
TC	UKBB	AFR	12	27	573	5	0.724210023880005	0	0	0	0
TC	UKBB	AFR	12	29	645	5	0.691430807113647	0	0	0	0
TC	UKBB	AFR	12	42	9735	5	51.6101067066193	0	0	0	0
TC	UKBB	AFR	12	45	3753	5	4.66496729850769	0	0	0	0
TC	UKBB	AFR	12	47	1535	5	2.50104856491089	0	0	0	0
TC	UKBB	AFR	12	48	5386	5	11.7110550403595	0	0	0	0
TC	UKBB	AFR	12	49	5896	5	14.6712090969086	0	0	0	0
TC	UKBB	AFR	12	51	3526	5	4.01679754257202	0	0	0	0
TC	UKBB	AFR	12	52	7707	5	23.34126496315	0	0	0	0
TC	UKBB	AFR	12	59	6923	5	22.3709449768066	0	0	0	0
TC	UKBB	AFR	12	60	3249	5	4.09193015098572	0	0	0	0
TC	UKBB	AFR	12	61	3824	5	7.08153080940247	0	0	0	0
TC	UKBB	AFR	12	62	4158	5	5.81237840652466	0	0	0	0
TC	UKBB	AFR	12	63	5085	5	10.1470956802368	0	0	0	0
TC	UKBB	AFR	12	64	3376	5	3.64777851104736	0	0	0	0
TC	UKBB	AFR	12	66	5678	5	12.3096914291382	0	0	0	0
TC	UKBB	AFR	12	67	3054	5	3.34309148788452	0	0	0	0
TC	UKBB	AFR	12	69	5691	5	11.3814663887024	0	0	0	0
TC	UKBB	AFR	12	71	6694	5	15.0706527233124	0	0	0	0
TC	UKBB	AFR	12	72	17970	5	209.665180206299	0	0	0	0
TC	UKBB	AFR	12	82	5866	5	17.0149033069611	0	0	0	0
TC	UKBB	AFR	12	97	8475	5	39.9425716400146	0	0	0	0
TC	UKBB	AFR	12	98	3544	5	5.23916792869568	0	0	0	0
TC	UKBB	AFR	12	106	6242	5	19.7295565605164	0	0	0	0
TC	UKBB	AFR	12	110	6879	5	18.4402511119843	0	0	0	0
TC	UKBB	AFR	12	113	4982	5	9.44219875335693	0	0	0	0
TC	UKBB	AFR	12	116	1609	5	1.52924370765686	0	0	0	0
TC	UKBB	AFR	12	117	5426	5	15.6510276794434	0	0	0	0
TC	UKBB	AFR	12	119	9646	5	43.4906549453735	0	0	0	0
TC	UKBB	AFR	12	120	2491	5	2.71794319152832	0	0	0	0
TC	UKBB	AFR	12	121	3634	5	5.29956817626953	0	0	1	5
TC	UKBB	AFR	12	122	9007	5	37.5257334709167	0	0	0	0
TC	UKBB	AFR	12	123	2784	5	4.06420230865479	0	0	0	0
TC	UKBB	AFR	12	127	2263	5	2.0167555809021	0	0	0	0
TC	UKBB	AFR	12	128	839	5	0.802318334579468	0	0	0	0
TC	UKBB	AFR	12	129	3704	5	4.40637421607971	0	0	0	0
TC	UKBB	AFR	12	138	9017	5	42.6643147468567	0	0	0	0
TC	UKBB	AFR	12	139	12419	5	77.4973828792572	0	0	0	0
TC	UKBB	AFR	12	140	2144	5	2.81695890426636	0	0	0	0
TC	UKBB	AFR	12	141	3084	5	4.10874342918396	0	0	0	0
TC	UKBB	AFR	13	18	1545	5	1.77429270744324	0	0	0	0
TC	UKBB	AFR	13	21	6050	5	14.1083698272705	0	0	0	0
TC	UKBB	AFR	13	24	4192	5	6.9156289100647	0	0	0	0
TC	UKBB	AFR	13	25	2721	5	3.93881630897522	0	0	0	0
TC	UKBB	AFR	13	40	3906	5	4.85979580879211	0	0	0	0
TC	UKBB	AFR	13	44	3269	5	3.47869205474854	0	0	0	0
TC	UKBB	AFR	13	45	4828	5	10.3341693878174	0	0	0	0
TC	UKBB	AFR	13	50	8848	5	37.9726104736328	0	0	0	0
TC	UKBB	AFR	13	66	2056	5	1.96333003044128	0	0	0	0
TC	UKBB	AFR	13	69	8704	5	37.7219634056091	0	0	0	0
TC	UKBB	AFR	13	70	5805	5	11.9769752025604	0	0	0	0
TC	UKBB	AFR	13	84	3187	5	3.83539009094238	0	0	0	0
TC	UKBB	AFR	13	95	1926	5	1.64108538627625	0	0	0	0
TC	UKBB	AFR	13	96	2062	5	1.74492645263672	0	0	0	0
TC	UKBB	AFR	13	111	1536	5	1.46306753158569	0	0	0	0
TC	UKBB	AFR	13	115	1871	5	1.59281277656555	0	0	0	0
TC	UKBB	AFR	13	116	1603	5	1.46374106407166	0	0	0	0
TC	UKBB	AFR	13	118	3302	5	4.62483668327332	0	0	0	0
TC	UKBB	AFR	13	124	700	5	0.695762157440186	0	0	0	0
TC	UKBB	AFR	13	125	5151	5	10.5563881397247	0	0	0	0
TC	UKBB	AFR	14	4	1416	5	1.51372075080872	0	0	0	0
TC	UKBB	AFR	14	10	1710	5	3.0055673122406	0	0	0	0
TC	UKBB	AFR	14	11	2211	5	2.38203716278076	0	0	0	0
TC	UKBB	AFR	14	14	7585	5	18.2814342975616	0	0	0	0
TC	UKBB	AFR	14	23	7409	5	18.8043913841248	0	0	0	0
TC	UKBB	AFR	14	31	7144	5	17.9254672527313	0	0	0	0
TC	UKBB	AFR	14	35	7315	5	21.4471876621246	0	0	0	0
TC	UKBB	AFR	14	43	346	5	0.736102104187012	0	0	0	0
TC	UKBB	AFR	14	63	8625	5	37.7133612632751	0	0	0	0
TC	UKBB	AFR	14	67	5506	5	10.3540916442871	0	0	0	0
TC	UKBB	AFR	14	68	4072	5	5.37071561813354	0	0	0	0
TC	UKBB	AFR	14	72	8455	5	32.961834192276	0	0	0	0
TC	UKBB	AFR	14	73	3984	5	5.11710953712463	0	0	0	0
TC	UKBB	AFR	14	93	5622	5	10.9818584918976	0	0	0	0
TC	UKBB	AFR	14	96	613	5	0.601032733917236	0	0	0	0
TC	UKBB	AFR	14	105	2661	5	2.78937315940857	0	0	0	0
TC	UKBB	AFR	14	106	2381	5	2.34025526046753	0	0	0	0
TC	UKBB	AFR	14	120	1934	5	1.9898829460144	0	0	0	0
TC	UKBB	AFR	14	121	6090	5	14.2604098320007	0	0	0	0
TC	UKBB	AFR	14	126	7246	5	17.2891552448273	0	0	0	0
TC	UKBB	AFR	14	127	5013	5	9.98163270950317	0	0	0	0
TC	UKBB	AFR	14	129	3493	5	6.5106520652771	0	0	0	0
TC	UKBB	AFR	15	37	6785	5	17.5051298141479	0	0	0	0
TC	UKBB	AFR	15	44	3138	5	3.29134798049927	0	0	0	0
TC	UKBB	AFR	15	45	11910	5	60.9850826263428	0	0	0	0
TC	UKBB	AFR	15	46	3693	5	4.18858957290649	0	0	0	0
TC	UKBB	AFR	15	47	3936	5	8.17025852203369	0	0	0	0
TC	UKBB	AFR	15	50	5309	5	10.1185672283173	0	0	0	0
TC	UKBB	AFR	15	52	3656	5	5.82971024513245	0	0	0	0
TC	UKBB	AFR	15	53	697	5	0.68902325630188	0	0	0	0
TC	UKBB	AFR	15	54	4250	5	7.71857905387878	0	0	0	0
TC	UKBB	AFR	15	59	8157	5	28.2449526786804	0	0	0	0
TC	UKBB	AFR	15	62	10440	5	53.235235452652	0	0	0	0
TC	UKBB	AFR	15	63	2836	5	3.09673810005188	0	0	0	0
TC	UKBB	AFR	15	64	3061	5	3.29844379425049	0	0	0	0
TC	UKBB	AFR	15	66	5848	5	13.2806386947632	0	0	0	0
TC	UKBB	AFR	15	80	2438	5	2.32373929023743	0	0	0	0
TC	UKBB	AFR	15	83	2272	5	2.22022247314453	0	0	0	0
TC	UKBB	AFR	15	85	5000	5	8.30909776687622	0	0	0	0
TC	UKBB	AFR	15	88	2982	5	3.68147087097168	0	0	0	0
TC	UKBB	AFR	15	102	3743	5	4.4415647983551	0	0	0	0
TC	UKBB	AFR	15	111	3121	5	3.70676970481873	0	0	0	0
TC	UKBB	AFR	15	117	1844	5	1.5381608009338401	0	0	0	0
TC	UKBB	AFR	16	1	4147	5	7.15674090385437	0	0	0	0
TC	UKBB	AFR	16	2	1046	5	0.902473211288452	0	0	0	0
TC	UKBB	AFR	16	4	5240	5	10.6894469261169	0	0	0	0
TC	UKBB	AFR	16	5	2180	5	1.84569668769836	0	0	0	0
TC	UKBB	AFR	16	6	3363	5	3.82514715194702	0	0	0	0
TC	UKBB	AFR	16	9	5554	5	11.5687258243561	0	0	0	0
TC	UKBB	AFR	16	31	5327	5	10.5904183387756	0	0	0	0
TC	UKBB	AFR	16	32	752	5	0.814457416534424	0	0	0	0
TC	UKBB	AFR	16	33	8204	5	35.6234483718872	0	0	0	0
TC	UKBB	AFR	16	37	5974	5	11.1899137496948	0	0	0	0
TC	UKBB	AFR	16	41	4244	5	6.86114931106567	0	0	0	0
TC	UKBB	AFR	16	43	4021	5	4.90467739105225	0	0	0	0
TC	UKBB	AFR	16	58	3814	5	4.83326745033264	0	0	0	0
TC	UKBB	AFR	16	59	4068	5	5.45119094848633	0	0	0	0
TC	UKBB	AFR	16	63	5250	5	10.7330739498138	0	0	0	0
TC	UKBB	AFR	16	70	1462	5	1.34612393379211	0	0	0	0
TC	UKBB	AFR	16	74	997	5	0.905383348464966	0	0	0	0
TC	UKBB	AFR	16	75	5668	5	12.1002917289734	0	0	0	0
TC	UKBB	AFR	16	76	3836	5	5.36704230308533	0	0	0	0
TC	UKBB	AFR	16	79	2730	5	2.59748315811157	0	0	0	0
TC	UKBB	AFR	16	83	4227	5	6.52250409126282	0	0	0	0
TC	UKBB	AFR	16	85	9614	5	36.781813621521	0	0	0	0
TC	UKBB	AFR	16	88	8852	5	32.475528717041	0	0	0	0
TC	UKBB	AFR	16	89	11620	5	51.8536584377289	0	1	1	5
TC	UKBB	AFR	16	90	2697	5	2.99590539932251	0	0	0	0
TC	UKBB	AFR	16	91	3185	5	3.9990828037262	0	0	0	0
TC	UKBB	AFR	16	94	10038	5	47.2486474514008	0	0	0	0
TC	UKBB	AFR	16	99	3172	5	3.55344295501709	0	0	0	0
TC	UKBB	AFR	16	100	639	5	0.624006032943726	0	0	0	0
TC	UKBB	AFR	16	101	623	5	0.689393281936646	0	0	0	0
TC	UKBB	AFR	16	103	12935	5	81.5106098651886	0	0	0	0
TC	UKBB	AFR	16	104	3600	5	4.54577136039734	0	0	0	0
TC	UKBB	AFR	16	110	2927	5	3.27825284004211	0	0	0	0
TC	UKBB	AFR	16	113	4513	5	7.29148507118225	0	0	0	0
TC	UKBB	AFR	16	116	2643	5	2.51596832275391	0	0	0	0
TC	UKBB	AFR	16	119	3765	5	4.58779406547546	0	0	0	0
TC	UKBB	AFR	16	120	683	5	0.751649856567383	0	0	0	0
TC	UKBB	AFR	16	125	3191	5	4.01479601860046	0	0	0	0
TC	UKBB	AFR	16	126	577	5	0.700901031494141	0	0	0	0
TC	UKBB	AFR	16	127	850	5	0.755715131759644	0	0	0	0
TC	UKBB	AFR	16	128	11387	5	73.6935966014862	0	0	0	0
TC	UKBB	AFR	17	9	5605	5	11.5348134040833	0	0	0	0
TC	UKBB	AFR	17	15	295	5	0.593205213546753	0	0	0	0
TC	UKBB	AFR	17	16	1110	5	0.84409499168396	0	0	0	0
TC	UKBB	AFR	17	17	5732	5	11.62016248703	0	0	0	0
TC	UKBB	AFR	17	22	1121	5	0.847859859466553	0	0	0	0
TC	UKBB	AFR	17	23	2067	5	2.04156374931335	0	0	0	0
TC	UKBB	AFR	17	24	3535	5	3.7955915927887	0	0	0	0
TC	UKBB	AFR	17	25	3872	5	5.51717782020569	0	0	0	0
TC	UKBB	AFR	17	28	683	5	0.614971160888672	0	0	0	0
TC	UKBB	AFR	17	30	771	5	0.808571815490723	0	1	0	0
TC	UKBB	AFR	17	49	2042	5	2.19707798957825	0	0	0	0
TC	UKBB	AFR	17	51	8837	5	35.2933492660522	0	0	0	0
TC	UKBB	AFR	17	53	7204	5	20.6078746318817	0	0	0	0
TC	UKBB	AFR	17	54	4545	5	7.2819504737854	0	0	0	0
TC	UKBB	AFR	17	55	11034	5	54.2985372543335	0	0	0	0
TC	UKBB	AFR	17	65	6706	5	18.0648739337921	0	0	0	0
TC	UKBB	AFR	17	70	3469	5	5.07664084434509	0	0	0	0
TC	UKBB	AFR	17	71	4656	5	7.59601545333862	0	0	0	0
TC	UKBB	AFR	17	73	8594	5	33.7793009281158	0	0	0	0
TC	UKBB	AFR	17	74	9266	5	34.6506025791168	0	0	0	0
TC	UKBB	AFR	17	75	6941	5	16.47771692276	0	0	0	0
TC	UKBB	AFR	17	76	3430	5	3.79492592811584	0	0	0	0
TC	UKBB	AFR	17	78	1225	5	2.46818518638611	0	0	0	0
TC	UKBB	AFR	17	80	3837	5	5.08099555969238	0	0	0	0
TC	UKBB	AFR	17	85	5884	5	15.2343661785126	0	1	0	0
TC	UKBB	AFR	17	87	2543	5	4.81861519813538	0	1	0	0
TC	UKBB	AFR	17	90	8641	5	34.0219440460205	0	0	0	0
TC	UKBB	AFR	17	94	4440	5	7.80831813812256	0	0	0	0
TC	UKBB	AFR	17	95	3120	5	5.54264688491821	0	0	0	0
TC	UKBB	AFR	17	97	6094	5	15.5918190479279	0	0	0	0
TC	UKBB	AFR	17	98	3122	5	3.92396211624146	0	0	1	3
TC	UKBB	AFR	17	100	3933	5	4.83985114097595	0	0	0	0
TC	UKBB	AFR	17	101	2868	5	3.67227935791016	0	0	0	0
TC	UKBB	AFR	17	102	2356	5	1.85717844963074	0	0	0	0
TC	UKBB	AFR	17	103	2220	5	2.64578366279602	0	0	0	0
TC	UKBB	AFR	17	104	327	5	0.506724119186401	0	0	0	0
TC	UKBB	AFR	17	105	3855	5	6.98174476623535	0	0	0	0
TC	UKBB	AFR	17	109	917	5	0.867226362228394	0	0	0	0
TC	UKBB	AFR	17	116	2119	5	2.01126623153687	0	0	0	0
TC	UKBB	AFR	17	117	4911	5	11.2783961296082	0	0	0	0
TC	UKBB	AFR	17	118	4082	5	6.04069423675537	0	0	0	0
TC	UKBB	AFR	17	121	2414	5	2.1143913269043	0	0	0	0
TC	UKBB	AFR	17	123	3915	5	5.06563329696655	0	0	0	0
TC	UKBB	AFR	17	125	5800	5	11.555691242218	0	0	0	0
TC	UKBB	AFR	17	128	1527	5	1.93771862983704	0	0	0	0
TC	UKBB	AFR	17	130	3374	5	3.68024921417236	0	0	0	0
TC	UKBB	AFR	17	133	2422	5	2.27085995674133	0	0	0	0
TC	UKBB	AFR	17	134	3578	5	4.07177734375	0	0	0	0
TC	UKBB	AFR	18	8	3372	5	3.88956952095032	0	0	0	0
TC	UKBB	AFR	18	9	790	5	0.694011688232422	0	1	0	0
TC	UKBB	AFR	18	31	5604	5	14.110324382782	0	0	0	0
TC	UKBB	AFR	18	35	1830	5	2.34526371955872	0	0	0	0
TC	UKBB	AFR	18	39	7670	5	18.9391667842865	0	0	0	0
TC	UKBB	AFR	18	41	11138	5	54.4284384250641	0	0	0	0
TC	UKBB	AFR	18	42	6227	5	14.3803176879883	0	0	0	0
TC	UKBB	AFR	18	52	4395	5	7.64180707931519	0	0	0	0
TC	UKBB	AFR	18	61	5697	5	11.9670984745026	0	0	0	0
TC	UKBB	AFR	18	68	530	5	0.686347961425781	0	0	0	0
TC	UKBB	AFR	18	69	9495	5	39.1469857692719	0	0	0	0
TC	UKBB	AFR	18	74	9053	5	32.2182126045227	0	0	0	0
TC	UKBB	AFR	18	77	1367	5	1.07673478126526	0	0	0	0
TC	UKBB	AFR	18	78	2144	5	1.82646608352661	0	0	0	0
TC	UKBB	AFR	18	81	3765	5	4.96271014213562	0	0	0	0
TC	UKBB	AFR	18	85	6013	5	12.660236120224	0	0	0	0
TC	UKBB	AFR	18	88	3756	5	4.70508813858032	0	0	0	0
TC	UKBB	AFR	18	119	1551	5	1.18279790878296	0	0	0	0
TC	UKBB	AFR	19	2	444	5	0.605216264724731	0	0	0	0
TC	UKBB	AFR	19	5	45	5	0.565232038497925	0	0	0	0
TC	UKBB	AFR	19	6	1727	5	1.40106987953186	0	0	0	0
TC	UKBB	AFR	19	12	1803	5	1.39407706260681	0	0	0	0
TC	UKBB	AFR	19	15	985	5	0.798884630203247	0	0	0	0
TC	UKBB	AFR	19	16	725	5	0.684594631195068	0	1	0	0
TC	UKBB	AFR	19	19	471	5	0.605948448181152	0	0	0	0
TC	UKBB	AFR	19	20	1460	5	1.29112148284912	0	0	0	0
TC	UKBB	AFR	19	21	932	5	3.31060099601746	0	0	0	0
TC	UKBB	AFR	19	22	3869	5	7.79834747314453	0	0	0	0
TC	UKBB	AFR	19	25	2782	5	2.75712895393372	0	0	0	0
TC	UKBB	AFR	19	30	2386	5	3.64650011062622	0	0	0	0
TC	UKBB	AFR	19	32	2924	5	3.15405702590942	0	0	0	0
TC	UKBB	AFR	19	33	1503	5	1.10271263122559	0	0	0	0
TC	UKBB	AFR	19	35	4057	5	5.36871385574341	0	0	0	0
TC	UKBB	AFR	19	36	978	5	1.06329417228699	0	0	0	0
TC	UKBB	AFR	19	37	4801	5	64.1459760665894	0	1	1	3
TC	UKBB	AFR	19	38	1109	5	11.4636218547821	0	1	0	0
TC	UKBB	AFR	19	39	6852	5	16.9355566501617	0	0	0	0
TC	UKBB	AFR	19	42	1690	5	1.73523807525635	0	0	0	0
TC	UKBB	AFR	19	46	4122	5	5.51793575286865	0	0	0	0
TC	UKBB	AFR	19	49	3724	5	4.49233484268188	0	0	0	0
TC	UKBB	AFR	19	51	2309	5	2.04886341094971	0	0	0	0
TC	UKBB	AFR	19	52	2611	5	3.42546653747559	0	0	0	0
TC	UKBB	AFR	19	53	5530	5	11.0603289604187	0	0	0	0
TC	UKBB	AFR	19	54	9536	5	38.1679906845093	0	0	0	0
TC	UKBB	AFR	19	63	2461	5	3.73261308670044	0	0	0	0
TC	UKBB	AFR	19	64	7054	5	18.4888801574707	0	0	0	0
TC	UKBB	AFR	19	65	2346	5	2.55944919586182	0	0	0	0
TC	UKBB	AFR	19	67	11139	5	70.3721158504486	0	0	0	0
TC	UKBB	AFR	19	70	3930	5	5.48793435096741	0	0	0	0
TC	UKBB	AFR	19	71	557	5	0.633470773696899	0	0	0	0
TC	UKBB	AFR	19	72	7233	5	17.3313541412354	0	0	0	0
TC	UKBB	AFR	19	73	919	5	0.830699920654297	0	0	0	0
TC	UKBB	AFR	19	74	5802	5	10.9159231185913	0	0	0	0
TC	UKBB	AFR	19	75	1279	5	1.21318101882935	4	4	4	4
TC	UKBB	AFR	19	76	5227	5	9.74478054046631	0	0	0	0
TC	UKBB	AFR	19	77	8291	5	39.2891714572906	0	0	0	0
TC	UKBB	AFR	19	79	3113	5	3.28945469856262	0	0	0	0
TC	UKBB	AFR	19	80	1453	5	1.56975984573364	0	0	0	0
TC	UKBB	AFR	19	81	4025	5	6.60735154151917	0	0	0	0
TC	UKBB	AFR	19	89	1932	5	1.55480313301086	0	0	0	0
TC	UKBB	AFR	19	90	4232	5	6.14796018600464	0	0	0	0
TC	UKBB	AFR	19	98	1525	5	1.40342712402344	0	0	0	0
TC	UKBB	AFR	19	103	2279	5	2.03404378890991	0	0	0	0
TC	UKBB	AFR	19	104	2448	5	2.80498385429382	0	0	0	0
TC	UKBB	AFR	19	107	1739	5	1.4582850933075	0	0	0	0
TC	UKBB	AFR	19	110	5366	5	10.9350287914276	0	0	0	0
TC	UKBB	AFR	19	111	2667	5	2.5070466995239302	0	0	0	0
TC	UKBB	AFR	20	2	1858	5	2.03934216499329	0	0	0	0
TC	UKBB	AFR	20	10	2041	5	1.58710384368896	0	0	0	0
TC	UKBB	AFR	20	12	3609	5	4.99266481399536	0	0	0	0
TC	UKBB	AFR	20	18	1935	5	1.75526428222656	0	0	0	0
TC	UKBB	AFR	20	19	661	5	0.741579532623291	0	0	0	0
TC	UKBB	AFR	20	40	2415	5	2.19763684272766	0	0	0	0
TC	UKBB	AFR	20	48	6802	5	16.3590798377991	0	0	0	0
TC	UKBB	AFR	20	55	1550	5	1.59401440620422	0	0	0	0
TC	UKBB	AFR	20	59	8550	5	29.572338104248	0	0	0	0
TC	UKBB	AFR	20	60	4624	5	7.62668251991272	0	0	0	0
TC	UKBB	AFR	20	63	8601	5	29.126532793045	0	0	0	0
TC	UKBB	AFR	20	64	2204	5	1.90525913238525	0	0	0	0
TC	UKBB	AFR	20	65	4665	5	7.15938329696655	0	0	0	0
TC	UKBB	AFR	20	66	5098	5	10.4006719589233	0	0	0	0
TC	UKBB	AFR	20	67	3882	5	6.78059697151184	0	0	0	0
TC	UKBB	AFR	20	68	1775	5	1.54612636566162	0	0	0	0
TC	UKBB	AFR	20	69	3641	5	4.4637451171875	0	0	0	0
TC	UKBB	AFR	20	70	2950	5	3.30637741088867	0	0	0	0
TC	UKBB	AFR	20	71	4344	5	7.31003499031067	0	0	0	0
TC	UKBB	AFR	20	77	3863	5	5.75981879234314	0	0	0	0
TC	UKBB	AFR	20	78	5204	5	9.510826587677	0	0	0	0
TC	UKBB	AFR	20	86	3122	5	3.2323145866394	0	0	0	0
TC	UKBB	AFR	20	87	1707	5	1.39577603340149	0	0	0	0
TC	UKBB	AFR	20	89	2388	5	1.95821356773376	0	0	0	0
TC	UKBB	AFR	20	112	950	5	0.830177545547485	0	0	0	0
TC	UKBB	AFR	20	115	3349	5	3.660071849823	0	0	0	0
TC	UKBB	AFR	21	3	1601	5	1.60540533065796	0	0	0	0
TC	UKBB	AFR	21	5	2561	5	2.37775206565857	0	0	0	0
TC	UKBB	AFR	21	30	8386	5	30.3931760787964	0	0	0	0
TC	UKBB	AFR	21	33	4099	5	5.9253237247467	0	0	0	0
TC	UKBB	AFR	21	37	4920	5	8.14243030548096	0	1	0	0
TC	UKBB	AFR	21	41	7910	5	24.1203134059906	0	0	0	0
TC	UKBB	AFR	21	48	6582	5	14.5249590873718	0	0	0	0
TC	UKBB	AFR	21	53	2532	5	2.35764908790588	0	0	0	0
TC	UKBB	AFR	21	64	4259	5	6.31381940841675	0	0	0	0
TC	UKBB	AFR	22	1	2260	5	1.91429471969604	0	0	0	0
TC	UKBB	AFR	22	5	2098	5	2.05292654037476	0	0	0	0
TC	UKBB	AFR	22	9	3119	5	4.25313496589661	0	0	0	0
TC	UKBB	AFR	22	13	2286	5	1.96845126152039	0	0	0	0
TC	UKBB	AFR	22	29	4325	5	6.33867526054382	0	0	0	0
TC	UKBB	AFR	22	30	14277	5	93.0430335998535	0	0	0	0
TC	UKBB	AFR	22	36	2286	5	2.63474488258362	0	0	0	0
TC	UKBB	AFR	22	37	3586	5	5.62036418914795	0	0	0	0
TC	UKBB	AFR	22	40	1780	5	1.62607169151306	0	0	0	0
TC	UKBB	AFR	22	43	3658	5	4.10543322563171	0	0	0	0
TC	UKBB	AFR	22	45	3946	5	4.76753306388855	0	0	0	0
TC	UKBB	AFR	22	46	9015	5	36.2005677223206	0	0	0	0
TC	UKBB	AFR	22	47	4747	5	8.03076887130737	0	0	0	0
TC	UKBB	AFR	22	49	786	5	0.689852714538574	0	0	0	0
TC	UKBB	AFR	22	54	2617	5	2.66210842132568	0	0	0	0
TC	UKBB	AFR	22	55	1837	5	1.43333220481873	0	0	0	0
TC	UKBB	AFR	22	56	184	5	0.550031185150146	0	0	0	0
TC	UKBB	AFR	22	57	1959	5	1.90010237693787	0	0	0	0
TC	UKBB	AFR	22	69	3005	5	3.19775199890137	0	0	0	0
TC	UKBB	AFR	22	70	5033	5	8.77267336845398	0	0	0	0
