pheno	db	pid	chromosome	block	num_variants	time	num_variants_0.95	num_variants_0.5	num_CS95	num_variants_CS95
HDL	META	EUR	1	1	475	39.8984599113464	0	0	2	39
HDL	META	EUR	1	2	805	165.828685045242	0	0	1	36
HDL	META	EUR	1	3	507	91.4259562492371	0	0	1	55
HDL	META	EUR	1	5	1967	235.081125259399	0	0	1	7
HDL	META	EUR	1	15	2777	460.805084466934	0	0	0	0
HDL	META	EUR	1	17	3413	98.4793546199799	0	0	0	0
HDL	META	EUR	1	18	1470	130.228428602219	0	1	0	0
HDL	META	EUR	1	19	2744	540.192255020142	0	0	1	17
HDL	META	EUR	1	21	1765	336.472733259201	0	1	1	53
HDL	META	EUR	1	23	1028	133.734891891479	0	0	1	62
HDL	META	EUR	1	24	1164	37.819611787796	0	0	1	4
HDL	META	EUR	1	35	3193	367.025616168976	0	0	0	0
HDL	META	EUR	1	40	1290	67.9242868423462	0	0	1	5
HDL	META	EUR	1	43	901	32.4074530601501	0	0	0	0
HDL	META	EUR	1	44	697	65.7742671966553	0	1	1	9
HDL	META	EUR	1	46	2423	423.187004327774	0	0	1	10
HDL	META	EUR	1	48	1267	428.456690311432	2	2	2	2
HDL	META	EUR	1	49	1100	61.6350095272064	0	0	0	0
HDL	META	EUR	1	50	1895	492.180862665176	0	1	0	0
HDL	META	EUR	1	51	1277	103.767379522324	0	1	1	7
HDL	META	EUR	1	52	3236	6441.09627962112	3	3	4	16
HDL	META	EUR	1	53	3055	629.410156965256	0	1	1	6
HDL	META	EUR	1	57	2050	200.423219680786	0	0	1	23
HDL	META	EUR	1	63	2132	204.169732809067	0	1	0	0
HDL	META	EUR	1	70	2607	1337.8459751606	1	3	2	3
HDL	META	EUR	1	71	2526	339.559268474579	0	1	1	2
HDL	META	EUR	1	73	3340	1368.38388776779	1	2	2	7
HDL	META	EUR	1	74	3101	1580.13433527946	0	0	2	58
HDL	META	EUR	1	75	4105	1185.56307458878	0	0	0	0
HDL	META	EUR	1	76	1916	316.141634702682	0	0	0	0
HDL	META	EUR	1	80	1227	161.601895332336	0	0	0	0
HDL	META	EUR	1	85	1278	24.9664926528931	0	0	1	7
HDL	META	EUR	1	87	1475	232.0734770298	0	1	1	43
HDL	META	EUR	1	90	302	29.472555398941	0	0	1	34
HDL	META	EUR	1	92	2654	501.670048475266	0	0	0	0
HDL	META	EUR	1	94	681	75.3917350769043	0	0	1	11
HDL	META	EUR	1	96	2307	1147.52776861191	1	1	1	1
HDL	META	EUR	1	97	2826	180.791033267975	0	0	1	47
HDL	META	EUR	1	98	2436	146.671231031418	0	0	0	0
HDL	META	EUR	1	100	2249	829.733103990555	0	0	2	30
HDL	META	EUR	1	102	2085	380.696488380432	0	0	0	0
HDL	META	EUR	1	105	5965	2236.03026461601	0	2	2	14
HDL	META	EUR	1	110	1108	115.561974287033	0	0	1	27
HDL	META	EUR	1	113	1888	167.407028675079	0	0	0	0
HDL	META	EUR	1	117	1444	289.885093688965	0	1	1	21
HDL	META	EUR	1	122	4195	323.317237854004	0	1	1	4
HDL	META	EUR	1	124	3865	711.307047367096	0	0	1	13
HDL	META	EUR	1	125	4578	1127.40595793724	0	1	1	3
HDL	META	EUR	1	128	4125	527.566293954849	0	0	0	0
HDL	META	EUR	1	129	1493	727.077777147293	0	0	1	74
HDL	META	EUR	1	132	2639	561.193844079971	0	1	0	0
HDL	META	EUR	1	136	2621	153.823418617249	0	0	1	9
HDL	META	EUR	1	138	3541	15960.6593358517	2	7	6	15
HDL	META	EUR	1	139	912	1463.43119263649	2	3	4	14
HDL	META	EUR	1	143	2254	367.02952671051	0	1	1	9
HDL	META	EUR	1	153	2542	529.30170583725	1	2	1	1
HDL	META	EUR	1	154	4038	5083.99503946304	1	2	3	45
HDL	META	EUR	1	156	2514	1790.33292627335	0	1	1	11
HDL	META	EUR	1	158	2657	2140.201597929	0	2	1	14
HDL	META	EUR	1	159	568	43.9802801609039	0	0	1	14
HDL	META	EUR	1	160	2231	48.2724885940552	0	0	1	6
HDL	META	EUR	1	168	3013	999.824809074402	0	3	3	9
HDL	META	EUR	1	173	2436	423.273058652878	0	0	0	0
HDL	META	EUR	1	181	3786	596.441706418991	0	0	0	0
HDL	META	EUR	1	182	3638	8059.45272469521	0	0	3	42
HDL	META	EUR	1	183	3781	302.059037685394	0	0	0	0
HDL	META	EUR	1	187	2604	4440.3090929985	0	0	3	34
HDL	META	EUR	1	189	1990	300.237497091293	0	0	0	0
HDL	META	EUR	1	191	2762	479.998694419861	0	1	1	7
HDL	META	EUR	1	192	2843	573.743714570999	0	1	0	0
HDL	META	EUR	1	193	3226	845.823855400085	0	1	1	13
HDL	META	EUR	1	201	2958	483.292961359024	0	0	1	14
HDL	META	EUR	1	202	2929	506.813791036606	0	0	1	11
HDL	META	EUR	1	203	2277	70.0763199329376	0	0	1	10
HDL	META	EUR	1	204	2293	800.875965833664	0	0	1	4
HDL	META	EUR	1	207	1727	94.2427704334259	0	0	1	20
HDL	META	EUR	1	208	2038	305.173348903656	0	0	0	0
HDL	META	EUR	1	209	808	202.170355796814	0	0	2	65
HDL	META	EUR	1	211	1439	167.125087499619	0	0	1	5
HDL	META	EUR	1	213	1578	320.037968873978	0	1	2	39
HDL	META	EUR	1	214	1412	139.359705924988	1	1	1	1
HDL	META	EUR	1	215	685	40.0505073070526	0	1	1	13
HDL	META	EUR	1	216	2969	469.985064983368	0	1	0	0
HDL	META	EUR	1	218	566	33.2462513446808	0	0	1	18
HDL	META	EUR	1	221	2537	369.921019554138	0	2	1	4
HDL	META	EUR	1	224	1806	342.484037637711	0	1	1	19
HDL	META	EUR	1	228	1428	152.635729551315	0	0	1	32
HDL	META	EUR	1	233	3506	469.433271884918	0	1	1	2
HDL	META	EUR	1	234	4037	3240.62281799316	1	2	2	4
HDL	META	EUR	1	235	2641	430.709109306335	0	0	1	23
HDL	META	EUR	1	238	5124	1616.31205129623	0	1	2	23
HDL	META	EUR	1	239	1422	80.9385755062103	0	0	0	0
HDL	META	EUR	1	240	5344	153.65781378746	0	0	1	3
HDL	META	EUR	1	242	1366	868.915802955627	1	3	3	16
HDL	META	EUR	1	243	1636	1937.53548550606	1	6	3	8
HDL	META	EUR	1	244	3432	719.688686609268	0	0	1	3
HDL	META	EUR	1	252	1296	590.231628894806	0	0	1	5
HDL	META	EUR	1	253	591	290.674166202545	0	2	0	0
HDL	META	EUR	1	254	2253	587.183529138565	0	0	1	15
HDL	META	EUR	1	255	1271	105.055592536926	0	0	1	14
HDL	META	EUR	1	257	1483	189.799432039261	0	0	1	162
HDL	META	EUR	1	264	1616	97.3840043544769	0	0	0	0
HDL	META	EUR	1	275	776	23.4926993846893	0	0	0	0
HDL	META	EUR	2	1	677	113.276870250702	0	0	1	14
HDL	META	EUR	2	2	4278	485.916973114014	0	0	1	30
HDL	META	EUR	2	3	1721	208.93928527832	0	0	0	0
HDL	META	EUR	2	4	1552	81.4359130859375	0	0	0	0
HDL	META	EUR	2	6	1496	25.2510230541229	0	2	2	4
HDL	META	EUR	2	13	3796	617.23797917366	0	0	0	0
HDL	META	EUR	2	28	678	35.3759996891022	0	0	1	16
HDL	META	EUR	2	40	3933	556.967145442963	0	0	0	0
HDL	META	EUR	2	41	1765	1037.74983286858	0	0	2	40
HDL	META	EUR	2	44	1710	4700.6801378727	3	6	5	10
HDL	META	EUR	2	45	3368	402.998879432678	1	2	1	1
HDL	META	EUR	2	46	1609	95.4822673797607	0	0	1	46
HDL	META	EUR	2	47	4094	917.95748758316	0	1	0	0
HDL	META	EUR	2	48	2464	1275.49216246605	0	1	2	66
HDL	META	EUR	2	49	3517	536.58588552475	0	0	0	0
HDL	META	EUR	2	50	2239	56.7774739265442	0	0	1	120
HDL	META	EUR	2	51	2752	508.392288208008	0	0	0	0
HDL	META	EUR	2	53	1812	102.364054203033	0	0	1	15
HDL	META	EUR	2	55	6372	1712.16316151619	0	0	0	0
HDL	META	EUR	2	60	2429	277.862385749817	0	0	0	0
HDL	META	EUR	2	62	1338	223.323251008987	0	0	1	80
HDL	META	EUR	2	63	2406	318.949647665024	0	0	0	0
HDL	META	EUR	2	66	5573	1799.07103133202	0	2	0	0
HDL	META	EUR	2	67	5325	1314.2275223732	0	0	0	0
HDL	META	EUR	2	68	909	35.8679175376892	0	1	1	4
HDL	META	EUR	2	69	3039	697.512063026428	0	0	1	63
HDL	META	EUR	2	79	3859	1692.12823987007	1	2	1	1
HDL	META	EUR	2	80	6125	653.287212848663	0	0	1	5
HDL	META	EUR	2	84	8313	9956.88784098625	0	2	3	55
HDL	META	EUR	2	85	7488	9329.7280561924	0	0	2	11
HDL	META	EUR	2	86	3244	743.852272510529	0	0	1	13
HDL	META	EUR	2	87	1230	169.473607063293	0	1	1	13
HDL	META	EUR	2	88	9952	3435.03493666649	0	1	0	0
HDL	META	EUR	2	89	2298	257.536178350449	0	0	1	3
HDL	META	EUR	2	90	2008	287.589689254761	0	0	1	13
HDL	META	EUR	2	97	2993	450.579294204712	0	0	2	17
HDL	META	EUR	2	99	2040	122.019559144974	0	0	0	0
HDL	META	EUR	2	100	2606	298.656440258026	0	0	1	90
HDL	META	EUR	2	115	4151	1036.04522442818	0	0	1	9
HDL	META	EUR	2	117	2315	318.42524766922	0	0	1	10
HDL	META	EUR	2	122	1858	566.679942846298	0	0	2	43
HDL	META	EUR	2	124	2981	643.359781265259	0	1	0	0
HDL	META	EUR	2	125	2496	270.622070074081	0	0	0	0
HDL	META	EUR	2	128	4829	239.177270174026	0	1	0	0
HDL	META	EUR	2	130	672	51.7351796627045	0	0	0	0
HDL	META	EUR	2	131	133	49.7168905735016	0	2	2	4
HDL	META	EUR	2	132	539	13.4487137794495	0	0	1	16
HDL	META	EUR	2	138	4227	757.214586496353	1	1	1	1
HDL	META	EUR	2	146	3041	393.791328191757	0	1	2	7
HDL	META	EUR	2	147	5921	1482.08768939972	0	0	0	0
HDL	META	EUR	2	151	2626	356.605570554733	0	0	0	0
HDL	META	EUR	2	153	3944	213.112485647202	0	0	1	15
HDL	META	EUR	2	154	1700	130.98348736763	0	0	1	63
HDL	META	EUR	2	159	5511	540.420343637466	0	0	1	15
HDL	META	EUR	2	163	183	30.1775579452515	0	1	2	13
HDL	META	EUR	2	164	835	59.7613289356232	0	2	0	0
HDL	META	EUR	2	166	6593	14455.3877055645	0	4	1	2
HDL	META	EUR	2	168	2735	1240.5031068325	1	2	3	7
HDL	META	EUR	2	171	4167	561.90039396286	0	0	1	38
HDL	META	EUR	2	175	165	2.72954082489014	0	0	1	8
HDL	META	EUR	2	176	3878	588.738625049591	0	0	1	20
HDL	META	EUR	2	177	3260	1107.98211193085	0	1	2	26
HDL	META	EUR	2	180	2595	151.913601636887	0	0	0	0
HDL	META	EUR	2	181	3981	827.646387815475	0	0	1	48
HDL	META	EUR	2	183	1721	149.03137087822	0	1	0	0
HDL	META	EUR	2	184	4994	3719.22668194771	0	1	1	17
HDL	META	EUR	2	185	1496	45.9195351600647	0	1	0	0
HDL	META	EUR	2	186	4321	584.960309267044	0	0	0	0
HDL	META	EUR	2	191	1009	105.97177028656	0	0	0	0
HDL	META	EUR	2	195	6741	851.791039705276	0	0	1	72
HDL	META	EUR	2	197	3407	301.1724152565	0	0	0	0
HDL	META	EUR	2	199	4138	428.262102365494	0	0	1	4
HDL	META	EUR	2	202	631	44.8693037033081	0	1	0	0
HDL	META	EUR	2	205	2016	217.847734928131	0	0	1	15
HDL	META	EUR	2	208	5299	391.690707683563	0	0	1	32
HDL	META	EUR	2	209	1040	503.501264333725	1	1	1	1
HDL	META	EUR	2	210	1939	115.022981882095	0	0	1	34
HDL	META	EUR	2	213	6677	397.299944639206	0	0	1	32
HDL	META	EUR	2	215	2090	183.554243564606	0	1	1	13
HDL	META	EUR	2	217	1565	3848.54157137871	4	5	6	31
HDL	META	EUR	2	218	1276	834.085895061493	4	5	5	8
HDL	META	EUR	2	221	2472	240.99311876297	0	0	1	16
HDL	META	EUR	2	227	1387	184.593876600266	0	0	0	0
HDL	META	EUR	2	228	2122	169.203882455826	0	0	1	27
HDL	META	EUR	2	230	1962	561.767555713654	0	1	2	15
HDL	META	EUR	2	232	1616	54.3418955802917	0	0	1	4
HDL	META	EUR	2	233	773	7.13080525398254	0	0	1	4
HDL	META	EUR	2	234	2689	342.77236700058	0	0	1	18
HDL	META	EUR	2	235	1452	278.426841974258	0	0	2	30
HDL	META	EUR	2	237	2797	256.874674797058	0	0	1	40
HDL	META	EUR	2	240	2646	311.456657886505	0	0	1	71
HDL	META	EUR	2	247	1110	97.2076377868652	0	0	0	0
HDL	META	EUR	2	250	5095	1737.32237672806	0	1	1	4
HDL	META	EUR	2	251	1953	69.4770636558533	0	1	0	0
HDL	META	EUR	2	256	2615	1211.1137778759	0	0	1	6
HDL	META	EUR	3	8	969	66.943770647049	0	0	1	28
HDL	META	EUR	3	9	906	94.1261866092682	0	0	0	0
HDL	META	EUR	3	20	3306	515.288022756577	0	0	0	0
HDL	META	EUR	3	23	2024	168.522367715836	0	0	1	48
HDL	META	EUR	3	24	3407	23773.0984399319	1	6	8	33
HDL	META	EUR	3	25	498	16.9441797733307	0	0	0	0
HDL	META	EUR	3	28	221	8.32237195968628	0	0	1	14
HDL	META	EUR	3	30	3355	471.849127054214	0	0	1	25
HDL	META	EUR	3	32	4121	561.19022154808	0	1	0	0
HDL	META	EUR	3	34	1422	152.183604478836	0	0	0	0
HDL	META	EUR	3	35	3479	511.459128141403	0	0	1	7
HDL	META	EUR	3	39	4431	173.991524934769	0	0	1	32
HDL	META	EUR	3	40	2119	456.338344335556	0	0	1	12
HDL	META	EUR	3	41	4368	483.427216053009	0	1	0	0
HDL	META	EUR	3	42	3164	524.767581224442	0	1	0	0
HDL	META	EUR	3	55	1712	623.396361112595	0	1	2	15
HDL	META	EUR	3	59	3159	265.45311832428	0	0	0	0
HDL	META	EUR	3	60	5643	654.37618970871	0	0	1	41
HDL	META	EUR	3	64	166	2.56928873062134	1	2	1	1
HDL	META	EUR	3	65	1391	179.040652036667	0	0	0	0
HDL	META	EUR	3	71	3710	1170.62795209885	0	0	1	80
HDL	META	EUR	3	77	6378	2257.31755113602	0	1	1	7
HDL	META	EUR	3	81	2178	354.514851093292	0	0	1	93
HDL	META	EUR	3	83	4890	269.784182071686	0	0	0	0
HDL	META	EUR	3	84	2296	435.179664611816	0	1	1	8
HDL	META	EUR	3	85	2063	429.515120744705	0	2	2	16
HDL	META	EUR	3	88	3030	608.325806617737	0	1	1	21
HDL	META	EUR	3	89	3110	2137.79250717163	0	0	2	61
HDL	META	EUR	3	90	1837	416.504993200302	0	0	0	0
HDL	META	EUR	3	105	2332	233.811585903168	0	0	0	0
HDL	META	EUR	3	106	8149	699.824165582657	0	0	0	0
HDL	META	EUR	3	108	3061	428.309351205826	0	0	0	0
HDL	META	EUR	3	109	5706	834.721796274185	0	1	2	7
HDL	META	EUR	3	112	3029	350.198636293411	0	0	1	66
HDL	META	EUR	3	114	2342	554.68431019783	0	0	2	22
HDL	META	EUR	3	119	4798	323.852457284927	0	0	0	0
HDL	META	EUR	3	120	2885	4046.06480669975	1	1	3	28
HDL	META	EUR	3	121	3572	264.449456930161	0	0	0	0
HDL	META	EUR	3	123	1202	301.192225694656	0	1	1	10
HDL	META	EUR	3	124	563	36.3556456565857	0	0	1	12
HDL	META	EUR	3	125	3127	361.542676448822	0	0	0	0
HDL	META	EUR	3	127	3392	569.027732133865	0	0	0	0
HDL	META	EUR	3	128	1684	230.089283943176	0	0	0	0
HDL	META	EUR	3	129	1872	814.584703207016	0	0	1	11
HDL	META	EUR	3	132	4330	409.877447366714	0	0	1	4
HDL	META	EUR	3	134	1409	303.902710914612	0	0	1	49
HDL	META	EUR	3	135	2732	692.560261964798	0	0	0	0
HDL	META	EUR	3	136	1720	145.09872841835	0	1	1	24
HDL	META	EUR	3	140	3826	496.41579580307	0	0	1	6
HDL	META	EUR	3	144	872	71.1579072475433	0	0	0	0
HDL	META	EUR	3	145	3522	987.447154283524	0	0	1	19
HDL	META	EUR	3	146	1421	199.647306442261	0	0	0	0
HDL	META	EUR	3	155	3136	1063.40091466904	1	2	1	1
HDL	META	EUR	3	158	3605	303.700644016266	0	0	1	10
HDL	META	EUR	3	159	2895	424.418924093246	0	0	1	23
HDL	META	EUR	3	161	4215	575.212389945984	0	3	0	0
HDL	META	EUR	3	162	4728	1075.96595859528	0	0	1	6
HDL	META	EUR	3	165	3097	613.038960695267	0	0	2	28
HDL	META	EUR	3	170	2191	279.044988155365	0	0	0	0
HDL	META	EUR	3	171	2220	850.539189815521	0	1	0	0
HDL	META	EUR	3	174	899	69.5140228271484	0	0	0	0
HDL	META	EUR	3	175	1113	295.392094373703	1	1	1	1
HDL	META	EUR	3	179	2008	378.388573646545	0	0	1	28
HDL	META	EUR	3	183	1480	342.928879022598	0	0	0	0
HDL	META	EUR	3	184	1960	181.963008880615	0	0	0	0
HDL	META	EUR	3	186	4150	615.229652404785	0	0	0	0
HDL	META	EUR	3	191	2202	423.96675491333	0	1	1	10
HDL	META	EUR	3	193	3496	7301.40315365791	0	2	4	33
HDL	META	EUR	3	195	6818	1214.36063313484	0	0	1	14
HDL	META	EUR	3	212	1210	95.3182697296143	0	0	1	18
HDL	META	EUR	3	214	3940	2753.67571520805	1	1	2	14
HDL	META	EUR	3	216	2042	410.593578100204	0	0	0	0
HDL	META	EUR	4	1	9736	18512.0091910362	1	2	4	34
HDL	META	EUR	4	4	2520	1347.44145727158	1	1	1	1
HDL	META	EUR	4	10	563	52.9529814720154	0	0	1	45
HDL	META	EUR	4	21	5219	1140.29454731941	0	0	0	0
HDL	META	EUR	4	32	3816	393.91507601738	0	0	1	26
HDL	META	EUR	4	33	3820	945.41959810257	0	0	0	0
HDL	META	EUR	4	37	1871	145.281104564667	0	0	1	9
HDL	META	EUR	4	39	1952	324.49514913559	0	0	0	0
HDL	META	EUR	4	42	533	56.1730620861053	0	2	2	15
HDL	META	EUR	4	54	7305	12995.6617150307	0	0	2	25
HDL	META	EUR	4	55	2676	57.1214239597321	0	0	1	12
HDL	META	EUR	4	63	6857	223.942566394806	0	1	1	2
HDL	META	EUR	4	64	4971	896.723649263382	0	0	0	0
HDL	META	EUR	4	66	2487	448.50218296051	0	0	1	18
HDL	META	EUR	4	67	739	76.4622225761414	0	0	0	0
HDL	META	EUR	4	71	1330	150.606077194214	0	0	1	5
HDL	META	EUR	4	79	2472	378.300884723663	0	0	1	23
HDL	META	EUR	4	80	3472	1329.52445912361	1	2	4	31
HDL	META	EUR	4	87	4616	1480.43316483498	0	1	1	2
HDL	META	EUR	4	94	1899	463.369525194168	0	0	0	0
HDL	META	EUR	4	95	1195	126.514534235001	0	0	1	25
HDL	META	EUR	4	101	3721	1965.60288119316	0	1	2	32
HDL	META	EUR	4	102	2174	710.284410476685	0	1	1	6
HDL	META	EUR	4	103	1615	2897.2309627533	0	2	4	39
HDL	META	EUR	4	109	1493	343.452794313431	0	0	1	26
HDL	META	EUR	4	113	4040	9675.13435173035	1	1	4	29
HDL	META	EUR	4	114	3621	1548.20885944366	2	5	3	4
HDL	META	EUR	4	115	1565	214.047075271606	2	2	2	2
HDL	META	EUR	4	116	2736	2685.37898635864	2	5	4	11
HDL	META	EUR	4	117	3505	711.098395109177	1	2	2	5
HDL	META	EUR	4	121	2497	979.079928159714	1	3	2	3
HDL	META	EUR	4	122	1079	51.6235392093658	1	1	1	1
HDL	META	EUR	4	123	743	53.8348572254181	0	0	1	21
HDL	META	EUR	4	124	4008	807.444530487061	0	0	0	0
HDL	META	EUR	4	129	3568	162.060038328171	0	0	1	18
HDL	META	EUR	4	130	3208	647.9744181633	0	0	1	43
HDL	META	EUR	4	134	5424	1151.02019333839	0	0	0	0
HDL	META	EUR	4	136	4883	1465.95984888077	0	0	0	0
HDL	META	EUR	4	146	2274	212.888484954834	0	0	0	0
HDL	META	EUR	4	147	1447	124.278963327408	0	0	1	14
HDL	META	EUR	4	149	2897	93.8412065505981	0	0	1	7
HDL	META	EUR	4	150	2998	681.924106121063	0	0	1	28
HDL	META	EUR	4	151	1460	556.165413141251	0	1	1	40
HDL	META	EUR	4	152	1369	338.161003828049	0	1	1	9
HDL	META	EUR	4	153	3273	412.88353395462	0	0	1	81
HDL	META	EUR	4	154	1277	77.7775838375092	0	0	1	8
HDL	META	EUR	4	156	4680	403.917274236679	0	0	1	8
HDL	META	EUR	4	159	1316	309.522975921631	0	1	2	18
HDL	META	EUR	4	164	2585	285.421322584152	0	1	0	0
HDL	META	EUR	4	165	2469	168.997119903564	0	0	1	8
HDL	META	EUR	4	168	4523	533.433331251144	0	0	0	0
HDL	META	EUR	4	180	3256	438.512280464172	0	0	0	0
HDL	META	EUR	4	182	755	9.28207612037659	0	0	1	7
HDL	META	EUR	4	184	1628	240.170904874802	0	0	1	24
HDL	META	EUR	4	205	879	12.4297049045563	0	0	1	5
HDL	META	EUR	4	209	1770	96.7040848731995	0	0	1	34
HDL	META	EUR	5	1	3216	283.591000556946	0	0	1	28
HDL	META	EUR	5	2	1003	25.432763338089	0	0	1	3
HDL	META	EUR	5	9	1932	116.009899616241	0	1	0	0
HDL	META	EUR	5	27	5391	1239.15195035934	0	0	0	0
HDL	META	EUR	5	56	4089	811.050815343857	0	0	0	0
HDL	META	EUR	5	57	3050	549.553667783737	0	0	0	0
HDL	META	EUR	5	58	1379	199.131258487701	0	0	0	0
HDL	META	EUR	5	60	1683	166.348276138306	0	0	1	10
HDL	META	EUR	5	64	4036	6875.56014251709	0	2	2	18
HDL	META	EUR	5	66	2628	332.030610799789	0	0	0	0
HDL	META	EUR	5	68	997	323.136339426041	1	1	3	23
HDL	META	EUR	5	69	1396	823.254434585571	1	3	3	27
HDL	META	EUR	5	70	1369	166.815634250641	0	0	0	0
HDL	META	EUR	5	71	4343	694.752137899399	0	0	1	11
HDL	META	EUR	5	72	4643	408.37465596199	0	0	0	0
HDL	META	EUR	5	75	3111	361.805346488953	0	0	0	0
HDL	META	EUR	5	78	1166	422.44220161438	1	1	1	1
HDL	META	EUR	5	80	2571	214.400242328644	0	0	0	0
HDL	META	EUR	5	81	2477	604.878754377365	0	1	2	30
HDL	META	EUR	5	82	1629	180.838070631027	0	0	1	12
HDL	META	EUR	5	85	3467	710.649570465088	1	1	2	5
HDL	META	EUR	5	88	1488	112.780454158783	0	0	1	12
HDL	META	EUR	5	92	2158	383.772830486298	0	0	1	46
HDL	META	EUR	5	93	1166	91.1395993232727	0	1	0	0
HDL	META	EUR	5	96	3423	518.180390834808	0	0	0	0
HDL	META	EUR	5	97	2070	102.373129606247	0	1	1	3
HDL	META	EUR	5	102	4591	934.831030845642	0	0	0	0
HDL	META	EUR	5	104	2791	139.394974708557	0	1	0	0
HDL	META	EUR	5	105	1366	12.3472948074341	0	0	1	4
HDL	META	EUR	5	108	1370	92.6854193210602	0	0	1	41
HDL	META	EUR	5	109	1787	259.510903596878	0	0	1	6
HDL	META	EUR	5	114	9541	1556.84298205376	0	0	0	0
HDL	META	EUR	5	116	3972	1039.6864259243	0	0	0	0
HDL	META	EUR	5	117	2852	419.836675405502	0	0	1	37
HDL	META	EUR	5	119	3567	786.35674905777	0	0	1	46
HDL	META	EUR	5	120	3931	849.148991346359	0	0	1	13
HDL	META	EUR	5	127	5610	1139.95761466026	0	0	1	6
HDL	META	EUR	5	130	4239	507.050488948822	0	0	1	68
HDL	META	EUR	5	132	1801	364.500312566757	0	0	0	0
HDL	META	EUR	5	133	2223	166.242607593536	1	1	1	1
HDL	META	EUR	5	134	2286	115.736017227173	0	0	1	63
HDL	META	EUR	5	136	4002	792.390261650085	0	0	1	14
HDL	META	EUR	5	142	2852	1537.92541837692	0	1	3	49
HDL	META	EUR	5	144	3308	256.423859119415	0	0	1	19
HDL	META	EUR	5	145	5023	420.143904209137	0	0	1	6
HDL	META	EUR	5	146	4200	2970.00477862358	0	0	2	79
HDL	META	EUR	5	147	1785	462.837742090225	0	0	2	10
HDL	META	EUR	5	151	891	200.56430721283	0	0	1	20
HDL	META	EUR	5	152	4922	331.041933059692	0	0	0	0
HDL	META	EUR	5	154	2461	453.262936353683	0	0	1	28
HDL	META	EUR	5	156	2214	463.695943832397	0	0	0	0
HDL	META	EUR	5	158	2032	217.072900295258	0	1	1	2
HDL	META	EUR	5	160	1986	246.69247841835	0	0	0	0
HDL	META	EUR	5	163	2201	737.895152568817	0	0	2	21
HDL	META	EUR	5	167	2520	210.242418050766	0	0	1	14
HDL	META	EUR	5	168	3146	2448.71535944939	0	2	2	9
HDL	META	EUR	5	181	989	98.1937129497528	0	0	0	0
HDL	META	EUR	5	189	1589	271.059273719788	0	0	1	15
HDL	META	EUR	5	191	4409	577.191459655762	0	0	0	0
HDL	META	EUR	5	193	983	81.0788722038269	0	0	0	0
HDL	META	EUR	5	194	1243	127.167541265488	0	0	1	9
HDL	META	EUR	5	202	1904	610.532894134521	0	1	2	9
HDL	META	EUR	5	207	2649	396.728256464005	0	0	1	12
HDL	META	EUR	5	208	1921	145.42445397377	0	0	0	0
HDL	META	EUR	5	209	494	162.412756443024	1	2	3	31
HDL	META	EUR	5	210	310	18.5037319660187	1	1	1	1
HDL	META	EUR	6	18	519	19.4289503097534	0	1	0	0
HDL	META	EUR	6	19	2661	863.336796045303	0	0	0	0
HDL	META	EUR	6	21	1829	324.73784327507	0	0	1	82
HDL	META	EUR	6	23	2241	81.7541913986206	0	0	0	0
HDL	META	EUR	6	29	2542	418.213531732559	0	0	0	0
HDL	META	EUR	6	34	3063	419.54066824913	0	0	0	0
HDL	META	EUR	6	36	1019	94.003956079483	0	0	0	0
HDL	META	EUR	6	37	1401	242.233788728714	0	0	1	11
HDL	META	EUR	6	38	990	25.4978425502777	0	0	0	0
HDL	META	EUR	6	39	4668	255.735508203506	0	0	1	59
HDL	META	EUR	6	43	3006	1439.73679161072	0	0	1	44
HDL	META	EUR	6	49	640	30.9104113578796	0	1	1	9
HDL	META	EUR	6	50	4720	556.052634239197	0	0	0	0
HDL	META	EUR	6	51	5797	16355.1578919888	2	4	4	20
HDL	META	EUR	6	52	1845	516.852927923203	0	1	2	48
HDL	META	EUR	6	53	1679	291.414061546326	0	0	0	0
HDL	META	EUR	6	55	1605	298.989317178726	0	0	0	0
HDL	META	EUR	6	57	1842	131.203738212585	0	0	0	0
HDL	META	EUR	6	58	3177	112.455260038376	0	0	0	0
HDL	META	EUR	6	60	1711	1496.09368348122	0	1	1	9
HDL	META	EUR	6	63	2725	2150.13696742058	2	3	4	14
HDL	META	EUR	6	64	298	490.293595552444	4	7	7	16
HDL	META	EUR	6	68	678	11.6633319854736	0	0	0	0
HDL	META	EUR	6	69	2777	495.325807332993	0	0	1	16
HDL	META	EUR	6	71	10085	1632.24957299232	0	0	0	0
HDL	META	EUR	6	73	459	13.9307799339294	0	0	1	10
HDL	META	EUR	6	76	5101	631.985062360764	0	0	0	0
HDL	META	EUR	6	84	2529	273.916585683823	0	0	1	15
HDL	META	EUR	6	85	6251	745.787584781647	0	0	1	85
HDL	META	EUR	6	86	5993	1389.40090227127	0	0	0	0
HDL	META	EUR	6	88	8583	2114.52748775482	0	0	1	22
HDL	META	EUR	6	90	692	8.55916976928711	0	1	0	0
HDL	META	EUR	6	94	4318	355.945635795593	0	0	0	0
HDL	META	EUR	6	97	2797	410.184052228928	0	0	1	17
HDL	META	EUR	6	98	3487	486.253697633743	0	0	1	3
HDL	META	EUR	6	101	3123	437.355091810226	0	0	1	51
HDL	META	EUR	6	105	2926	152.215318441391	0	0	0	0
HDL	META	EUR	6	106	2288	307.275848150253	0	0	1	11
HDL	META	EUR	6	108	908	125.029155254364	0	0	1	5
HDL	META	EUR	6	109	2459	2067.41390872002	0	2	2	15
HDL	META	EUR	6	115	6423	1797.54795980453	0	1	2	20
HDL	META	EUR	6	116	4015	694.551894187927	0	0	1	9
HDL	META	EUR	6	117	5487	1548.85953235626	0	0	1	28
HDL	META	EUR	6	118	2402	273.664728403091	0	0	0	0
HDL	META	EUR	6	124	4335	2668.41956281662	0	3	2	7
HDL	META	EUR	6	127	2207	197.889371871948	0	0	1	19
HDL	META	EUR	6	128	3027	791.170296669006	0	0	2	15
HDL	META	EUR	6	134	2088	180.200065135956	0	0	1	14
HDL	META	EUR	6	137	1261	63.2440872192383	0	1	1	5
HDL	META	EUR	6	140	1925	103.472117900848	0	0	1	6
HDL	META	EUR	6	146	1497	159.906428575516	0	0	0	0
HDL	META	EUR	6	160	3092	3532.27964878082	0	0	2	17
HDL	META	EUR	6	161	2467	674.583547830582	0	0	1	35
HDL	META	EUR	6	164	1471	188.085448741913	0	0	0	0
HDL	META	EUR	6	167	2775	496.859304428101	0	0	0	0
HDL	META	EUR	6	168	3828	811.80788898468	0	0	0	0
HDL	META	EUR	6	169	6165	44407.8858482838	2	7	7	20
HDL	META	EUR	6	173	3068	355.078050374985	0	0	1	31
HDL	META	EUR	6	175	1886	184.382828474045	0	1	2	7
HDL	META	EUR	6	179	1770	229.773388624191	0	0	1	17
HDL	META	EUR	6	182	2301	237.815621376038	0	0	1	66
HDL	META	EUR	6	183	1540	277.405797719955	0	0	1	38
HDL	META	EUR	7	1	944	105.213818073273	0	1	0	0
HDL	META	EUR	7	3	2245	1638.53624153137	1	4	3	7
HDL	META	EUR	7	12	4770	7029.38765144348	1	3	4	44
HDL	META	EUR	7	13	1869	213.743641138077	0	0	1	9
HDL	META	EUR	7	21	664	24.2325711250305	0	0	0	0
HDL	META	EUR	7	25	3982	531.211404800415	0	0	1	11
HDL	META	EUR	7	26	3822	643.026861190796	0	0	0	0
HDL	META	EUR	7	31	2785	738.174803733826	0	0	2	44
HDL	META	EUR	7	32	3241	2388.70218896866	0	1	2	34
HDL	META	EUR	7	33	4057	1186.54120492935	0	1	2	19
HDL	META	EUR	7	37	3537	108.846755504608	0	1	0	0
HDL	META	EUR	7	39	2054	129.45180106163	0	0	1	3
HDL	META	EUR	7	40	4761	984.71995806694	0	0	0	0
HDL	META	EUR	7	42	3185	1190.36474442482	1	2	3	17
HDL	META	EUR	7	43	4179	123.158118724823	1	1	1	1
HDL	META	EUR	7	44	584	54.967529296875	0	0	0	0
HDL	META	EUR	7	45	1344	91.8392426967621	0	0	1	4
HDL	META	EUR	7	46	582	29.1300437450409	0	0	0	0
HDL	META	EUR	7	48	651	14.4730432033539	0	1	1	6
HDL	META	EUR	7	49	2078	114.371466398239	0	0	1	16
HDL	META	EUR	7	51	2152	142.543702363968	0	0	0	0
HDL	META	EUR	7	53	1314	120.288834095001	0	1	0	0
HDL	META	EUR	7	58	3206	2268.53006124496	0	1	3	33
HDL	META	EUR	7	62	1560	170.155868530273	0	1	1	16
HDL	META	EUR	7	64	260	13.1509115695953	0	0	1	14
HDL	META	EUR	7	67	7818	2408.72046995163	0	0	1	12
HDL	META	EUR	7	69	2140	443.661846160889	0	0	1	20
HDL	META	EUR	7	72	5005	1100.54576683044	0	0	0	0
HDL	META	EUR	7	73	1099	341.377019643784	0	0	2	24
HDL	META	EUR	7	74	1409	301.904700279236	0	0	0	0
HDL	META	EUR	7	82	3240	489.75890827179	0	0	0	0
HDL	META	EUR	7	85	3583	2293.3557882309	1	2	3	21
HDL	META	EUR	7	86	1233	130.639004707336	0	0	1	22
HDL	META	EUR	7	87	386	110.798610925674	0	0	1	5
HDL	META	EUR	7	88	4074	1755.15312290192	1	1	1	1
HDL	META	EUR	7	89	2630	587.709065198898	0	1	1	172
HDL	META	EUR	7	90	818	138.444178581238	0	0	0	0
HDL	META	EUR	7	92	3030	263.043879508972	0	0	1	7
HDL	META	EUR	7	93	1308	152.685808420181	0	0	1	27
HDL	META	EUR	7	94	1818	446.601374149323	0	0	0	0
HDL	META	EUR	7	95	1991	482.354387760162	0	0	0	0
HDL	META	EUR	7	99	4186	573.879031419754	0	0	0	0
HDL	META	EUR	7	101	4149	156.878156423569	0	0	1	65
HDL	META	EUR	7	107	5761	2282.3253736496	0	1	1	2
HDL	META	EUR	7	111	4103	4556.72147417068	0	3	2	19
HDL	META	EUR	7	113	3333	391.821857213974	0	1	1	21
HDL	META	EUR	7	114	4938	526.316349506378	0	0	0	0
HDL	META	EUR	7	119	2203	919.702311754227	0	0	2	76
HDL	META	EUR	7	121	5422	720.266495704651	0	0	1	15
HDL	META	EUR	7	127	1008	131.4164083004	0	0	1	9
HDL	META	EUR	7	128	1041	372.105077028275	0	0	1	12
HDL	META	EUR	7	131	6152	572.182352542877	0	0	1	7
HDL	META	EUR	7	132	6103	474.013155221939	0	0	0	0
HDL	META	EUR	7	133	6062	11140.1812908649	0	2	4	14
HDL	META	EUR	7	134	1880	185.269907951355	0	0	0	0
HDL	META	EUR	7	139	980	361.840411663055	0	0	1	4
HDL	META	EUR	7	141	4535	854.279047489166	0	0	0	0
HDL	META	EUR	7	143	1057	17.8714580535889	0	0	1	4
HDL	META	EUR	7	145	2058	328.687111854553	0	0	1	29
HDL	META	EUR	7	146	1202	89.9044961929321	0	0	0	0
HDL	META	EUR	7	147	1412	112.766030073166	0	0	0	0
HDL	META	EUR	7	160	1973	107.492897510529	0	0	1	69
HDL	META	EUR	7	161	746	104.146970510483	0	0	0	0
HDL	META	EUR	7	162	5389	12195.3907718658	0	2	3	19
HDL	META	EUR	7	164	548	78.8558149337769	0	0	1	23
HDL	META	EUR	7	184	2682	197.684005260468	0	0	0	0
HDL	META	EUR	7	187	3955	441.659894943237	0	0	0	0
HDL	META	EUR	8	13	1007	274.493139505386	0	0	1	32
HDL	META	EUR	8	17	2977	230.323562860489	0	1	1	6
HDL	META	EUR	8	20	2522	464.297034740448	0	0	0	0
HDL	META	EUR	8	21	2776	92.2591805458069	0	0	1	10
HDL	META	EUR	8	22	4739	779.083582162857	0	0	0	0
HDL	META	EUR	8	23	2500	580.578107118607	0	0	0	0
HDL	META	EUR	8	24	5390	2054.49643421173	0	0	0	0
HDL	META	EUR	8	27	2103	118.707740545273	0	1	0	0
HDL	META	EUR	8	29	5390	777.237345695496	0	0	1	9
HDL	META	EUR	8	30	1165	218.365155696869	0	0	0	0
HDL	META	EUR	8	31	672	57.9005498886108	0	2	0	0
HDL	META	EUR	8	32	3733	27035.9654932022	7	10	11	21
HDL	META	EUR	8	33	3138	10881.8880474567	8	10	9	10
HDL	META	EUR	8	34	1633	179.39288020134	0	0	0	0
HDL	META	EUR	8	35	1393	255.152671337128	0	0	0	0
HDL	META	EUR	8	36	1030	271.24613070488	0	0	2	39
HDL	META	EUR	8	37	1430	162.673633575439	0	1	1	90
HDL	META	EUR	8	39	2368	117.756998538971	0	0	1	6
HDL	META	EUR	8	40	3008	110.122866630554	0	0	1	3
HDL	META	EUR	8	42	3931	913.043015480042	0	1	1	3
HDL	META	EUR	8	46	1175	32.8073842525482	0	0	1	10
HDL	META	EUR	8	48	2796	614.234399795532	0	1	2	17
HDL	META	EUR	8	51	4306	364.332365512848	0	0	1	7
HDL	META	EUR	8	53	2454	415.997458219528	0	0	1	7
HDL	META	EUR	8	55	2255	309.029377698898	0	0	1	5
HDL	META	EUR	8	69	4924	1021.8421652317	0	0	1	19
HDL	META	EUR	8	70	5066	1212.42504239082	0	0	0	0
HDL	META	EUR	8	71	3268	272.404167413712	0	0	1	13
HDL	META	EUR	8	77	2964	265.740573167801	0	0	1	8
HDL	META	EUR	8	78	661	99.6004812717438	0	0	1	11
HDL	META	EUR	8	80	1396	96.6718835830688	0	0	0	0
HDL	META	EUR	8	81	3108	470.911647081375	0	0	1	34
HDL	META	EUR	8	84	6852	1165.73212075233	0	0	0	0
HDL	META	EUR	8	88	3369	95.6258420944214	0	0	1	13
HDL	META	EUR	8	93	4143	1139.14269709587	0	0	0	0
HDL	META	EUR	8	94	2882	333.935586452484	0	0	1	10
HDL	META	EUR	8	107	1071	218.774520635605	0	0	1	10
HDL	META	EUR	8	108	5242	5908.71005034447	0	1	2	32
HDL	META	EUR	8	109	4795	964.14422082901	0	0	1	13
HDL	META	EUR	8	110	4638	114.62248134613	0	0	0	0
HDL	META	EUR	8	112	3004	707.602023839951	0	0	0	0
HDL	META	EUR	8	113	2229	481.408568620682	0	1	2	25
HDL	META	EUR	8	115	1833	172.967208147049	0	0	1	13
HDL	META	EUR	8	118	1366	162.425427675247	1	1	2	5
HDL	META	EUR	8	119	2173	419.470117092133	0	0	1	47
HDL	META	EUR	8	124	1865	147.80822467804	0	1	1	2
HDL	META	EUR	8	125	828	5205.70882034302	4	6	7	13
HDL	META	EUR	8	127	1992	351.206146240234	0	0	0	0
HDL	META	EUR	8	130	1672	114.261039972305	0	0	0	0
HDL	META	EUR	8	159	2198	2038.7085185051	1	1	2	8
HDL	META	EUR	8	160	2066	988.597342252731	0	0	1	21
HDL	META	EUR	9	1	4451	599.764688014984	0	1	1	5
HDL	META	EUR	9	4	2700	347.330620288849	0	1	1	2
HDL	META	EUR	9	9	1939	111.543396711349	0	0	1	7
HDL	META	EUR	9	12	2308	487.224665880203	0	0	0	0
HDL	META	EUR	9	27	6999	7868.11921525002	0	2	3	41
HDL	META	EUR	9	31	3740	3413.79082608223	1	3	4	62
HDL	META	EUR	9	33	2547	471.197082996368	0	1	2	39
HDL	META	EUR	9	36	2538	458.344822406769	0	0	1	34
HDL	META	EUR	9	40	4726	963.220006227493	0	0	0	0
HDL	META	EUR	9	48	630	27.7643599510193	0	0	1	8
HDL	META	EUR	9	49	7005	774.25395154953	0	0	0	0
HDL	META	EUR	9	50	3702	287.915586948395	0	1	0	0
HDL	META	EUR	9	51	1481	86.8569624423981	0	0	1	12
HDL	META	EUR	9	53	4772	1036.41295456886	0	1	0	0
HDL	META	EUR	9	56	3387	908.114925861359	0	0	0	0
HDL	META	EUR	9	63	3966	715.283101558685	0	0	0	0
HDL	META	EUR	9	78	1209	178.312769889832	0	0	2	49
HDL	META	EUR	9	84	2430	630.264439582825	0	0	1	41
HDL	META	EUR	9	85	2700	55.5723841190338	0	0	0	0
HDL	META	EUR	9	88	2200	561.902278900146	1	1	2	14
HDL	META	EUR	9	91	1831	372.801124095917	0	0	0	0
HDL	META	EUR	9	92	511	36.809014081955	0	0	0	0
HDL	META	EUR	9	93	3084	335.034992694855	0	0	0	0
HDL	META	EUR	9	97	1400	211.88582444191	0	0	1	28
HDL	META	EUR	9	98	4022	631.819963693619	0	0	1	30
HDL	META	EUR	9	100	3623	638.714514493942	0	0	0	0
HDL	META	EUR	9	102	3684	672.911409139633	0	0	1	23
HDL	META	EUR	9	103	972	162.665904283524	0	0	0	0
HDL	META	EUR	9	104	1166	259.00926733017	0	0	0	0
HDL	META	EUR	9	105	832	84.4708802700043	0	0	0	0
HDL	META	EUR	9	106	3610	315.612946033478	0	1	0	0
HDL	META	EUR	9	107	939	71.3289334774017	0	1	0	0
HDL	META	EUR	9	109	4374	541.59850025177	0	0	0	0
HDL	META	EUR	9	110	4425	6030.46298122406	8	11	11	14
HDL	META	EUR	9	111	194	656.931370973587	7	10	9	15
HDL	META	EUR	9	112	4250	28424.2857582569	7	9	9	11
HDL	META	EUR	9	113	2331	139.542737960815	0	1	0	0
HDL	META	EUR	9	114	1532	36.798680305481	0	1	1	2
HDL	META	EUR	9	115	4421	1233.4736328125	0	0	0	0
HDL	META	EUR	9	116	2340	115.606451272964	0	1	1	3
HDL	META	EUR	9	118	5303	752.350251674652	0	1	2	13
HDL	META	EUR	9	124	2007	437.405795812607	0	2	2	7
HDL	META	EUR	9	129	2924	338.20799612999	0	0	1	13
HDL	META	EUR	9	130	3032	207.878577470779	0	0	0	0
HDL	META	EUR	9	134	4985	5973.5343644619	0	0	2	60
HDL	META	EUR	9	136	2427	378.772243261337	0	0	1	7
HDL	META	EUR	9	138	3792	1234.00035858154	0	0	2	79
HDL	META	EUR	9	140	5250	712.260808467865	0	0	1	18
HDL	META	EUR	9	141	739	67.233891248703	0	0	1	14
HDL	META	EUR	9	144	2015	141.138728141785	0	0	1	9
HDL	META	EUR	9	148	1469	19.0031261444092	0	0	1	10
HDL	META	EUR	9	149	1825	414.417799472809	0	0	1	4
HDL	META	EUR	9	152	589	32.3728811740875	0	0	1	39
HDL	META	EUR	9	153	206	4.11442255973816	0	0	1	5
HDL	META	EUR	9	154	967	119.532559871674	0	0	1	14
HDL	META	EUR	9	156	1897	85.9727857112885	0	1	0	0
HDL	META	EUR	9	162	1639	287.462863683701	0	0	0	0
HDL	META	EUR	10	1	3271	460.046083927155	0	0	0	0
HDL	META	EUR	10	9	248	6.60633587837219	0	0	1	5
HDL	META	EUR	10	11	1059	65.773152589798	0	0	1	26
HDL	META	EUR	10	13	2339	204.97261929512	0	0	1	15
HDL	META	EUR	10	14	3294	414.67798614502	0	0	0	0
HDL	META	EUR	10	20	138	21.834596157074	1	1	1	1
HDL	META	EUR	10	22	2727	119.247362613678	0	1	0	0
HDL	META	EUR	10	23	653	46.2720816135406	0	1	2	11
HDL	META	EUR	10	33	2094	252.740741252899	0	0	2	48
HDL	META	EUR	10	40	1635	161.797302961349	0	0	1	54
HDL	META	EUR	10	43	2325	941.489272594452	0	0	1	6
HDL	META	EUR	10	46	3651	419.591679573059	0	0	1	14
HDL	META	EUR	10	48	4039	620.42201757431	0	0	0	0
HDL	META	EUR	10	49	2603	466.298057794571	0	0	0	0
HDL	META	EUR	10	52	3648	379.069516420364	0	0	0	0
HDL	META	EUR	10	54	5918	754.789079189301	0	0	0	0
HDL	META	EUR	10	60	4217	3655.04354572296	0	1	2	16
HDL	META	EUR	10	61	1598	543.499511241913	0	2	1	6
HDL	META	EUR	10	64	693	132.215683937073	0	0	0	0
HDL	META	EUR	10	67	1884	349.769203186035	0	1	2	16
HDL	META	EUR	10	68	2005	100.861426353455	0	0	0	0
HDL	META	EUR	10	70	3314	2149.70842933655	0	2	2	6
HDL	META	EUR	10	79	3565	1792.98320579529	1	1	1	1
HDL	META	EUR	10	80	3766	974.196122407913	0	1	1	8
HDL	META	EUR	10	81	3855	286.947596073151	0	1	1	5
HDL	META	EUR	10	83	3132	230.373018980026	0	0	0	0
HDL	META	EUR	10	85	1078	70.6380708217621	0	1	1	4
HDL	META	EUR	10	87	1892	249.461806297302	0	0	1	23
HDL	META	EUR	10	92	5114	13244.3901259899	0	1	3	27
HDL	META	EUR	10	93	1039	128.446478128433	0	0	1	32
HDL	META	EUR	10	100	1074	1176.33392548561	0	0	3	31
HDL	META	EUR	10	101	2711	246.731567144394	0	1	0	0
HDL	META	EUR	10	109	3316	443.660152435303	0	0	1	12
HDL	META	EUR	10	113	2676	474.984362125397	0	0	0	0
HDL	META	EUR	10	117	4409	29340.2931017876	2	4	5	37
HDL	META	EUR	10	124	840	26.7827889919281	0	0	1	7
HDL	META	EUR	10	126	3675	769.189762830734	0	0	1	3
HDL	META	EUR	10	127	1162	179.236111402512	1	1	2	17
HDL	META	EUR	10	128	314	63.5842249393463	1	1	1	1
HDL	META	EUR	10	129	4784	1864.47528243065	0	0	1	34
HDL	META	EUR	10	130	1465	137.710847377777	0	0	0	0
HDL	META	EUR	10	137	3698	714.427591323853	0	1	1	6
HDL	META	EUR	10	138	715	193.338071346283	1	2	2	5
HDL	META	EUR	10	140	912	697.516813993454	0	1	3	20
HDL	META	EUR	10	141	1939	305.434006214142	0	0	0	0
HDL	META	EUR	10	142	1200	561.565095186234	0	1	2	8
HDL	META	EUR	10	143	3421	479.731407165527	0	0	0	0
HDL	META	EUR	10	144	1463	123.731198549271	0	0	1	7
HDL	META	EUR	10	145	1409	1000.39976930618	0	1	1	9
HDL	META	EUR	10	150	3128	532.115566253662	0	0	0	0
HDL	META	EUR	10	152	2179	2901.48507404327	0	1	3	21
HDL	META	EUR	10	153	2430	192.01277422905	0	0	0	0
HDL	META	EUR	10	154	5118	346.730043888092	0	0	0	0
HDL	META	EUR	10	157	1932	655.072076559067	0	0	2	31
HDL	META	EUR	10	162	1815	72.4286632537842	0	1	1	3
HDL	META	EUR	10	167	604	28.1731667518616	0	0	1	15
HDL	META	EUR	11	2	2424	2580.53423237801	1	3	2	3
HDL	META	EUR	11	4	1623	237.31428527832	0	0	0	0
HDL	META	EUR	11	6	413	25.0652072429657	0	0	0	0
HDL	META	EUR	11	7	1406	603.834555625916	1	3	3	7
HDL	META	EUR	11	11	3016	195.444215297699	0	0	0	0
HDL	META	EUR	11	18	5813	1157.00754117966	0	1	1	2
HDL	META	EUR	11	19	1267	120.591419935226	0	0	1	6
HDL	META	EUR	11	26	990	12.5295331478119	0	1	1	2
HDL	META	EUR	11	27	2571	749.115798473358	0	1	1	2
HDL	META	EUR	11	28	2051	5173.41273617744	1	2	4	46
HDL	META	EUR	11	29	1378	41.3822000026703	0	1	0	0
HDL	META	EUR	11	30	1844	91.7952406406403	0	0	1	9
HDL	META	EUR	11	33	2365	612.872268676758	0	0	1	10
HDL	META	EUR	11	51	2630	324.971535682678	0	0	1	19
HDL	META	EUR	11	52	1538	243.103165149689	0	0	1	8
HDL	META	EUR	11	53	3126	474.276470422745	0	0	1	15
HDL	META	EUR	11	54	2341	287.22315621376	0	0	1	46
HDL	META	EUR	11	57	2378	1315.06965279579	0	0	2	27
HDL	META	EUR	11	65	2237	131.606559038162	0	0	1	10
HDL	META	EUR	11	70	4378	522.645090579987	0	0	1	12
HDL	META	EUR	11	75	1733	382.846558094025	1	1	1	1
HDL	META	EUR	11	76	2126	2176.71436524391	1	3	4	17
HDL	META	EUR	11	77	2080	208.064546823502	0	0	1	16
HDL	META	EUR	11	78	2159	942.797515630722	1	1	2	13
HDL	META	EUR	11	79	4651	11245.4493553638	1	5	5	35
HDL	META	EUR	11	80	3140	7502.47164535522	1	3	3	39
HDL	META	EUR	11	81	2086	440.10636472702	0	1	1	9
HDL	META	EUR	11	86	2976	479.029990673065	0	0	1	25
HDL	META	EUR	11	88	3284	11193.4821350574	0	1	4	51
HDL	META	EUR	11	89	487	27.5027256011963	0	0	1	13
HDL	META	EUR	11	90	4910	571.016431808472	0	0	1	6
HDL	META	EUR	11	100	3008	637.791188955307	0	0	0	0
HDL	META	EUR	11	107	1153	35.2772619724274	0	0	1	3
HDL	META	EUR	11	108	971	167.227574586868	0	1	0	0
HDL	META	EUR	11	109	886	70.6536195278168	0	1	0	0
HDL	META	EUR	11	115	3059	435.658930540085	0	1	1	13
HDL	META	EUR	11	117	5103	744.877614498138	0	0	1	13
HDL	META	EUR	11	121	2578	463.175237894058	0	0	1	10
HDL	META	EUR	11	123	1498	189.627354383469	0	0	1	31
HDL	META	EUR	11	126	5288	861.786878585815	0	0	0	0
HDL	META	EUR	11	128	405	437.062920331955	2	4	3	9
HDL	META	EUR	11	129	2561	11239.665030241	8	11	10	13
HDL	META	EUR	11	130	1344	1327.75701332092	5	5	6	8
HDL	META	EUR	11	131	349	25.9912028312683	0	1	0	0
HDL	META	EUR	11	132	937	123.999574661255	0	0	0	0
HDL	META	EUR	11	133	2265	2591.98732495308	0	3	2	8
HDL	META	EUR	11	134	3392	165.273737192154	0	0	1	3
HDL	META	EUR	11	138	1575	92.7299628257751	0	0	0	0
HDL	META	EUR	11	140	1444	59.2302696704865	0	1	1	4
HDL	META	EUR	11	141	516	19.4472312927246	0	1	0	0
HDL	META	EUR	11	142	3187	448.356871128082	0	1	2	10
HDL	META	EUR	11	147	5013	15420.7342922688	0	3	3	42
HDL	META	EUR	11	148	1762	282.342781066895	0	0	0	0
HDL	META	EUR	11	149	4262	349.817997932434	0	1	0	0
HDL	META	EUR	12	4	1517	134.541817188263	0	0	1	8
HDL	META	EUR	12	8	897	67.2310733795166	0	1	0	0
HDL	META	EUR	12	9	302	77.0390286445618	1	1	1	1
HDL	META	EUR	12	12	975	40.7732014656067	0	1	0	0
HDL	META	EUR	12	17	1119	1425.46391439438	1	4	3	13
HDL	META	EUR	12	18	2192	1513.17928695679	0	1	3	17
HDL	META	EUR	12	23	2982	289.732510566711	1	1	2	7
HDL	META	EUR	12	24	764	11.6666805744171	0	0	0	0
HDL	META	EUR	12	25	2903	396.638401508331	0	0	0	0
HDL	META	EUR	12	31	755	35.6256639957428	0	1	1	2
HDL	META	EUR	12	32	3018	330.360226869583	0	0	0	0
HDL	META	EUR	12	34	2015	97.776052236557	0	1	0	0
HDL	META	EUR	12	35	964	161.062704324722	0	0	1	52
HDL	META	EUR	12	36	1062	189.98472905159	0	0	0	0
HDL	META	EUR	12	38	3517	667.053005933762	0	0	0	0
HDL	META	EUR	12	40	1522	478.408009052277	2	2	2	2
HDL	META	EUR	12	41	928	132.480360031128	0	1	2	9
HDL	META	EUR	12	42	4741	567.568155765533	0	0	0	0
HDL	META	EUR	12	45	2375	419.581246614456	0	0	0	0
HDL	META	EUR	12	48	2951	172.267711639404	0	1	1	7
HDL	META	EUR	12	49	3281	715.473570585251	0	0	0	0
HDL	META	EUR	12	53	3632	470.885981321335	0	0	0	0
HDL	META	EUR	12	59	3440	517.075649738312	0	0	0	0
HDL	META	EUR	12	60	1719	40.0900254249573	0	1	0	0
HDL	META	EUR	12	61	1971	56.5996108055115	0	0	0	0
HDL	META	EUR	12	62	2153	1799.74215579033	0	3	4	33
HDL	META	EUR	12	63	2247	511.663623809814	0	0	1	11
HDL	META	EUR	12	66	2834	206.898205041885	0	0	1	6
HDL	META	EUR	12	67	1408	794.007846355438	0	2	1	65
HDL	META	EUR	12	68	1050	51.3884146213531	0	0	1	9
HDL	META	EUR	12	69	2632	621.865263938904	0	0	0	0
HDL	META	EUR	12	70	1294	210.286252260208	0	1	1	7
HDL	META	EUR	12	71	3287	15044.5635325909	1	4	5	36
HDL	META	EUR	12	72	9077	903.732824325562	0	0	1	7
HDL	META	EUR	12	73	2784	320.49814748764	0	0	1	13
HDL	META	EUR	12	77	1714	306.460295677185	0	0	1	31
HDL	META	EUR	12	80	3777	481.410838365555	0	0	1	35
HDL	META	EUR	12	81	673	18.2771117687225	0	0	1	8
HDL	META	EUR	12	82	3219	845.229830741882	0	0	1	45
HDL	META	EUR	12	94	3700	827.683320999146	0	0	1	80
HDL	META	EUR	12	96	1819	200.239343166351	0	2	0	0
HDL	META	EUR	12	97	4434	783.086947441101	0	0	0	0
HDL	META	EUR	12	100	1641	120.905120849609	0	0	1	17
HDL	META	EUR	12	103	491	9.47296285629272	0	0	1	8
HDL	META	EUR	12	108	2704	146.034857988358	0	0	0	0
HDL	META	EUR	12	110	3789	504.381714105606	0	0	0	0
HDL	META	EUR	12	112	429	55.7246403694153	0	2	2	18
HDL	META	EUR	12	119	5292	1134.81574368477	0	0	1	8
HDL	META	EUR	12	120	1487	107.890174150467	0	0	1	9
HDL	META	EUR	12	121	2016	563.301792860031	0	0	1	7
HDL	META	EUR	12	122	4139	1627.29513525963	2	3	2	2
HDL	META	EUR	12	123	1543	174.013397932053	0	1	1	2
HDL	META	EUR	12	125	2996	549.00811123848	0	0	2	15
HDL	META	EUR	12	129	2090	391.763481616974	0	0	1	20
HDL	META	EUR	12	132	2535	773.986131429672	1	1	2	17
HDL	META	EUR	12	138	4467	152.904050827026	0	2	1	2
HDL	META	EUR	12	139	6082	51533.0296373367	4	10	10	24
HDL	META	EUR	12	140	1247	2713.50187420845	7	8	7	7
HDL	META	EUR	12	141	1741	9561.72754335403	5	9	10	17
HDL	META	EUR	12	154	656	14.4375147819519	0	1	1	4
HDL	META	EUR	12	156	774	136.440984249115	0	0	0	0
HDL	META	EUR	12	163	1050	97.2812871932983	0	2	1	2
HDL	META	EUR	13	1	3175	76.9132609367371	0	1	0	0
HDL	META	EUR	13	8	2491	84.6560518741608	0	0	1	13
HDL	META	EUR	13	16	2501	199.646374702454	0	0	1	16
HDL	META	EUR	13	18	882	171.740351200104	1	1	2	5
HDL	META	EUR	13	20	2400	41.9914317131042	0	0	0	0
HDL	META	EUR	13	21	3342	77.2058577537537	0	0	1	7
HDL	META	EUR	13	23	1008	160.558217048645	0	0	1	21
HDL	META	EUR	13	25	1238	31.4530808925629	0	0	1	15
HDL	META	EUR	13	38	643	53.0798242092133	0	0	1	27
HDL	META	EUR	13	40	1990	249.189964056015	0	1	1	5
HDL	META	EUR	13	45	2387	222.199818611145	0	0	1	12
HDL	META	EUR	13	47	1535	236.308356046677	0	0	1	29
HDL	META	EUR	13	50	4969	1490.33839535713	0	1	2	23
HDL	META	EUR	13	52	3387	332.240267515182	0	0	1	7
HDL	META	EUR	13	54	8443	5431.90300726891	0	0	2	60
HDL	META	EUR	13	55	3715	1235.41647720337	0	0	1	68
HDL	META	EUR	13	57	6670	1071.00086283684	0	0	0	0
HDL	META	EUR	13	58	4825	376.231214761734	0	1	1	22
HDL	META	EUR	13	60	2968	728.022855758667	0	0	0	0
HDL	META	EUR	13	61	1686	255.540859222412	0	0	0	0
HDL	META	EUR	13	70	2949	482.484989881516	0	1	0	0
HDL	META	EUR	13	72	2215	351.08411860466	0	0	0	0
HDL	META	EUR	13	73	2808	253.404147148132	0	0	1	26
HDL	META	EUR	13	80	982	34.7410528659821	0	0	1	4
HDL	META	EUR	13	82	2535	276.360348463058	0	0	1	24
HDL	META	EUR	13	88	1109	48.7264742851257	0	0	1	27
HDL	META	EUR	13	94	2879	483.726366519928	0	0	0	0
HDL	META	EUR	13	96	1137	10.3722033500671	0	1	1	2
HDL	META	EUR	13	111	908	154.141401052475	1	1	1	1
HDL	META	EUR	13	119	3049	326.705677747726	0	0	1	20
HDL	META	EUR	13	124	376	105.060047149658	1	1	1	1
HDL	META	EUR	13	125	2479	547.138093709946	0	1	1	5
HDL	META	EUR	14	1	1791	68.2240245342255	0	1	0	0
HDL	META	EUR	14	6	686	73.8538904190063	0	0	1	21
HDL	META	EUR	14	14	4239	594.525284528732	0	0	1	11
HDL	META	EUR	14	19	2942	490.683832406998	0	1	2	12
HDL	META	EUR	14	24	1240	151.040527105331	1	1	2	12
HDL	META	EUR	14	31	3481	265.462515115738	0	0	0	0
HDL	META	EUR	14	35	3540	310.199866294861	0	0	0	0
HDL	META	EUR	14	46	1828	1230.41984939575	0	2	3	18
HDL	META	EUR	14	47	3133	242.310272216797	0	0	1	49
HDL	META	EUR	14	49	1634	45.2988216876984	0	1	0	0
HDL	META	EUR	14	64	1369	77.1837270259857	0	0	1	28
HDL	META	EUR	14	67	2982	626.246688842773	1	1	2	10
HDL	META	EUR	14	68	2190	215.371116638184	0	0	1	17
HDL	META	EUR	14	70	3586	736.216588258743	0	1	0	0
HDL	META	EUR	14	72	4150	587.64342880249	0	1	1	2
HDL	META	EUR	14	73	2056	549.817183971405	0	0	1	25
HDL	META	EUR	14	80	644	22.1278486251831	0	0	1	7
HDL	META	EUR	14	81	3697	246.182265996933	0	0	1	43
HDL	META	EUR	14	84	1300	258.220808982849	0	1	1	13
HDL	META	EUR	14	86	2012	145.425491571426	0	0	2	14
HDL	META	EUR	14	93	2999	595.42721414566	0	0	0	0
HDL	META	EUR	14	95	1061	151.222764968872	0	0	1	4
HDL	META	EUR	14	97	1995	127.603704929352	0	0	0	0
HDL	META	EUR	14	100	2770	420.966000318527	0	0	1	27
HDL	META	EUR	14	103	3020	555.004288434982	0	0	0	0
HDL	META	EUR	14	117	2379	238.004287004471	0	0	0	0
HDL	META	EUR	14	121	3164	2820.69773721695	0	0	2	23
HDL	META	EUR	14	122	909	78.2452850341797	0	0	0	0
HDL	META	EUR	14	126	3870	902.070027351379	0	0	1	26
HDL	META	EUR	14	128	1456	128.636475324631	0	1	0	0
HDL	META	EUR	14	129	1575	3407.9049808979	1	4	5	20
HDL	META	EUR	15	4	667	10.6081502437592	0	0	1	7
HDL	META	EUR	15	10	1160	43.0220859050751	0	0	1	15
HDL	META	EUR	15	22	3737	189.184469223022	0	1	1	2
HDL	META	EUR	15	27	1360	220.168781995773	0	0	0	0
HDL	META	EUR	15	28	2094	256.309038877487	0	0	1	61
HDL	META	EUR	15	29	1580	115.347489356995	0	0	0	0
HDL	META	EUR	15	31	5061	1040.26151394844	0	1	0	0
HDL	META	EUR	15	34	869	24.8796980381012	0	0	1	8
HDL	META	EUR	15	35	2527	169.490969657898	0	1	1	17
HDL	META	EUR	15	37	3613	1065.18454408646	0	2	2	9
HDL	META	EUR	15	38	3974	683.134672880173	0	1	2	119
HDL	META	EUR	15	39	2799	51.0727241039276	0	1	0	0
HDL	META	EUR	15	40	827	76.9830152988434	0	0	1	32
HDL	META	EUR	15	41	2966	169.386295557022	0	0	0	0
HDL	META	EUR	15	45	6260	13869.0041394234	1	1	3	67
HDL	META	EUR	15	46	1860	101.732029438019	0	1	0	0
HDL	META	EUR	15	48	5608	748.322697877884	0	0	0	0
HDL	META	EUR	15	50	2806	4411.35182499886	0	1	2	78
HDL	META	EUR	15	51	2103	776.531707286835	0	1	1	4
HDL	META	EUR	15	52	2006	9691.73290848732	8	11	11	15
HDL	META	EUR	15	53	388	418.214609861374	7	11	8	9
HDL	META	EUR	15	54	2144	30807.7989521027	4	11	6	15
HDL	META	EUR	15	55	1288	523.667709827423	0	1	1	29
HDL	META	EUR	15	56	2319	262.83230805397	0	0	0	0
HDL	META	EUR	15	59	4793	1708.95069003105	0	1	2	10
HDL	META	EUR	15	62	5497	18440.2566361427	0	2	4	41
HDL	META	EUR	15	64	1729	578.841802835464	0	1	1	10
HDL	META	EUR	15	66	2999	762.979912519455	0	0	1	14
HDL	META	EUR	15	70	1353	157.358048200607	0	0	0	0
HDL	META	EUR	15	71	174	13.8887941837311	0	1	1	5
HDL	META	EUR	15	73	1194	95.3794538974762	0	0	1	28
HDL	META	EUR	15	76	5570	534.466302156448	0	0	0	0
HDL	META	EUR	15	79	3313	202.24090385437	0	0	0	0
HDL	META	EUR	15	86	2018	318.017610788345	0	1	1	13
HDL	META	EUR	15	88	1595	79.7406837940216	0	0	0	0
HDL	META	EUR	15	90	2287	309.988426685333	0	0	0	0
HDL	META	EUR	15	98	1314	83.7054252624512	0	0	0	0
HDL	META	EUR	15	102	2324	247.408178567886	0	0	1	4
HDL	META	EUR	15	108	952	7.07087993621826	0	1	1	2
HDL	META	EUR	15	111	1688	155.08925151825	0	0	1	25
HDL	META	EUR	15	117	1037	104.99758887291	0	0	1	15
HDL	META	EUR	15	118	695	28.6181337833405	0	1	1	2
HDL	META	EUR	16	2	830	205.279340982437	0	1	1	2
HDL	META	EUR	16	4	3070	117.085995197296	0	0	1	9
HDL	META	EUR	16	5	1217	452.872446775436	1	3	2	3
HDL	META	EUR	16	7	2010	213.410619258881	0	0	2	13
HDL	META	EUR	16	9	2853	883.211217403412	0	0	1	34
HDL	META	EUR	16	10	1551	155.944344043732	0	0	0	0
HDL	META	EUR	16	30	181	17.8593671321869	0	0	1	25
HDL	META	EUR	16	31	2652	709.209555625916	0	2	1	2
HDL	META	EUR	16	33	4303	719.715142250061	0	0	2	12
HDL	META	EUR	16	37	3195	59.3627736568451	0	1	1	2
HDL	META	EUR	16	41	2204	227.525861263275	0	0	1	15
HDL	META	EUR	16	42	254	8.04766178131104	0	0	1	15
HDL	META	EUR	16	43	1971	222.5225481987	0	0	0	0
HDL	META	EUR	16	47	1842	276.53268122673	0	0	1	33
HDL	META	EUR	16	49	1903	178.454040527344	0	0	1	22
HDL	META	EUR	16	52	2233	328.833976268768	0	0	0	0
HDL	META	EUR	16	57	465	89.8471529483795	0	1	1	44
HDL	META	EUR	16	58	1467	180.189202785492	0	0	1	60
HDL	META	EUR	16	59	1749	2545.23218083382	1	2	3	52
HDL	META	EUR	16	62	1745	89.0521352291107	0	0	1	7
HDL	META	EUR	16	65	1652	187.123975753784	0	1	1	3
HDL	META	EUR	16	67	1206	40.8466112613678	0	1	0	0
HDL	META	EUR	16	68	1899	664.845148801804	0	0	1	14
HDL	META	EUR	16	69	1354	95.8290405273438	0	0	0	0
HDL	META	EUR	16	73	1544	96.832319021225	0	1	0	0
HDL	META	EUR	16	74	509	368.204807758331	2	3	2	2
HDL	META	EUR	16	75	3134	2331.2239844799	8	11	10	13
HDL	META	EUR	16	76	2149	1006.67545175552	11	11	11	11
HDL	META	EUR	16	77	808	133.731672048569	0	2	0	0
HDL	META	EUR	16	79	1389	192.932878494263	0	0	1	6
HDL	META	EUR	16	86	1334	35.9274153709412	0	2	1	3
HDL	META	EUR	16	87	321	38.1412825584412	0	1	1	2
HDL	META	EUR	16	88	5293	5609.17383694649	7	10	10	16
HDL	META	EUR	16	89	6671	32842.1036014557	1	4	4	31
HDL	META	EUR	16	91	1637	158.109100818634	0	1	1	2
HDL	META	EUR	16	93	4997	4948.8584215641	0	0	3	86
HDL	META	EUR	16	94	5723	3512.35926198959	0	2	2	17
HDL	META	EUR	16	103	7032	369.256405353546	0	1	1	2
HDL	META	EUR	16	104	2122	1032.09299063683	1	2	2	10
HDL	META	EUR	16	105	1820	185.083439350128	0	0	0	0
HDL	META	EUR	16	106	3134	418.744495868683	0	0	0	0
HDL	META	EUR	16	107	2471	379.084141969681	0	0	0	0
HDL	META	EUR	16	111	1768	413.781379938126	0	0	0	0
HDL	META	EUR	16	114	1372	327.748020172119	1	1	1	1
HDL	META	EUR	16	116	1807	2392.97715139389	1	1	2	7
HDL	META	EUR	16	125	1612	406.481424808502	0	1	1	17
HDL	META	EUR	16	126	388	7.50825595855713	0	0	1	5
HDL	META	EUR	16	128	5548	937.374773025513	0	0	0	0
HDL	META	EUR	17	3	1773	259.298768758774	0	0	1	8
HDL	META	EUR	17	7	1273	114.464671850204	0	0	1	28
HDL	META	EUR	17	9	3294	776.172938108444	0	1	1	7
HDL	META	EUR	17	14	1673	112.21887421608	0	0	1	5
HDL	META	EUR	17	23	1110	643.962327718735	0	2	3	30
HDL	META	EUR	17	24	2006	1818.90538954735	3	5	3	3
HDL	META	EUR	17	25	1995	254.531358003616	0	0	1	10
HDL	META	EUR	17	30	432	16.4345369338989	0	0	1	10
HDL	META	EUR	17	49	1291	30.288090467453	0	1	0	0
HDL	META	EUR	17	51	4130	13506.8109436035	0	2	3	45
HDL	META	EUR	17	55	5203	3698.71274447441	1	2	3	96
HDL	META	EUR	17	66	391	45.1779050827026	0	0	1	32
HDL	META	EUR	17	68	1461	75.6806809902191	0	0	0	0
HDL	META	EUR	17	71	2409	6612.58905720711	1	2	4	50
HDL	META	EUR	17	72	2611	323.488484859467	0	1	0	0
HDL	META	EUR	17	73	3959	36952.2235319614	5	8	7	12
HDL	META	EUR	17	74	4598	23265.1537897587	3	3	4	19
HDL	META	EUR	17	75	3634	6175.04573965073	0	1	3	40
HDL	META	EUR	17	76	1917	446.33479809761	0	0	1	36
HDL	META	EUR	17	78	715	9.38394236564636	0	0	0	0
HDL	META	EUR	17	85	3150	513.027848720551	0	1	1	2
HDL	META	EUR	17	87	1465	133.43418264389	0	0	1	5
HDL	META	EUR	17	90	3772	1436.64046049118	0	1	3	78
HDL	META	EUR	17	93	2340	30.6285517215729	0	1	0	0
HDL	META	EUR	17	94	2246	964.796997308731	0	0	0	0
HDL	META	EUR	17	97	3242	575.010915756226	0	0	0	0
HDL	META	EUR	17	98	1706	491.214107275009	1	1	2	53
HDL	META	EUR	17	99	385	10.8390550613403	0	0	1	4
HDL	META	EUR	17	100	1809	239.763030767441	0	1	1	27
HDL	META	EUR	17	101	1406	347.017953395844	1	2	3	11
HDL	META	EUR	17	102	999	1410.5692346096	1	2	4	53
HDL	META	EUR	17	103	1252	55.1243689060211	1	2	1	1
HDL	META	EUR	17	105	2163	184.453365564346	0	0	1	15
HDL	META	EUR	17	108	419	9.29636454582214	0	0	1	5
HDL	META	EUR	17	109	576	79.4291279315948	0	0	1	9
HDL	META	EUR	17	117	2272	461.177798748016	0	0	1	22
HDL	META	EUR	17	118	2133	2300.6812889576	0	0	3	42
HDL	META	EUR	17	125	3142	4091.63138484955	0	0	3	59
HDL	META	EUR	17	133	1824	354.517591953278	0	1	1	5
HDL	META	EUR	18	1	1234	345.329413890839	0	1	2	41
HDL	META	EUR	18	7	2022	134.064118862152	1	1	1	1
HDL	META	EUR	18	8	1756	165.89902472496	0	0	1	11
HDL	META	EUR	18	27	865	66.1114296913147	0	0	1	18
HDL	META	EUR	18	28	2098	170.865098237991	0	0	0	0
HDL	META	EUR	18	39	4240	674.205383300781	0	0	0	0
HDL	META	EUR	18	41	4561	1823.91839599609	0	0	2	75
HDL	META	EUR	18	42	3062	2260.61307024956	0	1	2	28
HDL	META	EUR	18	44	2337	384.219213724136	0	0	1	7
HDL	META	EUR	18	46	2977	107.041746139526	0	1	0	0
HDL	META	EUR	18	49	3843	396.628642082214	0	0	1	22
HDL	META	EUR	18	52	2264	128.191100597382	0	0	1	5
HDL	META	EUR	18	53	3181	534.97065615654	0	0	1	20
HDL	META	EUR	18	58	3410	393.142241716385	0	0	1	42
HDL	META	EUR	18	59	4288	460.963132858276	0	0	0	0
HDL	META	EUR	18	60	3711	509.910552740097	0	0	1	15
HDL	META	EUR	18	61	3389	865.122842311859	0	1	1	8
HDL	META	EUR	18	62	3562	95.0190498828888	0	0	0	0
HDL	META	EUR	18	65	3226	605.373780012131	0	0	0	0
HDL	META	EUR	18	66	1020	15.4489967823029	0	1	0	0
HDL	META	EUR	18	67	1403	193.375807762146	0	1	0	0
HDL	META	EUR	18	68	409	12.4713151454926	1	1	1	1
HDL	META	EUR	18	69	5202	10101.7307620049	7	9	10	17
HDL	META	EUR	18	73	3911	1238.07680058479	0	1	2	58
HDL	META	EUR	18	74	5055	723.352509021759	0	0	0	0
HDL	META	EUR	18	76	2336	152.815842628479	0	1	0	0
HDL	META	EUR	18	79	1075	430.146287441254	1	2	1	1
HDL	META	EUR	18	80	2034	221.072742462158	1	1	1	1
HDL	META	EUR	18	82	4194	4474.83800387383	0	2	3	39
HDL	META	EUR	18	84	748	36.4901828765869	0	0	1	19
HDL	META	EUR	18	86	123	17.1335110664368	1	1	1	1
HDL	META	EUR	19	5	267	54.2372846603394	0	1	1	2
HDL	META	EUR	19	6	1464	73.2881741523743	0	1	1	4
HDL	META	EUR	19	10	1010	116.259561300278	0	0	1	49
HDL	META	EUR	19	11	1552	228.670821905136	0	0	0	0
HDL	META	EUR	19	12	928	405.637891292572	0	1	1	56
HDL	META	EUR	19	16	820	90.146721124649	1	2	1	1
HDL	META	EUR	19	19	645	489.860221624374	2	4	2	2
HDL	META	EUR	19	22	2391	596.171322345734	0	1	1	12
HDL	META	EUR	19	25	1601	56.041825056076	0	0	1	12
HDL	META	EUR	19	29	1371	441.916733503342	2	2	3	15
HDL	META	EUR	19	30	1224	491.082999229431	0	1	2	18
HDL	META	EUR	19	32	1781	5551.91513848305	2	5	4	7
HDL	META	EUR	19	33	801	1166.67716145515	1	3	5	13
HDL	META	EUR	19	34	815	9.97934579849243	1	2	2	3
HDL	META	EUR	19	37	2554	8486.5822622776	1	4	4	43
HDL	META	EUR	19	38	605	477.199956655502	1	2	3	11
HDL	META	EUR	19	39	3506	383.219601392746	0	0	0	0
HDL	META	EUR	19	47	1903	256.198917388916	0	0	1	7
HDL	META	EUR	19	50	469	4.74887609481812	0	0	1	12
HDL	META	EUR	19	51	1314	71.639532327652	0	0	1	10
HDL	META	EUR	19	52	1628	370.346861600876	2	2	3	13
HDL	META	EUR	19	57	2419	441.524934053421	0	0	0	0
HDL	META	EUR	19	58	1382	67.3240239620209	0	0	1	34
HDL	META	EUR	19	61	2658	503.832270860672	0	0	0	0
HDL	META	EUR	19	63	1427	3250.78888726234	2	6	7	26
HDL	META	EUR	19	64	3913	467.57989525795	0	0	1	16
HDL	META	EUR	19	67	5918	3845.56979846954	0	0	1	46
HDL	META	EUR	19	68	1415	157.361449956894	0	0	0	0
HDL	META	EUR	19	70	1840	88.0409066677094	0	0	1	3
HDL	META	EUR	19	71	334	41.6047880649567	0	1	2	24
HDL	META	EUR	19	73	489	55.2514624595642	1	1	2	14
HDL	META	EUR	19	74	2881	2555.46862673759	4	6	4	4
HDL	META	EUR	19	75	744	1031.20667648315	7	9	8	9
HDL	META	EUR	19	76	2848	9412.45627212524	6	10	10	17
HDL	META	EUR	19	77	5009	14823.3552575111	2	2	5	25
HDL	META	EUR	19	79	1546	138.706714391708	0	0	1	12
HDL	META	EUR	19	80	855	44.450902223587	0	1	0	0
HDL	META	EUR	19	81	2043	797.255250930786	0	1	2	10
HDL	META	EUR	19	89	1149	108.425670146942	0	0	0	0
HDL	META	EUR	19	90	2443	1190.95719575882	0	2	2	5
HDL	META	EUR	19	93	877	8.04756093025208	0	1	1	2
HDL	META	EUR	19	94	1710	25.5784342288971	0	0	1	4
HDL	META	EUR	19	98	1051	507.762335062027	3	4	4	5
HDL	META	EUR	19	104	1416	117.976493120193	0	0	1	14
HDL	META	EUR	19	109	342	11.3278298377991	0	0	1	6
HDL	META	EUR	20	1	869	7.00137543678284	0	1	0	0
HDL	META	EUR	20	2	1188	41.1661536693573	1	4	1	1
HDL	META	EUR	20	3	456	3.58908009529114	0	1	0	0
HDL	META	EUR	20	11	1017	143.633872032166	0	0	1	20
HDL	META	EUR	20	22	1291	86.3735837936401	0	1	0	0
HDL	META	EUR	20	23	390	39.4064600467682	0	0	1	9
HDL	META	EUR	20	24	337	21.7790377140045	0	0	0	0
HDL	META	EUR	20	29	2018	207.040344715118	0	0	0	0
HDL	META	EUR	20	40	1545	26.5678014755249	0	0	1	7
HDL	META	EUR	20	42	3774	448.094069242477	0	0	0	0
HDL	META	EUR	20	48	3926	1068.7516181469	0	1	2	15
HDL	META	EUR	20	54	3209	267.471889734268	0	0	1	43
HDL	META	EUR	20	59	3880	873.846160650253	0	0	1	9
HDL	META	EUR	20	62	2165	262.434211730957	0	0	1	17
HDL	META	EUR	20	63	4765	393.603642225266	0	0	1	6
HDL	META	EUR	20	64	1432	268.141514778137	0	1	1	13
HDL	META	EUR	20	65	2636	762.866696357727	0	0	1	27
HDL	META	EUR	20	67	1944	314.950612545013	0	0	0	0
HDL	META	EUR	20	68	1100	105.927725791931	0	0	1	12
HDL	META	EUR	20	69	2085	439.109031438828	1	1	1	1
HDL	META	EUR	20	70	1528	404.64030456543	2	3	3	15
HDL	META	EUR	20	71	2377	819.184980154037	4	4	5	8
HDL	META	EUR	20	72	548	67.1495506763458	1	1	1	1
HDL	META	EUR	20	73	2035	132.817210912704	0	0	1	7
HDL	META	EUR	20	74	979	3944.23844099045	4	6	7	18
HDL	META	EUR	20	75	1603	453.025051593781	0	0	2	7
HDL	META	EUR	20	84	2567	563.900314807892	1	1	2	17
HDL	META	EUR	20	86	1811	31.1146779060364	0	1	0	0
HDL	META	EUR	20	93	3640	867.054036855698	1	2	2	5
HDL	META	EUR	20	99	2066	404.452188968658	0	2	1	2
HDL	META	EUR	20	114	2794	316.867301702499	0	0	0	0
HDL	META	EUR	20	115	872	237.142032623291	1	2	3	13
HDL	META	EUR	21	2	489	44.489727973938	0	0	0	0
HDL	META	EUR	21	3	1000	61.1501977443695	0	0	0	0
HDL	META	EUR	21	4	377	37.106573343277	0	0	1	11
HDL	META	EUR	21	30	3668	633.137254953384	0	0	1	25
HDL	META	EUR	21	37	2671	237.300175428391	0	0	0	0
HDL	META	EUR	21	41	4427	528.325455904007	0	0	2	15
HDL	META	EUR	21	45	3109	252.666217088699	0	1	1	6
HDL	META	EUR	21	53	1541	99.5697271823883	0	0	1	9
HDL	META	EUR	21	57	1151	749.125591278076	0	1	2	21
HDL	META	EUR	21	62	616	33.346180200576804	0	2	2	5
HDL	META	EUR	21	63	1388	172.763723611832	0	0	1	23
HDL	META	EUR	21	64	2388	1585.21792697906	0	1	3	47
HDL	META	EUR	22	13	1034	115.654191970825	0	1	1	5
HDL	META	EUR	22	14	946	180.100520133972	0	0	0	0
HDL	META	EUR	22	24	2876	131.320346832275	0	0	0	0
HDL	META	EUR	22	26	1212	232.906344413757	0	0	0	0
HDL	META	EUR	22	29	2458	1452.38021063805	0	1	1	2
HDL	META	EUR	22	30	7952	28342.382379055	1	2	3	39
HDL	META	EUR	22	33	1677	103.03319644928	0	1	1	7
HDL	META	EUR	22	37	2018	430.077259063721	1	1	1	1
HDL	META	EUR	22	43	1899	454.327415704727	0	1	1	4
HDL	META	EUR	22	44	1288	238.928924560547	0	0	1	44
HDL	META	EUR	22	45	1952	450.232865810394	0	0	1	29
HDL	META	EUR	22	46	4692	1277.74100351334	0	0	0	0
HDL	META	EUR	22	47	2444	214.25287604332	0	0	0	0
HDL	META	EUR	22	49	595	10.1718053817749	0	0	1	4
HDL	META	EUR	22	50	744	8.3443455696106	0	1	1	13
HDL	META	EUR	22	54	1446	193.590008735657	0	0	1	23
HDL	META	EUR	22	59	2348	72.627733707428	0	0	1	58
HDL	META	EUR	22	62	1613	53.7737009525299	0	0	0	0
HDL	META	EUR	22	64	957	46.1065676212311	0	0	1	7
HDL	META	EUR	22	66	1560	47.1326813697815	0	0	1	23
HDL	META	EUR	22	70	2677	365.079682588577	0	0	0	0
