pheno	db	pid	chromosome	block	num_variants	L	time	num_variants_0.95	num_variants_0.5	num_CS95	num_variants_CS95
LDL	UKBB	AFR	1	2	1472	5	1.3235228061676	0	0	0	0
LDL	UKBB	AFR	1	4	1992	5	1.8681275844574	0	0	0	0
LDL	UKBB	AFR	1	17	6619	5	16.8189649581909	0	0	0	0
LDL	UKBB	AFR	1	19	5388	5	11.2340536117554	0	0	0	0
LDL	UKBB	AFR	1	23	1856	5	1.88053250312805	0	0	0	0
LDL	UKBB	AFR	1	35	6558	5	15.3041689395905	0	0	0	0
LDL	UKBB	AFR	1	40	2184	5	2.04317164421082	0	0	0	0
LDL	UKBB	AFR	1	48	2575	5	2.87726640701294	0	0	0	0
LDL	UKBB	AFR	1	49	2481	5	2.57658457756042	0	0	0	0
LDL	UKBB	AFR	1	51	2317	5	2.64891242980957	0	0	0	0
LDL	UKBB	AFR	1	52	6619	5	22.0194611549377	0	0	0	0
LDL	UKBB	AFR	1	53	5723	5	12.1561152935028	0	0	0	0
LDL	UKBB	AFR	1	58	6819	5	22.0746252536774	0	1	0	0
LDL	UKBB	AFR	1	70	4511	5	7.9322657585144	0	0	0	0
LDL	UKBB	AFR	1	73	6384	5	16.2333121299744	0	0	0	0
LDL	UKBB	AFR	1	75	7752	5	25.9907314777374	0	0	0	0
LDL	UKBB	AFR	1	76	3972	5	5.06347131729126	0	0	0	0
LDL	UKBB	AFR	1	78	2455	5	2.97448086738586	0	0	0	0
LDL	UKBB	AFR	1	80	2349	5	2.62681365013123	0	0	0	0
LDL	UKBB	AFR	1	81	1666	5	1.53665065765381	0	0	0	0
LDL	UKBB	AFR	1	82	3622	5	4.47885417938232	0	0	0	0
LDL	UKBB	AFR	1	83	4259	5	7.12554931640625	0	0	0	0
LDL	UKBB	AFR	1	84	6650	5	34.0171654224396	2	2	2	2
LDL	UKBB	AFR	1	85	1976	5	1.68100070953369	0	0	0	0
LDL	UKBB	AFR	1	88	3502	5	4.12624907493591	0	0	0	0
LDL	UKBB	AFR	1	89	3798	5	4.65910744667053	0	0	0	0
LDL	UKBB	AFR	1	92	4457	5	7.69111037254333	0	0	0	0
LDL	UKBB	AFR	1	94	1059	5	0.863363027572632	0	0	0	0
LDL	UKBB	AFR	1	96	4153	5	6.73622441291809	0	0	0	0
LDL	UKBB	AFR	1	97	5112	5	9.78868699073792	0	0	0	0
LDL	UKBB	AFR	1	100	4064	5	6.04154944419861	0	0	0	0
LDL	UKBB	AFR	1	109	5577	5	11.9932301044464	0	0	0	0
LDL	UKBB	AFR	1	124	6844	5	23.7824621200562	0	0	0	0
LDL	UKBB	AFR	1	125	8668	5	34.6981959342957	0	0	0	0
LDL	UKBB	AFR	1	136	5068	5	9.89819526672363	0	0	0	0
LDL	UKBB	AFR	1	138	6689	5	20.8338577747345	1	1	1	1
LDL	UKBB	AFR	1	139	1513	5	1.65102672576904	0	0	0	0
LDL	UKBB	AFR	1	141	2563	5	3.45658493041992	0	0	0	0
LDL	UKBB	AFR	1	145	2809	5	3.45587491989136	0	0	0	0
LDL	UKBB	AFR	1	147	4581	5	10.5512063503265	0	0	0	0
LDL	UKBB	AFR	1	150	4926	5	10.3752543926239	0	0	0	0
LDL	UKBB	AFR	1	151	6645	5	20.5430710315704	0	0	0	0
LDL	UKBB	AFR	1	154	8722	5	35.3896944522858	0	0	0	0
LDL	UKBB	AFR	1	158	5387	5	11.3257870674133	0	0	0	0
LDL	UKBB	AFR	1	162	4256	5	7.39059329032898	0	0	0	0
LDL	UKBB	AFR	1	163	3284	5	3.86005067825317	0	0	0	0
LDL	UKBB	AFR	1	168	5337	5	20.776638507843	0	0	0	0
LDL	UKBB	AFR	1	169	7103	5	19.8468930721283	0	0	0	0
LDL	UKBB	AFR	1	175	7083	5	28.8052752017975	0	0	0	0
LDL	UKBB	AFR	1	182	7601	5	20.9558210372925	0	0	0	0
LDL	UKBB	AFR	1	183	7176	5	30.9105577468872	0	0	0	0
LDL	UKBB	AFR	1	187	4677	5	13.5797071456909	0	0	0	0
LDL	UKBB	AFR	1	188	5325	5	12.0004675388336	0	0	0	0
LDL	UKBB	AFR	1	189	3739	5	5.42429423332214	0	0	0	0
LDL	UKBB	AFR	1	191	5189	5	11.0266320705414	0	0	0	0
LDL	UKBB	AFR	1	192	5202	5	12.1387548446655	0	0	0	0
LDL	UKBB	AFR	1	201	6278	5	16.775147199630698	0	0	0	0
LDL	UKBB	AFR	1	202	5171	5	11.4122278690338	0	0	0	0
LDL	UKBB	AFR	1	205	2040	5	2.91439986228943	0	0	0	0
LDL	UKBB	AFR	1	213	2803	5	3.83972358703613	0	0	0	0
LDL	UKBB	AFR	1	214	2494	5	3.32052421569824	0	0	0	0
LDL	UKBB	AFR	1	216	5669	5	14.2445471286774	0	0	0	0
LDL	UKBB	AFR	1	221	4849	5	11.0927727222443	0	0	0	0
LDL	UKBB	AFR	1	223	5525	5	13.665235042572	0	0	0	0
LDL	UKBB	AFR	1	226	1984	5	1.90016460418701	0	0	0	0
LDL	UKBB	AFR	1	233	6542	5	18.2673008441925	0	0	0	0
LDL	UKBB	AFR	1	234	7505	5	21.5671319961548	0	0	0	0
LDL	UKBB	AFR	1	238	9842	5	50.6995937824249	0	0	0	0
LDL	UKBB	AFR	1	239	2309	5	2.79740309715271	0	0	0	0
LDL	UKBB	AFR	1	252	2316	5	2.27045631408691	0	0	0	0
LDL	UKBB	AFR	1	253	822	5	1.04867124557495	0	0	0	0
LDL	UKBB	AFR	1	254	3999	5	6.18700623512268	0	0	0	0
LDL	UKBB	AFR	1	255	2519	5	3.07842230796814	0	0	0	0
LDL	UKBB	AFR	1	280	10099	5	51.1004803180695	0	0	1	9
LDL	UKBB	AFR	2	6	2716	5	3.77820181846619	0	0	0	0
LDL	UKBB	AFR	2	19	825	5	1.37846040725708	0	0	0	0
LDL	UKBB	AFR	2	21	1674	5	1.63817381858826	0	0	0	0
LDL	UKBB	AFR	2	27	2245	5	1.99262642860413	0	0	0	0
LDL	UKBB	AFR	2	34	6265	5	16.9318425655365	0	0	0	0
LDL	UKBB	AFR	2	37	2303	5	2.25799942016602	0	0	0	0
LDL	UKBB	AFR	2	38	4925	5	11.5224344730377	0	0	0	0
LDL	UKBB	AFR	2	39	2296	5	2.83156538009644	0	0	0	0
LDL	UKBB	AFR	2	40	7094	5	21.4375123977661	0	0	0	0
LDL	UKBB	AFR	2	41	3250	5	4.83772993087769	0	0	0	0
LDL	UKBB	AFR	2	42	298	5	0.599135398864746	0	1	0	0
LDL	UKBB	AFR	2	43	714	5	0.752532720565796	0	0	0	0
LDL	UKBB	AFR	2	44	3342	5	4.50531530380249	0	0	0	0
LDL	UKBB	AFR	2	45	5978	5	14.700047492981	0	0	0	0
LDL	UKBB	AFR	2	46	2604	5	3.04442501068115	0	0	0	0
LDL	UKBB	AFR	2	47	7471	5	22.2152128219604	0	0	0	0
LDL	UKBB	AFR	2	48	4608	5	7.83517527580261	0	0	0	0
LDL	UKBB	AFR	2	49	7290	5	24.5051159858704	0	0	0	0
LDL	UKBB	AFR	2	50	4163	5	8.92326688766479	0	0	0	0
LDL	UKBB	AFR	2	51	4755	5	12.256413936615	0	0	0	0
LDL	UKBB	AFR	2	53	3091	5	5.36517310142517	0	0	0	0
LDL	UKBB	AFR	2	69	5620	5	12.7776243686676	0	0	0	0
LDL	UKBB	AFR	2	71	4440	5	8.73231244087219	0	0	0	0
LDL	UKBB	AFR	2	72	7365	5	20.2325112819672	0	0	0	0
LDL	UKBB	AFR	2	74	2491	5	3.148517370224	0	0	0	0
LDL	UKBB	AFR	2	75	2977	5	3.78788805007935	0	0	0	0
LDL	UKBB	AFR	2	77	2882	5	4.28523921966553	0	0	0	0
LDL	UKBB	AFR	2	84	14498	5	119.891447305679	0	0	0	0
LDL	UKBB	AFR	2	86	5708	5	13.8707582950592	0	0	0	0
LDL	UKBB	AFR	2	87	2015	5	2.8465518951416	0	0	0	0
LDL	UKBB	AFR	2	88	16740	5	202.789926528931	0	0	0	0
LDL	UKBB	AFR	2	89	4268	5	7.86362671852112	0	0	0	0
LDL	UKBB	AFR	2	97	6392	5	16.3788404464722	0	1	0	0
LDL	UKBB	AFR	2	99	3744	5	7.66058397293091	0	0	0	0
LDL	UKBB	AFR	2	100	5073	5	11.5493474006653	0	0	0	0
LDL	UKBB	AFR	2	115	8462	5	35.4549612998962	0	0	0	0
LDL	UKBB	AFR	2	121	7623	5	19.8192071914673	0	0	0	0
LDL	UKBB	AFR	2	122	3357	5	5.26886034011841	0	0	0	0
LDL	UKBB	AFR	2	124	6304	5	16.2855792045593	0	0	0	0
LDL	UKBB	AFR	2	127	10494	5	56.2881798744202	0	0	0	0
LDL	UKBB	AFR	2	128	8920	5	43.5417773723602	0	0	0	0
LDL	UKBB	AFR	2	130	972	5	0.764691114425659	0	0	0	0
LDL	UKBB	AFR	2	131	267	5	1.38395547866821	0	0	0	0
LDL	UKBB	AFR	2	138	7521	5	27.1561253070831	0	0	0	0
LDL	UKBB	AFR	2	145	2691	5	2.87396955490112	0	0	0	0
LDL	UKBB	AFR	2	146	7338	5	24.5119142532349	0	0	0	0
LDL	UKBB	AFR	2	147	11956	5	73.5682883262634	0	0	0	0
LDL	UKBB	AFR	2	152	4175	5	6.41106104850769	0	0	0	0
LDL	UKBB	AFR	2	162	2765	5	3.70832204818726	0	0	0	0
LDL	UKBB	AFR	2	163	346	5	0.708638906478882	0	0	0	0
LDL	UKBB	AFR	2	166	11540	5	76.2665376663208	0	0	0	0
LDL	UKBB	AFR	2	168	5132	5	8.88746023178101	0	0	0	0
LDL	UKBB	AFR	2	172	1571	5	1.30763792991638	0	0	0	0
LDL	UKBB	AFR	2	177	5697	5	13.7115614414215	0	0	0	0
LDL	UKBB	AFR	2	181	7110	5	18.4628312587738	0	0	0	0
LDL	UKBB	AFR	2	184	9623	5	52.4967129230499	0	0	0	0
LDL	UKBB	AFR	2	192	7048	5	17.8843946456909	0	0	0	0
LDL	UKBB	AFR	2	198	4605	5	9.07671284675598	0	0	0	0
LDL	UKBB	AFR	2	199	7545	5	21.5749340057373	0	0	0	0
LDL	UKBB	AFR	2	205	3574	5	5.84917616844177	0	0	0	0
LDL	UKBB	AFR	2	208	11091	5	60.6390178203583	0	0	0	0
LDL	UKBB	AFR	2	212	5673	5	13.7034709453583	0	0	0	0
LDL	UKBB	AFR	2	213	12646	5	85.8656678199768	0	0	0	0
LDL	UKBB	AFR	2	217	3417	5	6.8335268497467	0	0	0	0
LDL	UKBB	AFR	2	232	2710	5	2.91980957984924	0	0	0	0
LDL	UKBB	AFR	2	237	4890	5	10.2801096439362	0	0	0	0
LDL	UKBB	AFR	2	240	4368	5	7.04992151260376	0	0	0	0
LDL	UKBB	AFR	2	242	4041	5	6.39838814735413	0	0	0	0
LDL	UKBB	AFR	2	250	9156	5	41.7931959629059	0	0	0	0
LDL	UKBB	AFR	2	256	5481	5	11.3858358860016	0	0	0	0
LDL	UKBB	AFR	3	24	6107	5	14.9966568946838	0	0	0	0
LDL	UKBB	AFR	3	41	7590	5	22.9457614421844	0	0	0	0
LDL	UKBB	AFR	3	43	4631	5	7.48164105415344	0	0	0	0
LDL	UKBB	AFR	3	51	2523	5	2.27747488021851	0	0	0	0
LDL	UKBB	AFR	3	56	4792	5	9.35767889022827	0	0	0	0
LDL	UKBB	AFR	3	70	5844	5	12.8247187137604	0	0	0	0
LDL	UKBB	AFR	3	71	7615	5	26.295138835907	0	0	0	0
LDL	UKBB	AFR	3	83	8358	5	35.6000373363495	0	0	0	0
LDL	UKBB	AFR	3	88	5089	5	12.1568982601166	0	0	0	0
LDL	UKBB	AFR	3	89	5797	5	15.1350700855255	0	0	0	0
LDL	UKBB	AFR	3	104	12234	5	79.2452619075775	0	0	0	0
LDL	UKBB	AFR	3	107	5065	5	11.2126386165619	0	0	0	0
LDL	UKBB	AFR	3	109	11353	5	60.3794083595276	0	0	0	0
LDL	UKBB	AFR	3	120	5358	5	10.8769233226776	0	0	0	0
LDL	UKBB	AFR	3	121	6403	5	17.4119999408722	0	0	0	0
LDL	UKBB	AFR	3	122	1429	5	1.25000739097595	0	0	0	0
LDL	UKBB	AFR	3	123	2258	5	2.19429445266724	0	0	0	0
LDL	UKBB	AFR	3	125	5709	5	13.6790883541107	0	0	0	0
LDL	UKBB	AFR	3	127	6931	5	21.6737954616547	0	0	0	0
LDL	UKBB	AFR	3	128	2851	5	4.34635591506958	0	0	0	0
LDL	UKBB	AFR	3	129	3235	5	3.89915633201599	0	0	0	0
LDL	UKBB	AFR	3	132	9026	5	46.8759431838989	0	0	0	0
LDL	UKBB	AFR	3	135	5546	5	12.3042185306549	0	0	0	0
LDL	UKBB	AFR	3	140	6801	5	20.3877840042114	0	0	0	0
LDL	UKBB	AFR	3	145	6700	5	18.0290744304657	0	0	0	0
LDL	UKBB	AFR	3	148	5962	5	12.678706407547	0	0	0	0
LDL	UKBB	AFR	3	149	4927	5	10.7480187416077	0	0	0	0
LDL	UKBB	AFR	3	150	5539	5	11.7153725624084	0	0	0	0
LDL	UKBB	AFR	3	154	1407	5	1.71633362770081	0	0	0	0
LDL	UKBB	AFR	3	155	5451	5	13.8667521476746	0	0	0	0
LDL	UKBB	AFR	3	158	6737	5	17.7249920368195	0	0	0	0
LDL	UKBB	AFR	3	159	5503	5	13.0568599700928	0	0	0	0
LDL	UKBB	AFR	3	161	7943	5	24.4439713954926	0	0	0	0
LDL	UKBB	AFR	3	165	6166	5	15.8034703731537	0	0	0	0
LDL	UKBB	AFR	3	166	12444	5	81.2862272262573	0	0	0	0
LDL	UKBB	AFR	3	172	4335	5	8.89509558677673	0	0	0	0
LDL	UKBB	AFR	3	173	2587	5	2.9354841709137	0	0	0	0
LDL	UKBB	AFR	3	175	1755	5	1.38056945800781	0	0	0	0
LDL	UKBB	AFR	3	186	7418	5	24.6390221118927	0	0	0	0
LDL	UKBB	AFR	3	190	3623	5	4.67959666252136	0	0	0	0
LDL	UKBB	AFR	3	195	11407	5	68.5484962463379	0	0	0	0
LDL	UKBB	AFR	3	214	7491	5	23.7066626548767	0	0	0	0
LDL	UKBB	AFR	3	216	3834	5	5.26236891746521	0	0	0	0
LDL	UKBB	AFR	4	1	18183	5	230.819133758545	0	0	0	0
LDL	UKBB	AFR	4	15	2772	5	3.19919657707214	0	0	0	0
LDL	UKBB	AFR	4	19	2793	5	2.7367205619812	0	0	0	0
LDL	UKBB	AFR	4	21	10021	5	51.5760419368744	0	0	0	0
LDL	UKBB	AFR	4	28	5101	5	9.12425565719604	0	0	0	0
LDL	UKBB	AFR	4	30	3052	5	5.19148898124695	0	1	0	0
LDL	UKBB	AFR	4	42	894	5	0.793584108352661	0	0	0	0
LDL	UKBB	AFR	4	43	3026	5	3.29815483093262	0	0	0	0
LDL	UKBB	AFR	4	55	5412	5	10.2241008281708	0	0	0	0
LDL	UKBB	AFR	4	57	1167	5	1.78851938247681	0	0	0	0
LDL	UKBB	AFR	4	64	8992	5	39.4228229522705	0	1	0	0
LDL	UKBB	AFR	4	65	3570	5	6.01962876319885	0	0	0	0
LDL	UKBB	AFR	4	66	4811	5	15.0441114902496	0	0	0	0
LDL	UKBB	AFR	4	71	2357	5	2.18022584915161	0	0	0	0
LDL	UKBB	AFR	4	79	4772	5	11.166825056076	0	0	0	0
LDL	UKBB	AFR	4	80	6787	5	19.8294730186462	0	0	0	0
LDL	UKBB	AFR	4	84	6625	5	16.856440782547	0	0	0	0
LDL	UKBB	AFR	4	85	2127	5	1.87325596809387	0	0	0	0
LDL	UKBB	AFR	4	86	464	5	0.666830062866211	0	0	0	0
LDL	UKBB	AFR	4	87	9146	5	45.1080284118652	0	0	0	0
LDL	UKBB	AFR	4	90	6228	5	20.8982684612274	0	0	0	0
LDL	UKBB	AFR	4	92	5146	5	9.76734328269958	0	0	0	0
LDL	UKBB	AFR	4	101	7532	5	25.2153706550598	0	0	0	0
LDL	UKBB	AFR	4	113	7040	5	20.9806799888611	0	0	0	0
LDL	UKBB	AFR	4	115	2991	5	4.56043314933777	0	0	0	0
LDL	UKBB	AFR	4	116	5697	5	16.7107419967651	0	0	0	0
LDL	UKBB	AFR	4	117	6420	5	18.0474362373352	0	0	0	0
LDL	UKBB	AFR	4	121	5308	5	10.4799659252167	0	0	0	0
LDL	UKBB	AFR	4	122	2045	5	1.77543234825134	0	0	0	0
LDL	UKBB	AFR	4	129	7572	5	27.0327289104462	0	0	0	0
LDL	UKBB	AFR	4	130	6734	5	18.2983367443085	0	0	0	0
LDL	UKBB	AFR	4	134	10283	5	56.0190563201904	0	0	0	0
LDL	UKBB	AFR	4	136	9190	5	39.4252939224243	0	0	0	0
LDL	UKBB	AFR	4	148	4312	5	8.29196882247925	0	0	0	0
LDL	UKBB	AFR	4	156	9122	5	43.417539358139	0	0	0	0
LDL	UKBB	AFR	4	159	2533	5	3.11345863342285	0	0	1	2
LDL	UKBB	AFR	4	161	2367	5	2.85845947265625	0	0	0	0
LDL	UKBB	AFR	4	162	4199	5	8.7540066242218	0	0	0	0
LDL	UKBB	AFR	4	203	2966	5	6.88162779808044	0	0	0	0
LDL	UKBB	AFR	5	6	2028	5	2.44960641860962	0	0	0	0
LDL	UKBB	AFR	5	17	3936	5	4.85532760620117	0	0	0	0
LDL	UKBB	AFR	5	55	1422	5	2.8308322429657	0	0	0	0
LDL	UKBB	AFR	5	64	6972	5	22.5771925449371	0	0	0	0
LDL	UKBB	AFR	5	69	2397	5	3.17025542259216	0	0	0	0
LDL	UKBB	AFR	5	71	7801	5	24.3844923973083	0	0	0	0
LDL	UKBB	AFR	5	81	4440	5	9.04748034477234	0	0	0	0
LDL	UKBB	AFR	5	82	3086	5	3.30336976051331	0	0	0	0
LDL	UKBB	AFR	5	84	871	5	1.11015701293945	0	0	0	0
LDL	UKBB	AFR	5	85	6561	5	21.0050432682037	0	0	0	0
LDL	UKBB	AFR	5	86	83	5	0.581301689147949	0	0	0	0
LDL	UKBB	AFR	5	109	3336	5	4.31614804267883	0	0	0	0
LDL	UKBB	AFR	5	127	11072	5	63.6803526878357	0	0	0	0
LDL	UKBB	AFR	5	130	7783	5	26.1807556152344	0	0	0	0
LDL	UKBB	AFR	5	134	4128	5	8.98773050308228	0	0	0	0
LDL	UKBB	AFR	5	144	5662	5	12.0537543296814	0	0	0	0
LDL	UKBB	AFR	5	146	7648	5	23.0235683917999	0	0	0	0
LDL	UKBB	AFR	5	147	3097	5	4.14505243301392	0	0	0	0
LDL	UKBB	AFR	5	148	94	5	0.55185079574585	0	0	0	0
LDL	UKBB	AFR	5	156	4575	5	8.64111876487732	0	0	0	0
LDL	UKBB	AFR	5	157	2662	5	3.00167751312256	0	0	0	0
LDL	UKBB	AFR	5	158	3934	5	9.68957185745239	0	0	0	0
LDL	UKBB	AFR	5	165	3077	5	4.37834978103638	0	0	0	0
LDL	UKBB	AFR	5	166	6099	5	18.3945739269257	0	0	0	0
LDL	UKBB	AFR	5	167	4973	5	9.93829917907715	0	0	0	0
LDL	UKBB	AFR	5	202	3745	5	4.91126179695129	0	0	0	0
LDL	UKBB	AFR	5	207	4845	5	10.2502431869507	0	0	0	0
LDL	UKBB	AFR	6	19	4685	5	8.21606397628784	0	0	0	0
LDL	UKBB	AFR	6	20	3079	5	3.99828481674194	0	0	0	0
LDL	UKBB	AFR	6	25	4625	5	12.5129117965698	0	0	0	0
LDL	UKBB	AFR	6	27	2939	5	6.23015737533569	0	0	0	0
LDL	UKBB	AFR	6	34	5438	5	12.6522467136383	0	0	0	0
LDL	UKBB	AFR	6	35	1961	5	3.18932914733887	0	0	0	0
LDL	UKBB	AFR	6	39	8602	5	36.4231011867523	0	0	0	0
LDL	UKBB	AFR	6	43	5409	5	10.2677898406982	0	0	0	0
LDL	UKBB	AFR	6	44	995	5	1.00041198730469	0	0	0	0
LDL	UKBB	AFR	6	47	6811	5	20.9152042865753	0	0	0	0
LDL	UKBB	AFR	6	51	10938	5	57.4399611949921	0	0	0	0
LDL	UKBB	AFR	6	53	3305	5	4.03937935829163	0	0	0	0
LDL	UKBB	AFR	6	56	3174	5	4.53703999519348	0	0	0	0
LDL	UKBB	AFR	6	58	5359	5	10.7957873344421	0	0	0	0
LDL	UKBB	AFR	6	63	5242	5	12.5822095870972	0	1	1	1
LDL	UKBB	AFR	6	64	584	5	1.77536201477051	0	0	0	0
LDL	UKBB	AFR	6	65	1517	5	1.67019724845886	0	0	0	0
LDL	UKBB	AFR	6	71	20696	5	274.952025175095	0	0	0	0
LDL	UKBB	AFR	6	72	2114	5	2.34119772911072	0	0	0	0
LDL	UKBB	AFR	6	73	809	5	0.829300880432129	0	0	0	0
LDL	UKBB	AFR	6	75	756	5	0.830450296401978	0	0	0	0
LDL	UKBB	AFR	6	76	10261	5	47.8715038299561	0	0	0	0
LDL	UKBB	AFR	6	87	8807	5	40.3120501041412	0	0	0	0
LDL	UKBB	AFR	6	88	15999	5	114.639438152313	0	0	0	0
LDL	UKBB	AFR	6	100	74	5	0.556306600570679	0	0	0	0
LDL	UKBB	AFR	6	101	5427	5	13.1860547065735	0	0	0	0
LDL	UKBB	AFR	6	105	5063	5	8.66371560096741	0	0	0	0
LDL	UKBB	AFR	6	106	4217	5	7.31254625320435	0	0	0	0
LDL	UKBB	AFR	6	109	4835	5	10.0964419841766	0	0	0	0
LDL	UKBB	AFR	6	115	12197	5	77.1849420070648	0	0	0	0
LDL	UKBB	AFR	6	117	10303	5	51.0898296833038	0	0	0	0
LDL	UKBB	AFR	6	124	8229	5	36.5447878837585	0	0	0	0
LDL	UKBB	AFR	6	127	4140	5	6.33861875534058	0	0	0	0
LDL	UKBB	AFR	6	128	5865	5	17.6433393955231	0	0	0	0
LDL	UKBB	AFR	6	134	4084	5	8.79782438278198	0	0	0	0
LDL	UKBB	AFR	6	136	2567	5	3.07615256309509	0	0	0	0
LDL	UKBB	AFR	6	140	3506	5	5.70035338401794	0	0	0	0
LDL	UKBB	AFR	6	154	3903	5	6.2103111743927	0	0	0	0
LDL	UKBB	AFR	6	158	4514	5	8.65782570838928	0	0	0	0
LDL	UKBB	AFR	6	160	5628	5	11.1358096599579	0	0	0	0
LDL	UKBB	AFR	6	168	6860	5	15.4225227832794	0	0	0	0
LDL	UKBB	AFR	6	169	11513	5	63.0236482620239	0	0	0	0
LDL	UKBB	AFR	6	170	2171	5	3.7527916431427	0	0	0	0
LDL	UKBB	AFR	6	180	642	5	0.743025302886963	0	0	0	0
LDL	UKBB	AFR	6	183	3292	5	5.01715898513794	0	0	0	0
LDL	UKBB	AFR	6	187	3719	5	5.97188138961792	0	0	0	0
LDL	UKBB	AFR	7	3	4576	5	10.5393722057343	0	0	0	0
LDL	UKBB	AFR	7	5	7295	5	23.7575719356537	0	0	0	0
LDL	UKBB	AFR	7	6	3813	5	5.45096135139465	0	0	0	0
LDL	UKBB	AFR	7	11	4977	5	11.8268401622772	0	0	0	0
LDL	UKBB	AFR	7	12	8755	5	39.7348370552063	0	0	0	0
LDL	UKBB	AFR	7	13	3555	5	6.03360748291016	0	0	0	0
LDL	UKBB	AFR	7	33	7276	5	23.628490447998	0	0	0	0
LDL	UKBB	AFR	7	37	5774	5	12.4918003082275	0	0	0	0
LDL	UKBB	AFR	7	41	5445	5	10.2496912479401	0	0	0	0
LDL	UKBB	AFR	7	42	5383	5	11.0384874343872	0	0	0	0
LDL	UKBB	AFR	7	44	1131	5	1.36092686653137	0	0	0	0
LDL	UKBB	AFR	7	50	3872	5	5.78966665267944	0	0	0	0
LDL	UKBB	AFR	7	58	5367	5	12.7667727470398	0	0	0	0
LDL	UKBB	AFR	7	66	2336	5	2.16593933105469	0	0	0	0
LDL	UKBB	AFR	7	67	14085	5	100.145001888275	0	0	0	0
LDL	UKBB	AFR	7	74	2473	5	3.33272504806519	0	0	0	0
LDL	UKBB	AFR	7	85	7189	5	22.7567367553711	0	0	0	0
LDL	UKBB	AFR	7	88	8808	5	37.1901905536652	0	0	0	0
LDL	UKBB	AFR	7	89	4350	5	6.97299361228943	0	0	0	0
LDL	UKBB	AFR	7	95	3291	5	4.02619218826294	0	0	0	0
LDL	UKBB	AFR	7	99	8507	5	34.4264879226685	0	0	0	0
LDL	UKBB	AFR	7	103	4146	5	7.12178111076355	0	0	0	0
LDL	UKBB	AFR	7	109	4707	5	8.72345733642578	0	0	0	0
LDL	UKBB	AFR	7	111	8158	5	27.6793284416199	0	0	0	0
LDL	UKBB	AFR	7	112	3672	5	9.17519211769104	0	0	0	0
LDL	UKBB	AFR	7	113	6938	5	20.9700684547424	0	0	0	0
LDL	UKBB	AFR	7	114	9495	5	49.3734457492828	0	0	0	0
LDL	UKBB	AFR	7	119	3646	5	4.78740954399109	0	0	0	0
LDL	UKBB	AFR	7	132	12280	5	84.3407983779907	0	0	0	0
LDL	UKBB	AFR	7	133	11013	5	69.2604489326477	0	0	0	0
LDL	UKBB	AFR	7	134	3163	5	5.22799730300903	0	0	0	0
LDL	UKBB	AFR	7	138	7908	5	22.1225361824036	0	0	0	0
LDL	UKBB	AFR	7	139	1616	5	1.68198585510254	0	0	0	0
LDL	UKBB	AFR	7	141	8185	5	34.7743048667908	0	0	0	0
LDL	UKBB	AFR	7	147	2655	5	3.219895362854	0	0	0	0
LDL	UKBB	AFR	7	152	2961	5	3.95496010780334	0	0	0	0
LDL	UKBB	AFR	7	162	10902	5	63.9385869503021	0	0	0	0
LDL	UKBB	AFR	7	176	1091	5	0.978387355804443	0	0	0	0
LDL	UKBB	AFR	7	177	1763	5	1.77259278297424	0	0	0	0
LDL	UKBB	AFR	7	187	8681	5	35.164803981781	0	0	0	0
LDL	UKBB	AFR	8	17	5540	5	10.0294947624207	0	0	0	0
LDL	UKBB	AFR	8	29	9680	5	41.377326965332	0	0	0	0
LDL	UKBB	AFR	8	36	1815	5	1.72095990180969	0	0	0	0
LDL	UKBB	AFR	8	39	3964	5	5.17353129386902	0	0	0	0
LDL	UKBB	AFR	8	42	6598	5	16.6939671039581	0	1	0	0
LDL	UKBB	AFR	8	44	1977	5	2.21183133125305	0	0	0	0
LDL	UKBB	AFR	8	45	4296	5	7.27148079872131	0	0	0	0
LDL	UKBB	AFR	8	56	4884	5	9.12963080406189	0	0	0	0
LDL	UKBB	AFR	8	57	3464	5	5.41074681282043	0	0	0	0
LDL	UKBB	AFR	8	59	3075	5	3.25585174560547	0	0	0	0
LDL	UKBB	AFR	8	65	3275	5	4.00095796585083	0	0	0	0
LDL	UKBB	AFR	8	68	4334	5	7.68040537834167	0	0	0	0
LDL	UKBB	AFR	8	69	9028	5	45.0161492824554	0	0	0	0
LDL	UKBB	AFR	8	71	5815	5	14.444548368454	0	0	0	0
LDL	UKBB	AFR	8	75	1495	5	1.63752508163452	0	0	0	0
LDL	UKBB	AFR	8	78	1104	5	1.21973776817322	0	1	0	0
LDL	UKBB	AFR	8	79	3659	5	4.51855945587158	0	1	1	4
LDL	UKBB	AFR	8	81	5715	5	12.7150690555573	0	0	0	0
LDL	UKBB	AFR	8	83	9665	5	41.1207067966461	0	0	0	0
LDL	UKBB	AFR	8	85	5074	5	10.7796828746796	0	0	0	0
LDL	UKBB	AFR	8	88	6083	5	12.731517791748	0	0	0	0
LDL	UKBB	AFR	8	90	7690	5	24.1436650753021	0	0	0	0
LDL	UKBB	AFR	8	101	4298	5	7.10228633880615	0	0	0	0
LDL	UKBB	AFR	8	106	5377	5	12.7493259906769	0	0	0	0
LDL	UKBB	AFR	8	113	3762	5	5.82067012786865	0	0	0	0
LDL	UKBB	AFR	8	124	3305	5	4.24643158912659	0	0	0	0
LDL	UKBB	AFR	8	125	1434	5	1.26277232170105	0	0	0	0
LDL	UKBB	AFR	8	135	4245	5	8.00639724731445	0	0	0	0
LDL	UKBB	AFR	8	153	2405	5	2.01174569129944	0	0	0	0
LDL	UKBB	AFR	8	159	4397	5	8.33848571777344	0	0	0	0
LDL	UKBB	AFR	8	160	4742	5	10.1562085151672	0	0	0	0
LDL	UKBB	AFR	9	4	4547	5	11.4114940166473	0	0	0	0
LDL	UKBB	AFR	9	5	1171	5	1.24098920822144	0	0	0	0
LDL	UKBB	AFR	9	13	8695	5	35.8310084342957	0	0	0	0
LDL	UKBB	AFR	9	33	4894	5	7.75988411903381	0	0	0	0
LDL	UKBB	AFR	9	36	4545	5	7.73937845230103	0	0	0	0
LDL	UKBB	AFR	9	39	2031	5	1.62505412101746	0	0	0	0
LDL	UKBB	AFR	9	40	8635	5	38.4452745914459	0	0	0	0
LDL	UKBB	AFR	9	51	2722	5	4.49098658561707	0	0	0	0
LDL	UKBB	AFR	9	53	8737	5	42.5621869564056	0	0	0	0
LDL	UKBB	AFR	9	62	6852	5	19.4210433959961	0	0	0	0
LDL	UKBB	AFR	9	69	3205	5	4.62143063545227	0	0	0	0
LDL	UKBB	AFR	9	70	1989	5	1.98684287071228	0	0	0	0
LDL	UKBB	AFR	9	72	1344	5	1.02514410018921	0	0	0	0
LDL	UKBB	AFR	9	73	3467	5	4.51114273071289	0	0	0	0
LDL	UKBB	AFR	9	80	9353	5	42.1594727039337	0	0	0	0
LDL	UKBB	AFR	9	84	4231	5	8.10942912101746	0	0	0	0
LDL	UKBB	AFR	9	89	1368	5	1.22324633598328	0	0	0	0
LDL	UKBB	AFR	9	93	5615	5	16.9210469722748	0	0	0	0
LDL	UKBB	AFR	9	99	3825	5	4.60132884979248	0	1	0	0
LDL	UKBB	AFR	9	102	7288	5	19.6262853145599	0	0	0	0
LDL	UKBB	AFR	9	104	1842	5	3.19997310638428	0	0	0	0
LDL	UKBB	AFR	9	110	8514	5	36.167952299118	0	0	0	0
LDL	UKBB	AFR	9	111	323	5	0.667752027511597	0	0	0	0
LDL	UKBB	AFR	9	112	7391	5	21.5194070339203	0	0	0	0
LDL	UKBB	AFR	9	114	2476	5	2.70474338531494	0	0	0	0
LDL	UKBB	AFR	9	115	7700	5	24.4860119819641	0	0	0	0
LDL	UKBB	AFR	9	116	3663	5	4.81901025772095	0	0	0	0
LDL	UKBB	AFR	9	118	9347	5	33.8197588920593	0	0	0	0
LDL	UKBB	AFR	9	119	3647	5	7.58550190925598	0	0	0	0
LDL	UKBB	AFR	9	124	3488	5	4.73264098167419	0	0	0	0
LDL	UKBB	AFR	9	125	4830	5	9.6101987361908	0	0	0	0
LDL	UKBB	AFR	9	134	9747	5	44.4901432991028	0	0	0	0
LDL	UKBB	AFR	9	140	10124	5	47.2241587638855	0	0	0	0
LDL	UKBB	AFR	9	144	3524	5	4.40140247344971	0	0	0	0
LDL	UKBB	AFR	9	145	3946	5	7.9932177066803	0	0	0	0
LDL	UKBB	AFR	9	148	2621	5	2.5403368473053	0	0	0	0
LDL	UKBB	AFR	9	149	3570	5	4.71995759010315	0	0	0	0
LDL	UKBB	AFR	9	153	280	5	0.592413663864136	0	0	0	0
LDL	UKBB	AFR	9	160	1404	5	1.84970879554749	0	0	0	0
LDL	UKBB	AFR	9	161	1290	5	1.0989511013031	0	0	0	0
LDL	UKBB	AFR	10	14	5554	5	14.9890899658203	0	0	0	0
LDL	UKBB	AFR	10	22	4782	5	10.9922075271606	0	0	0	0
LDL	UKBB	AFR	10	30	1380	5	1.04339957237244	0	0	0	0
LDL	UKBB	AFR	10	43	3973	5	6.74779963493347	0	0	0	0
LDL	UKBB	AFR	10	45	6405	5	14.5628950595856	0	0	0	0
LDL	UKBB	AFR	10	46	6778	5	15.3959152698517	0	0	0	0
LDL	UKBB	AFR	10	52	6542	5	17.8077352046967	0	0	0	0
LDL	UKBB	AFR	10	53	3489	5	4.29177951812744	0	0	0	0
LDL	UKBB	AFR	10	59	4346	5	8.22813606262207	0	0	0	0
LDL	UKBB	AFR	10	60	7936	5	27.5166308879852	0	0	0	0
LDL	UKBB	AFR	10	67	4310	5	6.98751878738403	0	0	0	0
LDL	UKBB	AFR	10	69	5933	5	15.2416560649872	0	0	0	0
LDL	UKBB	AFR	10	70	6209	5	12.2712843418121	0	0	0	0
LDL	UKBB	AFR	10	73	3755	5	4.64652562141418	0	0	0	0
LDL	UKBB	AFR	10	80	6005	5	11.8159146308899	0	0	0	0
LDL	UKBB	AFR	10	81	7078	5	21.0770087242126	0	0	0	0
LDL	UKBB	AFR	10	84	11182	5	55.6987316608429	0	0	0	0
LDL	UKBB	AFR	10	85	1896	5	1.55651640892029	0	0	0	0
LDL	UKBB	AFR	10	92	10840	5	50.6984798908234	0	0	0	0
LDL	UKBB	AFR	10	100	1749	5	2.08467054367065	0	0	0	0
LDL	UKBB	AFR	10	101	5465	5	13.9347774982452	0	0	0	0
LDL	UKBB	AFR	10	109	6726	5	20.4202303886414	0	0	0	0
LDL	UKBB	AFR	10	110	2032	5	4.38831734657288	0	0	0	0
LDL	UKBB	AFR	10	112	1281	5	1.09310102462769	0	0	0	0
LDL	UKBB	AFR	10	113	4246	5	7.53813195228577	0	0	0	0
LDL	UKBB	AFR	10	117	7935	5	27.1416125297546	0	0	0	0
LDL	UKBB	AFR	10	120	5587	5	10.3990342617035	0	0	0	0
LDL	UKBB	AFR	10	121	3453	5	6.78848886489868	0	0	0	0
LDL	UKBB	AFR	10	126	7177	5	22.5401709079742	0	0	0	0
LDL	UKBB	AFR	10	127	2357	5	3.45058345794678	0	0	0	0
LDL	UKBB	AFR	10	128	605	5	0.7193763256073	0	0	0	0
LDL	UKBB	AFR	10	129	8132	5	30.1002902984619	0	0	0	0
LDL	UKBB	AFR	10	131	7402	5	23.7897760868073	0	0	0	0
LDL	UKBB	AFR	10	137	6987	5	16.8552176952362	0	0	0	0
LDL	UKBB	AFR	10	138	1225	5	1.13179612159729	0	0	0	0
LDL	UKBB	AFR	10	142	2361	5	2.2541172504425	0	0	0	0
LDL	UKBB	AFR	10	144	2769	5	3.11106991767883	0	0	0	0
LDL	UKBB	AFR	10	150	6001	5	14.1902289390564	0	0	0	0
LDL	UKBB	AFR	10	152	3853	5	4.66587424278259	0	0	0	0
LDL	UKBB	AFR	10	154	8821	5	28.8848538398743	0	0	0	0
LDL	UKBB	AFR	11	2	4307	5	7.24224376678467	0	0	0	0
LDL	UKBB	AFR	11	3	4367	5	8.10125708580017	0	0	0	0
LDL	UKBB	AFR	11	4	3345	5	4.57155680656433	0	0	0	0
LDL	UKBB	AFR	11	7	2487	5	2.50528812408447	0	0	0	0
LDL	UKBB	AFR	11	12	7202	5	19.3455548286438	0	0	0	0
LDL	UKBB	AFR	11	18	10414	5	52.6461229324341	0	0	0	0
LDL	UKBB	AFR	11	22	2157	5	1.85391545295715	0	0	0	0
LDL	UKBB	AFR	11	28	3437	5	4.64643287658691	0	0	0	0
LDL	UKBB	AFR	11	30	3407	5	4.36932969093323	0	0	0	0
LDL	UKBB	AFR	11	31	3226	5	3.64012455940247	0	0	0	0
LDL	UKBB	AFR	11	33	4167	5	5.91618490219116	0	0	0	0
LDL	UKBB	AFR	11	51	4832	5	10.0591340065002	0	0	0	0
LDL	UKBB	AFR	11	56	1001	5	0.921680927276611	0	0	0	0
LDL	UKBB	AFR	11	75	3576	5	4.91660141944885	0	0	0	0
LDL	UKBB	AFR	11	76	4249	5	10.1898047924042	0	0	0	0
LDL	UKBB	AFR	11	78	4471	5	6.410480260849	0	0	0	0
LDL	UKBB	AFR	11	79	9695	5	47.1577196121216	0	0	0	0
LDL	UKBB	AFR	11	81	3986	5	5.83106064796448	0	0	0	0
LDL	UKBB	AFR	11	82	1138	5	3.39893293380737	0	0	0	0
LDL	UKBB	AFR	11	86	5914	5	16.1526427268982	0	0	0	0
LDL	UKBB	AFR	11	90	10084	5	48.6156044006348	0	0	0	0
LDL	UKBB	AFR	11	107	1829	5	1.4190559387207	0	0	0	0
LDL	UKBB	AFR	11	108	1720	5	2.26439428329468	0	0	0	0
LDL	UKBB	AFR	11	115	5952	5	13.0460245609283	0	0	0	0
LDL	UKBB	AFR	11	117	10692	5	51.5084524154663	0	0	0	0
LDL	UKBB	AFR	11	123	3009	5	3.80061793327332	0	0	0	0
LDL	UKBB	AFR	11	125	4153	5	8.0015709400177	0	0	0	0
LDL	UKBB	AFR	11	129	4585	5	8.93481469154358	0	0	0	0
LDL	UKBB	AFR	11	133	4776	5	9.95512723922729	0	0	0	0
LDL	UKBB	AFR	11	139	184	5	0.583888053894043	0	0	0	0
LDL	UKBB	AFR	11	140	2539	5	2.49490571022034	0	0	0	0
LDL	UKBB	AFR	11	142	5491	5	9.84034752845764	0	0	0	0
LDL	UKBB	AFR	11	147	8728	5	41.5116715431213	0	0	0	0
LDL	UKBB	AFR	11	163	755	5	0.831597328186035	0	0	0	0
LDL	UKBB	AFR	12	1	2836	5	4.46916675567627	0	0	0	0
LDL	UKBB	AFR	12	4	3223	5	7.24832773208618	0	0	0	0
LDL	UKBB	AFR	12	12	1658	5	1.86342430114746	0	1	0	0
LDL	UKBB	AFR	12	17	2149	5	1.97077298164368	0	0	0	0
LDL	UKBB	AFR	12	18	4432	5	10.3691322803497	0	0	0	0
LDL	UKBB	AFR	12	23	6211	5	13.0132813453674	0	0	0	0
LDL	UKBB	AFR	12	29	641	5	0.696345329284668	0	0	0	0
LDL	UKBB	AFR	12	33	4172	5	7.26303362846375	0	0	0	0
LDL	UKBB	AFR	12	42	9608	5	36.3973727226257	0	0	0	0
LDL	UKBB	AFR	12	45	3750	5	4.29596829414368	0	0	0	0
LDL	UKBB	AFR	12	47	1512	5	1.59623289108276	0	0	0	0
LDL	UKBB	AFR	12	49	5817	5	11.6048514842987	0	0	0	0
LDL	UKBB	AFR	12	51	3456	5	8.35279083251953	0	0	0	0
LDL	UKBB	AFR	12	59	6839	5	20.3045003414154	0	0	0	0
LDL	UKBB	AFR	12	61	3781	5	5.07068371772766	0	1	0	0
LDL	UKBB	AFR	12	62	4136	5	7.75128936767578	0	0	0	0
LDL	UKBB	AFR	12	63	5032	5	9.60635304450989	0	0	0	0
LDL	UKBB	AFR	12	64	3343	5	3.95027685165405	0	0	0	0
LDL	UKBB	AFR	12	66	5580	5	10.8765873908997	0	0	0	0
LDL	UKBB	AFR	12	67	3004	5	3.1765820980072	0	0	0	0
LDL	UKBB	AFR	12	69	5657	5	14.9426717758179	0	0	0	0
LDL	UKBB	AFR	12	71	6653	5	19.5196208953857	0	0	0	0
LDL	UKBB	AFR	12	72	17737	5	208.258993387222	0	0	0	0
LDL	UKBB	AFR	12	82	5805	5	11.1574349403381	0	0	0	0
LDL	UKBB	AFR	12	97	8335	5	33.4055421352386	0	0	0	0
LDL	UKBB	AFR	12	98	3513	5	5.94645524024963	0	0	0	0
LDL	UKBB	AFR	12	110	6793	5	17.4927504062653	0	0	0	0
LDL	UKBB	AFR	12	112	622	5	0.748986721038818	0	0	0	0
LDL	UKBB	AFR	12	113	4919	5	7.87189245223999	0	0	0	0
LDL	UKBB	AFR	12	114	4788	5	8.40680241584778	0	0	0	0
LDL	UKBB	AFR	12	115	3574	5	4.60489368438721	0	1	0	0
LDL	UKBB	AFR	12	117	5352	5	11.4637701511383	0	0	0	0
LDL	UKBB	AFR	12	120	2438	5	2.47926759719849	0	0	0	0
LDL	UKBB	AFR	12	121	3614	5	4.74691224098206	0	0	1	6
LDL	UKBB	AFR	12	122	8973	5	32.382016658783	0	0	0	0
LDL	UKBB	AFR	12	127	2229	5	1.93768262863159	0	0	0	0
LDL	UKBB	AFR	12	128	817	5	0.747297525405884	0	0	0	0
LDL	UKBB	AFR	12	138	8954	5	38.7156558036804	0	0	0	0
LDL	UKBB	AFR	12	139	12319	5	74.3703186511993	0	0	0	0
LDL	UKBB	AFR	12	140	2151	5	2.38600611686707	0	0	0	0
LDL	UKBB	AFR	12	141	3057	5	3.50696468353271	0	0	0	0
LDL	UKBB	AFR	12	164	3126	5	3.27887558937073	0	0	0	0
LDL	UKBB	AFR	13	11	3137	5	3.49952459335327	0	0	0	0
LDL	UKBB	AFR	13	18	1505	5	1.62395071983337	0	0	0	0
LDL	UKBB	AFR	13	21	5987	5	11.9387769699097	0	0	0	0
LDL	UKBB	AFR	13	24	4124	5	8.31550335884094	0	0	0	0
LDL	UKBB	AFR	13	25	2672	5	3.26663661003113	0	0	0	0
LDL	UKBB	AFR	13	40	3873	5	5.62579751014709	0	0	0	0
LDL	UKBB	AFR	13	44	3233	5	7.25919103622437	0	0	0	0
LDL	UKBB	AFR	13	50	8720	5	37.6654062271118	0	0	0	0
LDL	UKBB	AFR	13	52	6733	5	16.2747452259064	0	0	0	0
LDL	UKBB	AFR	13	66	2019	5	2.20992064476013	0	0	0	0
LDL	UKBB	AFR	13	69	8587	5	33.8831877708435	0	0	0	0
LDL	UKBB	AFR	13	84	3140	5	3.72327971458435	0	0	0	0
LDL	UKBB	AFR	13	96	2032	5	1.8001594543457	0	0	0	0
LDL	UKBB	AFR	13	102	2238	5	1.85785031318665	0	0	0	0
LDL	UKBB	AFR	13	115	1837	5	3.08401250839233	0	0	0	0
LDL	UKBB	AFR	13	116	1580	5	2.54623675346375	0	0	0	0
LDL	UKBB	AFR	13	118	3281	5	4.10117173194885	0	1	0	0
LDL	UKBB	AFR	13	125	5141	5	13.1051981449127	0	0	0	0
LDL	UKBB	AFR	14	4	1418	5	1.44581747055054	0	0	0	0
LDL	UKBB	AFR	14	14	7462	5	24.6547002792358	0	0	0	0
LDL	UKBB	AFR	14	23	7343	5	17.3682360649109	0	0	0	0
LDL	UKBB	AFR	14	31	7061	5	16.4223785400391	0	0	0	0
LDL	UKBB	AFR	14	35	7234	5	23.4673945903778	0	0	0	0
LDL	UKBB	AFR	14	42	3980	5	4.87566924095154	0	0	0	0
LDL	UKBB	AFR	14	43	336	5	0.661234140396118	0	0	0	0
LDL	UKBB	AFR	14	46	3337	5	4.41318941116333	0	0	0	0
LDL	UKBB	AFR	14	63	8551	5	34.5550172328949	0	0	0	0
LDL	UKBB	AFR	14	68	4012	5	6.59678173065186	0	0	0	0
LDL	UKBB	AFR	14	72	8363	5	31.3772830963135	0	0	0	0
LDL	UKBB	AFR	14	73	3978	5	8.10882449150085	0	0	0	0
LDL	UKBB	AFR	14	96	606	5	0.728384971618652	0	0	0	0
LDL	UKBB	AFR	14	105	2644	5	2.75573658943176	0	0	0	0
LDL	UKBB	AFR	14	106	2344	5	2.39869713783264	0	0	0	0
LDL	UKBB	AFR	14	121	6064	5	12.6195948123932	0	0	0	0
LDL	UKBB	AFR	14	126	7235	5	24.0529284477234	0	0	0	0
LDL	UKBB	AFR	14	127	4980	5	9.33765935897827	0	0	0	0
LDL	UKBB	AFR	15	3	253	5	2.93871688842773	0	0	0	0
LDL	UKBB	AFR	15	37	6805	5	15.33438372612	0	0	0	0
LDL	UKBB	AFR	15	39	6044	5	14.5603783130646	0	0	0	0
LDL	UKBB	AFR	15	44	3095	5	3.79973268508911	0	0	0	0
LDL	UKBB	AFR	15	45	11863	5	65.3735163211823	0	0	0	0
LDL	UKBB	AFR	15	46	3654	5	6.58192729949951	0	0	0	0
LDL	UKBB	AFR	15	47	3898	5	7.49197220802307	0	0	0	0
LDL	UKBB	AFR	15	50	5301	5	10.6359484195709	0	0	0	0
LDL	UKBB	AFR	15	52	3612	5	3.92579865455627	0	0	0	0
LDL	UKBB	AFR	15	53	693	5	0.974124670028687	0	0	0	0
LDL	UKBB	AFR	15	54	4234	5	8.79615926742554	0	0	0	0
LDL	UKBB	AFR	15	56	4683	5	8.51648020744324	0	0	0	0
LDL	UKBB	AFR	15	59	8118	5	27.1502511501312	0	0	0	0
LDL	UKBB	AFR	15	62	10457	5	58.0040731430054	0	0	0	0
LDL	UKBB	AFR	15	63	2856	5	2.71679639816284	0	0	0	0
LDL	UKBB	AFR	15	64	3040	5	3.04083132743835	0	0	0	0
LDL	UKBB	AFR	15	66	5820	5	12.7620093822479	0	0	0	0
LDL	UKBB	AFR	15	80	2469	5	3.20369338989258	0	0	0	0
LDL	UKBB	AFR	15	83	2311	5	2.14958596229553	0	0	0	0
LDL	UKBB	AFR	15	85	4984	5	8.770099401474	0	0	0	0
LDL	UKBB	AFR	15	117	1860	5	2.3768994808197	0	0	0	0
LDL	UKBB	AFR	15	118	1205	5	0.98742938041687	0	0	0	0
LDL	UKBB	AFR	16	1	4170	5	6.97495460510254	0	0	0	0
LDL	UKBB	AFR	16	4	5228	5	9.18895959854126	0	0	0	0
LDL	UKBB	AFR	16	5	2196	5	2.2894606590271	0	0	0	0
LDL	UKBB	AFR	16	9	5561	5	13.0487170219421	0	0	0	0
LDL	UKBB	AFR	16	31	5305	5	10.8343477249146	0	0	0	0
LDL	UKBB	AFR	16	32	737	5	0.665672302246094	0	0	0	0
LDL	UKBB	AFR	16	37	5959	5	12.1226041316986	0	0	0	0
LDL	UKBB	AFR	16	38	10119	5	46.8406000137329	0	0	0	0
LDL	UKBB	AFR	16	43	3974	5	5.14726090431213	0	0	0	0
LDL	UKBB	AFR	16	59	4058	5	6.30492305755615	0	0	0	0
LDL	UKBB	AFR	16	60	6555	5	18.7275421619415	0	0	0	0
LDL	UKBB	AFR	16	74	991	5	0.899502277374268	0	0	0	0
LDL	UKBB	AFR	16	75	5618	5	10.1303539276123	0	0	0	0
LDL	UKBB	AFR	16	76	3806	5	4.98960661888123	0	0	0	0
LDL	UKBB	AFR	16	80	3583	5	8.09211206436157	0	0	0	0
LDL	UKBB	AFR	16	85	9499	5	40.3126962184906	0	0	0	0
LDL	UKBB	AFR	16	88	8788	5	35.4953577518463	0	0	0	0
LDL	UKBB	AFR	16	89	11535	5	61.9870622158051	0	0	1	5
LDL	UKBB	AFR	16	90	2695	5	2.5510530471801802	0	0	0	0
LDL	UKBB	AFR	16	94	9947	5	48.385418176651	0	0	0	0
LDL	UKBB	AFR	16	96	10977	5	60.2022786140442	0	0	0	0
LDL	UKBB	AFR	16	99	3167	5	3.49150323867798	0	0	0	0
LDL	UKBB	AFR	16	100	636	5	0.672296285629272	0	0	0	0
LDL	UKBB	AFR	16	101	616	5	0.753440141677856	0	0	0	0
LDL	UKBB	AFR	16	103	12889	5	77.4727492332458	0	0	0	0
LDL	UKBB	AFR	16	104	3568	5	4.3017680644989	0	0	0	0
LDL	UKBB	AFR	16	110	2930	5	3.67246842384338	0	0	0	0
LDL	UKBB	AFR	16	119	3814	5	4.53318476676941	0	0	0	0
LDL	UKBB	AFR	16	120	688	5	0.714158773422241	0	0	0	0
LDL	UKBB	AFR	16	125	3238	5	4.20456099510193	0	0	0	0
LDL	UKBB	AFR	16	126	588	5	0.693002223968506	0	0	0	0
LDL	UKBB	AFR	16	127	860	5	0.707212924957275	0	0	0	0
LDL	UKBB	AFR	16	128	11555	5	52.9108238220215	0	0	0	0
LDL	UKBB	AFR	17	9	5570	5	12.8552465438843	0	0	0	0
LDL	UKBB	AFR	17	14	3017	5	3.96524810791016	0	0	0	0
LDL	UKBB	AFR	17	16	1104	5	0.968822240829468	0	0	0	0
LDL	UKBB	AFR	17	17	5669	5	11.2774708271027	0	0	0	0
LDL	UKBB	AFR	17	22	1112	5	0.952262163162231	0	0	0	0
LDL	UKBB	AFR	17	23	2060	5	1.62844443321228	0	0	0	0
LDL	UKBB	AFR	17	24	3507	5	4.03545141220093	0	0	0	0
LDL	UKBB	AFR	17	25	3851	5	5.62080073356628	0	0	0	0
LDL	UKBB	AFR	17	28	680	5	0.706834077835083	0	0	0	0
LDL	UKBB	AFR	17	30	753	5	0.890402317047119	0	1	1	3
LDL	UKBB	AFR	17	51	8770	5	31.7366583347321	0	0	0	0
LDL	UKBB	AFR	17	54	4501	5	6.53936672210693	0	0	0	0
LDL	UKBB	AFR	17	55	10994	5	48.3898596763611	0	0	0	0
LDL	UKBB	AFR	17	65	6639	5	14.8229293823242	0	0	0	0
LDL	UKBB	AFR	17	70	3459	5	3.85445475578308	0	0	0	0
LDL	UKBB	AFR	17	71	4628	5	7.44053506851196	0	0	0	0
LDL	UKBB	AFR	17	73	8549	5	31.5398638248444	0	0	0	0
LDL	UKBB	AFR	17	74	9253	5	43.6534650325775	0	0	0	0
LDL	UKBB	AFR	17	75	6904	5	18.6080601215363	0	0	0	0
LDL	UKBB	AFR	17	80	3820	5	5.8940646648407	0	0	0	0
LDL	UKBB	AFR	17	84	1563	5	1.17676782608032	0	0	0	0
LDL	UKBB	AFR	17	87	2525	5	3.8781909942627	0	0	0	0
LDL	UKBB	AFR	17	90	8570	5	29.6593594551086	0	0	0	0
LDL	UKBB	AFR	17	94	4410	5	7.84989500045776	0	0	0	0
LDL	UKBB	AFR	17	97	6024	5	12.3851194381714	0	0	0	0
LDL	UKBB	AFR	17	98	3097	5	3.21829271316528	0	0	1	3
LDL	UKBB	AFR	17	100	3933	5	6.54638361930847	0	0	0	0
LDL	UKBB	AFR	17	101	2826	5	3.56665802001953	0	0	0	0
LDL	UKBB	AFR	17	102	2335	5	2.68035054206848	0	0	0	0
LDL	UKBB	AFR	17	103	2207	5	3.09782242774963	0	0	0	0
LDL	UKBB	AFR	17	104	320	5	0.623166084289551	0	0	0	0
LDL	UKBB	AFR	17	105	3820	5	5.40256881713867	0	0	0	0
LDL	UKBB	AFR	17	117	4892	5	10.0530121326447	0	0	0	0
LDL	UKBB	AFR	17	118	4071	5	4.77939200401306	0	0	0	0
LDL	UKBB	AFR	17	121	2383	5	3.97388744354248	0	0	0	0
LDL	UKBB	AFR	17	123	3912	5	6.07323479652405	0	0	0	0
LDL	UKBB	AFR	17	125	5781	5	11.5290594100952	0	0	0	0
LDL	UKBB	AFR	17	130	3368	5	5.14776277542114	0	0	0	0
LDL	UKBB	AFR	17	133	2416	5	3.02528405189514	0	0	0	0
LDL	UKBB	AFR	17	134	3576	5	3.8538384437561	0	0	0	0
LDL	UKBB	AFR	18	31	5549	5	12.9685060977936	0	0	0	0
LDL	UKBB	AFR	18	41	11224	5	55.6794724464417	0	0	0	0
LDL	UKBB	AFR	18	61	5645	5	10.3388407230377	0	0	0	0
LDL	UKBB	AFR	18	69	9419	5	37.1380381584167	0	0	0	0
LDL	UKBB	AFR	18	77	1361	5	2.09461450576782	0	1	0	0
LDL	UKBB	AFR	18	88	3694	5	4.55637884140015	0	0	0	0
LDL	UKBB	AFR	18	98	2703	5	2.59186887741089	0	0	0	0
LDL	UKBB	AFR	18	119	1547	5	1.71112298965454	0	0	0	0
LDL	UKBB	AFR	18	120	3253	5	4.6584997177124	0	0	0	0
LDL	UKBB	AFR	19	5	45	5	0.578139543533325	0	0	0	0
LDL	UKBB	AFR	19	6	1730	5	2.59323000907898	0	0	0	0
LDL	UKBB	AFR	19	12	1798	5	1.64627647399902	0	0	0	0
LDL	UKBB	AFR	19	15	984	5	0.85344409942627	0	0	0	0
LDL	UKBB	AFR	19	16	731	5	1.04807353019714	0	0	0	0
LDL	UKBB	AFR	19	20	1464	5	1.05620217323303	0	0	0	0
LDL	UKBB	AFR	19	21	922	5	0.861097097396851	0	0	0	0
LDL	UKBB	AFR	19	22	3863	5	5.26744365692139	0	0	0	0
LDL	UKBB	AFR	19	25	2790	5	3.00924754142761	0	0	0	0
LDL	UKBB	AFR	19	32	2908	5	3.0255229473114	0	0	0	0
LDL	UKBB	AFR	19	33	1510	5	1.13454294204712	0	0	0	0
LDL	UKBB	AFR	19	35	4017	5	4.81328082084656	0	0	0	0
LDL	UKBB	AFR	19	36	973	5	0.988234043121338	0	0	0	0
LDL	UKBB	AFR	19	37	4778	5	69.5464825630188	0	0	1	3
LDL	UKBB	AFR	19	38	1093	5	0.888464689254761	0	0	0	0
LDL	UKBB	AFR	19	39	6791	5	14.6173124313354	0	0	0	0
LDL	UKBB	AFR	19	40	1586	5	1.28102326393127	0	0	0	0
LDL	UKBB	AFR	19	42	1690	5	1.29025936126709	0	0	0	0
LDL	UKBB	AFR	19	46	4042	5	5.19588327407837	0	0	0	0
LDL	UKBB	AFR	19	49	3701	5	4.70158171653748	0	0	0	0
LDL	UKBB	AFR	19	51	2299	5	2.75394129753113	0	0	0	0
LDL	UKBB	AFR	19	52	2607	5	2.52251839637756	0	0	0	0
LDL	UKBB	AFR	19	53	5469	5	13.5087141990662	0	0	0	0
LDL	UKBB	AFR	19	54	9452	5	34.4326474666595	0	0	0	0
LDL	UKBB	AFR	19	62	5935	5	12.6351048946381	0	0	0	0
LDL	UKBB	AFR	19	63	2447	5	2.18742632865906	0	0	0	0
LDL	UKBB	AFR	19	65	2326	5	3.52476906776428	0	0	0	0
LDL	UKBB	AFR	19	67	11045	5	50.7020561695099	0	0	0	0
LDL	UKBB	AFR	19	68	2977	5	3.72946405410767	0	0	0	0
LDL	UKBB	AFR	19	70	3911	5	7.90576171875	0	0	0	0
LDL	UKBB	AFR	19	71	549	5	0.677683353424072	0	0	0	0
LDL	UKBB	AFR	19	72	7357	5	19.4552042484283	0	0	0	0
LDL	UKBB	AFR	19	73	902	5	0.86249828338623	0	0	0	0
LDL	UKBB	AFR	19	74	5738	5	10.34885597229	0	0	0	0
LDL	UKBB	AFR	19	75	1280	5	1.1494312286377	3	3	3	3
LDL	UKBB	AFR	19	76	5234	5	10.6614842414856	0	0	0	0
LDL	UKBB	AFR	19	77	8243	5	29.537588596344	0	0	0	0
LDL	UKBB	AFR	19	79	3082	5	3.57471132278442	0	0	0	0
LDL	UKBB	AFR	19	80	1444	5	1.1264762878418	0	0	0	0
LDL	UKBB	AFR	19	81	3996	5	5.59621405601501	0	0	0	0
LDL	UKBB	AFR	19	98	1522	5	1.08718132972717	0	0	0	0
LDL	UKBB	AFR	19	103	2300	5	1.9911777973175	0	0	0	0
LDL	UKBB	AFR	19	104	2484	5	2.82212591171265	0	0	0	0
LDL	UKBB	AFR	19	107	1776	5	1.73539638519287	0	0	0	0
LDL	UKBB	AFR	19	110	5442	5	11.1631836891174	0	0	0	0
LDL	UKBB	AFR	19	111	2702	5	2.82649326324463	0	0	0	0
LDL	UKBB	AFR	20	2	1872	5	1.61526727676392	0	0	0	0
LDL	UKBB	AFR	20	10	2007	5	1.8044228553772	0	0	0	0
LDL	UKBB	AFR	20	11	1813	5	1.45727825164795	0	0	0	0
LDL	UKBB	AFR	20	12	3605	5	9.17040991783142	0	0	0	0
LDL	UKBB	AFR	20	13	3421	5	3.6104459762573198	0	0	0	0
LDL	UKBB	AFR	20	18	1915	5	1.6178727149963401	0	0	0	0
LDL	UKBB	AFR	20	19	658	5	0.64039421081543	0	0	0	0
LDL	UKBB	AFR	20	40	2377	5	2.20290875434875	0	0	0	0
LDL	UKBB	AFR	20	48	6698	5	16.0301570892334	0	0	0	0
LDL	UKBB	AFR	20	59	8546	5	29.6737856864929	0	0	0	0
LDL	UKBB	AFR	20	60	4604	5	8.80365967750549	0	0	0	0
LDL	UKBB	AFR	20	63	8564	5	32.8048388957977	0	0	0	0
LDL	UKBB	AFR	20	64	2172	5	2.72930312156677	0	0	0	0
LDL	UKBB	AFR	20	65	4620	5	6.89998269081116	0	0	0	0
LDL	UKBB	AFR	20	66	5065	5	8.82678461074829	0	0	0	0
LDL	UKBB	AFR	20	68	1768	5	1.65529751777649	0	0	0	0
LDL	UKBB	AFR	20	69	3613	5	4.30304861068726	0	0	0	0
LDL	UKBB	AFR	20	70	2897	5	3.9464852809906	0	0	0	0
LDL	UKBB	AFR	20	71	4277	5	6.26667809486389	0	0	0	0
LDL	UKBB	AFR	20	77	3792	5	4.31371641159058	0	0	0	0
LDL	UKBB	AFR	20	78	5162	5	8.42068219184875	0	0	0	0
LDL	UKBB	AFR	20	86	3107	5	4.78277897834778	0	0	0	0
LDL	UKBB	AFR	20	87	1672	5	1.2603280544281	0	0	0	0
LDL	UKBB	AFR	20	89	2370	5	2.37950706481934	0	0	0	0
LDL	UKBB	AFR	20	110	3966	5	6.04998683929443	0	0	0	0
LDL	UKBB	AFR	20	111	866	5	1.04645442962646	0	0	0	0
LDL	UKBB	AFR	20	112	963	5	1.16956329345703	0	0	0	0
LDL	UKBB	AFR	20	113	351	5	0.614474296569824	0	0	0	0
LDL	UKBB	AFR	20	115	3445	5	4.55751514434814	0	0	0	0
LDL	UKBB	AFR	21	3	1592	5	1.19693541526794	0	0	0	0
LDL	UKBB	AFR	21	30	8321	5	26.9103283882141	0	0	0	0
LDL	UKBB	AFR	21	33	4068	5	4.95615291595459	0	0	0	0
LDL	UKBB	AFR	21	37	4901	5	9.54258131980896	0	1	1	2
LDL	UKBB	AFR	21	41	7888	5	20.7579064369202	0	0	0	0
LDL	UKBB	AFR	21	48	6520	5	13.4035634994507	0	0	0	0
LDL	UKBB	AFR	21	53	2525	5	2.47390794754028	0	0	0	0
LDL	UKBB	AFR	21	62	1147	5	0.978642225265503	0	0	0	0
LDL	UKBB	AFR	21	64	4508	5	8.79308986663818	0	0	0	0
LDL	UKBB	AFR	21	65	3129	5	3.24468326568604	0	0	0	0
LDL	UKBB	AFR	22	5	2097	5	1.9776029586792	0	0	0	0
LDL	UKBB	AFR	22	9	3098	5	4.3117082118988	0	0	0	0
LDL	UKBB	AFR	22	13	2271	5	2.66953778266907	0	0	0	0
LDL	UKBB	AFR	22	29	4272	5	7.48150706291199	0	0	0	0
LDL	UKBB	AFR	22	30	14112	5	82.3101863861084	0	0	0	0
LDL	UKBB	AFR	22	36	2265	5	1.85478115081787	0	0	0	0
LDL	UKBB	AFR	22	37	3549	5	3.6726062297821	0	0	0	0
LDL	UKBB	AFR	22	40	1762	5	2.60858964920044	0	0	0	0
LDL	UKBB	AFR	22	43	3650	5	4.37806081771851	0	0	0	0
LDL	UKBB	AFR	22	46	8954	5	36.8891589641571	0	0	0	0
LDL	UKBB	AFR	22	49	771	5	0.788964509963989	0	0	0	0
LDL	UKBB	AFR	22	54	2650	5	2.78473615646362	0	0	0	0
LDL	UKBB	AFR	22	55	1881	5	1.45838642120361	0	0	0	0
LDL	UKBB	AFR	22	56	184	5	0.7573561668396	0	0	0	0
LDL	UKBB	AFR	22	57	1972	5	1.6291975975036599	0	0	0	0
LDL	UKBB	AFR	22	70	5104	5	11.9509484767914	0	0	0	0
