pheno	db	pid	chromosome	block	num_variants	L	time	num_variants_0.95	num_variants_0.5	num_CS95	num_variants_CS95
HDL	UKBB	EAS	1	1	79	5	0.650353193283081	0	0	0	0
HDL	UKBB	EAS	1	2	125	5	0.784738779067993	0	0	0	0
HDL	UKBB	EAS	1	3	185	5	1.01397395133972	0	0	0	0
HDL	UKBB	EAS	1	5	706	5	1.84459519386292	0	0	0	0
HDL	UKBB	EAS	1	15	1491	5	1.90757393836975	0	0	0	0
HDL	UKBB	EAS	1	17	1897	5	4.36806631088257	0	0	0	0
HDL	UKBB	EAS	1	18	764	5	1.7695574760437	0	0	0	0
HDL	UKBB	EAS	1	19	1408	5	2.56400632858276	0	0	0	0
HDL	UKBB	EAS	1	21	1162	5	1.9707567691803	0	0	0	0
HDL	UKBB	EAS	1	23	687	5	2.13429665565491	0	0	0	0
HDL	UKBB	EAS	1	24	410	5	1.5704927444458	0	0	0	0
HDL	UKBB	EAS	1	35	1503	5	2.77550673484802	0	0	0	0
HDL	UKBB	EAS	1	40	763	5	2.369389295578	0	0	0	0
HDL	UKBB	EAS	1	43	434	5	1.60173726081848	0	0	0	0
HDL	UKBB	EAS	1	44	461	5	1.48440790176392	0	0	0	0
HDL	UKBB	EAS	1	46	1305	5	2.18085193634033	0	0	0	0
HDL	UKBB	EAS	1	48	670	5	1.52790403366089	0	0	0	0
HDL	UKBB	EAS	1	49	467	5	1.82852602005005	0	0	0	0
HDL	UKBB	EAS	1	50	975	5	1.83183240890503	0	0	0	0
HDL	UKBB	EAS	1	51	593	5	1.24582290649414	0	0	0	0
HDL	UKBB	EAS	1	52	1588	5	2.42231559753418	0	0	0	0
HDL	UKBB	EAS	1	53	1255	5	1.72349619865417	0	0	0	0
HDL	UKBB	EAS	1	57	1409	5	1.94139909744263	0	0	0	0
HDL	UKBB	EAS	1	63	1603	5	2.8327522277832	0	0	0	0
HDL	UKBB	EAS	1	70	1467	5	2.25951099395752	0	0	0	0
HDL	UKBB	EAS	1	71	1609	5	2.54230952262878	0	0	0	0
HDL	UKBB	EAS	1	73	1742	5	3.18503069877625	0	0	0	0
HDL	UKBB	EAS	1	74	1570	5	2.36057782173157	0	0	0	0
HDL	UKBB	EAS	1	75	2538	5	5.14026069641113	0	0	0	0
HDL	UKBB	EAS	1	76	1397	5	2.90707063674927	0	0	0	0
HDL	UKBB	EAS	1	80	877	5	1.56972050666809	0	0	0	0
HDL	UKBB	EAS	1	85	864	5	1.52508544921875	0	0	0	0
HDL	UKBB	EAS	1	87	736	5	2.15959405899048	0	0	0	0
HDL	UKBB	EAS	1	90	183	5	1.45369744300842	0	0	0	0
HDL	UKBB	EAS	1	92	1472	5	2.09613704681396	0	0	0	0
HDL	UKBB	EAS	1	94	315	5	1.34895467758179	0	0	0	0
HDL	UKBB	EAS	1	96	1336	5	2.29619407653809	0	0	0	0
HDL	UKBB	EAS	1	97	1543	5	2.68067908287048	0	0	0	0
HDL	UKBB	EAS	1	98	1352	5	2.1499719619751	0	0	0	0
HDL	UKBB	EAS	1	100	1601	5	2.4269688129425	0	0	0	0
HDL	UKBB	EAS	1	102	1084	5	2.3431499004364	0	0	0	0
HDL	UKBB	EAS	1	105	3186	5	6.19731330871582	0	0	0	0
HDL	UKBB	EAS	1	110	567	5	2.36508131027222	0	0	0	0
HDL	UKBB	EAS	1	113	1198	5	1.59599685668945	0	0	0	0
HDL	UKBB	EAS	1	117	957	5	2.15314316749573	0	0	0	0
HDL	UKBB	EAS	1	122	2436	5	5.06907558441162	0	0	0	0
HDL	UKBB	EAS	1	124	2163	5	3.49357438087463	0	0	0	0
HDL	UKBB	EAS	1	125	2333	5	3.67095446586609	0	0	0	0
HDL	UKBB	EAS	1	128	2148	5	4.15160727500916	0	0	0	0
HDL	UKBB	EAS	1	129	528	5	1.38766169548035	0	0	0	0
HDL	UKBB	EAS	1	132	1620	5	2.78847193717957	0	0	0	0
HDL	UKBB	EAS	1	136	1302	5	2.1051185131073	0	0	0	0
HDL	UKBB	EAS	1	138	1511	5	2.40521836280823	0	0	0	0
HDL	UKBB	EAS	1	139	404	5	1.31663775444031	0	0	0	0
HDL	UKBB	EAS	1	143	1088	5	1.93811178207397	0	0	0	0
HDL	UKBB	EAS	1	153	1690	5	2.78243613243103	0	0	0	0
HDL	UKBB	EAS	1	154	2238	5	3.97257518768311	0	0	0	0
HDL	UKBB	EAS	1	156	1318	5	3.08381152153015	0	0	0	0
HDL	UKBB	EAS	1	158	972	5	1.75895118713379	0	0	0	0
HDL	UKBB	EAS	1	159	244	5	1.78908371925354	0	0	0	0
HDL	UKBB	EAS	1	160	1181	5	1.99328112602234	0	0	0	0
HDL	UKBB	EAS	1	168	1652	5	2.25791597366333	0	0	0	0
HDL	UKBB	EAS	1	173	1318	5	3.40208601951599	0	0	0	0
HDL	UKBB	EAS	1	181	2184	5	4.58140063285828	0	0	0	0
HDL	UKBB	EAS	1	182	2121	5	5.13233137130737	0	0	0	0
HDL	UKBB	EAS	1	183	2195	5	4.08466482162476	0	0	0	0
HDL	UKBB	EAS	1	187	1469	5	1.77406311035156	0	0	0	0
HDL	UKBB	EAS	1	189	1035	5	3.0485563278198198	0	0	0	0
HDL	UKBB	EAS	1	191	1476	5	1.73980283737183	0	0	0	0
HDL	UKBB	EAS	1	192	1721	5	2.47550392150879	0	0	0	0
HDL	UKBB	EAS	1	193	1979	5	3.37936949729919	0	0	0	0
HDL	UKBB	EAS	1	201	1770	5	3.44063305854797	0	0	0	0
HDL	UKBB	EAS	1	202	1551	5	1.7328143119812	0	0	0	0
HDL	UKBB	EAS	1	203	1474	5	2.50225782394409	0	0	0	0
HDL	UKBB	EAS	1	204	1393	5	2.13607096672058	0	0	0	0
HDL	UKBB	EAS	1	207	962	5	1.70307397842407	0	0	0	0
HDL	UKBB	EAS	1	208	1320	5	2.96175479888916	0	0	0	0
HDL	UKBB	EAS	1	209	522	5	1.4319531917572	0	0	0	0
HDL	UKBB	EAS	1	211	769	5	1.47673487663269	0	0	0	0
HDL	UKBB	EAS	1	213	860	5	2.11835646629333	0	0	0	0
HDL	UKBB	EAS	1	214	698	5	1.1048445701599099	0	0	0	0
HDL	UKBB	EAS	1	215	283	5	1.20578479766846	0	0	0	0
HDL	UKBB	EAS	1	216	1555	5	1.83166289329529	0	0	0	0
HDL	UKBB	EAS	1	218	271	5	0.610062599182129	0	0	0	0
HDL	UKBB	EAS	1	221	1701	5	2.885174036026	0	0	0	0
HDL	UKBB	EAS	1	224	1161	5	2.65325427055359	0	0	0	0
HDL	UKBB	EAS	1	228	842	5	2.33332133293152	0	0	0	0
HDL	UKBB	EAS	1	233	2215	5	3.58998394012451	0	0	0	0
HDL	UKBB	EAS	1	234	2592	5	6.43418145179749	0	0	0	0
HDL	UKBB	EAS	1	235	1543	5	3.36457300186157	0	0	0	0
HDL	UKBB	EAS	1	238	3544	5	8.26244354248047	0	0	0	0
HDL	UKBB	EAS	1	239	1000	5	1.21877145767212	0	0	0	0
HDL	UKBB	EAS	1	240	3844	5	8.42136216163635	0	0	0	0
HDL	UKBB	EAS	1	242	578	5	0.95045804977417	0	0	0	0
HDL	UKBB	EAS	1	243	912	5	1.55196094512939	0	0	0	0
HDL	UKBB	EAS	1	244	2001	5	2.84531283378601	0	0	0	0
HDL	UKBB	EAS	1	252	678	5	1.75362014770508	0	0	0	0
HDL	UKBB	EAS	1	253	195	5	1.07018303871155	0	0	0	0
HDL	UKBB	EAS	1	254	1131	5	2.1526823043823198	0	0	0	0
HDL	UKBB	EAS	1	255	857	5	1.97093033790588	0	0	0	0
HDL	UKBB	EAS	1	257	1056	5	2.2958984375	0	0	0	0
HDL	UKBB	EAS	1	264	872	5	1.74237990379333	0	0	0	0
HDL	UKBB	EAS	1	275	431	5	0.834421634674072	0	0	0	0
HDL	UKBB	EAS	2	1	500	5	1.25333976745605	0	0	0	0
HDL	UKBB	EAS	2	2	2996	5	6.16612505912781	0	0	0	0
HDL	UKBB	EAS	2	3	947	5	1.36852073669434	0	0	0	0
HDL	UKBB	EAS	2	4	733	5	1.13946413993835	0	0	0	0
HDL	UKBB	EAS	2	6	961	5	1.41597437858582	0	0	0	0
HDL	UKBB	EAS	2	13	1971	5	3.62726283073425	0	0	0	0
HDL	UKBB	EAS	2	28	322	5	1.37679076194763	0	0	0	0
HDL	UKBB	EAS	2	40	2287	5	3.71517300605774	0	0	0	0
HDL	UKBB	EAS	2	41	990	5	2.13648867607117	0	0	0	0
HDL	UKBB	EAS	2	44	771	5	1.25796294212341	0	0	0	0
HDL	UKBB	EAS	2	45	1738	5	3.49410057067871	0	0	0	0
HDL	UKBB	EAS	2	46	887	5	1.96975994110107	0	0	0	0
HDL	UKBB	EAS	2	47	2226	5	3.9734830856323198	0	0	0	0
HDL	UKBB	EAS	2	48	1204	5	2.35963869094849	0	0	0	0
HDL	UKBB	EAS	2	49	1381	5	2.66249847412109	0	0	0	0
HDL	UKBB	EAS	2	50	1317	5	1.77007460594177	0	0	0	0
HDL	UKBB	EAS	2	51	1426	5	2.10238003730774	0	0	0	0
HDL	UKBB	EAS	2	53	1099	5	1.52333307266235	0	0	0	0
HDL	UKBB	EAS	2	55	2764	5	5.4802930355072	0	0	0	0
HDL	UKBB	EAS	2	60	1681	5	3.2402617931366	0	0	0	0
HDL	UKBB	EAS	2	62	865	5	1.60463380813599	0	0	0	0
HDL	UKBB	EAS	2	63	1242	5	2.28571796417236	0	0	0	0
HDL	UKBB	EAS	2	66	3397	5	8.62962675094604	0	0	0	0
HDL	UKBB	EAS	2	67	3664	5	8.46724963188171	0	0	0	0
HDL	UKBB	EAS	2	68	591	5	1.56943798065186	0	0	0	0
HDL	UKBB	EAS	2	69	1987	5	2.95910263061523	0	0	0	0
HDL	UKBB	EAS	2	79	1481	5	2.05527544021606	0	0	0	0
HDL	UKBB	EAS	2	80	3732	5	7.63064050674438	0	0	0	0
HDL	UKBB	EAS	2	84	5318	5	17.6651210784912	0	0	0	0
HDL	UKBB	EAS	2	85	5200	5	16.5746765136719	0	0	0	0
HDL	UKBB	EAS	2	86	1820	5	2.84633731842041	0	0	0	0
HDL	UKBB	EAS	2	87	642	5	1.34117603302002	0	0	0	0
HDL	UKBB	EAS	2	88	5381	5	16.9423847198486	0	0	0	0
HDL	UKBB	EAS	2	89	1018	5	2.73547625541687	0	0	0	0
HDL	UKBB	EAS	2	90	1201	5	1.52814102172852	0	0	0	0
HDL	UKBB	EAS	2	97	2242	5	6.49999141693115	0	0	0	0
HDL	UKBB	EAS	2	99	998	5	2.04730224609375	0	0	0	0
HDL	UKBB	EAS	2	100	946	5	1.72850060462952	0	0	0	0
HDL	UKBB	EAS	2	115	2598	5	5.73395180702209	0	0	0	0
HDL	UKBB	EAS	2	117	1185	5	1.9622266292572	0	0	0	0
HDL	UKBB	EAS	2	122	958	5	1.5315728187561	0	0	0	0
HDL	UKBB	EAS	2	124	1661	5	2.04961133003235	0	0	0	0
HDL	UKBB	EAS	2	125	1580	5	2.37426328659058	0	0	0	0
HDL	UKBB	EAS	2	128	2313	5	3.4765796661377	0	0	0	0
HDL	UKBB	EAS	2	130	328	5	10.9906153678894	0	0	0	0
HDL	UKBB	EAS	2	131	85	5	0.767048120498657	0	0	0	0
HDL	UKBB	EAS	2	132	270	5	1.46800065040588	0	0	0	0
HDL	UKBB	EAS	2	138	2247	5	4.78705596923828	0	0	0	0
HDL	UKBB	EAS	2	146	2696	5	5.38231706619263	0	0	0	0
HDL	UKBB	EAS	2	147	4114	5	9.73396563529968	0	0	0	0
HDL	UKBB	EAS	2	151	1386	5	2.73288369178772	0	0	0	0
HDL	UKBB	EAS	2	153	1807	5	3.49316167831421	0	0	0	0
HDL	UKBB	EAS	2	154	1152	5	1.4996452331543	0	0	0	0
HDL	UKBB	EAS	2	159	3794	5	7.45776009559631	0	0	0	0
HDL	UKBB	EAS	2	163	62	5	0.769603490829468	0	0	0	0
HDL	UKBB	EAS	2	164	406	5	2.08336544036865	0	0	0	0
HDL	UKBB	EAS	2	166	3675	5	7.54081344604492	0	1	0	0
HDL	UKBB	EAS	2	168	1587	5	2.51428484916687	0	0	0	0
HDL	UKBB	EAS	2	171	2469	5	4.12505745887756	0	0	0	0
HDL	UKBB	EAS	2	175	94	5	0.698325157165527	0	0	0	0
HDL	UKBB	EAS	2	176	2589	5	3.94762301445007	0	0	0	0
HDL	UKBB	EAS	2	177	2152	5	4.58268690109253	0	0	0	0
HDL	UKBB	EAS	2	180	1461	5	2.10590791702271	0	0	0	0
HDL	UKBB	EAS	2	181	2105	5	3.319744348526	0	0	0	0
HDL	UKBB	EAS	2	183	771	5	1.18699622154236	0	0	0	0
HDL	UKBB	EAS	2	184	3170	5	7.02341341972351	0	0	0	0
HDL	UKBB	EAS	2	185	824	5	0.986370801925659	0	0	0	0
HDL	UKBB	EAS	2	186	2360	5	4.10643172264099	0	0	0	0
HDL	UKBB	EAS	2	191	554	5	3.13210582733154	0	0	0	0
HDL	UKBB	EAS	2	195	3948	5	9.57548856735229	0	0	0	0
HDL	UKBB	EAS	2	197	1899	5	2.15586829185486	0	0	0	0
HDL	UKBB	EAS	2	199	2179	5	4.25930333137512	0	0	0	0
HDL	UKBB	EAS	2	202	224	5	0.787002563476562	0	0	0	0
HDL	UKBB	EAS	2	205	936	5	2.19740533828735	0	0	0	0
HDL	UKBB	EAS	2	208	2585	5	4.98041749000549	0	0	0	0
HDL	UKBB	EAS	2	209	556	5	1.63015222549438	0	0	0	0
HDL	UKBB	EAS	2	210	1200	5	1.47689318656921	0	0	0	0
HDL	UKBB	EAS	2	213	3410	5	7.63273191452026	0	0	0	0
HDL	UKBB	EAS	2	215	1340	5	1.2030782699585	0	0	0	0
HDL	UKBB	EAS	2	217	821	5	1.25273418426514	0	0	0	0
HDL	UKBB	EAS	2	218	735	5	1.1710741519928	0	0	0	0
HDL	UKBB	EAS	2	221	1446	5	2.72434282302856	0	0	0	0
HDL	UKBB	EAS	2	227	1009	5	1.03800702095032	0	0	0	0
HDL	UKBB	EAS	2	228	1194	5	1.76040387153625	0	0	0	0
HDL	UKBB	EAS	2	230	1067	5	2.49754190444946	0	0	0	0
HDL	UKBB	EAS	2	232	1014	5	1.74485874176025	0	0	0	0
HDL	UKBB	EAS	2	233	449	5	1.04162049293518	0	0	0	0
HDL	UKBB	EAS	2	234	1360	5	1.41926908493042	0	0	0	0
HDL	UKBB	EAS	2	235	723	5	1.3925609588623	0	0	0	0
HDL	UKBB	EAS	2	237	1423	5	2.02214765548706	0	0	0	0
HDL	UKBB	EAS	2	240	1496	5	2.31174945831299	0	0	0	0
HDL	UKBB	EAS	2	247	590	5	1.59268641471863	0	0	0	0
HDL	UKBB	EAS	2	250	3462	5	7.13836169242859	0	0	0	0
HDL	UKBB	EAS	2	251	995	5	1.42536306381226	0	0	0	0
HDL	UKBB	EAS	2	256	1541	5	1.96108198165894	0	0	0	0
HDL	UKBB	EAS	3	8	431	5	1.2480685710907	0	0	0	0
HDL	UKBB	EAS	3	9	526	5	0.895385265350342	0	0	0	0
HDL	UKBB	EAS	3	20	1822	5	2.55134081840515	0	0	0	0
HDL	UKBB	EAS	3	23	1230	5	1.57601642608643	0	0	0	0
HDL	UKBB	EAS	3	24	1939	5	2.50691866874695	0	0	0	0
HDL	UKBB	EAS	3	25	251	5	1.48760318756104	0	0	0	0
HDL	UKBB	EAS	3	28	95	5	0.816208600997925	0	0	0	0
HDL	UKBB	EAS	3	30	1900	5	2.3999936580658	0	0	0	0
HDL	UKBB	EAS	3	32	2540	5	4.52049016952515	0	0	0	0
HDL	UKBB	EAS	3	34	729	5	1.57835102081299	0	0	0	0
HDL	UKBB	EAS	3	35	2352	5	2.85559582710266	0	0	0	0
HDL	UKBB	EAS	3	39	3318	5	6.00971269607544	0	0	0	0
HDL	UKBB	EAS	3	40	1422	5	2.34585571289062	0	0	0	0
HDL	UKBB	EAS	3	41	2365	5	5.58474659919739	0	0	0	0
HDL	UKBB	EAS	3	42	1728	5	2.26149845123291	0	0	0	0
HDL	UKBB	EAS	3	55	801	5	2.09123158454895	0	0	0	0
HDL	UKBB	EAS	3	59	2180	5	2.88026118278503	0	0	0	0
HDL	UKBB	EAS	3	60	2630	5	5.45074105262756	0	0	0	0
HDL	UKBB	EAS	3	64	109	5	0.948214530944824	0	0	0	0
HDL	UKBB	EAS	3	65	840	5	1.55009412765503	0	0	0	0
HDL	UKBB	EAS	3	71	1849	5	2.89138770103455	0	0	0	0
HDL	UKBB	EAS	3	77	3478	5	6.43415141105652	0	0	0	0
HDL	UKBB	EAS	3	81	1257	5	1.93387985229492	0	0	0	0
HDL	UKBB	EAS	3	83	3188	5	6.62183475494385	0	0	0	0
HDL	UKBB	EAS	3	84	1261	5	1.91416668891907	0	0	0	0
HDL	UKBB	EAS	3	85	1478	5	2.25990271568298	0	0	0	0
HDL	UKBB	EAS	3	88	1986	5	2.4527850151062	0	0	0	0
HDL	UKBB	EAS	3	89	1685	5	1.81049180030823	0	0	0	0
HDL	UKBB	EAS	3	90	1084	5	1.69436955451965	0	0	0	0
HDL	UKBB	EAS	3	105	1484	5	2.46467280387878	0	1	0	0
HDL	UKBB	EAS	3	106	4681	5	14.1582689285278	0	0	0	0
HDL	UKBB	EAS	3	108	1328	5	2.48345112800598	0	0	0	0
HDL	UKBB	EAS	3	109	3318	5	6.27217674255371	0	0	0	0
HDL	UKBB	EAS	3	112	1860	5	2.2193808555603	0	0	0	0
HDL	UKBB	EAS	3	114	1095	5	1.56967163085938	0	0	0	0
HDL	UKBB	EAS	3	119	3363	5	7.27616572380066	0	0	0	0
HDL	UKBB	EAS	3	120	1560	5	2.49758243560791	0	0	0	0
HDL	UKBB	EAS	3	121	1844	5	2.83840012550354	0	0	0	0
HDL	UKBB	EAS	3	123	661	5	2.27816104888916	0	0	0	0
HDL	UKBB	EAS	3	124	289	5	1.37144136428833	0	0	0	0
HDL	UKBB	EAS	3	125	1990	5	4.07510876655579	0	0	0	0
HDL	UKBB	EAS	3	127	2401	5	4.03816270828247	0	0	0	0
HDL	UKBB	EAS	3	128	688	5	1.66641688346863	0	0	0	0
HDL	UKBB	EAS	3	129	1098	5	2.49374532699585	0	0	0	0
HDL	UKBB	EAS	3	132	2583	5	4.9473295211792	0	0	0	0
HDL	UKBB	EAS	3	134	1071	5	1.32328605651855	0	0	0	0
HDL	UKBB	EAS	3	135	1828	5	3.40916275978088	0	0	0	0
HDL	UKBB	EAS	3	136	924	5	2.39987015724182	0	0	0	0
HDL	UKBB	EAS	3	140	1903	5	3.02020788192749	0	0	0	0
HDL	UKBB	EAS	3	144	537	5	1.53064465522766	0	0	0	0
HDL	UKBB	EAS	3	145	2307	5	4.53724598884583	0	0	0	0
HDL	UKBB	EAS	3	146	684	5	1.49480652809143	0	0	0	0
HDL	UKBB	EAS	3	155	1789	5	2.44773125648499	0	0	0	0
HDL	UKBB	EAS	3	158	2340	5	3.25043201446533	0	0	0	0
HDL	UKBB	EAS	3	159	1604	5	2.41643404960632	0	0	0	0
HDL	UKBB	EAS	3	161	2486	5	4.60571789741516	0	0	0	0
HDL	UKBB	EAS	3	162	3088	5	6.26898407936096	0	0	0	0
HDL	UKBB	EAS	3	165	2211	5	4.16432428359985	0	0	0	0
HDL	UKBB	EAS	3	170	1474	5	2.18392467498779	0	0	0	0
HDL	UKBB	EAS	3	171	1511	5	2.25596904754639	0	0	0	0
HDL	UKBB	EAS	3	174	392	5	1.24201321601868	0	0	0	0
HDL	UKBB	EAS	3	175	575	5	1.2842845916748	0	0	0	0
HDL	UKBB	EAS	3	179	1295	5	2.66675305366516	0	0	0	0
HDL	UKBB	EAS	3	183	994	5	2.1246645450592	0	0	0	0
HDL	UKBB	EAS	3	184	1141	5	2.08094382286072	0	0	0	0
HDL	UKBB	EAS	3	186	2270	5	3.53686475753784	0	0	0	0
HDL	UKBB	EAS	3	191	1290	5	1.94625020027161	0	0	0	0
HDL	UKBB	EAS	3	193	2154	5	3.75625491142273	0	0	0	0
HDL	UKBB	EAS	3	195	3888	5	10.3502292633057	0	0	0	0
HDL	UKBB	EAS	3	212	753	5	1.49548983573914	0	0	0	0
HDL	UKBB	EAS	3	214	2164	5	2.93300819396973	0	0	0	0
HDL	UKBB	EAS	3	216	880	5	1.46557998657227	0	0	0	0
HDL	UKBB	EAS	4	1	4743	5	11.4358334541321	0	0	0	0
HDL	UKBB	EAS	4	4	1513	5	1.41864562034607	0	0	0	0
HDL	UKBB	EAS	4	10	205	5	1.52848196029663	0	0	0	0
HDL	UKBB	EAS	4	21	3477	5	6.98697352409363	0	0	0	0
HDL	UKBB	EAS	4	32	2317	5	4.41160869598389	0	0	0	0
HDL	UKBB	EAS	4	33	2313	5	3.21487641334534	0	0	0	0
HDL	UKBB	EAS	4	37	1241	5	2.0692286491394	0	0	0	0
HDL	UKBB	EAS	4	39	1303	5	2.6206331253051802	0	0	0	0
HDL	UKBB	EAS	4	42	286	5	1.11056995391846	0	0	0	0
HDL	UKBB	EAS	4	54	5052	5	16.2784779071808	0	1	0	0
HDL	UKBB	EAS	4	55	1981	5	2.21071028709412	0	0	0	0
HDL	UKBB	EAS	4	63	3469	5	8.23887324333191	0	0	0	0
HDL	UKBB	EAS	4	64	2985	5	6.26746439933777	0	0	0	0
HDL	UKBB	EAS	4	66	1408	5	2.4516294002533	0	0	0	0
HDL	UKBB	EAS	4	67	322	5	0.636136531829834	0	0	0	0
HDL	UKBB	EAS	4	71	917	5	1.6536910533905	0	0	0	0
HDL	UKBB	EAS	4	79	1486	5	2.27118682861328	0	0	0	0
HDL	UKBB	EAS	4	80	2007	5	3.49770879745483	0	0	0	0
HDL	UKBB	EAS	4	87	2833	5	5.59964060783386	0	0	0	0
HDL	UKBB	EAS	4	94	1154	5	1.93402576446533	0	0	0	0
HDL	UKBB	EAS	4	95	736	5	1.33120107650757	0	0	0	0
HDL	UKBB	EAS	4	101	2127	5	3.5476450920105	0	0	0	0
HDL	UKBB	EAS	4	102	1344	5	1.20080304145813	0	0	0	0
HDL	UKBB	EAS	4	103	1057	5	2.15834975242615	0	0	0	0
HDL	UKBB	EAS	4	109	859	5	0.935441017150879	0	0	0	0
HDL	UKBB	EAS	4	113	1885	5	2.94262790679932	0	0	0	0
HDL	UKBB	EAS	4	114	2105	5	2.49270820617676	0	0	0	0
HDL	UKBB	EAS	4	115	1013	5	1.76010799407959	0	0	0	0
HDL	UKBB	EAS	4	116	1297	5	2.09856629371643	0	0	0	0
HDL	UKBB	EAS	4	117	1846	5	2.98107194900513	0	0	0	0
HDL	UKBB	EAS	4	121	1718	5	1.94456458091736	0	0	0	0
HDL	UKBB	EAS	4	122	803	5	1.1947021484375	0	0	0	0
HDL	UKBB	EAS	4	123	433	5	1.18004703521729	0	0	0	0
HDL	UKBB	EAS	4	124	2637	5	5.53066277503967	0	0	0	0
HDL	UKBB	EAS	4	129	2206	5	4.10413885116577	0	0	0	0
HDL	UKBB	EAS	4	130	2288	5	3.55007219314575	0	0	0	0
HDL	UKBB	EAS	4	134	3543	5	6.30326771736145	0	0	0	0
HDL	UKBB	EAS	4	136	2991	5	5.7758412361145	0	0	0	0
HDL	UKBB	EAS	4	146	1337	5	2.87335801124573	0	0	0	0
HDL	UKBB	EAS	4	147	815	5	1.54653644561768	0	0	0	0
HDL	UKBB	EAS	4	149	1810	5	3.06913757324219	0	0	0	0
HDL	UKBB	EAS	4	150	1929	5	3.26654839515686	0	0	0	0
HDL	UKBB	EAS	4	151	604	5	1.50928807258606	0	0	0	0
HDL	UKBB	EAS	4	152	774	5	1.65486025810242	0	1	1	2
HDL	UKBB	EAS	4	153	2071	5	3.61409878730774	0	0	0	0
HDL	UKBB	EAS	4	154	870	5	1.62633037567139	0	0	0	0
HDL	UKBB	EAS	4	156	2835	5	4.91906571388245	0	0	0	0
HDL	UKBB	EAS	4	159	839	5	1.69366335868835	0	0	0	0
HDL	UKBB	EAS	4	164	1787	5	3.68774461746216	0	0	0	0
HDL	UKBB	EAS	4	165	1430	5	2.51771092414856	0	0	0	0
HDL	UKBB	EAS	4	168	3105	5	5.50668811798096	0	0	0	0
HDL	UKBB	EAS	4	180	2124	5	3.10889863967896	0	0	0	0
HDL	UKBB	EAS	4	182	461	5	0.80530047416687	0	0	0	0
HDL	UKBB	EAS	4	184	1054	5	1.59432625770569	0	0	0	0
HDL	UKBB	EAS	4	205	428	5	1.83414769172668	0	0	0	0
HDL	UKBB	EAS	4	209	1238	5	2.80941915512085	0	0	0	0
HDL	UKBB	EAS	5	1	1251	5	2.24567055702209	0	0	0	0
HDL	UKBB	EAS	5	2	356	5	1.7304825782775901	0	0	0	0
HDL	UKBB	EAS	5	9	1024	5	1.7258312702179	0	0	0	0
HDL	UKBB	EAS	5	27	3475	5	7.89498090744019	0	0	0	0
HDL	UKBB	EAS	5	56	2781	5	4.8396201133728	0	0	0	0
HDL	UKBB	EAS	5	57	1717	5	3.45445990562439	0	0	0	0
HDL	UKBB	EAS	5	58	926	5	1.84995865821838	0	0	0	0
HDL	UKBB	EAS	5	60	1155	5	2.69896626472473	0	0	0	0
HDL	UKBB	EAS	5	64	2390	5	4.73128771781921	0	0	0	0
HDL	UKBB	EAS	5	66	1396	5	2.20321583747864	0	0	0	0
HDL	UKBB	EAS	5	68	540	5	1.21770906448364	0	0	0	0
HDL	UKBB	EAS	5	69	849	5	1.7153947353363	0	0	0	0
HDL	UKBB	EAS	5	70	636	5	1.52752304077148	0	0	0	0
HDL	UKBB	EAS	5	71	2803	5	4.86520338058472	0	0	0	0
HDL	UKBB	EAS	5	72	2666	5	4.88796353340149	0	0	0	0
HDL	UKBB	EAS	5	75	1908	5	2.46302247047424	0	0	0	0
HDL	UKBB	EAS	5	78	506	5	1.01663851737976	0	0	0	0
HDL	UKBB	EAS	5	80	1705	5	2.11740016937256	0	0	0	0
HDL	UKBB	EAS	5	81	1378	5	1.90825843811035	0	0	0	0
HDL	UKBB	EAS	5	82	960	5	1.28644776344299	0	0	0	0
HDL	UKBB	EAS	5	85	2418	5	4.63795614242554	0	0	0	0
HDL	UKBB	EAS	5	88	828	5	0.918287754058838	0	0	0	0
HDL	UKBB	EAS	5	92	1448	5	2.39610290527344	0	0	0	0
HDL	UKBB	EAS	5	93	728	5	1.52792763710022	0	0	0	0
HDL	UKBB	EAS	5	96	1824	5	3.18704223632812	0	0	0	0
HDL	UKBB	EAS	5	97	1537	5	2.56350016593933	0	0	0	0
HDL	UKBB	EAS	5	102	2276	5	4.38828253746033	0	0	0	0
HDL	UKBB	EAS	5	104	1741	5	2.69067406654358	0	0	0	0
HDL	UKBB	EAS	5	105	744	5	0.815263509750366	0	0	0	0
HDL	UKBB	EAS	5	108	786	5	0.959797143936157	0	0	0	0
HDL	UKBB	EAS	5	109	1093	5	2.17249488830566	0	0	0	0
HDL	UKBB	EAS	5	114	5334	5	17.3295381069183	0	0	0	0
HDL	UKBB	EAS	5	116	2545	5	3.97844052314758	0	0	0	0
HDL	UKBB	EAS	5	117	1511	5	2.49638342857361	0	0	0	0
HDL	UKBB	EAS	5	119	2116	5	4.59719133377075	0	0	0	0
HDL	UKBB	EAS	5	120	2476	5	4.40064692497253	0	0	0	0
HDL	UKBB	EAS	5	127	3422	5	6.62831902503967	0	0	0	0
HDL	UKBB	EAS	5	130	2683	5	4.04538536071777	0	0	0	0
HDL	UKBB	EAS	5	132	883	5	1.97867059707642	0	0	0	0
HDL	UKBB	EAS	5	133	1270	5	1.89865326881409	0	0	0	0
HDL	UKBB	EAS	5	134	1639	5	1.9644467830658	0	0	0	0
HDL	UKBB	EAS	5	136	2469	5	4.45347285270691	0	0	0	0
HDL	UKBB	EAS	5	142	1449	5	1.97771620750427	0	0	0	0
HDL	UKBB	EAS	5	144	1786	5	4.18598055839539	0	0	0	0
HDL	UKBB	EAS	5	145	2437	5	4.56263613700867	0	0	0	0
HDL	UKBB	EAS	5	146	2015	5	2.96935272216797	0	0	0	0
HDL	UKBB	EAS	5	147	1137	5	1.63442993164062	0	0	0	0
HDL	UKBB	EAS	5	151	487	5	1.39495611190796	0	0	0	0
HDL	UKBB	EAS	5	152	3202	5	6.34119534492493	0	0	0	0
HDL	UKBB	EAS	5	154	1424	5	2.82876896858215	0	0	0	0
HDL	UKBB	EAS	5	156	1582	5	1.98633790016174	0	0	0	0
HDL	UKBB	EAS	5	158	1326	5	1.96052193641663	0	0	0	0
HDL	UKBB	EAS	5	160	1287	5	2.39063191413879	0	0	0	0
HDL	UKBB	EAS	5	163	1221	5	2.06642651557922	0	0	0	0
HDL	UKBB	EAS	5	167	1350	5	1.99652719497681	0	0	0	0
HDL	UKBB	EAS	5	168	1718	5	2.94713473320007	0	0	0	0
HDL	UKBB	EAS	5	181	511	5	0.758049964904785	0	0	0	0
HDL	UKBB	EAS	5	189	841	5	1.30555152893066	0	0	0	0
HDL	UKBB	EAS	5	191	2455	5	4.2799768447876	0	0	0	0
HDL	UKBB	EAS	5	193	520	5	0.95177698135376	0	0	0	0
HDL	UKBB	EAS	5	194	578	5	1.61752223968506	0	0	0	0
HDL	UKBB	EAS	5	202	627	5	1.42068696022034	0	0	0	0
HDL	UKBB	EAS	5	207	1447	5	2.56296992301941	0	0	0	0
HDL	UKBB	EAS	5	208	1210	5	1.75725269317627	0	0	0	0
HDL	UKBB	EAS	5	209	263	5	0.822410821914673	0	0	0	0
HDL	UKBB	EAS	5	210	202	5	0.730076551437378	0	0	0	0
HDL	UKBB	EAS	6	18	212	5	1.50007843971252	0	0	0	0
HDL	UKBB	EAS	6	19	1597	5	2.49531888961792	0	0	0	0
HDL	UKBB	EAS	6	21	1292	5	1.71132683753967	0	0	0	0
HDL	UKBB	EAS	6	23	1129	5	2.02035188674927	0	0	0	0
HDL	UKBB	EAS	6	29	1551	5	2.33481860160828	0	0	0	0
HDL	UKBB	EAS	6	34	1700	5	3.3191089630127	0	0	0	0
HDL	UKBB	EAS	6	36	549	5	0.768062829971313	0	0	0	0
HDL	UKBB	EAS	6	37	864	5	1.8772828578949	0	0	0	0
HDL	UKBB	EAS	6	38	570	5	0.926347255706787	0	0	0	0
HDL	UKBB	EAS	6	39	2714	5	4.94897055625916	0	0	0	0
HDL	UKBB	EAS	6	43	1681	5	2.8807384967804	0	0	0	0
HDL	UKBB	EAS	6	49	391	5	1.35853004455566	0	0	0	0
HDL	UKBB	EAS	6	50	2859	5	6.32504868507385	0	0	0	0
HDL	UKBB	EAS	6	51	3578	5	7.8455126285553	0	0	0	0
HDL	UKBB	EAS	6	52	1104	5	2.03626251220703	0	0	0	0
HDL	UKBB	EAS	6	53	946	5	1.27507066726685	0	0	0	0
HDL	UKBB	EAS	6	55	1093	5	2.2269549369812	0	0	0	0
HDL	UKBB	EAS	6	57	1155	5	2.57251763343811	0	0	0	0
HDL	UKBB	EAS	6	58	1587	5	2.13328242301941	0	0	0	0
HDL	UKBB	EAS	6	60	911	5	1.18156862258911	0	0	0	0
HDL	UKBB	EAS	6	63	1528	5	1.48963952064514	0	0	0	0
HDL	UKBB	EAS	6	64	144	5	0.883622646331787	0	0	0	0
HDL	UKBB	EAS	6	68	397	5	1.02871060371399	0	0	0	0
HDL	UKBB	EAS	6	69	1289	5	1.80825114250183	0	0	0	0
HDL	UKBB	EAS	6	71	5371	5	15.59281873703	0	0	0	0
HDL	UKBB	EAS	6	73	276	5	0.992623329162598	0	0	0	0
HDL	UKBB	EAS	6	76	3619	5	7.91775822639465	0	0	0	0
HDL	UKBB	EAS	6	84	1739	5	2.52296423912048	0	0	0	0
HDL	UKBB	EAS	6	85	4009	5	11.8559105396271	0	0	0	0
HDL	UKBB	EAS	6	86	4388	5	15.1066384315491	0	0	0	0
HDL	UKBB	EAS	6	88	5023	5	16.0408420562744	0	0	0	0
HDL	UKBB	EAS	6	90	378	5	0.901263952255249	0	0	0	0
HDL	UKBB	EAS	6	94	2728	5	4.42097115516663	0	0	0	0
HDL	UKBB	EAS	6	97	1697	5	3.45956993103027	0	0	0	0
HDL	UKBB	EAS	6	98	1976	5	3.11150455474854	0	0	0	0
HDL	UKBB	EAS	6	101	1983	5	3.85258316993713	0	0	0	0
HDL	UKBB	EAS	6	105	1864	5	2.50449681282043	0	0	0	0
HDL	UKBB	EAS	6	106	1679	5	2.56431198120117	0	0	0	0
HDL	UKBB	EAS	6	108	522	5	1.48445224761963	0	0	0	0
HDL	UKBB	EAS	6	109	1676	5	1.8513777256012	0	0	0	0
HDL	UKBB	EAS	6	115	3730	5	8.0525815486908	0	0	0	0
HDL	UKBB	EAS	6	116	2346	5	3.84860157966614	0	0	0	0
HDL	UKBB	EAS	6	117	4056	5	7.09011578559875	0	0	0	0
HDL	UKBB	EAS	6	118	1554	5	1.96408081054688	0	0	0	0
HDL	UKBB	EAS	6	124	1783	5	2.75646948814392	0	0	0	0
HDL	UKBB	EAS	6	127	1129	5	1.52570939064026	0	0	0	0
HDL	UKBB	EAS	6	128	1886	5	2.6888165473938	0	0	0	0
HDL	UKBB	EAS	6	134	1204	5	2.80451512336731	0	0	0	0
HDL	UKBB	EAS	6	137	759	5	1.34610462188721	0	0	0	0
HDL	UKBB	EAS	6	140	1306	5	2.34811663627625	0	0	0	0
HDL	UKBB	EAS	6	146	907	5	1.14160084724426	0	0	0	0
HDL	UKBB	EAS	6	160	1947	5	3.2413663864135698	0	0	0	0
HDL	UKBB	EAS	6	161	1433	5	1.94110441207886	0	0	0	0
HDL	UKBB	EAS	6	164	823	5	1.43930315971375	0	0	0	0
HDL	UKBB	EAS	6	167	991	5	1.20820021629333	0	0	0	0
HDL	UKBB	EAS	6	168	2010	5	3.0030460357666	0	0	0	0
HDL	UKBB	EAS	6	169	3308	5	6.11085844039917	0	0	0	0
HDL	UKBB	EAS	6	173	2215	5	3.64098715782166	0	0	0	0
HDL	UKBB	EAS	6	175	917	5	2.07266306877136	0	0	0	0
HDL	UKBB	EAS	6	179	1186	5	1.74667882919312	0	0	0	0
HDL	UKBB	EAS	6	182	1754	5	2.52946305274963	0	0	0	0
HDL	UKBB	EAS	6	183	619	5	0.851849317550659	0	0	0	0
HDL	UKBB	EAS	7	1	371	5	1.07783031463623	0	0	0	0
HDL	UKBB	EAS	7	3	968	5	1.44185900688171	0	0	0	0
HDL	UKBB	EAS	7	12	2208	5	4.22388863563538	0	0	0	0
HDL	UKBB	EAS	7	13	907	5	1.53088808059692	0	0	0	0
HDL	UKBB	EAS	7	21	302	5	1.21327543258667	0	0	0	0
HDL	UKBB	EAS	7	25	2877	5	5.75200271606445	0	0	0	0
HDL	UKBB	EAS	7	26	2411	5	5.60439133644104	0	0	0	0
HDL	UKBB	EAS	7	31	1989	5	2.48195457458496	0	0	0	0
HDL	UKBB	EAS	7	32	1874	5	2.84164190292358	0	0	0	0
HDL	UKBB	EAS	7	33	2424	5	4.94901418685913	0	0	0	0
HDL	UKBB	EAS	7	37	2430	5	2.88613510131836	0	0	0	0
HDL	UKBB	EAS	7	39	1388	5	1.70408630371094	0	0	0	0
HDL	UKBB	EAS	7	40	3194	5	6.33475494384766	0	0	0	0
HDL	UKBB	EAS	7	42	1984	5	2.54570960998535	0	0	0	0
HDL	UKBB	EAS	7	43	2344	5	3.76005029678345	0	0	0	0
HDL	UKBB	EAS	7	44	352	5	1.11805033683777	0	0	0	0
HDL	UKBB	EAS	7	45	740	5	1.25700831413269	0	0	0	0
HDL	UKBB	EAS	7	46	324	5	1.66472482681274	0	0	0	0
HDL	UKBB	EAS	7	48	377	5	1.48002862930298	0	0	0	0
HDL	UKBB	EAS	7	49	1423	5	2.73840379714966	0	0	0	0
HDL	UKBB	EAS	7	51	1294	5	1.33983755111694	0	0	0	0
HDL	UKBB	EAS	7	53	760	5	1.28716921806335	0	0	0	0
HDL	UKBB	EAS	7	58	1662	5	1.70612740516663	0	0	0	0
HDL	UKBB	EAS	7	62	1074	5	1.47010350227356	0	0	0	0
HDL	UKBB	EAS	7	64	165	5	0.890568733215332	0	0	0	0
HDL	UKBB	EAS	7	67	4229	5	14.0658609867096	0	0	0	0
HDL	UKBB	EAS	7	69	1094	5	1.81762099266052	0	0	0	0
HDL	UKBB	EAS	7	72	2732	5	6.61127662658691	0	0	0	0
HDL	UKBB	EAS	7	73	655	5	2.94845461845398	0	0	0	0
HDL	UKBB	EAS	7	74	926	5	1.39657211303711	0	0	0	0
HDL	UKBB	EAS	7	82	1789	5	1.67244601249695	0	0	0	0
HDL	UKBB	EAS	7	85	1661	5	2.14752435684204	0	1	0	0
HDL	UKBB	EAS	7	86	511	5	1.02855563163757	0	0	0	0
HDL	UKBB	EAS	7	87	56	5	0.619943857192993	0	0	0	0
HDL	UKBB	EAS	7	88	2400	5	4.64661431312561	0	0	0	0
HDL	UKBB	EAS	7	89	1795	5	2.58022284507751	0	0	0	0
HDL	UKBB	EAS	7	90	549	5	1.49819564819336	0	0	0	0
HDL	UKBB	EAS	7	92	2028	5	4.0522027015686	0	0	0	0
HDL	UKBB	EAS	7	93	921	5	1.58649969100952	0	0	0	0
HDL	UKBB	EAS	7	94	1134	5	2.35062718391418	0	0	0	0
HDL	UKBB	EAS	7	95	1292	5	1.89531660079956	0	0	0	0
HDL	UKBB	EAS	7	99	2505	5	6.38968515396118	0	0	0	0
HDL	UKBB	EAS	7	101	2461	5	6.43165302276611	0	0	0	0
HDL	UKBB	EAS	7	107	3369	5	7.7368049621582	0	0	0	0
HDL	UKBB	EAS	7	111	1956	5	3.77851796150208	0	0	0	0
HDL	UKBB	EAS	7	113	2110	5	3.56244349479675	0	0	0	0
HDL	UKBB	EAS	7	114	3560	5	7.79890298843384	0	0	0	0
HDL	UKBB	EAS	7	119	1139	5	1.73370122909546	0	0	0	0
HDL	UKBB	EAS	7	121	2691	5	4.9363386631012	0	0	0	0
HDL	UKBB	EAS	7	127	405	5	1.09593772888184	0	0	0	0
HDL	UKBB	EAS	7	128	364	5	1.70492219924927	0	0	0	0
HDL	UKBB	EAS	7	131	3557	5	4.63046526908875	0	0	0	0
HDL	UKBB	EAS	7	132	3880	5	9.97606444358826	0	0	0	0
HDL	UKBB	EAS	7	133	2977	5	6.05333161354065	0	0	0	0
HDL	UKBB	EAS	7	134	923	5	1.17022490501404	0	0	0	0
HDL	UKBB	EAS	7	139	502	5	1.13927865028381	0	0	0	0
HDL	UKBB	EAS	7	141	2437	5	6.80463123321533	0	0	0	0
HDL	UKBB	EAS	7	143	523	5	1.51245546340942	0	0	0	0
HDL	UKBB	EAS	7	145	1191	5	3.07998108863831	0	0	0	0
HDL	UKBB	EAS	7	146	354	5	1.18514823913574	0	0	0	0
HDL	UKBB	EAS	7	147	738	5	1.71156525611877	0	0	0	0
HDL	UKBB	EAS	7	160	927	5	1.85249328613281	0	0	0	0
HDL	UKBB	EAS	7	161	466	5	1.46744441986084	0	0	0	0
HDL	UKBB	EAS	7	162	2918	5	6.7076370716095	0	0	0	0
HDL	UKBB	EAS	7	164	345	5	1.91360449790955	0	0	0	0
HDL	UKBB	EAS	7	184	1690	5	2.59367752075195	0	0	0	0
HDL	UKBB	EAS	7	187	2915	5	6.82552123069763	0	0	0	0
HDL	UKBB	EAS	8	13	661	5	0.782336235046387	0	0	0	0
HDL	UKBB	EAS	8	17	1546	5	3.18513250350952	0	0	0	0
HDL	UKBB	EAS	8	20	1720	5	2.14273762702942	0	0	0	0
HDL	UKBB	EAS	8	21	2106	5	3.23474502563477	0	0	0	0
HDL	UKBB	EAS	8	22	3319	5	6.72480750083923	0	0	0	0
HDL	UKBB	EAS	8	23	1751	5	2.13234734535217	0	0	0	0
HDL	UKBB	EAS	8	24	3776	5	7.90314626693726	0	0	0	0
HDL	UKBB	EAS	8	27	1263	5	2.79273843765259	0	0	0	0
HDL	UKBB	EAS	8	29	3620	5	6.61513757705688	0	0	0	0
HDL	UKBB	EAS	8	30	808	5	2.34213209152222	0	0	0	0
HDL	UKBB	EAS	8	31	321	5	1.87497663497925	0	0	0	0
HDL	UKBB	EAS	8	32	1857	5	4.499671459198	0	0	0	0
HDL	UKBB	EAS	8	33	1803	5	2.65167355537415	0	0	0	0
HDL	UKBB	EAS	8	34	654	5	1.31083154678345	0	0	0	0
HDL	UKBB	EAS	8	35	802	5	1.58874130249023	0	0	0	0
HDL	UKBB	EAS	8	36	504	5	2.46607780456543	0	0	0	0
HDL	UKBB	EAS	8	37	638	5	0.923572063446045	0	0	0	0
HDL	UKBB	EAS	8	39	1437	5	2.51360416412354	0	0	0	0
HDL	UKBB	EAS	8	40	1645	5	3.08414626121521	0	0	0	0
HDL	UKBB	EAS	8	42	2200	5	2.63618683815002	0	0	0	0
HDL	UKBB	EAS	8	46	588	5	0.927715301513672	0	0	0	0
HDL	UKBB	EAS	8	48	1675	5	1.85355806350708	0	0	0	0
HDL	UKBB	EAS	8	51	1964	5	2.60939192771912	0	0	0	0
HDL	UKBB	EAS	8	53	1046	5	1.26280069351196	0	0	0	0
HDL	UKBB	EAS	8	55	848	5	1.84269833564758	0	0	0	0
HDL	UKBB	EAS	8	69	2870	5	6.48807382583618	0	0	0	0
HDL	UKBB	EAS	8	70	3265	5	5.51352620124817	0	0	0	0
HDL	UKBB	EAS	8	71	1806	5	3.00074195861816	0	0	0	0
HDL	UKBB	EAS	8	77	1489	5	2.8479962348938	0	0	0	0
HDL	UKBB	EAS	8	78	373	5	1.86780405044556	0	0	0	0
HDL	UKBB	EAS	8	80	705	5	0.992685079574585	0	0	0	0
HDL	UKBB	EAS	8	81	1947	5	3.06261444091797	0	0	0	0
HDL	UKBB	EAS	8	84	3834	5	7.25181865692139	0	0	0	0
HDL	UKBB	EAS	8	88	1999	5	2.38283824920654	0	0	0	0
HDL	UKBB	EAS	8	93	2502	5	4.45960569381714	0	0	0	0
HDL	UKBB	EAS	8	94	1254	5	1.92816424369812	0	0	0	0
HDL	UKBB	EAS	8	107	640	5	1.60553812980652	0	0	0	0
HDL	UKBB	EAS	8	108	3089	5	7.99177742004395	0	0	0	0
HDL	UKBB	EAS	8	109	2794	5	7.27107644081116	0	0	0	0
HDL	UKBB	EAS	8	110	2447	5	6.40202784538269	0	0	0	0
HDL	UKBB	EAS	8	112	2143	5	2.79224300384521	0	0	0	0
HDL	UKBB	EAS	8	113	1114	5	0.881943225860596	0	0	0	0
HDL	UKBB	EAS	8	115	1184	5	2.77346348762512	0	0	0	0
HDL	UKBB	EAS	8	118	868	5	1.14420866966248	0	0	0	0
HDL	UKBB	EAS	8	119	1388	5	2.28388047218323	0	0	0	0
HDL	UKBB	EAS	8	124	1028	5	2.2251923084259	0	0	0	0
HDL	UKBB	EAS	8	125	418	5	2.02565503120422	0	0	0	0
HDL	UKBB	EAS	8	127	956	5	2.1334981918335	0	0	0	0
HDL	UKBB	EAS	8	130	981	5	2.27166819572449	0	0	0	0
HDL	UKBB	EAS	8	159	931	5	0.940102338790894	0	0	0	0
HDL	UKBB	EAS	8	160	944	5	1.39721035957336	0	0	0	0
HDL	UKBB	EAS	9	1	2719	5	6.11703014373779	0	0	0	0
HDL	UKBB	EAS	9	4	1570	5	2.24296569824219	0	0	0	0
HDL	UKBB	EAS	9	9	1156	5	3.16654133796692	0	0	0	0
HDL	UKBB	EAS	9	12	1529	5	2.05403423309326	0	0	0	0
HDL	UKBB	EAS	9	27	3690	5	5.9863498210907	0	0	0	0
HDL	UKBB	EAS	9	31	2317	5	4.45235157012939	0	0	0	0
HDL	UKBB	EAS	9	33	1952	5	2.77508068084717	0	0	0	0
HDL	UKBB	EAS	9	36	1560	5	2.63958406448364	0	0	0	0
HDL	UKBB	EAS	9	40	2853	5	7.25176048278809	0	0	0	0
HDL	UKBB	EAS	9	48	423	5	1.32154750823975	0	0	0	0
HDL	UKBB	EAS	9	49	4881	5	15.4500353336334	0	0	0	0
HDL	UKBB	EAS	9	50	2477	5	4.998291015625	0	0	0	0
HDL	UKBB	EAS	9	51	868	5	1.05384540557861	0	0	0	0
HDL	UKBB	EAS	9	53	3047	5	5.86770820617676	0	0	0	0
HDL	UKBB	EAS	9	56	2031	5	3.63654470443726	0	0	0	0
HDL	UKBB	EAS	9	63	2492	5	3.57138800621033	0	0	0	0
HDL	UKBB	EAS	9	78	583	5	1.33125042915344	0	0	0	0
HDL	UKBB	EAS	9	84	1532	5	2.2449312210083	0	0	0	0
HDL	UKBB	EAS	9	85	1833	5	3.07828783988953	0	0	0	0
HDL	UKBB	EAS	9	88	1033	5	1.907057762146	0	0	0	0
HDL	UKBB	EAS	9	91	1210	5	2.06132411956787	0	0	0	0
HDL	UKBB	EAS	9	92	231	5	0.918949604034424	0	0	0	0
HDL	UKBB	EAS	9	93	1509	5	2.59740424156189	0	0	0	0
HDL	UKBB	EAS	9	97	969	5	0.909224271774292	0	0	0	0
HDL	UKBB	EAS	9	98	2688	5	5.34825468063354	0	0	0	0
HDL	UKBB	EAS	9	100	2593	5	4.05489706993103	0	0	0	0
HDL	UKBB	EAS	9	102	2281	5	2.52227067947388	0	0	0	0
HDL	UKBB	EAS	9	103	593	5	1.33533096313477	0	0	0	0
HDL	UKBB	EAS	9	104	727	5	1.5844886302948	0	0	0	0
HDL	UKBB	EAS	9	105	484	5	1.74791240692139	0	0	0	0
HDL	UKBB	EAS	9	106	1742	5	2.13996052742004	0	0	0	0
HDL	UKBB	EAS	9	107	542	5	1.21889352798462	0	0	0	0
HDL	UKBB	EAS	9	109	2932	5	5.72319602966309	0	0	0	0
HDL	UKBB	EAS	9	110	2881	5	5.19627165794373	0	0	0	0
HDL	UKBB	EAS	9	111	73	5	0.629518508911133	1	1	1	1
HDL	UKBB	EAS	9	112	2206	5	4.00775456428528	0	0	0	0
HDL	UKBB	EAS	9	113	1289	5	2.04645276069641	0	0	0	0
HDL	UKBB	EAS	9	114	797	5	1.75197720527649	0	0	0	0
HDL	UKBB	EAS	9	115	2955	5	5.2015233039856	0	0	0	0
HDL	UKBB	EAS	9	116	1447	5	1.9326696395874	0	0	0	0
HDL	UKBB	EAS	9	118	3596	5	5.19414019584656	0	0	0	0
HDL	UKBB	EAS	9	124	1310	5	2.74140954017639	0	0	0	0
HDL	UKBB	EAS	9	129	1866	5	3.95240044593811	0	0	0	0
HDL	UKBB	EAS	9	130	1601	5	2.80813431739807	0	0	0	0
HDL	UKBB	EAS	9	134	2588	5	5.96526503562927	0	0	0	0
HDL	UKBB	EAS	9	136	1545	5	1.58792948722839	0	0	0	0
HDL	UKBB	EAS	9	138	2397	5	41.5642073154449	0	0	1	49
HDL	UKBB	EAS	9	140	3218	5	6.35237121582031	0	0	0	0
HDL	UKBB	EAS	9	141	347	5	1.40310120582581	0	0	0	0
HDL	UKBB	EAS	9	144	733	5	0.687417268753052	0	0	0	0
HDL	UKBB	EAS	9	148	713	5	1.04176592826843	0	0	0	0
HDL	UKBB	EAS	9	149	879	5	1.51288294792175	0	0	0	0
HDL	UKBB	EAS	9	152	175	5	1.91216778755188	0	0	0	0
HDL	UKBB	EAS	9	153	105	5	0.747920036315918	0	0	0	0
HDL	UKBB	EAS	9	154	400	5	0.728536605834961	0	0	0	0
HDL	UKBB	EAS	9	156	800	5	1.65299868583679	0	0	0	0
HDL	UKBB	EAS	9	162	338	5	1.46180152893066	0	0	0	0
HDL	UKBB	EAS	10	1	1949	5	3.46416831016541	0	0	0	0
HDL	UKBB	EAS	10	9	168	5	1.67598915100098	0	0	0	0
HDL	UKBB	EAS	10	11	624	5	1.67179179191589	0	0	0	0
HDL	UKBB	EAS	10	13	1574	5	1.78044700622559	0	0	0	0
HDL	UKBB	EAS	10	14	2155	5	3.43368005752563	0	0	0	0
HDL	UKBB	EAS	10	20	80	5	0.600608348846436	0	0	0	0
HDL	UKBB	EAS	10	22	1688	5	2.05205154418945	0	0	0	0
HDL	UKBB	EAS	10	23	425	5	1.8606264591217	0	0	0	0
HDL	UKBB	EAS	10	33	1424	5	2.04553461074829	0	0	0	0
HDL	UKBB	EAS	10	40	1209	5	2.5802845954895	0	0	0	0
HDL	UKBB	EAS	10	43	1391	5	2.93903088569641	0	0	0	0
HDL	UKBB	EAS	10	46	2531	5	4.15535545349121	0	0	0	0
HDL	UKBB	EAS	10	48	1919	5	1.56951975822449	0	0	0	0
HDL	UKBB	EAS	10	49	1713	5	2.6596348285675	0	0	0	0
HDL	UKBB	EAS	10	52	2085	5	3.05705070495605	0	0	0	0
HDL	UKBB	EAS	10	54	4195	5	10.2260131835938	0	0	0	0
HDL	UKBB	EAS	10	60	2317	5	4.06947922706604	0	0	0	0
HDL	UKBB	EAS	10	61	763	5	1.69266748428345	0	0	0	0
HDL	UKBB	EAS	10	64	367	5	1.18299627304077	0	0	0	0
HDL	UKBB	EAS	10	67	1399	5	1.74399161338806	0	0	0	0
HDL	UKBB	EAS	10	68	1018	5	1.65529656410217	0	0	0	0
HDL	UKBB	EAS	10	70	1903	5	3.73943829536438	0	0	0	0
HDL	UKBB	EAS	10	79	2066	5	3.78807735443115	0	0	0	0
HDL	UKBB	EAS	10	80	1675	5	4.78043723106384	0	0	0	0
HDL	UKBB	EAS	10	81	2223	5	4.18236589431763	0	0	0	0
HDL	UKBB	EAS	10	83	2278	5	5.17244100570679	0	0	0	0
HDL	UKBB	EAS	10	85	599	5	1.53937530517578	0	0	0	0
HDL	UKBB	EAS	10	87	1059	5	1.99739098548889	0	0	0	0
HDL	UKBB	EAS	10	92	3394	5	7.48004293441772	0	0	0	0
HDL	UKBB	EAS	10	93	464	5	0.818977832794189	0	0	0	0
HDL	UKBB	EAS	10	100	527	5	0.827644824981689	0	0	0	0
HDL	UKBB	EAS	10	101	1425	5	1.10843753814697	0	0	0	0
HDL	UKBB	EAS	10	109	2000	5	3.50195980072021	0	0	0	0
HDL	UKBB	EAS	10	113	1498	5	2.00040888786316	0	0	0	0
HDL	UKBB	EAS	10	117	2504	5	6.68261051177979	0	0	0	0
HDL	UKBB	EAS	10	124	449	5	0.861070156097412	0	0	0	0
HDL	UKBB	EAS	10	126	2353	5	3.49680924415588	0	0	0	0
HDL	UKBB	EAS	10	127	503	5	1.27537488937378	0	0	0	0
HDL	UKBB	EAS	10	128	150	5	0.87745213508606	0	0	0	0
HDL	UKBB	EAS	10	129	2640	5	4.64958953857422	0	0	0	0
HDL	UKBB	EAS	10	130	809	5	2.26876711845398	0	0	0	0
HDL	UKBB	EAS	10	137	2395	5	2.34473061561584	0	0	0	0
HDL	UKBB	EAS	10	138	356	5	1.03989124298096	0	0	0	0
HDL	UKBB	EAS	10	140	310	5	1.27965497970581	0	0	0	0
HDL	UKBB	EAS	10	141	1184	5	1.73505687713623	0	0	0	0
HDL	UKBB	EAS	10	142	504	5	1.92560958862305	0	0	0	0
HDL	UKBB	EAS	10	143	2018	5	4.7515082359314	0	0	0	0
HDL	UKBB	EAS	10	144	901	5	0.891239404678345	0	0	0	0
HDL	UKBB	EAS	10	145	835	5	1.50661087036133	0	0	0	0
HDL	UKBB	EAS	10	150	2181	5	3.9598753452301	0	0	0	0
HDL	UKBB	EAS	10	152	1493	5	2.184730052948	0	0	0	0
HDL	UKBB	EAS	10	153	1599	5	2.38246893882751	0	0	0	0
HDL	UKBB	EAS	10	154	2964	5	8.5975706577301	0	0	0	0
HDL	UKBB	EAS	10	157	1157	5	0.970546722412109	0	0	0	0
HDL	UKBB	EAS	10	162	1002	5	1.83692955970764	0	0	0	0
HDL	UKBB	EAS	10	167	297	5	1.65410590171814	0	0	0	0
HDL	UKBB	EAS	11	2	784	5	1.22876119613647	0	0	0	0
HDL	UKBB	EAS	11	4	973	5	1.73328828811646	0	0	0	0
HDL	UKBB	EAS	11	6	184	5	2.46047306060791	0	0	0	0
HDL	UKBB	EAS	11	7	616	5	1.06260251998901	0	0	0	0
HDL	UKBB	EAS	11	11	1802	5	1.57695341110229	0	0	0	0
HDL	UKBB	EAS	11	18	3292	5	9.99069499969482	0	0	0	0
HDL	UKBB	EAS	11	19	633	5	1.24612045288086	0	0	0	0
HDL	UKBB	EAS	11	26	549	5	2.24616813659668	0	0	0	0
HDL	UKBB	EAS	11	27	1458	5	2.2214879989624	0	0	0	0
HDL	UKBB	EAS	11	28	922	5	1.61443781852722	0	0	0	0
HDL	UKBB	EAS	11	29	737	5	1.56538558006287	0	0	0	0
HDL	UKBB	EAS	11	30	979	5	1.74006247520447	0	0	0	0
HDL	UKBB	EAS	11	33	1431	5	1.88016557693481	0	0	0	0
HDL	UKBB	EAS	11	51	1567	5	3.36368894577026	0	0	0	0
HDL	UKBB	EAS	11	52	891	5	1.48465442657471	0	0	0	0
HDL	UKBB	EAS	11	53	1785	5	2.10493516921997	0	0	0	0
HDL	UKBB	EAS	11	54	1377	5	2.58637237548828	0	0	0	0
HDL	UKBB	EAS	11	57	1114	5	1.39273595809937	0	0	0	0
HDL	UKBB	EAS	11	65	1437	5	1.75549936294556	0	0	0	0
HDL	UKBB	EAS	11	70	2835	5	5.79068779945374	0	0	0	0
HDL	UKBB	EAS	11	75	552	5	2.19304776191711	0	0	0	0
HDL	UKBB	EAS	11	76	1286	5	2.21105694770813	0	0	0	0
HDL	UKBB	EAS	11	77	916	5	0.774344444274902	0	0	0	0
HDL	UKBB	EAS	11	78	1216	5	1.27656388282776	0	0	0	0
HDL	UKBB	EAS	11	79	2784	5	4.84128904342651	0	0	0	0
HDL	UKBB	EAS	11	80	1417	5	2.66230368614197	0	0	0	0
HDL	UKBB	EAS	11	81	1138	5	1.43320322036743	0	0	0	0
HDL	UKBB	EAS	11	86	1474	5	1.97329497337341	0	0	0	0
HDL	UKBB	EAS	11	88	2007	5	2.90346598625183	0	0	0	0
HDL	UKBB	EAS	11	89	306	5	1.83108687400818	0	0	0	0
HDL	UKBB	EAS	11	90	2785	5	4.64878749847412	0	0	0	0
HDL	UKBB	EAS	11	100	1872	5	2.49542117118835	0	0	0	0
HDL	UKBB	EAS	11	107	754	5	1.46118831634521	0	0	0	0
HDL	UKBB	EAS	11	108	507	5	2.00383424758911	0	0	0	0
HDL	UKBB	EAS	11	109	529	5	1.45718240737915	0	0	0	0
HDL	UKBB	EAS	11	115	1619	5	1.81487345695496	0	0	0	0
HDL	UKBB	EAS	11	117	3179	5	6.28112721443176	0	0	0	0
HDL	UKBB	EAS	11	121	1606	5	2.29781460762024	0	0	0	0
HDL	UKBB	EAS	11	123	614	5	1.26350712776184	0	0	0	0
HDL	UKBB	EAS	11	126	2766	5	5.43735337257385	0	0	0	0
HDL	UKBB	EAS	11	128	221	5	0.892646551132202	0	0	0	0
HDL	UKBB	EAS	11	129	1679	5	2.60392475128174	0	1	1	2
HDL	UKBB	EAS	11	130	888	5	2.70388436317444	0	0	0	0
HDL	UKBB	EAS	11	131	209	5	0.93701958656311	0	0	0	0
HDL	UKBB	EAS	11	132	602	5	0.740666151046753	0	0	0	0
HDL	UKBB	EAS	11	133	1615	5	1.65297293663025	0	0	0	0
HDL	UKBB	EAS	11	134	1967	5	5.85100984573364	0	0	0	0
HDL	UKBB	EAS	11	138	792	5	1.31456637382507	0	0	0	0
HDL	UKBB	EAS	11	140	806	5	1.64141964912415	0	0	0	0
HDL	UKBB	EAS	11	141	259	5	1.56173992156982	0	0	0	0
HDL	UKBB	EAS	11	142	1881	5	3.36921715736389	0	0	0	0
HDL	UKBB	EAS	11	147	2750	5	6.00679206848145	0	0	0	0
HDL	UKBB	EAS	11	148	841	5	1.5634651184082	0	0	0	0
HDL	UKBB	EAS	11	149	2238	5	3.00218844413757	0	0	0	0
HDL	UKBB	EAS	12	4	944	5	0.84133768081665	0	0	0	0
HDL	UKBB	EAS	12	8	509	5	1.3555383682251	0	0	0	0
HDL	UKBB	EAS	12	9	205	5	1.21868515014648	0	0	0	0
HDL	UKBB	EAS	12	12	507	5	1.68033337593079	0	0	0	0
HDL	UKBB	EAS	12	17	542	5	0.836769342422485	0	0	0	0
HDL	UKBB	EAS	12	18	1505	5	2.05158519744873	0	0	0	0
HDL	UKBB	EAS	12	23	2089	5	2.35793590545654	0	0	0	0
HDL	UKBB	EAS	12	24	491	5	0.801294565200806	0	0	0	0
HDL	UKBB	EAS	12	25	1810	5	3.11395215988159	0	0	0	0
HDL	UKBB	EAS	12	31	444	5	0.857754707336426	0	0	0	0
HDL	UKBB	EAS	12	32	1576	5	1.13830542564392	0	0	0	0
HDL	UKBB	EAS	12	34	1176	5	1.2786705493927	0	0	0	0
HDL	UKBB	EAS	12	35	658	5	2.56132578849792	0	0	0	0
HDL	UKBB	EAS	12	36	517	5	1.38713335990906	0	0	0	0
HDL	UKBB	EAS	12	38	2295	5	4.27061796188354	0	0	0	0
HDL	UKBB	EAS	12	40	824	5	2.64950108528137	0	0	0	0
HDL	UKBB	EAS	12	41	444	5	1.25884103775024	0	0	0	0
HDL	UKBB	EAS	12	42	3032	5	8.28683829307556	0	0	0	0
HDL	UKBB	EAS	12	45	1206	5	2.4228630065918	0	0	0	0
HDL	UKBB	EAS	12	48	2014	5	3.09761190414429	0	0	0	0
HDL	UKBB	EAS	12	49	1947	5	3.50802683830261	0	0	0	0
HDL	UKBB	EAS	12	53	3058	5	6.36006164550781	0	0	0	0
HDL	UKBB	EAS	12	59	2375	5	3.85117602348328	0	0	0	0
HDL	UKBB	EAS	12	60	1066	5	1.79462385177612	0	0	0	0
HDL	UKBB	EAS	12	61	1237	5	2.12838530540466	0	0	0	0
HDL	UKBB	EAS	12	62	896	5	2.46035361289978	0	0	0	0
HDL	UKBB	EAS	12	63	1756	5	1.55897855758667	0	0	0	0
HDL	UKBB	EAS	12	66	1725	5	2.90625333786011	0	0	0	0
HDL	UKBB	EAS	12	67	859	5	1.71650314331055	0	0	0	0
HDL	UKBB	EAS	12	68	395	5	1.58794832229614	0	0	0	0
HDL	UKBB	EAS	12	69	1760	5	2.8026819229126	0	0	0	0
HDL	UKBB	EAS	12	70	442	5	1.01436686515808	0	0	0	0
HDL	UKBB	EAS	12	71	1840	5	2.23849987983704	0	0	0	0
HDL	UKBB	EAS	12	72	6130	5	21.6133081912994	0	0	0	0
HDL	UKBB	EAS	12	73	1581	5	1.48943448066711	0	0	0	0
HDL	UKBB	EAS	12	77	870	5	1.00946760177612	0	0	0	0
HDL	UKBB	EAS	12	80	2221	5	3.5743408203125	0	0	0	0
HDL	UKBB	EAS	12	81	329	5	1.16593742370605	0	0	0	0
HDL	UKBB	EAS	12	82	1760	5	2.69083857536316	0	0	0	0
HDL	UKBB	EAS	12	94	2602	5	4.40371036529541	0	0	0	0
HDL	UKBB	EAS	12	96	928	5	1.60325074195862	0	0	0	0
HDL	UKBB	EAS	12	97	2526	5	4.44560527801514	0	0	0	0
HDL	UKBB	EAS	12	100	997	5	1.86370873451233	0	0	0	0
HDL	UKBB	EAS	12	103	333	5	1.09087920188904	0	0	0	0
HDL	UKBB	EAS	12	108	1615	5	2.87380576133728	0	0	0	0
HDL	UKBB	EAS	12	110	2038	5	3.45367670059204	0	0	0	0
HDL	UKBB	EAS	12	112	212	5	0.852213382720947	0	0	0	0
HDL	UKBB	EAS	12	119	2752	5	7.5795476436615	0	0	0	0
HDL	UKBB	EAS	12	120	752	5	1.74330806732178	0	0	0	0
HDL	UKBB	EAS	12	121	1347	5	2.52219939231873	0	0	0	0
HDL	UKBB	EAS	12	122	1803	5	1.77547192573547	0	0	0	0
HDL	UKBB	EAS	12	123	777	5	0.966275930404663	0	0	0	0
HDL	UKBB	EAS	12	125	2159	5	3.80801749229431	0	0	0	0
HDL	UKBB	EAS	12	129	1264	5	1.48252248764038	0	0	0	0
HDL	UKBB	EAS	12	132	1510	5	2.91557669639587	0	0	0	0
HDL	UKBB	EAS	12	138	2557	5	4.95598864555359	0	0	0	0
HDL	UKBB	EAS	12	139	3328	5	7.04922652244568	0	0	0	0
HDL	UKBB	EAS	12	140	696	5	1.1671621799469	0	0	0	0
HDL	UKBB	EAS	12	141	1090	5	1.63748502731323	0	0	0	0
HDL	UKBB	EAS	12	154	443	5	1.35109066963196	0	0	0	0
HDL	UKBB	EAS	12	156	474	5	1.85604405403137	0	0	0	0
HDL	UKBB	EAS	12	163	665	5	1.12943434715271	0	0	0	0
HDL	UKBB	EAS	13	1	1821	5	2.16206812858582	0	0	0	0
HDL	UKBB	EAS	13	8	1569	5	2.22389435768127	0	0	0	0
HDL	UKBB	EAS	13	16	1405	5	2.20395302772522	0	0	0	0
HDL	UKBB	EAS	13	18	625	5	1.3196272850036599	0	0	0	0
HDL	UKBB	EAS	13	20	1430	5	2.07161664962769	0	0	0	0
HDL	UKBB	EAS	13	21	1650	5	1.94035053253174	0	0	0	0
HDL	UKBB	EAS	13	23	586	5	1.32406377792358	0	0	0	0
HDL	UKBB	EAS	13	25	639	5	1.16449809074402	0	0	0	0
HDL	UKBB	EAS	13	38	344	5	0.676767826080322	0	0	0	0
HDL	UKBB	EAS	13	40	1402	5	1.70108032226562	0	0	0	0
HDL	UKBB	EAS	13	45	1523	5	2.24482154846191	0	0	0	0
HDL	UKBB	EAS	13	47	1004	5	1.91000008583069	0	0	0	0
HDL	UKBB	EAS	13	50	3045	5	7.82405734062195	0	0	0	0
HDL	UKBB	EAS	13	52	1835	5	3.13963842391968	0	0	0	0
HDL	UKBB	EAS	13	54	5715	5	19.2470550537109	0	0	0	0
HDL	UKBB	EAS	13	55	2110	5	3.55788064002991	0	0	0	0
HDL	UKBB	EAS	13	57	4007	5	6.98143100738525	0	0	0	0
HDL	UKBB	EAS	13	58	2964	5	6.17834281921387	0	1	0	0
HDL	UKBB	EAS	13	60	1785	5	1.26782703399658	0	0	0	0
HDL	UKBB	EAS	13	61	1125	5	0.979925394058228	0	0	0	0
HDL	UKBB	EAS	13	70	1896	5	2.95633363723755	0	0	0	0
HDL	UKBB	EAS	13	72	1241	5	2.1808748245239302	0	0	0	0
HDL	UKBB	EAS	13	73	1714	5	2.38717460632324	0	0	0	0
HDL	UKBB	EAS	13	80	511	5	0.675451517105103	0	0	0	0
HDL	UKBB	EAS	13	82	1739	5	2.17254018783569	0	0	0	0
HDL	UKBB	EAS	13	88	610	5	1.38328289985657	0	0	0	0
HDL	UKBB	EAS	13	94	1566	5	1.25980186462402	0	0	0	0
HDL	UKBB	EAS	13	96	654	5	1.73821902275085	0	0	0	0
HDL	UKBB	EAS	13	111	460	5	1.11766242980957	0	1	0	0
HDL	UKBB	EAS	13	119	1896	5	4.55526757240295	0	0	0	0
HDL	UKBB	EAS	13	124	183	5	0.735438823699951	0	0	0	0
HDL	UKBB	EAS	13	125	1412	5	1.6645040512085	0	0	0	0
HDL	UKBB	EAS	14	1	1065	5	0.997507095336914	0	0	0	0
HDL	UKBB	EAS	14	6	361	5	1.47123169898987	0	0	0	0
HDL	UKBB	EAS	14	14	2436	5	4.69746518135071	0	0	0	0
HDL	UKBB	EAS	14	19	1532	5	2.236088514328	0	0	0	0
HDL	UKBB	EAS	14	24	703	5	0.823275566101074	0	0	0	0
HDL	UKBB	EAS	14	31	2324	5	2.71848464012146	0	0	0	0
HDL	UKBB	EAS	14	35	2634	5	3.26481890678406	0	0	0	0
HDL	UKBB	EAS	14	46	1018	5	0.86218523979187	0	0	0	0
HDL	UKBB	EAS	14	47	1974	5	2.06147885322571	0	0	0	0
HDL	UKBB	EAS	14	49	964	5	1.36029696464539	0	0	0	0
HDL	UKBB	EAS	14	64	963	5	2.24188995361328	0	0	0	0
HDL	UKBB	EAS	14	67	1590	5	2.93240213394165	0	0	0	0
HDL	UKBB	EAS	14	68	1170	5	2.54831671714783	0	0	0	0
HDL	UKBB	EAS	14	70	2243	5	2.9845304489135698	0	0	0	0
HDL	UKBB	EAS	14	72	2841	5	5.89680600166321	0	0	0	0
HDL	UKBB	EAS	14	73	1147	5	1.95291495323181	0	0	0	0
HDL	UKBB	EAS	14	80	368	5	0.580102205276489	0	0	0	0
HDL	UKBB	EAS	14	81	2489	5	3.85172367095947	0	0	0	0
HDL	UKBB	EAS	14	84	804	5	0.71435546875	0	0	0	0
HDL	UKBB	EAS	14	86	1255	5	1.31319379806519	0	0	0	0
HDL	UKBB	EAS	14	93	1926	5	2.82800364494324	0	0	0	0
HDL	UKBB	EAS	14	95	588	5	1.22781109809875	0	0	0	0
HDL	UKBB	EAS	14	97	1138	5	1.14710569381714	0	0	0	0
HDL	UKBB	EAS	14	100	1664	5	2.51693224906921	0	0	0	0
HDL	UKBB	EAS	14	103	1683	5	1.84832429885864	0	0	0	0
HDL	UKBB	EAS	14	117	1473	5	1.23738503456116	0	0	0	0
HDL	UKBB	EAS	14	121	1683	5	1.48098802566528	0	0	0	0
HDL	UKBB	EAS	14	122	346	5	0.59041428565979	0	0	0	0
HDL	UKBB	EAS	14	126	1709	5	2.78343343734741	0	0	0	0
HDL	UKBB	EAS	14	128	617	5	0.617314577102661	0	0	0	0
HDL	UKBB	EAS	14	129	827	5	1.08145999908447	0	0	0	0
HDL	UKBB	EAS	15	4	293	5	1.5521833896637	0	0	0	0
HDL	UKBB	EAS	15	10	645	5	1.8156099319458	0	0	0	0
HDL	UKBB	EAS	15	22	1752	5	2.25665283203125	0	0	0	0
HDL	UKBB	EAS	15	27	777	5	1.32039880752563	0	0	0	0
HDL	UKBB	EAS	15	28	1039	5	2.84332180023193	0	0	0	0
HDL	UKBB	EAS	15	29	767	5	2.6314013004303	0	0	0	0
HDL	UKBB	EAS	15	31	2795	5	3.35469794273376	0	0	0	0
HDL	UKBB	EAS	15	34	644	5	1.04312610626221	0	0	0	0
HDL	UKBB	EAS	15	35	1730	5	2.99940967559814	0	0	0	0
HDL	UKBB	EAS	15	37	1989	5	2.96372556686401	0	0	0	0
HDL	UKBB	EAS	15	38	2528	5	3.59754824638367	0	0	0	0
HDL	UKBB	EAS	15	39	1649	5	2.9669725894928	0	0	0	0
HDL	UKBB	EAS	15	40	472	5	0.615305185317993	0	0	0	0
HDL	UKBB	EAS	15	41	2031	5	2.57589864730835	0	0	0	0
HDL	UKBB	EAS	15	45	4056	5	9.54241180419922	0	0	0	0
HDL	UKBB	EAS	15	46	1327	5	1.9298267364502	0	0	0	0
HDL	UKBB	EAS	15	48	3858	5	8.7773916721344	0	0	0	0
HDL	UKBB	EAS	15	50	1762	5	2.0525758266449	0	0	0	0
HDL	UKBB	EAS	15	51	1163	5	1.7421498298645	0	0	0	0
HDL	UKBB	EAS	15	52	1334	5	1.66399478912354	0	0	0	0
HDL	UKBB	EAS	15	53	228	5	0.71827220916748	0	0	1	3
HDL	UKBB	EAS	15	54	1432	5	1.63909363746643	0	0	0	0
HDL	UKBB	EAS	15	55	783	5	0.920646667480469	0	0	0	0
HDL	UKBB	EAS	15	56	1236	5	0.954792261123657	0	0	0	0
HDL	UKBB	EAS	15	59	2797	5	3.53982043266296	0	0	0	0
HDL	UKBB	EAS	15	62	2734	5	4.2360315322876	0	0	0	0
HDL	UKBB	EAS	15	64	1145	5	0.952433586120605	0	0	0	0
HDL	UKBB	EAS	15	66	1940	5	1.99736499786377	0	0	0	0
HDL	UKBB	EAS	15	70	706	5	0.951422452926636	0	0	0	0
HDL	UKBB	EAS	15	71	38	5	0.905306577682495	0	0	0	0
HDL	UKBB	EAS	15	73	415	5	1.36540508270264	0	0	0	0
HDL	UKBB	EAS	15	76	3659	5	7.72252655029297	0	0	0	0
HDL	UKBB	EAS	15	79	1971	5	2.27323842048645	0	0	0	0
HDL	UKBB	EAS	15	86	816	5	1.69393038749695	0	0	0	0
HDL	UKBB	EAS	15	88	940	5	0.872619867324829	0	0	0	0
HDL	UKBB	EAS	15	90	1458	5	1.90930247306824	0	0	0	0
HDL	UKBB	EAS	15	98	771	5	0.847628593444824	0	0	0	0
HDL	UKBB	EAS	15	102	1369	5	2.20609164237976	0	0	0	0
HDL	UKBB	EAS	15	108	478	5	0.722299337387085	0	0	0	0
HDL	UKBB	EAS	15	111	833	5	1.67005467414856	0	0	0	0
HDL	UKBB	EAS	15	117	709	5	1.38290214538574	0	0	0	0
HDL	UKBB	EAS	15	118	455	5	0.875940799713135	0	0	0	0
HDL	UKBB	EAS	16	2	185	5	0.699450969696045	0	0	0	0
HDL	UKBB	EAS	16	4	1262	5	1.45600581169128	0	0	0	0
HDL	UKBB	EAS	16	5	301	5	0.953739404678345	0	0	0	0
HDL	UKBB	EAS	16	7	1188	5	1.26858520507812	0	0	0	0
HDL	UKBB	EAS	16	9	1165	5	1.17477202415466	0	0	0	0
HDL	UKBB	EAS	16	10	623	5	1.40742373466492	0	0	0	0
HDL	UKBB	EAS	16	30	98	5	0.675810813903809	0	0	0	0
HDL	UKBB	EAS	16	31	1602	5	2.1868360042572	0	0	0	0
HDL	UKBB	EAS	16	33	2858	5	8.25780963897705	0	0	0	0
HDL	UKBB	EAS	16	37	1516	5	2.21411275863647	0	0	0	0
HDL	UKBB	EAS	16	41	1380	5	1.69362163543701	0	0	0	0
HDL	UKBB	EAS	16	42	136	5	3.77850484848022	0	0	0	0
HDL	UKBB	EAS	16	43	1241	5	1.19130730628967	0	0	0	0
HDL	UKBB	EAS	16	47	865	5	0.674041509628296	0	0	0	0
HDL	UKBB	EAS	16	49	995	5	1.31805276870728	0	0	0	0
HDL	UKBB	EAS	16	52	1165	5	1.58257079124451	0	0	0	0
HDL	UKBB	EAS	16	57	243	5	0.905673027038574	0	0	0	0
HDL	UKBB	EAS	16	58	762	5	1.55855011940002	0	0	0	0
HDL	UKBB	EAS	16	59	543	5	0.763912439346313	0	0	0	0
HDL	UKBB	EAS	16	62	911	5	1.38615798950195	0	0	0	0
HDL	UKBB	EAS	16	65	858	5	1.05055999755859	0	0	0	0
HDL	UKBB	EAS	16	67	577	5	0.751529216766357	0	0	0	0
HDL	UKBB	EAS	16	68	1112	5	0.863804817199707	0	0	0	0
HDL	UKBB	EAS	16	69	801	5	0.821698665618896	0	0	0	0
HDL	UKBB	EAS	16	73	977	5	0.995908260345459	0	0	0	0
HDL	UKBB	EAS	16	74	270	5	1.34658312797546	0	0	0	0
HDL	UKBB	EAS	16	75	1966	5	39.0907237529755	0	1	2	10
HDL	UKBB	EAS	16	76	1127	5	1.15554881095886	0	0	0	0
HDL	UKBB	EAS	16	77	546	5	2.13090133666992	0	0	0	0
HDL	UKBB	EAS	16	79	1179	5	2.64455628395081	0	0	0	0
HDL	UKBB	EAS	16	86	855	5	1.18915724754333	0	0	0	0
HDL	UKBB	EAS	16	87	150	5	0.727137088775635	0	0	0	0
HDL	UKBB	EAS	16	88	2332	5	1.87062692642212	0	0	0	0
HDL	UKBB	EAS	16	89	3788	5	5.36976766586304	0	0	0	0
HDL	UKBB	EAS	16	91	693	5	1.69094395637512	0	0	0	0
HDL	UKBB	EAS	16	93	2813	5	4.36706733703613	0	0	0	0
HDL	UKBB	EAS	16	94	3852	5	7.56313848495483	0	0	0	0
HDL	UKBB	EAS	16	103	4562	5	21.1972954273224	0	0	0	0
HDL	UKBB	EAS	16	104	1246	5	1.50875926017761	0	0	0	0
HDL	UKBB	EAS	16	105	847	5	1.27586221694946	0	0	0	0
HDL	UKBB	EAS	16	106	1583	5	1.53965306282043	0	0	0	0
HDL	UKBB	EAS	16	107	1252	5	1.60482168197632	0	0	0	0
HDL	UKBB	EAS	16	111	957	5	0.956477642059326	0	0	0	0
HDL	UKBB	EAS	17	3	964	5	1.76162648200989	0	0	0	0
HDL	UKBB	EAS	17	7	504	5	0.812106132507324	0	0	0	0
HDL	UKBB	EAS	17	9	1554	5	2.56771945953369	0	0	0	0
HDL	UKBB	EAS	17	14	719	5	1.22456884384155	0	0	0	0
HDL	UKBB	EAS	17	23	496	5	1.27663445472717	0	0	0	0
HDL	UKBB	EAS	17	24	933	5	1.76223802566528	0	0	0	0
HDL	UKBB	EAS	17	25	1154	5	2.51315188407898	0	0	0	0
HDL	UKBB	EAS	17	30	242	5	0.885796308517456	0	0	0	0
HDL	UKBB	EAS	17	49	692	5	1.18993973731995	0	0	0	0
HDL	UKBB	EAS	17	51	2122	5	2.23115849494934	0	0	0	0
HDL	UKBB	EAS	17	55	2368	5	1.95185375213623	0	0	0	0
HDL	UKBB	EAS	17	66	229	5	0.769898176193237	0	0	0	0
HDL	UKBB	EAS	17	68	676	5	1.88220238685608	0	0	0	0
HDL	UKBB	EAS	17	71	876	5	0.997834205627441	0	0	0	0
HDL	UKBB	EAS	17	72	1547	5	2.15490365028381	0	0	0	0
HDL	UKBB	EAS	17	73	1804	5	1.6073477268219	0	0	0	0
HDL	UKBB	EAS	17	74	2333	5	4.45123624801636	0	0	0	0
HDL	UKBB	EAS	17	75	2336	5	2.32522201538086	0	0	0	0
HDL	UKBB	EAS	17	76	953	5	1.02670907974243	0	0	0	0
HDL	UKBB	EAS	17	78	258	5	0.631026983261108	0	0	0	0
HDL	UKBB	EAS	17	85	1796	5	1.49172234535217	0	0	0	0
HDL	UKBB	EAS	17	87	651	5	1.48960614204407	0	0	0	0
HDL	UKBB	EAS	17	90	2016	5	1.441899061203	0	0	0	0
HDL	UKBB	EAS	17	93	1200	5	0.915336132049561	0	0	0	0
HDL	UKBB	EAS	17	94	1029	5	1.82106161117554	0	0	0	0
HDL	UKBB	EAS	17	97	1978	5	2.16101145744324	0	0	0	0
HDL	UKBB	EAS	17	98	678	5	1.37046432495117	0	0	0	0
HDL	UKBB	EAS	17	99	164	5	0.968532800674438	0	0	0	0
HDL	UKBB	EAS	17	100	955	5	2.24934720993042	0	0	0	0
HDL	UKBB	EAS	17	101	1002	5	1.26994705200195	0	0	0	0
HDL	UKBB	EAS	17	102	601	5	0.802881240844727	0	0	0	0
HDL	UKBB	EAS	17	103	650	5	1.72545504570007	0	0	1	23
HDL	UKBB	EAS	17	105	1210	5	2.45314192771912	0	0	0	0
HDL	UKBB	EAS	17	108	194	5	0.508980512619019	0	1	0	0
HDL	UKBB	EAS	17	109	304	5	1.30473637580872	0	0	0	0
HDL	UKBB	EAS	17	117	1095	5	2.71762180328369	0	0	0	0
HDL	UKBB	EAS	17	118	1028	5	1.02643728256226	0	0	0	0
HDL	UKBB	EAS	17	125	1671	5	2.04146122932434	0	0	0	0
HDL	UKBB	EAS	17	133	579	5	0.71237850189209	0	0	0	0
HDL	UKBB	EAS	18	1	623	5	0.782971143722534	0	0	0	0
HDL	UKBB	EAS	18	7	1243	5	1.1674280166626	0	0	0	0
HDL	UKBB	EAS	18	8	925	5	1.50674486160278	0	0	0	0
HDL	UKBB	EAS	18	27	546	5	0.649704456329346	0	0	0	0
HDL	UKBB	EAS	18	28	1213	5	1.56918358802795	0	0	0	0
HDL	UKBB	EAS	18	39	2467	5	2.63633441925049	0	0	0	0
HDL	UKBB	EAS	18	41	2606	5	4.14521193504333	0	0	0	0
HDL	UKBB	EAS	18	42	1899	5	2.37167239189148	0	0	0	0
HDL	UKBB	EAS	18	44	1578	5	2.27157402038574	0	0	0	0
HDL	UKBB	EAS	18	46	1634	5	1.43354249000549	0	0	0	0
HDL	UKBB	EAS	18	49	1988	5	2.90154910087585	0	0	0	0
HDL	UKBB	EAS	18	52	1317	5	1.15628385543823	0	0	0	0
HDL	UKBB	EAS	18	53	1268	5	2.00663709640503	0	0	0	0
HDL	UKBB	EAS	18	58	1622	5	2.00342059135437	0	0	0	0
HDL	UKBB	EAS	18	59	2112	5	1.76554989814758	0	0	0	0
HDL	UKBB	EAS	18	60	1921	5	3.31251239776611	0	0	0	0
HDL	UKBB	EAS	18	61	1828	5	1.53169584274292	0	0	0	0
HDL	UKBB	EAS	18	62	2048	5	3.95631885528564	0	0	0	0
HDL	UKBB	EAS	18	65	1914	5	1.82577753067017	0	0	0	0
HDL	UKBB	EAS	18	66	478	5	0.925403118133545	0	0	0	0
HDL	UKBB	EAS	18	67	630	5	0.716899156570435	0	0	0	0
HDL	UKBB	EAS	18	68	130	5	0.60310697555542	0	0	0	0
HDL	UKBB	EAS	18	69	3411	5	7.18348979949951	0	0	0	0
HDL	UKBB	EAS	18	73	2757	5	5.2925488948822	0	0	0	0
HDL	UKBB	EAS	18	74	2435	5	4.5564169883728	0	0	0	0
HDL	UKBB	EAS	18	76	1469	5	1.5087149143219	0	0	0	0
HDL	UKBB	EAS	18	79	672	5	1.80244016647339	0	0	0	0
HDL	UKBB	EAS	18	80	1257	5	1.58619093894958	0	0	0	0
HDL	UKBB	EAS	18	82	2669	5	3.81324124336243	0	0	0	0
HDL	UKBB	EAS	18	84	382	5	0.958757162094116	0	0	0	0
HDL	UKBB	EAS	18	86	49	5	0.640768766403198	0	0	0	0
HDL	UKBB	EAS	19	6	118	5	0.634056568145752	0	0	0	0
HDL	UKBB	EAS	19	10	176	5	1.29875135421753	0	0	0	0
HDL	UKBB	EAS	19	11	227	5	1.07904291152954	0	0	0	0
HDL	UKBB	EAS	19	12	214	5	0.587063789367676	0	0	0	0
HDL	UKBB	EAS	19	16	133	5	0.781655788421631	0	0	0	0
HDL	UKBB	EAS	19	19	78	5	0.533877372741699	0	0	0	0
HDL	UKBB	EAS	19	22	792	5	1.46466422080994	0	0	0	0
HDL	UKBB	EAS	19	25	599	5	0.864798069000244	0	0	0	0
HDL	UKBB	EAS	19	29	769	5	1.04373145103455	0	0	0	0
HDL	UKBB	EAS	19	30	618	5	0.749929666519165	0	0	0	0
HDL	UKBB	EAS	19	32	577	5	1.32369422912598	0	0	0	0
HDL	UKBB	EAS	19	33	236	5	0.471351861953735	0	0	0	0
HDL	UKBB	EAS	19	34	446	5	0.7021484375	0	0	0	0
HDL	UKBB	EAS	19	37	1318	5	1.73034286499023	0	0	0	0
HDL	UKBB	EAS	19	38	305	5	1.40120410919189	0	0	0	0
HDL	UKBB	EAS	19	39	1509	5	1.23421049118042	0	0	0	0
HDL	UKBB	EAS	19	47	839	5	1.5958251953125	0	0	0	0
HDL	UKBB	EAS	19	50	135	5	0.600231647491455	0	0	0	0
HDL	UKBB	EAS	19	51	592	5	0.93865442276001	0	0	0	0
HDL	UKBB	EAS	19	52	541	5	0.548255681991577	0	0	0	0
HDL	UKBB	EAS	19	57	1563	5	2.4757444858551	0	0	0	0
HDL	UKBB	EAS	19	58	701	5	1.30644822120667	0	0	0	0
HDL	UKBB	EAS	19	61	1072	5	0.981175661087036	0	0	0	0
HDL	UKBB	EAS	19	63	631	5	0.997772693634033	0	0	0	0
HDL	UKBB	EAS	19	64	2013	5	1.73867559432983	0	0	0	0
HDL	UKBB	EAS	19	67	3820	5	4.78995513916016	0	0	0	0
HDL	UKBB	EAS	19	68	794	5	0.94048023223877	0	0	0	0
HDL	UKBB	EAS	19	70	836	5	0.83518648147583	0	0	0	0
HDL	UKBB	EAS	19	71	125	5	1.04119539260864	0	0	0	0
HDL	UKBB	EAS	19	73	268	5	0.626938343048096	0	0	0	0
HDL	UKBB	EAS	19	74	1694	5	1.72158718109131	0	0	0	0
HDL	UKBB	EAS	19	75	158	5	0.783807516098022	0	0	0	0
HDL	UKBB	EAS	19	76	1161	5	2.06147885322571	0	0	0	0
HDL	UKBB	EAS	19	77	2044	5	2.22727966308594	0	0	0	0
HDL	UKBB	EAS	19	79	820	5	0.85504674911499	0	0	0	0
HDL	UKBB	EAS	19	80	196	5	1.00520586967468	0	0	0	0
HDL	UKBB	EAS	19	81	749	5	1.27102994918823	0	0	0	0
HDL	UKBB	EAS	19	89	815	5	0.97197413444519	0	0	0	0
HDL	UKBB	EAS	19	90	1415	5	2.33854031562805	0	0	0	0
HDL	UKBB	EAS	19	93	405	5	1.20256400108337	0	0	0	0
HDL	UKBB	EAS	19	94	885	5	0.946688175201416	0	0	0	0
HDL	UKBB	EAS	19	98	218	5	0.636536836624146	0	0	0	0
HDL	UKBB	EAS	20	1	563	5	0.900687217712402	0	0	0	0
HDL	UKBB	EAS	20	2	418	5	0.536356449127197	0	0	0	0
HDL	UKBB	EAS	20	3	203	5	0.582495927810669	0	0	0	0
HDL	UKBB	EAS	20	11	546	5	0.992121934890747	0	0	0	0
HDL	UKBB	EAS	20	22	700	5	1.17975330352783	0	0	0	0
HDL	UKBB	EAS	20	23	208	5	0.790349245071411	0	0	0	0
HDL	UKBB	EAS	20	24	121	5	0.469401359558105	0	0	0	0
HDL	UKBB	EAS	20	29	1088	5	2.28378629684448	0	0	0	0
HDL	UKBB	EAS	20	40	846	5	0.88152003288269	0	0	0	0
HDL	UKBB	EAS	20	42	2125	5	3.33628821372986	0	1	0	0
HDL	UKBB	EAS	20	48	2241	5	3.9684112071991	0	0	0	0
HDL	UKBB	EAS	20	54	1817	5	1.58973670005798	0	0	0	0
HDL	UKBB	EAS	20	59	1503	5	1.9947714805603	0	0	1	44
HDL	UKBB	EAS	20	62	1141	5	0.893880128860474	0	0	0	0
HDL	UKBB	EAS	20	63	2723	5	3.12817358970642	0	0	0	0
HDL	UKBB	EAS	20	64	669	5	1.22070407867432	0	0	0	0
HDL	UKBB	EAS	20	65	1608	5	2.08136439323425	0	0	0	0
HDL	UKBB	EAS	20	67	919	5	1.02249908447266	0	0	0	0
HDL	UKBB	EAS	20	68	487	5	0.646381616592407	0	0	0	0
HDL	UKBB	EAS	20	69	1219	5	1.48941469192505	0	0	0	0
HDL	UKBB	EAS	20	70	756	5	0.702468633651733	0	0	0	0
HDL	UKBB	EAS	20	71	1500	5	1.17937970161438	0	0	0	0
HDL	UKBB	EAS	20	72	318	5	1.39635920524597	0	0	0	0
HDL	UKBB	EAS	20	73	1278	5	1.73190140724182	0	0	0	0
HDL	UKBB	EAS	20	74	620	5	0.891436815261841	0	0	0	0
HDL	UKBB	EAS	20	75	1038	5	0.97069525718689	0	0	0	0
HDL	UKBB	EAS	20	84	1560	5	1.25427174568176	0	0	0	0
HDL	UKBB	EAS	20	86	881	5	0.886030912399292	0	0	0	0
HDL	UKBB	EAS	20	93	1878	5	1.98995876312256	0	0	0	0
HDL	UKBB	EAS	20	99	836	5	0.842127561569214	0	0	0	0
HDL	UKBB	EAS	21	2	306	5	0.558189392089844	0	0	0	0
HDL	UKBB	EAS	21	3	509	5	0.664557695388794	0	0	0	0
HDL	UKBB	EAS	21	4	244	5	1.58411288261414	0	0	0	0
HDL	UKBB	EAS	21	30	2616	5	4.99781322479248	0	0	0	0
HDL	UKBB	EAS	21	37	1337	5	1.74281740188599	0	0	0	0
HDL	UKBB	EAS	21	41	2097	5	1.93008852005005	0	0	0	0
HDL	UKBB	EAS	21	45	1883	5	2.11970734596252	0	0	0	0
HDL	UKBB	EAS	21	53	819	5	1.33463478088379	0	0	0	0
HDL	UKBB	EAS	21	57	533	5	1.068608045578	0	0	0	0
HDL	UKBB	EAS	22	13	565	5	0.626612663269043	0	0	0	0
HDL	UKBB	EAS	22	14	594	5	0.703632354736328	0	0	0	0
HDL	UKBB	EAS	22	24	1650	5	1.21918749809265	0	0	0	0
HDL	UKBB	EAS	22	26	581	5	1.11459612846375	0	0	0	0
HDL	UKBB	EAS	22	29	1604	5	1.35762143135071	0	0	0	0
HDL	UKBB	EAS	22	30	4977	5	11.3604745864868	0	0	0	0
HDL	UKBB	EAS	22	33	806	5	0.751026391983032	0	0	0	0
HDL	UKBB	EAS	22	37	1024	5	1.17383551597595	0	0	0	0
HDL	UKBB	EAS	22	43	908	5	0.838768005371094	0	0	0	0
HDL	UKBB	EAS	22	44	618	5	1.32671308517456	0	0	0	0
HDL	UKBB	EAS	22	45	850	5	1.14346122741699	0	0	0	0
HDL	UKBB	EAS	22	46	2540	5	3.13867902755737	0	0	0	0
HDL	UKBB	EAS	22	47	1113	5	0.962599515914917	0	0	0	0
HDL	UKBB	EAS	22	49	215	5	0.804157495498657	0	0	0	0
HDL	UKBB	EAS	22	50	465	5	0.725087881088257	0	0	0	0
