pheno	db	pid	chromosome	block	num_variants	L	time	num_variants_0.95	num_variants_0.5	num_CS95	num_variants_CS95
LDL	META	EUR	1	2	820	5	0.915306806564331	0	0	0	0
LDL	META	EUR	1	4	1277	5	3.60983180999756	0	0	1	4
LDL	META	EUR	1	17	3343	5	23.310004234314	0	0	0	0
LDL	META	EUR	1	19	2679	5	7.61534905433655	0	0	0	0
LDL	META	EUR	1	23	994	5	0.99956488609314	0	0	0	0
LDL	META	EUR	1	35	3121	5	16.5698938369751	1	1	2	4
LDL	META	EUR	1	40	1268	5	1.90885901451111	0	0	1	8
LDL	META	EUR	1	48	1233	5	2.08799910545349	1	2	3	11
LDL	META	EUR	1	49	1066	5	1.32927918434143	0	0	0	0
LDL	META	EUR	1	51	1253	5	2.11600112915039	0	0	2	24
LDL	META	EUR	1	52	3176	5	2934.15186977386	1	1	2	59
LDL	META	EUR	1	53	3012	5	10.3745911121368	0	1	2	8
LDL	META	EUR	1	58	3188	5	14.8164472579956	0	0	0	0
LDL	META	EUR	1	70	2543	5	4.94935417175293	0	0	1	23
LDL	META	EUR	1	73	3261	5	29.7634651660919	0	0	1	15
LDL	META	EUR	1	75	4012	5	3125.07493448257	1	1	2	16
LDL	META	EUR	1	76	1869	5	2.52395629882812	0	0	0	0
LDL	META	EUR	1	78	1244	5	2.41884565353394	0	0	1	6
LDL	META	EUR	1	80	1184	5	1.38568019866943	0	0	0	0
LDL	META	EUR	1	81	889	5	0.973763227462769	0	0	0	0
LDL	META	EUR	1	82	1970	5	225.567289590836	0	1	1	3
LDL	META	EUR	1	83	2368	5	2808.77969646454	0	0	2	17
LDL	META	EUR	1	84	3556	10	3436.48749351501	1	1	1	1
LDL	META	EUR	1	85	1239	5	7.39284372329712	1	1	1	1
LDL	META	EUR	1	88	1969	5	3.38645124435425	0	0	0	0
LDL	META	EUR	1	89	1959	5	3.03617858886719	0	0	0	0
LDL	META	EUR	1	92	2564	5	5.38629722595215	0	0	0	0
LDL	META	EUR	1	94	675	5	0.846587657928467	0	1	3	27
LDL	META	EUR	1	96	2274	5	4.710524559021	0	1	1	3
LDL	META	EUR	1	97	2748	5	7.18440866470337	0	1	1	3
LDL	META	EUR	1	100	2143	5	5.47007989883423	0	0	0	0
LDL	META	EUR	1	109	2991	5	11.6419479846954	0	0	1	30
LDL	META	EUR	1	124	3741	5	35.8991162776947	0	0	1	7
LDL	META	EUR	1	125	4466	5	3506.12546777725	0	0	1	4
LDL	META	EUR	1	136	2553	5	9.73308181762695	0	0	1	14
LDL	META	EUR	1	138	3465	5	72.9046890735626	1	1	1	1
LDL	META	EUR	1	139	893	5	541.031359672546	0	3	2	9
LDL	META	EUR	1	141	1476	5	10.3153767585754	0	0	0	0
LDL	META	EUR	1	145	1711	5	8.20432019233704	0	0	0	0
LDL	META	EUR	1	147	2696	5	37.8708608150482	0	0	0	0
LDL	META	EUR	1	150	2630	5	39.6422901153564	0	1	0	0
LDL	META	EUR	1	151	3285	5	22.5269734859467	0	0	0	0
LDL	META	EUR	1	154	3946	5	3369.10190629959	1	1	1	1
LDL	META	EUR	1	158	2620	5	1968.4579706192	0	1	2	25
LDL	META	EUR	1	162	2107	5	5.29692983627319	0	0	1	22
LDL	META	EUR	1	163	1937	5	23.0418305397034	0	0	1	19
LDL	META	EUR	1	168	2971	5	2390.47112250328	0	1	1	3
LDL	META	EUR	1	169	4058	5	64.689751625061	0	0	0	0
LDL	META	EUR	1	175	3927	5	63.7420375347137	0	0	0	0
LDL	META	EUR	1	182	3512	5	2904.12860941887	0	0	2	40
LDL	META	EUR	1	183	3699	5	1760.6148993969	0	0	1	38
LDL	META	EUR	1	187	2531	5	15.9072170257568	1	1	1	1
LDL	META	EUR	1	188	2838	5	42.3939576148987	0	0	0	0
LDL	META	EUR	1	189	1966	5	9.5227587223053	0	1	0	0
LDL	META	EUR	1	191	2690	5	11.1408553123474	0	0	1	10
LDL	META	EUR	1	192	2752	5	37.541529417038	0	0	1	27
LDL	META	EUR	1	201	2900	5	2363.14138913155	0	0	1	14
LDL	META	EUR	1	202	2869	5	43.8792808055878	0	1	1	5
LDL	META	EUR	1	205	1048	5	6.39840269088745	0	0	0	0
LDL	META	EUR	1	213	1537	5	14.0446357727051	0	0	1	5
LDL	META	EUR	1	214	1378	5	4.99443960189819	0	1	1	3
LDL	META	EUR	1	216	2890	5	41.1203720569611	0	0	0	0
LDL	META	EUR	1	221	2474	5	42.3136773109436	0	0	0	0
LDL	META	EUR	1	223	3129	5	43.2970397472382	0	0	1	28
LDL	META	EUR	1	226	1276	5	2047.79016280174	0	0	0	0
LDL	META	EUR	1	233	3391	5	73.2138783931732	0	0	0	0
LDL	META	EUR	1	234	3921	5	3151.57882881165	1	1	1	1
LDL	META	EUR	1	238	4968	5	137.574119567871	0	0	2	28
LDL	META	EUR	1	239	1376	5	533.258576154709	0	0	2	23
LDL	META	EUR	1	252	1272	10	2902.14147543907	0	3	5	18
LDL	META	EUR	1	253	580	5	876.766061544418	1	3	4	10
LDL	META	EUR	1	254	2227	5	24.2939219474792	0	0	1	5
LDL	META	EUR	1	255	1251	5	4.82546377182007	0	0	1	8
LDL	META	EUR	1	280	5124	5	127.993908882141	0	0	1	14
LDL	META	EUR	2	6	1476	5	6.17359232902527	0	1	1	4
LDL	META	EUR	2	19	473	5	2.49023938179016	0	0	1	9
LDL	META	EUR	2	21	950	5	4.75452208518982	1	1	2	6
LDL	META	EUR	2	27	1184	5	2.86673760414124	0	0	1	32
LDL	META	EUR	2	34	3502	5	72.1006548404694	0	0	0	0
LDL	META	EUR	2	37	1298	5	7.78746795654297	0	0	0	0
LDL	META	EUR	2	38	2763	5	49.7794060707092	0	0	1	11
LDL	META	EUR	2	39	1208	5	10.7047564983368	0	0	0	0
LDL	META	EUR	2	40	3805	5	59.3004426956177	0	0	0	0
LDL	META	EUR	2	41	1710	5	2259.13984107971	0	0	2	30
LDL	META	EUR	2	42	198	5	4.03736519813538	0	0	0	0
LDL	META	EUR	2	43	394	10	1045.11558198929	0	1	0	0
LDL	META	EUR	2	44	1686	5	2771.21772933006	1	1	1	1
LDL	META	EUR	2	45	3325	15	3867.7572119236	5	6	6	7
LDL	META	EUR	2	46	1560	5	18.6295759677887	0	0	0	0
LDL	META	EUR	2	47	4003	5	94.0638024806976	0	0	0	0
LDL	META	EUR	2	48	2433	5	10.9748721122742	0	3	3	37
LDL	META	EUR	2	49	3445	5	4084.47463178635	1	1	1	1
LDL	META	EUR	2	50	2194	5	11.1193206310272	0	0	0	0
LDL	META	EUR	2	51	2709	5	27.9088623523712	0	0	0	0
LDL	META	EUR	2	53	1766	5	25.3673231601715	0	0	0	0
LDL	META	EUR	2	69	3007	5	62.976133108139	0	2	2	8
LDL	META	EUR	2	71	2355	10	5703.31883978844	2	3	5	13
LDL	META	EUR	2	72	4068	10	5232.65508413315	2	3	4	8
LDL	META	EUR	2	74	1444	5	24.4748146533966	1	1	1	1
LDL	META	EUR	2	75	1976	5	14.4571115970612	0	1	1	3
LDL	META	EUR	2	77	1733	5	23.6258227825165	0	1	0	0
LDL	META	EUR	2	84	8205	5	1833.67252612114	0	0	0	0
LDL	META	EUR	2	86	3207	5	63.0599241256714	0	0	0	0
LDL	META	EUR	2	87	1205	5	9.19838953018188	0	0	2	7
LDL	META	EUR	2	88	9816	5	5452.2200114727	0	0	3	79
LDL	META	EUR	2	89	2245	5	38.3021342754364	0	0	0	0
LDL	META	EUR	2	97	2906	5	54.4811794757843	0	0	1	13
LDL	META	EUR	2	99	2022	5	23.0865280628204	0	0	1	21
LDL	META	EUR	2	100	2583	5	41.4530673027039	0	0	1	48
LDL	META	EUR	2	115	4037	5	57.9471428394318	0	1	1	2
LDL	META	EUR	2	121	3932	5	78.4774961471558	0	0	1	16
LDL	META	EUR	2	122	1828	5	9.40827488899231	0	0	0	0
LDL	META	EUR	2	124	2897	5	56.1864371299744	0	0	1	11
LDL	META	EUR	2	127	5656	5	191.709998607635	0	1	1	2
LDL	META	EUR	2	128	4728	5	158.743100643158	1	1	2	7
LDL	META	EUR	2	130	655	5	7.44152450561523	0	0	1	6
LDL	META	EUR	2	131	131	5	5.84154200553894	1	1	1	1
LDL	META	EUR	2	138	4124	5	141.324077129364	0	0	0	0
LDL	META	EUR	2	145	1531	5	11.1575224399567	0	0	0	0
LDL	META	EUR	2	146	2937	5	3519.81945514679	0	0	0	0
LDL	META	EUR	2	147	5711	5	155.782928228378	0	0	0	0
LDL	META	EUR	2	152	2457	5	37.8593819141388	0	0	0	0
LDL	META	EUR	2	162	1314	5	17.2090444564819	0	0	1	19
LDL	META	EUR	2	163	178	5	349.595832586288	0	0	1	4
LDL	META	EUR	2	166	6414	5	222.281898975372	0	0	0	0
LDL	META	EUR	2	168	2674	5	43.4585626125336	0	0	1	3
LDL	META	EUR	2	172	874	5	10.0138449668884	0	0	1	9
LDL	META	EUR	2	177	3199	5	62.5114393234253	0	1	1	13
LDL	META	EUR	2	181	3917	5	95.0789103507996	0	0	2	15
LDL	META	EUR	2	184	4850	5	143.967000007629	0	0	0	0
LDL	META	EUR	2	192	3478	5	66.8630654811859	0	0	0	0
LDL	META	EUR	2	198	2362	5	28.9789223670959	0	0	1	28
LDL	META	EUR	2	199	4041	5	3826.26423406601	0	0	2	48
LDL	META	EUR	2	205	1964	5	27.3961186408997	0	0	0	0
LDL	META	EUR	2	208	5164	5	163.520777702332	0	0	0	0
LDL	META	EUR	2	212	3197	5	44.5561163425446	0	0	0	0
LDL	META	EUR	2	213	6541	5	2376.40018963814	1	2	3	19
LDL	META	EUR	2	217	1515	5	16.3464272022247	0	0	2	95
LDL	META	EUR	2	232	1571	5	13.214812040329	1	1	1	1
LDL	META	EUR	2	237	2726	5	10.2609088420868	0	0	0	0
LDL	META	EUR	2	240	2608	5	32.9835793972015	0	0	1	20
LDL	META	EUR	2	242	2219	5	1851.33309006691	0	0	2	18
LDL	META	EUR	2	250	5026	5	137.72967672348	0	0	0	0
LDL	META	EUR	2	256	2597	5	59.406129360199	0	0	0	0
LDL	META	EUR	3	24	3320	5	21.6447784900665	2	2	4	45
LDL	META	EUR	3	41	4295	5	105.971359968185	1	1	1	1
LDL	META	EUR	3	43	2472	5	28.0268199443817	0	0	0	0
LDL	META	EUR	3	51	1299	5	6.88689231872559	0	1	1	5
LDL	META	EUR	3	56	2485	5	33.1995580196381	0	0	1	4
LDL	META	EUR	3	70	2948	5	35.2099103927612	0	0	0	0
LDL	META	EUR	3	71	3642	5	76.7977373600006	0	0	3	26
LDL	META	EUR	3	83	4815	5	162.132832288742	0	0	1	21
LDL	META	EUR	3	88	2985	5	36.9563641548157	0	1	1	4
LDL	META	EUR	3	89	3069	5	45.102100610733	0	0	0	0
LDL	META	EUR	3	104	5996	5	213.04886507988	0	0	1	41
LDL	META	EUR	3	107	2592	5	49.35338139534	0	0	0	0
LDL	META	EUR	3	109	5518	5	145.252309560776	0	0	0	0
LDL	META	EUR	3	120	2789	5	34.7929196357727	0	1	1	4
LDL	META	EUR	3	121	3467	5	36.0926029682159	0	0	2	30
LDL	META	EUR	3	122	727	5	6.86109709739685	0	0	0	0
LDL	META	EUR	3	123	1188	5	10.104229927063	0	0	1	7
LDL	META	EUR	3	125	3025	5	53.8891260623932	0	0	0	0
LDL	META	EUR	3	127	3298	5	2792.61389756203	0	2	2	4
LDL	META	EUR	3	128	1646	5	25.7536602020264	0	0	0	0
LDL	META	EUR	3	129	1819	5	15.954708814621	0	0	1	11
LDL	META	EUR	3	132	4214	5	134.158540725708	0	0	1	11
LDL	META	EUR	3	135	2636	5	1743.34821367264	0	0	3	16
LDL	META	EUR	3	140	3739	5	3473.97411060333	0	0	1	33
LDL	META	EUR	3	145	3426	5	59.6929450035095	0	1	2	25
LDL	META	EUR	3	148	2962	5	12.6739571094513	0	1	0	0
LDL	META	EUR	3	149	2341	5	42.5324337482452	0	1	0	0
LDL	META	EUR	3	150	3378	5	40.4913012981415	0	1	2	9
LDL	META	EUR	3	154	928	5	17.3334894180298	0	0	0	0
LDL	META	EUR	3	155	3060	5	38.1908829212189	0	0	0	0
LDL	META	EUR	3	158	3501	5	58.379017829895	0	0	1	21
LDL	META	EUR	3	159	2829	5	44.5658202171326	0	1	0	0
LDL	META	EUR	3	161	4120	5	80.1196529865265	0	0	1	11
LDL	META	EUR	3	165	2967	5	37.384429693222	0	0	1	21
LDL	META	EUR	3	166	6191	5	212.761339187622	0	0	0	0
LDL	META	EUR	3	172	2211	5	10.4786777496338	0	0	1	24
LDL	META	EUR	3	173	1416	5	12.1969566345215	0	1	1	3
LDL	META	EUR	3	175	1096	5	18.9031300544739	0	0	0	0
LDL	META	EUR	3	186	4056	5	61.461042881012	0	0	1	3
LDL	META	EUR	3	190	1713	5	26.3258013725281	0	0	0	0
LDL	META	EUR	3	195	6658	5	214.63108754158	0	0	2	16
LDL	META	EUR	3	214	3905	5	2861.03685879707	0	1	1	2
LDL	META	EUR	3	216	2031	5	34.2471060752869	0	0	0	0
LDL	META	EUR	4	1	9631	5	5209.36271476746	1	1	1	1
LDL	META	EUR	4	15	1533	5	5.82445931434631	0	0	1	4
LDL	META	EUR	4	19	1640	5	19.7765266895294	0	0	1	7
LDL	META	EUR	4	21	5123	5	119.214390039444	0	0	1	61
LDL	META	EUR	4	28	2771	5	46.5724709033966	0	0	1	30
LDL	META	EUR	4	30	1777	5	26.7015056610107	0	0	1	28
LDL	META	EUR	4	42	524	5	9.85472059249878	0	0	1	11
LDL	META	EUR	4	43	1710	5	18.8614029884338	0	0	1	11
LDL	META	EUR	4	55	2595	5	1366.24437689781	0	0	2	15
LDL	META	EUR	4	57	656	5	1509.64395976067	0	0	1	7
LDL	META	EUR	4	64	4843	5	144.399114608765	0	0	0	0
LDL	META	EUR	4	65	1895	5	7.80585408210754	0	1	2	37
LDL	META	EUR	4	66	2428	5	38.1643249988556	0	0	0	0
LDL	META	EUR	4	71	1295	5	14.3673391342163	0	0	1	6
LDL	META	EUR	4	79	2385	5	34.4522485733032	0	0	1	23
LDL	META	EUR	4	80	3396	5	3239.98069000244	0	1	3	29
LDL	META	EUR	4	84	2890	5	1661.57001519203	1	1	3	12
LDL	META	EUR	4	85	1240	5	793.8520591259	1	1	1	1
LDL	META	EUR	4	86	269	5	13.4500772953033	0	1	1	1
LDL	META	EUR	4	87	4477	5	129.617338895798	0	0	2	33
LDL	META	EUR	4	90	2920	5	45.8833076953888	0	0	0	0
LDL	META	EUR	4	92	2401	5	45.5585923194885	0	0	0	0
LDL	META	EUR	4	101	3603	5	61.8270342350006	0	0	1	12
LDL	META	EUR	4	113	3912	5	2361.78486585617	0	0	2	20
LDL	META	EUR	4	115	1507	5	15.1443417072296	1	1	1	1
LDL	META	EUR	4	116	2686	5	40.7381749153137	0	0	0	0
LDL	META	EUR	4	117	3442	5	42.1808414459229	0	1	1	4
LDL	META	EUR	4	121	2434	5	26.5889520645142	0	0	2	33
LDL	META	EUR	4	122	1057	5	12.1889955997467	0	1	0	0
LDL	META	EUR	4	129	3449	5	50.6640188694	0	0	1	55
LDL	META	EUR	4	130	3105	5	39.6641979217529	0	0	1	8
LDL	META	EUR	4	134	5256	5	98.979953289032	0	0	0	0
LDL	META	EUR	4	136	4773	5	111.398094892502	0	0	1	63
LDL	META	EUR	4	148	1997	5	8.96780371665955	0	0	0	0
LDL	META	EUR	4	156	4562	5	3083.74701356888	0	0	1	6
LDL	META	EUR	4	159	1296	5	467.996604681015	0	1	1	2
LDL	META	EUR	4	161	1241	5	5.45628070831299	1	1	1	1
LDL	META	EUR	4	162	2258	5	25.7124245166779	1	1	1	1
LDL	META	EUR	4	203	1735	5	21.7867648601532	0	1	1	4
LDL	META	EUR	5	6	1206	5	5.50396847724915	0	0	1	9
LDL	META	EUR	5	17	1947	5	8.81178641319275	0	0	0	0
LDL	META	EUR	5	55	738	5	832.425266742706	0	1	2	12
LDL	META	EUR	5	64	3938	5	63.5887796878815	0	1	2	6
LDL	META	EUR	5	69	1349	5	20.9890148639679	0	0	1	5
LDL	META	EUR	5	71	4171	5	58.7521243095398	0	1	0	0
LDL	META	EUR	5	81	2409	5	602.477721452713	1	1	3	71
LDL	META	EUR	5	82	1584	5	14.5882925987244	0	0	1	5
LDL	META	EUR	5	84	488	5	693.305195808411	1	4	2	3
LDL	META	EUR	5	85	3363	5	2247.8979268074	1	1	1	1
LDL	META	EUR	5	86	62	5	2.33308815956116	0	1	1	5
LDL	META	EUR	5	109	1724	5	10.4715518951416	0	0	1	21
LDL	META	EUR	5	127	5539	5	189.614292383194	0	0	0	0
LDL	META	EUR	5	130	4176	5	73.8712418079376	0	0	1	4
LDL	META	EUR	5	134	2227	5	19.0915019512177	0	0	0	0
LDL	META	EUR	5	144	3203	5	37.5896947383881	0	0	1	23
LDL	META	EUR	5	146	4116	5	67.2940404415131	0	0	1	21
LDL	META	EUR	5	147	1742	5	24.7499911785126	0	0	1	10
LDL	META	EUR	5	148	90	5	3.64742946624756	0	1	1	2
LDL	META	EUR	5	156	2116	5	23.0782210826874	0	1	0	0
LDL	META	EUR	5	157	1506	5	7.44858717918396	0	0	1	6
LDL	META	EUR	5	158	1971	5	23.2696089744568	0	0	0	0
LDL	META	EUR	5	165	1906	5	28.7896406650543	0	0	0	0
LDL	META	EUR	5	166	3313	5	2971.55971431732	0	1	1	4
LDL	META	EUR	5	167	2440	5	1721.38421869278	1	2	3	13
LDL	META	EUR	5	202	1867	5	13.9071073532104	0	0	1	8
LDL	META	EUR	5	207	2599	5	9.23856568336487	0	1	1	3
LDL	META	EUR	6	19	2620	5	25.0468475818634	0	0	1	16
LDL	META	EUR	6	20	1676	5	15.3000719547272	0	0	0	0
LDL	META	EUR	6	25	2473	5	10.8260517120361	0	0	1	11
LDL	META	EUR	6	27	1544	5	12.9551496505737	0	1	2	16
LDL	META	EUR	6	34	3003	5	865.614188194275	0	1	2	11
LDL	META	EUR	6	35	1186	5	1870.32014513016	0	1	1	2
LDL	META	EUR	6	39	4567	5	93.6043479442596	0	1	2	31
LDL	META	EUR	6	43	2936	5	48.76993060112	0	0	1	5
LDL	META	EUR	6	44	536	5	3.89687204360962	0	0	1	9
LDL	META	EUR	6	47	3743	5	50.1993227005005	0	1	1	2
LDL	META	EUR	6	51	5691	5	1802.22352862358	0	0	3	75
LDL	META	EUR	6	53	1638	5	17.6078028678894	0	0	1	17
LDL	META	EUR	6	56	1767	5	10.4480829238892	0	0	1	13
LDL	META	EUR	6	58	3103	5	48.3049464225769	0	0	0	0
LDL	META	EUR	6	63	2662	5	41.4850006103516	0	0	1	14
LDL	META	EUR	6	64	291	5	368.853006124496	0	1	2	17
LDL	META	EUR	6	65	856	5	14.1775214672089	0	0	1	4
LDL	META	EUR	6	71	9843	5	498.913068532944	0	0	0	0
LDL	META	EUR	6	72	1150	5	2655.94860076904	0	1	1	8
LDL	META	EUR	6	73	445	5	7.25420451164246	0	0	1	40
LDL	META	EUR	6	75	422	5	833.538758039474	0	0	1	7
LDL	META	EUR	6	76	4912	5	98.8643479347229	0	0	0	0
LDL	META	EUR	6	87	4174	5	53.2231395244598	0	0	0	0
LDL	META	EUR	6	88	8297	5	218.547019720078	0	0	0	0
LDL	META	EUR	6	100	66	5	1.92294192314148	0	0	1	4
LDL	META	EUR	6	101	3046	5	68.7154862880707	0	0	1	9
LDL	META	EUR	6	105	2840	5	960.993681907654	0	1	1	2
LDL	META	EUR	6	106	2234	5	41.4260721206665	0	0	0	0
LDL	META	EUR	6	109	2379	5	20.789178609848	0	0	1	30
LDL	META	EUR	6	115	6242	5	157.736391782761	0	0	1	8
LDL	META	EUR	6	117	5305	5	121.517855882645	0	0	0	0
LDL	META	EUR	6	124	4273	5	1449.20267772675	2	4	4	6
LDL	META	EUR	6	127	2166	5	1706.72322511673	0	0	1	11
LDL	META	EUR	6	128	2946	5	44.1000859737396	0	0	1	43
LDL	META	EUR	6	134	2033	5	2504.20174694061	0	0	1	7
LDL	META	EUR	6	136	1154	5	6.45297884941101	0	0	1	31
LDL	META	EUR	6	140	1868	5	25.0830938816071	0	2	2	20
LDL	META	EUR	6	154	2078	5	27.0724213123322	0	0	1	7
LDL	META	EUR	6	158	2352	5	2100.74227523804	0	0	2	23
LDL	META	EUR	6	160	2990	5	49.0471577644348	0	1	1	3
LDL	META	EUR	6	168	3738	5	58.2273077964783	0	0	1	20
LDL	META	EUR	6	169	5975	10	4487.57945799828	1	1	1	1
LDL	META	EUR	6	170	1166	5	3.90808272361755	0	1	1	2
LDL	META	EUR	6	180	343	5	10.4773969650269	0	1	1	3
LDL	META	EUR	6	183	1537	5	5.70834612846375	0	0	1	15
LDL	META	EUR	6	187	1896	5	7.06166839599609	0	0	0	0
LDL	META	EUR	7	3	2264	5	1046.35610508919	0	0	2	51
LDL	META	EUR	7	5	3856	5	62.345440864563	0	0	0	0
LDL	META	EUR	7	6	2111	5	5.7952892780304	0	0	1	50
LDL	META	EUR	7	11	2673	5	43.3081777095795	0	0	0	0
LDL	META	EUR	7	12	4760	5	160.853638887405	0	0	0	0
LDL	META	EUR	7	13	1867	5	28.497220993042	0	0	1	29
LDL	META	EUR	7	33	4014	5	70.937180519104	0	0	0	0
LDL	META	EUR	7	37	3477	5	1870.53347754478	2	3	3	14
LDL	META	EUR	7	41	3054	5	36.8055021762848	0	0	1	37
LDL	META	EUR	7	42	3110	5	2913.01289486885	1	1	1	1
LDL	META	EUR	7	44	579	5	5.12581586837769	0	0	1	16
LDL	META	EUR	7	50	2109	5	26.1707136631012	0	0	0	0
LDL	META	EUR	7	58	3096	5	1845.44258928299	1	1	3	22
LDL	META	EUR	7	66	1416	5	11.1620614528656	0	1	1	3
LDL	META	EUR	7	67	7625	5	4594.08769130707	0	1	1	2
LDL	META	EUR	7	74	1376	5	18.6017336845398	0	0	0	0
LDL	META	EUR	7	85	3527	5	67.5575432777405	0	1	2	31
LDL	META	EUR	7	88	4012	5	2177.46857357025	0	0	2	42
LDL	META	EUR	7	89	2570	5	28.8767120838165	0	0	0	0
LDL	META	EUR	7	95	1940	5	27.0084626674652	0	0	0	0
LDL	META	EUR	7	99	4030	5	68.0365092754364	0	0	1	22
LDL	META	EUR	7	103	2432	5	19.8448979854584	0	0	0	0
LDL	META	EUR	7	109	2272	5	22.5131268501282	0	0	1	7
LDL	META	EUR	7	111	4010	5	1403.62942504883	0	1	2	11
LDL	META	EUR	7	112	1865	5	26.2315151691437	0	0	1	9
LDL	META	EUR	7	113	3253	5	41.6784820556641	0	1	1	2
LDL	META	EUR	7	114	4842	5	136.885573387146	0	0	1	42
LDL	META	EUR	7	119	2158	5	2314.54276680946	0	0	1	52
LDL	META	EUR	7	132	5913	5	241.624883413315	1	1	1	1
LDL	META	EUR	7	133	5947	5	157.773593664169	0	0	1	8
LDL	META	EUR	7	134	1837	5	7.85813236236572	0	0	0	0
LDL	META	EUR	7	138	4134	5	87.5060985088348	0	0	1	6
LDL	META	EUR	7	139	970	5	11.0067255496979	0	0	0	0
LDL	META	EUR	7	141	4443	5	87.753947019577	0	0	0	0
LDL	META	EUR	7	147	1388	5	8.38361239433289	0	0	1	7
LDL	META	EUR	7	152	1321	5	6.60223269462585	1	1	1	1
LDL	META	EUR	7	162	5319	5	110.802006006241	0	1	0	0
LDL	META	EUR	7	176	704	5	4.51230525970459	0	0	2	14
LDL	META	EUR	7	177	1028	5	7.24969696998596	0	0	0	0
LDL	META	EUR	7	187	3900	5	73.4187784194946	0	0	0	0
LDL	META	EUR	8	17	2981	5	39.5866894721985	0	0	1	25
LDL	META	EUR	8	29	5291	5	102.11258149147	0	1	1	2
LDL	META	EUR	8	36	1006	5	5.61159682273865	0	0	1	5
LDL	META	EUR	8	39	2298	5	832.660681009293	0	0	2	33
LDL	META	EUR	8	42	3833	5	89.7016718387604	0	0	1	10
LDL	META	EUR	8	44	1171	5	7.5354425907135	0	0	1	16
LDL	META	EUR	8	45	2217	5	659.475343942642	1	1	2	6
LDL	META	EUR	8	56	2479	5	55.4620578289032	0	0	0	0
LDL	META	EUR	8	57	1833	5	19.8525166511536	0	0	0	0
LDL	META	EUR	8	59	1643	5	16.3823068141937	1	1	2	4
LDL	META	EUR	8	65	1816	5	22.8122651576996	0	0	1	5
LDL	META	EUR	8	68	2407	5	1985.41979527473	1	2	2	4
LDL	META	EUR	8	69	4801	5	88.0315675735474	0	0	1	23
LDL	META	EUR	8	71	3183	5	56.3407366275787	0	0	0	0
LDL	META	EUR	8	75	790	5	11.7611932754517	0	0	1	7
LDL	META	EUR	8	78	645	5	9.04814338684082	0	0	0	0
LDL	META	EUR	8	79	2125	5	7.67363262176514	0	1	1	1
LDL	META	EUR	8	81	3035	5	16.704701423645	0	1	1	7
LDL	META	EUR	8	83	4789	5	65.5440044403076	0	1	1	3
LDL	META	EUR	8	85	2550	5	34.1638910770416	0	1	1	4
LDL	META	EUR	8	88	3259	5	30.9376866817474	0	1	0	0
LDL	META	EUR	8	90	3634	5	64.8147883415222	0	0	1	44
LDL	META	EUR	8	101	2080	5	23.0915024280548	0	0	0	0
LDL	META	EUR	8	106	3267	5	54.6746799945831	0	0	1	15
LDL	META	EUR	8	113	2176	5	1813.69940114021	0	0	1	6
LDL	META	EUR	8	124	1812	5	25.2046799659729	1	2	2	4
LDL	META	EUR	8	125	814	5	2.97677087783813	2	3	3	5
LDL	META	EUR	8	135	2430	5	26.7513942718506	0	1	1	8
LDL	META	EUR	8	153	1452	5	4.13082098960876	0	0	1	67
LDL	META	EUR	8	159	2188	5	29.1428678035736	0	0	0	0
LDL	META	EUR	8	160	2068	5	30.3660643100739	0	0	1	5
LDL	META	EUR	9	4	2656	5	24.5352356433868	1	1	1	1
LDL	META	EUR	9	5	553	5	10.6234498023987	0	1	1	1
LDL	META	EUR	9	13	4364	5	101.472982168198	0	0	0	0
LDL	META	EUR	9	33	2499	5	6.81075692176819	0	0	1	7
LDL	META	EUR	9	36	2503	5	28.9753181934357	0	0	2	29
LDL	META	EUR	9	39	1089	5	1321.57621049881	0	0	1	14
LDL	META	EUR	9	40	4668	5	73.3630018234253	0	0	0	0
LDL	META	EUR	9	51	1445	5	691.994450330734	0	1	2	21
LDL	META	EUR	9	53	4656	5	91.9665892124176	0	0	0	0
LDL	META	EUR	9	62	3171	5	35.4784533977509	0	1	1	24
LDL	META	EUR	9	69	1791	5	17.8038549423218	0	1	2	14
LDL	META	EUR	9	70	1266	5	4.48611855506897	0	1	0	0
LDL	META	EUR	9	72	799	5	7.35179686546326	1	3	2	3
LDL	META	EUR	9	73	1843	5	15.3892107009888	0	1	2	5
LDL	META	EUR	9	80	5272	5	91.9394819736481	0	0	1	46
LDL	META	EUR	9	84	2359	5	35.5719387531281	0	0	0	0
LDL	META	EUR	9	89	708	5	8.23074746131897	0	0	1	19
LDL	META	EUR	9	93	3025	5	38.574923992157	0	0	2	35
LDL	META	EUR	9	99	2108	5	39.2705771923065	0	0	0	0
LDL	META	EUR	9	102	3575	5	32.1822345256805	0	0	1	18
LDL	META	EUR	9	104	1127	5	13.8119390010834	0	1	0	0
LDL	META	EUR	9	110	4308	10	1597.70471119881	1	4	5	21
LDL	META	EUR	9	111	188	5	317.694797039032	1	1	1	1
LDL	META	EUR	9	112	4161	5	108.360265731812	0	0	0	0
LDL	META	EUR	9	114	1492	5	13.0824048519135	0	0	0	0
LDL	META	EUR	9	115	4317	5	114.426376104355	0	0	0	0
LDL	META	EUR	9	116	2261	5	90.4376275539398	0	0	0	0
LDL	META	EUR	9	118	5125	5	94.8370711803436	0	0	0	0
LDL	META	EUR	9	119	1867	5	15.8427832126617	0	0	0	0
LDL	META	EUR	9	124	1967	5	14.4238219261169	1	1	1	1
LDL	META	EUR	9	125	2709	5	17.0987598896027	0	0	0	0
LDL	META	EUR	9	134	4838	5	144.770716428757	0	0	2	15
LDL	META	EUR	9	140	5136	5	171.864977121353	1	1	1	1
LDL	META	EUR	9	144	1990	5	9.64462494850159	0	0	0	0
LDL	META	EUR	9	145	2294	5	28.0684061050415	0	1	0	0
LDL	META	EUR	9	148	1435	5	12.7089772224426	0	0	0	0
LDL	META	EUR	9	149	1805	5	4.42801761627197	0	2	3	16
LDL	META	EUR	9	153	207	5	6.27710390090942	0	0	0	0
LDL	META	EUR	9	160	842	5	8.50904035568237	0	1	1	4
LDL	META	EUR	9	161	879	5	9.64860606193542	0	0	1	17
LDL	META	EUR	10	14	3236	5	57.6183359622955	0	0	1	22
LDL	META	EUR	10	22	2664	5	43.9935612678528	0	0	1	7
LDL	META	EUR	10	30	860	5	12.593560218811	0	0	0	0
LDL	META	EUR	10	43	2273	5	37.3556509017944	0	0	2	24
LDL	META	EUR	10	45	3441	5	55.5617566108704	0	0	0	0
LDL	META	EUR	10	46	3567	5	13.4206030368805	0	1	1	8
LDL	META	EUR	10	52	3561	5	52.0773236751556	0	0	0	0
LDL	META	EUR	10	53	1731	5	21.6284213066101	0	0	1	17
LDL	META	EUR	10	59	1871	5	24.2263433933258	0	0	0	0
LDL	META	EUR	10	60	4081	5	31.0159404277802	0	0	0	0
LDL	META	EUR	10	67	1845	5	23.6205043792725	0	0	1	19
LDL	META	EUR	10	69	2775	5	27.9867258071899	0	0	1	31
LDL	META	EUR	10	70	3212	5	50.2514173984528	0	1	1	2
LDL	META	EUR	10	73	1935	5	19.6083264350891	0	0	1	5
LDL	META	EUR	10	80	3670	5	17.3689332008362	0	0	0	0
LDL	META	EUR	10	81	3739	5	1858.59855508804	0	0	1	7
LDL	META	EUR	10	84	5216	5	163.749735593796	0	0	0	0
LDL	META	EUR	10	85	1044	5	9.3752543926239	1	1	1	1
LDL	META	EUR	10	92	4938	5	92.8795614242554	0	0	1	27
LDL	META	EUR	10	100	1060	5	4.65724301338196	0	1	1	2
LDL	META	EUR	10	101	2649	5	29.5522153377533	0	0	1	13
LDL	META	EUR	10	109	3249	5	23.3430459499359	0	0	0	0
LDL	META	EUR	10	110	1115	5	10.9232320785522	0	0	1	5
LDL	META	EUR	10	112	799	5	4.54537749290466	0	0	1	6
LDL	META	EUR	10	113	2601	5	44.901891708374	0	0	2	28
LDL	META	EUR	10	117	4263	5	2082.73416757584	0	0	3	47
LDL	META	EUR	10	120	3087	5	47.7976500988007	2	3	2	2
LDL	META	EUR	10	121	2132	5	31.3052701950073	0	0	0	0
LDL	META	EUR	10	126	3514	5	1139.81396341324	1	1	2	13
LDL	META	EUR	10	127	1148	5	18.2025067806244	0	0	0	0
LDL	META	EUR	10	128	303	5	10.3482511043549	0	0	0	0
LDL	META	EUR	10	129	4669	5	125.424752950668	0	0	1	18
LDL	META	EUR	10	131	3984	5	32.2819657325745	0	0	0	0
LDL	META	EUR	10	137	3617	5	8.42191362380981	0	0	1	13
LDL	META	EUR	10	138	696	5	1173.18549203873	0	0	1	8
LDL	META	EUR	10	142	1168	5	12.2559351921082	0	1	1	6
LDL	META	EUR	10	144	1406	5	7.27893733978271	0	1	1	2
LDL	META	EUR	10	150	3027	5	43.8731400966644	0	1	0	0
LDL	META	EUR	10	152	2103	5	25.1165852546692	0	0	1	30
LDL	META	EUR	10	154	4986	5	2163.01687264442	0	0	1	4
LDL	META	EUR	11	2	2420	5	1918.0796456337	0	1	0	0
LDL	META	EUR	11	3	2539	5	15.5984077453613	0	0	1	3
LDL	META	EUR	11	4	1612	5	14.220584154129	0	0	0	0
LDL	META	EUR	11	7	1394	5	1040.9103012085	0	0	0	0
LDL	META	EUR	11	12	3578	10	3802.94238400459	2	2	4	9
LDL	META	EUR	11	18	5720	5	1911.73655438423	0	0	1	44
LDL	META	EUR	11	22	1276	5	11.0848858356476	0	1	1	3
LDL	META	EUR	11	28	1996	5	9.26059699058533	0	0	1	13
LDL	META	EUR	11	30	1788	5	6.62301874160767	0	0	1	3
LDL	META	EUR	11	31	1700	5	6.25321340560913	0	1	1	3
LDL	META	EUR	11	33	2303	5	952.819845914841	1	1	1	1
LDL	META	EUR	11	51	2557	5	39.0447976589203	0	0	1	33
LDL	META	EUR	11	56	578	5	9.3106427192688	0	0	1	26
LDL	META	EUR	11	75	1704	5	16.1805288791656	0	1	1	2
LDL	META	EUR	11	76	2067	5	2151.61230444908	0	1	2	14
LDL	META	EUR	11	78	2124	5	293.845598459244	0	0	0	0
LDL	META	EUR	11	79	4524	5	1272.10538625717	0	1	3	60
LDL	META	EUR	11	81	2043	5	24.2904989719391	0	0	0	0
LDL	META	EUR	11	82	661	5	53.460813999176	2	2	2	2
LDL	META	EUR	11	86	2914	5	47.050313949585	0	0	0	0
LDL	META	EUR	11	90	4821	5	91.6984038352966	0	0	1	107
LDL	META	EUR	11	107	1105	5	5.91767334938049	0	0	0	0
LDL	META	EUR	11	108	958	5	7.12585592269897	0	0	0	0
LDL	META	EUR	11	115	3006	5	26.6769716739655	0	0	0	0
LDL	META	EUR	11	117	4952	5	99.5624868869781	0	0	1	4
LDL	META	EUR	11	123	1466	5	18.0064096450806	0	0	0	0
LDL	META	EUR	11	125	2204	5	21.7005484104156	0	0	0	0
LDL	META	EUR	11	129	2510	5	40.606183052063	3	4	4	5
LDL	META	EUR	11	133	2215	5	1908.25977110863	0	1	1	4
LDL	META	EUR	11	139	104	5	4.66539216041565	0	0	0	0
LDL	META	EUR	11	140	1400	5	398.86930513382	0	1	1	9
LDL	META	EUR	11	142	3110	5	38.5369844436646	0	0	1	20
LDL	META	EUR	11	147	4882	5	2741.50765061378	1	1	2	8
LDL	META	EUR	11	163	501	5	6.24324464797974	0	0	1	26
LDL	META	EUR	12	1	1583	5	1541.89599752426	0	1	1	2
LDL	META	EUR	12	4	1489	5	848.6871945858	0	0	0	0
LDL	META	EUR	12	12	967	5	12.3805480003357	1	1	1	1
LDL	META	EUR	12	17	1105	5	18.7330541610718	0	0	1	7
LDL	META	EUR	12	18	2150	5	39.2970941066742	0	2	2	20
LDL	META	EUR	12	23	2889	5	3.1631007194519	1	1	2	10
LDL	META	EUR	12	29	358	5	8.76936340332031	0	1	0	0
LDL	META	EUR	12	33	2229	5	2255.99560856819	0	0	0	0
LDL	META	EUR	12	42	4607	5	1342.71748757362	0	1	0	0
LDL	META	EUR	12	45	2354	5	16.7252960205078	0	0	0	0
LDL	META	EUR	12	47	881	5	12.3485243320465	0	0	1	4
LDL	META	EUR	12	49	3186	5	1634.13332891464	0	1	2	24
LDL	META	EUR	12	51	1810	5	6.17496395111084	0	0	1	5
LDL	META	EUR	12	59	3362	5	49.5506670475006	0	0	0	0
LDL	META	EUR	12	61	1921	5	8.82976651191711	0	0	0	0
LDL	META	EUR	12	62	2099	5	137.796314954758	0	0	0	0
LDL	META	EUR	12	63	2166	5	30.0152425765991	0	0	1	16
LDL	META	EUR	12	64	1716	5	25.7745351791382	0	0	1	3
LDL	META	EUR	12	66	2711	5	14.4743926525116	0	0	1	14
LDL	META	EUR	12	67	1361	5	3.45339155197144	0	0	1	8
LDL	META	EUR	12	69	2577	5	28.6214482784271	0	0	0	0
LDL	META	EUR	12	71	3196	5	2613.56104063988	0	0	3	46
LDL	META	EUR	12	72	8797	5	525.40274810791	0	0	1	18
LDL	META	EUR	12	82	3149	5	30.0047805309296	0	1	1	2
LDL	META	EUR	12	97	4261	5	64.7039730548859	0	0	1	5
LDL	META	EUR	12	98	1797	5	33.4723389148712	0	0	1	15
LDL	META	EUR	12	110	3720	5	1598.97719478607	0	2	2	5
LDL	META	EUR	12	112	417	5	6.75076866149902	0	0	0	0
LDL	META	EUR	12	113	2735	5	2.55615091323853	0	0	1	10
LDL	META	EUR	12	114	2609	5	31.8514652252197	0	0	1	14
LDL	META	EUR	12	115	2022	5	24.5963926315308	0	0	0	0
LDL	META	EUR	12	117	2784	5	31.6104164123535	0	1	1	2
LDL	META	EUR	12	120	1449	5	4.69758749008179	0	0	1	28
LDL	META	EUR	12	121	1968	5	11.6569888591766	0	1	0	0
LDL	META	EUR	12	122	4098	5	1907.15814471245	1	1	1	1
LDL	META	EUR	12	127	1300	5	4.76086235046387	0	1	0	0
LDL	META	EUR	12	128	483	5	13.5867037773132	1	1	1	1
LDL	META	EUR	12	138	4362	5	2486.04291701317	1	1	1	1
LDL	META	EUR	12	139	5982	10	2548.09609341621	0	0	5	102
LDL	META	EUR	12	140	1250	5	51.8797402381897	0	0	1	5
LDL	META	EUR	12	141	1719	5	188.080312252045	0	0	0	0
LDL	META	EUR	12	164	394	5	375.457255840302	0	0	2	32
LDL	META	EUR	13	11	1546	5	13.0374011993408	0	1	0	0
LDL	META	EUR	13	18	846	5	11.8903856277466	1	1	2	15
LDL	META	EUR	13	21	3268	5	1168.31162667274	0	0	2	13
LDL	META	EUR	13	24	2120	5	21.9936368465424	0	0	1	8
LDL	META	EUR	13	25	1198	5	1298.60188698769	0	0	3	15
LDL	META	EUR	13	40	1936	5	22.4531412124634	0	0	1	6
LDL	META	EUR	13	44	1745	5	8.93696284294128	0	1	0	0
LDL	META	EUR	13	50	4830	5	1771.06681013107	0	0	2	17
LDL	META	EUR	13	52	3325	5	69.774670124054	0	0	1	16
LDL	META	EUR	13	66	1155	5	716.488597154617	0	0	1	5
LDL	META	EUR	13	69	4263	5	1593.90358757973	0	0	0	0
LDL	META	EUR	13	84	1569	5	20.2015316486359	0	0	1	9
LDL	META	EUR	13	96	1105	5	7.70116567611694	0	0	0	0
LDL	META	EUR	13	102	1345	5	8.63341426849365	0	0	0	0
LDL	META	EUR	13	115	1088	5	14.1835343837738	0	1	0	0
LDL	META	EUR	13	116	959	5	8.98516440391541	0	0	1	4
LDL	META	EUR	13	118	1840	5	8.11391377449036	0	0	1	8
LDL	META	EUR	13	125	2458	5	45.6724939346313	1	1	2	9
LDL	META	EUR	14	4	853	5	847.20477437973	0	1	0	0
LDL	META	EUR	14	14	4111	5	1951.20675945282	1	1	1	1
LDL	META	EUR	14	23	3686	5	68.4872670173645	1	1	1	1
LDL	META	EUR	14	31	3402	5	17.9481136798859	0	1	1	2
LDL	META	EUR	14	35	3442	5	39.3659265041351	0	0	1	30
LDL	META	EUR	14	42	2098	5	18.1828763484955	0	1	0	0
LDL	META	EUR	14	43	185	5	3.57355308532715	0	0	1	11
LDL	META	EUR	14	46	1764	5	15.0112071037292	0	0	0	0
LDL	META	EUR	14	63	4184	5	61.7916226387024	0	0	1	4
LDL	META	EUR	14	68	2114	5	2416.84372496605	0	0	1	11
LDL	META	EUR	14	72	4036	5	1303.20895934105	0	1	2	53
LDL	META	EUR	14	73	2037	5	23.3735496997833	0	0	1	12
LDL	META	EUR	14	96	402	5	4.02831864356995	0	0	1	5
LDL	META	EUR	14	105	1462	5	5.27274203300476	1	2	2	3
LDL	META	EUR	14	106	1402	5	10.9820070266724	1	1	1	1
LDL	META	EUR	14	121	3098	5	1582.76411747932	0	0	2	19
LDL	META	EUR	14	126	3821	5	1934.15734481812	0	0	2	49
LDL	META	EUR	14	127	2529	5	14.996456861496	0	0	1	16
LDL	META	EUR	15	3	164	5	8.99228715896606	1	1	1	1
LDL	META	EUR	15	37	3548	5	21.0845911502838	0	0	0	0
LDL	META	EUR	15	39	2732	5	31.2039268016815	0	0	1	30
LDL	META	EUR	15	44	1595	5	6.06989097595215	0	0	1	11
LDL	META	EUR	15	45	6114	5	202.090877532959	0	1	0	0
LDL	META	EUR	15	46	1813	5	9.4718132019043	0	2	2	10
LDL	META	EUR	15	47	2293	5	34.4264717102051	1	1	1	1
LDL	META	EUR	15	50	2761	5	49.2327609062195	0	1	1	4
LDL	META	EUR	15	52	1949	5	3.1861584186554	0	0	1	8
LDL	META	EUR	15	53	379	5	2.27998328208923	0	1	1	4
LDL	META	EUR	15	54	2113	5	17.3902499675751	0	1	0	0
LDL	META	EUR	15	56	2289	5	13.2731263637543	0	0	2	37
LDL	META	EUR	15	59	4715	5	83.4259037971497	0	0	0	0
LDL	META	EUR	15	62	5408	5	1936.07019352913	0	0	2	41
LDL	META	EUR	15	63	1605	5	12.2885122299194	0	0	1	33
LDL	META	EUR	15	64	1692	5	10.2811298370361	0	0	1	4
LDL	META	EUR	15	66	2926	5	47.2364091873169	0	0	0	0
LDL	META	EUR	15	80	1311	5	702.085887432098	0	0	0	0
LDL	META	EUR	15	83	1224	5	3.95133638381958	0	0	0	0
LDL	META	EUR	15	85	2159	5	24.7571725845337	0	0	0	0
LDL	META	EUR	15	117	1028	5	11.5445151329041	0	1	2	16
LDL	META	EUR	15	118	684	5	7.66064190864563	0	1	1	4
LDL	META	EUR	16	1	2115	5	28.5539863109589	0	0	0	0
LDL	META	EUR	16	4	3057	5	22.5994555950165	0	1	0	0
LDL	META	EUR	16	5	1220	5	9.89484906196594	0	0	1	8
LDL	META	EUR	16	9	2833	5	31.6897115707397	0	1	1	18
LDL	META	EUR	16	31	2609	5	551.257646083832	0	0	1	12
LDL	META	EUR	16	32	387	5	6.27799987792969	1	3	2	6
LDL	META	EUR	16	37	3155	5	695.909254550934	0	1	3	23
LDL	META	EUR	16	38	5206	5	65.2205665111542	0	0	0	0
LDL	META	EUR	16	43	1902	5	15.4417591094971	0	0	1	6
LDL	META	EUR	16	59	1712	5	1213.42905235291	0	0	1	29
LDL	META	EUR	16	60	3060	5	60.7279818058014	0	0	1	110
LDL	META	EUR	16	74	496	5	838.715675830841	0	0	0	0
LDL	META	EUR	16	75	3053	5	158.02672290802	0	0	1	3
LDL	META	EUR	16	76	2097	5	380.799263238907	0	1	0	0
LDL	META	EUR	16	80	2092	5	25.001531124115	0	0	0	0
LDL	META	EUR	16	85	5119	5	65.2530798912048	0	0	1	9
LDL	META	EUR	16	88	5194	5	1891.78856730461	0	1	0	0
LDL	META	EUR	16	89	6555	5	1936.3069589138	1	1	1	1
LDL	META	EUR	16	90	1649	5	4.77488970756531	0	0	0	0
LDL	META	EUR	16	94	5625	5	129.158364057541	0	0	0	0
LDL	META	EUR	16	96	6273	5	208.841934204102	0	0	0	0
LDL	META	EUR	16	99	1739	5	10.014093875885	1	1	1	1
LDL	META	EUR	16	100	354	5	3.20396041870117	1	1	1	1
LDL	META	EUR	16	101	421	5	7.64225053787231	0	0	1	13
LDL	META	EUR	16	103	6943	5	272.909128189087	0	0	0	0
LDL	META	EUR	16	104	2090	5	29.4723792076111	0	0	0	0
LDL	META	EUR	16	110	1681	5	21.1577432155609	0	1	1	2
LDL	META	EUR	16	119	2232	5	14.8438658714294	0	0	0	0
LDL	META	EUR	16	120	327	5	4.14720511436462	0	0	0	0
LDL	META	EUR	16	125	1680	5	16.7375180721283	0	0	0	0
LDL	META	EUR	16	126	396	5	5.61505484580994	0	1	1	6
LDL	META	EUR	16	127	673	5	8.88044738769531	0	0	1	9
LDL	META	EUR	16	128	5659	5	35.9064059257507	0	0	0	0
LDL	META	EUR	17	9	3243	5	1869.72559738159	0	0	0	0
LDL	META	EUR	17	14	1643	5	4.09464907646179	0	0	1	18
LDL	META	EUR	17	16	657	5	1254.28389883041	1	1	1	1
LDL	META	EUR	17	17	3164	5	73.3199229240417	1	3	4	19
LDL	META	EUR	17	22	521	5	7.84708428382874	1	1	1	1
LDL	META	EUR	17	23	1087	5	4.41785216331482	2	3	3	4
LDL	META	EUR	17	24	1967	5	588.299403905869	0	3	4	14
LDL	META	EUR	17	25	1962	5	9.66421389579773	0	0	1	3
LDL	META	EUR	17	28	429	5	4.74600839614868	0	0	1	15
LDL	META	EUR	17	30	423	5	3.59093046188354	0	0	1	13
LDL	META	EUR	17	51	4039	5	12.7822327613831	0	3	4	42
LDL	META	EUR	17	54	2468	5	26.7504189014435	0	1	1	7
LDL	META	EUR	17	55	5107	10	2017.2012565136	2	2	6	179
LDL	META	EUR	17	65	3513	5	52.6895608901978	1	1	1	1
LDL	META	EUR	17	70	1698	5	9.23350548744202	0	0	1	7
LDL	META	EUR	17	71	2351	5	6.32668995857239	0	1	1	23
LDL	META	EUR	17	73	3870	5	1259.91195678711	0	1	2	11
LDL	META	EUR	17	74	4535	5	2590.50060582161	0	0	0	0
LDL	META	EUR	17	75	3537	5	2480.58188652992	0	0	3	29
LDL	META	EUR	17	80	2128	5	29.9747376441956	0	0	1	11
LDL	META	EUR	17	84	835	5	5.46896266937256	0	0	0	0
LDL	META	EUR	17	87	1441	5	19.6446349620819	0	0	0	0
LDL	META	EUR	17	90	3697	5	48.752402305603	0	0	1	16
LDL	META	EUR	17	94	2206	5	30.5723392963409	0	0	1	39
LDL	META	EUR	17	97	3150	5	46.4644064903259	0	1	1	2
LDL	META	EUR	17	98	1677	5	131.284831285477	0	0	2	20
LDL	META	EUR	17	100	1792	5	18.1019265651703	0	1	2	19
LDL	META	EUR	17	101	1373	5	1154.79040455818	0	0	2	13
LDL	META	EUR	17	102	965	5	1354.84386467934	2	2	3	42
LDL	META	EUR	17	103	1221	5	752.380650997162	0	0	2	24
LDL	META	EUR	17	104	231	5	4.03350448608398	0	0	1	7
LDL	META	EUR	17	105	2112	5	20.1199853420258	0	0	0	0
LDL	META	EUR	17	117	2228	5	1039.84108114243	0	0	2	51
LDL	META	EUR	17	118	2099	5	1.60716366767883	1	1	1	1
LDL	META	EUR	17	121	1387	5	6.00926947593689	0	0	1	13
LDL	META	EUR	17	123	2260	5	26.6337978839874	0	0	0	0
LDL	META	EUR	17	125	3102	5	1648.32364153862	0	0	2	27
LDL	META	EUR	17	130	1749	5	16.649126291275	0	0	0	0
LDL	META	EUR	17	133	1807	5	5.97747349739075	0	0	1	44
LDL	META	EUR	17	134	1820	5	16.2109117507935	0	0	1	10
LDL	META	EUR	18	31	3389	5	32.0862338542938	0	0	0	0
LDL	META	EUR	18	41	4508	5	42.6536540985107	0	0	1	18
LDL	META	EUR	18	61	3301	5	36.9673295021057	0	0	1	22
LDL	META	EUR	18	69	5083	5	2206.23343729973	0	0	2	6
LDL	META	EUR	18	77	705	5	993.077964067459	0	0	1	3
LDL	META	EUR	18	88	1867	5	833.36262512207	1	1	2	7
LDL	META	EUR	18	98	1564	5	13.3365063667297	0	0	0	0
LDL	META	EUR	18	119	863	5	5.91804265975952	0	1	1	3
LDL	META	EUR	18	120	932	5	963.470690011978	0	0	1	5
LDL	META	EUR	19	5	276	5	5.67853093147278	0	0	1	9
LDL	META	EUR	19	6	1485	5	12.2416405677795	0	2	2	7
LDL	META	EUR	19	12	934	5	8.25208973884583	0	0	1	22
LDL	META	EUR	19	15	721	5	5.88710117340088	0	0	0	0
LDL	META	EUR	19	16	828	5	5.99072527885437	0	0	0	0
LDL	META	EUR	19	20	1026	5	0.803750038146973	1	1	2	19
LDL	META	EUR	19	21	590	5	3.23066449165344	0	1	1	6
LDL	META	EUR	19	22	2372	5	2130.95566296577	0	0	0	0
LDL	META	EUR	19	25	1578	5	6.70616436004639	0	1	0	0
LDL	META	EUR	19	32	1761	5	540.101227283478	0	0	1	9
LDL	META	EUR	19	33	802	5	630.65239906311	0	0	1	5
LDL	META	EUR	19	35	1817	5	3.96978092193604	0	1	1	2
LDL	META	EUR	19	36	628	5	511.996954679489	1	3	3	5
LDL	META	EUR	19	37	2520	10	2954.19643235207	0	1	1	2
LDL	META	EUR	19	38	593	10	753.936771392822	0	1	2	7
LDL	META	EUR	19	39	3423	10	2069.2256758213	2	5	6	14
LDL	META	EUR	19	40	926	5	2.27072334289551	0	1	1	3
LDL	META	EUR	19	42	1218	5	5.67781519889832	0	0	1	3
LDL	META	EUR	19	46	1935	5	1282.44577693939	0	0	1	5
LDL	META	EUR	19	49	2266	5	1209.84669613838	0	1	3	16
LDL	META	EUR	19	51	1295	5	9.94365406036377	0	1	1	5
LDL	META	EUR	19	52	1597	5	4.3367702960968	1	2	3	26
LDL	META	EUR	19	53	2969	5	43.0525562763214	3	3	3	3
LDL	META	EUR	19	54	4148	5	65.0621643066406	0	1	1	4
LDL	META	EUR	19	62	2979	5	38.9848251342773	0	0	0	0
LDL	META	EUR	19	63	1405	5	1055.92397499084	0	0	2	36
LDL	META	EUR	19	65	1374	5	14.5077772140503	0	1	2	10
LDL	META	EUR	19	67	5769	5	64.1998856067657	0	0	1	30
LDL	META	EUR	19	68	1393	5	5.32971692085266	0	0	0	0
LDL	META	EUR	19	70	1809	5	836.03852534294106	1	1	1	1
LDL	META	EUR	19	71	322	5	5.99918365478516	0	1	1	2
LDL	META	EUR	19	72	2677	5	25.6514785289764	0	1	1	2
LDL	META	EUR	19	73	470	5	233.897857427597	1	3	2	3
LDL	META	EUR	19	74	2804	20	55.4909431934357	5	7	7	9
LDL	META	EUR	19	75	742	5	814.397661685944	1	1	1	1
LDL	META	EUR	19	76	2801	20	5277.36707520485	1	1	1	1
LDL	META	EUR	19	77	4930	10	117.597189426422	3	5	6	14
LDL	META	EUR	19	79	1514	5	15.8258836269379	1	1	1	1
LDL	META	EUR	19	80	853	5	447.636520862579	1	1	1	1
LDL	META	EUR	19	81	1997	5	636.997308731079	1	1	2	16
LDL	META	EUR	19	98	1050	5	258.686187028885	1	1	2	7
LDL	META	EUR	19	103	1275	5	5.80446720123291	0	0	0	0
LDL	META	EUR	19	104	1434	5	4.71019673347473	0	0	0	0
LDL	META	EUR	19	107	1000	5	3.2768816947937	0	0	1	9
LDL	META	EUR	19	110	2769	5	20.1756517887115	0	1	2	27
LDL	META	EUR	19	111	1227	5	1505.89757561684	1	1	2	10
LDL	META	EUR	20	2	1183	5	3.96939659118652	0	0	0	0
LDL	META	EUR	20	10	1072	5	4.77772665023804	0	1	1	2
LDL	META	EUR	20	11	996	5	7.58028101921082	0	0	0	0
LDL	META	EUR	20	12	2000	5	25.851996421814	0	0	1	7
LDL	META	EUR	20	13	2080	5	17.7414653301239	0	1	1	9
LDL	META	EUR	20	18	1278	5	12.203932762146	0	1	2	10
LDL	META	EUR	20	19	353	5	4.60303640365601	0	1	1	3
LDL	META	EUR	20	40	1508	5	7.03334331512451	0	0	1	5
LDL	META	EUR	20	48	3816	5	1175.96245455742	2	2	4	20
LDL	META	EUR	20	59	3811	5	28.5241174697876	0	0	1	8
LDL	META	EUR	20	60	2346	5	26.5639224052429	0	0	0	0
LDL	META	EUR	20	63	4665	5	1643.06383085251	1	1	1	1
LDL	META	EUR	20	64	1406	10	689.044680356979	3	4	5	16
LDL	META	EUR	20	65	2582	5	14.265460729599	0	0	2	44
LDL	META	EUR	20	66	2901	5	8.08533573150635	0	1	1	2
LDL	META	EUR	20	68	1074	5	12.3326840400696	0	0	1	6
LDL	META	EUR	20	69	2047	5	11.8871483802795	1	1	1	1
LDL	META	EUR	20	70	1475	5	13.1349101066589	0	0	1	3
LDL	META	EUR	20	71	2305	5	93.9452440738678	0	0	2	17
LDL	META	EUR	20	77	2178	5	12.0631802082062	0	0	1	17
LDL	META	EUR	20	78	2830	5	3.09493851661682	0	0	0	0
LDL	META	EUR	20	86	1781	5	21.893098115921	0	0	1	6
LDL	META	EUR	20	87	1097	5	3.84116792678833	0	1	1	2
LDL	META	EUR	20	89	1141	5	2.56611967086792	0	0	0	0
LDL	META	EUR	20	110	2039	5	12.0772995948792	0	0	0	0
LDL	META	EUR	20	111	519	5	7.62944722175598	1	1	1	1
LDL	META	EUR	20	112	521	5	5.87386989593506	1	2	2	3
LDL	META	EUR	20	113	219	5	2.02417945861816	0	1	1	2
LDL	META	EUR	20	115	1012	5	9.7414755821228	0	2	3	21
LDL	META	EUR	21	3	970	5	2.45085644721985	0	1	1	5
LDL	META	EUR	21	30	3560	5	26.6525316238403	0	0	0	0
LDL	META	EUR	21	33	2226	5	2.07873606681824	0	0	1	29
LDL	META	EUR	21	37	2611	5	21.6273157596588	0	0	0	0
LDL	META	EUR	21	41	4339	5	67.1645588874817	0	0	1	6
LDL	META	EUR	21	48	3341	5	845.949840545654	0	0	1	24
LDL	META	EUR	21	53	1507	5	11.6326985359192	0	0	1	20
LDL	META	EUR	21	62	631	5	13.1806221008301	0	0	0	0
LDL	META	EUR	21	64	2442	5	5.31263279914856	0	0	1	49
LDL	META	EUR	21	65	699	5	0.612250089645386	0	0	1	22
LDL	META	EUR	22	5	1086	5	4.32414937019348	0	1	1	8
LDL	META	EUR	22	9	1719	5	5.21537637710571	0	0	1	4
LDL	META	EUR	22	13	1005	5	2.97884297370911	0	0	1	19
LDL	META	EUR	22	29	2413	5	30.8192460536957	0	0	0	0
LDL	META	EUR	22	30	7767	5	241.065244197845	0	0	2	39
LDL	META	EUR	22	36	1266	5	7.34464311599731	0	0	1	18
LDL	META	EUR	22	37	1958	5	1.41068625450134	1	1	2	11
LDL	META	EUR	22	40	1033	5	11.4282944202423	0	0	1	6
LDL	META	EUR	22	43	1868	5	6.49674081802368	0	0	1	18
LDL	META	EUR	22	46	4590	5	79.4745149612427	0	1	2	27
LDL	META	EUR	22	49	579	5	2.4517674446106	0	1	1	3
LDL	META	EUR	22	54	1477	5	72.6168501377106	0	1	1	7
LDL	META	EUR	22	55	1353	5	8.1832218170166	1	1	1	1
LDL	META	EUR	22	56	244	5	8.05398273468018	0	1	1	3
LDL	META	EUR	22	57	980	5	7.8039116859436	0	1	3	29
LDL	META	EUR	22	70	2717	5	1593.74479055405	0	0	3	40
