chromosome	block	num_variants	num_variants.EUR	num_variants.AFR	num_variants.EAS	nlog10minP.EUR	nlog10minP.AFR	nlog10minP.EAS
1	2	1793	820	1472	92	3.159	2.64	0.9426
1	4	2423	1277	1992	410	4.163	2.949	2.764
1	17	7402	3343	6619	1895	4.499	4.201	3.254
1	19	6286	2679	5388	1293	10.11	4.035	3.009
1	23	2057	994	1856	619	4.426	3.334	3.361
1	35	7590	3121	6558	1520	9.558	3.036	3.099
1	40	2409	1268	2184	795	5.163	2.574	2.274
1	48	2934	1233	2575	696	8.128	2.701	1.166
1	49	2772	1066	2481	435	3.952	3.959	2.347
1	51	2761	1253	2317	609	31.12	3.399	2.12
1	52	7683	3176	6619	1510	16.54	4.851	2.24
1	53	6796	3012	5723	1301	5.496	3.531	1.56
1	58	7990	3188	6819	1568	4.157	5.579	3.823
1	70	5202	2543	4511	1504	4.441	3.308	1.829
1	73	7320	3261	6384	1804	3.361	3.904	2.462
1	75	9247	4012	7752	2597	9.598	4.452	2.179
1	76	4568	1869	3972	1430	5.225	2.839	3.22
1	78	2805	1244	2455	852	2.602	4.079	2.093
1	80	2654	1184	2349	892	3.334	3.991	2.341
1	81	1905	889	1666	605	3	3.088	2.006
1	82	4188	1970	3622	1017	4.199	3.088	1.9
1	83	4847	2368	4259	1632	58.88	4.017	3.541
1	84	7675	3556	6650	2481	448.5	17.38	2.233
1	85	2222	1239	1976	957	10.89	2.653	2.038
1	88	3976	1969	3502	1284	3.104	2.882	2.878
1	89	4271	1959	3798	1333	3.177	3.378	2.792
1	92	5104	2564	4457	1463	3.432	3.155	2.561
1	94	1213	675	1059	356	4.633	3.076	2.279
1	96	4597	2274	4153	1352	8.573	3.001	3.632
1	97	5763	2748	5112	1582	69.63	3.06	3.256
1	100	4621	2143	4064	1655	5.087	3.444	3.617
1	109	6500	2991	5577	1824	3.802	3.424	3.102
1	124	7852	3741	6844	2070	4.226	3.711	2.44
1	125	10115	4466	8668	2412	12.19	4.686	3.388
1	136	5824	2553	5068	1303	5.661	3.432	2.425
1	138	7648	3465	6689	1601	464.8	9.698	3.962
1	139	1747	893	1513	433	5.329	2.983	1.713
1	141	2966	1476	2563	755	2.941	3.111	2.076
1	145	3370	1711	2809	886	4.316	2.512	2.461
1	147	5393	2696	4581	1273	3.258	4.687	2.637
1	150	5702	2630	4926	1707	6.407	3.093	3.604
1	151	7563	3285	6645	2374	4.853	3.527	2.862
1	154	10142	3946	8722	2252	6.436	3.437	1.969
1	158	6406	2620	5387	998	5.282	3.37	3.16
1	162	4873	2107	4256	1177	3.899	3.048	2.234
1	163	3911	1937	3284	1118	4.186	3.578	1.986
1	168	6267	2971	5337	1737	5.121	3.67	2.88
1	169	8051	4058	7103	2863	4.733	5.068	2.457
1	175	8167	3927	7083	2312	4.348	3.908	2.583
1	182	8629	3512	7601	2217	3.851	3.878	2.668
1	183	8259	3699	7176	2280	5.656	3.269	2.681
1	187	5534	2531	4677	1544	4.238	2.842	4.243
1	188	6034	2838	5325	1910	3.535	3.139	4.516
1	189	4304	1966	3739	1084	3.408	3.78	2.454
1	191	5904	2690	5189	1581	6.812	4.416	3.604
1	192	6096	2752	5202	1786	5.591	4.451	2.723
1	201	7461	2900	6278	1847	3.515	3.62	3.249
1	202	5922	2869	5171	1602	8.236	3.098	2.221
1	205	2262	1048	2040	652	3.842	3.968	1.715
1	213	3221	1537	2803	887	4.546	3.02	2.366
1	214	2762	1378	2494	763	4.079	3.872	1.956
1	216	6526	2890	5669	1645	3.649	3.633	4.257
1	221	5563	2474	4849	1780	4.192	3.456	2.854
1	223	6333	3129	5525	1818	3.472	3.032	3.871
1	226	2335	1276	1984	665	4.691	3.195	2.528
1	233	7457	3391	6542	2267	3.398	4.927	2.833
1	234	8672	3921	7505	2672	29.51	3.132	2.504
1	238	11474	4968	9842	3671	9.438	3.808	2.655
1	239	2757	1376	2309	997	3.662	3.41	2.132
1	252	2532	1272	2316	732	68.13	2.439	2.56
1	253	918	580	822	210	8.758	4.021	2.322
1	254	4618	2227	3999	1156	7.424	3.708	1.599
1	255	2794	1251	2519	930	5.399	2.966	2.267
1	280	11414	5124	10099	3098	4.954	6.311	3.945
2	6	3100	1476	2716	900	8.197	2.841	2.058
2	19	885	473	825	300	3.084	3.447	1.561
2	21	1934	950	1674	351	5.042	2.974	2.24
2	27	2501	1184	2245	536	6.237	2.529	2.062
2	34	7090	3502	6265	2092	3.697	3.582	2.441
2	37	2594	1298	2303	714	3.433	3.511	2.153
2	38	5647	2763	4925	1699	4.2	3.894	2.288
2	39	2529	1208	2296	773	2.552	3.345	2.535
2	40	7962	3805	7094	2426	4.478	3.919	3.305
2	41	3625	1710	3250	1053	19.1	4.271	2.771
2	42	332	198	298	0	5.6	4.585	-Inf
2	43	782	394	714	198	9.17	2.301	1.124
2	44	3836	1686	3342	848	303.2	5.601	3.5
2	45	6906	3325	5978	1802	18.53	4.782	2.005
2	46	3008	1560	2604	879	6.301	3.868	1.671
2	47	8530	4003	7471	2130	7.21	4.944	3.381
2	48	5283	2433	4608	1195	4.698	4.157	2.613
2	49	8341	3445	7290	1487	56.32	5.216	2.5
2	50	4700	2194	4163	1393	3.652	4.536	3.839
2	51	5322	2709	4755	1508	4.506	4.11	2.964
2	53	3487	1766	3091	1142	6.338	4.136	3.329
2	69	6357	3007	5620	1992	4.443	3.711	4.992
2	71	4968	2355	4440	1183	127.8	2.753	2.368
2	72	8263	4068	7365	2437	20.35	3.13	2.441
2	74	2763	1444	2491	839	3.558	3.631	1.522
2	75	3335	1976	2977	1174	5.704	3.113	2.639
2	77	3256	1733	2882	973	4.217	4.167	2.556
2	84	16536	8205	14498	5562	5.149	2.973	2.811
2	86	6476	3207	5708	1886	3.722	3.914	2.422
2	87	2311	1205	2015	652	3.564	3.592	2.335
2	88	19849	9816	16740	5422	17.06	3.864	3.488
2	89	4770	2245	4268	1035	4.473	3.412	1.681
2	97	7289	2906	6392	2248	2.967	5.331	3.778
2	99	4184	2022	3744	1085	3.368	3.863	3.293
2	100	5832	2583	5073	994	2.818	4.022	2.722
2	115	9633	4037	8462	2671	3.996	3.725	4.265
2	121	8649	3932	7623	2140	7.359	2.829	3.652
2	122	3920	1828	3357	954	4.488	4.048	2.537
2	124	7100	2897	6304	1728	5.997	3.825	2.36
2	127	12043	5656	10494	3161	3.233	3.287	2.951
2	128	10283	4728	8920	2387	22.07	3.977	3.455
2	130	1132	655	972	276	5.036	3.135	2.489
2	131	290	131	267	87	13.83	3.079	1.275
2	138	8695	4124	7521	2245	4.339	4.007	3.108
2	145	3025	1531	2691	1122	6.017	3.54	2.463
2	146	8188	2937	7338	2762	8.942	3.102	2.846
2	147	13401	5711	11956	4142	6.35	3.22	2.519
2	152	4881	2457	4175	1265	4.302	4.12	1.949
2	162	3151	1314	2765	739	3.563	3.227	1.747
2	163	379	178	346	0	7.061	1.608	-Inf
2	166	13723	6414	11540	3739	3.771	4.922	3.353
2	168	5988	2674	5132	1553	8.774	3.63	2.98
2	172	1765	874	1571	551	23.64	3.817	2.642
2	177	6384	3199	5697	2239	5.104	3.468	2.704
2	181	8326	3917	7110	2219	4.76	4.143	2.524
2	184	11099	4850	9623	3330	5.007	3.653	2.477
2	192	8071	3478	7048	2373	3.396	3.823	2.069
2	198	5364	2362	4605	1150	3.621	4.331	2.457
2	199	8960	4041	7545	2230	15.01	3.599	3.173
2	205	4133	1964	3574	978	3.389	3.167	1.749
2	208	12679	5164	11091	2639	4.429	3.273	2.918
2	212	6489	3197	5673	1817	3.48	2.93	1.24
2	213	14110	6541	12646	3643	8.186	3.552	2.967
2	217	3955	1515	3417	881	4.368	4.386	2.017
2	232	3022	1571	2710	983	6.002	3.817	2.127
2	237	5602	2726	4890	1452	4.385	2.93	2.492
2	240	5106	2608	4368	1469	3.526	3.843	3.183
2	242	4656	2219	4041	1598	8.665	4.769	1.945
2	250	10275	5026	9156	3445	3.439	4.161	2.752
2	256	6481	2597	5481	1597	7.176	3.887	2.17
3	24	7108	3320	6107	2007	14.34	3.573	3.073
3	41	8406	4295	7590	2430	5.231	3.417	2.007
3	43	5220	2472	4631	1621	7.343	3.582	2.077
3	51	2814	1299	2523	907	18.78	3.198	3.044
3	56	5511	2485	4792	1245	4.824	3.276	2.656
3	70	6467	2948	5844	2150	4.64	4.056	2.355
3	71	8523	3642	7615	1877	12.4	4.598	2.24
3	83	9447	4815	8358	3303	3.614	4.163	3.138
3	88	5852	2985	5089	2053	7.347	3.148	2.733
3	89	6609	3069	5797	1652	4.553	3.591	2.674
3	104	14056	5996	12234	4315	4.514	3.805	3.174
3	107	5722	2592	5065	1602	3.303	3.21	2.347
3	109	12936	5518	11353	3425	3.566	3.974	3.199
3	120	6151	2789	5358	1614	9.127	4.071	3.436
3	121	7540	3467	6403	1922	8.962	3.147	3.865
3	122	1608	727	1429	493	4.724	2.961	1.673
3	123	2507	1188	2258	655	3.043	3.033	3.029
3	125	6541	3025	5709	2051	3.765	4.277	2.457
3	127	7837	3298	6931	2388	5.848	3.352	4.637
3	128	3199	1646	2851	703	3.538	4.092	2.529
3	129	3632	1819	3235	1107	2.905	3.26	3.276
3	132	10361	4214	9026	2595	7.575	3.328	2.505
3	135	6139	2636	5546	1926	16.44	3.367	4.234
3	140	8056	3739	6801	1968	6.435	3.775	2.34
3	145	7802	3426	6700	2318	11.39	3.386	3.824
3	148	6788	2962	5962	1815	3.782	3.485	3.025
3	149	5433	2341	4927	1602	3.832	2.82	3.191
3	150	6507	3378	5539	1590	4.516	3.721	2.903
3	154	1539	928	1407	575	3.497	4.097	2.559
3	155	6234	3060	5451	1771	3.716	4.205	2.217
3	158	7676	3501	6737	2350	3.555	3.681	3.05
3	159	6359	2829	5503	1618	4.892	4.007	2.983
3	161	9038	4120	7943	2536	4.022	4.013	2.695
3	165	7122	2967	6166	2273	6.551	3.981	2.83
3	166	14371	6191	12444	4193	5.019	4.172	3.797
3	172	4925	2211	4335	1346	8.616	3.497	3.495
3	173	2881	1416	2587	722	4.449	3.581	1.986
3	175	1968	1096	1755	606	3.356	3.26	2.857
3	186	8557	4056	7418	2333	3.827	3.814	4.103
3	190	4046	1713	3623	1220	4.104	3.402	2.126
3	195	12884	6658	11407	3951	4.235	4.241	3.768
3	214	8719	3905	7491	2108	4.897	3.789	2.91
3	216	4428	2031	3834	913	4.657	2.992	1.417
4	1	20952	9631	18183	4518	18.67	5.051	3.379
4	15	3050	1533	2772	768	7.072	3.109	2.112
4	19	3105	1640	2793	647	5.816	2.531	3.623
4	21	11406	5123	10021	3560	4.823	4.252	2.784
4	28	5853	2771	5101	1887	6.041	3.385	2.13
4	30	3399	1777	3052	1296	3.686	5.421	2.631
4	42	1015	524	894	324	3.713	3.273	1.369
4	43	3496	1710	3026	855	4.944	4.101	2.697
4	55	6135	2595	5412	1870	6.911	3.47	3.181
4	57	1312	656	1167	241	4.258	2.988	2.026
4	64	10750	4843	8992	3072	3.891	5.933	2.264
4	65	4126	1895	3570	1235	4.075	2.366	2.563
4	66	5528	2428	4811	1467	4.425	4.154	3.411
4	71	2611	1295	2357	946	6.061	2.462	1.39
4	79	5387	2385	4772	1499	4.49	4.01	2.006
4	80	8020	3396	6787	2115	17.44	2.836	2.502
4	84	7441	2890	6625	1787	5.568	3.496	2.192
4	85	2473	1240	2127	764	3.569	2.368	3.125
4	86	527	269	464	183	4.838	2.541	3.274
4	87	10401	4477	9146	2908	5.445	3.607	2.966
4	90	7095	2920	6228	1660	4.55	4.333	2.592
4	92	5743	2401	5146	1496	11.87	3.821	1.909
4	101	8625	3603	7532	2081	8.273	4.917	2.725
4	113	8226	3912	7040	1919	9.123	4.156	2.543
4	115	3418	1507	2991	991	8.852	3.49	1.808
4	116	6543	2686	5697	1376	6.149	3.105	2.261
4	117	7532	3442	6420	1906	4.776	3.334	3.099
4	121	6054	2434	5308	1720	6.498	2.966	2.668
4	122	2284	1057	2045	808	3.452	3.717	2.162
4	129	8423	3449	7572	2162	5.598	3.899	2.716
4	130	7644	3105	6734	2345	3.603	4.556	3.585
4	134	11597	5256	10283	3520	4.204	4.241	2.855
4	136	10857	4773	9190	3061	4.92	5.248	3.774
4	148	4770	1997	4312	1308	3.736	3.253	2.655
4	156	10587	4562	9122	2937	5.205	4.353	3.768
4	159	2788	1296	2533	786	6.856	6.009	2.22
4	161	2736	1241	2367	617	10.09	2.826	1.534
4	162	4775	2258	4199	1466	4.882	3.549	2.564
4	203	3314	1735	2966	957	3.578	3.379	2.089
5	6	2263	1206	2028	891	3.599	3.194	2.233
5	17	4368	1947	3936	1094	2.769	3.809	2.959
5	55	1531	738	1422	568	7.813	3.175	1.965
5	64	8138	3938	6972	2475	6.154	3.982	3.726
5	69	2714	1349	2397	878	8.251	4.385	2.667
5	71	8910	4171	7801	2858	4.257	3.693	2.86
5	81	5096	2409	4440	1428	10.99	2.9	2.007
5	82	3457	1584	3086	984	3.313	3.867	3.615
5	84	981	488	871	365	7.183	2.835	2.804
5	85	7460	3363	6561	2509	197.1	4.726	4.676
5	86	91	62	83	49	2.395	2.007	1.534
5	109	3744	1724	3336	1119	3.093	3.674	2.268
5	127	12642	5539	11072	3410	6.949	3.439	3.647
5	130	8900	4176	7783	2715	21.27	3.086	2.786
5	134	4678	2227	4128	1643	3.823	4.03	2.472
5	144	6559	3203	5662	1895	4.743	3.488	3.397
5	146	8948	4116	7648	2111	5.838	3.868	3.089
5	147	3429	1742	3097	1161	5.93	3.303	3.217
5	148	107	90	94	0	3.011	1.261	-Inf
5	156	5210	2116	4575	1637	6.964	3.964	2.853
5	157	3052	1506	2662	886	3.928	3.995	2.264
5	158	4483	1971	3934	1314	3.873	3.329	2.2
5	165	3619	1906	3077	1169	4.024	3.308	2.129
5	166	6900	3313	6099	1936	58.83	4.81	2.456
5	167	5592	2440	4973	1341	4.227	4.249	2.458
5	202	4472	1867	3745	532	4.806	4.592	2.42
5	207	5715	2599	4845	1479	5.437	2.941	3.613
6	19	5261	2620	4685	1694	5.891	3.075	3.48
6	20	3471	1676	3079	1133	3.973	5.65	2.578
6	25	5233	2473	4625	1212	5.063	3.097	2.445
6	27	3287	1544	2939	1102	7.978	4.461	2.639
6	34	6169	3003	5438	1774	4.831	3.597	5.912
6	35	2257	1186	1961	544	28.62	3.178	1.898
6	39	9662	4567	8602	2821	4.306	3.763	2.34
6	43	6128	2936	5409	1695	4.793	3.199	3.39
6	44	1100	536	995	340	5.216	3.335	1.174
6	47	7681	3743	6811	2362	4.27	3.569	2.663
6	51	12492	5691	10938	3639	17.52	3.664	2.901
6	53	3738	1638	3305	991	10.12	3.113	2.561
6	56	3603	1767	3174	952	7.264	3.953	2.89
6	58	6118	3103	5359	1658	2.827	3.855	3.072
6	63	6090	2662	5242	1505	8.005	6.33	2.459
6	64	639	291	584	126	3.216	3.125	1.238
6	65	1667	856	1517	506	4.214	2.675	2.907
6	71	23573	9843	20696	5462	3.675	4.052	3.114
6	72	2350	1150	2114	781	5.323	4.803	2.595
6	73	912	445	809	297	4.083	3.019	2.02
6	75	869	422	756	310	6.663	4.574	1.644
6	76	11614	4912	10261	3657	5.403	3.27	2.339
6	87	10229	4174	8807	2759	3.547	4.379	2.31
6	88	18856	8297	15999	5059	5.404	3.059	3.333
6	100	92	66	74	37	8.527	2.719	0.9202
6	101	6445	3046	5427	2058	5.889	3.696	4.947
6	105	5694	2840	5063	1901	5.497	3.028	2.51
6	106	4848	2234	4217	1726	3.877	3.829	3.87
6	109	5459	2379	4835	1662	6.379	4.116	2.056
6	115	14201	6242	12197	3781	15.79	3.414	2.227
6	117	11924	5305	10303	4080	3.663	4.283	2.474
6	124	9551	4273	8229	1893	12.5	3.38	2.345
6	127	4581	2166	4140	1192	10.09	3.685	2.811
6	128	6604	2946	5865	1930	4.516	3.644	2.376
6	134	4606	2033	4084	1270	9.53	4.485	4.733
6	136	2899	1154	2567	888	4.6	3.098	3.15
6	140	3907	1868	3506	1330	4.367	3.659	2.287
6	154	4310	2078	3903	1536	6.526	4.096	2.568
6	158	5155	2352	4514	1566	3.815	3.074	2.162
6	160	6330	2990	5628	2009	4.43	3.972	2.684
6	168	7866	3738	6860	2061	4.454	3.994	3.288
6	169	12981	5975	11513	3480	106.8	4.155	3.249
6	170	2444	1166	2171	708	3.133	3.632	2.298
6	180	712	343	642	246	2.426	2.326	1.13
6	183	3581	1537	3292	615	3.933	2.615	1.867
6	187	4077	1896	3719	1325	3.677	3.619	4.157
7	3	5292	2264	4576	862	8.257	3.702	2.688
7	5	8557	3856	7295	1742	4.65	2.912	1.614
7	6	4334	2111	3813	730	4.586	3.23	1.98
7	11	5655	2673	4977	628	4.959	2.991	2.648
7	12	9999	4760	8755	2161	7.428	3.909	2.613
7	13	3942	1867	3555	886	3.493	2.693	3.116
7	33	8323	4014	7276	2438	3.139	3.231	2.722
7	37	6570	3477	5774	2313	29.6	3.807	4.162
7	41	6097	3054	5445	1873	4.005	3.102	2.475
7	42	6185	3110	5383	2010	16.72	3.189	3.747
7	44	1264	579	1131	368	6.486	2.233	1.865
7	50	4335	2109	3872	1096	7.798	3.617	2.174
7	58	6115	3096	5367	1729	11.21	2.963	2.645
7	66	2748	1416	2336	758	4.474	3.141	2.307
7	67	16354	7625	14085	4235	41.69	4.378	2.531
7	74	2807	1376	2473	922	2.716	2.325	2.493
7	85	8515	3527	7189	1641	6.994	3.489	2.494
7	88	9979	4012	8808	2777	7.188	4.177	3.486
7	89	4968	2570	4350	1810	3.452	4.105	2.782
7	95	3794	1940	3291	1237	6.242	3.517	2.257
7	99	9742	4030	8507	2622	8.844	3.604	3.1
7	103	5032	2432	4146	1394	5.909	3.082	2.53
7	109	5408	2272	4707	1562	8.276	3.425	2.31
7	111	9651	4010	8158	1805	13.41	3.879	2.788
7	112	4076	1865	3672	1113	4.331	3.433	2.215
7	113	7827	3253	6938	2117	5.472	3.488	3.501
7	114	10938	4842	9495	3628	4.42	3.962	2.774
7	119	4340	2158	3646	1173	4.336	3.334	3.205
7	132	14069	5913	12280	3946	4.105	3.442	3.593
7	133	12637	5947	11013	2714	6.137	4.957	2.512
7	134	3550	1837	3163	954	3.798	3.497	2.92
7	138	9196	4134	7908	2672	5.036	2.8	3.288
7	139	1912	970	1616	549	3.662	3.683	1.923
7	141	9344	4443	8185	2527	4.349	3.122	3.252
7	147	2977	1388	2655	680	3.747	3.801	2.792
7	152	3304	1321	2961	677	3.534	3.736	1.441
7	162	12316	5319	10902	2860	6.412	4.695	2.502
7	176	1237	704	1091	359	2.904	2.764	2.636
7	177	1958	1028	1763	149	3.541	2.687	2.308
7	187	9878	3900	8681	2657	4.278	3.413	3.114
8	17	6204	2981	5540	1595	7.037	4.807	2.576
8	29	10605	5291	9680	3765	11.02	3.851	2.436
8	36	2052	1006	1815	430	6.481	2.3	3.426
8	39	4565	2298	3964	1471	5.988	3.007	3.464
8	42	7475	3833	6598	2241	4.249	6.19	2.487
8	44	2285	1171	1977	771	3.639	4.098	1.889
8	45	4896	2217	4296	1185	7.184	3.583	1.217
8	56	5663	2479	4884	1443	4.284	3.439	3.358
8	57	3903	1833	3464	1131	2.47	3.512	1.828
8	59	3531	1643	3075	886	8.712	3.414	2.688
8	65	3789	1816	3275	1075	18.97	4.543	1.535
8	68	5027	2407	4334	1657	37.16	3.69	3.619
8	69	10476	4801	9028	2966	7.957	4.479	4.065
8	71	6855	3183	5815	1855	3.043	3.798	3.628
8	75	1670	790	1495	511	3.094	3.146	1.647
8	78	1251	645	1104	395	3.199	4.52	2.388
8	79	4146	2125	3659	1197	5.374	5.75	3.351
8	81	6517	3035	5715	2007	8.097	4.04	2.697
8	83	11221	4789	9665	3095	4.289	3.689	3.223
8	85	5825	2550	5074	1164	6.361	4.311	1.937
8	88	7081	3259	6083	2009	3.969	3.521	2.002
8	90	8792	3634	7690	1835	4.954	3.97	2.966
8	101	4841	2080	4298	1476	7.977	3.62	2.387
8	106	6228	3267	5377	2032	3.395	4.251	3.173
8	113	4528	2176	3762	1189	18.11	3.388	2.115
8	124	3794	1812	3305	1054	4.363	4.15	1.884
8	125	1605	814	1434	448	181.2	2.091	1.883
8	135	4856	2430	4245	1446	3.154	3.265	3.444
8	153	2827	1452	2405	706	4.936	5.24	1.466
8	159	5082	2188	4397	789	2.936	3.698	1.935
8	160	5474	2068	4742	852	12.86	2.897	4.187
9	4	5019	2656	4547	1640	11.15	3.857	3.168
9	5	1293	553	1171	383	3.79	2.814	2.08
9	13	9815	4364	8695	2364	3.948	2.819	1.89
9	33	5369	2499	4894	1977	5.997	3.043	1.804
9	36	5052	2503	4545	1557	7.376	3.843	2.61
9	39	2362	1089	2031	752	26.92	3.583	2.131
9	40	9751	4668	8635	2883	4.596	3.792	3.433
9	51	3065	1445	2722	914	4.31	3.597	2.342
9	53	10359	4656	8737	3091	3.837	3.938	2.781
9	62	7425	3171	6852	2235	5.841	4.172	2.59
9	69	3623	1791	3205	991	9.418	3.495	1.697
9	70	2249	1266	1989	730	3.914	3.719	1.783
9	72	1473	799	1344	415	10.65	3.734	3.036
9	73	3906	1843	3467	1220	5.081	3.138	1.948
9	80	10695	5272	9353	3549	4.265	3.543	2.643
9	84	4879	2359	4231	1535	3.787	3.331	2.442
9	89	1511	708	1368	326	3.578	2.334	2.663
9	93	6318	3025	5615	1542	3.086	4.231	2.1
9	99	4399	2108	3825	1430	3.589	5.556	2.175
9	102	8471	3575	7288	2351	4.884	3.826	3.606
9	104	2102	1127	1842	764	3.536	2.98	2.391
9	110	9705	4308	8514	2963	13.92	4.48	2.547
9	111	345	188	323	95	22.6	2.073	1.435
9	112	8378	4161	7391	2156	5.533	3.137	3.179
9	114	2802	1492	2476	713	3.615	4.094	2.816
9	115	8624	4317	7700	3121	4.54	4.249	2.574
9	116	4254	2261	3663	1513	4.635	3.009	3.243
9	118	10679	5125	9347	3582	6.248	3.797	2.973
9	119	4183	1867	3647	1383	3.608	2.45	2.543
9	124	3977	1967	3488	1363	5.43	4.352	3.061
9	125	5480	2709	4830	2061	4.536	2.911	2.927
9	134	11120	4838	9747	2703	6.012	3.774	2.897
9	140	12051	5136	10124	3106	8.854	4.3	3.164
9	144	3989	1990	3524	722	3.925	3.274	3.185
9	145	4659	2294	3946	1103	4.602	4.381	2.163
9	148	3006	1435	2621	808	4.752	2.879	1.732
9	149	4072	1805	3570	769	99.07	3.956	2.797
9	153	308	207	280	66	2.211	1.888	0.9959
9	160	1627	842	1404	215	5.363	2.751	2.011
9	161	1601	879	1290	276	11.55	2.03	1.75
10	14	6272	3236	5554	2202	4.501	3.098	3.29
10	22	5333	2664	4782	1696	7.558	3.911	2.093
10	30	1554	860	1380	640	3.158	3.308	2.619
10	43	4414	2273	3973	1405	8.158	2.894	2.352
10	45	7144	3441	6405	2350	6.61	3.147	3.51
10	46	7459	3567	6778	2607	4.381	3.572	2.904
10	52	7525	3561	6542	2054	3.896	4.537	2.893
10	53	3841	1731	3489	1003	3.945	3.071	2.018
10	59	4922	1871	4346	1247	3.735	3.586	2.922
10	60	9030	4081	7936	2410	5.066	4.492	3.166
10	67	4921	1845	4310	1411	3.945	2.7	2.826
10	69	6587	2775	5933	1410	2.974	2.919	2.594
10	70	7087	3212	6209	1924	9.2	4.988	1.723
10	73	4234	1935	3755	1450	2.467	3.579	3.07
10	80	7223	3670	6005	1747	6.287	3.095	4.521
10	81	8346	3739	7078	2260	7.101	3.813	3.023
10	84	12746	5216	11182	3093	4.574	4.04	2.822
10	85	2080	1044	1896	587	12.71	2.635	1.453
10	92	12544	4938	10840	3493	4.257	3.987	2.92
10	100	1927	1060	1749	509	3.794	2.866	2.453
10	101	6062	2649	5465	1469	3.815	4.266	2.205
10	109	7596	3249	6726	2012	5.478	4.291	2.881
10	110	2360	1115	2032	617	4.538	2.901	2.536
10	112	1443	799	1281	508	4.749	2.332	2.383
10	113	4887	2601	4246	1566	5.62	4.498	2.687
10	117	9200	4263	7935	2523	19.16	4.036	3.748
10	120	6709	3087	5587	1878	4.933	3.164	1.977
10	121	4009	2132	3453	1288	5.198	4.213	3.239
10	126	8228	3514	7177	2448	8.433	3.306	2.66
10	127	2676	1148	2357	532	3.602	3.083	1.527
10	128	688	303	605	176	3.362	3.041	1.666
10	129	9768	4669	8132	2698	5.339	4.527	2.479
10	131	8666	3984	7402	2264	7.003	2.81	3.189
10	137	8039	3617	6987	2493	14.15	3.811	3.24
10	138	1369	696	1225	401	6.079	2.724	1.633
10	142	2657	1168	2361	519	10.95	3.388	2.939
10	144	3093	1406	2769	869	6.25	3.739	1.688
10	150	6732	3027	6001	2183	4.489	3.297	2.986
10	152	4342	2103	3853	1565	4.241	3.178	2.255
10	154	9991	4986	8821	3156	14.63	3.427	5.862
11	2	5052	2420	4307	571	4.445	3.928	1.453
11	3	5088	2539	4367	899	4.927	4.202	3.125
11	4	3708	1612	3345	709	5.094	3.088	2.366
11	7	2855	1394	2487	585	6.374	3.097	2.7
11	12	7995	3578	7202	2691	12.71	3.908	2.505
11	18	11970	5720	10414	3495	4.415	5.252	3.31
11	22	2424	1276	2157	671	5.897	3.267	1.935
11	28	4146	1996	3437	1028	4.637	3.013	3.273
11	30	3943	1788	3407	1026	6.361	5.035	2.791
11	31	3654	1700	3226	1183	3.271	3.658	2.074
11	33	4853	2303	4167	1493	9.039	3.715	2.912
11	51	5424	2557	4832	1601	3.176	4.463	3.244
11	56	1129	578	1001	327	6.888	2.571	2.12
11	75	3974	1704	3576	543	5.364	3.234	2.815
11	76	4759	2067	4249	1276	34.01	3.039	2.512
11	78	5298	2124	4471	1205	4.129	2.651	2.483
11	79	11579	4524	9695	2873	11.23	4.09	2.481
11	81	4469	2043	3986	1020	3.615	2.772	2.286
11	82	1279	661	1138	308	4.687	3.945	1.737
11	86	6838	2914	5914	1467	3.321	2.81	3.485
11	90	11534	4821	10084	2891	3.925	3.757	2.692
11	107	2100	1105	1829	734	3.107	2.784	2.676
11	108	1931	958	1720	550	3.843	2.203	2.871
11	115	6807	3006	5952	1679	3.642	3.788	2.464
11	117	12131	4952	10692	3265	7.683	3.624	2.837
11	123	3446	1466	3009	647	4.409	4.306	1.865
11	125	4668	2204	4153	1219	7.145	3.531	1.958
11	129	5177	2510	4585	1776	80.14	4.172	2.811
11	133	5481	2215	4776	1654	6.102	3.408	3.206
11	139	217	104	184	57	2.302	1.724	1.841
11	140	2886	1400	2539	833	4.957	2.528	2.626
11	142	6185	3110	5491	1879	8.066	3.289	3.634
11	147	9888	4882	8728	2789	44.28	3.207	2.646
11	163	838	501	755	223	3.993	2.574	1.975
12	1	3228	1583	2836	910	7.633	2.481	4.377
12	4	3572	1489	3223	928	4.299	3.649	1.662
12	12	1887	967	1658	554	5.814	4.844	2.24
12	17	2457	1105	2149	582	3.085	3.309	2.854
12	18	5043	2150	4432	1493	5.454	3.328	2.696
12	23	6882	2889	6211	2172	10.77	3.504	2.072
12	29	725	358	641	236	4.741	2.323	1.842
12	33	4767	2229	4172	1541	3.092	3.622	1.982
12	42	10716	4607	9608	3141	5.1	3.417	3.573
12	45	4280	2354	3750	1306	3.739	3.339	2.241
12	47	1710	881	1512	525	4.076	3.312	3.146
12	49	6521	3186	5817	2010	6.78	3.96	2.166
12	51	3873	1810	3456	1331	2.897	3.701	2.79
12	59	7889	3362	6839	2467	4.017	3.727	2.27
12	61	4279	1921	3781	1255	3.719	4.936	2.786
12	62	4760	2099	4136	851	3.416	2.877	3.234
12	63	5616	2166	5032	1808	15.42	3.063	3.016
12	64	3768	1716	3343	904	4.316	3.575	3.672
12	66	6229	2711	5580	1753	5.158	4.512	3.332
12	67	3397	1361	3004	901	4.1	4.026	2.721
12	69	6451	2577	5657	1753	4.438	3.993	2.649
12	71	7719	3196	6653	1893	8.497	3.847	2.753
12	72	20342	8797	17737	6236	3.891	3.622	5.548
12	82	6681	3149	5805	1828	9.112	3.649	3.391
12	97	9650	4261	8335	2483	6.702	3.879	3.37
12	98	3858	1797	3513	978	3.37	3.959	2.465
12	110	7736	3720	6793	2015	5.827	5.076	3.011
12	112	699	417	622	209	3.241	2.283	2.084
12	113	5566	2735	4919	1653	4.654	3.483	2.378
12	114	5414	2609	4788	1568	3.766	4.566	1.768
12	115	4068	2022	3574	1283	3.886	4.874	3.287
12	117	5982	2784	5352	2016	5.858	4.088	2.322
12	120	2878	1449	2438	708	3.285	2.807	2.323
12	121	4104	1968	3614	1397	4.221	7.845	1.59
12	122	10222	4098	8973	2031	31.2	3.663	3.075
12	127	2519	1300	2229	801	4.409	3.881	2.504
12	128	936	483	817	298	6.503	4.348	1.081
12	138	10058	4362	8954	2663	29.01	3.542	3.018
12	139	14097	5982	12319	3234	8.246	4.058	2.608
12	140	2379	1250	2151	644	6.437	4.041	3.928
12	141	3429	1719	3057	982	3.189	3.259	2.701
12	164	3171	394	3126	833	6.216	3.907	2.112
13	11	3368	1546	3137	1020	4.381	4.004	3.167
13	18	1677	846	1505	651	7.468	2.831	2.21
13	21	6642	3268	5987	1719	3.873	4.777	2.566
13	24	4599	2120	4124	1238	3.957	4.114	2.887
13	25	2956	1198	2672	675	12.3	3.273	2.463
13	40	4548	1936	3873	1391	6.31	3.581	2.581
13	44	3640	1745	3233	1062	3.512	4.795	2.343
13	50	10097	4830	8720	3016	6.608	3.368	2.902
13	52	7775	3325	6733	1748	5.047	4.202	3.284
13	66	2297	1155	2019	675	5.377	2.753	2.317
13	69	9584	4263	8587	3043	4.098	4.01	3.631
13	84	3523	1569	3140	861	3.212	3.487	2.677
13	96	2251	1105	2032	730	3.029	3.172	1.743
13	102	2490	1345	2238	678	3.298	3.776	3.569
13	115	2050	1088	1837	718	4.429	2.866	1.555
13	116	1724	959	1580	548	5.905	3.902	3.329
13	118	3652	1840	3281	1266	7.481	5.11	1.9
13	125	5755	2458	5141	1246	22.78	3.54	1.71
14	4	1669	853	1418	403	4.26	3.2	2.775
14	14	8359	4111	7462	2506	17.67	3.476	2.454
14	23	8282	3686	7343	2323	4.124	4.049	2.517
14	31	7977	3402	7061	2182	5.684	3.8	3.338
14	35	8119	3442	7234	2690	4.337	3.801	2.14
14	42	4572	2098	3980	1242	4.284	3.416	3.421
14	43	360	185	336	144	3.51	3.044	1.433
14	46	3647	1764	3337	1056	3.043	4.055	1.753
14	63	9725	4184	8551	3060	5.891	3.779	2.889
14	68	4470	2114	4012	1171	10.06	3.67	2.702
14	72	9444	4036	8363	2997	7.07	3.913	3.682
14	73	4559	2037	3978	1177	6.969	3.728	2.086
14	96	698	402	606	187	2.383	3.05	1.85
14	105	2978	1462	2644	652	8.801	2.685	3.483
14	106	2613	1402	2344	801	3.965	3.08	2.778
14	121	6907	3098	6064	1662	3.394	3.661	1.87
14	126	8413	3821	7235	1609	4.678	3.966	2.566
14	127	5761	2529	4980	1629	5.292	2.93	3.676
15	3	298	164	253	56	2.24	2.671	1.021
15	37	7847	3548	6805	2034	4.992	3.848	1.811
15	39	6705	2732	6044	1667	3.093	5.306	3.459
15	44	3557	1595	3095	1008	7.779	3.554	2.417
15	45	13525	6114	11863	4167	4.14	3.87	3.508
15	46	4061	1813	3654	1376	4.462	3.283	2.435
15	47	4361	2293	3898	1646	4.15	3.012	2.354
15	50	6016	2761	5301	1754	8.783	4.75	1.611
15	52	3938	1949	3612	1347	10.58	3.454	3.005
15	53	753	379	693	225	18.09	3.485	1.061
15	54	4745	2113	4234	1436	3.273	4.13	2.126
15	56	5215	2289	4683	1277	3.545	3.195	2.837
15	59	9300	4715	8118	2870	6.161	3.23	3.742
15	62	12124	5408	10457	2713	7.25	3.677	4.218
15	63	3339	1605	2856	793	3.422	3.313	2.476
15	64	3432	1692	3040	1184	4.116	2.934	3.85
15	66	6673	2926	5820	2041	4.309	3.056	2.666
15	80	2779	1311	2469	625	5.159	2.521	1.869
15	83	2638	1224	2311	733	3.545	4.252	1.67
15	85	5542	2159	4984	1798	4.816	3.718	2.223
15	117	2104	1028	1860	757	4.64	3.016	3.412
15	118	1310	684	1205	422	4.332	2.976	1.987
16	1	4830	2115	4170	718	5.744	2.73	2.079
16	4	6390	3057	5228	1146	3.534	3.138	2.505
16	5	2856	1220	2196	272	3.084	3.208	1.219
16	9	6430	2833	5561	1190	4.318	4.291	1.656
16	31	5849	2609	5305	1607	7.801	3.737	2.449
16	32	801	387	737	159	9.359	2.634	1.357
16	37	6818	3155	5959	1493	4.58	3.732	3.423
16	38	11183	5206	10119	3165	5.206	3.967	2.673
16	43	4466	1902	3974	1277	4.116	3.614	1.721
16	59	4684	1712	4058	571	4.775	3.122	1.981
16	60	7562	3060	6555	938	5.454	3.532	3.379
16	74	1100	496	991	287	4.009	4.01	2.979
16	75	6435	3053	5618	1945	37.36	4.179	2.701
16	76	4232	2097	3806	1153	6.388	4.379	2.512
16	80	4197	2092	3583	1389	2.878	3.126	4.122
16	85	10851	5119	9499	2866	4.417	3.428	2.542
16	88	10778	5194	8788	2379	4.946	3.459	2.367
16	89	13690	6555	11535	3739	68.05	10.59	3.108
16	90	3033	1649	2695	842	4.095	3.114	2.391
16	94	11237	5625	9947	3929	5.625	3.892	2.981
16	96	12335	6273	10977	3672	4.787	4.843	4.187
16	99	3525	1739	3167	1225	6.406	3.578	2.737
16	100	722	354	636	150	6.593	2.04	1.786
16	101	678	421	616	198	5.817	3.668	1.504
16	103	14418	6943	12889	4725	3.76	4.88	3.115
16	104	3936	2090	3568	1268	5.217	2.964	1.681
16	110	3240	1681	2930	1072	16.19	3.66	2.809
16	119	4134	2232	3814	1379	6.327	3.931	2.472
16	120	743	327	688	155	3.836	2.534	2.664
16	125	3764	1680	3238	500	5.367	4.028	1.342
16	126	743	396	588	89	3.503	2.288	4.223
16	127	1092	673	860	121	10.46	2.111	1.379
16	128	12995	5659	11555	2316	4.745	3.623	2.428
17	9	6560	3243	5570	1449	5.941	3.755	2.749
17	14	3561	1643	3017	670	6.124	2.876	2.141
17	16	1277	657	1104	101	4.575	3.166	1.26
17	17	6604	3164	5669	2021	8.722	3.305	3.137
17	22	1239	521	1112	179	6.414	3.472	2.503
17	23	2376	1087	2060	389	86.84	2.158	2.815
17	24	4002	1967	3507	931	9.196	3.456	2.4
17	25	4430	1962	3851	1144	6.179	3.889	2.4
17	28	796	429	680	166	2.864	2.157	2.479
17	30	819	423	753	228	3.849	5.613	1.356
17	51	9704	4039	8770	1969	6.441	3.522	2.52
17	54	5071	2468	4501	1300	5.872	3.052	2.755
17	55	12811	5107	10994	2246	11.64	4.417	2.089
17	65	7722	3513	6639	2152	4.733	4.378	2.662
17	70	3949	1698	3459	789	3.943	4.152	2.177
17	71	5410	2351	4628	874	5.637	3.024	1.692
17	73	9910	3870	8549	1810	6.963	3.802	2.219
17	74	10591	4535	9253	2337	4.717	3.653	2.964
17	75	7986	3537	6904	2403	24.26	4.757	2.151
17	80	4341	2128	3820	1233	3.596	3.064	2.592
17	84	1774	835	1563	589	3.82	2.511	3.318
17	87	2874	1441	2525	707	3.269	4.309	2
17	90	9930	3697	8570	1970	5.79	3.485	2.321
17	94	5277	2206	4410	1058	3.741	3.545	2.814
17	97	6719	3150	6024	2094	23.62	4.334	4.494
17	98	3518	1677	3097	681	6.333	6.189	2.084
17	100	4455	1792	3933	998	5.16	2.899	2.234
17	101	3107	1373	2826	1012	7.008	3.755	2.301
17	102	2598	965	2335	601	79.85	2.71	1.992
17	103	2574	1221	2207	673	14.7	2.521	2.562
17	104	382	231	320	123	5.526	2.057	1.265
17	105	4280	2112	3820	1257	3.825	3.362	2.118
17	117	5552	2228	4892	985	5.413	3.602	2.61
17	118	4782	2099	4071	1007	6.078	2.855	2.999
17	121	2688	1387	2383	719	2.739	3.04	1.496
17	123	4375	2260	3912	849	4.168	3.298	2.062
17	125	6584	3102	5781	1627	15.41	3.752	3.648
17	130	3855	1749	3368	902	3.689	2.972	1.876
17	133	3305	1807	2416	550	3.891	3.472	1.637
17	134	4054	1820	3576	1056	2.594	3.101	2.586
18	31	6263	3389	5549	1880	3.95	4.406	2.428
18	41	12467	4508	11224	2730	7.734	4.425	3.079
18	61	6719	3301	5645	1868	3.456	2.677	2.432
18	69	10853	5083	9419	3513	16.47	3.679	3.651
18	77	1531	705	1361	449	7.913	4.437	2.448
18	88	4221	1867	3694	1229	6.881	3.74	2.269
18	98	3041	1564	2703	930	3.936	2.825	2.471
18	119	1795	863	1547	158	3.963	3.027	1.025
18	120	3424	932	3253	1191	3.646	3.701	1.641
19	5	289	276	45	0	4.246	0.7743	-Inf
19	6	2431	1485	1730	57	4.369	3.024	1.418
19	12	2091	934	1798	178	8.267	4.259	1.985
19	15	1220	721	984	91	3.358	2.839	2.39
19	16	1153	828	731	90	4.172	4.244	0.9166
19	20	1962	1026	1464	193	5.171	3.81	1.116
19	21	1168	590	922	115	3.402	2.725	1.86
19	22	4459	2372	3863	627	3.907	4.249	1.975
19	25	3244	1578	2790	588	5.192	3.393	2.129
19	32	3451	1761	2908	468	3.994	3.092	2.852
19	33	1764	802	1510	229	3.216	3.665	2.939
19	35	4578	1817	4017	1038	4.82	3.998	2.407
19	36	1124	628	973	139	2.786	2.724	1.661
19	37	5612	2520	4778	1080	533.8	20.29	2.097
19	38	1258	593	1093	254	25.98	6.721	2.391
19	39	8073	3423	6791	1361	12.89	3.518	2.515
19	40	1811	926	1586	500	2.706	3.197	1.731
19	42	2398	1218	1690	140	4.445	2.861	0.8779
19	46	4406	1935	4042	1228	8.036	2.853	1.954
19	49	4277	2266	3701	770	6.984	4.645	2.653
19	51	2625	1295	2299	508	13.22	3.137	1.847
19	52	3123	1597	2607	476	4.138	3.794	1.753
19	53	6430	2969	5469	1607	171.9	2.822	2.764
19	54	10458	4148	9452	3297	7.385	4.322	2.936
19	62	6611	2979	5935	1988	4.974	3.727	2.684
19	63	2744	1405	2447	635	4.078	4.186	3.78
19	65	2610	1374	2326	638	4.588	3.204	2.806
19	67	13038	5769	11045	3704	5.86	4.096	2.426
19	68	3325	1393	2977	767	5.44	3.386	1.547
19	70	4398	1809	3911	722	9.061	3.481	2.744
19	71	654	322	549	128	4.494	2.219	1.303
19	72	8471	2677	7357	931	4.757	3.098	3.181
19	73	1038	470	902	246	8.925	3.655	1.152
19	74	6467	2804	5738	1772	255	3.8	2.909
19	75	1450	742	1280	126	3361	85.33	13.14
19	76	6076	2801	5234	894	566	5.907	2.557
19	77	9854	4930	8243	1793	6.956	3.512	2.344
19	79	3483	1514	3082	768	7.393	3.317	1.751
19	80	1740	853	1444	153	40.53	3.493	1.168
19	81	4740	1997	3996	485	6.789	4.391	1.806
19	98	1998	1050	1522	163	6.873	3.233	3.162
19	103	2707	1275	2300	340	3.963	3.495	3.056
19	104	2879	1434	2484	583	3.438	4.641	3.179
19	107	2015	1000	1776	432	6.822	2.621	2.434
19	110	6201	2769	5442	1508	3.391	3.767	2.113
19	111	3051	1227	2702	873	31.47	3.135	1.921
20	2	2121	1183	1872	414	3.605	3.051	1.941
20	10	2220	1072	2007	744	2.807	2.738	2.249
20	11	2085	996	1813	528	2.655	2.708	1.338
20	12	4098	2000	3605	927	5.059	3.276	2.393
20	13	3827	2080	3421	1413	4.352	3.07	2.828
20	18	2154	1278	1915	822	8.15	3.144	2.8
20	19	723	353	658	215	4.125	2.567	1.308
20	40	2623	1508	2377	914	8.538	3.463	2.417
20	48	7702	3816	6698	2407	18.16	3.719	2.016
20	59	9567	3811	8546	1511	7.102	3.271	3.008
20	60	5187	2346	4604	1200	5.097	4.678	2.874
20	63	9708	4665	8564	2867	4.553	4.248	3.987
20	64	2464	1406	2172	719	42.4	3.088	2.869
20	65	5314	2582	4620	1631	29.47	2.85	2.472
20	66	5700	2901	5065	1749	3.11	3.278	2.916
20	68	2051	1074	1768	509	6.322	3.449	2.163
20	69	4063	2047	3613	1164	26.15	4.131	1.789
20	70	3314	1475	2897	815	5.288	3.701	1.85
20	71	4915	2305	4277	1517	10.18	2.941	2.787
20	77	4477	2178	3792	1450	5.782	3.609	2.379
20	78	5918	2830	5162	1619	5.131	4.975	2.359
20	86	3505	1781	3107	860	4.429	3.997	2.547
20	87	1837	1097	1672	705	7.417	3.598	2.22
20	89	2566	1141	2370	587	2.942	3.491	2.037
20	110	4450	2039	3966	793	3.975	3.694	2.967
20	111	997	519	866	61	2.515	2.887	0.4549
20	112	1085	521	963	238	4.765	3.443	2.113
20	113	386	219	351	0	3.106	3.094	-Inf
20	115	3727	1012	3445	511	12.75	3.209	2.16
21	3	1860	970	1592	538	8.247	4.182	1.228
21	30	9124	3560	8321	2751	4.82	3.706	2.997
21	33	4524	2226	4068	1301	3.136	4.714	2.467
21	37	5694	2611	4901	1414	3.618	6.368	3.485
21	41	8713	4339	7888	2166	9.222	4.56	2.666
21	48	7214	3341	6520	2285	8.876	3.101	3.929
21	53	2831	1507	2525	870	4.469	3.626	2.953
21	62	1290	631	1147	382	3.097	3.067	1.633
21	64	5137	2442	4508	1146	2.916	3.758	3.618
21	65	3184	699	3129	860	4.355	2.716	2.155
22	5	2281	1086	2097	604	3.078	3.116	2.975
22	9	3514	1719	3098	762	4.837	2.84	1.962
22	13	2487	1005	2271	611	8.965	4.143	2.036
22	29	5003	2413	4272	1639	5.5	3.841	3.171
22	30	16495	7767	14112	4930	5.639	3.575	3.234
22	36	2622	1266	2265	735	5.203	2.794	2.262
22	37	4051	1958	3549	996	4.045	2.962	2.55
22	40	1958	1033	1762	410	3.622	3.721	2.7
22	43	4235	1868	3650	757	5.415	3.036	2.288
22	46	10626	4590	8954	2464	7.3	3.681	3.998
22	49	854	579	771	253	2.985	2.478	1.347
22	54	3028	1477	2650	840	4.561	3.473	2
22	55	2352	1353	1881	554	2.88	2.971	1.504
22	56	337	244	184	0	1.728	2.21	-Inf
22	57	2228	980	1972	54	3.68	2.982	1.882
22	70	5805	2717	5104	794	7.232	4.972	1.54
