chromosome	block	num_variants	num_variants.EUR	num_variants.AFR	num_variants.EAS	nlog10minP.EUR	nlog10minP.AFR	nlog10minP.EAS
1	1	1558	487	1401	81	4.143	4.043	1.967
1	2	1781	817	1463	130	3.234	3.479	0.9897
1	4	2434	1278	1983	446	2.698	2.762	3.323
1	17	7456	3414	6673	1843	4.427	3.655	2.529
1	19	6365	2752	5446	1424	12.18	3.31	2.236
1	35	7642	3204	6606	1476	9.364	3.264	3.154
1	40	2451	1313	2215	721	5.368	3.086	2.533
1	48	2962	1269	2605	664	14.76	3.155	1.284
1	49	2814	1109	2515	514	4.43	4.833	2.108
1	51	2775	1273	2339	582	34.1	3.63	2.51
1	52	7761	3254	6681	1614	7.496	5.262	1.671
1	53	6819	3076	5745	1238	4.763	3.334	1.876
1	58	8070	3265	6876	1604	5.166	4.674	3.409
1	67	5205	2527	4462	1285	5.456	4.475	2.427
1	70	5239	2602	4545	1434	9.064	3.198	2.02
1	73	7405	3361	6461	1710	3.343	3.626	2.401
1	74	7092	3114	6203	1519	4.178	2.744	3.289
1	75	9345	4126	7814	2502	8.103	3.938	2.105
1	76	4619	1936	4022	1364	6.654	3.077	3.428
1	80	2693	1234	2388	855	3.046	4.393	2.602
1	81	1932	920	1684	557	3.533	2.848	1.895
1	82	4220	2023	3661	967	4.642	3.696	2.293
1	83	4906	2438	4307	1594	51.23	4.074	3.156
1	84	7777	3672	6738	2380	391.4	11.49	3.073
1	85	2269	1292	2030	799	8.236	3.03	2.196
1	89	4347	2038	3876	1230	3.901	3.86	2.866
1	92	5210	2655	4539	1453	3.999	2.904	2.217
1	94	1219	684	1062	306	4.314	3.503	2.745
1	95	1120	459	1028	317	4.491	2.588	2.714
1	96	4617	2312	4172	1287	7.901	3.392	4.419
1	97	5843	2843	5194	1460	138.7	3.055	3.773
1	100	4720	2251	4171	1545	8.192	4.082	3.282
1	109	6579	3087	5653	1716	3.42	3.76	3.251
1	124	7961	3866	6943	2075	6.456	3.264	2.535
1	125	10210	4583	8752	2314	13.27	4.85	4.1
1	127	4278	2212	3748	1265	3.769	2.973	2.379
1	136	5887	2633	5116	1306	4.137	3.937	2.074
1	138	7716	3564	6746	1529	337.6	8.201	3.27
1	139	1756	911	1521	354	5.489	3.093	1.502
1	140	2437	1281	2156	699	4	2.886	1.548
1	141	3012	1533	2605	765	2.636	2.919	2.61
1	144	4259	1795	3689	759	5.173	3.57	2.421
1	145	3428	1771	2854	857	5.051	2.932	2.475
1	150	5766	2708	4985	1536	6.105	3.225	4.018
1	151	7703	3424	6771	2238	4.498	3.771	2.688
1	153	5837	2557	5273	1674	4.308	4.171	2.754
1	154	10276	4061	8827	2213	7.08	3.386	2.234
1	156	5573	2524	4660	1278	6.112	2.947	2.232
1	158	6421	2671	5394	942	5.62	2.782	2.746
1	162	4936	2204	4315	1113	4.168	3.772	2.418
1	168	6300	3038	5378	1564	6.619	3.456	2.841
1	169	8206	4240	7264	2617	4.717	4.636	2.319
1	175	8284	4071	7195	2085	5.391	3.818	3.101
1	182	8745	3641	7706	2046	5.02	4.067	2.822
1	183	8358	3828	7267	2136	4.881	3.012	2.963
1	185	2729	1213	2393	579	4.139	2.56	1.518
1	187	5598	2613	4746	1445	5.423	2.927	3.004
1	188	6148	2952	5430	1835	3.314	2.862	3.76
1	192	6158	2847	5275	1664	8.299	4.076	3.589
1	201	7464	2970	6319	1726	4.381	3.8	3.703
1	202	5978	2943	5225	1526	8.735	3.091	2.386
1	205	2293	1086	2069	630	3.244	4.416	1.855
1	209	1496	808	1295	498	3.567	2.967	2.015
1	213	3255	1586	2836	865	4.264	2.806	2.033
1	221	5624	2542	4896	1649	4.848	3.094	2.744
1	223	6414	3229	5603	1710	4.017	3.548	4.047
1	224	3780	1809	3371	1119	2.802	3.242	1.951
1	226	2362	1309	2006	665	3.818	2.497	2.498
1	229	5137	2698	4337	1438	6.726	3.357	3.108
1	233	7566	3515	6644	2143	4.041	3.65	2.141
1	234	8786	4055	7611	2539	40.97	3.565	2.681
1	235	6070	2651	5308	1542	4.469	3.259	3.821
1	238	11648	5158	9991	3472	10.74	4.161	2.225
1	239	2805	1426	2352	979	3.262	3.819	2.085
1	240	11934	5361	10317	3791	4.65	5.067	2.513
1	252	2550	1301	2341	662	79.81	2.739	2.629
1	253	924	596	834	176	9.584	3.453	2.359
1	254	4644	2267	4020	1130	10.12	3.834	2.414
1	255	2804	1274	2547	808	6.458	2.747	2.801
1	257	2915	1482	2617	1008	4.231	2.911	2.256
1	280	11466	5237	10183	2869	4.637	6.27	3.885
1	281	8191	3201	7475	1751	5.096	4.035	2.595
2	6	3112	1496	2729	929	11.87	3.008	1.753
2	21	1951	968	1697	333	6.649	3.253	2.422
2	31	1794	865	1598	425	2.861	2.505	1.997
2	32	2523	1090	2234	654	3.122	3.272	2.109
2	37	2623	1332	2336	672	3.878	3.457	2.984
2	38	5707	2833	4970	1629	5.582	3.602	2.584
2	39	2550	1234	2321	735	2.809	4.328	2.153
2	40	8073	3939	7198	2233	5.727	3.673	3.188
2	41	3681	1769	3303	962	39.63	4.619	2.35
2	42	333	198	298	73	6.01	5.62	1.565
2	43	789	405	718	183	7.62	2.114	1.333
2	44	3850	1714	3345	721	271.7	5.123	3.444
2	45	6960	3394	6028	1688	15.44	5.478	2.338
2	46	3059	1614	2651	855	7.14	3.527	1.777
2	47	8615	4094	7567	2182	8.01	4.867	3.478
2	48	5318	2465	4621	1172	4.473	4.028	3.053
2	49	8379	3520	7325	1348	98.68	6.031	3.499
2	50	4741	2237	4213	1271	3.728	5.357	4.447
2	51	5368	2763	4790	1408	4.193	3.938	2.643
2	53	3532	1815	3128	1072	5.428	4.187	2.755
2	55	12549	6393	11061	2707	5.425	3.102	3.088
2	56	573	276	526	135	1.799	3.733	1.483
2	66	12000	5578	10564	3282	4.84	4.19	2.661
2	69	6375	3047	5645	1883	4.786	3.401	4.537
2	71	4988	2396	4477	1203	116.5	2.986	2.946
2	72	8297	4122	7393	2370	16.76	3.917	2.04
2	74	2759	1450	2489	744	3.895	3.317	1.973
2	75	3335	1982	2975	983	6.438	2.757	3.407
2	77	3269	1755	2896	870	4.575	3.29	2.012
2	84	16654	8339	14595	5250	5.512	3.309	3.164
2	88	19995	9981	16823	5283	12.2	3.715	3.558
2	89	4820	2308	4321	983	5.292	2.545	1.693
2	97	7387	3007	6469	2180	5.202	4.32	3.112
2	99	4196	2045	3770	889	3.596	3.249	2.706
2	100	5829	2610	5070	945	4.01	3.297	2.388
2	102	4223	1717	3683	806	3.446	3.149	1.936
2	107	9018	4389	7942	2962	4.159	5.038	3.198
2	115	9738	4158	8548	2468	4.27	3.208	4.756
2	121	8754	4054	7707	2235	7.488	2.98	3.537
2	122	3950	1869	3370	974	7.491	4.295	2.776
2	124	7167	2997	6381	1561	8.042	3.6	2.425
2	125	5934	2511	5255	1561	4.766	3.552	2.207
2	127	12169	5795	10601	3094	3.593	2.773	2.904
2	128	10361	4842	8987	2234	22.71	3.548	3.005
2	130	1153	671	988	336	4.313	2.681	2.428
2	131	292	135	270	73	10.64	3.486	1.277
2	138	8766	4226	7590	2170	5.259	3.685	3.479
2	146	8335	3055	7475	2626	13.63	2.89	3.254
2	147	13644	5932	12158	4071	6.631	3.653	3.287
2	152	4917	2501	4208	1219	4.62	5.004	2.554
2	153	8316	3956	7068	1781	4.611	3.872	2.709
2	155	5132	2390	4406	1340	4.495	3.47	2.141
2	162	3175	1338	2783	727	3.779	3.131	1.541
2	163	392	187	356	97	7.709	1.713	0.8304
2	164	1691	835	1472	382	4.226	4.733	2.021
2	166	13878	6603	11660	3626	5.716	3.851	3.553
2	168	6043	2748	5176	1579	5.82	3.32	2.527
2	171	8616	4183	7590	2376	5.986	4.779	2.868
2	172	1779	892	1586	468	27.59	3.244	2.417
2	177	6440	3268	5759	2091	4.919	3.207	3.149
2	180	5356	2606	4686	1402	4.608	3.385	1.855
2	181	8367	3977	7131	1926	4.414	4.607	2.407
2	192	8170	3577	7139	2235	4.015	4.18	1.911
2	196	10236	4633	8929	2464	4.44	4.414	1.942
2	198	5394	2415	4625	1047	3.798	4.301	2.672
2	199	9037	4145	7627	2106	24.81	3.342	2.364
2	205	4184	2022	3614	924	3.86	3.75	1.516
2	208	12787	5305	11200	2549	4.161	3.439	2.326
2	210	4288	1931	3903	1145	3.182	2.783	2.226
2	211	6386	3401	5679	1775	3.563	3.715	1.744
2	212	6557	3267	5720	1778	3.548	2.91	2.618
2	213	14222	6685	12754	3250	7.208	3.488	2.955
2	217	3992	1566	3460	821	5.993	3.727	1.841
2	218	3095	1283	2684	717	4.871	2.545	2.728
2	228	4538	2127	3904	1150	4.815	3.517	2.387
2	232	3051	1617	2738	981	5.725	3.185	2.268
2	233	1501	778	1320	491	3.998	3.266	2.789
2	241	3127	1520	2830	987	4.321	3.584	1.832
2	242	4736	2308	4113	1446	12.2	4.805	2.084
2	250	10329	5103	9223	3292	3.677	2.986	3.675
2	255	5427	2834	4801	1403	3.84	3.438	3.653
3	24	7160	3408	6158	1897	22.81	3.418	3.507
3	41	8494	4380	7666	2229	5.581	3.525	1.817
3	45	3495	1924	3115	1034	2.932	2.937	2.114
3	51	2814	1326	2544	777	17.65	2.917	3.372
3	56	5529	2528	4803	1163	5.638	3.529	2.46
3	70	6531	3044	5899	2100	5.968	4.417	1.996
3	71	8584	3722	7674	1808	13.74	4.244	2.398
3	83	9505	4897	8408	3067	4.458	4.474	3.626
3	88	5908	3043	5134	1944	7.403	2.936	3.092
3	89	6635	3115	5808	1621	5.554	4.475	2.718
3	104	14275	6234	12417	4193	4.533	3.935	2.887
3	107	5796	2655	5125	1520	4.553	3.005	2.163
3	112	6299	3028	5577	1824	3.542	4.652	2.818
3	113	2220	1052	1928	634	3.151	3.041	2.477
3	120	6234	2895	5437	1509	14.17	3.496	2.544
3	121	7664	3600	6511	1786	8.558	3.242	3.759
3	122	1627	757	1447	427	5.484	2.753	2.685
3	123	2528	1208	2279	679	3.617	3.896	3.239
3	127	7921	3398	7015	2228	5.45	3.063	3.594
3	128	3235	1685	2876	675	3.71	3.299	2.741
3	129	3692	1875	3287	1104	3.399	3.516	2.418
3	131	2308	1068	1984	501	4.421	2.822	2.639
3	132	10453	4329	9106	2533	9.247	3.551	2.448
3	135	6230	2742	5639	1797	20.32	3.563	3.584
3	136	3252	1722	2871	904	5.022	3.674	2.689
3	140	8151	3849	6894	1887	5.543	3.999	1.806
3	145	7905	3527	6796	2255	12.9	3.541	3.706
3	149	5522	2420	4998	1542	4.199	3.012	2.743
3	150	6583	3476	5607	1631	4.557	3.68	2.739
3	154	1558	949	1430	566	3.059	3.701	2.668
3	158	7770	3599	6809	2250	4.784	3.808	3.429
3	161	9152	4231	8045	2435	3.804	3.503	4.054
3	165	7255	3104	6297	2178	9.614	3.345	2.741
3	170	4388	2190	3862	1417	3.622	3.163	3.068
3	172	4970	2266	4379	1275	9.356	3.57	3.439
3	173	2911	1450	2623	639	4.491	3.13	2.01
3	175	1968	1112	1763	501	4.256	3.026	2.145
3	190	4084	1771	3664	1086	3.878	3.564	2.327
3	191	4940	2206	4275	1210	5.899	6.9	2.936
3	193	7686	3497	6819	2073	6.922	3.307	2.755
3	195	13020	6820	11532	3672	4.744	5.082	4.438
3	214	8759	3956	7524	2241	5.754	4.128	3.808
3	216	4428	2053	3829	927	5.546	2.93	1.799
4	1	21025	9756	18227	4650	27.03	5.286	3.772
4	15	3061	1547	2778	692	6.585	3.334	2.005
4	19	3110	1647	2789	600	8.304	2.639	3.797
4	21	11407	5227	9990	3405	4.561	5.132	3.331
4	28	5940	2872	5176	1795	5.57	4.193	2.258
4	42	1021	534	901	278	3.858	3.539	1.163
4	54	15136	7322	13668	4860	4.459	3.755	3.267
4	55	6199	2680	5470	1960	5.323	3.423	2.895
4	57	1322	657	1163	283	3.786	3.458	1.966
4	64	10858	4974	9067	2955	4.025	6.02	2.568
4	65	4168	1940	3601	1169	5.489	2.205	2.589
4	66	5570	2491	4853	1315	5.299	4.45	3.068
4	71	2632	1326	2380	850	6.04	3.001	1.55
4	79	5464	2478	4845	1423	5.262	4.008	2.614
4	80	8069	3482	6862	1963	28.94	3.208	3.495
4	84	7512	2986	6683	1725	7.831	3.358	2.844
4	85	2523	1288	2175	752	3.248	2.518	2.782
4	86	532	276	473	171	4.054	2.067	3.404
4	87	10487	4621	9226	2755	7.068	4.033	3.089
4	90	7173	3007	6305	1570	4.942	4.33	2.448
4	92	5804	2470	5187	1469	11.34	3.974	1.85
4	101	8749	3740	7641	2099	7.31	3.731	2.384
4	113	8349	4044	7142	1833	7.082	3.559	2.184
4	114	7631	3636	6572	1999	4.231	4.501	2.751
4	115	3469	1566	3030	993	28.16	2.899	2.092
4	116	6584	2757	5734	1293	8.346	3.055	2.26
4	117	7601	3510	6485	1731	5.946	3.029	2.899
4	121	6094	2502	5330	1659	6.424	3.081	2.562
4	129	8536	3577	7659	2195	5.013	3.165	2.248
4	130	7744	3209	6835	2271	4.865	4.159	3.011
4	134	11774	5436	10444	3463	4.491	4.156	2.812
4	136	10973	4900	9288	2925	5.297	4.294	3.526
4	148	4822	2061	4362	1297	4.875	3.306	2.507
4	150	7776	3004	6788	1848	7.06	3.697	2.785
4	151	3505	1472	2998	585	5.732	4.572	1.62
4	156	10691	4695	9220	2725	6.14	4.288	4.297
4	159	2803	1321	2548	791	10.52	5.876	1.506
4	161	2779	1291	2408	657	12.6	2.409	1.796
4	162	4870	2349	4284	1381	5.818	3.627	2.223
4	203	3333	1767	2982	896	3.499	3.436	2.273
5	6	2293	1240	2066	800	3.35	3.151	2.479
5	28	2223	1059	2027	726	3.191	3.415	2.264
5	43	7361	3213	6516	1561	2.989	3.891	2.49
5	56	9579	4099	8459	2737	4.882	4.301	3.47
5	57	6542	3058	5620	1653	4.345	3.222	2.834
5	64	8242	4035	7054	2280	5.285	3.136	2.863
5	68	1897	999	1697	510	3.005	2.415	2.344
5	69	2757	1396	2437	793	5.5	4.632	2.907
5	71	9085	4350	7951	2688	3.829	3.872	3.608
5	74	13280	6239	11296	3258	5.144	3.838	2.039
5	81	5155	2482	4509	1314	11.32	3.02	2.389
5	84	984	501	878	344	6.827	2.866	2.803
5	85	7556	3484	6654	2343	195.2	4.63	4.817
5	92	4764	2164	4151	1357	3.498	3.767	2.511
5	109	3818	1789	3394	1067	3.269	4.428	2.037
5	130	8955	4251	7829	2600	20.91	3.493	1.851
5	134	4746	2290	4194	1610	4.18	3.233	2.65
5	136	8626	4023	7468	2417	5.813	3.396	3.137
5	146	9023	4217	7721	1922	5.589	3.805	2.919
5	147	3469	1791	3144	1086	5.084	3.98	2.965
5	154	5499	2457	4822	1348	3.747	3.354	3.393
5	156	5304	2217	4705	1504	7.367	3.609	2.601
5	158	4537	2029	4033	1266	4.018	3.137	1.919
5	165	3660	1962	3126	1095	4.547	3.527	2.398
5	166	6927	3367	6157	1772	79.28	5.291	2.504
5	167	5651	2526	5057	1311	5.225	3.151	1.799
5	168	6651	3148	5790	1678	5.003	2.829	4.015
5	191	8912	4411	8031	2336	6.048	3.874	2.625
5	202	4532	1907	3846	753	4.113	4.521	2.483
5	207	5728	2660	4954	1325	5.663	2.934	3.018
5	210	730	311	668	199	4.413	2.201	1.755
5	211	1282	609	1167	468	3.287	3.812	2.072
6	1	6540	3328	5963	1715	4.091	3.257	2.184
6	19	5290	2662	4719	1548	4.998	3.702	2.585
6	20	3507	1724	3115	1036	4.709	5.216	2.073
6	25	5254	2514	4643	1151	5.279	3.073	2.517
6	27	3327	1597	2986	1016	7.585	4.033	2.224
6	30	813	352	740	200	2.713	4.326	1.788
6	34	6188	3051	5435	1626	4.341	4.525	4.87
6	35	2278	1220	1980	529	24.08	3.353	2.354
6	39	9729	4680	8669	2672	4.667	3.365	2.132
6	43	6198	3015	5471	1621	7.306	3.718	3.534
6	44	1103	544	1001	291	5.828	3.189	1.163
6	47	7801	3880	6929	2299	5.242	3.505	2.979
6	51	12595	5822	11018	3561	29.92	3.321	3.181
6	52	4016	1850	3626	1111	4.292	4.058	3.024
6	53	3768	1679	3339	908	14.29	3.254	2.639
6	56	3639	1820	3222	908	7.93	3.593	3.088
6	58	6198	3197	5441	1550	3.372	3.143	2.737
6	63	6132	2730	5267	1506	4.57	5.856	2.844
6	64	648	297	590	147	3.073	2.568	1.467
6	65	1677	874	1531	441	4.228	3.107	4.155
6	69	5856	2796	5094	1194	5.613	4.025	3.257
6	72	2383	1192	2149	724	5.165	4.882	2.147
6	73	925	463	823	274	5.109	3.378	1.912
6	75	883	440	777	265	7.097	4.703	1.244
6	76	11787	5121	10410	3553	6.074	3.221	2.46
6	85	14632	6264	12679	3985	6.501	3.773	2.39
6	87	10377	4331	8926	2623	4.102	4.81	2.487
6	88	19106	8604	16223	4916	5.933	3.721	2.981
6	94	9266	4323	7971	2730	4.033	4.441	3.264
6	99	7920	3778	6872	2079	5.045	4.841	2.406
6	100	93	68	76	35	9.001	2.014	0.9458
6	101	6490	3123	5475	1934	6.904	4.142	4.303
6	105	5768	2927	5131	1809	4.362	3.226	2.298
6	109	5534	2464	4903	1642	5.586	5.291	2.265
6	115	14383	6447	12341	3724	26.28	3.226	2.143
6	116	8346	4011	7191	2325	6.198	4.143	2.965
6	117	12106	5509	10465	3990	3.988	4.163	2.569
6	124	9618	4362	8293	1803	14.15	3.104	1.83
6	127	4629	2225	4185	1090	8.911	3.45	2.969
6	128	6663	3035	5932	1826	4.626	3.72	2.874
6	130	7784	3746	6764	2337	4.913	3.396	2.318
6	134	4644	2096	4122	1175	11.91	4.069	3.563
6	135	3235	1399	2825	597	2.869	4.106	2.592
6	137	2688	1270	2348	725	3.645	3.123	2.503
6	138	3712	2007	3245	974	3.092	3.339	2.229
6	140	3953	1922	3548	1238	5.23	3.198	2.338
6	146	3186	1500	2770	905	6.116	3.529	1.679
6	148	2701	1158	2369	714	4.042	4.712	2.822
6	154	4363	2133	3943	1449	6.042	3.918	2.129
6	158	5225	2436	4581	1549	5.373	3.262	3.28
6	160	6413	3090	5706	1890	4.569	3.676	2.535
6	168	7933	3843	6933	1966	5.47	3.306	3.193
6	169	13148	6162	11668	3248	85.74	4.156	3.253
6	183	3600	1546	3305	773	4.077	2.562	2.237
7	3	5305	2280	4591	961	11.8	3.976	2.741
7	5	8592	3895	7298	1770	4.863	3.303	2.351
7	6	4353	2125	3827	763	5.595	2.998	1.596
7	11	5700	2699	4978	947	5.124	2.916	2.671
7	12	10007	4792	8736	2223	15.24	3.283	2.818
7	28	2182	986	2017	586	4.394	2.191	3.157
7	33	8367	4062	7297	2309	8.154	3.591	2.836
7	37	6645	3549	5826	2370	27.28	3.439	5.334
7	40	9815	4771	8568	3095	4.002	3.3	2.615
7	41	6127	3103	5472	1689	3.325	3.083	2.445
7	42	6263	3183	5444	1921	12.36	3.145	2.7
7	44	1265	586	1141	328	7.436	2.849	2.351
7	50	4371	2149	3911	1019	5.171	3.745	2.952
7	51	4256	2166	3855	1243	3.085	4.307	2.472
7	58	6218	3211	5455	1578	8.212	3.572	2.983
7	66	2771	1453	2351	685	4.222	3.638	2.636
7	67	16585	7870	14283	4250	35.89	3.705	2.392
7	73	2363	1099	2027	635	4.489	2.283	1.642
7	85	8555	3584	7211	1590	7.378	3.159	3.956
7	87	872	391	684	78	5.863	2.447	1.046
7	88	9942	4087	8793	2339	7.133	3.796	3.124
7	89	5018	2633	4394	1754	3.648	4.807	2.851
7	95	3841	1994	3326	1266	8.293	3.566	2.287
7	99	9887	4196	8667	2436	8.329	3.142	2.959
7	103	5099	2507	4213	1308	6.436	3.433	1.689
7	107	11927	5774	10345	3181	3.784	4.129	2.333
7	109	5442	2335	4765	1375	6.275	2.759	2.656
7	111	9755	4111	8178	2041	14.4	3.468	2.216
7	112	4118	1906	3705	1125	4.388	3.09	2.927
7	113	7902	3340	6992	2109	5.098	3.737	3.512
7	119	4375	2209	3681	1108	2.909	3.823	1.884
7	125	7475	3453	6409	1402	5.251	4.067	2.087
7	127	2089	1023	1724	390	3.987	3.543	1.372
7	131	13363	6168	11394	3434	5.245	4.278	3.112
7	132	14237	6105	12436	3768	4.399	3.137	3.395
7	133	12772	6081	11115	2953	7.368	5.268	2.362
7	134	3588	1886	3203	903	3.839	3.448	2.589
7	138	9281	4244	7987	2652	5.676	3.037	2.845
7	139	1909	985	1613	492	4.255	3.456	1.982
7	140	4424	2339	3837	1389	4.254	2.843	3.713
7	141	9398	4538	8231	2372	3.892	3.021	2.838
7	142	1701	829	1521	347	4.385	2.896	3.425
7	147	3005	1416	2679	734	3.602	4.391	2.637
7	152	3339	1379	2992	641	3.679	3.346	1.975
7	159	3199	1551	2901	828	6.302	2.678	2.094
7	162	12355	5422	10942	2861	6.539	4.275	3.358
7	176	1233	712	1099	311	4.514	2.896	2.674
7	177	1960	1027	1760	247	2.792	2.742	2.242
7	187	9907	3964	8691	2802	4.773	2.849	2.225
8	17	6182	2977	5543	1401	9.265	4.212	2.779
8	29	10689	5389	9760	3527	19.53	3.64	2.786
8	32	7417	3735	6681	1827	6.831	2.841	2.517
8	36	2077	1028	1826	494	5.279	2.945	3.426
8	39	4625	2372	4006	1443	6.956	2.763	2.974
8	41	4278	1990	3730	1058	4.902	3.631	3.445
8	42	7578	3953	6683	2160	4.33	6.296	2.665
8	43	7171	3499	6262	1993	5.644	3.176	3.264
8	44	2314	1215	2012	667	3.73	3.765	2.106
8	45	4927	2267	4330	1165	6.533	3.48	1.44
8	57	3963	1899	3523	1013	3.246	3.511	2.081
8	59	3555	1677	3094	813	9.964	2.968	2.332
8	65	3848	1872	3326	1031	20.51	4.364	1.842
8	68	5114	2505	4407	1521	41.42	3.295	3.755
8	69	10608	4946	9146	2776	12.87	4.37	4.042
8	78	1263	664	1110	369	2.787	4.312	1.737
8	81	6589	3118	5770	1907	6.956	4.297	2.627
8	83	11353	4946	9787	3020	3.433	3.971	2.807
8	84	14926	6862	12737	3733	3.98	3.274	3.712
8	85	5853	2600	5101	1052	7.363	3.937	1.913
8	88	7172	3370	6167	1941	4.589	3.325	2.283
8	106	6310	3355	5451	2046	4.04	3.228	2.677
8	109	10212	4803	8936	2752	4.591	3.411	2.665
8	110	10766	4652	9370	2406	6.383	4.584	3.592
8	113	4567	2242	3803	1075	24.41	3.61	2.135
8	118	3013	1374	2668	829	3.73	3.287	2.195
8	121	978	617	862	214	4.762	2.558	2.09
8	124	3833	1866	3349	989	6.277	4.193	1.814
8	125	1610	829	1446	406	185.7	2.227	2.833
8	126	492	315	419	138	3.328	2.327	0.9324
8	135	4870	2476	4253	1357	4.06	3.788	3.632
8	153	2831	1471	2416	738	6.018	4.825	2.005
8	159	5101	2219	4386	936	5.168	3.547	2.441
8	160	5438	2079	4702	915	12.24	2.655	4.625
9	4	5063	2704	4588	1495	11.95	3.372	2.474
9	5	1299	555	1174	331	4.189	3.194	1.633
9	9	3957	1940	3490	1119	3.749	3.464	2.474
9	12	5126	2316	4601	1477	4.653	4.411	1.443
9	13	9828	4417	8708	2100	5.487	3.208	2.34
9	31	7944	3751	7016	2311	23.8	2.918	1.914
9	33	5392	2539	4928	1863	4.955	3.45	2.207
9	36	5077	2547	4573	1521	13.23	4.323	3.113
9	39	2353	1102	2034	655	26.46	3.552	2.45
9	40	9793	4735	8662	2845	4.381	3.524	2.876
9	51	3096	1485	2755	854	5.703	2.846	2.45
9	53	10452	4777	8810	2984	4.104	3.402	2.832
9	69	3667	1864	3253	935	6.722	3.802	1.596
9	70	2270	1289	2004	685	3.096	3.579	1.697
9	72	1482	810	1350	350	9.066	3.255	2.961
9	73	3945	1911	3513	1090	4.686	2.886	1.597
9	89	1535	727	1382	293	3.446	2.309	2.152
9	93	6355	3077	5640	1466	2.973	4.537	2.978
9	99	4486	2185	3894	1427	4.382	5.699	2.133
9	100	7770	3638	6528	2533	6.704	5.219	2.274
9	102	8546	3673	7359	2121	6.32	4.193	3.213
9	103	1820	972	1676	581	2.746	2.831	1.209
9	104	2133	1166	1871	674	3.455	3.033	2.498
9	105	1548	832	1359	457	3.211	3.125	4.076
9	106	7389	3625	6293	1720	5.433	2.996	3.32
9	107	1889	939	1679	527	6.343	2.84	2.152
9	109	8891	4395	7771	2872	5.242	4.262	3.056
9	110	9824	4434	8614	2879	45.74	3.659	3.481
9	111	350	194	328	71	85.9	2.941	1.99
9	112	8438	4252	7451	2108	8.453	3.505	3.096
9	113	4858	2327	4343	1263	3.806	2.773	2.693
9	114	2839	1527	2508	722	3.513	4.033	3.031
9	115	8742	4440	7798	2870	4.135	3.827	2.283
9	116	4329	2343	3736	1377	5.562	3.071	3.111
9	118	10866	5315	9501	3451	5.945	3.254	3.152
9	119	4227	1918	3689	1322	4.036	3.051	2.687
9	121	2520	1360	2193	684	4.022	3.918	2.235
9	124	4019	2014	3529	1245	6.144	3.746	2.912
9	125	5595	2837	4942	1957	4.82	2.952	2.978
9	134	11254	4996	9859	2529	7.673	3.697	2.688
9	140	12131	5249	10184	3120	9.241	4.457	2.993
9	142	3580	1797	3183	937	4.624	4.936	2.01
9	144	3998	2015	3536	704	4.122	2.925	2.807
9	145	4695	2357	3976	1028	5.103	4.645	2.06
9	149	4100	1833	3596	821	100.8	3.956	3.679
9	153	312	206	282	108	2.65	1.833	1.38
9	160	1623	836	1399	269	5.941	3.37	2.451
9	161	1612	891	1305	282	7.279	2.454	1.934
10	13	4956	2342	4494	1519	9.552	2.63	2.395
10	22	5384	2736	4837	1665	6.603	3.452	2.321
10	43	4446	2320	4011	1345	16.74	2.524	1.924
10	44	2438	1333	2260	970	7.262	2.376	2.301
10	46	7511	3648	6815	2479	4.749	3.528	2.78
10	52	7606	3663	6611	2049	3.988	5.282	3.237
10	53	3907	1793	3552	955	4.563	3.223	2.081
10	58	1479	703	1374	447	3.645	4.069	1.796
10	59	4968	1935	4377	1196	4.24	3.345	3.443
10	67	4958	1886	4328	1418	12.72	2.968	2.632
10	69	6655	2875	6006	1354	4.2	2.698	2.483
10	70	7178	3314	6274	1821	10.73	4.71	1.931
10	73	4287	2006	3817	1324	3.103	3.422	2.49
10	77	17931	7554	15941	3997	5.369	4.062	2.707
10	80	7327	3786	6094	1683	6.74	3.109	3.96
10	81	8463	3868	7182	2152	6.83	4.035	2.234
10	84	12830	5349	11279	2877	5.756	3.558	2.547
10	85	2115	1076	1931	611	17	2.915	1.51
10	92	12647	5124	10956	3286	5.614	3.841	3.632
10	100	1942	1078	1764	510	4.698	2.554	2.196
10	101	6101	2711	5521	1373	3.785	4.236	2.715
10	109	7646	3324	6772	1942	7.671	3.482	3.045
10	110	2398	1150	2058	595	5.479	2.634	2.071
10	112	1475	837	1312	489	6.06	2.643	3.255
10	113	4953	2679	4307	1480	5.13	4.285	3.234
10	117	9312	4416	8052	2475	14.51	4.736	2.735
10	120	6777	3174	5662	1735	5.285	3.371	2.499
10	121	4050	2206	3497	1184	6.91	3.814	3.188
10	123	6140	2903	5358	1450	3.234	3.807	1.755
10	126	8356	3680	7319	2288	17.06	3.95	3.27
10	127	2684	1169	2371	477	4.067	3.931	1.517
10	129	9885	4798	8229	2565	4.663	4.851	2.453
10	130	3292	1465	2846	768	4.301	2.62	1.751
10	131	8779	4107	7494	2138	7.564	2.873	2.833
10	137	8126	3712	7039	2330	25.02	3.462	3.008
10	138	1371	709	1231	323	10.54	3.117	1.637
10	140	1784	912	1530	318	8.817	3.255	2.83
10	144	3152	1464	2823	865	3.882	3.307	1.932
10	150	6806	3133	6084	2110	4.272	3.528	2.727
10	152	4403	2179	3904	1429	5.47	3.335	2.362
10	154	10095	5129	8935	2851	16.6	2.98	4.879
10	176	6451	3026	5608	1029	4.02	4.526	1.328
10	177	3895	1591	3475	625	3.615	3.028	1.488
11	2	5042	2438	4274	709	4.152	3.93	1.757
11	3	5107	2577	4371	914	4.357	3.556	2.926
11	4	3756	1624	3372	977	5.33	2.759	2.765
11	7	2856	1404	2475	593	10.72	3.531	2.521
11	11	6778	3024	6134	1747	3.486	4.43	2.673
11	12	8077	3696	7290	2490	9.767	3.584	2.448
11	22	2456	1313	2182	612	5.919	3.029	2.363
11	28	4198	2056	3489	886	5.094	3.419	2.904
11	30	3987	1850	3441	932	7.371	5.092	3.506
11	31	3731	1777	3293	1064	3.9	3.12	2.057
11	33	4899	2372	4226	1342	11.2	3.463	3.106
11	56	1148	600	1022	302	5.557	2.048	1.782
11	57	5005	2392	4377	1091	3.687	3.191	3.279
11	75	3995	1734	3597	539	6.16	2.995	2.094
11	76	4820	2125	4291	1275	68.26	2.868	2.143
11	78	5365	2171	4499	1259	4.546	2.6	2.076
11	79	11669	4666	9766	2733	9.358	4.371	3.125
11	80	7623	3147	6664	1464	6.333	3.422	2.616
11	81	4520	2091	4035	1106	3.863	2.768	2.854
11	82	1300	688	1161	344	3.814	3.653	1.847
11	86	6859	2982	5908	1456	3.456	2.762	3.224
11	88	7345	3298	6375	1958	13.1	3.53	2.542
11	90	11571	4937	10109	2642	4.051	3.75	2.756
11	107	2146	1150	1869	736	3.854	2.803	3.211
11	108	1944	978	1733	480	4.432	2.508	3.187
11	117	12279	5121	10814	3190	10.57	4.113	2.643
11	121	5272	2595	4676	1513	5.362	3.577	1.792
11	125	4715	2263	4203	1125	6.184	2.907	2.304
11	128	695	406	613	204	4.924	2.394	2.881
11	129	5219	2572	4634	1643	118.6	4.804	2.873
11	133	5512	2273	4805	1553	7.243	4.08	4.683
11	140	2924	1449	2580	801	4.016	2.906	2.947
11	142	6244	3177	5556	1801	20.51	3.039	3.383
11	147	10009	5025	8832	2655	28.97	3.286	2.996
11	163	847	511	765	239	4.145	2.574	2.222
12	1	3239	1604	2830	892	6.717	2.857	5.182
12	12	1882	979	1668	471	7.399	5.08	3.053
12	13	3406	1636	3117	943	3.473	3.923	2.191
12	17	2480	1126	2174	541	4.947	3.507	2.171
12	18	5090	2207	4467	1471	6.498	3.513	2.478
12	23	6948	2980	6274	1995	15.12	3.506	2.183
12	26	1016	488	923	337	5.102	2.377	1.355
12	27	626	434	573	166	3.41	3.638	1.766
12	29	725	362	645	232	4.219	2.422	1.844
12	42	10842	4746	9735	2946	5.548	3.217	3.01
12	45	4302	2380	3753	1196	3.203	3.041	2.846
12	47	1727	905	1535	502	4.974	3.025	2.788
12	48	6027	2963	5386	1964	6.99	4.382	2.363
12	49	6592	3287	5896	1912	8.848	3.488	2.019
12	51	3944	1885	3526	1298	4.317	3.558	2.116
12	52	8674	4110	7707	2631	3.599	4.037	3.696
12	59	7962	3460	6923	2254	4.723	3.027	2.085
12	60	3630	1726	3249	1035	4.666	5.443	2.676
12	61	4315	1979	3824	1207	3.463	4.683	2.121
12	62	4802	2158	4158	906	4.087	3.365	3.309
12	63	5681	2256	5085	1707	20.21	2.992	2.946
12	64	3790	1757	3376	787	4.583	3.545	2.868
12	66	6346	2836	5678	1668	4.955	4.717	3.214
12	67	3439	1412	3054	812	3.618	3.829	2.287
12	69	6490	2649	5691	1725	5.525	4.191	3.594
12	71	7756	3298	6694	1766	6.803	3.762	2.835
12	72	20600	9120	17970	6033	4.026	4.17	6.17
12	82	6760	3231	5866	1725	8.407	3.227	3.52
12	97	9820	4440	8475	2470	5.871	4.118	2.939
12	98	3889	1835	3544	944	3.552	4.59	2.695
12	106	7007	3369	6242	1959	4.822	3.269	3.339
12	110	7847	3817	6879	2020	7.242	4.925	3.771
12	113	5620	2812	4982	1577	4.998	4.228	1.618
12	116	1760	889	1609	582	3.622	3.31	3.472
12	117	6060	2885	5426	1901	6.531	4.902	2.66
12	119	11176	5327	9646	2660	5.272	4.23	2.727
12	120	2926	1501	2491	726	3.486	3.151	2.89
12	121	4137	2018	3634	1325	11.28	8.156	1.527
12	122	10239	4156	9007	1647	45.51	3.891	2.603
12	123	3217	1555	2784	798	4.243	2.594	2.412
12	127	2536	1335	2263	735	4.404	3.29	2.65
12	128	959	501	839	281	5.638	3.605	1.528
12	129	4092	2101	3704	1251	4.943	3.7	2.379
12	138	10139	4477	9017	2482	35.87	3.838	3.28
12	139	14220	6117	12419	3243	14.52	3.583	2.579
12	140	2373	1266	2144	627	18.6	4.513	3.28
12	141	3450	1756	3084	1042	13.67	3.486	2.344
13	18	1706	879	1545	589	12	2.936	1.999
13	21	6707	3345	6050	1584	5.89	4.257	2.732
13	24	4672	2198	4192	1199	4.195	3.321	2.518
13	25	3007	1252	2721	632	9.824	3.631	1.616
13	40	4605	1989	3906	1353	10.34	3.082	2.82
13	44	3683	1792	3269	1036	4.484	4.722	2.238
13	45	5470	2398	4828	1450	3.439	3.186	2.222
13	50	10237	4991	8848	2945	8.624	3.408	2.739
13	66	2330	1194	2056	677	6.971	2.535	1.836
13	69	9711	4398	8704	2941	5.332	4.733	3.954
13	70	6501	2949	5805	1836	4.507	3.914	3.293
13	84	3560	1624	3187	796	3.593	3.381	3.056
13	95	2166	1019	1926	536	4.535	4.127	1.865
13	96	2285	1142	2062	608	2.779	2.876	1.73
13	111	1690	909	1536	437	6.111	2.538	1.88
13	115	2080	1123	1871	683	5.228	3.056	1.416
13	116	1743	988	1603	589	6.308	4.024	3.282
13	118	3675	1878	3302	1197	7.239	3.993	1.976
13	124	858	378	700	186	5.275	2.58	3.863
13	125	5783	2500	5151	1474	29.37	3.422	2.58
14	4	1678	871	1416	401	4.715	3.246	2.964
14	10	1997	875	1710	343	2.501	2.943	1.521
14	11	2521	1119	2211	505	3.004	3.133	2.348
14	14	8500	4251	7585	2384	17.95	3.234	2.402
14	23	8335	3771	7409	2249	3.819	3.895	2.56
14	31	8067	3492	7144	2242	6.027	3.822	2.528
14	35	8211	3548	7315	2552	5.299	3.802	2.291
14	43	369	194	346	129	3.75	3.282	1.849
14	63	9789	4296	8625	2857	5.83	4.675	3.223
14	67	6132	2985	5506	1565	5.134	2.921	2.004
14	68	4529	2192	4072	1114	6.939	3.055	3.473
14	72	9511	4164	8455	2763	5.208	4.057	2.988
14	73	4565	2064	3984	1068	11.06	4.15	2.734
14	93	6277	3017	5622	1928	3.679	3.07	3.021
14	96	696	409	613	163	2.027	2.883	2.03
14	105	3001	1493	2661	657	7.297	2.988	3.491
14	106	2655	1457	2381	746	3.897	2.787	2.36
14	120	2183	1084	1934	478	7.861	4.408	2.317
14	121	6950	3163	6090	1603	4.198	3.043	2.194
14	126	8465	3885	7246	1681	5.347	3.913	2.252
14	127	5795	2584	5013	1566	5.366	2.985	4.186
14	129	3979	1572	3493	826	6.951	2.659	1.488
15	37	7880	3628	6785	2025	5.657	3.943	2.371
15	44	3609	1631	3138	941	5.88	3.153	2.343
15	45	13594	6251	11910	3915	3.616	4.163	2.931
15	46	4109	1861	3693	1262	4.919	3.207	2.203
15	47	4422	2353	3936	1583	3.424	3.418	2.578
15	50	6049	2801	5309	1766	10.95	3.72	2.149
15	52	3992	2006	3656	1259	83.89	3.386	3.279
15	53	757	387	697	209	140.8	4.811	1.862
15	54	4771	2153	4250	1403	6.545	3.223	2.238
15	59	9370	4808	8157	2743	5.167	3.464	3.506
15	62	12135	5486	10440	2786	10.04	3.541	4.119
15	63	3330	1622	2836	769	3.578	3.191	2.251
15	64	3465	1727	3061	1046	4.466	3.058	4.067
15	66	6716	2998	5848	1906	4.031	2.904	2.586
15	80	2783	1329	2438	567	5.437	2.701	1.991
15	83	2624	1238	2272	664	4.354	4.29	2.116
15	85	5554	2204	5000	1624	5.344	3.764	1.668
15	88	3279	1599	2982	895	3.889	4.754	1.852
15	102	4268	2334	3743	1334	5.319	2.796	3.143
15	111	3524	1691	3121	776	2.975	3.853	3.193
15	117	2107	1042	1844	679	4.296	3.506	2.611
16	1	4839	2122	4147	841	5.821	3.672	1.833
16	2	1509	830	1046	194	2.5	2.433	2.32
16	4	6426	3080	5240	1274	4.188	4.312	2.836
16	5	2847	1228	2180	296	3.728	3.8	1.622
16	6	3785	1618	3363	751	4.148	3.542	2.012
16	9	6442	2872	5554	1095	4.236	4.049	2.054
16	31	5867	2649	5327	1460	9.84	2.832	2.221
16	32	816	403	752	208	8.595	2.038	2.359
16	33	9218	4303	8204	2750	4.322	3.952	3.043
16	37	6866	3197	5974	1468	4.84	3.53	2.997
16	41	4810	2214	4244	1352	6.628	4.468	2.379
16	43	4495	1974	4021	1148	4.588	3.629	1.741
16	58	4269	1472	3814	776	4.423	4.618	1.481
16	59	4710	1757	4068	556	5.65	3.396	1.833
16	63	6051	2882	5250	1271	4.194	4.028	2.366
16	70	1625	963	1462	472	4.343	2.293	1.789
16	74	1113	508	997	247	4.781	3.568	2.104
16	75	6502	3136	5668	1882	60.14	4.871	3.241
16	76	4265	2153	3836	1079	7.704	4.23	2.326
16	79	3094	1396	2730	1122	4.496	3.366	2.628
16	83	4779	2324	4227	1359	2.625	3.783	2.916
16	85	10969	5252	9614	2734	6.032	3.869	2.571
16	88	10867	5313	8852	2316	14.39	3.637	3.013
16	89	13817	6707	11620	3744	65.06	12.05	2.556
16	90	3044	1663	2697	768	4.214	2.945	2.179
16	91	3590	1641	3185	686	5.449	3.293	2.327
16	94	11345	5743	10038	3769	5.842	4.066	2.617
16	99	3536	1754	3172	1095	6.203	3.01	2.817
16	100	721	359	639	129	7.492	1.987	0.775
16	101	683	424	623	180	4.691	3.307	2.038
16	103	14519	7068	12935	4470	3.854	4.142	3.219
16	104	3957	2128	3600	1194	7.206	3.29	3.04
16	110	3234	1693	2927	983	15.24	4.824	2.929
16	113	4949	2553	4513	962	6.437	4.563	2.593
16	116	3071	1810	2643	0	4.739	3.684	-Inf
16	119	4036	2199	3765	0	6.884	3.906	-Inf
16	120	721	323	683	0	4.255	2.883	-Inf
16	125	3696	1620	3191	0	5.77	3.967	-Inf
16	126	726	390	577	0	4.046	2.312	-Inf
16	127	1074	671	850	0	11.28	2.704	-Inf
16	128	12694	5562	11387	0	5.497	4.401	-Inf
17	9	6642	3318	5605	1549	8.213	3.373	3.405
17	15	350	203	295	0	1.689	2.637	-Inf
17	16	1287	668	1110	141	6.258	2.919	1.315
17	17	6679	3240	5732	2110	11.59	3.031	3.781
17	22	1251	528	1121	228	4.317	3.815	2.804
17	23	2409	1112	2067	559	65.99	3.068	2.053
17	24	4035	2012	3535	904	12.15	3.762	2.393
17	25	4448	2001	3872	1034	8.76	3.808	2.643
17	28	799	433	683	188	3.035	2.733	1.932
17	30	837	437	771	254	4.038	4.73	1.373
17	49	2287	1299	2042	655	3.093	2.996	2.02
17	51	9787	4144	8837	2111	7.209	3.229	2.544
17	53	8304	3028	7204	1777	3.409	2.962	2.228
17	54	5125	2540	4545	1239	5.407	3.743	2.882
17	55	12887	5217	11034	2390	13.51	4.129	2.902
17	65	7785	3613	6706	2156	4.593	4.901	2.663
17	70	4020	1727	3469	987	4.846	3.63	2.102
17	71	5465	2415	4656	861	8.74	3.255	1.8
17	73	9946	3967	8594	1763	12.55	3.884	2.437
17	74	10614	4628	9266	2242	4.935	4.09	2.704
17	75	8045	3632	6941	2269	22.71	5.196	1.947
17	76	4021	1916	3430	921	3.675	2.7	1.833
17	78	1394	716	1225	266	4.16	2.405	1.375
17	80	4352	2168	3837	1116	3.157	2.632	2.016
17	85	6646	3162	5884	1740	5.448	5.412	2.773
17	87	2894	1473	2543	670	3.876	5.101	1.804
17	90	10028	3802	8641	1999	5.908	4.392	2.554
17	94	5303	2254	4440	993	3.776	3.588	3.437
17	95	3456	1482	3120	864	3.592	3.671	1.973
17	97	6799	3256	6094	1888	14.02	3.807	5.027
17	98	3543	1709	3122	657	6.673	5.679	2.182
17	100	4461	1807	3933	952	4.659	3.585	2.045
17	101	3144	1413	2868	950	5.161	4.129	2.427
17	102	2610	998	2356	572	63.14	2.787	2.351
17	103	2586	1255	2220	640	10.58	3.077	2.063
17	104	389	240	327	103	4.915	1.932	1.518
17	105	4311	2164	3855	1167	4.817	3.206	2.188
17	109	1053	575	917	286	2.96	3.486	2.866
17	116	2406	1178	2119	692	3.796	2.88	2.997
17	117	5601	2272	4911	1173	5.465	4.711	2.474
17	118	4810	2136	4082	1015	5.348	2.612	3.151
17	121	2739	1409	2414	827	2.831	2.922	1.81
17	123	4407	2290	3915	1042	4.131	3.718	2.6
17	125	6617	3153	5800	1623	25.49	3.897	3.191
17	128	1793	939	1527	253	4.451	2.967	2.643
17	130	3858	1784	3374	879	3.93	2.711	2.301
17	133	3310	1825	2422	560	3.03	2.858	1.476
17	134	4078	1843	3578	1101	3.539	2.936	3.39
18	8	3695	1768	3372	888	4.329	3.185	2.552
18	9	927	598	790	141	5.432	4.292	1.292
18	31	6311	3447	5604	1731	4.847	4.314	2.247
18	35	2009	782	1830	506	4.258	2.71	2.127
18	39	8799	4245	7670	2282	7.705	3.66	2.657
18	41	12371	4558	11138	2479	10.31	4.371	2.827
18	42	7046	3068	6227	1839	4.385	3.359	3.041
18	52	4933	2270	4395	1279	4.262	3.443	2.784
18	61	6790	3387	5697	1768	4.427	2.896	2.362
18	68	619	410	530	135	4.644	1.94	2.261
18	69	10947	5208	9495	3315	91.58	3.449	4.206
18	74	10495	5069	9053	2396	4.504	4.261	3.737
18	77	1541	718	1367	423	10.3	3.854	2.565
18	78	2426	1220	2144	525	4.231	3.915	2.257
18	81	4201	2307	3765	1427	3.473	3.865	2.71
18	85	6977	3617	6013	1626	4.524	4.043	1.996
18	88	4280	1946	3756	1151	6.897	3.136	2.172
18	119	1809	872	1551	186	3.562	3.127	1.096
19	2	727	501	444	0	5.485	2.427	-Inf
19	5	280	266	45	0	4.365	0.2758	-Inf
19	6	2410	1467	1727	115	4.947	3.037	1.343
19	12	2094	933	1803	196	12.2	4.226	1.776
19	15	1222	725	985	158	4.5	2.75	2.705
19	16	1154	822	725	139	4.974	4.504	1.317
19	19	909	652	471	113	2.755	1.445	1.884
19	20	1969	1037	1460	238	4.979	2.856	2.37
19	21	1177	599	932	142	3.147	2.736	1.371
19	22	4494	2408	3869	964	3.977	4.182	2.078
19	25	3257	1603	2782	575	5.542	3.685	1.639
19	30	2739	1225	2386	596	4.917	3.538	1.667
19	32	3498	1786	2924	662	5.934	2.862	3.673
19	33	1766	814	1503	268	7.624	3.116	2.749
19	35	4621	1865	4057	1177	4.598	3.317	1.856
19	36	1138	646	978	210	2.356	2.256	1.4
19	37	5713	2565	4801	1299	467.7	17.34	2.312
19	38	1288	610	1109	326	27.88	10.69	3.47
19	39	8180	3517	6852	1621	11.15	3.563	2.315
19	42	2404	1228	1690	292	3.732	2.438	1.08
19	46	4495	2017	4122	1217	9.979	3.047	2.268
19	49	4337	2300	3724	995	9.08	4.344	3
19	51	2657	1322	2309	624	10.93	3.049	2.021
19	52	3153	1624	2611	622	5.664	3.608	1.704
19	53	6505	3053	5530	1628	217.5	3.289	2.629
19	54	10530	4263	9536	3103	8.118	3.905	2.837
19	63	2760	1432	2461	617	7.569	4.635	3.45
19	64	8153	3905	7054	1964	5.718	3.296	2.833
19	65	2648	1397	2346	782	5.083	3.767	2.908
19	67	13252	5937	11139	3881	7.035	4.028	2.399
19	70	4432	1849	3930	923	5.872	2.935	3.025
19	71	663	334	557	123	5.213	2.37	1.214
19	72	8356	2700	7233	922	5.326	3.425	3.475
19	73	1055	490	919	273	7.886	4.326	1.496
19	74	6527	2876	5802	1638	152.3	3.706	3.233
19	75	1452	747	1279	191	2093	54.72	9.256
19	76	6136	2845	5227	1341	382.3	4.16	2.438
19	77	9933	5032	8291	2124	8.993	4.439	2.727
19	79	3509	1553	3113	828	7.609	2.71	1.528
19	80	1759	865	1453	283	44.25	2.93	1.157
19	81	4812	2051	4025	900	12.78	4.708	2.246
19	89	2203	1153	1932	783	6.398	2.84	1.724
19	90	4829	2448	4232	1413	4.12	3.541	2.976
19	98	2014	1067	1525	329	20.51	3.138	2.971
19	103	2656	1261	2279	0	4.451	4.258	-Inf
19	104	2797	1417	2448	0	4.352	4.761	-Inf
19	107	1961	981	1739	0	6.825	3.396	-Inf
19	110	6059	2722	5366	0	3.418	3.286	-Inf
19	111	2962	1204	2667	0	27.05	3.295	-Inf
20	2	2112	1191	1858	403	3.437	3.103	2.54
20	10	2251	1112	2041	676	3.262	2.932	1.677
20	12	4111	2024	3609	859	7.468	2.815	2.474
20	18	2179	1303	1935	815	7.478	3.676	2.371
20	19	726	358	661	194	4.333	2.187	0.777
20	40	2662	1552	2415	820	10.15	3.31	2.888
20	48	7795	3926	6802	2152	14.33	3.88	2.025
20	55	1745	746	1550	434	3.035	2.968	1.563
20	59	9593	3886	8550	1513	8.267	3.404	2.363
20	60	5222	2394	4624	1218	7.142	4.181	3.289
20	63	9761	4755	8601	2628	3.84	4.017	3.045
20	64	2506	1437	2204	658	39.17	2.653	2.648
20	65	5381	2642	4665	1603	28.9	2.838	4.55
20	66	5733	2946	5098	1513	4.366	3.436	2.67
20	67	4366	1954	3882	874	5.337	3.447	2.783
20	68	2048	1093	1775	427	7.177	3.655	2.391
20	69	4097	2094	3641	1200	63.71	4.586	1.715
20	70	3372	1537	2950	707	5.367	3.449	1.849
20	71	5001	2385	4344	1473	4.58	2.904	3.098
20	77	4560	2271	3863	1366	6.779	3.089	2.628
20	78	5974	2891	5204	1635	5.637	4.137	2.685
20	86	3524	1816	3122	829	4.711	3.389	3.505
20	87	1870	1137	1707	653	7.821	3.219	2.769
20	89	2586	1161	2388	552	3.346	3.138	2.364
20	112	1053	506	950	0	2.72	3.568	-Inf
20	115	3610	869	3349	0	12.59	3.163	-Inf
21	3	1890	1002	1601	476	6.095	4.195	1.598
21	5	2847	1163	2561	662	3.158	3.157	2.204
21	30	9207	3674	8386	2579	4.857	3.736	3.016
21	33	4555	2280	4099	1244	3.696	4.283	2.492
21	37	5724	2686	4920	1312	3.808	5.503	3.098
21	41	8753	4431	7910	2007	9.173	4.846	2.142
21	48	7284	3441	6582	2025	8.2	2.854	4.134
21	53	2843	1538	2532	788	4.645	4.16	3.246
21	64	4983	2364	4259	0	3.724	3.536	-Inf
22	1	2524	1488	2260	748	4.622	3.905	2.576
22	5	2289	1101	2098	557	3.744	2.492	3.898
22	9	3553	1745	3119	768	4.919	3.223	2.123
22	13	2502	1033	2286	568	20.38	3.777	2.019
22	29	5060	2478	4325	1633	4.895	3.711	3.474
22	30	16704	7969	14277	4955	10.09	3.222	3.277
22	36	2648	1301	2286	721	6.082	2.982	2.276
22	37	4081	2016	3586	1037	5.471	3.254	2.758
22	40	1979	1049	1780	428	3.822	3.707	2.247
22	43	4276	1897	3658	917	5.04	3.348	3.178
22	45	4465	1955	3946	858	4.173	3.038	2.211
22	46	10704	4711	9015	2535	8.279	3.78	3.24
22	47	5329	2449	4747	1110	4.38	5.21	2.981
22	49	864	597	786	211	6.418	2.58	1.349
22	54	2937	1459	2617	0	5.404	2.819	-Inf
22	55	2288	1314	1837	0	3.112	3.908	-Inf
22	56	321	227	184	0	1.771	2.766	-Inf
22	57	2208	972	1959	0	4.918	2.53	-Inf
22	69	3320	1519	3005	0	4.574	3.193	-Inf
22	70	5698	2677	5033	0	6.485	4.337	-Inf
