pheno	db	pid	chromosome	block	num_variants	time	num_variants_0.95	num_variants_0.5	num_CS95	num_variants_CS95
HDL	UKBB	AFR	1	1	1401	371.756480932236	0	0	0	0
HDL	UKBB	AFR	1	2	1463	329.16206407547	0	0	0	0
HDL	UKBB	AFR	1	3	827	138.569469928741	0	0	0	0
HDL	UKBB	AFR	1	5	3605	805.491174697876	0	0	0	0
HDL	UKBB	AFR	1	15	5267	1552.39908671379	0	0	0	0
HDL	UKBB	AFR	1	17	6661	2278.50587558746	0	0	0	0
HDL	UKBB	AFR	1	18	2519	689.047202825546	0	0	0	0
HDL	UKBB	AFR	1	19	5432	1972.6962454319	0	0	0	0
HDL	UKBB	AFR	1	21	3702	842.933446407318	0	0	0	0
HDL	UKBB	AFR	1	23	1888	554.382029533386	0	0	0	0
HDL	UKBB	AFR	1	24	1883	93.3128519058228	0	0	0	0
HDL	UKBB	AFR	1	35	6594	2048.25590062141	0	0	0	0
HDL	UKBB	AFR	1	40	2211	636.940862178802	0	0	0	0
HDL	UKBB	AFR	1	43	1399	321.643946886063	0	0	0	0
HDL	UKBB	AFR	1	44	1277	298.377642393112	0	0	0	0
HDL	UKBB	AFR	1	46	4373	1239.05949664116	0	0	0	0
HDL	UKBB	AFR	1	48	2597	653.647794485092	0	0	0	0
HDL	UKBB	AFR	1	49	2499	598.055125951767	0	0	0	0
HDL	UKBB	AFR	1	50	3596	1210.46839475632	0	0	0	0
HDL	UKBB	AFR	1	51	2354	759.506417036057	0	0	0	0
HDL	UKBB	AFR	1	52	6665	2470.85592794418	0	0	0	0
HDL	UKBB	AFR	1	53	5740	2318.38778281212	0	0	0	0
HDL	UKBB	AFR	1	57	3923	1025.08598852158	0	0	0	0
HDL	UKBB	AFR	1	63	5261	1740.53970241547	0	0	0	0
HDL	UKBB	AFR	1	70	4570	1155.51329135895	0	0	0	0
HDL	UKBB	AFR	1	71	4715	799.47188949585	0	0	0	0
HDL	UKBB	AFR	1	73	6447	2831.76883363724	0	0	0	0
HDL	UKBB	AFR	1	74	6189	2524.52021288872	0	0	0	0
HDL	UKBB	AFR	1	75	7792	3592.85077190399	0	0	0	0
HDL	UKBB	AFR	1	76	4017	1560.1449098587	0	0	0	0
HDL	UKBB	AFR	1	80	2382	963.309893131256	0	0	0	0
HDL	UKBB	AFR	1	85	2008	470.912279844284	0	0	0	0
HDL	UKBB	AFR	1	87	2528	703.820334911346	0	0	0	0
HDL	UKBB	AFR	1	90	517	66.3136310577393	0	0	0	0
HDL	UKBB	AFR	1	92	4539	1827.51223015785	0	0	0	0
HDL	UKBB	AFR	1	94	1062	175.648924827576	0	0	0	0
HDL	UKBB	AFR	1	96	4165	1404.24907612801	0	0	0	0
HDL	UKBB	AFR	1	97	5170	2306.02210354805	0	0	0	0
HDL	UKBB	AFR	1	98	4661	1764.37677621841	0	0	0	0
HDL	UKBB	AFR	1	100	4166	1229.49371194839	0	0	0	0
HDL	UKBB	AFR	1	102	3984	1646.12760639191	0	0	0	0
HDL	UKBB	AFR	1	105	11654	4383.96026706696	0	0	0	0
HDL	UKBB	AFR	1	110	2039	525.98476099968	0	0	0	0
HDL	UKBB	AFR	1	113	3295	1112.55544829369	0	0	0	0
HDL	UKBB	AFR	1	117	2520	783.667469263077	0	0	0	0
HDL	UKBB	AFR	1	122	8187	3290.13757538795	0	0	0	0
HDL	UKBB	AFR	1	124	6941	968.229213237762	0	0	0	0
HDL	UKBB	AFR	1	125	8753	3236.42646789551	0	0	0	0
HDL	UKBB	AFR	1	128	7018	2607.40967345238	0	0	0	0
HDL	UKBB	AFR	1	129	2240	533.955242872238	0	0	0	0
HDL	UKBB	AFR	1	132	4627	888.679379701614	0	0	0	0
HDL	UKBB	AFR	1	136	5109	967.283165454865	0	0	0	0
HDL	UKBB	AFR	1	138	6730	2983.60395646095	0	0	0	0
HDL	UKBB	AFR	1	139	1528	315.252933979034	0	0	0	0
HDL	UKBB	AFR	1	143	4059	774.922702312469	0	0	0	0
HDL	UKBB	AFR	1	153	5251	2031.52556157112	0	0	0	0
HDL	UKBB	AFR	1	154	8796	2026.08532214165	0	0	0	0
HDL	UKBB	AFR	1	156	4659	1208.76773905754	0	0	0	0
HDL	UKBB	AFR	1	158	5382	1917.13469529152	0	0	0	0
HDL	UKBB	AFR	1	159	1169	15.337165594101	0	1	0	0
HDL	UKBB	AFR	1	160	4017	1660.90254497528	0	0	0	0
HDL	UKBB	AFR	1	168	5355	1146.08933281898	0	0	0	0
HDL	UKBB	AFR	1	173	3876	1409.62690067291	0	0	0	0
HDL	UKBB	AFR	1	181	7175	2499.80286836624	0	0	0	0
HDL	UKBB	AFR	1	182	7710	2370.99910497665	0	0	0	0
HDL	UKBB	AFR	1	183	7261	2777.2117202282	0	0	0	0
HDL	UKBB	AFR	1	187	4726	1116.32848191261	0	0	0	0
HDL	UKBB	AFR	1	189	3758	1087.17912554741	0	0	0	0
HDL	UKBB	AFR	1	191	5232	1901.64122843742	0	0	0	0
HDL	UKBB	AFR	1	192	5272	2205.5304274559	0	0	0	0
HDL	UKBB	AFR	1	193	6096	1740.61488962173	0	0	0	0
HDL	UKBB	AFR	1	201	6303	2149.70945954323	0	0	0	0
HDL	UKBB	AFR	1	202	5235	1957.35529398918	0	0	0	0
HDL	UKBB	AFR	1	203	4459	940.970893383026	0	0	0	0
HDL	UKBB	AFR	1	204	4317	1380.57928419113	0	0	0	0
HDL	UKBB	AFR	1	207	3140	931.193475484848	0	0	0	0
HDL	UKBB	AFR	1	208	3772	676.226450443268	0	0	0	0
HDL	UKBB	AFR	1	209	1297	310.563436031342	0	0	0	0
HDL	UKBB	AFR	1	211	2811	692.403043031693	0	0	0	0
HDL	UKBB	AFR	1	213	2831	498.204884052277	0	0	0	0
HDL	UKBB	AFR	1	214	2519	612.958468437195	0	0	0	0
HDL	UKBB	AFR	1	215	1305	213.396154642105	0	0	0	0
HDL	UKBB	AFR	1	216	5721	1740.03642249107	0	0	0	0
HDL	UKBB	AFR	1	218	1028	180.83728146553	0	0	0	0
HDL	UKBB	AFR	1	221	4891	1733.5927798748	0	0	0	0
HDL	UKBB	AFR	1	224	3377	1016.85673856735	0	0	0	0
HDL	UKBB	AFR	1	228	2827	741.739649534225	0	0	0	0
HDL	UKBB	AFR	1	233	6622	2790.79058146477	0	0	0	0
HDL	UKBB	AFR	1	234	7584	3066.58517360687	0	0	0	0
HDL	UKBB	AFR	1	235	5297	1574.00661706924	0	0	0	0
HDL	UKBB	AFR	1	238	9961	2976.60054302216	0	0	0	0
HDL	UKBB	AFR	1	239	2353	430.969615697861	0	0	0	0
HDL	UKBB	AFR	1	240	10273	3081.9815659523	0	0	0	0
HDL	UKBB	AFR	1	242	2480	303.740428924561	0	0	0	0
HDL	UKBB	AFR	1	243	2815	366.355172872543	0	0	0	0
HDL	UKBB	AFR	1	244	6077	2339.4757232666	0	0	0	0
HDL	UKBB	AFR	1	252	2334	545.181259155273	0	0	0	0
HDL	UKBB	AFR	1	253	830	133.167889118195	0	0	0	0
HDL	UKBB	AFR	1	254	4018	1136.38116836548	0	0	0	0
HDL	UKBB	AFR	1	255	2540	670.579137086868	0	0	0	0
HDL	UKBB	AFR	1	257	2617	628.248876571655	0	0	0	0
HDL	UKBB	AFR	1	264	2815	786.794858455658	0	0	0	0
HDL	UKBB	AFR	1	275	1006	150.546779870987	0	0	0	0
HDL	UKBB	AFR	2	1	1424	315.328294992447	0	0	0	0
HDL	UKBB	AFR	2	2	9065	3476.17167639732	0	0	0	0
HDL	UKBB	AFR	2	3	3280	961.687277793884	0	0	0	0
HDL	UKBB	AFR	2	4	2656	798.878443241119	0	0	0	0
HDL	UKBB	AFR	2	6	2729	763.413503646851	0	0	0	0
HDL	UKBB	AFR	2	13	6214	1803.36895561218	0	0	0	0
HDL	UKBB	AFR	2	28	1234	210.221320867538	0	0	0	0
HDL	UKBB	AFR	2	40	7181	1975.36831641197	0	0	0	0
HDL	UKBB	AFR	2	41	3284	940.364675760269	0	0	0	0
HDL	UKBB	AFR	2	44	3354	323.403435230255	0	1	0	0
HDL	UKBB	AFR	2	45	5997	1927.52493929863	0	0	0	0
HDL	UKBB	AFR	2	46	2649	700.225271940231	0	0	0	0
HDL	UKBB	AFR	2	47	7547	1981.09429359436	0	0	0	0
HDL	UKBB	AFR	2	48	4607	1510.18085718155	0	0	0	0
HDL	UKBB	AFR	2	49	7319	2962.44016647339	0	0	0	0
HDL	UKBB	AFR	2	50	4208	963.545496702194	0	0	0	0
HDL	UKBB	AFR	2	51	4786	1471.79735016823	0	0	0	0
HDL	UKBB	AFR	2	53	3137	878.697596549988	0	0	0	0
HDL	UKBB	AFR	2	55	11051	2285.7322781086	0	0	0	0
HDL	UKBB	AFR	2	60	4307	1279.7349896431	0	0	0	0
HDL	UKBB	AFR	2	62	2508	686.065388917923	0	0	0	0
HDL	UKBB	AFR	2	63	4478	1181.46776485443	0	0	0	0
HDL	UKBB	AFR	2	66	10542	2910.02296113968	0	0	0	0
HDL	UKBB	AFR	2	67	9577	2097.49544501305	0	0	0	0
HDL	UKBB	AFR	2	68	1655	349.472827196121	0	0	0	0
HDL	UKBB	AFR	2	69	5641	2317.44628882408	0	0	0	0
HDL	UKBB	AFR	2	79	6471	2149.82299995422	0	0	0	0
HDL	UKBB	AFR	2	80	10936	2403.13622522354	0	1	0	0
HDL	UKBB	AFR	2	84	14552	2493.31814479828	0	0	0	0
HDL	UKBB	AFR	2	85	13936	1818.17816066742	0	0	0	0
HDL	UKBB	AFR	2	86	5711	857.166584253311	0	0	0	0
HDL	UKBB	AFR	2	87	2034	414.705694675446	0	0	0	0
HDL	UKBB	AFR	2	88	16811	3339.35316300392	0	0	0	0
HDL	UKBB	AFR	2	89	4311	1611.35132408142	0	0	0	0
HDL	UKBB	AFR	2	90	3602	1120.76090145111	0	0	0	0
HDL	UKBB	AFR	2	97	6439	616.817395210266	0	0	0	0
HDL	UKBB	AFR	2	99	3759	992.916004657745	0	0	0	0
HDL	UKBB	AFR	2	100	5063	1013.06515216827	0	0	0	0
HDL	UKBB	AFR	2	115	8552	2813.72740602493	0	0	0	0
HDL	UKBB	AFR	2	117	4548	1601.01348185539	0	0	0	0
HDL	UKBB	AFR	2	122	3364	860.663640499115	0	0	0	0
HDL	UKBB	AFR	2	124	6376	893.930280923843	0	0	0	0
HDL	UKBB	AFR	2	125	5236	1476.03208613396	0	0	0	0
HDL	UKBB	AFR	2	128	9003	2472.61817121506	0	0	0	0
HDL	UKBB	AFR	2	130	988	196.984325170517	0	0	0	0
HDL	UKBB	AFR	2	131	270	22.6534094810486	0	0	0	0
HDL	UKBB	AFR	2	132	996	208.971704483032	0	0	0	0
HDL	UKBB	AFR	2	138	7593	1190.37915682793	0	0	0	0
HDL	UKBB	AFR	2	146	7454	2867.44073104858	0	0	0	0
HDL	UKBB	AFR	2	147	12131	2915.4569811821	0	0	0	0
HDL	UKBB	AFR	2	151	4912	1005.8984131813	0	0	0	0
HDL	UKBB	AFR	2	153	7084	3095.0117855072	0	0	0	0
HDL	UKBB	AFR	2	154	3472	939.580522537231	0	0	0	0
HDL	UKBB	AFR	2	159	10318	2583.28506731987	0	0	0	0
HDL	UKBB	AFR	2	163	351	41.0026483535767	0	0	0	0
HDL	UKBB	AFR	2	164	1476	291.246830701828	0	0	0	0
HDL	UKBB	AFR	2	166	11661	2179.38728713989	0	0	0	0
HDL	UKBB	AFR	2	168	5161	2014.04588508606	0	0	0	0
HDL	UKBB	AFR	2	171	7566	2274.87762975693	0	0	0	0
HDL	UKBB	AFR	2	175	218	22.7148516178131	0	0	0	0
HDL	UKBB	AFR	2	176	7131	3334.63612794876	0	0	0	0
HDL	UKBB	AFR	2	177	5757	834.406002044678	0	0	0	0
HDL	UKBB	AFR	2	180	4669	1846.68181800842	0	0	0	0
HDL	UKBB	AFR	2	181	7140	2456.26559877396	0	0	0	0
HDL	UKBB	AFR	2	183	3080	783.145329713821	0	0	0	0
HDL	UKBB	AFR	2	184	9686	3078.27540564537	0	0	0	0
HDL	UKBB	AFR	2	185	2447	477.256974220276	0	0	0	0
HDL	UKBB	AFR	2	186	7050	2042.91851663589	0	0	0	0
HDL	UKBB	AFR	2	191	1885	536.607526779175	0	0	0	0
HDL	UKBB	AFR	2	195	13282	4578.96954917908	0	0	0	0
HDL	UKBB	AFR	2	197	6266	1814.11753034592	0	0	0	0
HDL	UKBB	AFR	2	199	7599	855.689415454865	0	1	0	0
HDL	UKBB	AFR	2	202	1028	147.436141729355	0	0	0	0
HDL	UKBB	AFR	2	205	3621	500.322645425797	0	0	0	0
HDL	UKBB	AFR	2	208	11186	4393.90597486496	0	0	0	0
HDL	UKBB	AFR	2	209	1710	352.854769229889	0	0	0	0
HDL	UKBB	AFR	2	210	3898	1210.86750149727	0	0	0	0
HDL	UKBB	AFR	2	213	12763	4866.61030578613	0	0	0	0
HDL	UKBB	AFR	2	215	4147	995.371605396271	0	0	0	0
HDL	UKBB	AFR	2	217	3457	925.034843206406	0	0	0	0
HDL	UKBB	AFR	2	218	2665	440.088485002518	0	0	0	0
HDL	UKBB	AFR	2	221	4223	1026.4293756485	0	0	0	0
HDL	UKBB	AFR	2	227	2924	808.750957965851	0	0	0	0
HDL	UKBB	AFR	2	228	3905	1083.73981046677	0	0	0	0
HDL	UKBB	AFR	2	230	3605	760.507461309433	0	0	0	0
HDL	UKBB	AFR	2	232	2732	813.466686010361	0	0	0	0
HDL	UKBB	AFR	2	233	1312	268.030022144318	0	0	0	0
HDL	UKBB	AFR	2	234	4848	1236.12385320663	0	0	0	0
HDL	UKBB	AFR	2	235	2190	419.210611343384	0	0	0	0
HDL	UKBB	AFR	2	237	4951	2260.02808642387	0	0	0	0
HDL	UKBB	AFR	2	240	4386	1272.38473105431	0	0	0	0
HDL	UKBB	AFR	2	247	1988	506.93573975563	0	0	0	0
HDL	UKBB	AFR	2	250	9198	2958.44578647614	0	0	0	0
HDL	UKBB	AFR	2	251	3136	905.016659975052	0	0	0	0
HDL	UKBB	AFR	2	256	5440	2445.4864256382	0	0	0	0
HDL	UKBB	AFR	3	8	1388	313.525129318237	0	0	0	0
HDL	UKBB	AFR	3	9	1482	126.949501991272	0	0	0	0
HDL	UKBB	AFR	3	20	5701	2000.03332567215	0	0	0	0
HDL	UKBB	AFR	3	23	3926	1251.18305373192	0	0	0	0
HDL	UKBB	AFR	3	24	6144	2190.05571293831	0	0	0	0
HDL	UKBB	AFR	3	25	725	112.59830737114	0	0	0	0
HDL	UKBB	AFR	3	28	391	35.7008459568024	0	0	0	0
HDL	UKBB	AFR	3	30	5958	716.199955701828	0	0	0	0
HDL	UKBB	AFR	3	32	7176	1823.68695616722	0	0	0	0
HDL	UKBB	AFR	3	34	2390	285.342878341675	0	0	0	0
HDL	UKBB	AFR	3	35	6142	2047.78157615662	0	0	0	0
HDL	UKBB	AFR	3	39	8079	2440.51399850845	0	0	0	0
HDL	UKBB	AFR	3	40	3961	677.017839670181	0	0	0	0
HDL	UKBB	AFR	3	41	7652	2592.77740836143	0	0	0	0
HDL	UKBB	AFR	3	42	6385	1897.23143339157	0	0	0	0
HDL	UKBB	AFR	3	55	3267	984.978636980057	0	0	0	0
HDL	UKBB	AFR	3	59	6464	1610.43496108055	0	0	0	0
HDL	UKBB	AFR	3	60	10451	3057.04565429688	0	0	0	0
HDL	UKBB	AFR	3	64	257	10.468923330307	0	0	0	0
HDL	UKBB	AFR	3	65	2636	731.494855880737	0	0	0	0
HDL	UKBB	AFR	3	71	7644	769.875837087631	0	0	0	0
HDL	UKBB	AFR	3	77	11304	3217.88176965714	0	0	0	0
HDL	UKBB	AFR	3	81	3751	753.603744745255	0	0	0	0
HDL	UKBB	AFR	3	83	8409	2352.12695407867	0	0	0	0
HDL	UKBB	AFR	3	84	4048	1016.04981088638	0	0	0	0
HDL	UKBB	AFR	3	85	4112	1181.21617507935	0	0	0	0
HDL	UKBB	AFR	3	88	5121	2043.63161706924	0	0	0	0
HDL	UKBB	AFR	3	89	5810	2166.61462950706	0	0	0	0
HDL	UKBB	AFR	3	90	2967	902.077680110931	0	0	0	0
HDL	UKBB	AFR	3	105	4479	1651.23728442192	0	0	0	0
HDL	UKBB	AFR	3	106	14562	4957.33319115639	0	0	0	0
HDL	UKBB	AFR	3	108	5535	1578.26169061661	0	0	0	0
HDL	UKBB	AFR	3	109	11493	4256.41086864471	0	0	0	0
HDL	UKBB	AFR	3	112	5583	1772.46039271355	0	0	0	0
HDL	UKBB	AFR	3	114	3940	1124.95204305649	0	0	0	0
HDL	UKBB	AFR	3	119	8800	1560.02948403358	0	0	0	0
HDL	UKBB	AFR	3	120	5430	1543.93447971344	0	0	0	0
HDL	UKBB	AFR	3	121	6475	1561.11166954041	0	0	0	0
HDL	UKBB	AFR	3	123	2278	463.137347698212	0	0	0	0
HDL	UKBB	AFR	3	124	1216	201.661596059799	0	0	0	0
HDL	UKBB	AFR	3	125	5805	1666.54376363754	0	0	0	0
HDL	UKBB	AFR	3	127	7018	1840.51425480843	0	0	0	0
HDL	UKBB	AFR	3	128	2880	559.43085694313	0	0	0	0
HDL	UKBB	AFR	3	129	3269	1270.14960217476	0	0	0	0
HDL	UKBB	AFR	3	132	9097	1464.79309177399	0	0	0	0
HDL	UKBB	AFR	3	134	2508	690.860276222229	0	0	0	0
HDL	UKBB	AFR	3	135	5633	1474.39018654823	0	0	0	0
HDL	UKBB	AFR	3	136	2878	645.220974445343	0	0	0	0
HDL	UKBB	AFR	3	140	6862	3289.97946071625	0	0	0	0
HDL	UKBB	AFR	3	144	1762	274.508138656616	0	0	0	0
HDL	UKBB	AFR	3	145	6795	3165.6601266861	0	0	0	0
HDL	UKBB	AFR	3	146	2402	278.373848438263	0	0	0	0
HDL	UKBB	AFR	3	155	5504	1264.41086411476	0	0	0	0
HDL	UKBB	AFR	3	158	6804	2313.97939419746	0	0	0	0
HDL	UKBB	AFR	3	159	5532	2208.20161676407	0	0	0	0
HDL	UKBB	AFR	3	161	8000	2273.83649230003	0	0	0	0
HDL	UKBB	AFR	3	162	9860	2216.9187912941	0	0	0	0
HDL	UKBB	AFR	3	165	6290	1618.3214943409	0	0	0	0
HDL	UKBB	AFR	3	170	3859	1554.97442865372	0	0	0	0
HDL	UKBB	AFR	3	171	4731	1206.03501677513	0	0	0	0
HDL	UKBB	AFR	3	174	1405	308.014563798904	0	0	0	0
HDL	UKBB	AFR	3	175	1768	417.477629423141	0	0	0	0
HDL	UKBB	AFR	3	179	3904	1032.91218042374	0	0	0	0
HDL	UKBB	AFR	3	183	2959	712.564584493637	0	0	0	0
HDL	UKBB	AFR	3	184	3850	920.913885593414	0	0	0	0
HDL	UKBB	AFR	3	186	7475	2707.34790229797	0	0	0	0
HDL	UKBB	AFR	3	191	4271	1483.91481375694	0	0	0	0
HDL	UKBB	AFR	3	193	6811	2111.32721471786	0	0	0	0
HDL	UKBB	AFR	3	195	11514	3989.05946755409	0	0	0	0
HDL	UKBB	AFR	3	212	2172	438.102055549622	0	0	0	0
HDL	UKBB	AFR	3	214	7503	2025.858284235	0	0	0	0
HDL	UKBB	AFR	3	216	3820	509.727024078369	0	0	0	0
HDL	UKBB	AFR	4	1	18282	2926.17417550087	0	0	0	0
HDL	UKBB	AFR	4	4	4430	1637.65518784523	0	0	0	0
HDL	UKBB	AFR	4	10	1192	192.270837783813	0	0	0	0
HDL	UKBB	AFR	4	21	9995	2675.91449546814	0	0	0	0
HDL	UKBB	AFR	4	32	7270	996.848866224289	0	0	0	0
HDL	UKBB	AFR	4	33	6741	3098.47413921356	0	0	0	0
HDL	UKBB	AFR	4	37	3058	963.473559856415	0	0	0	0
HDL	UKBB	AFR	4	39	3619	928.678460597992	0	0	0	0
HDL	UKBB	AFR	4	42	901	56.6411588191986	0	0	0	0
HDL	UKBB	AFR	4	54	13657	3091.58414053917	0	0	0	0
HDL	UKBB	AFR	4	55	5466	2169.3361313343	0	0	0	0
HDL	UKBB	AFR	4	63	12737	6119.44158864021	0	1	0	0
HDL	UKBB	AFR	4	64	9047	1732.95303177834	0	0	0	0
HDL	UKBB	AFR	4	66	4859	583.675130605698	0	0	0	0
HDL	UKBB	AFR	4	67	1127	160.151451826096	0	0	0	0
HDL	UKBB	AFR	4	71	2389	440.960580587387	0	0	0	0
HDL	UKBB	AFR	4	79	4812	2310.86121821404	0	0	0	0
HDL	UKBB	AFR	4	80	6835	2317.8041844368	0	0	0	0
HDL	UKBB	AFR	4	87	9244	2684.04640388489	0	0	0	0
HDL	UKBB	AFR	4	94	3576	814.963193893433	0	0	0	0
HDL	UKBB	AFR	4	95	2345	581.259766817093	0	0	0	0
HDL	UKBB	AFR	4	101	7637	987.186267137527	0	0	0	0
HDL	UKBB	AFR	4	102	4186	1421.1933195591	0	0	0	0
HDL	UKBB	AFR	4	103	3159	871.227906703949	0	0	0	0
HDL	UKBB	AFR	4	109	3027	393.701106309891	0	0	0	0
HDL	UKBB	AFR	4	113	7130	2027.09390878677	0	0	0	0
HDL	UKBB	AFR	4	114	6548	1787.423817873	0	0	0	0
HDL	UKBB	AFR	4	115	3029	1078.09540462494	0	0	0	0
HDL	UKBB	AFR	4	116	5711	1383.50049161911	0	0	0	0
HDL	UKBB	AFR	4	117	6458	1303.74129271507	0	0	0	0
HDL	UKBB	AFR	4	121	5333	1089.39591479301	0	0	0	0
HDL	UKBB	AFR	4	122	2063	88.0087018013	0	0	0	0
HDL	UKBB	AFR	4	123	1555	39.5944156646729	0	0	0	0
HDL	UKBB	AFR	4	124	7835	2695.53032684326	0	0	0	0
HDL	UKBB	AFR	4	129	7638	1936.82122898102	0	0	0	0
HDL	UKBB	AFR	4	130	6820	1949.54027199745	0	0	0	0
HDL	UKBB	AFR	4	134	10410	4381.23663234711	0	0	0	0
HDL	UKBB	AFR	4	136	9263	2541.53010725975	0	0	0	0
HDL	UKBB	AFR	4	146	4300	1180.85311365128	0	0	0	0
HDL	UKBB	AFR	4	147	2550	435.865009307861	0	0	0	0
HDL	UKBB	AFR	4	149	5576	1555.27877855301	0	0	0	0
HDL	UKBB	AFR	4	150	6780	2017.31529378891	0	0	0	0
HDL	UKBB	AFR	4	151	2986	878.543320655823	0	0	0	0
HDL	UKBB	AFR	4	152	2695	515.034734487534	0	0	0	0
HDL	UKBB	AFR	4	153	6404	2225.12682628632	0	0	0	0
HDL	UKBB	AFR	4	154	2738	696.654599905014	0	0	0	0
HDL	UKBB	AFR	4	156	9179	2933.21799349785	0	0	0	0
HDL	UKBB	AFR	4	159	2550	737.589129209518	0	0	0	0
HDL	UKBB	AFR	4	164	4566	1105.09787464142	0	0	0	0
HDL	UKBB	AFR	4	165	4552	1007.66318130493	0	0	0	0
HDL	UKBB	AFR	4	168	8487	1642.15531802177	0	0	0	0
HDL	UKBB	AFR	4	180	7461	1441.64421629906	0	0	0	0
HDL	UKBB	AFR	4	182	1159	62.4331288337708	0	0	0	0
HDL	UKBB	AFR	4	184	2994	838.931334733963	0	0	0	0
HDL	UKBB	AFR	4	205	1744	421.200030326843	0	0	0	0
HDL	UKBB	AFR	4	209	3296	1040.80207014084	0	0	0	0
HDL	UKBB	AFR	5	1	6287	2086.98000454903	0	0	0	0
HDL	UKBB	AFR	5	2	1789	181.782781839371	0	0	0	0
HDL	UKBB	AFR	5	9	3454	1010.99723291397	0	0	0	0
HDL	UKBB	AFR	5	27	10688	1735.96022796631	0	0	0	0
HDL	UKBB	AFR	5	56	8453	2849.392390728	0	0	0	0
HDL	UKBB	AFR	5	57	5627	1374.68809247017	0	0	0	0
HDL	UKBB	AFR	5	58	2341	439.311290025711	0	0	0	0
HDL	UKBB	AFR	5	60	3263	1132.47756457329	0	0	0	0
HDL	UKBB	AFR	5	64	7036	2917.18140530586	0	0	0	0
HDL	UKBB	AFR	5	66	5516	966.938347101212	0	0	0	0
HDL	UKBB	AFR	5	68	1697	319.158312559128	0	0	0	0
HDL	UKBB	AFR	5	69	2439	509.921895980835	0	0	0	0
HDL	UKBB	AFR	5	70	2248	595.824272632599	0	0	0	0
HDL	UKBB	AFR	5	71	7955	2886.48955368996	0	0	0	0
HDL	UKBB	AFR	5	72	9053	2701.26850628853	0	0	0	0
HDL	UKBB	AFR	5	75	6318	2168.60672950745	0	0	0	0
HDL	UKBB	AFR	5	78	1914	429.331864595413	0	0	0	0
HDL	UKBB	AFR	5	80	5151	1510.23271512985	0	0	0	0
HDL	UKBB	AFR	5	81	4512	1088.27531337738	0	0	0	0
HDL	UKBB	AFR	5	82	3140	852.548951625824	0	0	0	0
HDL	UKBB	AFR	5	85	6633	1805.75983166695	0	0	0	0
HDL	UKBB	AFR	5	88	2490	579.748311519623	0	0	0	0
HDL	UKBB	AFR	5	92	4140	1255.40288305283	0	0	0	0
HDL	UKBB	AFR	5	93	2067	372.30624127388	0	0	0	0
HDL	UKBB	AFR	5	96	6306	2380.76515126228	0	0	0	0
HDL	UKBB	AFR	5	97	3985	1214.48446512222	0	0	0	0
HDL	UKBB	AFR	5	102	8156	2693.21672487259	0	0	0	0
HDL	UKBB	AFR	5	104	5209	1835.50814270973	0	0	0	0
HDL	UKBB	AFR	5	105	2532	590.765631914139	0	0	0	0
HDL	UKBB	AFR	5	108	2759	757.448793888092	0	0	0	0
HDL	UKBB	AFR	5	109	3382	746.801810741425	0	0	0	0
HDL	UKBB	AFR	5	114	18542	4930.52890181541	0	0	0	0
HDL	UKBB	AFR	5	116	7670	3147.87367463112	0	0	0	0
HDL	UKBB	AFR	5	117	4956	1817.7031583786	0	0	0	0
HDL	UKBB	AFR	5	119	6438	2266.50640511513	0	0	0	0
HDL	UKBB	AFR	5	120	6969	2783.02677226067	0	0	0	0
HDL	UKBB	AFR	5	127	11081	2443.86120390892	0	0	0	0
HDL	UKBB	AFR	5	130	7825	1118.86652112007	0	0	0	0
HDL	UKBB	AFR	5	132	3260	712.514350891113	0	0	0	0
HDL	UKBB	AFR	5	133	3577	691.59028339386	0	0	0	0
HDL	UKBB	AFR	5	134	4176	1068.93959546089	0	0	0	0
HDL	UKBB	AFR	5	136	7436	2535.56769752502	0	0	0	0
HDL	UKBB	AFR	5	142	5343	1919.37872290611	0	0	0	0
HDL	UKBB	AFR	5	144	5751	1602.46045804024	0	0	0	0
HDL	UKBB	AFR	5	145	9120	3119.42463111877	0	0	0	0
HDL	UKBB	AFR	5	146	7698	2771.0582036972	0	0	0	0
HDL	UKBB	AFR	5	147	3140	1013.86464047432	0	0	0	0
HDL	UKBB	AFR	5	151	1576	257.049072504044	0	0	0	0
HDL	UKBB	AFR	5	152	9651	4519.16169261932	0	0	0	0
HDL	UKBB	AFR	5	154	4847	470.891237974167	0	1	0	0
HDL	UKBB	AFR	5	156	4721	1626.44955348969	0	0	0	0
HDL	UKBB	AFR	5	158	4049	850.154778242111	0	0	0	0
HDL	UKBB	AFR	5	160	4079	1343.84138989449	0	0	0	0
HDL	UKBB	AFR	5	163	3959	734.668678760529	0	0	0	0
HDL	UKBB	AFR	5	167	5073	1452.99860215187	0	0	0	0
HDL	UKBB	AFR	5	168	5812	1264.10074138641	0	0	0	0
HDL	UKBB	AFR	5	181	1702	143.774190425873	0	0	0	0
HDL	UKBB	AFR	5	189	2956	702.502529859543	0	0	0	0
HDL	UKBB	AFR	5	191	8049	1403.87221813202	0	0	0	0
HDL	UKBB	AFR	5	193	1771	437.045658826828	0	0	0	0
HDL	UKBB	AFR	5	194	2227	154.155008077621	0	0	0	0
HDL	UKBB	AFR	5	202	3870	1132.39951658249	0	0	0	0
HDL	UKBB	AFR	5	207	4981	1790.17892742157	0	0	0	0
HDL	UKBB	AFR	5	208	3054	1000.86330366135	0	0	0	0
HDL	UKBB	AFR	5	209	953	168.758683919907	0	0	0	0
HDL	UKBB	AFR	5	210	672	104.605990886688	0	0	0	0
HDL	UKBB	AFR	6	18	636	101.196313142776	0	0	0	0
HDL	UKBB	AFR	6	19	4710	1604.55411291122	0	0	0	0
HDL	UKBB	AFR	6	21	3547	1197.93633270264	0	0	0	0
HDL	UKBB	AFR	6	23	3496	994.215598583221	0	0	0	0
HDL	UKBB	AFR	6	29	5137	1256.67386817932	0	0	0	0
HDL	UKBB	AFR	6	34	5475	1837.02212786674	0	0	0	0
HDL	UKBB	AFR	6	36	1496	294.893416643143	0	0	0	0
HDL	UKBB	AFR	6	37	2717	544.527444124222	0	0	0	0
HDL	UKBB	AFR	6	38	1802	489.180264949799	0	0	0	0
HDL	UKBB	AFR	6	39	8647	3166.45681548119	0	0	0	0
HDL	UKBB	AFR	6	43	5476	1671.51282048225	0	0	0	0
HDL	UKBB	AFR	6	49	1136	247.539402961731	0	0	0	0
HDL	UKBB	AFR	6	50	8705	2168.5832426548	0	0	0	0
HDL	UKBB	AFR	6	51	11010	3196.54096889496	0	0	0	0
HDL	UKBB	AFR	6	52	3621	754.252045631409	0	0	0	0
HDL	UKBB	AFR	6	53	3342	1099.62508320808	0	0	0	0
HDL	UKBB	AFR	6	55	3069	760.012115001678	0	0	0	0
HDL	UKBB	AFR	6	57	3224	979.323807239532	0	0	0	0
HDL	UKBB	AFR	6	58	5402	2102.82749843597	0	0	0	0
HDL	UKBB	AFR	6	60	3053	624.332562208176	0	0	0	0
HDL	UKBB	AFR	6	63	5262	1529.1413526535	0	0	0	0
HDL	UKBB	AFR	6	64	592	13.3581387996674	0	0	0	0
HDL	UKBB	AFR	6	68	1301	54.5623488426208	0	0	0	0
HDL	UKBB	AFR	6	69	5086	1405.06579446793	0	0	0	0
HDL	UKBB	AFR	6	71	20928	3451.94609713554	0	0	0	0
HDL	UKBB	AFR	6	73	821	136.217838048935	0	0	0	0
HDL	UKBB	AFR	6	76	10396	2938.98235011101	0	0	0	0
HDL	UKBB	AFR	6	84	5138	1271.67425227165	0	0	0	0
HDL	UKBB	AFR	6	85	12657	3953.95720434189	0	0	0	0
HDL	UKBB	AFR	6	86	12186	3535.82726383209	0	0	0	0
HDL	UKBB	AFR	6	88	16205	3713.24544501305	0	0	0	0
HDL	UKBB	AFR	6	90	1146	182.716490507126	0	0	0	0
HDL	UKBB	AFR	6	94	7949	3280.23759150505	0	0	0	0
HDL	UKBB	AFR	6	97	5071	390.237478494644	0	0	0	0
HDL	UKBB	AFR	6	98	6491	1580.06220006943	0	0	0	0
HDL	UKBB	AFR	6	101	5473	2022.51093149185	0	0	0	0
HDL	UKBB	AFR	6	105	5125	1486.69637036324	0	0	0	0
HDL	UKBB	AFR	6	106	4279	1187.1717941761	0	0	0	0
HDL	UKBB	AFR	6	108	1681	320.66629743576	0	0	0	0
HDL	UKBB	AFR	6	109	4888	1636.18788576126	0	0	0	0
HDL	UKBB	AFR	6	115	12317	3620.71763277054	0	0	0	0
HDL	UKBB	AFR	6	116	7206	2052.9235625267	0	0	0	0
HDL	UKBB	AFR	6	117	10440	2977.49673604965	0	0	0	0
HDL	UKBB	AFR	6	118	4360	625.713194847107	0	0	0	0
HDL	UKBB	AFR	6	124	8247	2101.91618847847	0	0	0	0
HDL	UKBB	AFR	6	127	4155	1422.23164868355	0	0	0	0
HDL	UKBB	AFR	6	128	5900	1238.52031874657	0	0	0	0
HDL	UKBB	AFR	6	134	4107	1053.15085101128	0	0	0	0
HDL	UKBB	AFR	6	137	2340	449.289915561676	0	0	0	0
HDL	UKBB	AFR	6	140	3553	732.261900901794	0	0	0	0
HDL	UKBB	AFR	6	146	2766	801.337188720703	0	0	0	0
HDL	UKBB	AFR	6	160	5703	1597.04277038574	0	0	0	0
HDL	UKBB	AFR	6	161	5040	1616.45756912231	0	0	0	0
HDL	UKBB	AFR	6	164	2671	796.415367603302	0	0	0	0
HDL	UKBB	AFR	6	167	5441	2147.35223484039	0	0	0	0
HDL	UKBB	AFR	6	168	6897	2052.99596643448	0	0	0	0
HDL	UKBB	AFR	6	169	11664	4137.84739112854	0	0	0	0
HDL	UKBB	AFR	6	173	5416	873.931827783585	0	0	0	0
HDL	UKBB	AFR	6	175	2851	758.057353258133	0	0	0	0
HDL	UKBB	AFR	6	179	3016	793.517993211746	0	0	0	0
HDL	UKBB	AFR	6	182	4803	1202.90794467926	0	0	0	0
HDL	UKBB	AFR	6	183	3289	1062.19334459305	0	0	0	0
HDL	UKBB	AFR	7	1	1312	255.749050617218	0	0	0	0
HDL	UKBB	AFR	7	3	4567	1249.78657102585	0	0	0	0
HDL	UKBB	AFR	7	12	8716	3009.62054848671	0	0	0	0
HDL	UKBB	AFR	7	13	3515	921.359993934631	0	0	0	0
HDL	UKBB	AFR	7	21	1046	218.646356344223	0	0	0	0
HDL	UKBB	AFR	7	25	7013	868.458599805832	0	0	0	0
HDL	UKBB	AFR	7	26	6724	2732.38166880608	0	0	0	0
HDL	UKBB	AFR	7	31	5014	1734.93935918808	0	0	0	0
HDL	UKBB	AFR	7	32	5580	2036.20051574707	0	0	0	0
HDL	UKBB	AFR	7	33	7298	1864.60647153854	0	0	0	0
HDL	UKBB	AFR	7	37	5835	1819.58408427238	0	0	0	0
HDL	UKBB	AFR	7	39	3574	912.209605693817	0	0	0	0
HDL	UKBB	AFR	7	40	8542	940.264280557632	0	0	0	0
HDL	UKBB	AFR	7	42	5450	725.171018362045	0	0	0	0
HDL	UKBB	AFR	7	43	7910	1905.84151339531	0	0	0	0
HDL	UKBB	AFR	7	44	1141	110.402681350708	0	0	0	0
HDL	UKBB	AFR	7	45	2251	578.618313550949	0	0	0	0
HDL	UKBB	AFR	7	46	931	152.704461574554	0	0	0	0
HDL	UKBB	AFR	7	48	1167	211.25989151001	0	0	0	0
HDL	UKBB	AFR	7	49	3925	572.577627897263	0	0	0	0
HDL	UKBB	AFR	7	51	3845	926.048022270203	0	0	0	0
HDL	UKBB	AFR	7	53	2637	225.030408620834	0	0	0	0
HDL	UKBB	AFR	7	58	5485	1318.75379753113	0	0	0	0
HDL	UKBB	AFR	7	62	2799	189.642558097839	0	0	0	0
HDL	UKBB	AFR	7	64	460	18.0616505146027	0	0	0	0
HDL	UKBB	AFR	7	67	14239	1397.27401232719	0	1	0	0
HDL	UKBB	AFR	7	69	3381	958.656939029694	0	0	0	0
HDL	UKBB	AFR	7	72	8958	2378.22105693817	0	0	0	0
HDL	UKBB	AFR	7	73	2032	227.392060995102	0	0	0	0
HDL	UKBB	AFR	7	74	2499	694.462085723877	0	0	0	0
HDL	UKBB	AFR	7	82	5543	881.725733757019	0	0	0	0
HDL	UKBB	AFR	7	85	7216	2317.08542346954	0	0	0	0
HDL	UKBB	AFR	7	86	2025	385.076871156693	0	0	0	0
HDL	UKBB	AFR	7	87	688	104.930609226227	0	0	0	0
HDL	UKBB	AFR	7	88	8797	1160.41637611389	0	0	0	0
HDL	UKBB	AFR	7	89	4382	625.593150138855	0	0	0	0
HDL	UKBB	AFR	7	90	1198	205.889268636703	0	0	0	0
HDL	UKBB	AFR	7	92	5769	981.372321605682	0	0	0	0
HDL	UKBB	AFR	7	93	2476	199.070337533951	0	0	0	0
HDL	UKBB	AFR	7	94	3234	795.790086507797	0	0	0	0
HDL	UKBB	AFR	7	95	3316	749.460546731949	0	0	0	0
HDL	UKBB	AFR	7	99	8648	3073.18784832954	0	0	0	0
HDL	UKBB	AFR	7	101	7529	2486.43399190903	0	0	0	0
HDL	UKBB	AFR	7	107	10323	2398.59279036522	0	0	0	0
HDL	UKBB	AFR	7	111	8182	3980.68945908546	0	0	0	0
HDL	UKBB	AFR	7	113	6970	2132.80789875984	0	0	0	0
HDL	UKBB	AFR	7	114	9545	2335.7492825985	0	0	0	0
HDL	UKBB	AFR	7	119	3680	995.730151414871	0	0	0	0
HDL	UKBB	AFR	7	121	10701	1393.36373472214	0	0	0	0
HDL	UKBB	AFR	7	127	1726	356.978636026382	0	0	0	0
HDL	UKBB	AFR	7	128	1914	432.352621793747	0	0	0	0
HDL	UKBB	AFR	7	131	11402	3452.71202468872	0	0	0	0
HDL	UKBB	AFR	7	132	12408	4204.6998000145	0	0	0	0
HDL	UKBB	AFR	7	133	11093	3180.51928424835	0	0	0	0
HDL	UKBB	AFR	7	134	3194	967.479025840759	0	0	0	0
HDL	UKBB	AFR	7	139	1607	225.12998509407	0	0	0	0
HDL	UKBB	AFR	7	141	8220	2523.14359331131	0	0	0	0
HDL	UKBB	AFR	7	143	1772	386.679527997971	0	0	0	0
HDL	UKBB	AFR	7	145	4059	1515.09295153618	0	0	0	0
HDL	UKBB	AFR	7	146	2017	476.905322551727	0	0	0	0
HDL	UKBB	AFR	7	147	2669	716.532197713852	0	0	0	0
HDL	UKBB	AFR	7	160	3872	1352.17702865601	0	0	0	0
HDL	UKBB	AFR	7	161	1300	235.290522575378	0	0	0	0
HDL	UKBB	AFR	7	162	10933	3863.93674039841	0	0	0	0
HDL	UKBB	AFR	7	164	1332	297.901739358902	0	0	0	0
HDL	UKBB	AFR	7	184	4848	1196.14169883728	0	0	0	0
HDL	UKBB	AFR	7	187	8705	3462.13903069496	0	0	0	0
HDL	UKBB	AFR	8	13	1819	502.297094583511	0	0	0	0
HDL	UKBB	AFR	8	17	5543	2224.02721166611	0	0	0	0
HDL	UKBB	AFR	8	20	4572	1514.46989154816	0	0	0	0
HDL	UKBB	AFR	8	21	4672	1758.67643737793	0	0	0	0
HDL	UKBB	AFR	8	22	8102	2095.41625952721	0	0	0	0
HDL	UKBB	AFR	8	23	4644	684.113984823227	0	0	0	0
HDL	UKBB	AFR	8	24	10983	1765.97422337532	0	0	0	0
HDL	UKBB	AFR	8	27	3524	867.1110663414	0	0	0	0
HDL	UKBB	AFR	8	29	9775	3810.85363745689	0	0	0	0
HDL	UKBB	AFR	8	30	2122	253.607681512833	0	0	0	0
HDL	UKBB	AFR	8	31	1229	240.733310699463	0	0	0	0
HDL	UKBB	AFR	8	32	6677	1808.39663481712	0	0	0	0
HDL	UKBB	AFR	8	33	5478	1666.40851521492	0	0	0	0
HDL	UKBB	AFR	8	34	2706	777.836173772812	0	0	0	0
HDL	UKBB	AFR	8	35	2105	462.752943992615	0	0	0	0
HDL	UKBB	AFR	8	36	1834	370.843299388885	0	0	0	0
HDL	UKBB	AFR	8	37	2489	303.730666160583	0	0	0	0
HDL	UKBB	AFR	8	39	4011	792.054641485214	0	0	0	0
HDL	UKBB	AFR	8	40	5770	1141.33849930763	0	0	0	0
HDL	UKBB	AFR	8	42	6663	2378.67710113525	0	0	0	0
HDL	UKBB	AFR	8	46	2192	484.549449920654	0	0	0	0
HDL	UKBB	AFR	8	48	5561	1191.02404761314	0	0	0	0
HDL	UKBB	AFR	8	51	8805	2373.30029034615	0	0	0	0
HDL	UKBB	AFR	8	53	4528	1578.66367673874	0	0	0	0
HDL	UKBB	AFR	8	55	3912	1263.45274400711	0	0	0	0
HDL	UKBB	AFR	8	69	9126	1293.60392332077	0	0	0	0
HDL	UKBB	AFR	8	70	10160	2776.45512008667	0	0	0	0
HDL	UKBB	AFR	8	71	5871	2505.31924390793	0	0	0	0
HDL	UKBB	AFR	8	77	5211	1964.32297301292	0	0	0	0
HDL	UKBB	AFR	8	78	1112	197.470163345337	0	0	0	0
HDL	UKBB	AFR	8	80	2344	629.120763063431	0	0	0	0
HDL	UKBB	AFR	8	81	5774	1202.32138872147	0	0	0	0
HDL	UKBB	AFR	8	84	12707	2740.24645233154	0	0	0	0
HDL	UKBB	AFR	8	88	6173	2311.34422636032	0	0	0	0
HDL	UKBB	AFR	8	93	8337	1964.53205370903	0	0	0	0
HDL	UKBB	AFR	8	94	4886	678.994532585144	0	0	0	0
HDL	UKBB	AFR	8	107	1855	425.230006933212	0	0	0	0
HDL	UKBB	AFR	8	108	9624	3842.05941319466	0	0	0	0
HDL	UKBB	AFR	8	109	8932	3171.84946966171	0	0	0	0
HDL	UKBB	AFR	8	110	9349	1538.44674539566	0	0	0	0
HDL	UKBB	AFR	8	112	6003	1942.43268346786	0	0	0	0
HDL	UKBB	AFR	8	113	3798	392.58734703064	0	0	0	0
HDL	UKBB	AFR	8	115	3247	1027.39338445663	0	0	0	0
HDL	UKBB	AFR	8	118	2675	579.367840528488	0	0	0	0
HDL	UKBB	AFR	8	119	4168	1178.06101226807	0	0	0	0
HDL	UKBB	AFR	8	124	3344	706.162479162216	0	0	0	0
HDL	UKBB	AFR	8	125	1444	316.511984109879	0	0	0	0
HDL	UKBB	AFR	8	127	3852	1181.32778406143	0	0	0	0
HDL	UKBB	AFR	8	130	3010	834.735274791718	0	0	0	0
HDL	UKBB	AFR	8	159	4377	287.483904838562	0	1	0	0
HDL	UKBB	AFR	8	160	4712	1776.56080007553	0	0	0	0
HDL	UKBB	AFR	9	1	8650	1380.27485585213	0	0	0	0
HDL	UKBB	AFR	9	4	4588	753.553456068039	0	0	0	0
HDL	UKBB	AFR	9	9	3479	784.060584783554	0	0	0	0
HDL	UKBB	AFR	9	12	4587	1510.1040596962	0	0	0	0
HDL	UKBB	AFR	9	27	12108	4274.17075586319	0	0	0	0
HDL	UKBB	AFR	9	31	7009	2103.73153424263	0	0	0	0
HDL	UKBB	AFR	9	33	4932	1749.41383314133	0	0	0	0
HDL	UKBB	AFR	9	36	4546	1437.07089328766	0	0	0	0
HDL	UKBB	AFR	9	40	8664	1795.9841067791	0	0	0	0
HDL	UKBB	AFR	9	48	1182	201.373871803284	0	0	0	0
HDL	UKBB	AFR	9	49	13325	2600.1353187561	0	0	0	0
HDL	UKBB	AFR	9	50	6960	2876.09827589989	0	0	0	0
HDL	UKBB	AFR	9	51	2755	652.06294631958	0	0	0	0
HDL	UKBB	AFR	9	53	8818	3096.61758899689	0	0	0	0
HDL	UKBB	AFR	9	56	6308	2020.10301399231	0	0	0	0
HDL	UKBB	AFR	9	63	7636	1971.37901902199	0	0	0	0
HDL	UKBB	AFR	9	78	2236	626.221479415894	0	0	0	0
HDL	UKBB	AFR	9	84	4292	1301.63735866547	0	0	0	0
HDL	UKBB	AFR	9	85	4732	767.553384304047	0	0	0	0
HDL	UKBB	AFR	9	88	4348	1567.97436070442	0	0	0	0
HDL	UKBB	AFR	9	91	4163	1110.9701795578	0	0	0	0
HDL	UKBB	AFR	9	92	1266	275.006288051605	0	0	0	0
HDL	UKBB	AFR	9	93	5655	2389.07049894333	0	0	0	0
HDL	UKBB	AFR	9	97	2112	567.231245040894	0	0	0	0
HDL	UKBB	AFR	9	98	6895	2660.48201179504	0	0	0	0
HDL	UKBB	AFR	9	100	6523	2619.60326838493	0	0	0	0
HDL	UKBB	AFR	9	102	7362	3278.82594799995	0	0	0	0
HDL	UKBB	AFR	9	103	1673	291.360601902008	0	0	0	0
HDL	UKBB	AFR	9	104	1870	472.936968326569	0	0	0	0
HDL	UKBB	AFR	9	105	1357	188.405612945557	0	0	0	0
HDL	UKBB	AFR	9	106	6279	1603.9746465683	0	0	0	0
HDL	UKBB	AFR	9	107	1677	326.472145080566	0	0	0	0
HDL	UKBB	AFR	9	109	7734	2300.86467432976	0	0	0	0
HDL	UKBB	AFR	9	110	8591	2680.99010300636	0	0	0	0
HDL	UKBB	AFR	9	111	327	35.2442111968994	0	0	0	0
HDL	UKBB	AFR	9	112	7458	1160.03051805496	0	0	0	0
HDL	UKBB	AFR	9	113	4351	1399.35334849358	0	0	0	0
HDL	UKBB	AFR	9	114	2520	796.902246713638	0	0	0	0
HDL	UKBB	AFR	9	115	7754	2477.21109509468	0	0	0	0
HDL	UKBB	AFR	9	116	3742	865.946661949158	0	0	0	0
HDL	UKBB	AFR	9	118	9493	3324.76149654388	0	0	0	0
HDL	UKBB	AFR	9	124	3522	948.612185955048	0	0	0	0
HDL	UKBB	AFR	9	129	5248	1776.51228904724	0	0	0	0
HDL	UKBB	AFR	9	130	5163	1838.26939487457	0	0	0	0
HDL	UKBB	AFR	9	134	9832	2459.30975055695	0	0	0	0
HDL	UKBB	AFR	9	136	4185	1226.91553521156	0	0	0	0
HDL	UKBB	AFR	9	138	6706	2069.35823726654	0	0	0	0
HDL	UKBB	AFR	9	140	10172	1958.93101215363	0	0	0	0
HDL	UKBB	AFR	9	141	1333	179.016317605972	0	0	0	0
HDL	UKBB	AFR	9	144	3537	1218.41008901596	0	0	0	0
HDL	UKBB	AFR	9	148	2632	711.565551996231	0	0	0	0
HDL	UKBB	AFR	9	149	3603	1284.91620182991	0	0	0	0
HDL	UKBB	AFR	9	152	1000	162.332528591156	0	0	0	0
HDL	UKBB	AFR	9	153	285	26.100691318512	0	0	0	0
HDL	UKBB	AFR	9	154	1633	309.182359933853	0	0	0	0
HDL	UKBB	AFR	9	156	2984	396.50568318367	0	0	0	0
HDL	UKBB	AFR	9	162	2502	564.982533931732	0	0	0	0
HDL	UKBB	AFR	10	1	6714	2038.39946365356	0	0	0	0
HDL	UKBB	AFR	10	9	363	28.4189610481262	0	0	0	0
HDL	UKBB	AFR	10	11	1839	411.584010124207	0	0	0	0
HDL	UKBB	AFR	10	13	4488	1327.77064752579	0	0	0	0
HDL	UKBB	AFR	10	14	5599	1714.27664375305	0	0	0	0
HDL	UKBB	AFR	10	20	191	17.6610713005066	0	0	0	0
HDL	UKBB	AFR	10	22	4838	1144.93788027763	0	0	0	0
HDL	UKBB	AFR	10	23	1182	244.045365095139	0	0	0	0
HDL	UKBB	AFR	10	33	3885	1319.83799386024	0	0	0	0
HDL	UKBB	AFR	10	40	3530	732.05436205864	0	0	0	0
HDL	UKBB	AFR	10	43	4007	1176.50479364395	0	0	0	0
HDL	UKBB	AFR	10	46	6812	1095.87167215347	0	0	0	0
HDL	UKBB	AFR	10	48	9260	935.60381269455	0	0	0	0
HDL	UKBB	AFR	10	49	5392	1569.96253013611	0	0	0	0
HDL	UKBB	AFR	10	52	6596	2526.02148294449	0	0	0	0
HDL	UKBB	AFR	10	54	11491	2589.8603541851	0	0	0	0
HDL	UKBB	AFR	10	60	8034	2478.67685985565	0	0	0	0
HDL	UKBB	AFR	10	61	2659	799.643446445465	0	0	0	0
HDL	UKBB	AFR	10	64	1131	226.894420623779	0	0	0	0
HDL	UKBB	AFR	10	67	4317	1017.42609405518	0	0	0	0
HDL	UKBB	AFR	10	68	3997	818.455990314484	0	0	0	0
HDL	UKBB	AFR	10	70	6263	1933.11816692352	0	0	0	0
HDL	UKBB	AFR	10	79	6577	1556.22719860077	0	0	0	0
HDL	UKBB	AFR	10	80	6078	1578.87432718277	0	0	0	0
HDL	UKBB	AFR	10	81	7167	2690.05432224274	0	0	0	0
HDL	UKBB	AFR	10	83	6177	2856.18107032776	0	0	0	0
HDL	UKBB	AFR	10	85	1928	488.265163898468	0	0	0	0
HDL	UKBB	AFR	10	87	3220	595.361301660538	0	0	0	0
HDL	UKBB	AFR	10	92	10949	1612.97387003899	0	0	0	0
HDL	UKBB	AFR	10	93	1956	558.466029882431	0	0	0	0
HDL	UKBB	AFR	10	100	1753	406.858676671982	0	0	0	0
HDL	UKBB	AFR	10	101	5493	1280.9873316288	0	0	0	0
HDL	UKBB	AFR	10	109	6756	1918.9947617054	0	0	0	0
HDL	UKBB	AFR	10	113	4312	1209.5152895450601	0	0	0	0
HDL	UKBB	AFR	10	117	8047	1123.01294398308	0	0	0	0
HDL	UKBB	AFR	10	124	1551	336.285096645355	0	0	0	0
HDL	UKBB	AFR	10	126	7304	1388.92493271828	0	0	0	0
HDL	UKBB	AFR	10	127	2364	651.099928379059	0	0	0	0
HDL	UKBB	AFR	10	128	609	83.7526156902313	0	0	0	0
HDL	UKBB	AFR	10	129	8223	2663.56511950493	0	0	0	0
HDL	UKBB	AFR	10	130	2853	391.888184309006	0	0	0	0
HDL	UKBB	AFR	10	137	7031	1633.6492562294	0	0	0	0
HDL	UKBB	AFR	10	138	1235	267.100685358047	0	0	0	0
HDL	UKBB	AFR	10	140	1533	331.364614486694	0	0	0	0
HDL	UKBB	AFR	10	141	3398	874.320363759995	0	0	0	0
HDL	UKBB	AFR	10	142	2382	435.55796289444	0	0	0	0
HDL	UKBB	AFR	10	143	7105	1892.37457823753	0	0	0	0
HDL	UKBB	AFR	10	144	2814	878.799572467804	0	0	0	0
HDL	UKBB	AFR	10	145	2618	671.224581003189	0	0	0	0
HDL	UKBB	AFR	10	150	6080	1268.58239507675	0	0	0	0
HDL	UKBB	AFR	10	152	3907	897.585910797119	0	0	0	0
HDL	UKBB	AFR	10	153	4507	1758.22179174423	0	0	0	0
HDL	UKBB	AFR	10	154	8926	2936.14922785759	0	0	0	0
HDL	UKBB	AFR	10	157	3338	781.232774734497	0	0	0	0
HDL	UKBB	AFR	10	162	2947	878.946041107178	0	0	0	0
HDL	UKBB	AFR	10	167	770	133.422625780106	0	0	0	0
HDL	UKBB	AFR	11	2	4284	1564.99569964409	0	0	0	0
HDL	UKBB	AFR	11	4	3366	1036.19725966454	0	0	0	0
HDL	UKBB	AFR	11	6	722	122.24045038223301	0	0	0	0
HDL	UKBB	AFR	11	7	2487	549.440119504929	0	0	0	0
HDL	UKBB	AFR	11	11	6112	2916.84711289406	0	0	0	0
HDL	UKBB	AFR	11	18	10463	2332.7377269268	0	0	0	0
HDL	UKBB	AFR	11	19	2469	673.117630243301	0	0	0	0
HDL	UKBB	AFR	11	26	1978	455.127714633942	0	0	0	0
HDL	UKBB	AFR	11	27	4776	730.178641557693	0	0	0	0
HDL	UKBB	AFR	11	28	3484	1206.36427402496	0	0	0	0
HDL	UKBB	AFR	11	29	2579	575.258250951767	0	0	0	0
HDL	UKBB	AFR	11	30	3435	1118.73705816269	0	0	0	0
HDL	UKBB	AFR	11	33	4213	1600.03159093857	0	0	0	0
HDL	UKBB	AFR	11	51	4895	798.925028562546	0	0	0	0
HDL	UKBB	AFR	11	52	2683	738.901082992554	0	0	0	0
HDL	UKBB	AFR	11	53	6035	1559.83536553383	0	0	0	0
HDL	UKBB	AFR	11	54	4402	1157.42477369308	0	0	0	0
HDL	UKBB	AFR	11	57	4369	261.250949382782	0	1	0	0
HDL	UKBB	AFR	11	65	4117	276.354019403458	0	1	0	0
HDL	UKBB	AFR	11	70	7887	3558.05497407913	0	0	0	0
HDL	UKBB	AFR	11	75	3588	692.930335044861	0	0	0	0
HDL	UKBB	AFR	11	76	4287	1333.13515710831	0	0	0	0
HDL	UKBB	AFR	11	77	4344	458.35085439682	0	0	0	0
HDL	UKBB	AFR	11	78	4495	1818.24782180786	0	0	0	0
HDL	UKBB	AFR	11	79	9734	2166.04130601883	0	0	0	0
HDL	UKBB	AFR	11	80	6644	2142.54402565956	0	0	0	0
HDL	UKBB	AFR	11	81	4025	861.984969377518	0	0	0	0
HDL	UKBB	AFR	11	86	5903	715.980616569519	0	0	0	0
HDL	UKBB	AFR	11	88	6339	1571.39406037331	0	0	0	0
HDL	UKBB	AFR	11	89	839	155.610728979111	0	0	0	0
HDL	UKBB	AFR	11	90	10117	1253.10669469833	0	0	0	0
HDL	UKBB	AFR	11	100	5308	695.124703645706	0	0	0	0
HDL	UKBB	AFR	11	107	1876	301.848019123077	0	0	0	0
HDL	UKBB	AFR	11	108	1725	393.798547029495	0	0	0	0
HDL	UKBB	AFR	11	109	1558	346.024083137512	0	0	0	0
HDL	UKBB	AFR	11	115	5991	1546.99176931381	0	0	0	0
HDL	UKBB	AFR	11	117	10798	3598.94050383568	0	0	0	0
HDL	UKBB	AFR	11	121	4675	1443.61315131187	0	0	0	0
HDL	UKBB	AFR	11	123	3022	429.026105642319	0	0	0	0
HDL	UKBB	AFR	11	126	9645	2919.63821911812	0	0	0	0
HDL	UKBB	AFR	11	128	613	91.5951046943665	0	0	0	0
HDL	UKBB	AFR	11	129	4615	1257.27845835686	1	1	1	1
HDL	UKBB	AFR	11	130	2346	690.111795186996	0	0	0	0
HDL	UKBB	AFR	11	131	470	57.4170429706573	0	0	0	0
HDL	UKBB	AFR	11	132	1417	283.974618434906	0	0	0	0
HDL	UKBB	AFR	11	133	4786	1751.09282517433	0	0	0	0
HDL	UKBB	AFR	11	134	6175	2397.66866064072	0	0	0	0
HDL	UKBB	AFR	11	138	2932	724.397936344147	0	0	0	0
HDL	UKBB	AFR	11	140	2573	789.234218120575	0	0	0	0
HDL	UKBB	AFR	11	141	733	15.4562928676605	0	1	0	0
HDL	UKBB	AFR	11	142	5542	1698.28441858292	0	0	0	0
HDL	UKBB	AFR	11	147	8820	3074.7240383625	0	0	0	0
HDL	UKBB	AFR	11	148	2645	695.377532720566	0	0	0	0
HDL	UKBB	AFR	11	149	6884	2575.10183405876	0	0	0	0
HDL	UKBB	AFR	12	4	3243	713.093609571457	0	0	0	0
HDL	UKBB	AFR	12	8	1731	423.453730106354	0	0	0	0
HDL	UKBB	AFR	12	9	810	147.968240499496	0	0	0	0
HDL	UKBB	AFR	12	12	1666	280.852576494217	0	0	0	0
HDL	UKBB	AFR	12	17	2164	462.107708454132	0	0	0	0
HDL	UKBB	AFR	12	18	4462	1421.95805311203	0	0	0	0
HDL	UKBB	AFR	12	23	6263	2494.20691156387	0	0	0	0
HDL	UKBB	AFR	12	24	1591	314.958132266998	0	0	0	0
HDL	UKBB	AFR	12	25	5760	1071.8968091011	0	0	0	0
HDL	UKBB	AFR	12	31	1320	276.475130319595	0	0	0	0
HDL	UKBB	AFR	12	32	4753	702.761746168137	0	0	0	0
HDL	UKBB	AFR	12	34	3458	1062.25199604034	0	0	0	0
HDL	UKBB	AFR	12	35	1881	250.994423151016	0	0	0	0
HDL	UKBB	AFR	12	36	1845	351.012456417084	0	0	0	0
HDL	UKBB	AFR	12	38	6268	2530.49529361725	0	0	0	0
HDL	UKBB	AFR	12	40	2341	519.07488489151	0	0	0	0
HDL	UKBB	AFR	12	41	1541	336.816022872925	0	0	0	0
HDL	UKBB	AFR	12	42	9715	2485.34629297256	0	0	0	0
HDL	UKBB	AFR	12	45	3745	1029.73328638077	0	0	0	0
HDL	UKBB	AFR	12	48	5380	1692.0634469986	0	0	0	0
HDL	UKBB	AFR	12	49	5899	2311.54610157013	0	0	0	0
HDL	UKBB	AFR	12	53	7638	1542.63009166718	0	0	0	0
HDL	UKBB	AFR	12	59	6918	2993.4307038784	0	0	0	0
HDL	UKBB	AFR	12	60	3238	439.249169111252	0	0	0	0
HDL	UKBB	AFR	12	61	3818	1305.97827172279	0	0	0	0
HDL	UKBB	AFR	12	62	4165	575.651528358459	0	0	0	0
HDL	UKBB	AFR	12	63	5078	1153.72083497047	0	0	0	0
HDL	UKBB	AFR	12	66	5678	1906.95148563385	0	0	0	0
HDL	UKBB	AFR	12	67	3044	791.194605350494	0	0	0	0
HDL	UKBB	AFR	12	68	1958	405.153010368347	0	0	0	0
HDL	UKBB	AFR	12	69	5670	1933.65681838989	0	0	0	0
HDL	UKBB	AFR	12	70	2637	715.449076652527	0	0	0	0
HDL	UKBB	AFR	12	71	6697	1652.10212492943	0	0	0	0
HDL	UKBB	AFR	12	72	17933	5205.62370085716	0	0	0	0
HDL	UKBB	AFR	12	73	5642	2009.16247415543	0	0	0	0
HDL	UKBB	AFR	12	77	2956	491.866703033447	0	0	0	0
HDL	UKBB	AFR	12	80	6892	1375.98932051659	0	0	0	0
HDL	UKBB	AFR	12	81	1301	154.726092338562	0	0	0	0
HDL	UKBB	AFR	12	82	5834	1444.43015670776	0	0	0	0
HDL	UKBB	AFR	12	94	7086	2590.95456075668	0	0	0	0
HDL	UKBB	AFR	12	96	3462	907.923841953278	0	0	0	0
HDL	UKBB	AFR	12	97	8456	1906.71030521393	0	0	0	0
HDL	UKBB	AFR	12	100	3146	868.316771268845	0	0	0	0
HDL	UKBB	AFR	12	103	728	102.470121860504	0	0	0	0
HDL	UKBB	AFR	12	108	4936	1765.34432196617	0	0	0	0
HDL	UKBB	AFR	12	110	6855	1995.97517538071	0	0	0	0
HDL	UKBB	AFR	12	112	630	82.9076838493347	0	0	0	0
HDL	UKBB	AFR	12	119	9630	3971.81100845337	0	0	0	0
HDL	UKBB	AFR	12	120	2477	599.40820980072	0	0	0	0
HDL	UKBB	AFR	12	121	3645	1113.04429125786	0	0	0	0
HDL	UKBB	AFR	12	122	8986	1502.76395440102	0	0	0	0
HDL	UKBB	AFR	12	123	2776	698.972887516022	0	0	0	0
HDL	UKBB	AFR	12	125	5280	1224.7558350563	0	0	0	0
HDL	UKBB	AFR	12	129	3705	990.87059879303	0	0	0	0
HDL	UKBB	AFR	12	132	4781	1260.2803940773	0	0	0	0
HDL	UKBB	AFR	12	138	9047	3788.09335613251	0	0	0	0
HDL	UKBB	AFR	12	139	12445	4925.2037229538	0	0	0	0
HDL	UKBB	AFR	12	140	2145	600.599192142487	0	0	0	0
HDL	UKBB	AFR	12	141	3074	430.14221072197	0	0	0	0
HDL	UKBB	AFR	12	154	1171	240.289376735687	0	0	0	0
HDL	UKBB	AFR	12	156	1334	321.683351993561	0	0	0	0
HDL	UKBB	AFR	12	163	3179	790.013334035873	0	0	0	0
HDL	UKBB	AFR	13	1	7228	1380.56869983673	0	0	0	0
HDL	UKBB	AFR	13	8	4445	966.088557958603	0	0	0	0
HDL	UKBB	AFR	13	16	4590	584.55233001709	0	0	0	0
HDL	UKBB	AFR	13	18	1545	183.027998685837	0	0	0	0
HDL	UKBB	AFR	13	20	4381	1161.94487023354	0	0	0	0
HDL	UKBB	AFR	13	21	6060	2619.36365747452	0	0	0	0
HDL	UKBB	AFR	13	23	1879	357.382898569107	0	0	0	0
HDL	UKBB	AFR	13	25	2716	573.559624910355	0	0	0	0
HDL	UKBB	AFR	13	38	913	167.566165447235	0	0	0	0
HDL	UKBB	AFR	13	40	3912	1038.24008822441	0	0	0	0
HDL	UKBB	AFR	13	45	4824	1508.12483096123	0	0	0	0
HDL	UKBB	AFR	13	47	2892	280.116661071777	0	0	0	0
HDL	UKBB	AFR	13	50	8820	1604.35552144051	0	0	0	0
HDL	UKBB	AFR	13	52	6764	1707.08311605453	0	0	0	0
HDL	UKBB	AFR	13	54	15601	2817.46949291229	0	0	0	0
HDL	UKBB	AFR	13	55	6246	1503.48179674149	0	0	0	0
HDL	UKBB	AFR	13	57	12719	2775.48284244537	0	0	0	0
HDL	UKBB	AFR	13	58	9266	2570.16437888145	0	0	0	0
HDL	UKBB	AFR	13	60	4951	1470.46605229378	0	0	0	0
HDL	UKBB	AFR	13	61	3187	1006.79705715179	0	0	0	0
HDL	UKBB	AFR	13	70	5811	1716.54950857162	0	0	0	0
HDL	UKBB	AFR	13	72	4129	1523.94769620895	0	0	0	0
HDL	UKBB	AFR	13	73	5222	1140.61273908615	0	0	0	0
HDL	UKBB	AFR	13	80	1821	113.12965798378	0	0	0	0
HDL	UKBB	AFR	13	82	4810	1442.23518657684	0	0	0	0
HDL	UKBB	AFR	13	88	2032	387.065340042114	0	0	0	0
HDL	UKBB	AFR	13	94	4966	1235.55473208427	0	0	0	0
HDL	UKBB	AFR	13	96	2049	499.910933494568	0	0	0	0
HDL	UKBB	AFR	13	111	1534	320.2345495224	0	0	0	0
HDL	UKBB	AFR	13	119	5726	1998.60846376419	0	0	0	0
HDL	UKBB	AFR	13	124	703	108.126844644547	0	0	0	0
HDL	UKBB	AFR	13	125	5107	1252.85218691826	0	0	0	0
HDL	UKBB	AFR	14	1	3681	393.675155639648	0	0	0	0
HDL	UKBB	AFR	14	6	1628	386.387037038803	0	0	0	0
HDL	UKBB	AFR	14	14	7560	2900.57647871971	0	0	0	0
HDL	UKBB	AFR	14	19	5568	1595.17134332657	0	0	0	0
HDL	UKBB	AFR	14	24	2117	373.669668197632	0	0	0	0
HDL	UKBB	AFR	14	31	7125	1979.70364451408	0	0	0	0
HDL	UKBB	AFR	14	35	7298	906.894572496414	0	0	0	0
HDL	UKBB	AFR	14	46	3392	535.081653356552	0	0	0	0
HDL	UKBB	AFR	14	47	6495	927.523289203644	0	0	0	0
HDL	UKBB	AFR	14	49	2966	829.02782702446	0	0	0	0
HDL	UKBB	AFR	14	64	2640	733.104248285294	0	0	0	0
HDL	UKBB	AFR	14	67	5507	1682.05302381516	0	0	0	0
HDL	UKBB	AFR	14	68	4070	1099.20870280266	0	0	0	0
HDL	UKBB	AFR	14	70	6357	1419.7165517807	0	0	0	0
HDL	UKBB	AFR	14	72	8447	2850.42937135696	0	0	0	0
HDL	UKBB	AFR	14	73	3963	883.472254991531	0	0	0	0
HDL	UKBB	AFR	14	80	1208	209.509954214096	0	0	0	0
HDL	UKBB	AFR	14	81	6973	957.469827651978	0	0	0	0
HDL	UKBB	AFR	14	84	2265	401.92751288414	0	0	0	0
HDL	UKBB	AFR	14	86	3753	1003.50233387947	0	0	0	0
HDL	UKBB	AFR	14	93	5597	723.564763784409	0	0	0	0
HDL	UKBB	AFR	14	95	1797	474.617712974548	0	0	0	0
HDL	UKBB	AFR	14	97	3670	951.932166576385	0	0	0	0
HDL	UKBB	AFR	14	100	5004	1793.92869377136	0	0	0	0
HDL	UKBB	AFR	14	103	5635	1680.23211288452	0	0	0	0
HDL	UKBB	AFR	14	117	3859	987.078740358353	0	0	0	0
HDL	UKBB	AFR	14	121	6099	949.6229159832	0	0	0	0
HDL	UKBB	AFR	14	122	1291	148.636548280716	0	0	0	0
HDL	UKBB	AFR	14	126	7254	1890.18088245392	0	0	0	0
HDL	UKBB	AFR	14	128	2500	675.943906784058	0	0	0	0
HDL	UKBB	AFR	14	129	3497	910.257723093033	0	0	0	0
HDL	UKBB	AFR	15	4	1267	118.749748706818	0	0	0	0
HDL	UKBB	AFR	15	10	1969	475.309304237366	0	0	0	0
HDL	UKBB	AFR	15	22	6984	2416.86574935913	0	0	0	0
HDL	UKBB	AFR	15	27	2723	749.661135435104	0	0	0	0
HDL	UKBB	AFR	15	28	3900	374.750633716583	0	1	0	0
HDL	UKBB	AFR	15	29	2678	621.688962936401	0	0	0	0
HDL	UKBB	AFR	15	31	8386	832.88086605072	0	0	0	0
HDL	UKBB	AFR	15	34	1772	71.6853682994843	0	0	0	0
HDL	UKBB	AFR	15	35	5081	1409.32578349113	0	0	0	0
HDL	UKBB	AFR	15	37	6827	1585.50821948051	0	0	0	0
HDL	UKBB	AFR	15	38	7949	2196.18449378014	0	0	0	0
HDL	UKBB	AFR	15	39	6074	1337.19127702713	0	0	0	0
HDL	UKBB	AFR	15	40	1537	360.754133224487	0	0	0	0
HDL	UKBB	AFR	15	41	5485	1636.93825697899	0	0	0	0
HDL	UKBB	AFR	15	45	11923	2741.14337730408	0	0	0	0
HDL	UKBB	AFR	15	46	3688	989.712067604065	0	0	0	0
HDL	UKBB	AFR	15	48	10588	3628.87689042091	0	0	0	0
HDL	UKBB	AFR	15	50	5316	1834.94833827019	0	0	0	0
HDL	UKBB	AFR	15	51	4023	978.356896162033	0	0	0	0
HDL	UKBB	AFR	15	52	3658	450.526748895645	1	1	1	1
HDL	UKBB	AFR	15	53	703	10.2059178352356	0	1	1	2
HDL	UKBB	AFR	15	54	4253	1030.7293586731	0	0	0	0
HDL	UKBB	AFR	15	55	2386	677.48478603363	0	0	0	0
HDL	UKBB	AFR	15	56	4689	1387.05354809761	0	0	0	0
HDL	UKBB	AFR	15	59	8144	2147.04712677002	0	0	0	0
HDL	UKBB	AFR	15	62	10465	3329.68944644928	0	0	0	0
HDL	UKBB	AFR	15	64	3055	772.404336929321	0	0	0	0
HDL	UKBB	AFR	15	66	5837	2023.193775177	0	0	0	0
HDL	UKBB	AFR	15	70	2086	205.410693883896	0	0	0	0
HDL	UKBB	AFR	15	71	208	22.0887203216553	0	0	0	0
HDL	UKBB	AFR	15	73	2202	592.736317396164	0	0	0	0
HDL	UKBB	AFR	15	76	10163	1098.64399313927	0	0	0	0
HDL	UKBB	AFR	15	79	6460	972.066851854324	0	0	0	0
HDL	UKBB	AFR	15	86	3743	1203.78172588348	0	0	0	0
HDL	UKBB	AFR	15	88	2986	852.669050216675	0	0	0	0
HDL	UKBB	AFR	15	90	3996	1214.19106030464	0	0	0	0
HDL	UKBB	AFR	15	98	2132	540.016223669052	0	0	0	0
HDL	UKBB	AFR	15	102	3782	1329.72915124893	0	0	0	0
HDL	UKBB	AFR	15	108	1782	299.302505016327	0	0	0	0
HDL	UKBB	AFR	15	111	3124	682.190972089767	0	0	0	0
HDL	UKBB	AFR	15	117	1864	489.691735029221	0	0	0	0
HDL	UKBB	AFR	15	118	1213	263.138695240021	0	0	0	0
HDL	UKBB	AFR	16	2	1052	154.238945007324	0	0	0	0
HDL	UKBB	AFR	16	4	5220	2018.14403486252	0	0	0	0
HDL	UKBB	AFR	16	5	2190	532.068651676178	0	0	0	0
HDL	UKBB	AFR	16	7	3725	871.967923879623	0	0	0	0
HDL	UKBB	AFR	16	9	5550	1910.3158864975	0	0	0	0
HDL	UKBB	AFR	16	10	2459	454.834505081177	0	0	0	0
HDL	UKBB	AFR	16	30	343	45.3904073238373	0	0	0	0
HDL	UKBB	AFR	16	31	5321	1228.62887835503	0	0	0	0
HDL	UKBB	AFR	16	33	8199	2853.85598063469	0	0	0	0
HDL	UKBB	AFR	16	37	5951	1517.25797152519	0	0	0	0
HDL	UKBB	AFR	16	41	4236	1003.52540564537	0	0	0	0
HDL	UKBB	AFR	16	42	434	47.697833776474	0	0	0	0
HDL	UKBB	AFR	16	43	4016	62.2838509082794	0	1	0	0
HDL	UKBB	AFR	16	47	3295	1033.60589742661	0	0	0	0
HDL	UKBB	AFR	16	49	3132	623.336932897568	0	0	0	0
HDL	UKBB	AFR	16	52	3957	1038.77578234673	0	0	0	0
HDL	UKBB	AFR	16	57	620	62.9433689117432	0	0	0	0
HDL	UKBB	AFR	16	58	3815	1165.34695649147	0	0	0	0
HDL	UKBB	AFR	16	59	4041	923.06289601326	0	0	0	0
HDL	UKBB	AFR	16	62	3013	678.550680875778	0	0	0	0
HDL	UKBB	AFR	16	65	3094	848.741066455841	0	0	0	0
HDL	UKBB	AFR	16	67	2146	410.12371635437	0	0	0	0
HDL	UKBB	AFR	16	68	3587	669.752729415894	0	0	0	0
HDL	UKBB	AFR	16	69	2187	590.803309202194	0	0	0	0
HDL	UKBB	AFR	16	73	2781	510.992159128189	0	0	0	0
HDL	UKBB	AFR	16	74	1004	170.067145347595	0	0	0	0
HDL	UKBB	AFR	16	75	5664	2718.58826088905	1	3	1	1
HDL	UKBB	AFR	16	76	3850	192.655227422714	1	1	1	1
HDL	UKBB	AFR	16	77	1609	343.289313077927	0	0	0	0
HDL	UKBB	AFR	16	79	2718	824.02917432785	0	0	0	0
HDL	UKBB	AFR	16	86	2478	674.340050935745	0	0	0	0
HDL	UKBB	AFR	16	87	553	65.8672087192535	0	0	0	0
HDL	UKBB	AFR	16	88	8803	1018.63086867332	0	0	0	0
HDL	UKBB	AFR	16	89	11565	5169.49118876457	0	0	0	0
HDL	UKBB	AFR	16	91	3190	1061.07041597366	0	0	0	0
HDL	UKBB	AFR	16	93	9306	2823.88837742805	0	0	0	0
HDL	UKBB	AFR	16	94	10012	2302.35908746719	0	0	0	0
HDL	UKBB	AFR	16	103	12909	2083.93562650681	0	0	0	0
HDL	UKBB	AFR	16	104	3588	743.334768295288	0	0	0	0
HDL	UKBB	AFR	16	105	2947	380.031309127808	0	0	0	0
HDL	UKBB	AFR	16	106	5921	1786.42024874687	0	0	0	0
HDL	UKBB	AFR	16	107	3443	955.829869508743	0	0	0	0
HDL	UKBB	AFR	16	111	2899	923.290819406509	0	0	0	0
HDL	UKBB	AFR	16	114	2246	508.577896595001	0	0	0	0
HDL	UKBB	AFR	16	116	2648	766.902342557907	0	0	0	0
HDL	UKBB	AFR	16	125	3187	996.340936660767	0	0	0	0
HDL	UKBB	AFR	16	126	579	76.6159882545471	0	0	0	0
HDL	UKBB	AFR	16	128	11352	4658.87969565392	0	0	0	0
HDL	UKBB	AFR	17	3	3300	861.100225448608	0	0	0	0
HDL	UKBB	AFR	17	7	2069	294.98966884613	0	0	0	0
HDL	UKBB	AFR	17	9	5594	1627.778403759	0	0	0	0
HDL	UKBB	AFR	17	14	3034	776.000581979752	0	0	0	0
HDL	UKBB	AFR	17	23	2068	570.769974708557	0	0	0	0
HDL	UKBB	AFR	17	24	3524	1129.99717211723	0	0	0	0
HDL	UKBB	AFR	17	25	3873	1086.70555996895	0	0	0	0
HDL	UKBB	AFR	17	30	769	116.029719114304	0	0	0	0
HDL	UKBB	AFR	17	49	2026	205.286202430725	0	0	0	0
HDL	UKBB	AFR	17	51	8800	1596.74149465561	0	0	0	0
HDL	UKBB	AFR	17	55	11023	3188.50606417656	0	0	0	0
HDL	UKBB	AFR	17	66	666	93.284140586853	0	0	0	0
HDL	UKBB	AFR	17	68	2662	609.757805347443	0	0	0	0
HDL	UKBB	AFR	17	71	4651	1502.19983649254	0	0	0	0
HDL	UKBB	AFR	17	72	5584	2060.74505472183	0	0	0	0
HDL	UKBB	AFR	17	73	8597	1683.22116303444	0	0	0	0
HDL	UKBB	AFR	17	74	9254	1570.77480840683	0	0	0	0
HDL	UKBB	AFR	17	75	6938	1873.41676187515	0	0	0	0
HDL	UKBB	AFR	17	76	3427	660.957997083664	0	0	0	0
HDL	UKBB	AFR	17	78	1227	249.501570463181	0	0	0	0
HDL	UKBB	AFR	17	85	5872	1093.27495217323	0	0	0	0
HDL	UKBB	AFR	17	87	2537	296.808784723282	0	0	0	0
HDL	UKBB	AFR	17	90	8637	5119.30671048164	0	0	0	0
HDL	UKBB	AFR	17	93	4782	1704.55021548271	0	0	0	0
HDL	UKBB	AFR	17	94	4431	1104.0227689743	0	0	0	0
HDL	UKBB	AFR	17	97	6074	897.51207947731	0	0	0	0
HDL	UKBB	AFR	17	98	3113	524.976020336151	0	0	0	0
HDL	UKBB	AFR	17	99	570	69.0272011756897	0	0	0	0
HDL	UKBB	AFR	17	100	3940	900.971568107605	0	0	0	0
HDL	UKBB	AFR	17	101	2862	772.687175035477	0	0	0	0
HDL	UKBB	AFR	17	102	2352	642.208715438843	0	0	0	0
HDL	UKBB	AFR	17	103	2214	374.218999862671	0	0	0	0
HDL	UKBB	AFR	17	105	3858	1265.28495240211	0	0	0	0
HDL	UKBB	AFR	17	108	591	87.5169143676758	0	0	0	0
HDL	UKBB	AFR	17	109	918	137.193710803986	0	0	0	0
HDL	UKBB	AFR	17	117	4898	722.354913473129	0	0	0	0
HDL	UKBB	AFR	17	118	4074	936.218209028244	0	0	0	0
HDL	UKBB	AFR	17	125	5794	830.349829435349	0	0	0	0
HDL	UKBB	AFR	17	133	2408	448.39284825325	0	0	0	0
HDL	UKBB	AFR	18	1	1821	341.291653633118	0	0	0	0
HDL	UKBB	AFR	18	7	3693	906.236326932907	0	0	0	0
HDL	UKBB	AFR	18	8	3367	993.481552839279	0	0	0	0
HDL	UKBB	AFR	18	27	1579	155.970385789871	0	0	0	0
HDL	UKBB	AFR	18	28	3982	665.87479019165	0	0	0	0
HDL	UKBB	AFR	18	39	7680	1442.5232963562	0	0	0	0
HDL	UKBB	AFR	18	41	11106	3045.10109615326	0	0	0	0
HDL	UKBB	AFR	18	42	6216	1732.6443002224	0	0	0	0
HDL	UKBB	AFR	18	44	4336	1188.0892136097	0	0	0	0
HDL	UKBB	AFR	18	46	5103	1372.78926467896	0	0	0	0
HDL	UKBB	AFR	18	49	7594	2816.3156709671	0	0	0	0
HDL	UKBB	AFR	18	52	4381	955.008620023727	0	0	0	0
HDL	UKBB	AFR	18	53	5660	1715.14543008804	0	0	0	0
HDL	UKBB	AFR	18	58	5533	1403.81178665161	0	0	0	0
HDL	UKBB	AFR	18	59	7336	1436.74710583687	0	0	0	0
HDL	UKBB	AFR	18	60	6863	1207.95509004593	0	0	0	0
HDL	UKBB	AFR	18	61	5707	1407.96307420731	0	0	0	0
HDL	UKBB	AFR	18	62	6447	938.609091520309	0	0	0	0
HDL	UKBB	AFR	18	65	5839	1581.30402159691	0	0	0	0
HDL	UKBB	AFR	18	66	1604	301.560621500015	0	0	0	0
HDL	UKBB	AFR	18	67	2434	550.779145479202	0	0	0	0
HDL	UKBB	AFR	18	68	529	36.0130388736725	0	0	0	0
HDL	UKBB	AFR	18	69	9487	2499.05690026283	0	0	0	0
HDL	UKBB	AFR	18	73	7242	1401.96885561943	0	0	0	0
HDL	UKBB	AFR	18	74	9050	2708.95269775391	0	0	0	0
HDL	UKBB	AFR	18	76	4817	1754.6562898159	0	0	0	0
HDL	UKBB	AFR	18	79	2014	192.133156061172	0	0	0	0
HDL	UKBB	AFR	18	80	3609	1103.33009290695	0	0	0	0
HDL	UKBB	AFR	18	82	7563	1685.01344847679	0	0	0	0
HDL	UKBB	AFR	18	84	1155	196.349366426468	0	0	0	0
HDL	UKBB	AFR	18	86	201	15.2530903816223	0	0	0	0
HDL	UKBB	AFR	19	5	46	1.95474433898926	0	0	0	0
HDL	UKBB	AFR	19	6	1725	406.584879636765	0	0	0	0
HDL	UKBB	AFR	19	10	1530	72.2803857326508	0	0	0	0
HDL	UKBB	AFR	19	11	2020	342.686717033386	0	0	0	0
HDL	UKBB	AFR	19	12	1803	432.494482517242	0	0	0	0
HDL	UKBB	AFR	19	16	725	58.7043807506561	0	0	0	0
HDL	UKBB	AFR	19	19	468	68.8340096473694	0	0	0	0
HDL	UKBB	AFR	19	22	3855	822.808014392853	0	0	0	0
HDL	UKBB	AFR	19	25	2792	284.489830732346	0	0	0	0
HDL	UKBB	AFR	19	29	2336	689.597979307175	0	0	0	0
HDL	UKBB	AFR	19	30	2386	631.949719429016	0	0	0	0
HDL	UKBB	AFR	19	32	2916	724.825478076935	0	0	0	0
HDL	UKBB	AFR	19	33	1498	353.689574718475	0	0	0	0
HDL	UKBB	AFR	19	34	1682	214.809004068375	0	0	0	0
HDL	UKBB	AFR	19	37	4780	548.457344055176	0	0	0	0
HDL	UKBB	AFR	19	38	1107	142.667739152908	0	0	1	10
HDL	UKBB	AFR	19	39	6842	2452.26389551163	0	0	0	0
HDL	UKBB	AFR	19	47	3341	798.859879016876	0	0	0	0
HDL	UKBB	AFR	19	50	690	93.6115207672119	0	0	0	0
HDL	UKBB	AFR	19	51	2290	656.685926437378	0	0	0	0
HDL	UKBB	AFR	19	52	2614	558.431450605392	0	0	0	0
HDL	UKBB	AFR	19	57	4671	979.486735343933	0	0	0	0
HDL	UKBB	AFR	19	58	2547	452.278496026993	0	0	0	0
HDL	UKBB	AFR	19	61	4626	598.844892978668	0	0	0	0
HDL	UKBB	AFR	19	63	2452	589.411034107208	0	0	0	0
HDL	UKBB	AFR	19	64	7054	2331.71931481361	0	0	0	0
HDL	UKBB	AFR	19	67	11120	4088.03185772896	0	0	0	0
HDL	UKBB	AFR	19	68	2974	885.707663297653	0	0	0	0
HDL	UKBB	AFR	19	70	3916	679.034004688263	0	0	0	0
HDL	UKBB	AFR	19	71	561	76.664657831192	0	0	0	0
HDL	UKBB	AFR	19	73	915	98.245537519455	0	0	0	0
HDL	UKBB	AFR	19	74	5797	1256.23523902893	0	0	0	0
HDL	UKBB	AFR	19	75	1278	46.3269083499908	0	1	0	0
HDL	UKBB	AFR	19	76	5236	1666.57036304474	0	0	0	0
HDL	UKBB	AFR	19	77	8292	280.35567688942	0	1	0	0
HDL	UKBB	AFR	19	79	3107	710.402388334274	0	0	0	0
HDL	UKBB	AFR	19	80	1439	325.16681265831	0	0	0	0
HDL	UKBB	AFR	19	81	4035	744.05127954483	0	0	0	0
HDL	UKBB	AFR	19	89	1929	254.159860372543	0	0	0	0
HDL	UKBB	AFR	19	90	4224	1032.89335036278	0	0	0	0
HDL	UKBB	AFR	19	93	1615	395.775222301483	0	0	0	0
HDL	UKBB	AFR	19	94	3010	662.489316225052	0	0	0	0
HDL	UKBB	AFR	19	98	1520	287.468639135361	0	0	0	0
HDL	UKBB	AFR	19	104	2449	270.915219783783	0	0	0	0
HDL	UKBB	AFR	19	109	431	60.2501752376556	0	0	0	0
HDL	UKBB	AFR	20	1	1796	411.108249664307	0	0	0	0
HDL	UKBB	AFR	20	2	1863	416.46599817276	0	0	0	0
HDL	UKBB	AFR	20	3	603	67.8958802223206	0	0	0	0
HDL	UKBB	AFR	20	11	1828	460.688223361969	0	0	0	0
HDL	UKBB	AFR	20	22	2515	741.712963581085	0	0	0	0
HDL	UKBB	AFR	20	23	540	66.7282943725586	0	0	0	0
HDL	UKBB	AFR	20	24	480	13.9857058525085	0	0	0	0
HDL	UKBB	AFR	20	29	3165	943.950898170471	0	0	0	0
HDL	UKBB	AFR	20	40	2404	487.88885807991	0	0	0	0
HDL	UKBB	AFR	20	42	7140	671.955370903015	0	0	0	0
HDL	UKBB	AFR	20	48	6795	1981.28838658333	0	0	0	0
HDL	UKBB	AFR	20	54	6439	1073.54304552078	0	0	0	0
HDL	UKBB	AFR	20	59	8527	2225.35803985596	0	0	0	0
HDL	UKBB	AFR	20	62	4020	944.208422899246	0	0	0	0
HDL	UKBB	AFR	20	63	8612	1897.81966495514	0	0	0	0
HDL	UKBB	AFR	20	64	2195	605.268630981445	0	0	0	0
HDL	UKBB	AFR	20	65	4641	1329.8088850975	0	0	0	0
HDL	UKBB	AFR	20	67	3865	1025.46704673767	0	0	0	0
HDL	UKBB	AFR	20	68	1778	381.132099866867	0	0	0	0
HDL	UKBB	AFR	20	69	3626	562.568256855011	0	0	0	0
HDL	UKBB	AFR	20	70	2937	505.997901201248	0	0	0	0
HDL	UKBB	AFR	20	71	4333	650.810940265656	0	0	0	0
HDL	UKBB	AFR	20	72	1071	129.862818002701	0	0	0	0
HDL	UKBB	AFR	20	73	4029	1067.6085870266	0	0	0	0
HDL	UKBB	AFR	20	74	1900	286.448477745056	0	0	0	0
HDL	UKBB	AFR	20	75	2953	325.211427927017	0	0	0	0
HDL	UKBB	AFR	20	84	4269	1353.51632976532	0	0	0	0
HDL	UKBB	AFR	20	86	3123	922.225559711456	0	0	0	0
HDL	UKBB	AFR	20	93	6113	1846.2197933197	0	0	0	0
HDL	UKBB	AFR	20	99	3516	1134.18263173103	0	0	0	0
HDL	UKBB	AFR	20	114	4745	1168.12216973305	0	0	0	0
HDL	UKBB	AFR	20	115	3350	1025.76889133453	0	0	0	0
HDL	UKBB	AFR	21	2	932	158.882293462753	0	0	0	0
HDL	UKBB	AFR	21	3	1610	281.569159030914	0	0	0	0
HDL	UKBB	AFR	21	4	700	62.6166405677795	0	0	0	0
HDL	UKBB	AFR	21	30	8395	2024.37466287613	0	0	0	0
HDL	UKBB	AFR	21	37	4923	1182.84901642799	0	0	0	0
HDL	UKBB	AFR	21	41	7949	1820.74701499939	0	0	0	0
HDL	UKBB	AFR	21	45	5622	1859.12614631653	0	0	0	0
HDL	UKBB	AFR	21	53	2553	568.440021753311	0	0	0	0
HDL	UKBB	AFR	21	57	2058	397.5408244133	0	0	0	0
HDL	UKBB	AFR	21	62	1119	194.595913648605	0	0	0	0
HDL	UKBB	AFR	21	63	2499	504.757770776749	0	0	0	0
HDL	UKBB	AFR	21	64	4420	1461.68066596985	0	0	0	0
HDL	UKBB	AFR	22	13	2286	484.768248796463	0	0	0	0
HDL	UKBB	AFR	22	14	2369	544.509528160095	0	0	0	0
HDL	UKBB	AFR	22	24	4572	1454.03002500534	0	0	0	0
HDL	UKBB	AFR	22	26	1796	357.69251537323	0	0	0	0
HDL	UKBB	AFR	22	29	4308	1292.49951386452	0	0	0	0
HDL	UKBB	AFR	22	30	14235	1454.39915585518	0	0	0	0
HDL	UKBB	AFR	22	33	2982	770.100495815277	0	0	0	0
HDL	UKBB	AFR	22	37	3588	745.20179772377	0	0	0	0
HDL	UKBB	AFR	22	43	3662	1021.42026662827	0	0	0	0
HDL	UKBB	AFR	22	44	2537	471.827924728394	0	0	0	0
HDL	UKBB	AFR	22	45	3955	572.509222269058	0	0	0	0
HDL	UKBB	AFR	22	46	8992	3066.65483140945	0	0	0	0
HDL	UKBB	AFR	22	47	4742	1384.1298866272	0	0	0	0
HDL	UKBB	AFR	22	49	787	134.806688308716	0	0	0	0
HDL	UKBB	AFR	22	50	1065	201.235919952393	0	0	0	0
HDL	UKBB	AFR	22	54	2602	665.683041810989	0	0	0	0
HDL	UKBB	AFR	22	59	4685	1536.66320538521	0	0	0	0
HDL	UKBB	AFR	22	62	2473	563.983403205872	0	0	0	0
HDL	UKBB	AFR	22	64	1755	251.591634511948	0	0	0	0
HDL	UKBB	AFR	22	66	2791	673.647703647614	0	0	0	0
HDL	UKBB	AFR	22	70	5019	1629.91220235825	0	0	0	0
