pheno	db	pid	chromosome	block	num_variants	L	time	num_variants_0.95	num_variants_0.5	num_CS95	num_variants_CS95
HDL	META	EUR	1	1	475	5	11.1006441116333	0	1	0	0
HDL	META	EUR	1	2	805	5	2.10716366767883	0	0	1	36
HDL	META	EUR	1	3	507	5	1.99713158607483	0	0	0	0
HDL	META	EUR	1	5	1967	5	4.90207386016846	0	0	1	6
HDL	META	EUR	1	15	2777	5	15.3457357883453	0	0	0	0
HDL	META	EUR	1	17	3413	5	24.6631398200989	0	0	0	0
HDL	META	EUR	1	18	1470	5	3.94363737106323	0	1	0	0
HDL	META	EUR	1	19	2744	5	2068.08023643494	0	0	0	0
HDL	META	EUR	1	21	1765	5	3.64736914634705	0	0	1	49
HDL	META	EUR	1	23	1028	5	2.79233813285828	0	0	0	0
HDL	META	EUR	1	24	1164	5	3.44472575187683	0	0	1	4
HDL	META	EUR	1	35	3193	5	21.4622189998627	0	0	0	0
HDL	META	EUR	1	40	1290	5	4.04135704040527	0	0	0	0
HDL	META	EUR	1	43	901	5	2.54389214515686	0	0	1	15
HDL	META	EUR	1	44	697	5	1.6234872341156	1	1	2	10
HDL	META	EUR	1	46	2423	5	9.73860669136047	0	1	2	11
HDL	META	EUR	1	48	1267	5	4.34148144721985	2	2	2	2
HDL	META	EUR	1	49	1100	5	3.4532196521759	0	0	0	0
HDL	META	EUR	1	50	1895	5	5.37123441696167	0	0	0	0
HDL	META	EUR	1	51	1277	5	3.46973085403442	0	1	1	2
HDL	META	EUR	1	52	3236	5	2490.3580737114	0	0	3	36
HDL	META	EUR	1	53	3055	5	11.9728562831879	0	0	1	6
HDL	META	EUR	1	57	2050	5	6.94499516487122	0	0	1	24
HDL	META	EUR	1	63	2132	5	12.8859202861786	0	1	0	0
HDL	META	EUR	1	70	2607	5	2413.15151047707	0	0	2	19
HDL	META	EUR	1	71	2526	5	1018.58431482315	0	1	2	19
HDL	META	EUR	1	73	3340	5	23.7897119522095	1	1	3	23
HDL	META	EUR	1	74	3101	5	2557.79815006256	0	0	0	0
HDL	META	EUR	1	75	4105	5	66.953052520752	0	0	0	0
HDL	META	EUR	1	76	1916	5	5.44361710548401	0	0	0	0
HDL	META	EUR	1	80	1227	5	6.96343636512756	0	0	0	0
HDL	META	EUR	1	85	1278	5	5.28192567825317	0	0	1	7
HDL	META	EUR	1	87	1475	5	3.56033825874329	0	0	0	0
HDL	META	EUR	1	90	302	5	2.00867056846619	0	0	1	26
HDL	META	EUR	1	92	2654	5	16.9749972820282	0	0	0	0
HDL	META	EUR	1	94	681	5	2.65791201591492	0	1	2	24
HDL	META	EUR	1	96	2307	5	7.8077232837677	1	1	1	1
HDL	META	EUR	1	97	2826	5	37.5957338809967	0	0	1	48
HDL	META	EUR	1	98	2436	5	6.90341353416443	0	0	1	3
HDL	META	EUR	1	100	2249	5	512.391280889511	0	0	2	34
HDL	META	EUR	1	102	2085	5	20.3026382923126	0	0	0	0
HDL	META	EUR	1	105	5965	5	2207.48938250542	0	0	2	24
HDL	META	EUR	1	110	1108	5	2.93377208709717	0	0	0	0
HDL	META	EUR	1	113	1888	5	15.489902973175	0	0	0	0
HDL	META	EUR	1	117	1444	5	2.92350482940674	0	1	0	0
HDL	META	EUR	1	122	4195	5	116.508873462677	0	1	1	4
HDL	META	EUR	1	124	3865	5	94.2600638866425	0	0	1	24
HDL	META	EUR	1	125	4578	5	2647.00049710274	0	1	1	3
HDL	META	EUR	1	128	4125	5	49.5740950107574	0	0	0	0
HDL	META	EUR	1	129	1493	5	1692.40092682838	0	0	0	0
HDL	META	EUR	1	132	2639	5	17.44264960289	0	0	0	0
HDL	META	EUR	1	136	2621	5	19.9428415298462	0	0	1	10
HDL	META	EUR	1	138	3541	10	3220.53481483459	1	2	5	18
HDL	META	EUR	1	139	912	5	47.5535495281219	1	1	1	1
HDL	META	EUR	1	143	2254	5	18.8246359825134	0	1	1	12
HDL	META	EUR	1	153	2542	5	50.6992230415344	1	2	2	15
HDL	META	EUR	1	154	4038	5	3523.2030570507	0	0	1	4
HDL	META	EUR	1	156	2514	5	1769.99257302284	0	0	2	17
HDL	META	EUR	1	158	2657	5	396.475003242493	0	0	0	0
HDL	META	EUR	1	159	568	5	3.05299830436707	0	0	1	14
HDL	META	EUR	1	160	2231	5	7.34262108802795	0	0	1	6
HDL	META	EUR	1	168	3013	5	1414.34999275208	0	2	3	9
HDL	META	EUR	1	173	2436	5	37.9843323230743	0	0	0	0
HDL	META	EUR	1	181	3786	5	66.0217390060425	0	0	0	0
HDL	META	EUR	1	182	3638	5	68.0590298175812	0	0	3	43
HDL	META	EUR	1	183	3781	5	2281.4369456768	0	0	0	0
HDL	META	EUR	1	187	2604	5	2469.97771143913	0	0	2	24
HDL	META	EUR	1	189	1990	5	15.2786927223206	0	0	0	0
HDL	META	EUR	1	191	2762	5	16.2827930450439	0	0	1	7
HDL	META	EUR	1	192	2843	5	23.8160099983215	0	0	0	0
HDL	META	EUR	1	193	3226	5	37.8217718601227	0	0	1	13
HDL	META	EUR	1	201	2958	5	38.8677096366882	0	0	1	15
HDL	META	EUR	1	202	2929	5	44.5246829986572	0	0	1	13
HDL	META	EUR	1	203	2277	5	18.459493637085	0	0	1	10
HDL	META	EUR	1	204	2293	5	27.3359079360962	0	0	0	0
HDL	META	EUR	1	207	1727	5	20.3412392139435	0	0	1	15
HDL	META	EUR	1	208	2038	5	1658.83124947548	0	0	0	0
HDL	META	EUR	1	209	808	5	1055.10880994797	0	0	2	65
HDL	META	EUR	1	211	1439	5	3.50047063827515	0	1	1	5
HDL	META	EUR	1	213	1578	5	10.5472686290741	0	1	2	43
HDL	META	EUR	1	214	1412	5	736.553729534149	1	1	1	1
HDL	META	EUR	1	215	685	5	9.91628909111023	0	1	1	8
HDL	META	EUR	1	216	2969	5	38.2411937713623	0	1	0	0
HDL	META	EUR	1	218	566	5	4.5715913772583	0	0	0	0
HDL	META	EUR	1	221	2537	5	18.2475156784058	1	2	2	5
HDL	META	EUR	1	224	1806	5	96.17271733284	0	0	1	20
HDL	META	EUR	1	228	1428	5	12.545154094696	0	0	1	33
HDL	META	EUR	1	233	3506	5	1721.47326922417	0	1	1	4
HDL	META	EUR	1	234	4037	5	2288.8691136837	1	1	1	1
HDL	META	EUR	1	235	2641	5	46.9136834144592	0	0	1	20
HDL	META	EUR	1	238	5124	5	151.871060609818	0	1	2	27
HDL	META	EUR	1	239	1422	5	5.51902890205383	0	0	0	0
HDL	META	EUR	1	240	5344	5	171.358532905579	0	0	1	3
HDL	META	EUR	1	242	1366	5	1042.36862230301	1	1	2	20
HDL	META	EUR	1	243	1636	5	2479.54451918602	0	1	1	4
HDL	META	EUR	1	244	3432	5	2533.75578832626	0	0	1	3
HDL	META	EUR	1	252	1296	5	1833.9982483387	0	0	1	6
HDL	META	EUR	1	253	591	5	5.21563839912415	0	2	2	27
HDL	META	EUR	1	254	2253	5	2181.60317564011	0	0	0	0
HDL	META	EUR	1	255	1271	5	8.21453356742859	0	0	1	7
HDL	META	EUR	1	257	1483	5	6.1088228225708	0	0	0	0
HDL	META	EUR	1	264	1616	5	8.65130639076233	0	0	0	0
HDL	META	EUR	1	275	776	5	8.3724889755249	0	0	0	0
HDL	META	EUR	2	1	677	5	15.9297342300415	0	0	1	18
HDL	META	EUR	2	2	4278	5	120.554322004318	0	0	1	32
HDL	META	EUR	2	3	1721	5	14.5398182868958	0	0	0	0
HDL	META	EUR	2	4	1552	5	9.3475182056427	0	0	0	0
HDL	META	EUR	2	6	1496	5	958.02250623703	0	2	2	4
HDL	META	EUR	2	13	3796	5	74.1101880073547	0	0	0	0
HDL	META	EUR	2	28	678	5	4.55270099639893	0	0	1	16
HDL	META	EUR	2	40	3933	5	86.7197051048279	0	0	0	0
HDL	META	EUR	2	41	1765	5	222.47875213623	0	0	2	41
HDL	META	EUR	2	44	1710	5	1874.98005700111	1	1	3	25
HDL	META	EUR	2	45	3368	5	60.8266794681549	1	2	2	2
HDL	META	EUR	2	46	1609	5	16.0191051959991	0	0	1	12
HDL	META	EUR	2	47	4094	5	88.9555058479309	0	1	2	43
HDL	META	EUR	2	48	2464	5	19.5181875228882	0	0	3	70
HDL	META	EUR	2	49	3517	5	12.2230396270752	0	0	0	0
HDL	META	EUR	2	50	2239	5	34.1761121749878	0	0	1	33
HDL	META	EUR	2	51	2752	5	53.7264218330383	0	0	0	0
HDL	META	EUR	2	53	1812	5	23.5703065395355	0	0	1	19
HDL	META	EUR	2	55	6372	5	3512.09780192375	0	0	2	71
HDL	META	EUR	2	60	2429	5	16.7574903964996	0	0	0	0
HDL	META	EUR	2	62	1338	5	12.6633405685425	0	0	0	0
HDL	META	EUR	2	63	2406	5	28.7942667007446	0	0	0	0
HDL	META	EUR	2	66	5573	5	182.049401044846	0	0	0	0
HDL	META	EUR	2	67	5325	5	112.202179670334	0	0	0	0
HDL	META	EUR	2	68	909	5	11.0969295501709	0	1	1	4
HDL	META	EUR	2	69	3039	5	40.6145186424255	0	0	0	0
HDL	META	EUR	2	79	3859	5	2151.04641723633	0	1	2	6
HDL	META	EUR	2	80	6125	5	218.570539712906	0	0	0	0
HDL	META	EUR	2	84	8313	5	4510.81388163567	0	0	1	25
HDL	META	EUR	2	85	7488	5	4436.09333610535	0	0	1	10
HDL	META	EUR	2	86	3244	5	58.4889574050903	0	0	1	14
HDL	META	EUR	2	87	1230	5	1525.21930527687	0	0	0	0
HDL	META	EUR	2	88	9952	5	519.82431602478	0	0	0	0
HDL	META	EUR	2	89	2298	5	39.6420433521271	0	0	1	3
HDL	META	EUR	2	90	2008	5	10.0344619750977	0	0	1	14
HDL	META	EUR	2	97	2993	5	33.9331543445587	0	0	2	17
HDL	META	EUR	2	99	2040	5	31.2914366722107	0	0	0	0
HDL	META	EUR	2	100	2606	5	32.1535696983337	0	0	0	0
HDL	META	EUR	2	115	4151	5	1232.0306994915	0	0	1	10
HDL	META	EUR	2	117	2315	5	1674.46047949791	0	0	2	26
HDL	META	EUR	2	122	1858	5	1377.88078522682	0	0	2	56
HDL	META	EUR	2	124	2981	5	25.3774852752686	0	0	0	0
HDL	META	EUR	2	125	2496	5	38.2126407623291	0	0	0	0
HDL	META	EUR	2	128	4829	5	130.711260795593	0	1	0	0
HDL	META	EUR	2	130	672	5	6.788081407547	0	0	0	0
HDL	META	EUR	2	131	133	5	242.802035570145	0	1	1	2
HDL	META	EUR	2	132	539	5	3.67851734161377	0	0	1	13
HDL	META	EUR	2	138	4227	5	1795.21654009819	0	1	0	0
HDL	META	EUR	2	146	3041	5	1863.96055841446	0	0	0	0
HDL	META	EUR	2	147	5921	5	3271.12576770782	0	0	0	0
HDL	META	EUR	2	151	2626	5	20.010803937912	0	0	0	0
HDL	META	EUR	2	153	3944	5	51.6426291465759	0	0	1	15
HDL	META	EUR	2	154	1700	5	20.6509404182434	0	0	0	0
HDL	META	EUR	2	159	5511	5	204.229098796844	0	0	1	16
HDL	META	EUR	2	163	183	5	215.49575138092	0	1	2	17
HDL	META	EUR	2	164	835	5	8.49485850334167	1	2	2	2
HDL	META	EUR	2	166	6593	5	1499.25303697586	0	1	3	19
HDL	META	EUR	2	168	2735	5	2614.81555342674	0	1	0	0
HDL	META	EUR	2	171	4167	5	103.500099658966	0	0	0	0
HDL	META	EUR	2	175	165	5	4.06249523162842	0	0	1	8
HDL	META	EUR	2	176	3878	5	66.1601541042328	0	0	0	0
HDL	META	EUR	2	177	3260	5	61.9372837543488	0	1	2	12
HDL	META	EUR	2	180	2595	5	1229.70360517502	0	0	2	40
HDL	META	EUR	2	181	3981	5	62.738917350769	0	0	0	0
HDL	META	EUR	2	183	1721	5	14.9472594261169	0	1	0	0
HDL	META	EUR	2	184	4994	5	2578.58788871765	0	0	0	0
HDL	META	EUR	2	185	1496	5	9.27274489402771	0	1	1	4
HDL	META	EUR	2	186	4321	5	75.6760523319244	0	0	0	0
HDL	META	EUR	2	191	1009	5	6.73440742492676	0	0	0	0
HDL	META	EUR	2	195	6741	5	119.142294406891	0	0	0	0
HDL	META	EUR	2	197	3407	5	46.7627127170563	0	0	0	0
HDL	META	EUR	2	199	4138	5	73.3833992481232	0	0	2	60
HDL	META	EUR	2	202	631	5	8.09696888923645	0	1	0	0
HDL	META	EUR	2	205	2016	5	13.0779340267181	0	0	1	16
HDL	META	EUR	2	208	5299	5	117.499454975128	0	0	0	0
HDL	META	EUR	2	209	1040	5	9.8948860168457	1	1	1	1
HDL	META	EUR	2	210	1939	5	6.87887144088745	0	0	1	33
HDL	META	EUR	2	213	6677	5	163.970235586166	0	0	1	38
HDL	META	EUR	2	215	2090	5	10.0635402202606	0	1	1	13
HDL	META	EUR	2	217	1565	10	1389.94233012199	3	4	5	26
HDL	META	EUR	2	218	1276	5	883.701026201248	2	2	4	9
HDL	META	EUR	2	221	2472	5	23.8737399578094	0	0	1	14
HDL	META	EUR	2	227	1387	5	10.431957244873	0	0	0	0
HDL	META	EUR	2	228	2122	5	23.268527507782	0	0	1	28
HDL	META	EUR	2	230	1962	5	1932.46066045761	0	0	3	52
HDL	META	EUR	2	232	1616	5	7.58831214904785	0	0	1	5
HDL	META	EUR	2	233	773	5	7.18962860107422	0	0	1	4
HDL	META	EUR	2	234	2689	5	36.7186532020569	0	0	1	16
HDL	META	EUR	2	235	1452	5	8.50397729873657	0	0	2	19
HDL	META	EUR	2	237	2797	5	9.79485058784485	0	0	1	33
HDL	META	EUR	2	240	2646	5	27.0389604568481	0	0	0	0
HDL	META	EUR	2	247	1110	5	16.6136677265167	0	0	0	0
HDL	META	EUR	2	250	5095	5	88.0909049510956	0	1	0	0
HDL	META	EUR	2	251	1953	5	32.26091837883	0	1	1	10
HDL	META	EUR	2	256	2615	5	39.9357030391693	1	2	2	4
HDL	META	EUR	3	8	969	5	6.52642917633057	0	0	0	0
HDL	META	EUR	3	9	906	5	5.67030143737793	0	0	0	0
HDL	META	EUR	3	20	3306	5	40.7424333095551	0	0	0	0
HDL	META	EUR	3	23	2024	5	1358.19213008881	0	0	0	0
HDL	META	EUR	3	24	3407	5	2379.64341902733	0	0	2	25
HDL	META	EUR	3	25	498	5	8.88983464241028	0	0	0	0
HDL	META	EUR	3	28	221	5	4.42242527008057	0	0	1	16
HDL	META	EUR	3	30	3355	5	29.0355975627899	0	0	1	26
HDL	META	EUR	3	32	4121	5	46.6167364120483	0	0	0	0
HDL	META	EUR	3	34	1422	5	10.7515330314636	0	0	0	0
HDL	META	EUR	3	35	3479	5	67.928740978241	0	0	0	0
HDL	META	EUR	3	39	4431	5	78.5900514125824	0	0	1	27
HDL	META	EUR	3	40	2119	5	1535.19162654877	0	0	1	13
HDL	META	EUR	3	41	4368	5	94.6365628242493	0	1	0	0
HDL	META	EUR	3	42	3164	5	43.2884783744812	0	1	0	0
HDL	META	EUR	3	55	1712	5	90.8644578456879	0	0	2	17
HDL	META	EUR	3	59	3159	5	58.3069674968719	0	0	0	0
HDL	META	EUR	3	60	5643	5	236.847730875015	0	0	0	0
HDL	META	EUR	3	64	166	5	4.81900358200073	2	2	2	2
HDL	META	EUR	3	65	1391	5	6.25025725364685	0	0	0	0
HDL	META	EUR	3	71	3710	5	73.3308720588684	0	0	0	0
HDL	META	EUR	3	77	6378	5	198.878965139389	0	1	0	0
HDL	META	EUR	3	81	2178	5	8.34135580062866	0	0	0	0
HDL	META	EUR	3	83	4890	5	88.3253407478333	0	0	0	0
HDL	META	EUR	3	84	2296	5	26.7214217185974	0	1	1	8
HDL	META	EUR	3	85	2063	5	1075.55228686333	1	1	2	5
HDL	META	EUR	3	88	3030	5	53.1248149871826	0	0	1	23
HDL	META	EUR	3	89	3110	5	1531.87479496002	0	0	2	26
HDL	META	EUR	3	90	1837	5	17.2065765857697	0	0	0	0
HDL	META	EUR	3	105	2332	5	25.8531229496002	0	0	0	0
HDL	META	EUR	3	106	8149	5	365.969430923462	0	0	0	0
HDL	META	EUR	3	108	3061	5	68.3440783023834	0	0	0	0
HDL	META	EUR	3	109	5706	5	111.371969461441	0	1	2	8
HDL	META	EUR	3	112	3029	5	55.5046846866608	0	0	0	0
HDL	META	EUR	3	114	2342	5	36.6696169376373	0	0	2	16
HDL	META	EUR	3	119	4798	5	104.781226396561	0	0	0	0
HDL	META	EUR	3	120	2885	5	2074.89143133163	1	1	2	12
HDL	META	EUR	3	121	3572	5	72.6838662624359	0	0	0	0
HDL	META	EUR	3	123	1202	5	11.6230986118317	0	0	1	21
HDL	META	EUR	3	124	563	5	6.20082116127014	0	0	1	12
HDL	META	EUR	3	125	3127	5	46.8407828807831	0	0	0	0
HDL	META	EUR	3	127	3392	5	1185.36420893669	0	0	0	0
HDL	META	EUR	3	128	1684	5	25.3509471416473	0	0	1	52
HDL	META	EUR	3	129	1872	5	1067.76562523842	0	0	1	16
HDL	META	EUR	3	132	4330	5	86.8137307167053	0	0	1	6
HDL	META	EUR	3	134	1409	5	16.976820230484	0	0	0	0
HDL	META	EUR	3	135	2732	5	28.2832639217377	0	0	0	0
HDL	META	EUR	3	136	1720	5	10.0490005016327	0	1	0	0
HDL	META	EUR	3	140	3826	5	57.1927750110626	0	0	1	6
HDL	META	EUR	3	144	872	5	5.70836329460144	0	0	0	0
HDL	META	EUR	3	145	3522	5	2980.6789317131	0	0	0	0
HDL	META	EUR	3	146	1421	5	10.5233500003815	0	0	0	0
HDL	META	EUR	3	155	3136	5	47.7593784332275	1	2	2	2
HDL	META	EUR	3	158	3605	5	76.6621384620667	0	0	1	10
HDL	META	EUR	3	159	2895	5	44.3681457042694	0	0	1	23
HDL	META	EUR	3	161	4215	5	126.08066534996	0	1	1	3
HDL	META	EUR	3	162	4728	5	2345.76335120201	0	0	2	9
HDL	META	EUR	3	165	3097	5	64.9307255744934	0	0	2	28
HDL	META	EUR	3	170	2191	5	26.989109992981	0	0	0	0
HDL	META	EUR	3	171	2220	5	1777.82725524902	0	0	0	0
HDL	META	EUR	3	174	899	5	13.1830804347992	0	0	0	0
HDL	META	EUR	3	175	1113	5	11.9818441867828	1	1	1	1
HDL	META	EUR	3	179	2008	5	28.254088640213	0	0	1	29
HDL	META	EUR	3	183	1480	5	5.03474545478821	0	0	0	0
HDL	META	EUR	3	184	1960	5	26.953681230545	0	0	1	22
HDL	META	EUR	3	186	4150	5	101.427664756775	0	0	0	0
HDL	META	EUR	3	191	2202	5	32.5391523838043	0	1	2	13
HDL	META	EUR	3	193	3496	5	66.6395483016968	0	1	4	34
HDL	META	EUR	3	195	6818	5	198.430092811584	0	0	1	18
HDL	META	EUR	3	212	1210	5	10.3648152351379	0	0	0	0
HDL	META	EUR	3	214	3940	5	1720.45824456215	0	0	2	11
HDL	META	EUR	3	216	2042	5	31.4944982528687	0	0	0	0
HDL	META	EUR	4	1	9736	5	4958.54344153404	1	1	4	64
HDL	META	EUR	4	4	2520	5	36.1338741779327	1	1	1	1
HDL	META	EUR	4	10	563	5	9.87187957763672	0	0	0	0
HDL	META	EUR	4	21	5219	5	155.576213598251	0	0	0	0
HDL	META	EUR	4	32	3816	5	64.4082005023956	0	0	1	28
HDL	META	EUR	4	33	3820	5	69.9442644119263	0	0	0	0
HDL	META	EUR	4	37	1871	5	15.8329787254333	0	0	1	9
HDL	META	EUR	4	39	1952	5	26.4528443813324	0	0	0	0
HDL	META	EUR	4	42	533	5	1202.95338821411	0	1	1	4
HDL	META	EUR	4	54	7305	5	3373.63635253906	0	0	3	64
HDL	META	EUR	4	55	2676	5	28.2614078521729	0	0	1	13
HDL	META	EUR	4	63	6857	5	143.103679656982	0	1	1	2
HDL	META	EUR	4	64	4971	5	155.281675338745	0	0	0	0
HDL	META	EUR	4	66	2487	5	1731.03477168083	0	0	1	27
HDL	META	EUR	4	67	739	5	14.1352298259735	0	0	0	0
HDL	META	EUR	4	71	1330	5	14.6060326099396	0	0	1	6
HDL	META	EUR	4	79	2472	5	1855.67309904099	0	0	0	0
HDL	META	EUR	4	80	3472	5	2016.40791559219	0	2	3	20
HDL	META	EUR	4	87	4616	5	114.303246259689	0	1	2	15
HDL	META	EUR	4	94	1899	5	17.7284114360809	0	0	0	0
HDL	META	EUR	4	95	1195	5	4.61445021629333	0	0	1	27
HDL	META	EUR	4	101	3721	5	2991.67318201065	0	0	1	15
HDL	META	EUR	4	102	2174	5	1181.83921575546	0	0	2	32
HDL	META	EUR	4	103	1615	5	1810.1672077179	0	0	2	30
HDL	META	EUR	4	109	1493	5	12.1437027454376	0	0	1	31
HDL	META	EUR	4	113	4040	5	56.9027125835419	1	1	4	34
HDL	META	EUR	4	114	3621	10	1987.64747357368	3	5	5	8
HDL	META	EUR	4	115	1565	5	790.107170820236	2	2	2	2
HDL	META	EUR	4	116	2736	10	2602.83257222176	3	3	5	13
HDL	META	EUR	4	117	3505	5	38.7573747634888	1	2	2	6
HDL	META	EUR	4	121	2497	5	40.8431179523468	1	2	2	3
HDL	META	EUR	4	122	1079	5	7.2317807674408	1	1	1	1
HDL	META	EUR	4	123	743	5	5.86613607406616	0	0	1	22
HDL	META	EUR	4	124	4008	5	92.0788865089417	0	0	0	0
HDL	META	EUR	4	129	3568	5	60.8293817043304	0	0	1	20
HDL	META	EUR	4	130	3208	5	56.470846414566	0	0	0	0
HDL	META	EUR	4	134	5424	5	178.561044454575	0	0	0	0
HDL	META	EUR	4	136	4883	5	84.052565574646	0	0	0	0
HDL	META	EUR	4	146	2274	5	22.7320692539215	0	0	0	0
HDL	META	EUR	4	147	1447	5	4.65145111083984	0	0	1	15
HDL	META	EUR	4	149	2897	5	43.0140216350555	0	0	1	8
HDL	META	EUR	4	150	2998	5	35.9107098579407	0	0	1	34
HDL	META	EUR	4	151	1460	5	20.9988784790039	0	1	2	46
HDL	META	EUR	4	152	1369	5	9.37164640426636	0	0	0	0
HDL	META	EUR	4	153	3273	5	11.5920803546906	0	0	0	0
HDL	META	EUR	4	154	1277	5	15.0979990959167	0	0	1	9
HDL	META	EUR	4	156	4680	5	80.1955518722534	0	0	1	9
HDL	META	EUR	4	159	1316	5	309.00165271759	0	1	2	17
HDL	META	EUR	4	164	2585	5	37.637312412262	0	1	1	1
HDL	META	EUR	4	165	2469	5	13.354859828949	0	0	1	8
HDL	META	EUR	4	168	4523	5	128.966333389282	0	0	0	0
HDL	META	EUR	4	180	3256	5	42.3501901626587	0	0	0	0
HDL	META	EUR	4	182	755	5	6.22525930404663	0	0	1	5
HDL	META	EUR	4	184	1628	5	6.51404309272766	0	0	1	28
HDL	META	EUR	4	205	879	5	7.39872264862061	0	0	1	4
HDL	META	EUR	4	209	1770	5	13.3734962940216	0	0	1	18
HDL	META	EUR	5	1	3216	5	48.6825432777405	0	0	1	30
HDL	META	EUR	5	2	1003	5	5.25932788848877	0	0	1	3
HDL	META	EUR	5	9	1932	5	21.6090893745422	0	1	0	0
HDL	META	EUR	5	27	5391	5	120.859865188599	0	0	0	0
HDL	META	EUR	5	56	4089	5	74.4946851730347	0	0	0	0
HDL	META	EUR	5	57	3050	5	22.5582740306854	0	0	0	0
HDL	META	EUR	5	58	1379	5	12.6479799747467	0	0	0	0
HDL	META	EUR	5	60	1683	5	8.25796341896057	0	0	1	10
HDL	META	EUR	5	64	4036	5	2096.97789335251	0	0	3	28
HDL	META	EUR	5	66	2628	5	20.6237025260925	0	0	1	46
HDL	META	EUR	5	68	997	5	990.242261648178	1	1	3	11
HDL	META	EUR	5	69	1396	5	15.5467813014984	1	3	4	31
HDL	META	EUR	5	70	1369	5	9.54422211647034	0	0	0	0
HDL	META	EUR	5	71	4343	5	103.872363328934	0	0	0	0
HDL	META	EUR	5	72	4643	5	107.454394817352	0	0	0	0
HDL	META	EUR	5	75	3111	5	58.9522662162781	0	0	0	0
HDL	META	EUR	5	78	1166	5	13.9151911735535	1	1	1	1
HDL	META	EUR	5	80	2571	5	36.5399205684662	0	0	0	0
HDL	META	EUR	5	81	2477	5	3245.58165311813	0	0	0	0
HDL	META	EUR	5	82	1629	5	17.1858320236206	0	0	1	14
HDL	META	EUR	5	85	3467	5	61.8138980865479	1	1	2	6
HDL	META	EUR	5	88	1488	5	13.7835683822632	0	0	0	0
HDL	META	EUR	5	92	2158	5	29.3960015773773	0	0	1	52
HDL	META	EUR	5	93	1166	5	15.9882044792175	0	1	0	0
HDL	META	EUR	5	96	3423	5	72.0959067344666	0	0	0	0
HDL	META	EUR	5	97	2070	5	25.015376329422	0	1	1	2
HDL	META	EUR	5	102	4591	5	112.471472978592	0	0	0	0
HDL	META	EUR	5	104	2791	5	39.0837869644165	0	1	0	0
HDL	META	EUR	5	105	1366	5	7.80830597877502	0	0	1	4
HDL	META	EUR	5	108	1370	5	9.37139964103699	0	0	1	42
HDL	META	EUR	5	109	1787	5	12.9253919124603	0	0	1	10
HDL	META	EUR	5	114	9541	5	560.218265533447	0	0	0	0
HDL	META	EUR	5	116	3972	5	977.436264276505	0	0	0	0
HDL	META	EUR	5	117	2852	5	35.0505092144012	0	0	1	32
HDL	META	EUR	5	119	3567	5	20.2555940151215	0	0	1	47
HDL	META	EUR	5	120	3931	5	66.4722375869751	0	0	1	17
HDL	META	EUR	5	127	5610	5	153.361730337143	0	0	1	6
HDL	META	EUR	5	130	4239	5	96.6370787620544	0	0	1	66
HDL	META	EUR	5	132	1801	5	22.715991973877	0	0	0	0
HDL	META	EUR	5	133	2223	5	7.6345043182373	1	1	1	1
HDL	META	EUR	5	134	2286	5	25.0125825405121	0	0	0	0
HDL	META	EUR	5	136	4002	5	71.474561214447	0	0	1	15
HDL	META	EUR	5	142	2852	5	106.592923402786	0	0	3	38
HDL	META	EUR	5	144	3308	5	29.5062158107758	0	0	1	20
HDL	META	EUR	5	145	5023	5	116.54704284668	0	0	1	9
HDL	META	EUR	5	146	4200	5	1891.99311161041	0	0	2	87
HDL	META	EUR	5	147	1785	5	92.8059983253479	0	0	2	10
HDL	META	EUR	5	151	891	5	5.67324733734131	0	0	1	26
HDL	META	EUR	5	152	4922	5	142.719046592712	0	0	0	0
HDL	META	EUR	5	154	2461	5	35.0456891059875	0	0	0	0
HDL	META	EUR	5	156	2214	5	7.17769622802734	0	0	0	0
HDL	META	EUR	5	158	2032	5	28.4164555072784	0	1	1	2
HDL	META	EUR	5	160	1986	5	11.6218593120575	0	1	0	0
HDL	META	EUR	5	163	2201	5	12.8769018650055	0	0	2	24
HDL	META	EUR	5	167	2520	5	25.6146173477173	0	0	0	0
HDL	META	EUR	5	168	3146	5	1383.55128192902	0	0	3	21
HDL	META	EUR	5	181	989	5	5.02192854881287	0	0	0	0
HDL	META	EUR	5	189	1589	5	18.0834548473358	0	0	1	17
HDL	META	EUR	5	191	4409	5	2517.90436887741	0	0	0	0
HDL	META	EUR	5	193	983	5	5.83260202407837	0	0	0	0
HDL	META	EUR	5	194	1243	5	10.5573978424072	0	0	1	6
HDL	META	EUR	5	202	1904	5	826.516195297241	0	1	2	10
HDL	META	EUR	5	207	2649	5	9.2566249370575	0	0	1	13
HDL	META	EUR	5	208	1921	5	6.41976451873779	0	0	0	0
HDL	META	EUR	5	209	494	5	170.638711214066	1	2	3	29
HDL	META	EUR	5	210	310	5	9.26489877700806	1	1	1	1
HDL	META	EUR	6	18	519	5	6.01076793670654	0	1	0	0
HDL	META	EUR	6	19	2661	5	2118.38512897491	0	0	0	0
HDL	META	EUR	6	21	1829	5	12.46248960495	0	0	0	0
HDL	META	EUR	6	23	2241	5	26.5092041492462	0	0	1	7
HDL	META	EUR	6	29	2542	5	43.1049754619598	0	0	0	0
HDL	META	EUR	6	34	3063	5	42.2862915992737	0	0	0	0
HDL	META	EUR	6	36	1019	5	6.55805087089539	0	1	0	0
HDL	META	EUR	6	37	1401	5	5.03650975227356	0	0	2	17
HDL	META	EUR	6	38	990	5	7.57358860969543	0	0	0	0
HDL	META	EUR	6	39	4668	5	24.8385224342346	0	0	0	0
HDL	META	EUR	6	43	3006	5	1335.25400209427	0	0	2	53
HDL	META	EUR	6	49	640	5	3.32456851005554	0	1	1	8
HDL	META	EUR	6	50	4720	5	151.634630918503	0	0	0	0
HDL	META	EUR	6	51	5797	10	2820.81492900848	2	2	4	42
HDL	META	EUR	6	52	1845	5	966.106417894363	0	1	2	49
HDL	META	EUR	6	53	1679	5	20.7112174034119	0	0	0	0
HDL	META	EUR	6	55	1605	5	26.3554015159607	0	0	0	0
HDL	META	EUR	6	57	1842	5	17.6164410114288	0	0	0	0
HDL	META	EUR	6	58	3177	5	24.0052628517151	0	0	0	0
HDL	META	EUR	6	60	1711	5	1386.88247346878	0	0	3	59
HDL	META	EUR	6	63	2725	5	1845.20519185066	0	0	1	12
HDL	META	EUR	6	64	298	5	516.272865056992	1	1	2	10
HDL	META	EUR	6	68	678	5	12.607673406601	0	0	0	0
HDL	META	EUR	6	69	2777	5	13.3643758296967	0	0	1	20
HDL	META	EUR	6	71	10085	5	622.098237037659	0	0	0	0
HDL	META	EUR	6	73	459	5	7.42210149765015	0	0	1	10
HDL	META	EUR	6	76	5101	5	98.9205305576324	0	0	0	0
HDL	META	EUR	6	84	2529	5	36.5159299373627	0	0	1	16
HDL	META	EUR	6	85	6251	5	54.4669542312622	0	0	0	0
HDL	META	EUR	6	86	5993	5	2783.82863664627	0	0	0	0
HDL	META	EUR	6	88	8583	5	321.237350225449	0	0	1	39
HDL	META	EUR	6	90	692	5	10.8233687877655	0	1	0	0
HDL	META	EUR	6	94	4318	5	104.833034515381	0	0	0	0
HDL	META	EUR	6	97	2797	5	30.6537823677063	0	0	1	18
HDL	META	EUR	6	98	3487	5	43.4607834815979	0	0	1	4
HDL	META	EUR	6	101	3123	5	51.3086140155792	0	0	1	49
HDL	META	EUR	6	105	2926	5	22.4537382125854	0	0	0	0
HDL	META	EUR	6	106	2288	5	1436.57704305649	0	0	2	24
HDL	META	EUR	6	108	908	5	11.6458287239075	0	0	0	0
HDL	META	EUR	6	109	2459	5	2395.3120303154	0	0	2	22
HDL	META	EUR	6	115	6423	5	245.354564905167	0	0	2	21
HDL	META	EUR	6	116	4015	5	79.6195888519287	0	0	0	0
HDL	META	EUR	6	117	5487	5	144.472635746002	0	0	0	0
HDL	META	EUR	6	118	2402	5	28.1495048999786	0	0	0	0
HDL	META	EUR	6	124	4335	5	2495.4821126461	0	0	2	14
HDL	META	EUR	6	127	2207	5	17.7319295406342	0	0	1	15
HDL	META	EUR	6	128	3027	5	36.6680057048798	0	0	2	14
HDL	META	EUR	6	134	2088	5	1840.99322891235	0	0	1	14
HDL	META	EUR	6	137	1261	5	9.99577760696411	0	1	1	4
HDL	META	EUR	6	140	1925	5	6.0676794052124	0	0	1	6
HDL	META	EUR	6	146	1497	5	8.18547105789185	0	0	0	0
HDL	META	EUR	6	160	3092	5	2236.5447101593	0	0	1	4
HDL	META	EUR	6	161	2467	5	86.1312637329102	0	0	2	45
HDL	META	EUR	6	164	1471	5	13.6050786972046	0	0	0	0
HDL	META	EUR	6	167	2775	5	37.2841050624847	0	0	0	0
HDL	META	EUR	6	168	3828	5	42.7694749832153	0	0	0	0
HDL	META	EUR	6	169	6165	5	2337.39103507996	3	3	4	10
HDL	META	EUR	6	173	3068	5	51.4986441135406	0	0	1	36
HDL	META	EUR	6	175	1886	5	24.6184175014496	0	1	2	7
HDL	META	EUR	6	179	1770	5	25.0640935897827	0	0	1	14
HDL	META	EUR	6	182	2301	5	31.180451631546	0	0	1	22
HDL	META	EUR	6	183	1540	5	8.75972032546997	0	0	1	33
HDL	META	EUR	7	1	944	5	20.4920725822449	0	1	0	0
HDL	META	EUR	7	3	2245	5	2043.71721744537	1	1	2	3
HDL	META	EUR	7	12	4770	5	2453.1365609169	0	0	2	24
HDL	META	EUR	7	13	1869	5	24.2758502960205	0	0	1	9
HDL	META	EUR	7	21	664	5	4.41365361213684	0	0	0	0
HDL	META	EUR	7	25	3982	5	76.4722735881805	0	0	1	12
HDL	META	EUR	7	26	3822	5	78.7366323471069	0	0	0	0
HDL	META	EUR	7	31	2785	5	1658.07324051857	0	0	2	31
HDL	META	EUR	7	32	3241	5	2554.83701586723	0	0	1	3
HDL	META	EUR	7	33	4057	5	3029.78235387802	0	0	1	4
HDL	META	EUR	7	37	3537	5	69.2957906723022	0	1	0	0
HDL	META	EUR	7	39	2054	5	30.3497159481049	0	0	1	3
HDL	META	EUR	7	40	4761	5	132.979494333267	0	0	0	0
HDL	META	EUR	7	42	3185	5	53.6727697849274	1	1	3	18
HDL	META	EUR	7	43	4179	5	98.8218584060669	1	1	1	1
HDL	META	EUR	7	44	584	5	7.66649270057678	0	0	0	0
HDL	META	EUR	7	45	1344	5	6.05128073692322	0	0	1	5
HDL	META	EUR	7	46	582	5	9.27571129798889	0	0	0	0
HDL	META	EUR	7	48	651	5	3.78332734107971	0	1	1	6
HDL	META	EUR	7	49	2078	5	29.3247520923615	0	0	1	16
HDL	META	EUR	7	51	2152	5	33.7984461784363	0	0	0	0
HDL	META	EUR	7	53	1314	5	15.8540332317352	0	1	0	0
HDL	META	EUR	7	58	3206	5	1422.10651731491	0	0	3	28
HDL	META	EUR	7	62	1560	5	1976.5701713562	0	1	1	3
HDL	META	EUR	7	64	260	5	4.43152713775635	0	0	1	16
HDL	META	EUR	7	67	7818	5	308.874647378922	0	0	0	0
HDL	META	EUR	7	69	2140	5	21.3422281742096	0	0	1	23
HDL	META	EUR	7	72	5005	5	75.2922668457031	0	0	0	0
HDL	META	EUR	7	73	1099	5	1733.56390213966	0	0	1	4
HDL	META	EUR	7	74	1409	5	1838.02421379089	0	0	0	0
HDL	META	EUR	7	82	3240	5	36.9375741481781	0	0	0	0
HDL	META	EUR	7	85	3583	5	2142.53779029846	0	0	3	36
HDL	META	EUR	7	86	1233	5	10.1483323574066	0	0	1	25
HDL	META	EUR	7	87	386	5	829.697094917297	0	0	1	3
HDL	META	EUR	7	88	4074	5	95.0197279453278	1	1	1	1
HDL	META	EUR	7	89	2630	5	2020.54118871689	0	0	0	0
HDL	META	EUR	7	90	818	5	5.88789391517639	0	0	0	0
HDL	META	EUR	7	92	3030	5	43.6835663318634	0	0	1	7
HDL	META	EUR	7	93	1308	5	5.61503911018372	0	0	1	30
HDL	META	EUR	7	94	1818	5	8.97091197967529	0	0	0	0
HDL	META	EUR	7	95	1991	5	19.9795789718628	0	0	0	0
HDL	META	EUR	7	99	4186	5	124.686114549637	0	0	0	0
HDL	META	EUR	7	101	4149	5	103.329338550568	0	0	1	57
HDL	META	EUR	7	107	5761	5	226.486296653748	0	1	0	0
HDL	META	EUR	7	111	4103	5	3013.73165845871	0	0	0	0
HDL	META	EUR	7	113	3333	5	64.0418667793274	0	0	1	25
HDL	META	EUR	7	114	4938	5	86.6589949131012	0	0	0	0
HDL	META	EUR	7	119	2203	5	2384.84602499008	0	0	1	82
HDL	META	EUR	7	121	5422	5	118.609456062317	0	0	1	16
HDL	META	EUR	7	127	1008	5	11.03315782547	0	0	1	9
HDL	META	EUR	7	128	1041	5	282.379946708679	0	0	1	14
HDL	META	EUR	7	131	6152	5	123.545492172241	0	0	1	7
HDL	META	EUR	7	132	6103	5	149.076555252075	0	0	0	0
HDL	META	EUR	7	133	6062	5	3013.03415989876	0	0	1	4
HDL	META	EUR	7	134	1880	5	36.7162630558014	0	0	0	0
HDL	META	EUR	7	139	980	5	12.5307385921478	0	0	2	36
HDL	META	EUR	7	141	4535	5	50.2800977230072	0	0	0	0
HDL	META	EUR	7	143	1057	5	8.07621264457703	0	0	1	4
HDL	META	EUR	7	145	2058	5	21.1948602199554	0	0	1	28
HDL	META	EUR	7	146	1202	5	9.13463163375854	0	1	0	0
HDL	META	EUR	7	147	1412	5	18.5034191608429	0	0	0	0
HDL	META	EUR	7	160	1973	5	11.8257651329041	0	0	1	53
HDL	META	EUR	7	161	746	5	10.800847530365	0	0	0	0
HDL	META	EUR	7	162	5389	5	2119.19856572151	0	1	4	34
HDL	META	EUR	7	164	548	5	8.01380157470703	0	0	2	31
HDL	META	EUR	7	184	2682	5	46.7242608070374	0	0	0	0
HDL	META	EUR	7	187	3955	5	53.3089258670807	0	0	0	0
HDL	META	EUR	8	13	1007	5	8.89343738555908	0	0	0	0
HDL	META	EUR	8	17	2977	5	40.7969951629639	0	1	1	6
HDL	META	EUR	8	20	2522	5	48.9961965084076	0	0	0	0
HDL	META	EUR	8	21	2776	5	41.8472537994385	0	0	1	10
HDL	META	EUR	8	22	4739	5	112.695579528809	0	0	0	0
HDL	META	EUR	8	23	2500	5	21.886349439621	0	0	0	0
HDL	META	EUR	8	24	5390	5	168.717021942139	0	0	0	0
HDL	META	EUR	8	27	2103	5	6.63110852241516	0	1	0	0
HDL	META	EUR	8	29	5390	5	131.226289272308	0	0	1	9
HDL	META	EUR	8	30	1165	5	16.3567442893982	0	0	0	0
HDL	META	EUR	8	31	672	5	12.4153072834015	0	0	0	0
HDL	META	EUR	8	32	3733	5	2941.47980213165	1	1	1	1
HDL	META	EUR	8	33	3138	10	2552.31014299393	1	1	1	1
HDL	META	EUR	8	34	1633	5	19.4743180274963	0	0	0	0
HDL	META	EUR	8	35	1393	5	5.80507826805115	0	0	0	0
HDL	META	EUR	8	36	1030	5	69.008665561676	0	0	2	36
HDL	META	EUR	8	37	1430	5	8.86898636817932	0	1	0	0
HDL	META	EUR	8	39	2368	5	13.3845818042755	0	0	1	6
HDL	META	EUR	8	40	3008	5	50.1400682926178	0	0	1	3
HDL	META	EUR	8	42	3931	5	2187.86824178696	0	0	1	4
HDL	META	EUR	8	46	1175	5	5.00527429580688	0	0	0	0
HDL	META	EUR	8	48	2796	5	1931.94706821442	0	0	2	18
HDL	META	EUR	8	51	4306	5	77.5715367794037	0	0	1	9
HDL	META	EUR	8	53	2454	5	32.9201376438141	0	0	1	8
HDL	META	EUR	8	55	2255	5	2199.02366781235	0	0	1	5
HDL	META	EUR	8	69	4924	5	115.928555011749	0	0	1	21
HDL	META	EUR	8	70	5066	5	145.274024248123	0	0	0	0
HDL	META	EUR	8	71	3268	5	1893.1400167942	0	0	1	15
HDL	META	EUR	8	77	2964	5	43.7533173561096	0	0	2	19
HDL	META	EUR	8	78	661	5	8.75952982902527	0	0	1	13
HDL	META	EUR	8	80	1396	5	13.7334024906158	0	0	1	13
HDL	META	EUR	8	81	3108	5	44.7097826004028	0	0	0	0
HDL	META	EUR	8	84	6852	5	216.483541250229	0	0	0	0
HDL	META	EUR	8	88	3369	5	55.3048229217529	0	0	1	12
HDL	META	EUR	8	93	4143	5	82.8201506137848	0	0	0	0
HDL	META	EUR	8	94	2882	5	46.3685438632965	0	0	1	10
HDL	META	EUR	8	107	1071	5	12.6361725330353	0	0	2	15
HDL	META	EUR	8	108	5242	5	144.990479469299	0	0	3	40
HDL	META	EUR	8	109	4795	5	119.060136318207	0	0	2	32
HDL	META	EUR	8	110	4638	5	169.693871259689	0	0	1	23
HDL	META	EUR	8	112	3004	5	41.3748981952667	0	0	0	0
HDL	META	EUR	8	113	2229	5	21.106858253479	1	1	2	6
HDL	META	EUR	8	115	1833	5	13.9119989871979	0	0	0	0
HDL	META	EUR	8	118	1366	5	1180.08312773705	1	1	2	6
HDL	META	EUR	8	119	2173	5	46.9666028022766	0	0	0	0
HDL	META	EUR	8	124	1865	5	25.7811107635498	0	1	1	2
HDL	META	EUR	8	125	828	5	1611.43540143967	0	1	1	2
HDL	META	EUR	8	127	1992	5	14.2932193279266	0	0	0	0
HDL	META	EUR	8	130	1672	5	19.6382186412811	0	0	0	0
HDL	META	EUR	8	159	2198	5	2427.72431921959	0	1	1	5
HDL	META	EUR	8	160	2066	5	2435.20273661613	0	0	0	0
HDL	META	EUR	9	1	4451	5	78.6764163970947	0	1	1	4
HDL	META	EUR	9	4	2700	5	17.1077332496643	0	1	0	0
HDL	META	EUR	9	9	1939	5	29.6657032966614	0	0	1	7
HDL	META	EUR	9	12	2308	5	30.6001996994019	0	0	0	0
HDL	META	EUR	9	27	6999	5	2646.83294415474	0	0	3	57
HDL	META	EUR	9	31	3740	5	2702.85002088547	1	1	2	13
HDL	META	EUR	9	33	2547	5	30.3195862770081	0	0	2	13
HDL	META	EUR	9	36	2538	5	34.8720877170563	0	0	1	36
HDL	META	EUR	9	40	4726	5	65.7220141887665	0	0	0	0
HDL	META	EUR	9	48	630	5	3.63300585746765	0	0	1	8
HDL	META	EUR	9	49	7005	5	301.340814352036	0	0	0	0
HDL	META	EUR	9	50	3702	5	49.7749457359314	0	1	0	0
HDL	META	EUR	9	51	1481	5	12.3687024116516	0	0	1	13
HDL	META	EUR	9	53	4772	5	96.491571187973	0	0	0	0
HDL	META	EUR	9	56	3387	5	31.0537807941437	0	0	0	0
HDL	META	EUR	9	63	3966	5	98.6684498786926	0	0	0	0
HDL	META	EUR	9	78	1209	5	1717.79092097282	0	0	0	0
HDL	META	EUR	9	84	2430	5	26.2134799957275	0	0	0	0
HDL	META	EUR	9	85	2700	5	47.5123710632324	0	0	0	0
HDL	META	EUR	9	88	2200	5	36.6278810501099	1	1	2	14
HDL	META	EUR	9	91	1831	5	20.8845286369324	0	0	0	0
HDL	META	EUR	9	92	511	5	4.88984894752502	0	0	0	0
HDL	META	EUR	9	93	3084	5	44.307473897934	0	0	0	0
HDL	META	EUR	9	97	1400	5	20.6621816158295	0	0	1	28
HDL	META	EUR	9	98	4022	5	65.2812349796295	0	0	1	38
HDL	META	EUR	9	100	3623	5	62.8869478702545	0	0	0	0
HDL	META	EUR	9	102	3684	5	41.5518417358398	0	0	1	25
HDL	META	EUR	9	103	972	5	4.56801867485046	0	0	0	0
HDL	META	EUR	9	104	1166	5	5.38145446777344	0	0	0	0
HDL	META	EUR	9	105	832	5	5.36591458320618	0	0	0	0
HDL	META	EUR	9	106	3610	5	73.114691734314	0	1	1	3
HDL	META	EUR	9	107	939	5	10.0940871238708	0	0	0	0
HDL	META	EUR	9	109	4374	5	52.9246783256531	0	1	0	0
HDL	META	EUR	9	110	4425	10	5423.9007935524	2	3	4	14
HDL	META	EUR	9	111	194	5	328.635365247726	1	1	1	1
HDL	META	EUR	9	112	4250	10	4242.69134068489	1	1	2	11
HDL	META	EUR	9	113	2331	5	25.2731618881226	0	0	0	0
HDL	META	EUR	9	114	1532	5	6.86484146118164	0	1	1	2
HDL	META	EUR	9	115	4421	5	71.769779920578	0	0	0	0
HDL	META	EUR	9	116	2340	5	34.2953009605408	0	1	1	3
HDL	META	EUR	9	118	5303	5	156.991890192032	0	1	2	15
HDL	META	EUR	9	124	2007	5	2104.28094649315	0	1	0	0
HDL	META	EUR	9	129	2924	5	45.4398350715637	0	0	1	12
HDL	META	EUR	9	130	3032	5	10.7997806072235	0	0	0	0
HDL	META	EUR	9	134	4985	5	120.434172868729	0	0	2	62
HDL	META	EUR	9	136	2427	5	27.7394196987152	0	0	0	0
HDL	META	EUR	9	138	3792	5	3104.81630206108	0	0	1	55
HDL	META	EUR	9	140	5250	5	143.919652223587	0	0	1	22
HDL	META	EUR	9	141	739	5	11.411673784256	0	0	1	15
HDL	META	EUR	9	144	2015	5	24.2675657272339	0	0	1	9
HDL	META	EUR	9	148	1469	5	16.644695520401	0	0	1	7
HDL	META	EUR	9	149	1825	5	21.1386988162994	0	0	1	4
HDL	META	EUR	9	152	589	5	5.0086727142334	0	0	1	32
HDL	META	EUR	9	153	206	5	7.01893782615662	0	0	1	4
HDL	META	EUR	9	154	967	5	13.9574360847473	0	0	1	18
HDL	META	EUR	9	156	1897	5	5.51822757720947	0	1	0	0
HDL	META	EUR	9	162	1639	5	7.86323809623718	0	0	0	0
HDL	META	EUR	10	1	3271	5	52.4378325939178	0	0	0	0
HDL	META	EUR	10	9	248	5	8.2078595161438	0	0	1	4
HDL	META	EUR	10	11	1059	5	12.085372209549	0	0	1	23
HDL	META	EUR	10	13	2339	5	19.3104779720306	0	0	1	12
HDL	META	EUR	10	14	3294	5	58.1062955856323	0	0	0	0
HDL	META	EUR	10	20	138	5	2.46112704277039	1	1	1	1
HDL	META	EUR	10	22	2727	5	39.1339774131775	0	1	1	2
HDL	META	EUR	10	23	653	5	5.9241087436676	0	1	2	12
HDL	META	EUR	10	33	2094	5	1793.56862258911	0	0	0	0
HDL	META	EUR	10	40	1635	5	25.6221911907196	0	0	1	55
HDL	META	EUR	10	43	2325	5	555.157454252243	0	0	1	6
HDL	META	EUR	10	46	3651	5	60.6563494205475	0	0	1	15
HDL	META	EUR	10	48	4039	5	56.1580657958984	0	0	0	0
HDL	META	EUR	10	49	2603	5	17.9921970367432	0	0	0	0
HDL	META	EUR	10	52	3648	5	25.119152545929	0	0	0	0
HDL	META	EUR	10	54	5918	5	188.066573619843	0	0	0	0
HDL	META	EUR	10	60	4217	5	1448.31305670738	1	1	3	30
HDL	META	EUR	10	61	1598	5	2113.71863937378	0	1	1	7
HDL	META	EUR	10	64	693	5	1416.1704685688	0	0	0	0
HDL	META	EUR	10	67	1884	5	1217.09279537201	0	0	1	6
HDL	META	EUR	10	68	2005	5	11.8694515228271	0	0	1	14
HDL	META	EUR	10	70	3314	5	1467.82231831551	0	0	3	45
HDL	META	EUR	10	79	3565	5	61.2917392253876	1	1	1	1
HDL	META	EUR	10	80	3766	5	1496.74508047104	0	1	2	11
HDL	META	EUR	10	81	3855	5	69.982451915741	0	1	1	5
HDL	META	EUR	10	83	3132	5	73.7508087158203	0	0	0	0
HDL	META	EUR	10	85	1078	5	8.80259704589844	0	1	1	3
HDL	META	EUR	10	87	1892	5	15.1861336231232	0	0	1	22
HDL	META	EUR	10	92	5114	5	2685.8756518364	0	0	4	62
HDL	META	EUR	10	93	1039	5	12.7733812332153	0	0	0	0
HDL	META	EUR	10	100	1074	5	2386.61461091042	0	0	2	11
HDL	META	EUR	10	101	2711	5	22.203396320343	0	1	0	0
HDL	META	EUR	10	109	3316	5	60.4799513816833	0	0	0	0
HDL	META	EUR	10	113	2676	5	50.2330892086029	0	0	0	0
HDL	META	EUR	10	117	4409	10	4009.14499092102	1	1	5	71
HDL	META	EUR	10	124	840	5	7.23598074913025	0	0	1	7
HDL	META	EUR	10	126	3675	5	88.9983723163605	0	0	1	3
HDL	META	EUR	10	127	1162	5	3.96357560157776	0	0	0	0
HDL	META	EUR	10	128	314	5	7.83184933662415	1	1	1	1
HDL	META	EUR	10	129	4784	5	2042.36991453171	0	1	2	35
HDL	META	EUR	10	130	1465	5	4.78914403915405	0	0	0	0
HDL	META	EUR	10	137	3698	5	3594.50214719772	0	0	1	7
HDL	META	EUR	10	138	715	5	1365.33600497246	0	0	1	6
HDL	META	EUR	10	140	912	5	4.21135234832764	0	1	3	20
HDL	META	EUR	10	141	1939	5	18.3777787685394	0	0	0	0
HDL	META	EUR	10	142	1200	5	624.888669729233	0	0	2	9
HDL	META	EUR	10	143	3421	5	66.3366169929504	0	0	0	0
HDL	META	EUR	10	144	1463	5	9.53381419181824	0	0	1	8
HDL	META	EUR	10	145	1409	5	925.581643104553	0	1	0	0
HDL	META	EUR	10	150	3128	5	50.5821752548218	0	0	0	0
HDL	META	EUR	10	152	2179	5	2249.97715687752	0	0	3	36
HDL	META	EUR	10	153	2430	5	43.7057514190674	0	0	0	0
HDL	META	EUR	10	154	5118	5	185.213443279266	0	0	0	0
HDL	META	EUR	10	157	1932	5	17.7639715671539	0	0	2	26
HDL	META	EUR	10	162	1815	5	17.5274972915649	0	1	1	3
HDL	META	EUR	10	167	604	5	3.67380785942078	0	0	1	16
HDL	META	EUR	11	2	2424	5	937.509856700897	1	1	1	1
HDL	META	EUR	11	4	1623	5	7.55318331718445	0	0	0	0
HDL	META	EUR	11	6	413	5	3.38209128379822	0	0	0	0
HDL	META	EUR	11	7	1406	5	1536.28554034233	0	2	4	35
HDL	META	EUR	11	11	3016	5	28.4871466159821	0	0	0	0
HDL	META	EUR	11	18	5813	5	2716.45796728134	0	0	1	4
HDL	META	EUR	11	19	1267	5	906.79011964798	0	0	2	46
HDL	META	EUR	11	26	990	5	5.15779089927673	0	1	1	2
HDL	META	EUR	11	27	2571	5	2124.37872242928	0	0	3	32
HDL	META	EUR	11	28	2051	5	2645.30482912064	0	0	2	18
HDL	META	EUR	11	29	1378	5	5.9474983215332	0	1	0	0
HDL	META	EUR	11	30	1844	5	13.9725892543793	0	0	1	9
HDL	META	EUR	11	33	2365	5	34.8299658298492	0	0	1	10
HDL	META	EUR	11	51	2630	5	24.7767972946167	0	0	1	17
HDL	META	EUR	11	52	1538	5	18.6201441287994	0	0	1	8
HDL	META	EUR	11	53	3126	5	50.730785369873	0	0	1	16
HDL	META	EUR	11	54	2341	5	31.6126112937927	0	0	0	0
HDL	META	EUR	11	57	2378	5	16.1819934844971	0	0	2	34
HDL	META	EUR	11	65	2237	5	18.6954262256622	0	0	1	11
HDL	META	EUR	11	70	4378	5	3379.86821460724	0	0	0	0
HDL	META	EUR	11	75	1733	5	10.8002326488495	1	1	1	1
HDL	META	EUR	11	76	2126	5	3220.47583818436	0	1	1	5
HDL	META	EUR	11	77	2080	5	17.0692641735077	0	0	1	18
HDL	META	EUR	11	78	2159	5	24.2390608787537	1	1	2	15
HDL	META	EUR	11	79	4651	5	1953.53480672836	2	2	3	8
HDL	META	EUR	11	80	3140	5	3408.85478162766	0	0	1	12
HDL	META	EUR	11	81	2086	5	23.7094280719757	0	1	2	10
HDL	META	EUR	11	86	2976	5	1970.92691802979	0	0	1	26
HDL	META	EUR	11	88	3284	5	2534.58500862122	0	0	2	19
HDL	META	EUR	11	89	487	5	10.6828246116638	0	0	1	14
HDL	META	EUR	11	90	4910	5	2777.14684438705	0	0	1	6
HDL	META	EUR	11	100	3008	5	52.3397414684296	0	0	0	0
HDL	META	EUR	11	107	1153	5	7.75203800201416	0	1	1	3
HDL	META	EUR	11	108	971	5	792.223494768143	0	0	0	0
HDL	META	EUR	11	109	886	5	11.9273421764374	0	1	0	0
HDL	META	EUR	11	115	3059	5	38.0690288543701	0	1	0	0
HDL	META	EUR	11	117	5103	5	56.4575111865997	0	0	1	14
HDL	META	EUR	11	121	2578	5	8.5363597869873	0	0	1	11
HDL	META	EUR	11	123	1498	5	12.1386196613312	0	0	1	33
HDL	META	EUR	11	126	5288	5	127.766999721527	0	0	0	0
HDL	META	EUR	11	128	405	5	235.383378744125	2	4	3	4
HDL	META	EUR	11	129	2561	5	2759.78143167496	1	1	1	1
HDL	META	EUR	11	130	1344	5	855.700748920441	1	1	3	16
HDL	META	EUR	11	131	349	5	5.16244411468506	0	1	0	0
HDL	META	EUR	11	132	937	5	5.19004797935486	0	0	0	0
HDL	META	EUR	11	133	2265	5	2188.82715058327	0	0	3	73
HDL	META	EUR	11	134	3392	5	28.6691255569458	0	0	1	3
HDL	META	EUR	11	138	1575	5	10.4216723442078	0	0	0	0
HDL	META	EUR	11	140	1444	5	13.701630115509	0	1	1	4
HDL	META	EUR	11	141	516	5	8.61293458938599	0	1	0	0
HDL	META	EUR	11	142	3187	5	72.7480893135071	0	1	2	13
HDL	META	EUR	11	147	5013	5	3210.96865940094	0	0	4	39
HDL	META	EUR	11	148	1762	5	16.6117784976959	0	0	0	0
HDL	META	EUR	11	149	4262	5	140.452278852463	0	0	0	0
HDL	META	EUR	12	4	1517	5	7.40871167182922	0	0	1	9
HDL	META	EUR	12	8	897	5	15.8027882575989	0	1	0	0
HDL	META	EUR	12	9	302	5	5.97908616065979	1	1	1	1
HDL	META	EUR	12	12	975	5	14.2815115451813	0	1	0	0
HDL	META	EUR	12	17	1119	5	787.307953834534	1	2	4	15
HDL	META	EUR	12	18	2192	5	2214.09316730499	1	1	2	15
HDL	META	EUR	12	23	2982	5	3729.65907049179	1	1	1	1
HDL	META	EUR	12	24	764	5	6.12868094444275	0	0	1	8
HDL	META	EUR	12	25	2903	5	25.7487633228302	0	0	0	0
HDL	META	EUR	12	31	755	5	11.0500555038452	0	1	1	2
HDL	META	EUR	12	32	3018	5	40.516176700592	0	0	0	0
HDL	META	EUR	12	34	2015	5	36.0529215335846	0	1	0	0
HDL	META	EUR	12	35	964	5	1033.59901165962	0	0	0	0
HDL	META	EUR	12	36	1062	5	484.953974962234	0	0	0	0
HDL	META	EUR	12	38	3517	5	56.0300171375275	0	0	0	0
HDL	META	EUR	12	40	1522	5	2694.60526156425	1	1	1	1
HDL	META	EUR	12	41	928	5	8.45580291748047	0	1	2	10
HDL	META	EUR	12	42	4741	5	129.202236652374	0	0	0	0
HDL	META	EUR	12	45	2375	5	30.4255492687225	0	0	0	0
HDL	META	EUR	12	48	2951	5	23.7586951255798	0	0	1	8
HDL	META	EUR	12	49	3281	5	38.5446848869324	0	0	0	0
HDL	META	EUR	12	53	3632	5	50.0896866321564	0	0	0	0
HDL	META	EUR	12	59	3440	5	83.7237915992737	0	0	0	0
HDL	META	EUR	12	60	1719	5	17.3234755992889	0	1	1	2
HDL	META	EUR	12	61	1971	5	6.4166407585144	0	1	1	3
HDL	META	EUR	12	62	2153	5	2478.35970020294	0	1	0	0
HDL	META	EUR	12	63	2247	5	1641.21057200432	0	0	1	11
HDL	META	EUR	12	66	2834	5	9.99723100662231	0	0	1	7
HDL	META	EUR	12	67	1408	5	1567.74549746513	0	1	0	0
HDL	META	EUR	12	68	1050	5	3.75646686553955	0	0	1	9
HDL	META	EUR	12	69	2632	5	23.8741080760956	0	0	0	0
HDL	META	EUR	12	70	1294	5	14.6643285751343	0	0	1	8
HDL	META	EUR	12	71	3287	5	3635.66691660881	0	0	1	7
HDL	META	EUR	12	72	9077	5	161.978271007538	0	0	1	7
HDL	META	EUR	12	73	2784	5	17.9614803791046	0	0	1	8
HDL	META	EUR	12	77	1714	5	24.2981460094452	0	0	1	29
HDL	META	EUR	12	80	3777	5	64.7776582241058	0	0	2	61
HDL	META	EUR	12	81	673	5	8.43619823455811	0	0	1	7
HDL	META	EUR	12	82	3219	5	47.916535615921	0	0	0	0
HDL	META	EUR	12	94	3700	5	54.6341376304626	0	0	0	0
HDL	META	EUR	12	96	1819	5	1010.29811120033	0	0	0	0
HDL	META	EUR	12	97	4434	5	97.7853446006775	0	0	0	0
HDL	META	EUR	12	100	1641	5	10.261661529541	0	0	1	21
HDL	META	EUR	12	103	491	5	3.35895204544067	0	0	1	8
HDL	META	EUR	12	108	2704	5	22.7519865036011	0	0	0	0
HDL	META	EUR	12	110	3789	5	67.6626510620117	0	0	0	0
HDL	META	EUR	12	112	429	5	6.84243488311768	0	1	2	17
HDL	META	EUR	12	119	5292	5	3305.75357174873	0	0	1	29
HDL	META	EUR	12	120	1487	5	17.1732518672943	0	0	1	9
HDL	META	EUR	12	121	2016	5	23.9239230155945	0	0	2	25
HDL	META	EUR	12	122	4139	5	2234.0283908844	1	2	2	5
HDL	META	EUR	12	123	1543	5	7.14693522453308	0	1	0	0
HDL	META	EUR	12	125	2996	5	26.8973731994629	0	0	2	17
HDL	META	EUR	12	129	2090	5	40.1744356155396	0	0	1	20
HDL	META	EUR	12	132	2535	5	531.090971469879	1	1	3	14
HDL	META	EUR	12	138	4467	5	60.9977605342865	0	1	1	2
HDL	META	EUR	12	139	6082	10	6027.84207558632	2	2	8	59
HDL	META	EUR	12	140	1247	5	2564.51933455467	1	1	1	1
HDL	META	EUR	12	141	1741	5	1416.67560315132	1	2	3	11
HDL	META	EUR	12	154	656	5	4.62118864059448	0	1	1	1
HDL	META	EUR	12	156	774	5	11.224137544632	0	0	0	0
HDL	META	EUR	12	163	1050	5	10.502445936203	0	1	1	4
HDL	META	EUR	13	1	3175	5	37.591616153717	0	1	1	1
HDL	META	EUR	13	8	2491	5	36.8772048950195	0	0	1	13
HDL	META	EUR	13	16	2501	5	43.5467925071716	0	0	1	21
HDL	META	EUR	13	18	882	5	6.55377554893494	1	1	2	6
HDL	META	EUR	13	20	2400	5	29.0147445201874	0	0	0	0
HDL	META	EUR	13	21	3342	5	35.9175958633423	0	0	1	7
HDL	META	EUR	13	23	1008	5	2.72446608543396	0	0	1	19
HDL	META	EUR	13	25	1238	5	12.666309595108	0	0	1	12
HDL	META	EUR	13	38	643	5	6.02193903923035	0	0	0	0
HDL	META	EUR	13	40	1990	5	20.9864029884338	0	0	1	5
HDL	META	EUR	13	45	2387	5	46.0817685127258	0	0	1	13
HDL	META	EUR	13	47	1535	5	5.75011777877808	0	0	1	28
HDL	META	EUR	13	50	4969	5	140.815977573395	0	0	2	15
HDL	META	EUR	13	52	3387	5	53.9694216251373	0	0	1	7
HDL	META	EUR	13	54	8443	5	528.057438135147	0	0	2	64
HDL	META	EUR	13	55	3715	5	78.884263753891	0	0	0	0
HDL	META	EUR	13	57	6670	5	210.543497562408	0	0	0	0
HDL	META	EUR	13	58	4825	5	103.896291255951	0	0	0	0
HDL	META	EUR	13	60	2968	5	41.8924708366394	0	0	0	0
HDL	META	EUR	13	61	1686	5	9.48461675643921	0	0	0	0
HDL	META	EUR	13	70	2949	5	58.6900050640106	0	1	0	0
HDL	META	EUR	13	72	2215	5	14.954076051712	0	0	0	0
HDL	META	EUR	13	73	2808	5	11.533097743988	0	0	0	0
HDL	META	EUR	13	80	982	5	3.48219180107117	0	0	1	3
HDL	META	EUR	13	82	2535	5	7.8338840007782	0	0	1	27
HDL	META	EUR	13	88	1109	5	7.96756958961487	0	0	1	28
HDL	META	EUR	13	94	2879	5	34.4693837165833	0	0	0	0
HDL	META	EUR	13	96	1137	5	15.3136515617371	0	1	1	2
HDL	META	EUR	13	111	908	5	8.35216975212097	1	1	2	11
HDL	META	EUR	13	119	3049	5	50.8800797462463	0	0	1	21
HDL	META	EUR	13	124	376	5	4.95434308052063	1	1	1	1
HDL	META	EUR	13	125	2479	5	1783.79746341705	0	0	0	0
HDL	META	EUR	14	1	1791	5	14.5890471935272	0	1	1	5
HDL	META	EUR	14	6	686	5	7.19350624084473	0	0	0	0
HDL	META	EUR	14	14	4239	5	75.2706971168518	0	0	0	0
HDL	META	EUR	14	19	2942	5	2008.9505648613	0	0	0	0
HDL	META	EUR	14	24	1240	5	6.64963841438293	1	1	2	13
HDL	META	EUR	14	31	3481	5	44.754246711731	0	0	0	0
HDL	META	EUR	14	35	3540	5	55.0045578479767	0	0	0	0
HDL	META	EUR	14	46	1828	5	875.135464191437	1	1	3	20
HDL	META	EUR	14	47	3133	5	51.0163266658783	0	0	1	48
HDL	META	EUR	14	49	1634	5	21.5204086303711	0	1	1	2
HDL	META	EUR	14	64	1369	5	14.8675892353058	0	0	1	29
HDL	META	EUR	14	67	2982	5	34.4683787822723	1	1	2	13
HDL	META	EUR	14	68	2190	5	34.3355095386505	0	0	1	22
HDL	META	EUR	14	70	3586	5	55.3217749595642	0	0	0	0
HDL	META	EUR	14	72	4150	5	3409.72583985329	0	1	1	2
HDL	META	EUR	14	73	2056	5	1321.3946928978	0	0	1	24
HDL	META	EUR	14	80	644	5	6.78095650672913	0	0	1	7
HDL	META	EUR	14	81	3697	5	66.6636114120483	0	0	0	0
HDL	META	EUR	14	84	1300	5	15.7822568416595	0	0	1	15
HDL	META	EUR	14	86	2012	5	23.8125288486481	0	0	2	13
HDL	META	EUR	14	93	2999	5	56.3570988178253	0	0	0	0
HDL	META	EUR	14	95	1061	5	1485.81068897247	0	0	1	5
HDL	META	EUR	14	97	1995	5	29.8710572719574	0	0	0	0
HDL	META	EUR	14	100	2770	5	32.9813435077667	0	0	1	28
HDL	META	EUR	14	103	3020	5	1263.02467536926	0	0	0	0
HDL	META	EUR	14	117	2379	5	31.3861808776855	0	0	0	0
HDL	META	EUR	14	121	3164	5	2086.67752170563	0	0	3	31
HDL	META	EUR	14	122	909	5	3.38855910301208	0	0	0	0
HDL	META	EUR	14	126	3870	5	1821.96986818314	0	0	0	0
HDL	META	EUR	14	128	1456	5	10.242938041687	0	1	0	0
HDL	META	EUR	14	129	1575	5	1837.65994644165	0	0	2	15
HDL	META	EUR	15	4	667	5	12.5595831871033	0	0	1	7
HDL	META	EUR	15	10	1160	5	5.00397443771362	0	0	1	10
HDL	META	EUR	15	22	3737	5	79.5574924945831	0	1	1	2
HDL	META	EUR	15	27	1360	5	1578.25507044792	0	0	0	0
HDL	META	EUR	15	28	2094	5	33.2478151321411	0	0	1	52
HDL	META	EUR	15	29	1580	5	17.3523607254028	0	0	0	0
HDL	META	EUR	15	31	5061	5	48.5356991291046	0	0	0	0
HDL	META	EUR	15	34	869	5	9.35371804237366	0	0	1	8
HDL	META	EUR	15	35	2527	5	21.798150062561	0	1	0	0
HDL	META	EUR	15	37	3613	5	193.052860498428	1	2	2	11
HDL	META	EUR	15	38	3974	5	2548.75484776497	0	1	1	2
HDL	META	EUR	15	39	2799	5	28.745055437088	0	1	0	0
HDL	META	EUR	15	40	827	5	8.99625420570374	0	0	1	28
HDL	META	EUR	15	41	2966	5	33.7441973686218	0	0	0	0
HDL	META	EUR	15	45	6260	5	3593.98416924477	0	1	0	0
HDL	META	EUR	15	46	1860	5	31.9874775409698	0	1	0	0
HDL	META	EUR	15	48	5608	5	189.237612009048	0	0	0	0
HDL	META	EUR	15	50	2806	5	43.0396826267242	0	0	2	113
HDL	META	EUR	15	51	2103	5	23.6910333633423	0	1	0	0
HDL	META	EUR	15	52	2006	5	1012.40191555023	1	1	1	1
HDL	META	EUR	15	53	388	15	373.147464036942	3	4	7	18
HDL	META	EUR	15	54	2144	10	2126.27978253365	0	1	5	115
HDL	META	EUR	15	55	1288	5	5.60848093032837	1	1	2	33
HDL	META	EUR	15	56	2319	5	22.5011699199677	0	0	0	0
HDL	META	EUR	15	59	4793	5	11.3228707313538	0	2	2	7
HDL	META	EUR	15	62	5497	5	2091.26720833778	0	0	2	37
HDL	META	EUR	15	64	1729	5	9.38998317718506	0	0	0	0
HDL	META	EUR	15	66	2999	5	56.8223819732666	0	0	1	21
HDL	META	EUR	15	70	1353	5	20.4255294799805	0	0	0	0
HDL	META	EUR	15	71	174	5	55.9901282787323	0	0	1	5
HDL	META	EUR	15	73	1194	5	10.0602943897247	0	0	1	27
HDL	META	EUR	15	76	5570	5	142.62800860405	0	0	0	0
HDL	META	EUR	15	79	3313	5	71.3037567138672	0	1	0	0
HDL	META	EUR	15	86	2018	5	20.9012789726257	0	1	0	0
HDL	META	EUR	15	88	1595	5	13.1390323638916	0	0	0	0
HDL	META	EUR	15	90	2287	5	27.2950627803802	0	1	0	0
HDL	META	EUR	15	98	1314	5	16.6660981178284	0	0	0	0
HDL	META	EUR	15	102	2324	5	35.8979544639587	0	0	1	4
HDL	META	EUR	15	108	952	5	5.30456686019897	0	1	1	2
HDL	META	EUR	15	111	1688	5	5.28785181045532	0	0	1	25
HDL	META	EUR	15	117	1037	5	11.8350977897644	0	0	1	17
HDL	META	EUR	15	118	695	5	2.7389988899231	0	0	1	2
HDL	META	EUR	16	2	830	5	2.38416337966919	1	1	1	1
HDL	META	EUR	16	4	3070	5	39.5928339958191	0	0	1	9
HDL	META	EUR	16	5	1217	5	8.81939435005188	1	3	2	3
HDL	META	EUR	16	7	2010	5	16.1569674015045	0	0	2	12
HDL	META	EUR	16	9	2853	5	203.80589222908	0	0	2	48
HDL	META	EUR	16	10	1551	5	11.5787491798401	0	0	0	0
HDL	META	EUR	16	30	181	5	8.05717349052429	0	0	1	26
HDL	META	EUR	16	31	2652	5	1559.47925114632	0	0	2	35
HDL	META	EUR	16	33	4303	5	1405.20358633995	0	0	0	0
HDL	META	EUR	16	37	3195	5	9.53299951553345	0	1	1	2
HDL	META	EUR	16	41	2204	5	21.1969385147095	0	0	1	16
HDL	META	EUR	16	42	254	5	3.30887627601624	0	0	1	16
HDL	META	EUR	16	43	1971	5	12.7455794811249	0	0	0	0
HDL	META	EUR	16	47	1842	5	9.7153332233429	0	0	1	34
HDL	META	EUR	16	49	1903	5	25.638304948806802	0	0	1	22
HDL	META	EUR	16	52	2233	5	26.2561614513397	0	0	0	0
HDL	META	EUR	16	57	465	5	12.1618461608887	0	0	1	45
HDL	META	EUR	16	58	1467	5	23.0891954898834	0	0	1	26
HDL	META	EUR	16	59	1749	5	2657.74051833153	0	0	3	52
HDL	META	EUR	16	62	1745	5	5.13815021514893	0	0	1	7
HDL	META	EUR	16	65	1652	5	22.9381048679352	0	1	0	0
HDL	META	EUR	16	67	1206	5	5.61615443229675	0	1	0	0
HDL	META	EUR	16	68	1899	5	1330.24901866913	0	0	2	24
HDL	META	EUR	16	69	1354	5	2.13487076759338	0	0	1	20
HDL	META	EUR	16	73	1544	5	5.21062660217285	0	1	0	0
HDL	META	EUR	16	74	509	5	1186.70616769791	1	1	1	1
HDL	META	EUR	16	75	3134	5	2318.67202877998	1	1	1	1
HDL	META	EUR	16	76	2149	10	3497.23904132843	1	1	1	1
HDL	META	EUR	16	77	808	5	12.0909810066223	0	0	0	0
HDL	META	EUR	16	79	1389	5	5.39159178733826	0	0	0	0
HDL	META	EUR	16	86	1334	5	7.82813286781311	0	1	1	3
HDL	META	EUR	16	87	321	5	7.17821478843689	0	1	0	0
HDL	META	EUR	16	88	5293	10	5380.37213850021	1	1	1	1
HDL	META	EUR	16	89	6671	5	3547.36032342911	0	0	4	113
HDL	META	EUR	16	91	1637	5	22.0597887039185	0	1	1	2
HDL	META	EUR	16	93	4997	5	3135.10654187202	0	0	2	49
HDL	META	EUR	16	94	5723	5	162.375286817551	0	0	0	0
HDL	META	EUR	16	103	7032	5	234.552863359451	0	1	1	2
HDL	META	EUR	16	104	2122	5	545.447452306747	1	1	1	1
HDL	META	EUR	16	105	1820	5	7.24269843101501	0	0	0	0
HDL	META	EUR	16	106	3134	5	24.442572593689	0	0	0	0
HDL	META	EUR	16	107	2471	5	42.8410995006561	0	0	0	0
HDL	META	EUR	16	111	1768	5	3.06142449378967	0	0	0	0
HDL	META	EUR	16	114	1372	5	795.191289901733	1	1	1	1
HDL	META	EUR	16	116	1807	5	1493.3844408989	1	1	4	47
HDL	META	EUR	16	125	1612	5	787.293714284897	0	0	1	21
HDL	META	EUR	16	126	388	5	3.85129380226135	0	0	1	4
HDL	META	EUR	16	128	5548	5	178.018534421921	0	0	0	0
HDL	META	EUR	17	3	1773	5	15.6176764965057	0	0	1	9
HDL	META	EUR	17	7	1273	5	3.86138129234314	0	0	1	29
HDL	META	EUR	17	9	3294	5	11.9315116405487	0	0	0	0
HDL	META	EUR	17	14	1673	5	15.0047538280487	0	0	1	5
HDL	META	EUR	17	23	1110	5	563.675936460495	1	2	3	26
HDL	META	EUR	17	24	2006	5	1450.138630867	1	1	2	9
HDL	META	EUR	17	25	1995	5	15.2665190696716	0	1	1	11
HDL	META	EUR	17	30	432	5	5.58851742744446	0	0	1	10
HDL	META	EUR	17	49	1291	5	13.7586035728455	0	1	0	0
HDL	META	EUR	17	51	4130	5	2052.20480442047	0	1	4	52
HDL	META	EUR	17	55	5203	5	3092.90005874634	0	0	3	86
HDL	META	EUR	17	66	391	5	0.541561841964722	0	0	1	38
HDL	META	EUR	17	68	1461	5	5.5053129196167	0	0	0	0
HDL	META	EUR	17	71	2409	5	3809.38442349434	0	1	1	4
HDL	META	EUR	17	72	2611	5	18.7380197048187	0	1	0	0
HDL	META	EUR	17	73	3959	10	156.764929056168	2	3	6	27
HDL	META	EUR	17	74	4598	5	720.454655647278	2	2	4	28
HDL	META	EUR	17	75	3634	5	1267.85807943344	0	0	3	47
HDL	META	EUR	17	76	1917	5	1689.08621788025	0	0	0	0
HDL	META	EUR	17	78	715	5	3.78314447402954	0	0	1	4
HDL	META	EUR	17	85	3150	5	71.0953724384308	0	1	1	2
HDL	META	EUR	17	87	1465	5	3.85394263267517	0	0	1	5
HDL	META	EUR	17	90	3772	5	1166.83238577843	0	0	1	21
HDL	META	EUR	17	93	2340	5	14.1785230636597	0	1	0	0
HDL	META	EUR	17	94	2246	5	1592.43907546997	0	0	0	0
HDL	META	EUR	17	97	3242	5	31.6249358654022	0	0	0	0
HDL	META	EUR	17	98	1706	5	16.9083788394928	1	1	2	35
HDL	META	EUR	17	99	385	5	3.17766571044922	0	0	1	4
HDL	META	EUR	17	100	1809	5	11.1732122898102	0	0	1	31
HDL	META	EUR	17	101	1406	5	1607.78757786751	0	0	3	16
HDL	META	EUR	17	102	999	5	4.27863812446594	1	2	4	48
HDL	META	EUR	17	103	1252	5	9.32892537117004	2	2	2	2
HDL	META	EUR	17	105	2163	5	30.0003528594971	0	0	0	0
HDL	META	EUR	17	108	419	5	3.2357165813446	0	0	1	5
HDL	META	EUR	17	109	576	5	7.93630433082581	0	0	0	0
HDL	META	EUR	17	117	2272	5	7.18906807899475	0	0	2	28
HDL	META	EUR	17	118	2133	5	568.176505565643	0	0	3	28
HDL	META	EUR	17	125	3142	5	1428.98832678795	0	0	2	71
HDL	META	EUR	17	133	1824	5	1436.24618148804	0	0	0	0
HDL	META	EUR	18	1	1234	5	897.875052928925	0	0	2	32
HDL	META	EUR	18	7	2022	5	20.5964102745056	1	1	1	1
HDL	META	EUR	18	8	1756	5	11.0347266197205	0	0	0	0
HDL	META	EUR	18	27	865	5	6.27685284614563	0	0	1	18
HDL	META	EUR	18	28	2098	5	12.1060945987701	0	0	1	39
HDL	META	EUR	18	39	4240	5	100.218731880188	0	0	0	0
HDL	META	EUR	18	41	4561	5	128.893099308014	0	0	2	86
HDL	META	EUR	18	42	3062	5	46.8603241443634	0	0	3	43
HDL	META	EUR	18	44	2337	5	31.7698273658752	0	0	1	8
HDL	META	EUR	18	46	2977	5	11.3654458522797	0	1	0	0
HDL	META	EUR	18	49	3843	5	1680.99007701874	0	0	1	26
HDL	META	EUR	18	52	2264	5	2.05221009254456	0	0	1	5
HDL	META	EUR	18	53	3181	5	11.6297450065613	0	0	1	23
HDL	META	EUR	18	58	3410	5	3.64083909988403	0	0	1	33
HDL	META	EUR	18	59	4288	5	11.856244802475	0	1	0	0
HDL	META	EUR	18	60	3711	5	22.5285758972168	0	0	1	17
HDL	META	EUR	18	61	3389	5	57.136479139328	0	0	0	0
HDL	META	EUR	18	62	3562	5	54.1241137981415	0	0	0	0
HDL	META	EUR	18	65	3226	5	28.0643734931946	0	0	0	0
HDL	META	EUR	18	66	1020	5	4.30032873153687	0	1	1	3
HDL	META	EUR	18	67	1403	5	8.2985668182373	0	0	0	0
HDL	META	EUR	18	68	409	5	3.28264117240906	0	1	1	1
HDL	META	EUR	18	69	5202	5	1288.22990274429	0	1	1	2
HDL	META	EUR	18	73	3911	5	1290.08711767197	0	0	3	99
HDL	META	EUR	18	74	5055	5	184.638411998749	0	0	0	0
HDL	META	EUR	18	76	2336	5	14.6503572463989	0	1	0	0
HDL	META	EUR	18	79	1075	5	1723.52192115784	0	2	3	17
HDL	META	EUR	18	80	2034	5	28.4150719642639	1	1	1	1
HDL	META	EUR	18	82	4194	5	3959.13477039337	0	0	2	27
HDL	META	EUR	18	84	748	5	6.8652195930481	0	0	1	19
HDL	META	EUR	18	86	123	5	4.19010853767395	1	1	1	1
HDL	META	EUR	19	5	267	5	30.7286326885223	0	0	0	0
HDL	META	EUR	19	6	1464	5	7.50680637359619	0	1	1	4
HDL	META	EUR	19	10	1010	5	0.785555362701416	0	0	0	0
HDL	META	EUR	19	11	1552	5	3.64098191261292	0	0	0	0
HDL	META	EUR	19	12	928	5	3.61714339256287	0	0	0	0
HDL	META	EUR	19	16	820	5	8.94569683074951	0	1	1	2
HDL	META	EUR	19	19	645	5	1022.9367723465	2	2	3	6
HDL	META	EUR	19	22	2391	5	17.5155725479126	0	1	1	3
HDL	META	EUR	19	25	1601	5	13.0626831054688	0	0	1	7
HDL	META	EUR	19	29	1371	5	867.362994194031	0	0	2	17
HDL	META	EUR	19	30	1224	5	1.92662572860718	0	0	2	18
HDL	META	EUR	19	32	1781	5	884.919095754623	1	2	3	9
HDL	META	EUR	19	33	801	5	1337.84632515907	0	1	3	14
HDL	META	EUR	19	34	815	5	5.21905636787415	1	2	2	3
HDL	META	EUR	19	37	2554	10	1908.15883898735	1	3	3	8
HDL	META	EUR	19	38	605	5	2.74738740921021	1	3	3	11
HDL	META	EUR	19	39	3506	5	55.150315284729	0	0	0	0
HDL	META	EUR	19	47	1903	5	16.2223088741302	0	0	1	7
HDL	META	EUR	19	50	469	5	3.68565940856934	0	0	1	11
HDL	META	EUR	19	51	1314	5	4.44386601448059	0	0	1	11
HDL	META	EUR	19	52	1628	5	2.98329544067383	2	2	3	14
HDL	META	EUR	19	57	2419	5	2.20709443092346	0	0	0	0
HDL	META	EUR	19	58	1382	5	2.38355326652527	0	0	1	17
HDL	META	EUR	19	61	2658	5	6.05347728729248	0	0	0	0
HDL	META	EUR	19	63	1427	5	1544.30562114716	0	0	1	4
HDL	META	EUR	19	64	3913	5	97.8312933444977	0	0	0	0
HDL	META	EUR	19	67	5918	5	2389.56397938728	0	0	0	0
HDL	META	EUR	19	68	1415	5	5.75102567672729	0	0	1	21
HDL	META	EUR	19	70	1840	5	2.16178107261658	0	0	1	3
HDL	META	EUR	19	71	334	5	688.09011721611	0	1	1	3
HDL	META	EUR	19	73	489	5	361.39165353775	1	1	1	1
HDL	META	EUR	19	74	2881	5	633.917038679123	3	3	4	7
HDL	META	EUR	19	75	744	10	1211.29215216637	6	6	6	6
HDL	META	EUR	19	76	2848	10	2023.12262058258	3	3	7	26
HDL	META	EUR	19	77	5009	10	123.639827251434	1	2	5	30
HDL	META	EUR	19	79	1546	5	21.2679922580719	0	0	0	0
HDL	META	EUR	19	80	855	5	8.61180138587952	0	1	0	0
HDL	META	EUR	19	81	2043	5	1004.72097468376	0	1	2	5
HDL	META	EUR	19	89	1149	5	9.10125827789307	0	0	0	0
HDL	META	EUR	19	90	2443	5	3169.02026128769	0	1	1	2
HDL	META	EUR	19	93	877	5	5.84841370582581	0	1	1	2
HDL	META	EUR	19	94	1710	5	7.96408486366272	0	0	1	4
HDL	META	EUR	19	98	1051	5	1701.12107133865	1	1	1	1
HDL	META	EUR	19	104	1416	5	14.0737679004669	0	0	1	14
HDL	META	EUR	19	109	342	5	1.8530695438385	0	0	1	7
HDL	META	EUR	20	1	869	5	6.93299746513367	0	1	0	0
HDL	META	EUR	20	2	1188	5	8.59374833106995	2	4	2	2
HDL	META	EUR	20	3	456	5	2.2061710357666	0	1	1	1
HDL	META	EUR	20	11	1017	5	0.755574226379395	0	0	1	17
HDL	META	EUR	20	22	1291	5	5.22233033180237	0	1	0	0
HDL	META	EUR	20	23	390	5	7.48326849937439	0	0	0	0
HDL	META	EUR	20	24	337	5	2.75695848464966	0	0	0	0
HDL	META	EUR	20	29	2018	5	11.872983455658	0	0	0	0
HDL	META	EUR	20	40	1545	5	3.68629431724548	0	0	1	7
HDL	META	EUR	20	42	3774	5	42.6602928638458	0	0	0	0
HDL	META	EUR	20	48	3926	5	80.8455145359039	0	1	2	16
HDL	META	EUR	20	54	3209	5	36.634553194046	0	0	0	0
HDL	META	EUR	20	59	3880	5	1392.5731086731	0	0	1	17
HDL	META	EUR	20	62	2165	5	1568.89047646523	0	0	0	0
HDL	META	EUR	20	63	4765	5	95.2526540756226	0	0	1	6
HDL	META	EUR	20	64	1432	5	5.79835844039917	0	1	2	31
HDL	META	EUR	20	65	2636	5	35.701774597168	0	0	0	0
HDL	META	EUR	20	67	1944	5	3.89430141448975	0	0	0	0
HDL	META	EUR	20	68	1100	5	2.14096522331238	0	0	1	13
HDL	META	EUR	20	69	2085	5	30.6017208099365	1	1	1	1
HDL	META	EUR	20	70	1528	5	11.843684434890701	1	3	3	16
HDL	META	EUR	20	71	2377	5	1369.28082823753	0	0	1	6
HDL	META	EUR	20	72	548	5	0.591894149780273	1	1	1	1
HDL	META	EUR	20	73	2035	5	4.51366257667542	0	0	1	7
HDL	META	EUR	20	74	979	5	623.125260591507	1	1	3	30
HDL	META	EUR	20	75	1603	5	1181.75853347778	0	0	1	3
HDL	META	EUR	20	84	2567	5	1683.39454293251	1	1	2	23
HDL	META	EUR	20	86	1811	5	1.5354483127594	0	1	0	0
HDL	META	EUR	20	93	3640	5	46.6000747680664	1	2	2	3
HDL	META	EUR	20	99	2066	5	8.40740704536438	0	2	2	4
HDL	META	EUR	20	114	2794	5	52.974534034729	0	0	0	0
HDL	META	EUR	20	115	872	5	1269.56960010529	0	1	0	0
HDL	META	EUR	21	2	489	5	5.52639627456665	0	1	0	0
HDL	META	EUR	21	3	1000	5	16.4032740592957	0	0	0	0
HDL	META	EUR	21	4	377	5	15.8327338695526	0	0	1	13
HDL	META	EUR	21	30	3668	5	10.7289037704468	0	0	1	27
HDL	META	EUR	21	37	2671	5	23.512805223465	0	0	0	0
HDL	META	EUR	21	41	4427	5	6.25648832321167	0	0	2	18
HDL	META	EUR	21	45	3109	5	8.05107188224792	0	1	1	6
HDL	META	EUR	21	53	1541	5	21.5250930786133	0	0	1	10
HDL	META	EUR	21	57	1151	5	832.650404214859	0	0	0	0
HDL	META	EUR	21	62	616	5	789.807869672775	0	1	1	3
HDL	META	EUR	21	63	1388	5	3.93779516220093	0	0	1	20
HDL	META	EUR	21	64	2388	5	393.60767364502	0	0	2	49
HDL	META	EUR	22	13	1034	5	4.12405204772949	0	0	1	8
HDL	META	EUR	22	14	946	5	6.48381972312927	0	0	0	0
HDL	META	EUR	22	24	2876	5	48.8215036392212	0	0	0	0
HDL	META	EUR	22	26	1212	5	6.00469398498535	0	0	0	0
HDL	META	EUR	22	29	2458	5	35.1190452575684	0	1	2	24
HDL	META	EUR	22	30	7952	5	3465.10878372192	0	0	2	46
HDL	META	EUR	22	33	1677	5	5.59540295600891	0	1	1	6
HDL	META	EUR	22	37	2018	5	6.28811717033386	1	1	1	1
HDL	META	EUR	22	43	1899	5	264.82245016098	0	1	1	5
HDL	META	EUR	22	44	1288	5	1.68477582931519	0	0	1	47
HDL	META	EUR	22	45	1952	5	9.05948281288147	0	0	0	0
HDL	META	EUR	22	46	4692	5	95.5977120399475	0	0	0	0
HDL	META	EUR	22	47	2444	5	15.1339716911316	0	0	0	0
HDL	META	EUR	22	49	595	5	2.27659773826599	0	0	1	4
HDL	META	EUR	22	50	744	5	1.82036089897156	0	1	1	4
HDL	META	EUR	22	54	1446	5	17.8582761287689	0	0	0	0
HDL	META	EUR	22	59	2348	5	11.6301674842834	0	0	1	45
HDL	META	EUR	22	62	1613	5	18.0090854167938	0	0	1	4
HDL	META	EUR	22	64	957	5	4.13751029968262	0	1	1	7
HDL	META	EUR	22	66	1560	5	1.62776637077332	0	0	1	17
HDL	META	EUR	22	70	2677	5	22.7108640670776	0	0	0	0
