pheno	db	pid	chromosome	block	num_variants	time	num_variants_0.95	num_variants_0.5	num_CS95	num_variants_CS95
TG	META	AFR	1	3	820	177.489280939102	0	0	0	0
TG	META	AFR	1	4	1984	591.08944940567	0	0	0	0
TG	META	AFR	1	5	3594	743.690144300461	0	0	0	0
TG	META	AFR	1	15	5216	2418.99431943893	0	0	0	0
TG	META	AFR	1	17	6602	1910.77535629272	0	0	0	0
TG	META	AFR	1	18	2496	369.692132472992	0	0	0	0
TG	META	AFR	1	19	5384	1724.42973613739	0	0	0	0
TG	META	AFR	1	21	3660	1286.83782744408	0	0	0	0
TG	META	AFR	1	23	1852	497.853719472885	0	0	0	0
TG	META	AFR	1	32	1442	156.14562869072	0	0	0	0
TG	META	AFR	1	35	6543	817.256122112274	0	0	0	0
TG	META	AFR	1	43	1376	338.80450129509	0	0	0	0
TG	META	AFR	1	48	2576	793.918724298477	0	0	0	0
TG	META	AFR	1	50	3554	747.033152580261	0	1	0	0
TG	META	AFR	1	51	2313	497.872625589371	0	0	0	0
TG	META	AFR	1	52	6601	2464.22696948051	0	0	0	0
TG	META	AFR	1	53	5709	1968.05123782158	0	0	0	0
TG	META	AFR	1	58	6810	2771.93797707558	0	0	0	0
TG	META	AFR	1	63	5211	1659.12179780006	0	0	0	0
TG	META	AFR	1	67	4388	1990.60543775558	0	0	0	0
TG	META	AFR	1	70	4508	1276.44885802269	0	0	0	0
TG	META	AFR	1	71	4682	1419.19821882248	0	0	0	0
TG	META	AFR	1	83	4244	1607.62799143791	0	0	0	0
TG	META	AFR	1	85	1974	389.395267724991	0	0	0	0
TG	META	AFR	1	94	1055	248.470870256424	0	0	0	0
TG	META	AFR	1	96	4148	1328.43319535255	0	0	0	0
TG	META	AFR	1	97	5089	1493.08395433426	1	1	1	1
TG	META	AFR	1	100	4054	1122.80369067192	0	0	0	0
TG	META	AFR	1	101	4245	1670.87800431252	0	0	0	0
TG	META	AFR	1	105	11487	1806.27380228043	0	0	0	0
TG	META	AFR	1	124	6840	2583.71844601631	0	0	0	0
TG	META	AFR	1	125	8663	1176.42657184601	0	0	0	0
TG	META	AFR	1	127	3674	1644.5236055851	0	0	0	0
TG	META	AFR	1	129	2213	454.222990989685	0	0	0	0
TG	META	AFR	1	132	4547	1145.57889461517	0	0	0	0
TG	META	AFR	1	135	7509	1611.42285585403	0	0	0	0
TG	META	AFR	1	138	6665	2601.99099302292	0	0	0	0
TG	META	AFR	1	139	1514	337.857260227203	0	0	0	0
TG	META	AFR	1	143	4016	1674.75541877747	0	0	0	0
TG	META	AFR	1	144	3661	1166.81068873405	0	0	0	0
TG	META	AFR	1	150	4916	1812.83455276489	0	0	0	0
TG	META	AFR	1	154	8691	2697.51220488548	0	0	0	0
TG	META	AFR	1	155	3504	1494.61191630363	0	0	0	0
TG	META	AFR	1	156	4612	648.146096229553	0	0	0	0
TG	META	AFR	1	158	5374	1689.42079257965	0	0	0	0
TG	META	AFR	1	168	5333	1803.54678010941	0	0	0	0
TG	META	AFR	1	182	7605	2694.07720136642	0	0	0	0
TG	META	AFR	1	183	7164	1039.44544148445	0	0	0	0
TG	META	AFR	1	184	1603	37.2623012065887	0	1	0	0
TG	META	AFR	1	187	4655	1984.21858263016	0	0	0	0
TG	META	AFR	1	192	5207	2139.54506278038	0	0	0	0
TG	META	AFR	1	193	6039	2346.64204001427	0	0	0	0
TG	META	AFR	1	201	6258	1966.65136551857	0	0	0	0
TG	META	AFR	1	202	5163	1393.20963001251	0	0	0	0
TG	META	AFR	1	203	4393	1606.27076292038	0	0	0	0
TG	META	AFR	1	207	3090	654.831265926361	0	0	0	0
TG	META	AFR	1	208	3716	1252.06108927727	0	0	0	0
TG	META	AFR	1	209	1258	22.5826556682587	1	1	1	1
TG	META	AFR	1	211	2773	287.94902920723	0	0	0	0
TG	META	AFR	1	212	3850	642.411348104477	0	0	0	0
TG	META	AFR	1	213	2785	673.548090696335	0	0	0	0
TG	META	AFR	1	214	2484	370.184962034225	0	0	0	0
TG	META	AFR	1	217	2056	259.817275524139	0	0	0	0
TG	META	AFR	1	219	4148	437.307677507401	0	0	0	0
TG	META	AFR	1	221	4835	202.88211607933	0	0	0	0
TG	META	AFR	1	226	1978	425.272250175476	0	0	0	0
TG	META	AFR	1	228	2787	363.750373363495	0	0	0	0
TG	META	AFR	1	233	6521	2174.22249555588	0	0	0	0
TG	META	AFR	1	234	7476	1513.37995576859	0	0	0	0
TG	META	AFR	1	235	5239	1785.77075982094	0	0	0	0
TG	META	AFR	1	238	9835	938.77331495285	0	0	0	0
TG	META	AFR	1	239	2306	544.414988040924	0	0	0	0
TG	META	AFR	1	240	10161	1031.32237482071	0	0	0	0
TG	META	AFR	1	242	2439	216.746715545654	0	0	1	4
TG	META	AFR	1	243	2762	184.745651006699	0	0	1	6
TG	META	AFR	1	244	5951	1976.76020503044	0	0	0	0
TG	META	AFR	1	248	3070	525.189624786377	0	1	0	0
TG	META	AFR	1	252	2317	590.27796292305	0	0	0	0
TG	META	AFR	1	254	3997	1044.04722881317	0	0	0	0
TG	META	AFR	1	255	2516	409.205881357193	0	1	0	0
TG	META	AFR	1	257	2584	833.400918722153	0	0	0	0
TG	META	AFR	1	264	2785	89.2530455589294	0	0	1	12
TG	META	AFR	1	274	6482	2016.5317261219	0	0	0	0
TG	META	AFR	1	277	1390	118.048568725586	0	1	0	0
TG	META	AFR	1	280	10100	1662.37512612343	0	0	0	0
TG	META	AFR	2	1	1410	261.676703929901	0	0	0	0
TG	META	AFR	2	2	8995	2565.07703876495	0	0	0	0
TG	META	AFR	2	6	2716	861.132228851318	0	0	0	0
TG	META	AFR	2	7	1923	308.853772878647	0	0	0	0
TG	META	AFR	2	21	1680	501.539890766144	0	0	0	0
TG	META	AFR	2	34	6254	952.895385980606	0	0	0	0
TG	META	AFR	2	41	3253	828.19463133812	0	0	0	0
TG	META	AFR	2	43	711	129.411732673645	0	0	0	0
TG	META	AFR	2	44	3326	485.875447750092	0	2	1	2
TG	META	AFR	2	45	5959	2121.53649711609	0	0	0	0
TG	META	AFR	2	47	7471	2242.97675299644	0	0	0	0
TG	META	AFR	2	48	4596	874.076951742172	0	0	0	0
TG	META	AFR	2	49	7286	2543.39392995834	1	1	1	1
TG	META	AFR	2	50	4173	830.554867982864	0	0	0	0
TG	META	AFR	2	55	11035	2938.45256471634	0	0	0	0
TG	META	AFR	2	63	4482	727.949650526047	0	0	0	0
TG	META	AFR	2	66	10535	3653.42645692825	0	0	0	0
TG	META	AFR	2	69	5621	1841.84341883659	0	0	0	0
TG	META	AFR	2	71	4455	1736.69028019905	0	0	0	0
TG	META	AFR	2	72	7354	2712.5040128231	0	0	0	0
TG	META	AFR	2	74	2485	862.06938624382	0	0	0	0
TG	META	AFR	2	76	3423	900.800799369812	0	0	0	0
TG	META	AFR	2	79	6455	1706.49970030785	0	0	0	0
TG	META	AFR	2	80	10846	1356.77266097069	0	0	0	0
TG	META	AFR	2	84	14486	1821.59748411179	0	0	0	0
TG	META	AFR	2	85	13800	2173.44236588478	0	0	0	0
TG	META	AFR	2	86	5700	1930.5622010231	0	0	0	0
TG	META	AFR	2	87	2015	602.302170991898	0	0	0	0
TG	META	AFR	2	88	16712	5491.68663358688	0	0	0	0
TG	META	AFR	2	89	4258	1270.06708574295	0	0	0	0
TG	META	AFR	2	90	3547	1111.03271961212	0	0	0	0
TG	META	AFR	2	95	3908	1325.79851961136	0	0	0	0
TG	META	AFR	2	99	3745	969.446751117706	0	0	0	0
TG	META	AFR	2	115	8448	3140.07813048363	0	0	0	0
TG	META	AFR	2	117	4508	1801.85758066177	0	0	0	0
TG	META	AFR	2	122	3348	686.436330080032	0	0	0	0
TG	META	AFR	2	123	669	127.36657333374	0	0	0	0
TG	META	AFR	2	124	6305	2709.30834126472	0	0	0	0
TG	META	AFR	2	125	5184	1758.50802898407	0	0	0	0
TG	META	AFR	2	128	8911	1159.80529761314	0	0	0	0
TG	META	AFR	2	131	266	28.0113115310669	0	0	0	0
TG	META	AFR	2	132	981	208.131325721741	0	0	0	0
TG	META	AFR	2	138	7510	2190.59600925446	0	0	0	0
TG	META	AFR	2	153	6986	2093.68838644028	0	0	0	0
TG	META	AFR	2	159	10172	3424.48679280281	0	0	0	0
TG	META	AFR	2	161	7534	2195.99845647812	0	0	0	0
TG	META	AFR	2	163	345	27.1766431331635	0	0	0	0
TG	META	AFR	2	164	1473	329.325286149979	0	0	0	0
TG	META	AFR	2	166	11511	3304.95175480843	0	0	0	0
TG	META	AFR	2	168	5116	1068.76487994194	0	0	0	0
TG	META	AFR	2	169	5802	2083.51816153526	0	0	0	0
TG	META	AFR	2	171	7519	2689.1029458046	0	0	0	0
TG	META	AFR	2	174	1858	535.759939432144	0	0	0	0
TG	META	AFR	2	176	7052	1462.77607727051	0	0	0	0
TG	META	AFR	2	180	4623	1753.17296123505	0	0	0	0
TG	META	AFR	2	181	7100	2581.40948486328	0	0	0	0
TG	META	AFR	2	184	9583	2444.91240286827	0	0	0	0
TG	META	AFR	2	186	6953	2378.3605389595	0	0	0	0
TG	META	AFR	2	195	13217	3317.70787620544	0	0	0	0
TG	META	AFR	2	197	6156	2598.78252029419	0	0	0	0
TG	META	AFR	2	198	4600	1841.43621373177	0	0	0	0
TG	META	AFR	2	199	7545	2630.08550429344	0	0	0	0
TG	META	AFR	2	201	6288	1802.64908957481	0	0	0	0
TG	META	AFR	2	202	1029	202.408979654312	0	0	0	0
TG	META	AFR	2	205	3573	1101.26634812355	0	0	0	0
TG	META	AFR	2	210	3888	1333.06273508072	0	0	0	0
TG	META	AFR	2	211	5627	1447.96171021461	0	0	0	0
TG	META	AFR	2	213	12633	3262.5370028019	0	0	0	0
TG	META	AFR	2	214	2295	731.241941213608	0	0	0	0
TG	META	AFR	2	217	3415	271.805134773254	0	0	0	0
TG	META	AFR	2	218	2652	264.759369850159	0	0	1	14
TG	META	AFR	2	230	3553	538.987082004547	0	1	0	0
TG	META	AFR	2	231	1985	531.05912566185	0	0	0	0
TG	META	AFR	2	235	2158	192.062138557434	0	0	0	0
TG	META	AFR	2	237	4875	1674.59334850311	0	0	0	0
TG	META	AFR	2	240	4352	1452.18234181404	0	0	0	0
TG	META	AFR	2	242	4042	1270.11976194382	0	0	0	0
TG	META	AFR	2	250	9119	2292.64260625839	0	0	0	0
TG	META	AFR	2	251	3114	555.646762371063	0	0	0	0
TG	META	AFR	2	256	5444	1583.37265586853	0	0	0	0
TG	META	AFR	3	1	19642	7610.61151075363	0	0	0	0
TG	META	AFR	3	8	1375	289.547448396683	0	0	0	0
TG	META	AFR	3	9	1479	343.685220956802	0	0	0	0
TG	META	AFR	3	20	5669	2090.13790106773	0	0	0	0
TG	META	AFR	3	23	3909	978.267171144485	0	0	0	0
TG	META	AFR	3	24	6100	821.73162484169	0	0	0	0
TG	META	AFR	3	30	5924	1986.66333150864	0	0	0	0
TG	META	AFR	3	31	2859	697.769208431244	0	0	0	0
TG	META	AFR	3	33	1362	275.465729475021	0	0	0	0
TG	META	AFR	3	35	6072	2371.74541068077	0	0	0	0
TG	META	AFR	3	39	8012	2548.31210851669	0	0	0	0
TG	META	AFR	3	40	3941	1136.06681752205	0	0	0	0
TG	META	AFR	3	41	7579	1901.12150239944	0	0	0	0
TG	META	AFR	3	49	7485	2085.96436047554	0	0	0	0
TG	META	AFR	3	55	3230	808.051682949066	0	0	0	0
TG	META	AFR	3	57	3717	1164.14254593849	0	0	0	0
TG	META	AFR	3	60	10367	2995.95139169693	0	0	0	0
TG	META	AFR	3	62	3610	1179.80569863319	0	0	0	0
TG	META	AFR	3	65	2622	377.658075809479	0	0	0	0
TG	META	AFR	3	70	5832	1857.7789542675	0	0	0	0
TG	META	AFR	3	71	7594	1097.27597379684	0	0	0	0
TG	META	AFR	3	77	11212	2387.65636873245	0	0	0	0
TG	META	AFR	3	83	8340	2272.69844818115	0	0	0	0
TG	META	AFR	3	85	4081	959.922777175903	0	0	0	0
TG	META	AFR	3	88	5064	943.042947769165	0	0	0	0
TG	META	AFR	3	89	5793	1872.40450501442	0	0	0	0
TG	META	AFR	3	114	3908	1081.10724973679	0	0	0	0
TG	META	AFR	3	115	5112	1655.0127415657	0	0	0	0
TG	META	AFR	3	120	5353	1350.73849892616	0	0	0	0
TG	META	AFR	3	121	6384	1683.35989427567	0	0	0	0
TG	META	AFR	3	124	1208	190.367558002472	0	0	0	0
TG	META	AFR	3	132	9006	2522.3312587738	0	0	0	0
TG	META	AFR	3	133	4120	1647.71650195122	0	0	0	0
TG	META	AFR	3	136	2849	967.203424930573	0	0	0	0
TG	META	AFR	3	140	6784	640.274962902069	0	0	0	0
TG	META	AFR	3	145	6683	824.494299173355	0	0	0	0
TG	META	AFR	3	150	5523	2002.53163361549	0	0	0	0
TG	META	AFR	3	155	5449	356.545355319977	0	1	1	7
TG	META	AFR	3	161	7933	1335.19952249527	0	0	0	0
TG	META	AFR	3	162	9762	3303.15975904465	0	0	0	0
TG	META	AFR	3	172	4342	1115.4141702652	1	1	2	9
TG	META	AFR	3	173	2586	786.782066345215	0	0	0	0
TG	META	AFR	3	174	1398	336.934167146683	0	0	0	0
TG	META	AFR	3	175	1754	420.19259929657	0	0	0	0
TG	META	AFR	3	186	7402	762.744379997253	0	1	0	0
TG	META	AFR	3	191	4249	1758.81062054634	0	0	0	0
TG	META	AFR	3	193	6729	2185.32913970947	0	0	0	0
TG	META	AFR	3	196	1224	254.345752477646	0	0	0	0
TG	META	AFR	3	214	7467	2715.69402217865	0	0	0	0
TG	META	AFR	4	1	18153	3241.09757375717	0	0	0	0
TG	META	AFR	4	4	4397	1369.49802899361	0	0	0	0
TG	META	AFR	4	19	2777	239.366539478302	0	0	0	0
TG	META	AFR	4	21	9992	3639.63017201424	0	0	0	0
TG	META	AFR	4	28	5087	930.839534759521	0	0	0	0
TG	META	AFR	4	32	7184	1941.60759449005	0	0	0	0
TG	META	AFR	4	42	891	91.0586655139923	0	0	0	0
TG	META	AFR	4	43	3015	877.784507751465	0	0	0	0
TG	META	AFR	4	48	5670	1560.21386575699	0	0	0	0
TG	META	AFR	4	54	13467	4449.00686264038	0	0	0	0
TG	META	AFR	4	55	5398	2212.28150033951	0	0	0	0
TG	META	AFR	4	64	8963	2306.59661960602	0	0	0	0
TG	META	AFR	4	66	4810	2018.79655408859	0	0	0	0
TG	META	AFR	4	74	5808	1878.54052495956	0	0	0	0
TG	META	AFR	4	80	6791	1933.78935575485	0	0	0	0
TG	META	AFR	4	82	3010	677.763730764389	0	0	0	0
TG	META	AFR	4	84	6612	566.085570812225	0	0	0	0
TG	META	AFR	4	87	9109	2396.56309938431	0	0	0	0
TG	META	AFR	4	90	6224	1865.26985025406	0	0	0	0
TG	META	AFR	4	95	2321	634.375102519989	0	0	0	0
TG	META	AFR	4	97	3759	1198.86040353775	0	0	0	0
TG	META	AFR	4	101	7513	1429.08437561989	0	0	0	0
TG	META	AFR	4	102	4119	1186.74556827545	0	0	0	0
TG	META	AFR	4	103	3091	179.011296987534	0	0	1	13
TG	META	AFR	4	109	3006	612.130477666855	0	0	0	0
TG	META	AFR	4	112	9121	1332.21300172806	0	0	0	0
TG	META	AFR	4	113	7036	678.409551143646	0	0	0	0
TG	META	AFR	4	114	6484	1039.45362472534	0	0	0	0
TG	META	AFR	4	115	2990	607.102955579758	0	0	0	0
TG	META	AFR	4	116	5686	1186.89551997185	0	0	0	0
TG	META	AFR	4	117	6407	2390.6973502636	0	0	0	0
TG	META	AFR	4	121	5305	328.204934120178	0	0	0	0
TG	META	AFR	4	122	2040	459.211616516113	0	0	0	0
TG	META	AFR	4	133	6558	1779.62935590744	0	0	0	0
TG	META	AFR	4	134	10256	1769.61098766327	0	0	0	0
TG	META	AFR	4	136	9167	2735.98216128349	0	0	0	0
TG	META	AFR	4	139	10646	2074.92980360985	0	0	0	0
TG	META	AFR	4	147	2526	583.742310523987	0	0	0	0
TG	META	AFR	4	148	4297	755.314342260361	0	0	0	0
TG	META	AFR	4	149	5522	2124.58146619797	0	0	0	0
TG	META	AFR	4	150	6740	1124.62324118614	0	0	0	0
TG	META	AFR	4	153	6349	2174.8996655941	0	0	0	0
TG	META	AFR	4	154	2721	868.314446926117	0	0	0	0
TG	META	AFR	4	156	9110	3333.61303091049	0	0	0	0
TG	META	AFR	4	159	2540	717.341389656067	0	0	0	0
TG	META	AFR	4	161	2369	750.471676111221	0	0	0	0
TG	META	AFR	4	162	4203	1173.51900100708	0	0	0	0
TG	META	AFR	4	165	4494	1128.5581049919101	0	0	0	0
TG	META	AFR	4	180	7377	518.250205278397	0	0	0	0
TG	META	AFR	4	184	2946	875.562901735306	0	0	0	0
TG	META	AFR	4	199	1145	248.403382539749	0	0	0	0
TG	META	AFR	5	27	10594	2980.75068879128	0	0	0	0
TG	META	AFR	5	33	3440	856.409266710281	0	0	0	0
TG	META	AFR	5	49	1408	279.275185108185	0	0	0	0
TG	META	AFR	5	64	6965	1144.40090537071	0	1	0	0
TG	META	AFR	5	66	5481	587.928004980087	0	0	0	0
TG	META	AFR	5	68	1660	18.1674995422363	0	1	1	2
TG	META	AFR	5	69	2395	530.317918777466	0	0	0	0
TG	META	AFR	5	71	7788	1655.86945366859	0	0	0	0
TG	META	AFR	5	72	8965	1235.91396903992	0	0	0	0
TG	META	AFR	5	74	11158	1389.77956628799	0	0	0	0
TG	META	AFR	5	78	1898	450.281507253647	0	0	0	0
TG	META	AFR	5	81	4435	1863.82381129265	0	0	0	0
TG	META	AFR	5	85	6550	1039.22159767151	0	0	0	0
TG	META	AFR	5	88	2446	683.575343608856	0	0	0	0
TG	META	AFR	5	92	4093	1526.89752984047	0	0	0	0
TG	META	AFR	5	96	6244	2126.94524002075	0	0	0	0
TG	META	AFR	5	97	3921	1353.66023612022	0	0	0	0
TG	META	AFR	5	102	8105	1312.6265707016	0	0	0	0
TG	META	AFR	5	103	5856	2117.68222260475	0	0	0	0
TG	META	AFR	5	108	2748	948.333587884903	0	0	0	0
TG	META	AFR	5	109	3343	495.522890090942	0	0	0	0
TG	META	AFR	5	111	8441	2972.53340125084	0	0	0	0
TG	META	AFR	5	114	18456	5217.07647895813	0	0	0	0
TG	META	AFR	5	116	7612	2309.51261973381	0	0	0	0
TG	META	AFR	5	120	6912	933.814755916595	0	0	0	0
TG	META	AFR	5	127	11027	2161.6316576004	0	0	0	0
TG	META	AFR	5	130	7778	2120.85421037674	0	0	0	0
TG	META	AFR	5	136	7357	1755.63379621506	0	0	0	0
TG	META	AFR	5	142	5302	2011.96064734459	0	0	0	0
TG	META	AFR	5	145	9054	1223.57279539108	0	0	0	0
TG	META	AFR	5	146	7651	2863.22020506859	0	0	0	0
TG	META	AFR	5	147	3099	894.551529884338	0	0	0	0
TG	META	AFR	5	152	9520	1227.68970108032	0	0	0	0
TG	META	AFR	5	156	4623	1560.54522943497	0	0	0	0
TG	META	AFR	5	158	3998	1154.17168712616	0	0	0	0
TG	META	AFR	5	159	755	67.8927183151245	0	0	0	0
TG	META	AFR	5	164	3752	463.776887893677	0	0	0	0
TG	META	AFR	5	166	6138	1667.35398507118	0	1	1	2
TG	META	AFR	5	167	4985	1906.80807256699	0	0	0	0
TG	META	AFR	5	168	5752	1106.75964140892	0	0	0	0
TG	META	AFR	5	174	5031	987.936264276505	0	0	0	0
TG	META	AFR	5	177	4059	1488.28100466728	0	0	0	0
TG	META	AFR	5	181	1689	437.459666967392	0	0	0	0
TG	META	AFR	5	182	2176	296.582060813904	0	0	0	0
TG	META	AFR	5	191	7961	2184.44037127495	0	0	0	0
TG	META	AFR	5	192	886	131.364434242249	0	0	0	0
TG	META	AFR	5	193	1752	196.548819303513	0	0	0	0
TG	META	AFR	5	194	2199	451.993809938431	0	0	0	0
TG	META	AFR	5	202	3853	1265.73150777817	0	0	0	0
TG	META	AFR	5	205	2851	807.446149110794	0	0	0	0
TG	META	AFR	6	3	1009	214.998864173889	0	0	0	0
TG	META	AFR	6	19	4682	1584.19236207008	0	0	0	0
TG	META	AFR	6	21	3499	883.801545858383	0	0	0	0
TG	META	AFR	6	27	2929	950.172610044479	0	0	0	0
TG	META	AFR	6	29	5070	1742.51911401749	0	0	0	0
TG	META	AFR	6	32	1417	247.234776973724	0	0	0	0
TG	META	AFR	6	39	8566	3011.56507539749	0	0	0	0
TG	META	AFR	6	43	5398	1695.96079206467	0	0	0	0
TG	META	AFR	6	46	422	40.4173502922058	0	0	0	0
TG	META	AFR	6	47	6802	2183.30583953857	0	0	0	0
TG	META	AFR	6	51	10908	4357.06544733047	0	0	0	0
TG	META	AFR	6	52	3585	1341.61965513229	0	0	0	0
TG	META	AFR	6	53	3300	1037.99234414101	0	0	0	0
TG	META	AFR	6	56	3168	957.811593770981	0	0	0	0
TG	META	AFR	6	57	3171	849.751341342926	0	0	0	0
TG	META	AFR	6	58	5348	1600.70431256294	0	0	0	0
TG	META	AFR	6	60	3033	741.43078327179	0	0	0	0
TG	META	AFR	6	63	5211	2051.26448822021	0	0	0	0
TG	META	AFR	6	64	589	35.5031504631042	0	0	1	6
TG	META	AFR	6	73	808	145.383963346481	0	0	0	0
TG	META	AFR	6	74	2671	620.339490890503	0	0	0	0
TG	META	AFR	6	75	757	53.2756237983704	0	0	0	0
TG	META	AFR	6	76	10249	2249.35887360573	0	0	0	0
TG	META	AFR	6	81	10751	3143.86571502686	0	0	0	0
TG	META	AFR	6	88	15916	4989.39024853706	0	0	0	0
TG	META	AFR	6	94	7842	2748.55468344688	0	0	0	0
TG	META	AFR	6	97	5003	1187.07294201851	0	0	0	0
TG	META	AFR	6	98	6431	1174.44806885719	0	0	0	0
TG	META	AFR	6	99	6753	1899.63915133476	0	0	0	0
TG	META	AFR	6	100	73	5.97779774665833	0	0	0	0
TG	META	AFR	6	105	5044	2045.99837017059	0	0	0	0
TG	META	AFR	6	106	4207	1623.59224462509	0	0	0	0
TG	META	AFR	6	108	1674	406.28400850296	0	0	0	0
TG	META	AFR	6	109	4825	1655.49431204796	0	0	0	0
TG	META	AFR	6	111	3375	855.54235959053	0	0	0	0
TG	META	AFR	6	112	4977	1935.41564631462	0	0	0	0
TG	META	AFR	6	116	7108	1840.47638225555	0	0	0	0
TG	META	AFR	6	124	8225	2782.16781640053	0	0	0	0
TG	META	AFR	6	125	5577	1623.68959903717	0	0	0	0
TG	META	AFR	6	127	4126	692.819922447205	0	0	0	0
TG	META	AFR	6	130	6655	1083.71084594727	0	0	0	0
TG	META	AFR	6	140	3503	1141.65800309181	0	0	0	0
TG	META	AFR	6	143	112	11.2439384460449	0	0	0	0
TG	META	AFR	6	146	2735	895.992532968521	0	0	0	0
TG	META	AFR	6	149	8414	1061.53573441505	0	0	0	0
TG	META	AFR	6	154	3889	651.533606767654	0	0	0	0
TG	META	AFR	6	157	2332	189.639312028885	0	0	0	0
TG	META	AFR	6	158	4512	966.629647731781	0	0	0	0
TG	META	AFR	6	160	5605	1789.8556842804	0	0	0	0
TG	META	AFR	6	161	4957	885.675623416901	0	0	0	0
TG	META	AFR	6	169	11508	3441.80073070526	0	0	0	0
TG	META	AFR	6	173	5345	2063.95202231407	0	0	0	0
TG	META	AFR	6	175	2820	1048.60910367966	0	0	0	0
TG	META	AFR	6	178	1823	410.747153282166	0	0	0	0
TG	META	AFR	6	179	2963	750.418202400208	0	0	0	0
TG	META	AFR	6	182	4746	1777.10511398315	0	0	0	0
TG	META	AFR	7	3	4573	1197.90303182602	0	0	0	0
TG	META	AFR	7	8	10346	3092.09399318695	0	0	0	0
TG	META	AFR	7	11	4957	607.764881134033	0	0	0	0
TG	META	AFR	7	12	8719	2695.37513971329	0	0	0	0
TG	META	AFR	7	13	3510	926.899169445038	0	0	0	0
TG	META	AFR	7	25	6904	2736.33389830589	0	0	0	0
TG	META	AFR	7	26	6687	1172.76981091499	0	0	0	0
TG	META	AFR	7	29	4678	1459.38198661804	0	0	0	0
TG	META	AFR	7	30	5866	1408.60014724731	0	0	0	0
TG	META	AFR	7	31	4972	1270.27393436432	0	0	0	0
TG	META	AFR	7	32	5544	1835.58713912964	0	0	0	0
TG	META	AFR	7	33	7273	1873.54321169853	0	0	0	0
TG	META	AFR	7	35	6119	251.403490066528	0	0	1	7
TG	META	AFR	7	37	5776	1189.80314064026	0	0	0	0
TG	META	AFR	7	41	5446	2393.86495375633	0	0	0	0
TG	META	AFR	7	42	5379	1865.1567876339	0	0	0	0
TG	META	AFR	7	43	7807	1521.33879685402	0	0	0	0
TG	META	AFR	7	44	1133	81.8704941272736	0	0	0	0
TG	META	AFR	7	45	2241	284.356863737106	0	0	0	0
TG	META	AFR	7	48	1160	235.036651134491	0	0	0	0
TG	META	AFR	7	50	3875	336.575985193253	0	0	0	0
TG	META	AFR	7	54	6545	1685.1999475956	0	0	0	0
TG	META	AFR	7	58	5373	1624.47753310204	0	0	0	0
TG	META	AFR	7	64	450	63.3724257946014	0	0	0	0
TG	META	AFR	7	66	2336	603.923364639282	0	0	0	0
TG	META	AFR	7	67	14047	2623.45629954338	0	0	0	0
TG	META	AFR	7	69	3311	1260.44119358063	0	0	0	0
TG	META	AFR	7	73	2004	556.038400173187	0	0	0	0
TG	META	AFR	7	74	2476	479.493225812912	0	0	0	0
TG	META	AFR	7	85	7164	1458.75993299484	0	0	1	5
TG	META	AFR	7	86	2015	505.036657094955	0	0	0	0
TG	META	AFR	7	87	682	90.0731680393219	0	0	0	0
TG	META	AFR	7	88	8765	3261.21836280823	0	0	0	0
TG	META	AFR	7	93	2437	95.637086391449	0	0	0	0
TG	META	AFR	7	95	3286	860.762073755264	0	0	0	0
TG	META	AFR	7	103	4142	1091.71444416046	0	0	0	0
TG	META	AFR	7	109	4709	873.673334121704	0	0	0	0
TG	META	AFR	7	114	9454	2419.93136715889	0	0	0	0
TG	META	AFR	7	118	1965	573.117907524109	0	0	0	0
TG	META	AFR	7	119	3636	1109.99246811867	0	0	0	0
TG	META	AFR	7	120	732	85.896208047866807	0	0	0	0
TG	META	AFR	7	121	10640	1447.76434206963	0	0	0	0
TG	META	AFR	7	125	6348	1712.49552512169	0	0	0	0
TG	META	AFR	7	127	1698	387.525456666946	0	0	0	0
TG	META	AFR	7	128	1908	166.395208597183	0	0	0	0
TG	META	AFR	7	132	12268	4572.97576522827	0	0	0	0
TG	META	AFR	7	133	11011	3041.78989696503	0	0	0	0
TG	META	AFR	7	143	1764	181.130869150162	0	0	0	0
TG	META	AFR	7	145	4044	1314.34521245956	0	0	0	0
TG	META	AFR	7	147	2642	816.866192340851	0	0	0	0
TG	META	AFR	7	148	3398	484.946211099625	0	0	0	0
TG	META	AFR	7	161	1290	293.484918355942	0	0	0	0
TG	META	AFR	7	162	10855	2972.18705797195	0	0	0	0
TG	META	AFR	7	169	1241	185.750478029251	0	0	0	0
TG	META	AFR	7	177	1758	398.215819358826	0	0	0	0
TG	META	AFR	7	184	4805	1744.42900037766	0	0	0	0
TG	META	AFR	8	13	1822	511.999202013016	0	0	0	0
TG	META	AFR	8	17	5510	1480.82133364677	0	0	0	0
TG	META	AFR	8	20	4547	1274.50460886955	0	0	0	0
TG	META	AFR	8	21	4634	1439.40991020203	0	0	0	0
TG	META	AFR	8	24	10939	1611.40295505524	0	0	0	0
TG	META	AFR	8	27	3486	973.89612364769	0	0	0	0
TG	META	AFR	8	28	2173	345.56236743927	0	0	0	0
TG	META	AFR	8	29	9673	1630.16297292709	0	0	1	11
TG	META	AFR	8	31	1218	72.5187361240387	0	0	0	0
TG	META	AFR	8	32	6646	15943.8841378689	7	9	8	10
TG	META	AFR	8	33	5435	769.603833675385	0	2	1	3
TG	META	AFR	8	34	2703	699.754504442215	0	0	0	0
TG	META	AFR	8	35	2098	425.218327522278	0	0	0	0
TG	META	AFR	8	38	2096	564.054505586624	0	0	0	0
TG	META	AFR	8	39	3950	583.39924788475	0	0	0	0
TG	META	AFR	8	40	5688	1865.37009239197	0	0	0	0
TG	META	AFR	8	41	3681	1213.3686132431	0	0	0	0
TG	META	AFR	8	42	6573	1505.35716366768	0	0	0	0
TG	META	AFR	8	46	2177	691.624688386917	0	0	0	0
TG	META	AFR	8	48	5503	972.516251087189	0	0	0	0
TG	META	AFR	8	51	8737	2478.98093366623	0	0	0	0
TG	META	AFR	8	53	4485	1679.1471426487	0	0	0	0
TG	META	AFR	8	54	1669	65.0286870002747	0	0	0	0
TG	META	AFR	8	55	3894	1417.64314436913	0	0	0	0
TG	META	AFR	8	65	3269	104.182021856308	0	0	0	0
TG	META	AFR	8	66	7741	2103.53178238869	0	0	0	0
TG	META	AFR	8	68	4306	594.41837978363	0	0	0	0
TG	META	AFR	8	69	9021	2005.34240627289	0	0	0	0
TG	META	AFR	8	71	5806	1565.11458587646	0	0	0	0
TG	META	AFR	8	77	5145	1579.92583250999	0	0	0	0
TG	META	AFR	8	78	1092	194.493753433228	0	0	0	0
TG	META	AFR	8	80	2309	210.119739770889	0	1	0	0
TG	META	AFR	8	83	9655	1905.01911330223	0	0	0	0
TG	META	AFR	8	84	12591	3051.19748449326	0	0	0	0
TG	META	AFR	8	85	5070	1040.48559212685	0	0	0	0
TG	META	AFR	8	86	1143	48.0374178886414	0	1	0	0
TG	META	AFR	8	88	6083	1837.59588265419	0	0	0	0
TG	META	AFR	8	92	6367	2280.2070991993	0	0	0	0
TG	META	AFR	8	107	1835	422.841218233109	0	0	0	0
TG	META	AFR	8	108	9502	1691.04570627213	0	0	0	0
TG	META	AFR	8	113	3748	1372.44641828537	0	0	0	0
TG	META	AFR	8	114	3564	1108.56714224815	0	0	0	0
TG	META	AFR	8	124	3298	1140.04246544838	0	0	0	0
TG	META	AFR	8	125	1432	419.021587848663	2	2	2	2
TG	META	AFR	8	126	408	57.9216415882111	0	0	0	0
TG	META	AFR	8	130	2972	942.664829492569	0	0	0	0
TG	META	AFR	8	133	5072	1636.33703255653	0	0	0	0
TG	META	AFR	8	141	3257	770.938510656357	0	0	0	0
TG	META	AFR	8	154	3427	725.186036348343	0	0	0	0
TG	META	AFR	8	159	4384	887.669798851013	0	0	0	0
TG	META	AFR	9	1	8621	3527.27198219299	0	0	0	0
TG	META	AFR	9	4	4547	829.482182741165	0	0	0	0
TG	META	AFR	9	9	3469	1227.13243842125	0	0	0	0
TG	META	AFR	9	13	8671	1991.59505438805	0	0	0	0
TG	META	AFR	9	27	12046	2254.08070778847	0	0	0	0
TG	META	AFR	9	28	3538	730.894130945206	0	0	0	0
TG	META	AFR	9	31	6975	2781.69715738297	0	0	0	0
TG	META	AFR	9	32	2684	802.396322727203	0	0	0	0
TG	META	AFR	9	33	4881	1384.57960963249	0	0	0	0
TG	META	AFR	9	39	2029	575.166253805161	0	0	0	0
TG	META	AFR	9	41	654	96.2161211967468	0	0	0	0
TG	META	AFR	9	48	1156	241.006423473358	0	0	0	0
TG	META	AFR	9	50	6922	952.774124145508	0	0	0	0
TG	META	AFR	9	53	8749	2050.76082420349	0	0	0	0
TG	META	AFR	9	71	565	85.174396276474	0	0	0	0
TG	META	AFR	9	72	1338	283.20632648468	0	0	0	0
TG	META	AFR	9	77	3009	964.508560180664	0	0	0	0
TG	META	AFR	9	84	4238	1566.82727813721	0	0	0	0
TG	META	AFR	9	93	5597	2104.14588832855	0	0	0	0
TG	META	AFR	9	97	2068	505.360348939896	0	0	0	0
TG	META	AFR	9	98	6781	2257.9558930397	0	0	0	0
TG	META	AFR	9	100	6431	1327.5145945549	0	0	0	0
TG	META	AFR	9	102	7264	816.818877220154	0	0	0	0
TG	META	AFR	9	105	1331	288.647595643997	0	0	0	0
TG	META	AFR	9	106	6214	2294.12584042549	0	0	0	0
TG	META	AFR	9	107	1662	305.726510047913	0	0	0	0
TG	META	AFR	9	110	8498	3055.13564920425	0	0	0	0
TG	META	AFR	9	111	324	35.2113857269287	0	0	0	0
TG	META	AFR	9	112	7397	1467.54686141014	0	1	1	29
TG	META	AFR	9	114	2474	616.116995334625	0	0	0	0
TG	META	AFR	9	115	7684	1901.22684288025	0	0	0	0
TG	META	AFR	9	116	3686	1073.70116829872	0	0	0	0
TG	META	AFR	9	118	9353	1839.74752140045	0	0	0	0
TG	META	AFR	9	124	3492	478.751015424728	0	0	0	0
TG	META	AFR	9	128	362	43.5364484786987	0	0	0	0
TG	META	AFR	9	129	5190	1730.45043063164	0	0	0	0
TG	META	AFR	9	134	9724	3216.22760105133	0	0	0	0
TG	META	AFR	9	135	4255	1128.06001853943	0	0	0	0
TG	META	AFR	9	136	4134	1211.69834685326	0	0	0	0
TG	META	AFR	9	138	6651	1502.12096786499	0	0	0	0
TG	META	AFR	9	140	10079	2698.43172240257	0	0	0	0
TG	META	AFR	9	142	3148	1102.59824633598	0	0	0	0
TG	META	AFR	9	149	3558	528.119086742401	0	0	0	0
TG	META	AFR	9	160	1402	279.794263124466	0	0	0	0
TG	META	AFR	9	161	1289	296.603197336197	0	0	0	0
TG	META	AFR	10	13	4413	1166.99322390556	0	0	0	0
TG	META	AFR	10	14	5559	1574.60680747032	0	0	0	0
TG	META	AFR	10	20	185	19.1282339096069	0	0	0	0
TG	META	AFR	10	22	4781	1680.34632968903	0	0	0	0
TG	META	AFR	10	26	5229	1458.89668798447	0	0	0	0
TG	META	AFR	10	34	1657	360.354140281677	0	0	0	0
TG	META	AFR	10	43	3967	1327.41254520416	0	0	0	0
TG	META	AFR	10	44	2240	596.900094032288	0	0	0	0
TG	META	AFR	10	45	6390	1806.98059201241	0	0	0	0
TG	META	AFR	10	48	9254	1495.38676786423	0	0	0	0
TG	META	AFR	10	49	5369	865.777895927429	0	0	0	0
TG	META	AFR	10	59	4338	1136.88302636147	0	0	0	0
TG	META	AFR	10	60	7928	1660.91610097885	0	0	0	0
TG	META	AFR	10	61	2635	864.089556694031	0	0	0	0
TG	META	AFR	10	64	1105	248.805543422699	0	0	0	0
TG	META	AFR	10	70	6192	2227.97050857544	0	0	0	0
TG	META	AFR	10	76	11559	3214.31752228737	0	0	0	0
TG	META	AFR	10	78	3132	851.320808649063	0	0	0	0
TG	META	AFR	10	79	6491	1338.17772293091	0	0	0	0
TG	META	AFR	10	80	5985	2026.75970435143	0	0	0	0
TG	META	AFR	10	81	7075	502.567682027817	0	0	1	75
TG	META	AFR	10	84	11171	2391.98871135712	0	1	1	3
TG	META	AFR	10	85	1885	520.084225416183	0	0	0	0
TG	META	AFR	10	92	10809	3496.07964134216	0	0	0	0
TG	META	AFR	10	93	1940	597.04249548912	0	0	0	0
TG	META	AFR	10	99	384	47.7354352474213	0	0	0	0
TG	META	AFR	10	100	1742	380.204879283905	0	0	0	0
TG	META	AFR	10	109	6707	1019.97110748291	0	0	0	0
TG	META	AFR	10	110	2028	609.45437002182	0	0	0	0
TG	META	AFR	10	111	3197	1011.23093295097	0	0	0	0
TG	META	AFR	10	112	1286	302.599135398865	0	0	0	0
TG	META	AFR	10	117	7913	1276.11025738716	0	1	0	0
TG	META	AFR	10	120	5610	1540.92214751244	0	0	0	0
TG	META	AFR	10	123	5305	1190.01136207581	0	0	0	0
TG	META	AFR	10	124	1531	311.102658748627	0	0	0	0
TG	META	AFR	10	126	7162	1595.49656200409	0	0	0	0
TG	META	AFR	10	129	8118	1101.37600922585	0	0	0	0
TG	META	AFR	10	131	7386	860.715551614761	0	0	0	0
TG	META	AFR	10	136	9946	1102.45022392273	0	0	0	0
TG	META	AFR	10	137	6967	928.40213394165	0	0	0	0
TG	META	AFR	10	138	1218	180.785197734833	0	0	0	0
TG	META	AFR	10	140	1542	333.689270734787	0	0	0	0
TG	META	AFR	10	142	2363	515.423085212708	0	0	0	0
TG	META	AFR	10	144	2760	658.564047813416	0	0	0	0
TG	META	AFR	10	145	2583	402.214407920837	0	0	0	0
TG	META	AFR	10	148	4317	1392.6231675148	0	0	0	0
TG	META	AFR	10	152	3847	1193.46940207481	0	0	0	0
TG	META	AFR	10	167	752	146.795519590378	0	0	0	0
TG	META	AFR	10	176	5587	2417.21049976349	0	0	0	0
TG	META	AFR	10	177	3452	1023.83824753761	0	0	0	0
TG	META	AFR	11	2	4280	1093.12529659271	0	0	0	0
TG	META	AFR	11	4	3337	758.698956251144	0	0	0	0
TG	META	AFR	11	7	2482	676.950264692307	0	0	0	0
TG	META	AFR	11	11	6071	1643.47809457779	0	0	0	0
TG	META	AFR	11	14	4676	1765.9816160202	0	0	0	0
TG	META	AFR	11	19	2461	424.034815073013	0	0	0	0
TG	META	AFR	11	22	2159	599.614959478378	0	0	0	0
TG	META	AFR	11	27	4702	1188.80090808868	0	0	0	0
TG	META	AFR	11	28	3445	869.171783685684	0	0	0	0
TG	META	AFR	11	29	2537	616.894356966019	0	0	0	0
TG	META	AFR	11	33	4165	1037.88535833359	0	0	0	0
TG	META	AFR	11	51	4831	1357.47206258774	0	0	0	0
TG	META	AFR	11	52	2654	616.723170042038	0	0	0	0
TG	META	AFR	11	53	5970	981.676774263382	0	0	0	0
TG	META	AFR	11	54	4344	912.889204502106	0	0	0	0
TG	META	AFR	11	56	996	195.924114704132	0	0	0	0
TG	META	AFR	11	57	4305	830.806220293045	0	0	0	0
TG	META	AFR	11	65	4075	1401.1106903553	0	0	0	0
TG	META	AFR	11	70	7813	1855.10925841331	0	0	0	0
TG	META	AFR	11	75	3581	1061.07398962975	0	0	0	0
TG	META	AFR	11	76	4239	1033.72160959244	0	1	1	11
TG	META	AFR	11	77	4315	1074.04812192917	0	0	0	0
TG	META	AFR	11	78	4466	1191.92900037766	0	0	0	0
TG	META	AFR	11	79	9636	3147.1181910038	0	0	0	0
TG	META	AFR	11	80	6607	2435.03869557381	0	0	0	0
TG	META	AFR	11	81	3991	1223.47450876236	0	0	0	0
TG	META	AFR	11	83	3189	994.838820695877	0	0	0	0
TG	META	AFR	11	89	829	158.058883666992	0	0	0	0
TG	META	AFR	11	90	10059	4265.73788642883	0	0	0	0
TG	META	AFR	11	104	9132	1111.46848917007	0	0	0	0
TG	META	AFR	11	108	1718	469.401255130768	0	0	0	0
TG	META	AFR	11	112	5550	273.984841823578	0	0	0	0
TG	META	AFR	11	114	3752	1455.51325559616	0	0	0	0
TG	META	AFR	11	117	10667	3894.76568841934	0	0	0	0
TG	META	AFR	11	121	4624	630.890513896942	0	0	0	0
TG	META	AFR	11	123	3001	884.485258340836	0	0	0	0
TG	META	AFR	11	125	4146	1132.98855161667	0	0	0	0
TG	META	AFR	11	126	9551	2458.73793578148	0	0	0	0
TG	META	AFR	11	127	1047	239.0923640728	0	0	0	0
TG	META	AFR	11	128	607	46.5479872226715	0	0	0	0
TG	META	AFR	11	129	4573	14926.4646141529	7	10	9	11
TG	META	AFR	11	130	2322	277.691251993179	0	0	0	0
TG	META	AFR	11	131	465	53.3226661682129	0	0	0	0
TG	META	AFR	11	133	4767	1480.6192240715	0	0	0	0
TG	META	AFR	11	134	6118	1348.40199375153	0	0	0	0
TG	META	AFR	11	138	2910	262.959359407425	0	0	0	0
TG	META	AFR	11	140	2538	677.816345691681	0	0	0	0
TG	META	AFR	11	147	8712	1857.85729026794	0	0	0	0
TG	META	AFR	11	149	6795	728.116170406342	0	0	0	0
TG	META	AFR	11	151	3114	906.200282812119	0	0	0	0
TG	META	AFR	11	162	3121	214.208693981171	0	0	0	0
TG	META	AFR	12	1	2826	925.439434766769	0	0	0	0
TG	META	AFR	12	4	3212	932.084861516953	0	0	0	0
TG	META	AFR	12	12	1651	407.497338056564	0	0	0	0
TG	META	AFR	12	13	3088	1126.91060853004	0	0	0	0
TG	META	AFR	12	17	2151	613.776480436325	0	0	0	0
TG	META	AFR	12	18	4409	712.233927726746	0	0	0	0
TG	META	AFR	12	23	6216	1697.19643688202	0	0	0	0
TG	META	AFR	12	26	918	119.685084342957	0	0	0	0
TG	META	AFR	12	28	3477	1150.39026331902	0	0	0	0
TG	META	AFR	12	29	642	100.361479282379	0	0	0	0
TG	META	AFR	12	31	1316	274.676357507706	0	0	0	0
TG	META	AFR	12	32	4695	1345.53818941116	0	0	0	0
TG	META	AFR	12	33	4158	1021.41351389885	0	0	0	0
TG	META	AFR	12	34	3429	586.571028470993	0	0	0	0
TG	META	AFR	12	35	1853	403.162630796432	0	0	0	0
TG	META	AFR	12	38	6232	1589.15983080864	0	0	0	0
TG	META	AFR	12	40	2323	315.485041856766	0	1	1	11
TG	META	AFR	12	41	1525	156.554518222809	0	0	0	0
TG	META	AFR	12	42	9586	3134.5924270153	0	0	0	0
TG	META	AFR	12	45	3742	997.370501995087	0	0	0	0
TG	META	AFR	12	47	1512	316.147042274475	0	0	0	0
TG	META	AFR	12	48	5272	575.651398897171	0	0	0	0
TG	META	AFR	12	49	5823	2247.56648206711	0	0	0	0
TG	META	AFR	12	51	3466	852.65082192421	0	0	0	0
TG	META	AFR	12	57	7387	1605.49128055573	0	0	0	0
TG	META	AFR	12	58	4458	1305.1693136692	0	0	0	0
TG	META	AFR	12	59	6832	2168.13244438171	0	0	0	0
TG	META	AFR	12	60	3220	906.044496536255	0	0	0	0
TG	META	AFR	12	62	4119	975.966527462006	0	0	0	0
TG	META	AFR	12	63	5012	1660.14578747749	0	0	0	0
TG	META	AFR	12	64	3338	1126.11728239059	0	0	0	0
TG	META	AFR	12	66	5569	876.677151441574	0	0	0	0
TG	META	AFR	12	67	2997	881.033222436905	0	0	0	0
TG	META	AFR	12	68	1957	453.184912919998	0	0	0	0
TG	META	AFR	12	69	5623	779.308647632599	0	0	0	0
TG	META	AFR	12	70	2620	641.814295768738	0	0	0	0
TG	META	AFR	12	71	6630	573.582201719284	0	0	0	0
TG	META	AFR	12	72	17719	6290.56413412094	0	0	0	0
TG	META	AFR	12	73	5600	1799.40992307663	0	0	0	0
TG	META	AFR	12	74	6578	1295.41679763794	0	0	0	0
TG	META	AFR	12	75	807	142.954042434692	0	0	0	0
TG	META	AFR	12	76	3326	357.187261343002	0	0	0	0
TG	META	AFR	12	77	2903	887.944379329681	0	0	0	0
TG	META	AFR	12	80	6780	2269.47195053101	0	0	0	0
TG	META	AFR	12	88	6204	2247.24996256828	0	0	0	0
TG	META	AFR	12	92	8278	2872.09145617485	0	0	0	0
TG	META	AFR	12	94	7020	1580.85213255882	0	0	0	0
TG	META	AFR	12	102	1871	455.489678859711	0	0	0	0
TG	META	AFR	12	103	719	102.962131738663	0	0	0	0
TG	META	AFR	12	104	5337	998.362071990967	0	0	0	0
TG	META	AFR	12	113	4916	1706.56743121147	0	0	0	0
TG	META	AFR	12	114	4779	1785.52858662605	0	0	0	0
TG	META	AFR	12	117	5360	1556.08070421219	0	0	0	0
TG	META	AFR	12	119	9521	1502.52207565308	0	0	0	0
TG	META	AFR	12	120	2449	579.577526330948	0	0	0	0
TG	META	AFR	12	121	3620	381.719024419785	0	0	0	0
TG	META	AFR	12	122	8950	1774.07681179047	0	0	0	0
TG	META	AFR	12	125	5186	1511.69158267975	0	0	0	0
TG	META	AFR	12	128	819	124.070488452911	0	0	0	0
TG	META	AFR	12	132	4740	1514.01135206223	0	0	0	0
TG	META	AFR	12	138	8922	1739.2646625042	0	0	0	0
TG	META	AFR	12	139	12323	3792.38177800179	0	0	0	0
TG	META	AFR	12	140	2136	35.6946175098419	0	1	0	0
TG	META	AFR	12	141	3051	942.327490091324	0	0	0	0
TG	META	AFR	13	8	4390	936.220746040344	0	0	0	0
TG	META	AFR	13	13	3004	884.241300344467	0	0	0	0
TG	META	AFR	13	16	4524	1343.76953458786	0	0	0	0
TG	META	AFR	13	20	4310	1274.01614379883	0	0	0	0
TG	META	AFR	13	21	5993	2689.66137290001	0	0	0	0
TG	META	AFR	13	36	3562	168.434085607529	0	1	0	0
TG	META	AFR	13	40	3867	1032.75641536713	0	0	0	0
TG	META	AFR	13	45	4752	1316.64576530457	0	0	0	0
TG	META	AFR	13	47	2846	998.724138259888	0	0	0	0
TG	META	AFR	13	50	8693	2758.99911379814	0	0	0	0
TG	META	AFR	13	53	4758	1795.12562036514	0	0	0	0
TG	META	AFR	13	54	15315	5212.03050136566	0	0	0	0
TG	META	AFR	13	55	6160	1832.75465416908	0	0	0	0
TG	META	AFR	13	58	9130	4048.63704371452	0	0	0	0
TG	META	AFR	13	60	4906	1671.25027036667	0	0	0	0
TG	META	AFR	13	64	2487	712.972552537918	0	0	0	0
TG	META	AFR	13	70	5741	1628.66908335686	0	0	0	0
TG	META	AFR	13	72	4101	1555.12658143044	0	0	0	0
TG	META	AFR	13	84	3148	843.89048075676	0	0	0	0
TG	META	AFR	13	88	2010	276.156403541565	0	0	0	0
TG	META	AFR	13	90	5939	1371.16378760338	0	0	0	0
TG	META	AFR	13	95	1899	524.541321277618	0	0	0	0
TG	META	AFR	13	96	2031	476.023862600327	0	0	0	0
TG	META	AFR	13	108	1056	206.694422483444	0	0	0	0
TG	META	AFR	13	115	1837	392.119298458099	0	0	0	0
TG	META	AFR	13	118	3266	1249.10141158104	0	0	0	0
TG	META	AFR	13	125	5114	1350.16213846207	0	0	0	0
TG	META	AFR	14	11	2173	606.057568788528	0	0	0	0
TG	META	AFR	14	13	1227	289.51707816124	0	0	0	0
TG	META	AFR	14	14	7456	1969.79428315163	0	0	0	0
TG	META	AFR	14	19	5527	2179.29420518875	0	0	0	0
TG	META	AFR	14	24	2101	587.593957185745	0	0	0	0
TG	META	AFR	14	31	7057	1625.15781545639	0	0	0	0
TG	META	AFR	14	35	7201	2033.91152763367	0	0	0	0
TG	META	AFR	14	42	3965	1232.21122932434	0	0	0	0
TG	META	AFR	14	44	3689	232.307261228561	0	0	0	0
TG	META	AFR	14	46	3342	862.128021478653	0	0	0	0
TG	META	AFR	14	47	6418	2327.63445568085	0	0	0	0
TG	META	AFR	14	51	5386	828.793262720108	0	0	0	0
TG	META	AFR	14	56	2574	755.247543811798	0	0	0	0
TG	META	AFR	14	57	9634	2157.78154802322	0	0	0	0
TG	META	AFR	14	63	8531	2240.81641817093	0	0	0	0
TG	META	AFR	14	64	2602	680.611754655838	0	0	0	0
TG	META	AFR	14	66	4388	1259.67039608955	0	0	0	0
TG	META	AFR	14	67	5457	1788.1069009304	0	0	0	0
TG	META	AFR	14	70	6285	1889.56667542458	0	0	0	0
TG	META	AFR	14	72	8333	2054.37066793442	0	0	0	0
TG	META	AFR	14	80	1205	285.519610881805	0	0	0	0
TG	META	AFR	14	81	6863	1834.43552660942	0	0	0	0
TG	META	AFR	14	84	2252	445.388774871826	0	0	0	0
TG	META	AFR	14	95	1780	435.16929101944	0	0	0	0
TG	META	AFR	14	96	608	59.1711890697479	0	0	0	0
TG	META	AFR	14	105	2636	594.622883796692	0	0	0	0
TG	META	AFR	14	106	2336	636.281089544296	0	0	0	0
TG	META	AFR	14	120	1904	369.081694364548	0	0	0	0
TG	META	AFR	14	121	6054	2063.25195741653	0	0	0	0
TG	META	AFR	14	126	7217	2266.03982973099	0	0	0	0
TG	META	AFR	14	127	4978	1617.39058041573	0	0	0	0
TG	META	AFR	14	129	3477	984.768848180771	0	0	0	0
TG	META	AFR	15	22	6927	2520.74628448486	0	0	0	0
TG	META	AFR	15	28	3852	1003.51682114601	0	0	0	0
TG	META	AFR	15	34	1751	224.09835934639	0	0	0	0
TG	META	AFR	15	35	5014	1047.17939305305	0	0	0	0
TG	META	AFR	15	37	6765	1126.37803554535	0	0	0	0
TG	META	AFR	15	38	7893	2366.72295308113	0	0	0	0
TG	META	AFR	15	39	6015	1308.21807670593	0	0	0	0
TG	META	AFR	15	41	5395	1446.58768343925	0	0	0	0
TG	META	AFR	15	45	11854	1780.26472353935	0	0	0	0
TG	META	AFR	15	48	10467	3287.81455612183	0	0	0	0
TG	META	AFR	15	49	1095	208.403645992279	0	0	0	0
TG	META	AFR	15	50	5279	848.929082632065	0	0	0	0
TG	META	AFR	15	52	3613	646.07127404213	0	0	0	0
TG	META	AFR	15	53	693	5.24026679992676	0	1	1	2
TG	META	AFR	15	54	4234	1410.84822225571	0	0	0	0
TG	META	AFR	15	56	4671	2021.15944576263	0	0	0	0
TG	META	AFR	15	59	8092	2201.93428301811	0	0	0	0
TG	META	AFR	15	62	10422	869.688851118088	0	0	0	0
TG	META	AFR	15	64	3036	1008.35984158516	0	0	0	0
TG	META	AFR	15	66	5818	1297.83193397522	0	0	0	0
TG	META	AFR	15	71	205	17.8461620807648	0	0	0	0
TG	META	AFR	15	72	1876	369.056429862976	0	0	0	0
TG	META	AFR	15	73	2184	568.523787736893	0	0	0	0
TG	META	AFR	15	85	4991	839.805444955826	0	0	0	0
TG	META	AFR	15	99	632	88.0696692466736	0	0	0	0
TG	META	AFR	15	108	1777	373.708059549332	0	0	0	0
TG	META	AFR	15	111	3109	819.261566638947	0	0	0	0
TG	META	AFR	15	117	1863	389.640790700912	0	0	0	0
TG	META	AFR	15	118	1202	130.933872938156	0	0	0	0
TG	META	AFR	16	1	4144	851.568861484528	0	0	0	0
TG	META	AFR	16	2	1038	130.25971198082	0	0	0	0
TG	META	AFR	16	4	5215	1753.47284317017	0	0	0	0
TG	META	AFR	16	5	2182	483.396688699722	0	0	0	0
TG	META	AFR	16	7	3705	1231.21311569214	0	0	0	0
TG	META	AFR	16	9	5541	1440.19265699387	0	0	0	0
TG	META	AFR	16	17	1688	419.509741067886	0	0	0	0
TG	META	AFR	16	24	1957	412.484524965286	0	0	0	0
TG	META	AFR	16	25	4194	1348.29218649864	0	0	0	0
TG	META	AFR	16	33	8148	1572.789280653	0	0	0	0
TG	META	AFR	16	37	5929	1283.22886180878	0	0	0	0
TG	META	AFR	16	59	4057	1344.48037457466	0	0	0	0
TG	META	AFR	16	62	2974	882.609389066696	0	0	0	0
TG	META	AFR	16	64	1353	283.856177330017	0	0	0	0
TG	META	AFR	16	68	3553	1108.54564666748	0	0	0	0
TG	META	AFR	16	75	5598	222.087775707245	0	1	1	3
TG	META	AFR	16	76	3795	1400.19898700714	0	0	0	0
TG	META	AFR	16	85	9492	2804.79011034966	0	0	0	0
TG	META	AFR	16	88	8751	796.301227092743	0	0	0	0
TG	META	AFR	16	89	11501	2465.38217043877	0	0	0	0
TG	META	AFR	16	90	2683	620.087275266647	0	0	0	0
TG	META	AFR	16	93	9257	2015.12319636345	0	0	0	0
TG	META	AFR	16	94	9923	3110.04982686043	0	0	0	0
TG	META	AFR	16	100	637	103.243904352188	0	0	0	0
TG	META	AFR	16	103	12847	3298.43352651596	0	0	0	0
TG	META	AFR	16	104	3572	749.910610675812	0	0	0	0
TG	META	AFR	16	105	2929	683.126094102859	0	0	0	0
TG	META	AFR	16	107	3419	984.213664770126	0	0	0	0
TG	META	AFR	16	110	2915	762.34063577652	0	0	0	0
TG	META	AFR	16	114	2243	153.476181268692	0	0	0	0
TG	META	AFR	16	116	2676	677.445176839828	0	0	0	0
TG	META	AFR	16	119	3799	1234.88069105148	0	0	0	0
TG	META	AFR	16	125	3217	774.159224033356	0	0	0	0
TG	META	AFR	16	128	11526	3387.88613581657	0	0	0	0
TG	META	AFR	17	3	3276	1030.19842505455	0	0	0	0
TG	META	AFR	17	8	460	47.3757917881012	0	0	0	0
TG	META	AFR	17	9	5553	167.083231687546	0	0	0	0
TG	META	AFR	17	15	295	38.1466810703278	0	0	0	0
TG	META	AFR	17	16	1101	219.177528619766	0	0	0	0
TG	META	AFR	17	17	5662	967.345135211945	0	0	0	0
TG	META	AFR	17	23	2058	173.712026596069	0	0	0	0
TG	META	AFR	17	24	3495	804.932773828506	0	0	0	0
TG	META	AFR	17	45	248	29.3557193279266	0	0	0	0
TG	META	AFR	17	51	8748	843.273234844208	0	0	0	0
TG	META	AFR	17	55	10957	2919.20020794868	0	0	0	0
TG	META	AFR	17	66	666	101.31681895256	0	0	0	0
TG	META	AFR	17	73	8540	5224.74500179291	0	2	1	4
TG	META	AFR	17	74	9211	2155.27595186234	0	0	0	0
TG	META	AFR	17	75	6858	1534.55693507195	0	0	0	0
TG	META	AFR	17	76	3405	609.094580888748	0	0	0	0
TG	META	AFR	17	79	3253	947.347047567368	0	0	0	0
TG	META	AFR	17	80	3811	844.772810697556	0	0	0	0
TG	META	AFR	17	87	2526	561.475971698761	0	0	0	0
TG	META	AFR	17	90	8569	2968.14425086975	0	0	0	0
TG	META	AFR	17	94	4401	1456.64943051338	0	0	0	0
TG	META	AFR	17	97	5989	1414.23560619354	0	0	0	0
TG	META	AFR	17	98	3091	666.715287208557	0	0	0	0
TG	META	AFR	17	99	566	9.86774110794067	0	0	0	0
TG	META	AFR	17	100	3928	1124.04915070534	0	0	0	0
TG	META	AFR	17	101	2826	770.019238710403	0	0	0	0
TG	META	AFR	17	102	2331	471.76749587059	0	0	0	0
TG	META	AFR	17	103	2198	134.505370855331	0	0	0	0
TG	META	AFR	17	105	3811	989.159206390381	0	0	0	0
TG	META	AFR	17	108	587	18.1902346611023	0	0	0	0
TG	META	AFR	17	117	4887	1607.81147360802	0	0	0	0
TG	META	AFR	17	118	4059	1063.00471806526	0	0	0	0
TG	META	AFR	17	123	3901	370.543844938278	0	1	0	0
TG	META	AFR	17	125	5751	698.829530477524	0	0	0	0
TG	META	AFR	17	133	2406	481.370068788528	0	0	0	0
TG	META	AFR	18	1	1804	380.4654276371	0	0	0	0
TG	META	AFR	18	6	1544	54.8798356056213	0	0	0	0
TG	META	AFR	18	7	3649	751.718989610672	0	0	0	0
TG	META	AFR	18	22	1221	71.9890809059143	0	0	0	0
TG	META	AFR	18	23	1299	35.2611320018768	0	1	0	0
TG	META	AFR	18	28	3926	208.128661394119	0	0	0	0
TG	META	AFR	18	39	7582	1648.91039872169	0	0	0	0
TG	META	AFR	18	41	11091	868.576020240784	0	1	0	0
TG	META	AFR	18	42	6173	1826.88967013359	0	0	0	0
TG	META	AFR	18	52	4333	1186.79822397232	0	0	0	0
TG	META	AFR	18	60	6801	1638.87861990929	0	0	0	0
TG	META	AFR	18	61	5647	1141.74833798409	0	0	0	0
TG	META	AFR	18	65	5765	1257.05347895622	0	0	0	0
TG	META	AFR	18	69	9400	2393.9889087677	0	0	0	0
TG	META	AFR	18	74	8927	2369.00223755836	0	0	0	0
TG	META	AFR	18	77	1357	117.654166698456	0	0	0	0
TG	META	AFR	18	79	1987	501.442563295364	0	0	0	0
TG	META	AFR	18	80	3570	1238.49560475349	0	0	0	0
TG	META	AFR	18	82	7491	2032.37057137489	0	0	0	0
TG	META	AFR	18	85	5953	1167.71502637863	0	0	0	0
TG	META	AFR	18	86	196	21.1127321720123	0	0	0	0
TG	META	AFR	18	87	275	31.9506177902222	0	0	0	0
TG	META	AFR	18	120	3222	924.206582546234	0	0	0	0
TG	META	AFR	19	1	512	57.7557489871979	0	0	0	0
TG	META	AFR	19	4	51	3.25201559066772	0	0	0	0
TG	META	AFR	19	5	45	3.50238299369812	0	0	0	0
TG	META	AFR	19	6	1725	288.238832950592	0	0	0	0
TG	META	AFR	19	10	1528	332.670085668564	0	0	0	0
TG	META	AFR	19	15	971	177.228279590607	0	0	0	0
TG	META	AFR	19	16	725	88.0289294719696	0	0	0	0
TG	META	AFR	19	19	471	40.3725287914276	0	0	0	0
TG	META	AFR	19	20	1450	282.332096099854	0	0	0	0
TG	META	AFR	19	21	929	172.860785484314	0	0	0	0
TG	META	AFR	19	22	3852	1002.0244641304	0	0	0	0
TG	META	AFR	19	29	2301	620.753215789795	0	0	0	0
TG	META	AFR	19	30	2376	624.708093881607	0	0	0	0
TG	META	AFR	19	32	2902	301.424364328384	0	0	0	0
TG	META	AFR	19	33	1497	290.742038965225	1	3	2	3
TG	META	AFR	19	34	1648	301.134943246841	0	0	0	0
TG	META	AFR	19	35	4021	1167.5696721077	0	0	0	0
TG	META	AFR	19	37	4743	1602.87178969383	0	0	0	0
TG	META	AFR	19	38	1094	62.6683940887451	0	1	1	3
TG	META	AFR	19	39	6780	1438.88919568062	0	0	0	0
TG	META	AFR	19	45	1250	213.496874570847	0	0	0	0
TG	META	AFR	19	51	2289	382.225172042847	0	0	0	0
TG	META	AFR	19	52	2589	711.843219280243	0	0	0	0
TG	META	AFR	19	53	5454	281.414087057114	0	0	1	11
TG	META	AFR	19	54	9436	2545.79161787033	0	0	0	0
TG	META	AFR	19	62	5922	2265.30804300308	0	0	0	0
TG	META	AFR	19	63	2438	156.886818408966	0	0	0	0
TG	META	AFR	19	64	6984	1562.21821880341	0	0	0	0
TG	META	AFR	19	65	2323	502.043535232544	0	0	0	0
TG	META	AFR	19	67	10985	2012.3620839119	0	0	0	0
TG	META	AFR	19	69	4679	1606.85964274406	0	0	0	0
TG	META	AFR	19	70	3901	623.17951464653	0	0	0	0
TG	META	AFR	19	71	549	53.1106421947479	0	0	0	0
TG	META	AFR	19	72	7242	554.940431594849	0	0	0	0
TG	META	AFR	19	74	5716	487.452004432678	0	0	0	0
TG	META	AFR	19	75	1275	2673.36206889153	5	8	6	7
TG	META	AFR	19	76	5202	2032.92996883392	2	4	3	4
TG	META	AFR	19	77	8227	2113.7487642765	0	0	0	0
TG	META	AFR	19	79	3079	962.714035987854	0	0	0	0
TG	META	AFR	19	80	1437	283.252992630005	0	0	0	0
TG	META	AFR	19	81	3989	379.900233983994	0	0	0	0
TG	META	AFR	19	90	4172	837.751410007477	0	0	0	0
TG	META	AFR	19	93	1602	226.1642370224	0	0	0	0
TG	META	AFR	19	98	1514	328.748994112015	0	0	0	0
TG	META	AFR	19	104	2466	437.721970796585	0	0	0	0
TG	META	AFR	19	106	1252	200.625690460205	0	0	0	0
TG	META	AFR	19	109	435	49.3551223278046	0	0	0	0
TG	META	AFR	19	110	5441	1218.08283829689	0	0	0	0
TG	META	AFR	20	2	1854	430.578081607819	0	0	0	0
TG	META	AFR	20	7	2874	670.829589605331	0	0	0	0
TG	META	AFR	20	18	1913	392.711844444275	0	0	0	0
TG	META	AFR	20	19	658	109.046015739441	0	0	0	0
TG	META	AFR	20	23	526	78.0110142230988	0	0	0	0
TG	META	AFR	20	34	3145	991.33593082428	0	0	0	0
TG	META	AFR	20	40	2374	614.837028503418	0	0	0	0
TG	META	AFR	20	47	3830	998.253531455994	0	0	0	0
TG	META	AFR	20	48	6717	1437.61896109581	0	0	0	0
TG	META	AFR	20	59	8531	2400.5713365078	0	0	0	0
TG	META	AFR	20	60	4593	1364.22098946571	0	0	0	0
TG	META	AFR	20	62	3972	1229.02174735069	0	0	0	0
TG	META	AFR	20	63	8548	3221.93152594566	0	0	0	0
TG	META	AFR	20	64	2164	672.5897128582	0	0	0	0
TG	META	AFR	20	65	4608	1578.99990463257	0	0	0	0
TG	META	AFR	20	68	1768	388.36074590683	0	0	0	0
TG	META	AFR	20	69	3603	525.255160093307	0	0	0	0
TG	META	AFR	20	70	2899	891.769044160843	0	0	0	0
TG	META	AFR	20	71	4278	328.792829036713	0	1	1	2
TG	META	AFR	20	73	3981	355.331284999847	0	0	0	0
TG	META	AFR	20	84	4183	1172.69067287445	0	0	0	0
TG	META	AFR	20	86	3101	697.108845710754	0	0	0	0
TG	META	AFR	20	87	1669	380.04123044014	0	0	0	0
TG	META	AFR	20	91	3564	418.17289352417	0	0	0	0
TG	META	AFR	20	93	6031	1682.04423260689	0	0	0	0
TG	META	AFR	20	99	3483	880.701390504837	0	0	0	0
TG	META	AFR	20	115	3411	747.300766944885	0	0	0	0
TG	META	AFR	21	2	932	152.316437482834	0	0	0	0
TG	META	AFR	21	4	684	40.4458513259888	0	0	0	0
TG	META	AFR	21	5	2551	468.076261520386	0	0	0	0
TG	META	AFR	21	48	6502	569.777269124985	0	0	0	0
TG	META	AFR	21	53	2531	405.855568170547	0	0	0	0
TG	META	AFR	21	63	2536	159.399835109711	0	0	1	4
TG	META	AFR	21	64	4493	1332.68577623367	4	4	4	4
TG	META	AFR	21	65	3101	812.285933256149	0	0	0	0
TG	META	AFR	22	1	2254	462.601252794266	0	0	0	0
TG	META	AFR	22	7	1319	149.809208154678	0	0	0	0
TG	META	AFR	22	13	2263	589.887994289398	0	0	0	0
TG	META	AFR	22	19	2443	676.591491222382	0	0	0	0
TG	META	AFR	22	29	4289	1314.44265174866	0	0	0	0
TG	META	AFR	22	30	14085	4063.68770813942	0	0	0	0
TG	META	AFR	22	37	3536	870.077632665634	0	0	0	0
TG	META	AFR	22	40	1761	355.596261739731	0	0	0	0
TG	META	AFR	22	43	3635	298.765897989273	0	0	1	6
TG	META	AFR	22	44	2508	312.47406578064	0	0	0	0
TG	META	AFR	22	45	3920	901.804297447205	0	0	0	0
TG	META	AFR	22	46	8934	2776.24910449982	0	0	0	0
TG	META	AFR	22	49	770	124.620294570923	0	0	0	0
TG	META	AFR	22	54	2641	749.237595319748	0	0	0	0
TG	META	AFR	22	56	184	19.6256506443024	0	0	0	0
TG	META	AFR	22	57	1963	529.56693148613	0	0	0	0
TG	META	AFR	22	64	1781	199.219389915466	0	0	0	0
TG	META	AFR	22	69	3063	604.948267936707	0	0	0	0
TG	META	AFR	22	70	5094	1319.39821410179	0	0	0	0
