chromosome	block	num_variants	num_variants.EUR	num_variants.AFR	num_variants.EAS	nlog10minP.EUR	nlog10minP.AFR	nlog10minP.EAS
1	3	1089	519	820	156	6.8829427528603295	1.7915735881819363	2.7522775363046503
1	4	2418	1272	1984	407	11.327607923625951	2.9564452084821284	2.382163663905961
1	5	4183	1955	3594	488	6.50489182430698	3.5148106584823093	1.589554773970316
1	15	5915	2722	5216	1437	5.501540126504074	3.135612325996088	1.3279232343341665
1	17	7392	3336	6602	1882	5.323023326713329	3.664189792756531	2.535022459898154
1	18	2807	1456	2496	790	5.990203098841834	2.639251816431396	2.7790830026497115
1	19	6289	2682	5384	1298	6.104427841331068	2.8352900727885815	2.2919907485014357
1	21	4107	1723	3660	1080	5.18233702398775	2.627368794698633	2.8482144668592677
1	23	2054	991	1852	620	5.543617947917908	2.947147872684557	1.6083555799055766
1	32	1608	882	1442	511	6.774988364511669	2.303050077401697	2.272853309598753
1	35	7576	3113	6543	1512	13.133828218946917	2.6317387687532876	2.391772556599494
1	43	1561	877	1376	471	5.15252435732823	2.5673968480781206	1.97038183524014
1	48	2933	1230	2576	691	14.982956764379084	2.5845215222935427	1.9086354111789248
1	50	4052	1846	3554	951	4.911935786208472	5.2250169429762545	2.63886363330634
1	51	2748	1248	2313	611	5.512949011831417	3.557514085804199	2.4910262824744427
1	52	7662	3167	6601	1510	45.30070178704723	3.7080054007824055	1.9488894052457908
1	53	6782	3002	5709	1289	5.5114656296932925	3.1093484239343865	2.402461169804172
1	58	7977	3184	6810	1575	6.806974867423113	4.35262417644908	2.5484754813797164
1	63	6016	2067	5211	1610	4.881777865284495	4.279851714359969	5.8926925437013535
1	67	5112	2444	4388	1234	5.099089122047994	2.8859221260914087	2.5193695132220366
1	70	5204	2539	4508	1507	31.05233421650748	3.4494886943794447	2.1277275249334924
1	71	5451	2477	4682	1654	15.39363348162572	3.1444886506690577	2.0897842664456774
1	83	4832	2364	4244	1626	20.10497555473107	3.038123952622731	1.9745752749524463
1	85	2221	1241	1974	958	5.264720097730909	3.3419166802960105	2.2148166596272976
1	94	1205	672	1055	353	14.33197227512207	3.2145426813616593	1.9064779627374464
1	96	4588	2269	4148	1350	16.037872364606738	3.275789870710897	2.971925066615347
1	97	5735	2732	5089	1570	466.09256306441665	61.76879030735696	33.82704982244546
1	100	4607	2126	4054	1650	5.4107267678359925	2.8100865374444286	2.3722703700274264
1	101	4765	2171	4245	1289	5.093955606691117	3.4717391067224175	2.300537276401779
1	105	13314	5775	11487	3215	13.112331557351856	3.5062776698606433	2.554975297105059
1	124	7846	3743	6840	2078	12.777985718990545	3.0432271549792396	3.2928847481258448
1	125	10100	4461	8663	2416	14.820074572820095	3.1220209142809985	2.34279641596038
1	127	4191	2121	3674	1325	5.102522699253738	2.8690326612202024	2.7464978027684603
1	129	2770	1453	2213	581	13.696164952576655	2.4043329946323873	1.9105702080671665
1	132	5181	2551	4547	1723	6.896565348776634	3.270808942517805	2.1884656757103884
1	135	8676	3713	7509	2230	3.0876533908626764	5.633281944423471	2.6938009173317137
1	138	7623	3451	6665	1597	10.31924935688308	3.860207753094323	3.929597029886551
1	139	1748	893	1514	430	8.314938642922405	3.1978351073550564	3.206919068013489
1	143	4556	2200	4016	1210	7.766292899346619	3.645891709044111	2.571382380782471
1	144	4212	1745	3661	749	6.967526704404809	3.353477041272773	1.801324885879117
1	150	5686	2617	4916	1696	5.4434195977920385	3.2452011394823703	2.387082923276759
1	154	10097	3923	8691	2237	22.018551341431845	2.8928410114770533	2.5293149640616925
1	155	3960	1519	3504	1128	6.4850549962869435	3.119301921013668	2.4144455129046754
1	156	5534	2449	4612	1411	19.75740265758472	4.5714472413232725	2.280646516337207
1	158	6392	2612	5374	993	9.713210745803565	2.723319775218022	2.74035855196506
1	168	6258	2959	5333	1730	7.110694835289646	3.02816476884519	3.521016520218081
1	182	8632	3510	7605	2209	18.73568312842809	4.866820126954457	3.76967608607895
1	183	8248	3675	7164	2279	7.396168816768447	3.697474510119583	1.810043205479829
1	184	1838	831	1603	525	3.3886412296066797	5.824119625593481	1.9619309268651193
1	187	5505	2517	4655	1542	5.5006788953493135	3.9564604291383954	3.0441772989422335
1	192	6103	2751	5207	1790	6.3212749603612925	3.604754880563792	3.1829970691904164
1	193	7035	3137	6039	1989	16.164751772984843	3.3710237180539027	3.8304541187493
1	201	7442	2902	6258	1846	6.052741880978984	3.2668284788035233	2.3299500889663367
1	202	5908	2859	5163	1600	6.513467291773661	3.4320983234638027	1.932197765309089
1	203	4869	2204	4393	1530	8.025768056594575	3.411248383747857	2.318381286691263
1	207	3551	1679	3090	972	6.5330848034733195	4.174335891864982	2.67980254604493
1	208	4365	1974	3716	1263	9.131990830040085	3.705271159177997	2.0553382611632705
1	209	1461	779	1258	541	4.888021490772538	6.915534916168276	3.489740696868904
1	211	3166	1395	2773	771	18.03546202139983	3.968920691608827	2.404580688250747
1	212	4348	1950	3850	1163	4.863640900640252	5.766513988243259	2.2554297069343665
1	213	3200	1526	2785	881	18.90820842704304	4.35713199989755	3.1921689805949107
1	214	2744	1369	2484	756	6.5458742406904245	5.051996990449744	1.8576259417644791
1	217	2388	1339	2056	737	3.1778541827669047	5.555356367696562	2.624703324372448
1	219	4734	2355	4148	1622	8.178030522064285	3.650357577517984	2.90920296665905
1	221	5548	2474	4835	1783	8.312737176122729	5.954944989285006	3.346213550293927
1	226	2327	1266	1978	672	7.637712124174088	3.889771049623818	1.9849324866126856
1	228	3121	1385	2787	894	5.341827797288972	4.004517238279818	2.165920607980388
1	233	7437	3388	6521	2269	37.11015838102073	5.189703803109556	2.669432496395384
1	234	8644	3910	7476	2668	22.672876329923984	5.037368259213809	2.4387040816131726
1	235	5981	2570	5239	1504	7.50662832341741	3.460902118766555	3.4529302955718064
1	238	11476	4970	9835	3673	6.034467483310568	5.094217558921524	2.9685586033134825
1	239	2751	1373	2306	994	8.702802762018946	3.8703746617387984	2.5444013396844505
1	240	11719	5176	10161	3916	8.2131150644594	4.963645269483766	3.0317142855569816
1	242	2813	1335	2439	606	13.510057696995938	9.620139171743109	3.6562895144643246
1	243	3102	1579	2762	927	199.4493813253456	11.464303461804567	3.820603287137741
1	244	6771	3302	5951	2078	13.396902017881224	3.48371236155897	2.678853985400911
1	248	3553	1887	3070	1132	4.242964612020257	5.694791684129938	2.3295925274073523
1	252	2532	1273	2317	730	7.191563246186637	4.659439349608373	2.696981311815132
1	254	4612	2227	3997	1159	7.633159116885903	4.919717371257623	3.7562528322397104
1	255	2778	1245	2516	920	5.596519792940747	5.4416009324393	2.174614479554246
1	257	2892	1437	2584	1136	5.0988394760114435	3.076297426585675	1.6008171430738418
1	264	3227	1577	2785	894	4.157315050836084	6.026415288901165	2.5173913382478266
1	274	7434	3337	6482	1896	5.505019963250003	4.392022492092947	3.3324045363955004
1	277	1556	772	1390	352	3.9708926666038353	5.263321792803691	0.9317919338519568
1	280	11401	5116	10100	3083	3.0855759024113825	5.029988387751484	2.281616262178971
2	1	1547	662	1410	541	13.068337619794374	3.2080200207778784	2.01116038489644
2	2	9981	4187	8995	3005	5.795633226785545	3.276651760929473	3.046153974520475
2	6	3096	1473	2716	901	18.034278678498524	2.840392503804493	2.166007730515862
2	7	2120	988	1923	670	6.661877233919531	3.884985635591484	2.491691684928655
2	21	1933	954	1680	349	7.0056165689163885	2.367370468709462	2.1586315785985666
2	34	7084	3500	6254	2097	5.76146042889483	3.7139020351230223	2.6795778779973056
2	41	3630	1711	3253	1052	31.693556219097708	2.990262304888039	5.40913840180087
2	43	779	395	711	198	6.03329750691443	2.5364401459059613	1.1997080426575628
2	44	3827	1682	3326	842	352.8990459279757	12.758729206298076	17.358459065728407
2	45	6888	3319	5959	1785	23.00994916544999	3.686990474801701	2.175531148625078
2	47	8521	3999	7471	2124	8.460570561912418	4.452378568322744	2.4190825935300326
2	48	5269	2422	4596	1188	14.617557134070951	3.3209741859744772	3.0924631411267973
2	49	8328	3442	7286	1484	1218.510382579404	45.16324683992688	76.52396846435967
2	50	4699	2190	4173	1391	12.018226913868864	4.7759234764534	1.7486248042177182
2	55	12483	6312	11035	2789	5.812579776335841	2.7987725163691457	3.2148994635111654
2	63	5076	2391	4482	1275	6.276516045704064	2.992233550734333	2.7195427345747087
2	66	11956	5511	10535	3593	8.135568988612597	3.0781312749589143	3.135510176340108
2	69	6357	3001	5621	1980	7.305457945192202	2.5224640844103874	2.350164087290207
2	71	4980	2360	4455	1182	13.040627231687568	2.992851448423957	1.574410354301921
2	72	8250	4059	7354	2429	6.299162907447425	3.3057532836430976	2.9829113356249075
2	74	2756	1442	2485	836	8.302551377156242	2.652500701135453	1.883522970193681
2	76	3835	1960	3423	1161	6.649881773741089	2.6993699516713545	2.220021106431801
2	79	7586	3819	6455	1438	12.671414715662362	4.63592260533992	3.731786105749997
2	80	12222	6020	10846	3931	7.867646017347684	3.678860544101291	2.830876650561719
2	84	16529	8188	14486	5569	6.081809589837548	4.089206167417195	3.556804195391471
2	85	15817	7335	13800	5454	12.94291437433192	4.502616996616945	2.611459913634895
2	86	6464	3201	5700	1889	10.40012719112354	2.6973181270671613	2.242792562564386
2	87	2312	1204	2015	653	5.0134553812550875	2.910258769298281	1.8881815431041296
2	88	19821	9806	16712	5432	10.934182395531876	4.109528811586492	4.293285437225792
2	89	4761	2238	4258	1036	40.05807321334929	4.092272751408765	3.142190551411241
2	90	3993	1948	3547	1250	10.243123116949144	3.350931190204077	2.6286069214131045
2	95	4445	2031	3908	1313	6.538135985273846	3.1538555402507624	2.575928058594301
2	99	4184	2023	3745	1082	7.880117571957651	2.9961167219970295	2.663742757908976
2	115	9616	4027	8448	2652	5.487762294850876	3.2532787086485753	2.7296239564173175
2	117	5115	2259	4508	1250	7.5895845587804	3.5520029505168056	2.4617725086153723
2	122	3918	1826	3348	954	18.849746599382655	3.5303211538646813	2.6386814516972144
2	123	749	300	669	54	6.152226591272453	1.930685222528128	0.5471374824027443
2	124	7089	2894	6305	1715	11.41372174600293	2.9608507711305427	2.8370878523064995
2	125	5847	2437	5184	1569	6.091281565723232	2.5488472293761353	2.4197282112753764
2	128	10255	4713	8911	2399	11.941516322962231	2.826316456180492	2.107371283324631
2	131	291	133	266	83	21.114041956024646	2.305066901683253	2.0261537496226527
2	132	1111	527	981	283	9.363335894116222	2.538643813072807	1.3556264046595026
2	138	8683	4108	7510	2235	6.459496918056676	3.762991111307491	3.6803432852262783
2	153	8214	3838	6986	1814	11.862913007532542	3.0243921162357656	4.124861587728464
2	159	11616	5345	10172	3979	5.886633941174517	3.403789890849064	3.0650263759344463
2	161	8727	4217	7534	2516	5.032936203003344	2.608447945933443	2.6622526965828843
2	163	377	176	345	0	7.292522384617144	3.4968673536377293	-Inf
2	164	1696	831	1473	402	5.208760578103035	3.3411803263517763	1.790428551431972
2	166	13703	6407	11511	3733	11.275839551471202	3.485190570315332	2.820886688161204
2	168	5973	2662	5116	1554	114.41308914013666	7.237363356936807	4.000706060916396
2	169	6709	2816	5802	2100	7.0195394557757895	3.149378259000359	2.566057889667425
2	171	8528	4093	7519	2541	8.926871307740203	2.8118889221301946	3.19691587863849
2	174	2030	1030	1858	707	5.123258608229545	3.0441261960673445	2.151845480182436
2	176	8154	3802	7052	2565	10.489764627314518	3.293530786473472	2.1633569671698307
2	180	5288	2527	4623	1515	6.764431895179577	3.4061109994827805	2.4759561582976435
2	181	8307	3905	7100	2213	5.388044563134174	3.1526821175382387	2.1611328035423045
2	184	11067	4853	9583	3316	6.5179518923935476	3.1258070659589876	2.8982186632654594
2	186	8120	4201	6953	2424	9.353505928130412	3.1786210585160504	2.0526433852369412
2	195	15643	6636	13217	3986	6.67160516299355	3.561135644987771	5.241682473473292
2	197	7188	3290	6156	1975	5.401276972540842	2.724962882053144	2.1902499590247553
2	198	5355	2358	4600	1147	9.355109548070926	3.306993881936099	2.4744227326939474
2	199	8962	4033	7545	2235	14.55162126566072	3.6809724765902145	3.3631033105619794
2	201	7247	3393	6288	1907	5.169312997216183	3.037811197267115	2.9001621792133085
2	202	1178	630	1029	249	7.741679498719464	1.935128495364507	1.018565092916133
2	205	4125	1959	3573	967	7.606117551009167	2.978046397932912	2.7312077142093396
2	210	4282	1913	3888	1272	5.065991384463975	3.877945865436166	1.8937685067755163
2	211	6324	3341	5627	1675	6.721300955719486	2.9847750500819674	2.6088840056622984
2	213	14095	6522	12633	3632	7.546443591724023	3.788672365728531	3.255868876907395
2	214	2588	1430	2295	908	7.2557771469934496	2.1918563733251877	1.9299602748588107
2	217	3957	1519	3415	879	37.007334214384386	5.051886277180524	2.3445380446412347
2	218	3062	1240	2652	734	14.73191601052389	6.337600505368825	2.368057338321559
2	230	4128	1903	3553	1119	115.4024127666438	7.796018380377681	2.107958512987514
2	231	2175	889	1985	549	10.893907972927147	3.354843047142293	3.3483825831849208
2	235	2486	1414	2158	757	7.158852770927031	3.939049598164451	2.3190357380649527
2	237	5581	2714	4875	1448	5.3666159860379565	3.3515342061264968	2.371660432701338
2	240	5096	2606	4352	1471	7.010990984090235	3.647529079968122	2.3210961692193113
2	242	4659	2220	4042	1608	7.606470888666282	2.709971133844348	2.129647433529754
2	250	10245	5007	9119	3431	8.368656605563139	3.3810984492177365	3.908448820178427
2	251	3528	1918	3114	894	5.436255375378197	4.237329583157817	2.2982623531732136
2	256	6451	2602	5444	1583	8.676350921140635	2.910073535037019	2.645267734393267
3	1	21922	10859	19642	6691	5.161381926236854	4.453668691234984	3.412701184003293
3	8	1583	964	1375	478	15.43377347905135	2.5773628299501548	1.8707746924391695
3	9	1675	901	1479	543	7.487063967998367	2.302847857782682	2.6442866377058487
3	20	6620	3239	5669	1853	11.128708772343964	3.506279985478554	3.3131124850064864
3	23	4395	2000	3909	1185	7.35115725974902	3.7760761452237728	3.3863800176831695
3	24	7104	3325	6100	2011	34.91020720019399	5.15001024483461	5.58965848422338
3	30	6996	3288	5924	1895	9.420260510625932	3.3788756349145457	2.927264779998348
3	31	3214	1648	2859	1071	6.398949463272548	2.285369753286343	2.1929381799323893
3	33	1645	895	1362	563	5.186291325991233	2.386394937598947	2.305660080231399
3	35	6810	3388	6072	2312	5.51111467120727	4.028339541245449	1.9084686439981855
3	39	9047	4344	8012	3330	8.531902013349972	3.7589553304603935	2.0307281286693804
3	40	4535	2079	3941	1470	9.963508036707688	2.9118454028253433	3.6824370704182576
3	41	8399	4293	7579	2429	22.34321597520113	3.264438625685842	3.772534966186407
3	49	8469	4318	7485	3126	5.154600193852325	3.315136262203984	2.8622579260429077
3	55	3719	1657	3230	843	11.960140363719493	3.4910750335444183	2.272698761955797
3	57	4266	1983	3717	1232	7.568449879942887	2.693197217238113	3.2046023511209603
3	60	12199	5518	10367	2743	5.330962101097283	3.204641147963112	2.109030277079753
3	62	4138	1922	3610	1236	8.10021045706391	2.398387713590203	2.643403256602952
3	65	2961	1376	2622	868	5.025576112881111	2.011201044563586	2.7286987937563323
3	70	6455	2946	5832	2150	5.0286609057915435	2.708567634292284	2.838947226306102
3	71	8501	3634	7594	1877	7.612036406001543	3.5273754354310456	3.0533700327823055
3	77	12631	6277	11212	3555	8.376162183224157	3.87729192221631	3.1188604663925905
3	83	9435	4802	8340	3298	5.710054823113292	3.3325705774144136	3.115181795293948
3	85	4499	2014	4081	1564	12.891204124474726	3.629887032975831	3.5491576365246367
3	88	5822	2964	5064	2047	8.847065644120317	4.593439459948484	2.9168643458072614
3	89	6606	3062	5793	1645	5.902892753402257	4.224345895675117	3.953575969462477
3	114	4548	2289	3908	1105	6.867454827364595	2.5808768854922923	2.5791488286784725
3	115	5755	2769	5112	1722	5.1402891037972775	3.552938094739823	2.318446983260979
3	120	6148	2796	5353	1615	5.520981816278107	3.296065875198055	3.015133598113938
3	121	7520	3463	6384	1917	5.624712847557869	3.356089066399861	2.695397042509012
3	124	1370	547	1208	298	6.713313970185372	3.1884704895353058	1.299027108339591
3	132	10343	4205	9006	2587	8.91136313021166	3.0269477182056592	2.8136957817270747
3	133	4811	1998	4120	1524	6.908293941972567	3.084391106265669	3.3505668594748
3	136	3226	1686	2849	926	5.132012345572363	3.3882375737207093	2.475619439591274
3	140	8044	3733	6784	1961	42.55288553637998	3.558431127162754	3.2011795072655795
3	145	7779	3409	6683	2316	17.582136551224572	3.992392763655982	2.4785633490509276
3	150	6487	3370	5523	1599	6.1611476296862016	3.6936385726371737	3.2338312577627017
3	155	6235	3062	5449	1767	25.71601518184836	8.557962259162194	2.583140608528109
3	161	9028	4110	7933	2548	14.208591822270762	3.732253947320997	2.2800838664258083
3	162	11059	4576	9762	3192	32.1513547673543	5.004122579178509	3.275393778077633
3	172	4932	2213	4342	1347	20.341886136035463	8.462802741613396	2.657815256195782
3	173	2880	1410	2586	728	6.649495498000115	3.908601655412295	2.078836752269545
3	174	1598	886	1398	398	5.846398942051536	2.5093586914724524	1.301895170424851
3	175	1963	1093	1754	600	41.21061967932365	3.3850512305948897	2.1174211605280675
3	186	8548	4052	7402	2335	6.541548328838533	5.652060915381978	2.931540921386423
3	191	4910	2148	4249	1401	5.4530310716003765	3.3401927520828796	1.5279570197536485
3	193	7604	3397	6729	2086	9.405301261294484	3.06873761577161	3.6353865693703487
3	196	1369	784	1224	261	6.047693614455074	2.6439516507593632	1.321119154381486
3	214	8702	3900	7467	2108	8.801312134306178	3.972737310182328	1.6606315201657154
4	1	20910	9611	18153	4516	79.16627136878076	3.2377765283260773	11.671874808492372
4	4	4966	2479	4397	1604	20.600487530844976	4.311499541515588	2.2869451518758304
4	19	3089	1634	2777	645	4.4118237804102325	5.035249637109894	1.3742944559215642
4	21	11377	5116	9992	3556	5.912625674658647	2.7427581037692232	2.6584099857608203
4	28	5838	2760	5087	1873	6.834467346052438	3.9828140963800327	2.839876703801633
4	32	8160	3706	7184	2310	21.60467985374024	3.896847246095437	4.1777757600873935
4	42	1012	522	891	323	27.815010598520807	3.9921410912775186	1.716120907713762
4	43	3491	1712	3015	851	8.414547190211774	3.096248990391285	3.3313441125305303
4	48	6533	3101	5670	2013	5.130205261978763	2.65860776758083	3.38503627355165
4	54	14915	7097	13467	4982	5.398600209030589	3.9422859724976584	2.9052218420521996
4	55	6122	2591	5398	1857	5.934241848130587	3.3910140124395713	3.859441461906638
4	64	10729	4838	8963	3064	6.72082559052893	3.83539174524493	2.3626741122372663
4	66	5526	2430	4810	1472	9.92447734542092	3.0250063520680395	2.1013309672590372
4	74	6692	3052	5808	2261	5.582420132616532	3.172477633267922	2.078066899026513
4	80	8034	3407	6791	2129	20.632051462856552	5.4050782040036935	6.030203404657883
4	82	3391	1265	3010	797	8.292955316681297	4.555215925202251	1.1873754745594276
4	84	7432	2895	6612	1785	6.377473028232841	5.994962532747296	1.9368816187811415
4	87	10371	4476	9109	2896	12.3837443101069	3.3689022700877063	2.4201509219557575
4	90	7081	2907	6224	1656	3.3146063070149148	5.102981770837743	3.908334519409078
4	95	2578	1164	2321	795	5.084997017289007	3.531131967556959	3.349521854829583
4	97	4178	1730	3759	1060	6.855134173083335	3.9810912525648146	2.9455362751375143
4	101	8605	3592	7513	2078	74.90921145913553	7.587805029049129	8.260088992675156
4	102	4570	2087	4119	1374	7.16025246606611	4.1216387131051695	2.54034897163257
4	103	3449	1547	3091	1099	16.299123278655262	7.7076954812536655	2.060475200614168
4	109	3329	1453	3006	889	7.248297086337814	3.420502349511166	2.999097105744194
4	112	10753	4879	9121	2783	3.540498430929606	5.713999995203101	3.4803494595381697
4	113	8220	3917	7036	1919	18.933980904283437	5.7781652873333815	2.518808864300408
4	114	7530	3535	6484	2139	5.872535566920036	3.299012913862536	2.1426550208078425
4	115	3420	1507	2990	992	36.913877826344475	4.111813403263326	2.0093655418152245
4	116	6534	2670	5686	1363	11.108727770842105	4.443851782126604	4.665916282829656
4	117	7510	3436	6407	1912	7.213494470684714	3.616084117368535	2.364188158630447
4	121	6047	2432	5305	1719	46.14794508782044	5.964474778689746	3.0577275598308877
4	122	2279	1057	2040	807	11.596813562795754	2.7797270239665797	2.617176685324432
4	133	7462	3262	6558	1710	5.744965204951146	3.194904234753932	3.2198838834641954
4	134	11576	5243	10256	3496	11.749831212555405	4.001463903568999	3.247404536408483
4	136	10841	4782	9167	3074	6.244311416711282	2.608828483257311	2.9879998007449884
4	139	12170	5252	10646	3664	5.098606021916935	3.434931450617047	1.9080671347031193
4	147	2811	1413	2526	857	7.1664695804004115	3.9225271057452065	1.6182263631664426
4	148	4759	1994	4297	1306	9.387984475812734	2.6881819077428317	2.0417292397663487
4	149	6265	2832	5522	1898	14.677811941639543	4.32089696724519	4.288224200587568
4	150	7737	2944	6740	1949	6.28057679846886	3.083149060258326	2.711425983347199
4	153	7355	3190	6349	2095	7.691514564345002	3.7802092789843655	1.9121254880416656
4	154	3126	1248	2721	898	9.35327701359549	2.7720654302955254	3.5358916011530304
4	156	10578	4554	9110	2926	6.630412325564917	3.7362177070171727	3.041021845089667
4	159	2797	1297	2540	793	6.595472294508613	2.622778727431165	3.5428686825083173
4	161	2741	1242	2369	618	26.427113872259792	2.8946329706942477	3.2128034487237573
4	162	4781	2258	4203	1463	10.039270277852076	3.1925327418099343	3.1324378146111633
4	165	5207	2403	4494	1470	19.413184653647036	3.775193728287128	3.1039234456175517
4	180	8150	3178	7377	2055	2.8350228416767655	5.874326076634162	2.62083554866348
4	184	3268	1574	2946	1068	5.131495735489376	2.7292706496848935	1.9150664685950165
4	199	1275	688	1145	385	5.546472773025796	2.9241843162696095	1.8318468896719613
5	27	12040	5265	10594	3600	5.828391592808274	4.040302548646797	3.089956201574643
5	33	3890	1833	3440	1072	5.086513881261004	2.7950456894664364	2.9840967000151437
5	49	1550	874	1408	572	5.161647655741693	3.1698058150757253	1.5702076991240597
5	64	8135	3935	6965	2480	28.67590989340661	6.258066196584683	3.1223014719537385
5	66	6214	2566	5481	1428	5.662611412085821	3.4810652409421525	2.046690995901137
5	68	1857	961	1660	496	66.24955877061812	10.943407333232896	4.2787169197971835
5	69	2713	1350	2395	876	92.50667877917104	3.956678530181818	7.30627111030793
5	71	8906	4163	7788	2865	14.9278604089769	3.525900222672738	3.026898416012252
5	72	10334	4533	8965	2762	8.836008825758496	5.460524369041204	3.2466720864424095
5	74	13118	6052	11158	3392	5.675719330591991	3.7456370377946993	2.092523317199894
5	78	2182	1140	1898	532	32.03681696919983	3.5941626157216224	1.829151682739792
5	81	5087	2404	4435	1419	7.19501315254372	2.894006411592086	2.850017857872179
5	85	7449	3348	6550	2503	5.384166946652007	2.993451825419064	2.4228256492570988
5	88	2743	1439	2446	846	5.853378609248482	3.4399653436685114	2.618194381835927
5	92	4706	2098	4093	1474	13.400166154235391	2.7211743898993976	2.0952875865346097
5	96	7101	3344	6244	1847	6.502148230874327	3.2463705569437367	2.8645010673945563
5	97	4461	2010	3921	1529	13.59694516299114	3.6806153996471864	2.6728468406484316
5	102	9602	4502	8105	2227	8.034496706036455	2.516236071682898	3.656049986336299
5	103	6678	2797	5856	1600	9.42532027438047	2.898595980288549	3.647802398393256
5	108	3135	1354	2748	822	5.635447401338485	2.7229892484170124	2.700384300304844
5	109	3747	1728	3343	1120	6.24996067513425	2.96286793630847	3.3667976833332847
5	111	9505	3868	8441	2582	6.710528376798649	3.495893490383302	1.5820988035135133
5	114	20747	9397	18456	5433	6.7006999290444895	2.7553641006661733	2.814673972785827
5	116	8543	3895	7612	2653	8.416558916450242	2.8791675576811566	2.654943308203471
5	120	7980	3836	6912	2525	8.726667920063989	3.038512994110224	3.718589871146366
5	127	12618	5530	11027	3422	32.4434052998593	4.656909297745344	3.0461303859952564
5	130	8897	4173	7778	2746	5.44360741595482	3.1114314138269785	7.1877652527748195
5	136	8484	3883	7357	2489	10.106895806716809	3.2748527065450155	2.9466057281359013
5	142	6063	2788	5302	1516	8.945596898739025	3.192349617395413	3.1632888845729052
5	145	10801	4905	9054	2541	5.6247566315277275	3.8330655980482056	2.6740971525398156
5	146	8956	4108	7651	2114	10.477154025990146	2.76527188289656	2.798413097977141
5	147	3430	1747	3099	1157	10.424848768141754	3.4367547043591213	2.7738704513096515
5	152	10934	4797	9520	3335	7.659041707924198	3.5631755747984575	3.413025996135258
5	156	5213	2118	4623	1640	6.658306882501786	3.3108864455631704	2.6178881084739163
5	158	4491	1968	3998	1297	10.36862805578563	3.250325602200716	1.866245067197886
5	159	874	429	755	242	5.155621273704942	3.860312440392854	2.072336198947903
5	164	4344	2111	3752	1293	6.585276092152174	2.9773388860429866	2.9551713310184593
5	166	6902	3309	6138	1939	116.75903058389328	9.938129115844951	17.730539052034565
5	167	5576	2437	4985	1337	7.700383659571904	2.9772122150818254	2.531414558463456
5	168	6608	3072	5752	1769	36.67388035780316	4.671907236950514	3.6026589926622674
5	174	5890	2941	5031	1898	6.413096547388634	3.436195689280137	2.0791083001021997
5	177	4598	2409	4059	1260	5.584296731235449	2.6224392258434657	2.1965016586424713
5	181	1880	978	1689	572	5.150277654841075	2.674431840251742	2.5773904504331604
5	182	2477	1204	2176	807	6.243908566982552	4.22098002153535	2.1910307293490976
5	191	8856	4312	7961	2518	5.267593081251701	3.844528734357618	3.2207939745981617
5	192	986	547	886	393	6.031366421398318	2.5064741172388576	2.3109615862533466
5	193	1943	956	1752	618	5.8588315118872405	2.448874374993222	2.186758254196624
5	194	2415	1211	2199	623	11.426699369663645	2.325047974914865	2.341753882456325
5	202	4511	1875	3853	524	16.607364117972953	2.4526126122914182	2.860369366731326
5	205	3220	1486	2851	955	5.908616458097294	2.943244727902491	1.4234846194596886
6	3	1120	609	1009	365	5.689436644344825	2.909709122958446	1.5094504331231575
6	19	5252	2621	4682	1691	9.106073081651555	2.905072706700935	3.726523934468721
6	21	3889	1776	3499	1274	5.106910344681838	3.780269300702866	3.3627761406323025
6	27	3278	1539	2929	1100	5.981448773141833	2.593672364729579	2.4683379905186285
6	29	5663	2476	5070	1626	8.322326516689436	2.755501727323394	3.294276844455545
6	32	1573	875	1417	575	6.4998640610589264	2.9189387322003517	1.6998793470970253
6	39	9629	4562	8566	2821	11.05798336216414	3.832395588563751	2.516702659359885
6	43	6123	2932	5398	1686	12.53254492797432	3.1082428466590075	3.401668551593821
6	46	455	250	422	173	7.071058918686039	3.0888346023239244	1.1936973343263726
6	47	7679	3739	6802	2347	5.761146930133143	3.3188747801258556	3.610133453323576
6	51	12453	5667	10908	3622	10.675620714303056	3.8611415856953775	6.087900930873284
6	52	3982	1798	3585	1151	10.457216110526732	2.5386029893901423	2.3429693964000595
6	53	3731	1636	3300	982	6.532790725549451	2.958596307196642	2.45901875104619
6	56	3592	1765	3168	963	5.214862741880324	3.0603288985806114	2.5414898402883637
6	57	3615	1787	3171	1168	5.604062983858018	2.509133484975239	2.2435738847382427
6	58	6101	3089	5348	1660	13.054102441949675	3.0155411551027465	2.2521396517390593
6	60	3378	1692	3033	866	7.158937412307417	3.663931883034895	2.371228272604648
6	63	6064	2663	5211	1509	21.176735255247905	3.761782387314789	1.8832598072840343
6	64	643	292	589	128	134.63713062132598	7.254017074093426	8.657581780969014
6	73	912	444	808	297	33.97707251927718	1.7446875976880625	4.40415398625973
6	74	3049	1493	2671	923	5.157926469959993	2.587285239241446	1.965566546297184
6	75	866	420	757	307	6.872756461313807	2.566864981743771	3.3875130555731405
6	76	11608	4915	10249	3661	5.151282632620208	3.28317454432413	2.2044264563403284
6	81	12554	6321	10751	3381	5.051602584148902	3.3701359382081417	2.629354351922734
6	88	18778	8269	15916	5034	11.86239100486172	3.9024704928294143	3.0000240117065577
6	94	9107	4181	7842	2667	5.228262867849074	2.941540664184217	3.11636870081629
6	97	5714	2713	5003	1728	7.293178052354511	3.498225799256236	1.9155187452167253
6	98	7473	3389	6431	2012	6.534375767465255	5.278565470069712	2.644253407366851
6	99	7787	3652	6753	2174	7.21303814332804	3.331385320338486	3.094480582866228
6	100	92	66	73	37	11.779816308051169	2.2596730101873255	0.7587274680561138
6	105	5680	2838	5044	1883	10.612581445791127	2.7631498982672884	2.3962433711421136
6	106	4839	2228	4207	1723	19.424184787962087	3.0393233801873776	3.3806045734992347
6	108	1911	883	1674	542	5.8194099378429405	2.409787645679691	1.6470271567853287
6	109	5450	2373	4825	1658	16.783527766942736	4.17978711389692	3.0836677282050973
6	111	3821	1740	3375	1192	8.786070023996155	2.731971572797614	2.700735174875125
6	112	5797	2789	4977	1708	9.218594090355166	3.8540989311658658	3.0524151884719113
6	116	8227	3881	7108	2412	6.040404233609042	2.96094075623001	1.9400614359248016
6	124	9552	4264	8225	1887	56.65168388409363	4.687417559740968	2.00113759593997
6	125	6358	2720	5577	1053	5.351802930920193	2.847667011859426	1.5811713011638149
6	127	4568	2160	4126	1189	18.855182202815783	2.477462327613558	2.4308840738660304
6	130	7659	3633	6655	2445	7.863389021225254	3.311277430280427	2.420250667888187
6	140	3906	1867	3503	1329	5.220774771155945	2.9797486336197565	1.440137066734171
6	143	130	67	112	0	5.3817504190084104	1.4978197491654206	-Inf
6	146	3146	1464	2735	905	6.49894263774854	2.7325293077838455	2.5645112342816874
6	149	9681	4073	8414	2758	5.141781770530173	2.846692552457019	2.546809547361897
6	154	4301	2070	3889	1531	6.4296642357022415	3.2768096385660392	2.5595930034035757
6	157	2590	1332	2332	793	3.354862190939268	5.173036606567856	1.902780697969911
6	158	5151	2348	4512	1566	7.340498364485137	4.8415496599676455	2.4115358090047394
6	160	6303	2988	5605	2007	10.56565528129178	3.460398100552177	2.936415827824608
6	161	5479	2374	4957	1467	5.15762843332626	3.4992026091595876	2.306841335869089
6	169	12975	5971	11508	3456	57.8933878458496	4.794933731249176	4.52616715951326
6	173	6099	2977	5345	2203	6.800102752641758	3.578817844825472	2.3305789034443793
6	175	3184	1849	2820	944	17.863253412460175	2.8170462871705046	3.1478653078481145
6	178	2000	1000	1823	728	9.294638505851472	2.4200803582348707	2.1381047249668237
6	179	3320	1713	2963	1219	7.217291084455906	3.332427817961801	1.7874689694953585
6	182	5239	2247	4746	1768	6.640726061280444	4.26005148023388	3.491957110456877
7	3	5307	2288	4573	864	7.486112510540131	3.751594980879128	3.9112943064474153
7	8	11599	5747	10346	2988	5.152515470297876	3.2631168139136104	2.5123050242221376
7	11	5640	2671	4957	624	5.948529545580871	2.7963922115781323	2.6926286552160335
7	12	9964	4752	8719	2161	9.431057515495246	4.051860715424278	1.5336165193241111
7	13	3907	1870	3510	885	6.119868366616931	3.2716497218844216	3.3728010925519674
7	25	7610	3868	6904	2912	10.197102549045988	4.6559276931510905	2.5327477625438606
7	26	7389	3762	6687	2475	6.492791551770707	3.187831806303543	2.0122607267512764
7	29	5234	2750	4678	1717	5.741734224500623	3.960034801263764	3.140869114079502
7	30	6507	2949	5866	1762	3.5617404157502945	5.034122008029019	2.4821946271520807
7	31	5640	2743	4972	1933	16.44864472863448	5.245956412202834	2.510201752977108
7	32	6226	3198	5544	1951	17.92552478805123	4.264161369151284	3.0838182080226737
7	33	8322	4010	7273	2427	17.666964601961705	4.19818586424623	2.3759183200337595
7	35	6912	3364	6119	2480	3.53636398650794	6.615273342297392	1.7371072533075882
7	37	6572	3474	5776	2293	10.58639555961325	4.06818640330138	2.0972746643869815
7	41	6096	3054	5446	1869	5.8463259355112385	3.418043094751906	3.1626706219667535
7	42	6191	3107	5379	2014	46.18193588747741	3.796471192812183	4.178155409266887
7	43	8866	4068	7807	2336	5.0130698679015335	4.6047009541603146	2.8699633120535597
7	44	1263	577	1133	363	10.929939243337513	3.829977425983417	2.416308448098606
7	45	2470	1329	2241	781	5.162178393666431	2.872432505549067	2.054267447422373
7	48	1278	648	1160	400	6.001085161377572	3.482659686603009	2.5818905770648084
7	50	4333	2107	3875	1099	5.091691907681523	3.2304077455534137	5.827208846449187
7	54	7300	3176	6545	2381	5.5518146360476495	3.770686364971291	1.896068673359428
7	58	6111	3099	5373	1730	5.963736940897948	3.693654452296003	3.3882174656867283
7	64	482	251	450	171	5.112508518785974	2.3329571886779297	1.1066954212059543
7	66	2744	1421	2336	766	6.26011636434625	2.5561985018787903	2.101540919121481
7	67	16306	7599	14047	4217	43.67502937026332	5.501544607579088	3.294363205504757
7	69	3854	2056	3311	1133	6.7017389321681495	2.9410513933393396	2.4688537628302263
7	73	2330	1059	2004	654	5.516888361195919	2.713939322800373	2.849323570060201
7	74	2811	1381	2476	929	5.467176380040312	2.65078442243187	2.428648491303226
7	85	8510	3525	7164	1621	675.509744999429	19.77172741173366	52.93254877506678
7	86	2481	1224	2015	511	28.25818750479641	2.9216480295641274	4.312024657823709
7	87	869	387	682	0	7.385136414867976	3.136760251543831	-Inf
7	88	9941	4002	8765	2765	13.095329172738918	3.0100246037497027	3.629390002945894
7	93	2701	1278	2437	938	6.376852290690703	5.721498324613436	2.262556775046769
7	95	3788	1944	3286	1241	11.247932736468686	3.966486214890193	2.515223883108408
7	103	5026	2428	4142	1378	6.684786654362382	3.725680571615445	2.5229897952568
7	109	5409	2276	4709	1571	7.472499879329499	3.668068714237146	2.4854133415608732
7	114	10896	4823	9454	3618	8.414388703211507	2.697511854378129	2.5850930080616723
7	118	2194	1231	1965	647	5.976199712204	3.0001909062657135	2.697477612302015
7	119	4332	2161	3636	1168	10.00438467211363	2.9675863171130556	2.0667006713210543
7	120	821	389	732	236	6.7673078519175185	3.6661304519427	1.9459929586055569
7	121	11957	5335	10640	2813	9.628625194876836	3.732760147327374	2.933483417951576
7	125	7403	3373	6348	1386	6.506545262295444	5.157626514075954	3.204875053137888
7	127	2050	979	1698	384	13.824734298223108	3.142715803287893	2.499223166036332
7	128	2171	1024	1908	386	15.197202940340423	5.485176603173392	2.3932137366043142
7	132	14075	5918	12268	3951	6.113446985279685	3.570676613584276	3.0851106167010527
7	133	12628	5936	11011	2700	66.40414277967122	3.912432328626082	5.313327790073027
7	143	1972	1038	1764	474	6.0800172883502475	3.4774901885738907	2.209448603215646
7	145	4534	2029	4044	1165	7.116972161085731	3.616551339296541	2.543090336894367
7	147	2963	1382	2642	673	6.604204683825782	3.105545460244977	2.673019916519961
7	148	3908	1696	3398	836	5.207001500966809	2.699985523780075	1.6992200494987637
7	161	1537	729	1290	459	8.422444980166704	2.705497502390902	1.792616371259259
7	162	12276	5311	10855	2845	20.66089639233247	3.959075111368176	2.381031968930211
7	169	1402	603	1241	415	5.361785858807379	3.723985379435871	1.4425957683591035
7	177	1952	1028	1758	147	8.066490265620017	3.271072895348022	2.103116064473093
7	184	5539	2626	4805	1637	6.821756591560334	2.7337162464273916	2.5306780260117736
8	13	1975	998	1822	670	9.480358038911374	3.0425587377938075	1.8761819387603775
8	17	6185	2980	5510	1580	6.324954935992485	3.635908412205771	2.6725302848148793
8	20	4985	2472	4547	1833	6.894276358151633	3.162545463057683	5.293905448476734
8	21	5215	2717	4634	2129	10.811922725770543	2.721399607420168	3.0591846155298588
8	24	12125	5332	10939	3985	8.030288735510785	5.01780465464156	1.9727229884651123
8	27	3908	2064	3486	1246	3.6877687816624016	4.700487128612366	5.183941503655272
8	28	2299	1257	2173	968	5.551957328090812	4.139985175625896	2.429867052473641
8	29	10596	5282	9673	3750	86.78691230117039	7.3084429059111375	13.960170520253198
8	31	1328	666	1218	294	4.972941577744014	5.214998361208391	1.8844323324615793
8	32	7379	3679	6646	1908	1223.6384137133537	84.56132622022268	90.53593260236788
8	33	6100	3069	5435	1904	25.388900511099596	7.722133901032665	4.73429479517977
8	34	3046	1620	2703	704	6.714763998361733	3.727885108417615	1.501391091499976
8	35	2470	1388	2098	758	3.5428413112517325	5.2831587271262554	3.47975206878893
8	38	2363	1220	2096	591	7.988680527006702	2.4906559594596693	2.2750329452778213
8	39	4548	2287	3950	1464	10.266105574129869	4.681962627557302	2.0658767246519036
8	40	6480	2922	5688	1685	7.976951821481959	3.2524834152909294	3.2051809350254157
8	41	4225	1929	3681	1191	13.38165997947847	3.7765344351065857	2.824135656158673
8	42	7465	3825	6573	2243	9.976629566289192	3.1704555277133473	2.723819701287734
8	46	2408	1150	2177	618	5.083189998125233	2.4853970601447006	1.6984704861112174
8	48	6250	2716	5503	1751	6.166663272892115	2.423075458915684	1.8278178930730904
8	51	10131	4201	8737	1968	5.218088109400051	3.837938127316375	3.3031534369026856
8	53	5388	2406	4485	1091	12.772838301890664	4.226848965801103	2.9808100525738515
8	54	1993	904	1669	314	7.240931386574809	4.492686706533954	3.139514645003689
8	55	4717	2225	3894	798	16.818152491375713	3.465830361566618	1.529444266054656
8	65	3783	1811	3269	1075	6.991612102802274	4.047873432801466	1.957642306137128
8	66	8804	3812	7741	2154	6.711527868106348	3.829992772921384	2.7762619396329744
8	68	5001	2401	4306	1652	52.16804306244621	3.431097286120289	7.69446971977962
8	69	10481	4795	9021	2954	7.596540825612108	4.435310716641868	2.705631311035676
8	71	6846	3182	5806	1849	8.008904519830972	3.960447500511308	2.13622087043833
8	77	5973	2896	5145	1527	7.789813621632428	3.963085454972405	2.0531661448741785
8	78	1243	639	1092	391	22.897171272366975	3.467008971109165	4.235780773358092
8	80	2677	1348	2309	756	5.010882504202829	5.235908473272189	3.4973293526278475
8	83	11217	4786	9655	3100	5.238141956326958	5.1127515118393365	3.261064254752848
8	84	14775	6679	12591	3880	4.117542980588684	5.304670421045186	3.9730374865442233
8	85	5827	2550	5070	1173	4.656811123249264	5.1977392870315215	2.82864890590521
8	86	1292	567	1143	136	2.7582774146928695	5.420832223249014	0.8871182677384631
8	88	7074	3251	6083	1997	9.10292811850945	3.895530184063624	2.535977486552571
8	92	7243	3311	6367	2169	5.085494893108152	3.6462931334915902	3.934183980138098
8	107	2135	1042	1835	643	8.411745837368846	4.006753797813313	1.9557279183528504
8	108	11160	5083	9502	3178	10.71127687402982	3.863472405129837	2.7034754446052327
8	113	4509	2167	3748	1184	14.029639998392003	3.959750986767745	2.65943765743659
8	114	4051	1777	3564	1094	8.395185486064959	3.3516753573867226	2.861661885076548
8	124	3789	1811	3298	1050	14.578664463229874	3.068626224153015	2.255785437351114
8	125	1598	811	1432	447	803.1621247762116	11.977171347376244	40.73881171324071
8	126	481	304	408	166	10.237495187349548	1.959317727877388	1.2275886530039406
8	130	3323	1634	2972	959	6.995428573445119	3.831541012051492	2.312287385093074
8	133	5760	2575	5072	1739	11.749882312076103	3.1035195552138632	1.935402412047973
8	141	3692	1881	3257	979	7.202098975981629	2.965656528092111	2.830256898844378
8	154	3859	1818	3427	849	5.928874050341444	3.2513366413596785	2.6757274316081903
8	159	5063	2186	4384	790	13.688024273263796	4.815161324370673	2.250917367827207
9	1	9402	4405	8621	2816	13.244429099133374	3.151026028483957	3.2561740041595035
9	4	5012	2653	4547	1636	8.905448636491753	4.398665351658947	4.6804657693511835
9	9	3940	1912	3469	1232	5.575936387747063	3.21092068200712	2.560569323713427
9	13	9791	4349	8671	2361	10.836946648179769	3.8919742160845425	2.7567991812848556
9	27	13397	6921	12046	3873	12.34487897134266	5.249962468824597	4.124935684245939
9	28	3890	2167	3538	1342	8.348854194166885	3.622430425466076	2.1888108055236253
9	31	7899	3692	6975	2389	15.28506314539157	4.580634105906823	2.5951511658056634
9	32	2933	1463	2684	843	5.885995518457248	3.9014550305938855	2.8451283887853487
9	33	5359	2492	4881	1971	25.35211872867723	3.7801123544328648	2.9449197830873985
9	39	2350	1083	2029	750	5.962368390083654	3.613778982327353	2.3274407202444487
9	41	752	489	654	203	8.1094625285211	3.761331815832475	1.4456258170033671
9	48	1281	609	1156	427	10.10225107129246	3.2879902155285476	1.5893821747611363
9	50	7786	3621	6922	2523	8.00684592995944	3.392341801991016	2.4971968773664512
9	53	10363	4664	8749	3107	13.13618562085616	4.451085297523977	3.3179722514974417
9	71	614	362	565	162	5.406464862766186	2.4382493629785102	1.456880500724417
9	72	1470	796	1338	410	5.05152163553853	2.672899208542542	2.2673516323589333
9	77	3401	1591	3009	995	5.788939631002955	3.1967232587688295	2.409351673722217
9	84	4879	2356	4238	1517	11.33055926949229	4.37173817186634	3.0219052899958743
9	93	6302	3017	5597	1538	12.936684521392293	3.3270140866356375	9.285848297255392
9	97	2400	1351	2068	998	6.614067323268625	2.8516107421292736	3.021329001051482
9	98	7913	3876	6781	2676	8.911145170677974	3.7450286159986064	3.373963511545664
9	100	7652	3508	6431	2572	8.874938805635821	4.885444404371222	3.081247791571903
9	102	8447	3575	7264	2349	6.8616211243088365	4.413517305556386	3.2077257492228233
9	105	1514	807	1331	501	5.140390132991049	2.4199387336767058	3.3707150379866935
9	106	7297	3517	6214	1780	8.493162596822927	4.545582479370785	2.875340889689076
9	107	1873	913	1662	579	6.568567160476436	3.708907794903056	1.5639175052488243
9	110	9695	4301	8498	2952	7.418314856030888	4.898865714462711	3.5819784236479992
9	111	345	187	324	95	29.096153980697483	2.543316548048411	4.323167588697054
9	112	8380	4165	7397	2148	11.942838857507535	8.013247599483504	3.0130411522062315
9	114	2800	1494	2474	712	11.933896563423929	3.6638526700345344	2.5052015407458548
9	115	8613	4314	7684	3125	7.527506108943071	3.950063807293249	2.7589700818218414
9	116	4273	2266	3686	1530	14.479483393645774	3.662543128143618	4.445821642983779
9	118	10693	5128	9353	3584	7.046848900250316	4.020358279144556	3.2903525034587853
9	124	3984	1974	3492	1370	10.562217044943528	4.1009561923844915	2.0894158105017877
9	128	418	203	362	97	6.105280134994344	2.328084481245513	2.539008365167213
9	129	5941	2851	5190	1970	6.716968710452713	3.3751902041601447	3.8166744651357623
9	134	11109	4836	9724	2705	12.216114389570372	3.9977697836813273	3.4131703540653473
9	135	4916	2197	4255	1147	8.460385243974079	3.863318885671926	2.5262534970638235
9	136	4798	2367	4134	1597	8.7309581115979	3.137691828540804	3.6516309114212695
9	138	8029	3720	6651	2336	5.447099993459711	3.423642058617138	2.552242785200534
9	140	12012	5133	10079	3094	5.7151681988671745	3.5460686564209336	4.269564791836495
9	142	3536	1755	3148	918	5.891328460066739	2.3965079024696587	2.8478520620027927
9	149	4062	1801	3558	763	8.453554655077589	5.066411369987812	3.786069329234629
9	160	1628	843	1402	211	8.299285223529102	3.051740803690054	0.9902986101789484
9	161	1600	881	1289	277	7.777003511647845	2.6607558434388108	2.4642388083685813
10	13	4885	2260	4413	1631	25.827849242707327	4.376231606118097	4.680326302953962
10	14	6281	3234	5559	2195	6.317308226027183	3.517531819476073	2.713713530646144
10	20	204	132	185	69	6.348542185922081	1.4161453377297433	2.4389546998833063
10	22	5327	2667	4781	1697	7.689999352018431	3.642792370496301	3.1273953958246583
10	26	5914	3158	5229	1946	6.557228681495992	2.3952990334799837	2.7668423569806824
10	34	1831	973	1657	662	7.248895838122341	2.9128201639268254	1.7158371166896629
10	43	4413	2275	3967	1398	8.595949637537267	2.982549113995192	2.3341759127170465
10	44	2414	1308	2240	987	5.779303541223538	2.5551738868536176	1.8334269793008953
10	45	7127	3430	6390	2345	5.338322915672738	3.7819072578773234	2.6245398123658186
10	48	10251	3991	9254	1935	5.604448209414435	4.151591033491595	2.4701520197671356
10	49	6089	2549	5369	1741	6.095839995237125	3.718906295430957	2.3910406212901383
10	59	4916	1871	4338	1251	7.913670472760752	4.56272847356109	2.958383628588153
10	60	9018	4074	7928	2404	11.5478105405697	4.821360713709118	2.4894295050228825
10	61	2960	1565	2635	845	8.443705836620277	3.4644473087220407	2.436439427473324
10	64	1224	668	1105	332	8.57370593035843	2.7781325196830102	2.2283380994311863
10	70	7076	3208	6192	1918	13.237247959554631	3.619919766888853	2.6918713976295963
10	76	13001	6048	11559	4127	5.27970024391334	2.908847116060306	3.0845193455419464
10	78	3537	1652	3132	1021	5.114956498719487	2.7093125940003513	2.271161370522604
10	79	7367	3459	6491	2127	18.76291719435698	3.2912633003058436	3.310683586972112
10	80	7218	3671	5985	1747	12.685741701232931	2.5216024028777047	3.0528715120215786
10	81	8342	3734	7075	2263	88.99723979911721	6.809412746248654	8.992249294167815
10	84	12726	5207	11171	3091	6.967045415909228	8.264175550491643	3.460600678988544
10	85	2068	1043	1885	584	5.484762258941058	4.03526396087436	1.908337459054127
10	92	12522	4942	10809	3493	19.453843208301024	3.9199251947195455	5.50968892185087
10	93	2265	1019	1940	510	9.820930510991062	2.3312499679187795	1.9281652186201237
10	99	439	254	384	144	5.394304689880122	2.441782446825693	2.593126653259737
10	100	1923	1061	1742	506	7.813231404856473	2.7968573203065747	2.412614654893772
10	109	7571	3228	6707	2004	5.499535736199367	3.955561930125193	3.7719916157755944
10	110	2359	1116	2028	619	8.199592708642783	2.9960470630438634	3.3881274360201084
10	111	3783	1918	3197	1258	5.472218834565534	3.680609141100508	2.0769427511391703
10	112	1446	802	1286	513	7.196579565752375	2.23385680386543	1.9690910234028296
10	117	9172	4254	7913	2518	89.58557546493189	6.754744980606823	8.57142902676796
10	120	6728	3095	5610	1897	11.260664940670814	3.400174262785574	4.292528035814856
10	123	6097	2840	5305	1687	3.3693010393694314	5.29676081917711	4.045923002891307
10	124	1792	818	1531	472	7.134034632231315	2.7209155521676536	3.2548537542101417
10	126	8218	3515	7162	2444	11.352372642516029	3.4062190055989396	2.920827288723927
10	129	9762	4659	8118	2684	18.2196947002861	3.8616265518937807	4.204354619801121
10	131	8666	3980	7386	2270	6.269415719584443	3.4164089816276033	1.8375740480549745
10	136	11586	5224	9946	3064	5.31490519813115	3.864715320797613	4.918494124523111
10	137	8028	3617	6967	2488	28.693039594184583	4.312971291759218	3.147642242203136
10	138	1363	695	1218	395	26.738927987287365	3.918879847487271	4.436616920515097
10	140	1789	909	1542	305	8.76177206658748	3.1940379668095944	1.269490194386121
10	142	2659	1169	2363	518	9.951798123544297	3.752635563740648	3.497189899063247
10	144	3088	1408	2760	868	5.917621894017793	2.6911198267282814	1.9559844212700463
10	145	2914	1376	2583	867	5.755379753092013	2.7758137077487657	2.2733022558285936
10	148	4838	2385	4317	1318	11.108402877642812	3.2702780609593365	2.792096780569979
10	152	4343	2103	3847	1556	12.904131166291624	3.935124624209165	7.164650401492253
10	167	914	586	752	318	5.137308251116626	2.0502972880122856	1.5022902390292123
10	176	6414	2995	5587	896	13.430027908949295	3.162957643073493	2.025969899967613
10	177	3864	1562	3452	562	11.37935141325891	4.223893917487166	1.5541276194105669
11	2	5024	2416	4280	573	10.193405682513992	2.903810454635238	1.8015529308466312
11	4	3701	1583	3337	703	5.1791096691008836	3.593206866070296	2.411930805079035
11	7	2850	1391	2482	585	7.136582984575747	3.26943484249922	2.3539342713407896
11	11	6713	2955	6071	1920	3.813342654255786	5.217003540135748	2.944702397716493
11	14	5231	2329	4676	1490	6.4917493501843895	3.949599139099112	2.1930144526544453
11	19	2713	1244	2461	662	17.621465184133204	4.837517511088013	2.1956995981380536
11	22	2425	1276	2159	660	7.000512008451561	3.119153503834855	2.6334608069290817
11	27	5325	2489	4702	1484	30.71272607948424	3.368882049635106	4.006918096496494
11	28	4154	1996	3445	1031	18.035225100352328	4.011588217821953	2.477150631439095
11	29	2809	1332	2537	827	6.434717659503449	2.9285722611093292	2.9059358610517245
11	33	4847	2302	4165	1486	7.8836210807991485	3.4238562139681767	1.931487185387804
11	51	5428	2553	4831	1597	11.70003320864534	3.7246119284364423	2.2252540125193545
11	52	3099	1487	2654	900	21.210214834778824	3.1604849588532966	2.1566113061195376
11	53	7050	3051	5970	1825	8.10432126465872	3.3113320997052136	2.5148449996000246
11	54	5142	2265	4344	1418	10.426922718431126	3.1521734261209726	1.9961149699866003
11	56	1125	579	996	326	5.06426625362722	2.0099503671812076	1.2085894460944058
11	57	4936	2306	4305	1172	8.070298377139851	5.151020810907801	2.5697274545308333
11	65	4619	2182	4075	1495	7.573069470270708	2.696605416782855	2.271375722773602
11	70	9149	4273	7813	2952	7.0387213708525405	2.9417300815069436	2.6304888145099565
11	75	3978	1705	3581	539	10.90174628891541	3.3832752904083745	2.811181192359691
11	76	4753	2068	4239	1276	259.7920661962896	8.086755672270856	12.84027252341076
11	77	4988	2031	4315	892	12.63253473478786	3.5466417955120235	1.4186819915798274
11	78	5300	2126	4466	1204	54.17230465980177	3.304610259576028	2.0564537352108783
11	79	11517	4518	9636	2866	26.26327898376385	3.1803517926711486	4.550578559416713
11	80	7548	3101	6607	1332	21.63271449183691	4.316253726485609	2.3243042911673264
11	81	4471	2046	3991	1023	10.58750776091373	2.798544410347956	3.15189247733374
11	83	3688	1781	3189	935	6.119939135562993	3.3369264525827247	3.4739619189384285
11	89	909	475	829	317	5.39506493305777	2.4847918633117008	2.6568647262139873
11	90	11510	4830	10059	2897	13.24397518243812	3.7447303082862233	2.476472395278434
11	104	10505	4490	9132	3118	8.24072248673682	4.2350739095380545	3.346428315445576
11	108	1929	956	1718	543	7.430901129614963	2.263484213765666	4.13618898069415
11	112	6114	3136	5550	2298	3.1299789800041857	5.3706839818362795	2.1797443167290727
11	114	4199	2042	3752	1099	5.568313129560549	2.725480320499144	2.365250290433885
11	117	12111	4952	10667	3270	6.284323448474592	3.4048417462266123	2.6379851899112294
11	121	5221	2516	4624	1677	7.4085318470519566	4.088395025958767	2.600871182164998
11	123	3443	1467	3001	653	8.597304421186212	2.37561060442535	3.062659731028611
11	125	4662	2198	4146	1211	6.50222047743442	3.250716192722795	3.958827968664574
11	126	10728	5162	9551	2925	7.282872571727913	3.78737924537696	4.562822676312334
11	127	1160	599	1047	280	10.659364722642014	2.6486149266299117	2.67668824141698
11	128	688	396	607	230	48.648343223109194	3.5681932552288087	4.469244854558303
11	129	5157	2494	4573	1763	2974.1323769249893	149.74678004678694	522.7951577219474
11	130	2579	1309	2322	988	39.94280907777833	4.858939185456542	3.926887564195878
11	131	531	345	465	212	6.052922154771792	2.8968246717097266	1.7361981228179797
11	133	5474	2216	4767	1650	9.48136188113705	3.2182772905614434	3.8256071855948943
11	134	6989	3326	6118	2063	5.987539420717947	3.0751943976781178	2.3528177699388046
11	138	3206	1543	2910	807	2.6006386811756586	5.057211888768404	2.2415617530949623
11	140	2886	1403	2538	836	6.627236598377819	2.425330127966314	2.4527812073023165
11	147	9873	4870	8712	2780	6.77691605351802	4.388221946681777	3.1172112163045087
11	149	7858	4145	6795	2280	3.668733109024354	5.4511323257521225	2.1758854634183065
11	151	3573	1808	3114	1059	5.7320163787167635	3.3695154055448917	3.799629531779536
11	162	3636	1874	3121	979	3.757409415292981	5.316271550695591	3.618539673729926
12	1	3234	1590	2826	917	8.557065729117554	2.618085218722064	2.8655289205638077
12	4	3566	1490	3212	938	7.216580168749239	3.7777182043778392	1.739513285034897
12	12	1878	967	1651	545	69.98230198219275	2.4303865251964702	2.762832101493002
12	13	3382	1602	3088	1056	6.839658182953101	3.48128184111887	2.337825934403056
12	17	2456	1105	2151	579	10.274926729533842	3.3632909423462896	2.2928686209338744
12	18	5023	2152	4409	1483	5.650897454139943	3.4850075799444045	3.0606150197241955
12	23	6879	2890	6216	2169	7.761338306588993	3.895245157420633	2.09874574612669
12	26	1009	481	918	374	8.808058754470581	2.908788782214758	3.4272641356403577
12	28	3871	1859	3477	1165	5.41772464191178	3.457430405084014	2.760879832390081
12	29	727	358	642	235	6.0795870683467	2.6923112765029056	2.383563384986636
12	31	1468	744	1316	489	6.675497120484831	3.194461757734489	1.5014877037335734
12	32	5303	2958	4695	1680	5.801577179012626	4.358084159297649	2.5406835750888286
12	33	4759	2232	4158	1543	5.311394757202699	4.1909603384515	2.415161248254167
12	34	4089	2001	3429	1271	2.166453840941201	5.087856220911215	1.697379431665725
12	35	2092	928	1853	723	5.253882208032074	4.204003903283562	2.8612958473485848
12	38	6952	3467	6232	2338	6.0669967389167	5.0299601282912	4.812503123690459
12	40	2637	1506	2323	788	27.80209318346148	6.000824258885663	2.483293165949967
12	41	1693	907	1525	448	13.031901560011642	3.488929942650354	1.403322689125314
12	42	10688	4599	9586	3134	42.28542041525458	5.113647138244399	3.977662407152464
12	45	4281	2354	3742	1300	5.071508788240852	3.4435541817844317	2.6429795813053003
12	47	1709	882	1512	523	11.640752726763807	3.563787192259442	3.2381301260306237
12	48	5918	2849	5272	2027	18.60989905791629	6.059595312992684	2.4042468028994484
12	49	6509	3187	5823	2015	5.529921351772951	3.929477581573094	3.188253924861338
12	51	3877	1810	3466	1334	14.996588639363496	4.057546183972162	3.748524139557695
12	57	8524	3924	7387	2493	6.687451242390629	3.2686077492115446	2.863012175415127
12	58	5044	2130	4458	1554	5.770385264476902	3.3965514019007608	2.6652715394635584
12	59	7877	3359	6832	2458	17.27861735416809	3.8710157413670863	3.288652349889207
12	60	3599	1682	3220	1099	10.982025656102552	2.923472740180169	2.7851727386418492
12	62	4746	2098	4119	856	11.615552646349146	3.902441387037696	3.148381239015262
12	63	5605	2161	5012	1804	5.386685701733543	4.120582031997799	2.511489541253663
12	64	3762	1712	3338	900	5.491654655105506	3.4851001572830618	2.309225112898337
12	66	6217	2702	5569	1741	6.55654013657938	4.481123300590401	2.158155912248946
12	67	3391	1363	2997	898	9.322832442665767	4.130727764688893	2.834850528451564
12	68	2245	1042	1957	447	6.523724155954549	3.4768133298320554	2.6001403714701454
12	69	6423	2571	5623	1754	5.02293497935893	4.542785732608224	2.87028686021262
12	70	3164	1276	2620	448	13.111093443303307	4.073364119795707	1.8591388618995528
12	71	7690	3196	6630	1894	48.75224402280607	5.557488740858223	3.057003417973873
12	72	20327	8798	17719	6259	9.522347040983991	4.1103579053685095	3.54782840492172
12	73	6189	2735	5600	1640	8.331352445101373	4.226096640102798	1.9245472169919409
12	74	7560	3176	6578	1799	10.502448122795188	4.268625950436647	3.658217399902722
12	75	930	483	807	272	10.90666855708978	2.422155541492192	2.922370907532138
12	76	3776	1705	3326	1204	6.290419026796389	5.727140101896647	3.818321764274859
12	77	3322	1658	2903	907	5.282861358986305	3.77161935149751	2.869383581667795
12	80	7687	3651	6780	2227	10.032879606969448	5.389080912848665	2.4657586253260866
12	88	6963	3642	6204	2040	6.369583068465301	3.8666245105539674	2.763588163691498
12	92	9673	4536	8278	2960	6.596098680689653	4.154181821793514	2.007563869759041
12	94	7911	3594	7020	2620	6.478402292040082	3.964675200710999	3.005339428806029
12	102	2137	1151	1871	702	4.875522943047204	2.3962701783391545	6.2995963879298245
12	103	787	479	719	329	6.447258853283887	2.3560455186349247	4.111630484540977
12	104	6011	2913	5337	2004	5.587727701825084	3.2349499785528386	3.140938847843836
12	113	5552	2730	4916	1649	8.312374662229415	3.6829453723306664	2.160723828459435
12	114	5416	2609	4779	1565	5.629274578192822	2.8627218203185456	2.261432914369759
12	117	5993	2783	5360	2031	3.138581593140229	3.324584576463789	5.820679580488302
12	119	11041	5183	9521	2877	21.921021941674905	3.687778709549996	4.462783916733651
12	120	2885	1451	2449	708	10.826999508305851	2.8345280654283385	3.0987069329250763
12	121	4117	1977	3620	1397	20.16717496532947	6.194728606446166	6.2447123080013425
12	122	10194	4091	8950	2020	13.64123295499564	5.515717890622563	4.935460055299143
12	125	5831	2896	5186	2224	5.142016097531393	4.790386334865457	2.7212858813274416
12	128	937	482	819	296	5.738075412581988	3.34696031000597	3.227447211428089
12	132	5291	2496	4740	1533	5.8085998684070255	3.93874933339257	2.700169691876429
12	138	10045	4361	8922	2656	5.776832518832784	3.2603587192650414	3.4887532522864424
12	139	14105	5991	12323	3228	62.91672844352683	4.665048262172451	3.0945245823544743
12	140	2369	1246	2136	642	19.228794503507356	6.785586663598566	2.1190535545192724
12	141	3417	1716	3051	976	8.275948670439096	3.285926850056862	2.8667257513123277
13	8	4907	2407	4390	1612	12.553851725122993	4.680572504895962	2.456103482993048
13	13	3434	1686	3004	914	5.40698538896208	3.589235181387974	1.9762830445558128
13	16	5078	2437	4524	1412	5.289677063878939	3.2454018343539244	1.71539715393665
13	20	4882	2317	4310	1494	10.17018690914622	3.742492499684414	2.908828241967792
13	21	6644	3269	5993	1710	14.208902044504317	3.379407097961449	2.6906467015363247
13	36	3938	1868	3562	1235	2.9524144081550148	5.269060346729569	2.23401099454846
13	40	4547	1940	3867	1375	5.70743478189142	2.7248213858364885	2.2353624157906524
13	45	5393	2308	4752	1511	10.314171090007829	3.467886508381843	2.790913592231001
13	47	3135	1482	2846	1014	5.1174940652232666	2.7578561529517907	2.4779547400389847
13	50	10066	4815	8693	2999	21.77729191482291	3.3534491441085708	3.601204970502496
13	53	5484	2636	4758	1541	5.638893619336368	2.862511334327146	2.206902703993538
13	54	17837	8127	15315	5691	7.8212682814076	3.972112129966729	2.709517207480308
13	55	7100	3625	6160	2213	5.424799680602768	3.9313172629269246	2.7108489877892787
13	58	10551	4655	9130	3023	5.139837160834509	4.867638093074154	3.00922230516059
13	60	5663	2887	4906	1803	5.005534205094498	3.021680277274408	2.335202923520975
13	64	2781	1367	2487	800	6.5779907096431405	2.864789435428621	3.075041603525521
13	70	6424	2859	5741	1959	5.3021583574439	2.8927134123284812	2.8270771999732154
13	72	4634	2175	4101	1249	5.360076186782009	2.3909111728845676	1.7355142527632583
13	84	3529	1571	3148	857	31.378488290019323	4.157348437041978	3.3228720181197544
13	88	2207	1072	2010	583	7.209250359956851	3.0199584493262113	2.1702214116893814
13	90	6627	3170	5939	2233	3.1032406557016428	5.152259543454172	3.2691874607061275
13	95	2136	986	1899	567	4.254704451806574	2.630705949473332	5.001609387581217
13	96	2252	1106	2031	732	5.5037173564791475	3.6180348240556706	2.0579499001702426
13	108	1187	675	1056	438	5.007410777547182	1.8290026464583384	2.6644077455026767
13	115	2051	1088	1837	720	5.532936436754117	2.563635150052079	2.822120689581737
13	118	3640	1840	3266	1256	8.729200163464368	2.3981152520897004	2.030418982526625
13	125	5737	2455	5114	1251	64.34178240638042	4.432480748445608	2.0416730906654617
14	11	2479	1081	2173	497	8.131308398751186	2.8522032510362556	5.86961693137247
14	13	1437	603	1227	208	7.130228247552266	2.3718501452672127	1.7278194717193458
14	14	8353	4113	7456	2502	9.287941125855433	4.154766781203014	1.9535140992709632
14	19	6279	2883	5527	1553	7.558488079536522	3.6036569067159183	3.252737665324659
14	24	2285	1223	2101	717	5.977415016881789	2.5269354538398994	1.9493913455815528
14	31	7976	3397	7057	2171	5.096388564611547	3.559661249454394	2.6187215759254774
14	35	8095	3439	7201	2687	9.11903830163647	3.798165686411688	3.2052921308827185
14	42	4562	2094	3965	1241	10.794576206937553	3.8779736643942098	2.460186699490684
14	44	4156	2165	3689	1494	3.3338363976436947	5.670751530335435	3.9508531616795417
14	46	3657	1764	3342	1061	8.885561577211332	4.556490608234063	4.068324363576674
14	47	7289	3044	6418	2029	8.210599465192509	4.240250079061109	2.5960132750798093
14	51	6027	2665	5386	2045	7.00284838055607	3.137505808755509	3.161335811488903
14	56	2944	1280	2574	455	7.526682339601693	3.3845570538350755	2.365069301986186
14	57	11329	5200	9634	3666	6.851974744168986	6.036965143216388	3.3962481034451355
14	63	9705	4175	8531	3051	25.28870365561174	3.361305474438751	2.1319268333195738
14	64	2878	1343	2602	963	5.753016381629494	2.5710771412505946	1.2068708691174013
14	66	5191	2406	4388	1420	6.705646440755303	2.8358548274266044	2.630756563456218
14	67	6101	2927	5457	1693	8.214332229111616	3.801939776739523	3.614956957965719
14	70	6980	3495	6285	2382	7.167739365329427	4.2760273683885	2.601067422568187
14	72	9416	4029	8333	2984	5.267532207852959	4.032227803750278	3.5729520114590154
14	80	1358	631	1205	339	5.097740675892775	2.137498900281098	2.436067942650259
14	81	7721	3573	6863	2540	5.7179588111544035	3.3152030734556694	2.775717877231997
14	84	2644	1272	2252	848	7.316556156150492	4.0201360820952665	3.1149812463828046
14	95	1990	1041	1780	602	10.74161242030149	3.3297390096161505	2.404322620294447
14	96	702	403	608	188	7.404804012939102	3.163191450083674	1.695775472986706
14	105	2969	1460	2636	649	7.751490688312756	3.1122116186300737	1.5145699866420113
14	106	2611	1405	2336	796	5.2154011313048985	2.718008915877851	2.7753348620871092
14	120	2152	1063	1904	550	5.260475766417885	2.686304032136347	1.5518610521962264
14	121	6902	3100	6054	1667	11.249210670899108	3.0160561316105223	3.5102197978357412
14	126	8403	3824	7217	1613	5.200154825926868	3.9029423030809904	1.9228154146907903
14	127	5752	2527	4978	1631	12.735811629749248	3.3014773312143304	1.6509580226769771
14	129	3941	1548	3477	668	6.6104215782306674	2.2638986866618453	1.691290322837085
15	22	7901	3667	6927	1976	11.12614187361368	3.107336603090362	2.266292676037265
15	28	4310	2033	3852	1034	7.9993254330798305	2.3333005349562095	2.9297252578688986
15	34	1894	854	1751	694	13.924722923147382	2.1710279439534257	1.468130111555175
15	35	5562	2450	5014	1811	15.346937790621269	2.780287330157709	2.354347723558399
15	37	7808	3539	6765	2023	14.04947428346513	3.9381036926394217	2.4943944123994997
15	38	9704	3891	7893	2607	193.15630731386565	5.254758951117438	2.2151135732720784
15	39	6677	2730	6015	1667	7.757709820665665	3.429189222008109	2.920675822495237
15	41	5982	2876	5395	2065	5.952382853525934	3.1157829268738655	2.787886320369322
15	45	13523	6125	11854	4161	8.52533635281435	3.649096422476077	2.7486101007144725
15	48	11783	5474	10467	3917	5.690659413210039	3.903066686731876	3.4356914867267787
15	49	1247	629	1095	436	5.855714074965618	2.654071475148863	3.032159011025827
15	50	6005	2762	5279	1765	23.97352002803429	2.7381026078779804	2.496581253883915
15	52	3940	1948	3613	1349	84.90492919070415	4.921471051565677	16.657814553403245
15	53	752	379	693	226	143.4025133366814	15.775783609487526	35.332135428715254
15	54	4739	2118	4234	1433	15.829364903143263	3.574651192773953	2.710849215462288
15	56	5206	2292	4671	1276	6.931372005820848	3.7998304315516456	2.728854469994045
15	59	9280	4708	8092	2851	11.98487888107519	3.2669445680600857	3.1660346298271813
15	62	12093	5405	10422	2713	54.29807560439092	3.1865576329313385	2.4041357334253384
15	64	3431	1692	3036	1180	19.82451680415894	3.455415576028426	3.0755463035950004
15	66	6671	2922	5818	2042	6.66001583189679	3.429671501186231	4.744870339464345
15	71	255	174	205	38	5.630353450999785	2.4014924341760864	0.5967703164801385
15	72	2106	1182	1876	614	5.288359074216942	2.7311073909393997	1.58963600880608
15	73	2569	1170	2184	430	5.478588451846443	3.072836441119005	1.5372107470513845
15	85	5544	2159	4991	1805	5.437166596846665	2.8846730142618138	2.3482258114255896
15	99	714	448	632	229	5.812456065250251	2.3480165135445814	2.605902550973786
15	108	1957	941	1777	510	5.035449546130427	3.1056722504129137	2.435682066687395
15	111	3507	1662	3109	840	9.295530446233304	3.1071899411225754	2.228469154536164
15	117	2103	1024	1863	758	13.90883300236812	3.689431156722675	3.526053067788903
15	118	1310	683	1202	418	16.47820557376879	4.245276271326133	2.921397441944948
16	1	4805	2114	4144	713	6.358427283691625	4.508636565236939	1.8200107014380205
16	2	1502	832	1038	155	22.74992612003846	3.809425204979972	1.7998037435126155
16	4	6384	3063	5215	1144	5.014368355603158	4.660583474194448	1.9128280104627595
16	5	2847	1219	2182	273	8.811098182235407	4.092160684793667	1.0618040060872138
16	7	4239	1987	3705	1091	6.017235335216504	3.8610451325533814	2.5714538472129975
16	9	6417	2833	5541	1177	11.575002075619864	4.3744083848511215	4.991708085188783
16	17	1901	1031	1688	612	5.446813583870615	3.144575380033167	2.6352949277399875
16	24	2157	1077	1957	665	5.0264333848930844	2.859994940427753	2.367712641861677
16	25	4729	2261	4194	1356	5.281898741816504	3.7015346724788207	2.535461442856841
16	33	9164	4212	8148	2937	9.3902442458083	2.837213818321341	4.966937833254689
16	37	6795	3155	5929	1489	57.80046305426056	4.7467721978349635	4.231407807439385
16	59	4680	1715	4057	570	23.106124572362823	3.842771107731455	1.9428044458064135
16	62	3453	1701	2974	979	9.097245990975928	3.704393089849905	2.5237013391420975
16	64	1503	708	1353	288	6.194005590124062	2.9928818013177336	3.9237546841735713
16	68	4050	1856	3553	1141	25.735753031519327	2.45740163702894	3.0053154875479406
16	75	6420	3049	5598	1947	100.72245029030483	7.571207368101282	9.375063947146048
16	76	4221	2093	3795	1149	7.524374773158037	3.267460863683903	2.2317256458468355
16	85	10843	5100	9492	2858	4.983299938984765	2.887873778491564	5.811459655611932
16	88	10746	5186	8751	2372	10.95773718224455	3.2984827501461376	2.96223236882651
16	89	13657	6554	11501	3741	33.05525375908275	5.829615305769935	8.287887397428015
16	90	3025	1647	2683	834	7.167298170322801	2.8898822991716453	3.1439491468958405
16	93	10397	4930	9257	2851	5.612035951720272	3.2857140708424963	3.2788904595236543
16	94	11221	5618	9923	3918	5.50529058492889	3.4776079501026835	3.276595160753647
16	100	721	353	637	149	7.620057440275486	2.9258069705360454	1.1982259006710594
16	103	14392	6925	12847	4710	13.146204851228932	3.1387007233329545	2.6366332055712336
16	104	3942	2096	3572	1265	59.80292495412024	4.954313152198203	4.7113442135428985
16	105	3279	1798	2929	917	6.375100258389947	3.461404194119299	2.084732436135663
16	107	3888	2431	3419	1341	6.152701074251265	2.823029997226873	1.911009637954673
16	110	3228	1672	2915	1062	5.067254145652636	3.2496933335981177	2.3754670541175105
16	114	2542	1382	2243	209	13.44536206703158	4.848467982639793	2.143025973216495
16	116	3134	1857	2676	848	5.17121679323387	3.02466519969979	1.3548556719352989
16	119	4126	2230	3799	1365	11.70268214693634	2.8526918946465503	2.317751992068622
16	125	3741	1690	3217	500	9.05140983587026	2.9687011734350364	2.2167735069489445
16	128	12974	5652	11526	2312	7.772521918870935	3.363626528855149	2.9725979205595108
17	3	3826	1741	3276	868	11.701919632885913	1.9377853319069571	2.3254826635317283
17	8	578	315	460	39	5.302713955952813	2.278222771480822	0.8720202836474157
17	9	6542	3239	5553	1433	20.11764324704612	7.0499700064926865	2.3286729352450477
17	15	353	209	295	0	11.763427674233103	1.4018651403913591	-Inf
17	16	1275	660	1101	100	38.52259460163973	2.4923046316897532	2.521767097515036
17	17	6599	3158	5662	2012	56.72516729539741	5.473386135553993	2.974939804418029
17	23	2370	1091	2058	397	20.58525307991488	4.516337937931858	2.158499364993524
17	24	3989	1967	3495	937	17.046638827928664	4.649029185267133	4.456175646859168
17	45	275	181	248	0	5.614161111175418	1.6605863643599583	-Inf
17	51	9690	4038	8748	1962	21.31119019015711	4.289927538978035	3.339248311049185
17	55	12785	5095	10957	2235	13.868353254256354	3.0436358918101667	3.669709686796713
17	66	769	388	666	232	9.632718670209776	2.313858861178559	1.6499677297046378
17	73	9904	3868	8540	1802	276.887780929602	7.106430901054737	3.729827670541212
17	74	10548	4517	9211	2329	25.91165613857804	3.217699248419862	3.222252314950672
17	75	7950	3529	6858	2388	18.966914670880794	4.511761206097395	3.940058645130239
17	76	3994	1892	3405	989	26.671116203119524	3.0578660084527023	5.195849285577928
17	79	3729	1691	3253	873	9.02863815327256	3.61425571704455	3.122869215703414
17	80	4336	2129	3811	1228	10.06745901445804	2.9388475198640935	2.6113665859544604
17	87	2872	1445	2526	713	9.656051110902627	3.819391059930175	5.1981689093366334
17	90	9915	3692	8569	1959	19.833240727219525	3.3185957314858032	4.600781402768112
17	94	5264	2198	4401	1050	6.476673067520972	3.377856812112811	3.2724196227406264
17	97	6690	3142	5989	2082	37.033513906109064	4.399732570835664	5.0010321804509115
17	98	3516	1676	3091	675	9.221255008664846	4.625515099021648	1.4507923381823982
17	99	638	378	566	185	5.777673945631522	4.9997039134023185	1.4834741306788892
17	100	4453	1790	3928	1004	42.58026048936344	4.330917961522919	5.8229303139988255
17	101	3107	1370	2826	1009	13.049953812140052	3.793916700266868	2.3296935431209893
17	102	2597	967	2331	603	19.54433100566099	2.905883298737773	2.7937690243569295
17	103	2567	1225	2198	676	8.264046926543267	5.084894893769051	2.254652131345159
17	105	4270	2108	3811	1255	11.867705423001352	3.6487775391086914	2.8317252672212283
17	108	658	411	587	200	7.855603872332525	4.399860549206015	1.5923297846650593
17	117	5542	2232	4887	985	10.044013076477142	3.5179710453636015	2.8346154270767325
17	118	4769	2099	4059	995	13.34677811731139	3.9567975310354	2.337254490394435
17	123	4367	2260	3901	845	5.797742242089805	5.977209459421547	3.102027939838785
17	125	6565	3100	5751	1613	39.32515572766668	6.117208073178193	4.840665953158264
17	133	3295	1800	2406	552	12.303398924165498	2.7715894444243045	3.8117146706019303
18	1	2041	1216	1804	597	11.949408291809371	2.428470965093119	2.3227822195950503
18	6	1680	759	1544	514	2.974671325671506	5.163169108014445	2.319352525204874
18	7	4061	1978	3649	1227	10.92741794366049	3.530042243124352	2.86485341485522
18	22	1321	722	1221	485	3.257478748170227	6.502356051206565	2.199654129763115
18	23	1436	789	1299	494	2.2646538757824097	5.570366784288206	2.3499060683955735
18	28	4325	2035	3926	1235	3.5964209257861635	5.838600277679812	2.19036115823484
18	39	8756	4130	7582	2522	6.094110137998932	3.5075387876474533	3.2299273617469764
18	41	12347	4507	11091	2723	14.382200222896936	5.89434365353097	2.2067552348613666
18	42	6988	2994	6173	1968	23.17622448706484	3.853384160380102	4.743158566730253
18	52	4869	2203	4333	1351	5.092705819729954	3.6366833318906457	3.175489228432154
18	60	7966	3619	6801	1928	6.030843105823484	3.7310076944404034	2.7785554132786556
18	61	6723	3308	5647	1873	9.629726816270386	4.095277609180483	2.312188473369253
18	65	6613	3148	5765	1987	5.4604979725592795	3.2357130097296887	2.795744893858107
18	69	10834	5081	9400	3507	7.412339712338584	3.324772335752107	5.7162467678096
18	74	10371	4920	8927	2447	5.205070777325074	2.736737083399571	2.0261888730404727
18	77	1525	704	1357	451	6.610183630303418	3.1573125118281475	2.1096376846089395
18	79	2254	1043	1987	702	12.648793089605968	2.1671582627591057	1.9575056181773731
18	80	4055	1987	3570	1249	6.048320377298932	2.653608297179731	1.9043241589152191
18	82	8390	4096	7491	2824	15.326884602624032	3.5891603006846284	3.034111811605175
18	85	6904	3540	5953	1766	5.490230770824717	3.9574466732722753	2.1468313647132646
18	86	216	118	196	57	22.400529309227757	1.2551812670925877	1.12974337204386
18	87	314	208	275	175	6.434829880488112	1.9649104506186128	2.3984615685295467
18	120	3388	786	3222	1171	5.94756934575997	2.8051468051020465	1.7431376873980846
19	1	643	365	512	116	5.242927669637776	2.9907290897709986	1.08091808676276
19	4	539	526	51	0	6.159068178120129	2.572801959760078	-Inf
19	5	289	275	45	0	10.255656358264106	2.3671489854150742	-Inf
19	6	2430	1489	1725	57	6.886464522281156	2.556501754923976	1.980438585197984
19	10	1974	1023	1528	121	5.771118810643864	3.5214267827294377	1.233278693779684
19	15	1212	721	971	91	6.535562962836899	3.044303554249182	1.2438941934008734
19	16	1151	827	725	90	5.389731993610159	3.611425345207937	1.6955435685932323
19	19	904	654	471	64	23.29555207079221	3.7635408357622824	1.7965305246300325
19	20	1948	1023	1450	192	5.928290681029401	3.6021091793110944	4.476575019205353
19	21	1171	592	929	115	5.334546290564951	2.858365650573098	1.298063864403632
19	22	4447	2375	3852	623	22.48329397625856	3.743134943341252	2.5252328620769973
19	29	2573	1346	2301	745	43.89143520542722	3.0532159008990796	5.624613679623317
19	30	2726	1210	2376	616	21.63859598143055	2.7068619144876997	5.710369947518229
19	32	3450	1771	2902	472	31.72351110796919	4.672830461471521	2.66366552802546
19	33	1755	798	1497	223	456.5128861935055	10.928867114457718	3.859413306355483
19	34	1862	788	1648	461	23.128732130687577	3.0472995381059085	1.604656342918299
19	35	4579	1813	4021	1036	7.032882838540496	2.8616314599346486	2.134764045419575
19	37	5579	2513	4743	1069	11.978155138250642	2.805536567216913	3.805142702273347
19	38	1260	594	1094	249	18.082706036140543	20.24206269237619	5.475123093239318
19	39	8065	3423	6780	1365	5.468315508632824	2.9821571555377804	1.458090222612406
19	45	1497	746	1250	279	5.872788695999808	2.9364447355725334	1.2190079856399512
19	51	2618	1298	2289	508	11.262300335472991	2.5263479856928996	2.402986690253922
19	52	3110	1595	2589	472	15.920860728438717	3.702394892838091	3.222001034050767
19	53	6415	2969	5454	1604	340.4043013482734	6.5594212675103885	16.404555067491728
19	54	10448	4150	9436	3301	10.897321127456802	4.083588651471183	2.6662603509040785
19	62	6604	2983	5922	1979	6.582022262063971	2.552732187284424	2.937700712244601
19	63	2731	1401	2438	625	20.50157833131018	4.850275276919297	3.4849086901750064
19	64	8058	3838	6984	2050	34.01175316010191	3.7391775995288943	4.65958437346249
19	65	2607	1375	2323	633	8.24634626659113	2.930380842459002	3.791397382050016
19	67	12997	5766	10985	3708	7.488909130546402	4.454844900061124	3.336882251086794
19	69	5459	2410	4679	1330	6.119530477306714	3.2617349817284977	2.027504043401158
19	70	4383	1811	3901	715	5.018925262323927	3.2681703691178168	1.8064395647658165
19	71	655	318	549	127	19.046693139357515	3.2042678544436773	2.866277526157222
19	72	8371	2670	7242	929	18.02700986431146	3.129742661795838	1.299606307495916
19	74	6449	2796	5716	1753	24.64731372092853	6.499940700169684	4.963112871527511
19	75	1445	741	1275	128	667.6002183981418	160.49909593493103	43.62111621789803
19	76	6054	2796	5202	888	57.229958080984595	19.041740246197072	3.009090210913655
19	77	9837	4929	8227	1790	16.520402019999167	3.3500680371466793	3.7569670220568345
19	79	3479	1514	3079	768	5.021118126728001	2.6853396384856523	2.060266828453166
19	80	1736	862	1437	153	38.02937553938367	3.479427204242651	0.8588419984463557
19	81	4736	1997	3989	486	21.75375309600647	3.355358134188402	2.1105363330562428
19	90	4756	2377	4172	1335	5.337416960381146	3.1061673299714565	2.6458557768904187
19	93	1798	861	1602	341	6.418052702995881	3.245121816462457	2.820730693745542
19	98	1993	1051	1514	165	12.949488070818912	2.3607074263486387	1.8486846622603237
19	104	2868	1432	2466	579	25.80471205573705	4.379385170273347	4.301437182566533
19	106	1421	654	1252	325	2.9109854531006816	2.995653601383515	5.443892118327613
19	109	532	344	435	162	12.195655401710656	2.9243003881562646	1.8137719310968357
19	110	6196	2769	5441	1501	5.16627449333016	3.278900140210345	2.581318153141725
20	2	2115	1183	1854	414	15.708669517383113	2.6523105031834637	2.1853091206590047
20	7	3199	1711	2874	853	7.44924254897289	3.150600586972915	3.1984139408861343
20	18	2151	1274	1913	814	7.98060042020992	2.8478264779232503	0.995566954554069
20	19	723	353	658	213	6.976428690314684	2.0695189982777187	1.0285290353024903
20	23	580	379	526	209	5.883060756568503	2.285566164754798	1.4101010028433998
20	34	3599	1984	3145	1153	7.887795962352467	2.734894916478698	2.3768407696349048
20	40	2618	1502	2374	908	7.67916098236273	2.5396328873682577	2.0209536813735727
20	47	4335	2192	3830	1535	6.407173164080003	4.554018121565531	3.2570943823533858
20	48	7710	3821	6717	2403	6.322577207950714	3.593646368446393	2.541168022636222
20	59	9548	3814	8531	1520	10.013708133887109	3.325234343271341	2.2990884049226796
20	60	5179	2344	4593	1204	6.490850832505464	3.3689314192377977	4.8464180739681995
20	62	4606	2108	3972	1083	6.263803453384549	3.455868984452853	1.5720022206666209
20	63	9694	4668	8548	2862	9.944604440525108	5.071277319985726	3.819219382767842
20	64	2457	1406	2164	723	41.835509360264126	2.725402754270053	2.205251810324513
20	65	5309	2586	4608	1635	22.79325810013304	3.790591960646302	2.6539622767849687
20	68	2050	1074	1768	511	9.64296840572075	2.505763526586769	1.9508793855826383
20	69	4062	2048	3603	1164	6.809956512079639	4.917444153018399	4.086137918063686
20	70	3318	1479	2899	815	8.781903185078505	3.255063285530353	1.4148893133170064
20	71	4914	2310	4278	1523	161.22587006799526	8.48726422409157	12.420564963353309
20	73	4364	1983	3981	1194	25.417246400166455	4.600751859740932	4.2373695399923275
20	84	4895	2485	4183	1580	13.01421372362295	3.315837347600642	2.5511101412793833
20	86	3503	1783	3101	849	5.504453698262569	3.028686523550505	2.1517935137662416
20	87	1837	1098	1669	700	7.517106103727242	3.3111662616679083	2.184719492976972
20	91	3921	1749	3564	874	5.259951041712405	4.851479559681672	3.310943361990078
20	93	6782	3569	6031	1961	22.912877418727874	4.975527199601369	2.987387159131193
20	99	4011	2033	3483	952	9.564086000695015	4.209165725680982	1.8784846096286936
20	115	3694	908	3411	509	9.887579787335598	4.1876276396032335	2.474640242028384
21	2	1030	479	932	296	5.320543328816996	2.425971697138868	2.2711333683334063
21	4	751	359	684	232	6.1874087384079886	2.4233128455934185	1.7554990665762182
21	5	2832	1135	2551	700	5.526799399264184	2.6611503691146745	1.6059817159940115
21	48	7194	3334	6502	2284	15.45664920135305	3.196376569398286	3.3792208103515513
21	53	2832	1511	2531	874	10.573220436146135	2.256689760709553	1.567946187471059
21	63	2917	1418	2536	700	8.517702583027157	6.227918703382303	2.62170989300336
21	64	5135	2445	4493	1138	5.105344090949172	46.825152828319595	1.6114175955546284
21	65	3150	473	3101	845	5.289355679230242	3.137221436709641	1.8703143669477045
22	1	2541	1477	2254	790	12.397909769900105	3.49406749031788	2.517110758860039
22	7	1446	509	1319	339	5.005402312053198	2.841982787841871	2.0158808685689733
22	13	2480	1002	2263	610	8.06217649938204	3.4728527569911662	2.5830276017628373
22	19	2716	1042	2443	758	13.227097549591464	2.165683393778595	5.040136708909394
22	29	5009	2419	4289	1642	12.377293531939728	2.6611908901999786	3.63723028869891
22	30	16471	7744	14085	4914	12.855429042972291	3.3782183773184316	4.668260167918347
22	37	4043	1956	3536	993	15.8022231960592	3.3808875843497885	2.856287775791678
22	40	1957	1029	1761	408	6.235815266523162	2.689459289493172	2.2813433265349192
22	43	4225	1862	3635	754	45.23391199327638	9.086444759270814	2.3299357579608144
22	44	2901	1255	2508	620	22.83965421300148	4.750104856710208	6.325664525873618
22	45	4425	1910	3920	782	5.21339763889479	3.083208686349147	2.172354131967509
22	46	10614	4585	8934	2464	6.553119771018138	3.297082453045327	2.8569694192185624
22	49	853	580	770	255	11.59651916563134	2.975797953988599	3.4669037395231936
22	54	3021	1476	2641	835	5.60452576488779	2.4801081971612655	2.882747143518257
22	56	342	249	184	0	5.128091119903786	1.443781208291064	-Inf
22	57	2225	978	1963	54	21.31821650080997	2.627272383187999	2.4214432495163565
22	64	1928	978	1781	602	6.611575481196428	2.197256427188273	2.3073680652129833
22	69	3428	1567	3063	882	11.567217985267122	3.7619452965427342	2.861753895782733
22	70	5799	2717	5094	791	11.00257270393444	3.3135684895914457	2.8741109336055723
