pheno	db	pid	chromosome	block	num_variants	L	time	num_variants_0.95	num_variants_0.5	num_CS95	num_variants_CS95
LDL	META	EAS	1	2	92	5	0.618504047393799	0	0	0	0
LDL	META	EAS	1	4	410	5	1.25007319450378	0	0	0	0
LDL	META	EAS	1	17	1895	5	3.14286684989929	0	0	0	0
LDL	META	EAS	1	19	1293	5	1.831374168396	0	0	0	0
LDL	META	EAS	1	23	619	5	1.91741108894348	0	0	0	0
LDL	META	EAS	1	35	1520	5	3.07401013374329	0	0	0	0
LDL	META	EAS	1	40	795	5	1.3879222869873	0	0	0	0
LDL	META	EAS	1	48	696	5	1.56683301925659	0	0	0	0
LDL	META	EAS	1	49	435	5	0.963006496429443	0	0	0	0
LDL	META	EAS	1	51	609	5	1.18647813796997	0	0	1	54
LDL	META	EAS	1	52	1510	5	3.25457501411438	0	0	0	0
LDL	META	EAS	1	53	1301	5	1.72645950317383	0	0	0	0
LDL	META	EAS	1	58	1568	5	3.9046938419342	0	0	0	0
LDL	META	EAS	1	70	1504	5	2.41793465614319	0	0	0	0
LDL	META	EAS	1	73	1804	5	3.63592720031738	0	0	0	0
LDL	META	EAS	1	75	2597	5	8.11189818382263	0	0	0	0
LDL	META	EAS	1	76	1430	5	2.90501546859741	0	0	0	0
LDL	META	EAS	1	78	852	5	1.94329309463501	0	0	0	0
LDL	META	EAS	1	80	892	5	1.3050320148468	0	0	0	0
LDL	META	EAS	1	81	605	5	1.67686796188354	0	0	0	0
LDL	META	EAS	1	82	1017	5	1.40332007408142	0	0	0	0
LDL	META	EAS	1	83	1632	5	3.06185388565063	0	0	0	0
LDL	META	EAS	1	84	2481	5	411.289036989212	0	0	2	39
LDL	META	EAS	1	85	957	5	1.60868620872498	0	0	0	0
LDL	META	EAS	1	88	1284	5	2.0638151168823198	0	0	0	0
LDL	META	EAS	1	89	1333	5	1.90799331665039	0	0	0	0
LDL	META	EAS	1	92	1463	5	2.15209102630615	0	0	0	0
LDL	META	EAS	1	94	356	5	0.796241760253906	0	0	0	0
LDL	META	EAS	1	96	1352	5	2.34018111228943	0	0	0	0
LDL	META	EAS	1	97	1582	5	2.28957533836365	0	0	1	87
LDL	META	EAS	1	100	1655	5	2.96716165542603	0	0	0	0
LDL	META	EAS	1	109	1824	5	2.64676761627197	0	0	0	0
LDL	META	EAS	1	124	2070	5	3.36209106445312	0	0	0	0
LDL	META	EAS	1	125	2412	5	5.17593717575073	0	0	0	0
LDL	META	EAS	1	136	1303	5	2.68098521232605	0	0	0	0
LDL	META	EAS	1	138	1601	5	3.94207262992859	0	1	1	3
LDL	META	EAS	1	139	433	5	1.42310738563538	0	0	0	0
LDL	META	EAS	1	141	755	5	2.42204546928406	0	0	0	0
LDL	META	EAS	1	145	886	5	1.74628114700317	0	0	0	0
LDL	META	EAS	1	147	1273	5	1.39632058143616	0	0	0	0
LDL	META	EAS	1	150	1707	5	3.75626921653748	0	0	0	0
LDL	META	EAS	1	151	2374	5	7.0033392906189	0	0	0	0
LDL	META	EAS	1	154	2252	5	5.7868640422821	0	0	0	0
LDL	META	EAS	1	158	998	5	2.23810958862305	0	0	0	0
LDL	META	EAS	1	162	1177	5	2.15805053710938	0	0	0	0
LDL	META	EAS	1	163	1118	5	2.02247285842896	0	0	0	0
LDL	META	EAS	1	168	1737	5	4.0470917224884	0	0	0	0
LDL	META	EAS	1	169	2863	5	5.10494160652161	0	0	0	0
LDL	META	EAS	1	175	2312	5	5.34487175941467	0	0	0	0
LDL	META	EAS	1	182	2217	5	5.78689193725586	0	0	0	0
LDL	META	EAS	1	183	2280	5	4.40380477905273	0	0	0	0
LDL	META	EAS	1	187	1544	5	2.27641224861145	0	0	0	0
LDL	META	EAS	1	188	1910	5	4.715744972229	0	0	0	0
LDL	META	EAS	1	189	1084	5	1.52514743804932	0	0	0	0
LDL	META	EAS	1	191	1581	5	3.34064936637878	0	0	0	0
LDL	META	EAS	1	192	1786	5	5.01041674613953	0	0	0	0
LDL	META	EAS	1	201	1847	5	3.94052577018738	0	0	0	0
LDL	META	EAS	1	202	1602	5	4.40927124023438	0	0	0	0
LDL	META	EAS	1	205	652	5	1.05055809020996	0	0	0	0
LDL	META	EAS	1	213	887	5	2.97774815559387	0	0	0	0
LDL	META	EAS	1	214	763	5	1.96275806427002	0	0	0	0
LDL	META	EAS	1	216	1645	5	2.33037519454956	0	0	0	0
LDL	META	EAS	1	221	1780	5	4.49498963356018	0	0	0	0
LDL	META	EAS	1	223	1818	5	4.76364660263062	0	0	0	0
LDL	META	EAS	1	226	665	5	1.23564624786377	0	0	0	0
LDL	META	EAS	1	233	2267	5	5.03980350494385	0	0	0	0
LDL	META	EAS	1	234	2672	5	5.88296842575073	1	1	1	1
LDL	META	EAS	1	238	3671	5	12.2464318275452	0	0	0	0
LDL	META	EAS	1	239	997	5	2.20129680633545	0	0	0	0
LDL	META	EAS	1	252	732	5	2.30094313621521	0	1	2	8
LDL	META	EAS	1	253	210	5	1.24689984321594	0	0	0	0
LDL	META	EAS	1	254	1156	5	3.08483791351318	0	0	0	0
LDL	META	EAS	1	255	930	5	1.8149995803833	0	0	0	0
LDL	META	EAS	1	280	3098	5	9.62344813346863	0	0	0	0
LDL	META	EAS	2	6	900	5	4.002774477005	0	0	0	0
LDL	META	EAS	2	19	300	5	1.15295481681824	0	0	0	0
LDL	META	EAS	2	21	351	5	1.60024809837341	0	0	0	0
LDL	META	EAS	2	27	536	5	1.98326373100281	0	0	0	0
LDL	META	EAS	2	34	2092	5	7.06538462638855	0	0	0	0
LDL	META	EAS	2	37	714	5	2.24169421195984	0	0	0	0
LDL	META	EAS	2	38	1699	5	4.01360368728638	0	0	0	0
LDL	META	EAS	2	39	773	5	2.32997846603394	0	0	0	0
LDL	META	EAS	2	40	2426	5	6.5738890171051	0	0	0	0
LDL	META	EAS	2	41	1053	5	1.58799505233765	0	0	0	0
LDL	META	EAS	2	43	198	5	1.49495148658752	0	0	0	0
LDL	META	EAS	2	44	848	5	368.880849599838	1	1	2	5
LDL	META	EAS	2	45	1802	5	3.96920537948608	0	0	0	0
LDL	META	EAS	2	46	879	5	2.52396726608276	0	0	0	0
LDL	META	EAS	2	47	2130	5	6.33720636367798	0	0	0	0
LDL	META	EAS	2	48	1195	5	2.52630257606506	0	0	0	0
LDL	META	EAS	2	49	1487	5	3.42536950111389	0	0	0	0
LDL	META	EAS	2	50	1393	5	3.96751689910889	0	0	0	0
LDL	META	EAS	2	51	1508	5	3.95115280151367	0	0	0	0
LDL	META	EAS	2	53	1142	5	4.40236926078796	0	0	0	0
LDL	META	EAS	2	69	1992	5	4.14302587509155	0	0	0	0
LDL	META	EAS	2	71	1183	5	1.97922587394714	0	0	0	0
LDL	META	EAS	2	72	2437	5	7.70302820205688	0	0	0	0
LDL	META	EAS	2	74	839	5	1.63719987869263	0	0	0	0
LDL	META	EAS	2	75	1174	5	3.2279646396637	0	0	0	0
LDL	META	EAS	2	77	973	5	2.75332593917847	0	0	0	0
LDL	META	EAS	2	84	5562	5	32.7030160427094	0	0	0	0
LDL	META	EAS	2	86	1886	5	3.95439696311951	0	1	0	0
LDL	META	EAS	2	87	652	5	3.09353590011597	0	0	0	0
LDL	META	EAS	2	88	5422	5	29.1737325191498	0	0	0	0
LDL	META	EAS	2	89	1035	5	2.95746946334839	0	0	0	0
LDL	META	EAS	2	97	2248	5	6.82711386680603	0	0	0	0
LDL	META	EAS	2	99	1085	5	4.04788374900818	0	0	0	0
LDL	META	EAS	2	100	994	5	2.05352663993835	0	0	0	0
LDL	META	EAS	2	115	2671	5	7.1164824962616	0	0	0	0
LDL	META	EAS	2	121	2140	5	4.40762948989868	0	0	0	0
LDL	META	EAS	2	122	954	5	2.17527270317078	0	0	0	0
LDL	META	EAS	2	124	1728	5	3.9754593372345	0	0	0	0
LDL	META	EAS	2	127	3161	5	7.85333752632141	0	0	0	0
LDL	META	EAS	2	128	2387	5	7.91378498077393	0	0	0	0
LDL	META	EAS	2	130	276	5	2.80245637893677	0	0	0	0
LDL	META	EAS	2	131	87	5	1.1498076915741	0	0	0	0
LDL	META	EAS	2	138	2245	5	6.71042847633362	0	0	0	0
LDL	META	EAS	2	145	1122	5	3.07534122467041	0	0	0	0
LDL	META	EAS	2	146	2762	5	7.24317336082458	0	0	0	0
LDL	META	EAS	2	147	4142	5	19.7058713436127	0	0	0	0
LDL	META	EAS	2	152	1265	5	2.9912793636322	0	0	0	0
LDL	META	EAS	2	162	739	5	2.23652958869934	0	0	0	0
LDL	META	EAS	2	166	3739	5	16.5186834335327	0	0	0	0
LDL	META	EAS	2	168	1553	5	5.29420876502991	0	0	0	0
LDL	META	EAS	2	172	551	5	1.63201236724854	0	0	0	0
LDL	META	EAS	2	177	2239	5	6.57844829559326	0	0	0	0
LDL	META	EAS	2	181	2219	5	6.74571752548218	0	0	0	0
LDL	META	EAS	2	184	3330	5	13.8108384609222	0	0	0	0
LDL	META	EAS	2	192	2373	5	7.26083898544312	0	0	0	0
LDL	META	EAS	2	198	1150	5	2.76802110671997	0	0	0	0
LDL	META	EAS	2	199	2230	5	6.64789986610413	0	0	0	0
LDL	META	EAS	2	205	978	5	3.27716302871704	0	0	0	0
LDL	META	EAS	2	208	2639	5	9.37473773956299	0	0	0	0
LDL	META	EAS	2	212	1817	5	5.39363646507263	0	0	0	0
LDL	META	EAS	2	213	3643	5	7.47342610359192	0	0	0	0
LDL	META	EAS	2	217	881	5	3.48398494720459	0	0	0	0
LDL	META	EAS	2	232	983	5	3.82648277282715	0	0	0	0
LDL	META	EAS	2	237	1452	5	2.40688824653625	0	0	0	0
LDL	META	EAS	2	240	1469	5	2.99370574951172	0	0	0	0
LDL	META	EAS	2	242	1598	5	4.28762030601501	0	0	0	0
LDL	META	EAS	2	250	3445	5	11.6641669273376	0	0	0	0
LDL	META	EAS	2	256	1597	5	4.49823784828186	0	0	0	0
LDL	META	EAS	3	24	2007	5	5.51163244247437	0	0	0	0
LDL	META	EAS	3	41	2430	5	7.58110976219177	0	0	0	0
LDL	META	EAS	3	43	1621	5	4.49287152290344	0	0	0	0
LDL	META	EAS	3	51	907	5	2.56797409057617	0	0	0	0
LDL	META	EAS	3	56	1245	5	2.80028343200684	0	0	0	0
LDL	META	EAS	3	70	2150	5	6.58892250061035	0	0	0	0
LDL	META	EAS	3	71	1877	5	4.18414425849915	0	0	0	0
LDL	META	EAS	3	83	3303	5	10.1624274253845	0	0	0	0
LDL	META	EAS	3	88	2053	5	4.12142539024353	0	0	0	0
LDL	META	EAS	3	89	1652	5	4.26732850074768	0	0	0	0
LDL	META	EAS	3	104	4315	5	18.9143881797791	0	0	0	0
LDL	META	EAS	3	107	1602	5	3.08500456809998	0	0	0	0
LDL	META	EAS	3	109	3425	5	12.9222047328949	0	0	0	0
LDL	META	EAS	3	120	1614	5	4.51640796661377	0	0	0	0
LDL	META	EAS	3	121	1922	5	6.37706470489502	0	0	0	0
LDL	META	EAS	3	122	493	5	1.34389758110046	0	0	0	0
LDL	META	EAS	3	123	655	5	2.39260053634644	0	0	0	0
LDL	META	EAS	3	125	2051	5	6.12749719619751	0	0	0	0
LDL	META	EAS	3	127	2388	5	6.86443305015564	0	0	0	0
LDL	META	EAS	3	128	703	5	2.11257362365723	0	0	0	0
LDL	META	EAS	3	129	1107	5	3.04065370559692	0	0	0	0
LDL	META	EAS	3	132	2595	5	6.47388052940369	0	0	0	0
LDL	META	EAS	3	135	1926	5	4.76730728149414	0	0	0	0
LDL	META	EAS	3	140	1968	5	5.34710741043091	0	0	0	0
LDL	META	EAS	3	145	2318	5	7.3806517124176	0	0	0	0
LDL	META	EAS	3	148	1815	5	4.0833375453949	0	0	0	0
LDL	META	EAS	3	149	1602	5	4.22557330131531	0	0	0	0
LDL	META	EAS	3	150	1590	5	3.97675085067749	0	0	0	0
LDL	META	EAS	3	154	575	5	2.70330810546875	0	0	0	0
LDL	META	EAS	3	155	1771	5	3.72245812416077	0	0	0	0
LDL	META	EAS	3	158	2350	5	5.96455574035645	0	0	0	0
LDL	META	EAS	3	159	1618	5	3.55189371109009	0	0	0	0
LDL	META	EAS	3	161	2536	5	9.66359329223633	0	0	0	0
LDL	META	EAS	3	165	2273	5	7.51260232925415	0	0	0	0
LDL	META	EAS	3	166	4193	5	17.7013077735901	0	0	0	0
LDL	META	EAS	3	172	1346	5	3.23526692390442	0	0	0	0
LDL	META	EAS	3	173	722	5	2.49073529243469	0	0	0	0
LDL	META	EAS	3	175	606	5	2.7774829864502	0	0	0	0
LDL	META	EAS	3	186	2333	5	6.11181998252869	0	0	0	0
LDL	META	EAS	3	190	1220	5	2.95308876037598	0	0	0	0
LDL	META	EAS	3	195	3951	5	7.76509952545166	0	0	0	0
LDL	META	EAS	3	214	2108	5	6.84971833229065	0	0	0	0
LDL	META	EAS	3	216	913	5	3.03828001022339	0	0	0	0
LDL	META	EAS	4	1	4518	5	23.4154214859009	0	0	1	6
LDL	META	EAS	4	15	768	5	2.71490955352783	0	0	0	0
LDL	META	EAS	4	19	647	5	2.46238803863525	0	0	0	0
LDL	META	EAS	4	21	3560	5	12.4101221561432	0	0	0	0
LDL	META	EAS	4	28	1887	5	5.08893823623657	0	0	0	0
LDL	META	EAS	4	30	1296	5	3.5621004104614302	0	0	0	0
LDL	META	EAS	4	42	324	5	1.83084034919739	0	0	0	0
LDL	META	EAS	4	43	855	5	2.73120522499084	0	0	0	0
LDL	META	EAS	4	55	1870	5	1.81437873840332	0	0	0	0
LDL	META	EAS	4	57	241	5	1.90136909484863	0	0	0	0
LDL	META	EAS	4	64	3072	5	10.3689510822296	0	0	0	0
LDL	META	EAS	4	65	1235	5	3.95474410057068	0	0	0	0
LDL	META	EAS	4	66	1467	5	4.24900484085083	0	0	0	0
LDL	META	EAS	4	71	946	5	2.57141971588135	0	0	0	0
LDL	META	EAS	4	79	1499	5	4.79324078559875	0	0	0	0
LDL	META	EAS	4	80	2115	5	3.94564652442932	0	0	1	44
LDL	META	EAS	4	84	1787	5	5.03021740913391	0	0	0	0
LDL	META	EAS	4	85	764	5	1.90374779701233	0	0	0	0
LDL	META	EAS	4	86	183	5	2.2008364200592	0	0	0	0
LDL	META	EAS	4	87	2908	5	8.91632318496704	0	0	0	0
LDL	META	EAS	4	90	1660	5	4.05692744255066	0	0	0	0
LDL	META	EAS	4	92	1496	5	3.8888680934906	0	0	0	0
LDL	META	EAS	4	101	2081	5	7.09918451309204	0	0	0	0
LDL	META	EAS	4	113	1919	5	4.29851531982422	0	0	0	0
LDL	META	EAS	4	115	991	5	2.23669981956482	0	0	0	0
LDL	META	EAS	4	116	1376	5	3.88776922225952	0	0	0	0
LDL	META	EAS	4	117	1906	5	4.33759093284607	0	0	0	0
LDL	META	EAS	4	121	1720	5	3.90711069107056	0	0	0	0
LDL	META	EAS	4	122	808	5	2.58396363258362	0	0	0	0
LDL	META	EAS	4	129	2162	5	7.57702565193176	0	0	0	0
LDL	META	EAS	4	130	2345	5	7.18359327316284	0	0	0	0
LDL	META	EAS	4	134	3520	5	11.9388022422791	0	0	0	0
LDL	META	EAS	4	136	3061	5	10.04438829422	0	0	0	0
LDL	META	EAS	4	148	1308	5	3.80687642097473	0	0	0	0
LDL	META	EAS	4	156	2937	5	9.34070539474487	0	0	0	0
LDL	META	EAS	4	159	786	5	3.34076809883118	0	0	0	0
LDL	META	EAS	4	161	617	5	2.15158414840698	0	0	0	0
LDL	META	EAS	4	162	1466	5	3.48513746261597	0	0	0	0
LDL	META	EAS	4	203	957	5	2.66063857078552	0	0	0	0
LDL	META	EAS	5	6	891	5	1.92455720901489	0	0	0	0
LDL	META	EAS	5	17	1094	5	3.1345739364624	0	0	0	0
LDL	META	EAS	5	55	568	5	2.54737520217896	0	0	0	0
LDL	META	EAS	5	64	2475	5	7.41874146461487	0	0	0	0
LDL	META	EAS	5	69	878	5	2.71474862098694	0	0	0	0
LDL	META	EAS	5	71	2858	5	3.46297240257263	0	0	0	0
LDL	META	EAS	5	81	1428	5	3.75668168067932	0	0	0	0
LDL	META	EAS	5	82	984	5	2.81708908081055	0	0	0	0
LDL	META	EAS	5	84	365	5	2.07869529724121	0	0	0	0
LDL	META	EAS	5	85	2509	5	9.51593565940857	0	0	1	4
LDL	META	EAS	5	86	49	5	1.40324783325195	0	0	0	0
LDL	META	EAS	5	109	1119	5	2.46792936325073	0	0	0	0
LDL	META	EAS	5	127	3410	5	12.1294777393341	0	0	0	0
LDL	META	EAS	5	130	2715	5	10.6676604747772	0	0	0	0
LDL	META	EAS	5	134	1643	5	1.53040313720703	0	0	0	0
LDL	META	EAS	5	144	1895	5	4.36819386482239	0	0	0	0
LDL	META	EAS	5	146	2111	5	7.13356637954712	0	0	0	0
LDL	META	EAS	5	147	1161	5	2.62598609924316	0	0	0	0
LDL	META	EAS	5	156	1637	5	1.8612687587738	0	0	0	0
LDL	META	EAS	5	157	886	5	2.98220324516296	0	0	0	0
LDL	META	EAS	5	158	1314	5	2.6712532043457	0	0	0	0
LDL	META	EAS	5	165	1169	5	2.32487845420837	0	0	0	0
LDL	META	EAS	5	166	1936	5	6.78720235824585	0	0	1	6
LDL	META	EAS	5	167	1341	5	3.695317029953	0	0	0	0
LDL	META	EAS	5	202	532	5	2.17461061477661	0	0	0	0
LDL	META	EAS	5	207	1479	5	3.97401762008667	0	0	0	0
LDL	META	EAS	6	19	1694	5	3.24271321296692	0	0	0	0
LDL	META	EAS	6	20	1133	5	2.210942029953	0	0	0	0
LDL	META	EAS	6	25	1212	5	2.82395601272583	0	0	0	0
LDL	META	EAS	6	27	1102	5	3.71784067153931	0	0	1	30
LDL	META	EAS	6	34	1774	5	4.41408371925354	0	0	0	0
LDL	META	EAS	6	35	544	5	2.30325818061829	0	0	0	0
LDL	META	EAS	6	39	2821	5	9.08875441551208	0	0	0	0
LDL	META	EAS	6	43	1695	5	2.62635493278503	0	0	0	0
LDL	META	EAS	6	44	340	5	1.78865528106689	0	0	0	0
LDL	META	EAS	6	47	2362	5	6.58501863479614	0	0	0	0
LDL	META	EAS	6	51	3639	5	14.3668220043182	0	0	0	0
LDL	META	EAS	6	53	991	5	1.80754852294922	0	0	0	0
LDL	META	EAS	6	56	952	5	2.3932991027832	0	0	0	0
LDL	META	EAS	6	58	1658	5	2.53189826011658	0	0	0	0
LDL	META	EAS	6	63	1505	5	3.25333666801453	0	0	0	0
LDL	META	EAS	6	64	126	5	1.66306042671204	0	0	0	0
LDL	META	EAS	6	65	506	5	2.21211576461792	0	0	0	0
LDL	META	EAS	6	71	5462	5	32.503084897995	0	0	0	0
LDL	META	EAS	6	72	781	5	2.45244884490967	0	0	0	0
LDL	META	EAS	6	73	297	5	2.32540106773376	0	0	0	0
LDL	META	EAS	6	75	310	5	1.79098773002625	0	0	0	0
LDL	META	EAS	6	76	3657	5	16.9679007530212	0	0	0	0
LDL	META	EAS	6	87	2759	5	8.96427392959595	0	0	0	0
LDL	META	EAS	6	88	5059	5	28.7976896762848	0	0	0	0
LDL	META	EAS	6	100	37	5	0.913700342178345	0	0	0	0
LDL	META	EAS	6	101	2058	5	4.72029161453247	0	0	0	0
LDL	META	EAS	6	105	1901	5	3.6294469833374	0	0	0	0
LDL	META	EAS	6	106	1726	5	5.13131141662598	0	0	0	0
LDL	META	EAS	6	109	1662	5	2.95487713813782	0	0	0	0
LDL	META	EAS	6	115	3781	5	9.93900918960571	0	0	0	0
LDL	META	EAS	6	117	4080	5	14.427668094635	0	0	0	0
LDL	META	EAS	6	124	1893	5	2.05591726303101	0	0	0	0
LDL	META	EAS	6	127	1192	5	2.49266338348389	0	0	0	0
LDL	META	EAS	6	128	1930	5	5.29738354682922	0	0	0	0
LDL	META	EAS	6	134	1270	5	3.44031548500061	0	0	1	13
LDL	META	EAS	6	136	888	5	2.56116056442261	0	0	0	0
LDL	META	EAS	6	140	1330	5	5.08860421180725	0	0	0	0
LDL	META	EAS	6	154	1536	5	3.51084518432617	0	0	0	0
LDL	META	EAS	6	158	1566	5	4.53061580657959	0	0	0	0
LDL	META	EAS	6	160	2009	5	5.11858415603638	0	0	0	0
LDL	META	EAS	6	168	2061	5	3.61902260780334	0	0	0	0
LDL	META	EAS	6	169	3480	5	8.09046745300293	1	2	2	3
LDL	META	EAS	6	170	708	5	3.08216023445129	0	0	0	0
LDL	META	EAS	6	180	246	5	1.59254121780396	0	0	0	0
LDL	META	EAS	6	183	615	5	2.04755473136902	0	0	0	0
LDL	META	EAS	6	187	1325	5	4.67501997947693	0	0	0	0
LDL	META	EAS	7	3	862	5	3.01302170753479	0	0	0	0
LDL	META	EAS	7	5	1742	5	3.98423099517822	0	0	0	0
LDL	META	EAS	7	6	730	5	2.93613243103027	0	0	0	0
LDL	META	EAS	7	11	628	5	1.80626702308655	0	0	0	0
LDL	META	EAS	7	12	2161	5	6.96758675575256	0	0	0	0
LDL	META	EAS	7	13	886	5	3.12400436401367	0	0	0	0
LDL	META	EAS	7	33	2438	5	7.24891042709351	0	0	0	0
LDL	META	EAS	7	37	2313	5	4.87458729743958	0	0	0	0
LDL	META	EAS	7	41	1873	5	3.09856414794922	0	0	0	0
LDL	META	EAS	7	42	2010	5	5.1113429069519	0	0	1	4
LDL	META	EAS	7	44	368	5	2.23043417930603	0	0	1	24
LDL	META	EAS	7	50	1096	5	3.67412567138672	0	0	0	0
LDL	META	EAS	7	58	1729	5	4.74869894981384	0	0	0	0
LDL	META	EAS	7	66	758	5	2.86389303207397	0	0	0	0
LDL	META	EAS	7	67	4235	5	21.0120577812195	0	0	0	0
LDL	META	EAS	7	74	922	5	2.92885828018188	0	0	0	0
LDL	META	EAS	7	85	1641	5	4.09974050521851	0	0	0	0
LDL	META	EAS	7	88	2777	5	9.87419700622559	0	0	0	0
LDL	META	EAS	7	89	1810	5	4.26728558540344	0	0	0	0
LDL	META	EAS	7	95	1237	5	3.27182531356812	0	0	0	0
LDL	META	EAS	7	99	2622	5	6.398850440979	0	0	0	0
LDL	META	EAS	7	103	1394	5	3.07605218887329	0	0	0	0
LDL	META	EAS	7	109	1562	5	3.99843907356262	0	0	0	0
LDL	META	EAS	7	111	1805	5	5.25911569595337	0	0	0	0
LDL	META	EAS	7	112	1113	5	2.22453594207764	0	0	0	0
LDL	META	EAS	7	113	2117	5	5.8139340877533	0	0	0	0
LDL	META	EAS	7	114	3628	5	12.3453967571259	0	0	0	0
LDL	META	EAS	7	119	1173	5	4.43889737129211	0	0	0	0
LDL	META	EAS	7	132	3946	5	8.79373168945312	0	0	0	0
LDL	META	EAS	7	133	2714	5	3.9834098815918	0	0	0	0
LDL	META	EAS	7	134	954	5	2.29196000099182	0	0	0	0
LDL	META	EAS	7	138	2672	5	9.15233039855957	0	0	0	0
LDL	META	EAS	7	139	549	5	1.04966831207275	0	0	0	0
LDL	META	EAS	7	141	2527	5	6.83610415458679	0	0	0	0
LDL	META	EAS	7	147	680	5	1.77166652679443	0	0	0	0
LDL	META	EAS	7	152	677	5	2.32906937599182	0	0	0	0
LDL	META	EAS	7	162	2860	5	3.4759635925293	0	0	0	0
LDL	META	EAS	7	176	359	5	2.04475808143616	0	0	0	0
LDL	META	EAS	7	177	149	5	1.95301818847656	0	0	0	0
LDL	META	EAS	7	187	2657	5	3.87922477722168	0	0	0	0
LDL	META	EAS	8	17	1595	5	4.74924206733704	0	0	0	0
LDL	META	EAS	8	29	3765	5	15.9944989681244	0	0	0	0
LDL	META	EAS	8	36	430	5	1.92568564414978	0	0	0	0
LDL	META	EAS	8	39	1471	5	3.63436770439148	0	0	0	0
LDL	META	EAS	8	42	2241	5	5.20797634124756	0	0	0	0
LDL	META	EAS	8	44	771	5	2.27997779846191	0	0	0	0
LDL	META	EAS	8	45	1185	5	2.91054368019104	0	0	0	0
LDL	META	EAS	8	56	1443	5	4.22914433479309	0	0	0	0
LDL	META	EAS	8	57	1131	5	2.47380208969116	0	0	0	0
LDL	META	EAS	8	59	886	5	2.86330366134644	0	0	0	0
LDL	META	EAS	8	65	1075	5	1.59452533721924	0	0	0	0
LDL	META	EAS	8	68	1657	5	3.4051179885864302	0	0	0	0
LDL	META	EAS	8	69	2966	5	7.94915509223938	0	0	0	0
LDL	META	EAS	8	71	1855	5	3.90837168693542	0	0	0	0
LDL	META	EAS	8	75	511	5	2.3100962638855	0	0	0	0
LDL	META	EAS	8	78	395	5	1.80507469177246	0	0	0	0
LDL	META	EAS	8	79	1197	5	2.60492420196533	0	0	0	0
LDL	META	EAS	8	81	2007	5	7.07433342933655	0	0	0	0
LDL	META	EAS	8	83	3095	5	9.25701308250427	0	0	0	0
LDL	META	EAS	8	85	1164	5	3.09080410003662	0	0	0	0
LDL	META	EAS	8	88	2009	5	2.04860472679138	0	0	0	0
LDL	META	EAS	8	90	1835	5	4.07631707191467	0	0	0	0
LDL	META	EAS	8	101	1476	5	4.20952296257019	0	0	0	0
LDL	META	EAS	8	106	2032	5	2.36941313743591	0	0	0	0
LDL	META	EAS	8	113	1189	5	3.61175441741943	0	0	1	7
LDL	META	EAS	8	124	1054	5	3.12001371383667	0	0	0	0
LDL	META	EAS	8	125	448	5	1.6410608291626	0	0	1	4
LDL	META	EAS	8	135	1446	5	2.58072018623352	0	0	0	0
LDL	META	EAS	8	153	706	5	2.43210363388062	0	0	0	0
LDL	META	EAS	8	159	789	5	2.11565613746643	0	0	0	0
LDL	META	EAS	8	160	852	5	3.29777598381042	0	0	0	0
LDL	META	EAS	9	4	1640	5	2.98206305503845	0	0	0	0
LDL	META	EAS	9	5	383	5	3.48181390762329	0	0	0	0
LDL	META	EAS	9	13	2364	5	4.12950944900513	0	0	0	0
LDL	META	EAS	9	33	1977	5	7.27444076538086	0	0	0	0
LDL	META	EAS	9	36	1557	5	1.53111600875854	0	0	0	0
LDL	META	EAS	9	39	752	5	0.909300565719604	0	0	0	0
LDL	META	EAS	9	40	2883	5	4.23835206031799	0	0	0	0
LDL	META	EAS	9	51	914	5	2.39335465431213	0	0	0	0
LDL	META	EAS	9	53	3091	5	9.99901103973389	0	0	0	0
LDL	META	EAS	9	62	2235	5	4.95475077629089	0	0	0	0
LDL	META	EAS	9	69	991	5	2.93528985977173	0	0	0	0
LDL	META	EAS	9	70	730	5	1.77037787437439	0	0	0	0
LDL	META	EAS	9	72	415	5	1.94332766532898	0	0	0	0
LDL	META	EAS	9	73	1220	5	1.38532900810242	0	0	0	0
LDL	META	EAS	9	80	3549	5	16.5768754482269	0	0	0	0
LDL	META	EAS	9	84	1535	5	3.38659644126892	0	0	0	0
LDL	META	EAS	9	89	326	5	1.62959170341492	0	0	0	0
LDL	META	EAS	9	93	1542	5	3.89326643943787	0	0	0	0
LDL	META	EAS	9	99	1430	5	2.924400806427	0	0	0	0
LDL	META	EAS	9	102	2351	5	5.62198281288147	0	0	0	0
LDL	META	EAS	9	104	764	5	1.7695152759552	0	0	0	0
LDL	META	EAS	9	110	2963	5	8.95951867103577	0	0	0	0
LDL	META	EAS	9	111	95	5	1.40649080276489	0	1	1	3
LDL	META	EAS	9	112	2156	5	8.14544486999512	0	0	0	0
LDL	META	EAS	9	114	713	5	1.71146321296692	0	0	0	0
LDL	META	EAS	9	115	3121	5	5.5967218875885	0	0	0	0
LDL	META	EAS	9	116	1513	5	2.94664716720581	0	0	0	0
LDL	META	EAS	9	118	3582	5	9.97002053260803	0	0	0	0
LDL	META	EAS	9	119	1383	5	1.35734009742737	0	0	0	0
LDL	META	EAS	9	124	1363	5	1.49977469444275	0	0	0	0
LDL	META	EAS	9	125	2061	5	2.16749334335327	0	0	0	0
LDL	META	EAS	9	134	2703	5	5.44585633277893	0	0	0	0
LDL	META	EAS	9	140	3106	5	4.07660889625549	0	0	1	14
LDL	META	EAS	9	144	722	5	2.81473255157471	0	0	0	0
LDL	META	EAS	9	145	1103	5	2.32682585716248	0	0	0	0
LDL	META	EAS	9	148	808	5	1.86980414390564	0	0	0	0
LDL	META	EAS	9	149	769	5	1.05826354026794	0	0	1	8
LDL	META	EAS	9	153	66	5	1.69176554679871	0	0	0	0
LDL	META	EAS	9	160	215	5	2.3541738986969	0	0	0	0
LDL	META	EAS	9	161	276	5	1.86145758628845	0	0	1	20
LDL	META	EAS	10	14	2202	5	6.66540670394897	0	0	0	0
LDL	META	EAS	10	22	1696	5	4.03398609161377	0	0	0	0
LDL	META	EAS	10	30	640	5	2.19331574440002	0	0	0	0
LDL	META	EAS	10	43	1405	5	2.15416264533997	0	0	0	0
LDL	META	EAS	10	45	2350	5	5.30397486686707	0	0	0	0
LDL	META	EAS	10	46	2607	5	10.4764082431793	0	0	0	0
LDL	META	EAS	10	52	2054	5	4.0118670463562	0	0	0	0
LDL	META	EAS	10	53	1003	5	2.72910451889038	0	0	0	0
LDL	META	EAS	10	59	1247	5	2.71116042137146	0	0	0	0
LDL	META	EAS	10	60	2410	5	8.09191155433655	0	0	0	0
LDL	META	EAS	10	67	1411	5	3.35037064552307	0	0	0	0
LDL	META	EAS	10	69	1410	5	3.44604635238647	0	0	0	0
LDL	META	EAS	10	70	1924	5	2.54138708114624	0	0	0	0
LDL	META	EAS	10	73	1450	5	1.60882186889648	0	0	0	0
LDL	META	EAS	10	80	1747	5	2.09765720367432	0	0	0	0
LDL	META	EAS	10	81	2260	5	3.87967991828918	0	0	0	0
LDL	META	EAS	10	84	3093	5	8.42493176460266	0	0	0	0
LDL	META	EAS	10	85	587	5	2.474116563797	0	0	0	0
LDL	META	EAS	10	92	3493	5	11.9636578559875	0	0	1	3
LDL	META	EAS	10	100	509	5	2.50665140151978	0	0	0	0
LDL	META	EAS	10	101	1469	5	3.9915783405304	0	0	0	0
LDL	META	EAS	10	109	2012	5	2.31594347953796	0	0	0	0
LDL	META	EAS	10	110	617	5	2.77156591415405	0	0	0	0
LDL	META	EAS	10	112	508	5	0.72221827507019	0	0	0	0
LDL	META	EAS	10	113	1566	5	4.11464524269104	0	0	0	0
LDL	META	EAS	10	117	2523	5	8.64955902099609	0	0	0	0
LDL	META	EAS	10	120	1878	5	2.30346775054932	0	0	0	0
LDL	META	EAS	10	121	1288	5	1.58801746368408	0	0	0	0
LDL	META	EAS	10	126	2448	5	6.33480381965637	0	0	0	0
LDL	META	EAS	10	127	532	5	1.96872210502625	0	0	0	0
LDL	META	EAS	10	128	176	5	3.09105801582336	0	0	0	0
LDL	META	EAS	10	129	2698	5	4.19774389266968	0	0	0	0
LDL	META	EAS	10	131	2264	5	4.43245196342468	0	0	0	0
LDL	META	EAS	10	137	2493	5	7.41374635696411	0	0	1	21
LDL	META	EAS	10	138	401	5	9.49464344978333	0	0	0	0
LDL	META	EAS	10	142	519	5	3.39170908927917	0	0	0	0
LDL	META	EAS	10	144	869	5	2.13448405265808	0	0	0	0
LDL	META	EAS	10	150	2183	5	3.54252123832703	0	0	0	0
LDL	META	EAS	10	152	1565	5	2.06761145591736	0	0	0	0
LDL	META	EAS	10	154	3156	5	5.43858122825623	0	0	0	0
LDL	META	EAS	11	2	571	5	2.33889555931091	0	0	0	0
LDL	META	EAS	11	3	899	5	1.25970005989075	0	0	0	0
LDL	META	EAS	11	4	709	5	2.16816020011902	0	0	0	0
LDL	META	EAS	11	7	585	5	2.36218595504761	0	0	0	0
LDL	META	EAS	11	12	2691	5	8.79589128494263	1	1	1	1
LDL	META	EAS	11	18	3495	5	5.14850378036499	0	0	0	0
LDL	META	EAS	11	22	671	5	2.25341773033142	0	0	0	0
LDL	META	EAS	11	28	1028	5	1.03021216392517	0	0	0	0
LDL	META	EAS	11	30	1026	5	2.36804056167603	0	0	0	0
LDL	META	EAS	11	31	1183	5	2.92284941673279	0	0	0	0
LDL	META	EAS	11	33	1493	5	1.3939425945282	0	0	0	0
LDL	META	EAS	11	51	1601	5	3.11542868614197	0	0	0	0
LDL	META	EAS	11	56	327	5	1.30946397781372	0	0	0	0
LDL	META	EAS	11	75	543	5	1.40716075897217	0	0	0	0
LDL	META	EAS	11	76	1276	5	2.94048285484314	0	1	1	2
LDL	META	EAS	11	78	1205	5	2.49406456947327	0	0	0	0
LDL	META	EAS	11	79	2873	5	7.77553415298462	0	0	0	0
LDL	META	EAS	11	81	1020	5	1.00673961639404	0	0	0	0
LDL	META	EAS	11	82	308	5	1.96770119667053	0	0	0	0
LDL	META	EAS	11	86	1467	5	3.77461194992065	0	0	0	0
LDL	META	EAS	11	90	2891	5	4.20676422119141	0	0	0	0
LDL	META	EAS	11	107	734	5	0.778345108032227	0	0	0	0
LDL	META	EAS	11	108	550	5	1.29797124862671	0	0	0	0
LDL	META	EAS	11	115	1679	5	1.6971595287323	0	0	0	0
LDL	META	EAS	11	117	3265	5	5.51712322235107	0	0	0	0
LDL	META	EAS	11	123	647	5	1.3365421295166	0	0	0	0
LDL	META	EAS	11	125	1219	5	1.40243291854858	0	0	0	0
LDL	META	EAS	11	129	1776	5	4.0679407119751	0	0	0	0
LDL	META	EAS	11	133	1654	5	4.15556383132935	0	0	1	19
LDL	META	EAS	11	139	57	5	0.815409660339355	0	0	0	0
LDL	META	EAS	11	140	833	5	2.19572186470032	0	0	0	0
LDL	META	EAS	11	142	1879	5	1.67474293708801	0	0	0	0
LDL	META	EAS	11	147	2789	5	9.95160913467407	0	0	1	11
LDL	META	EAS	11	163	223	5	0.747941255569458	0	0	0	0
LDL	META	EAS	12	1	910	5	1.23543691635132	0	0	0	0
LDL	META	EAS	12	4	928	5	2.59897327423096	0	0	0	0
LDL	META	EAS	12	12	554	5	1.34540510177612	0	0	0	0
LDL	META	EAS	12	17	582	5	1.73660135269165	0	0	0	0
LDL	META	EAS	12	18	1493	5	2.14006638526917	0	0	0	0
LDL	META	EAS	12	23	2172	5	5.88236284255981	0	0	0	0
LDL	META	EAS	12	29	236	5	1.67250108718872	0	0	0	0
LDL	META	EAS	12	33	1541	5	3.14991879463196	0	0	0	0
LDL	META	EAS	12	42	3141	5	4.27211046218872	0	0	0	0
LDL	META	EAS	12	45	1306	5	1.60023236274719	0	0	0	0
LDL	META	EAS	12	47	525	5	0.659458875656128	0	0	0	0
LDL	META	EAS	12	49	2010	5	1.79244947433472	0	0	0	0
LDL	META	EAS	12	51	1331	5	1.40299487113953	0	0	0	0
LDL	META	EAS	12	59	2467	5	5.31798624992371	0	0	0	0
LDL	META	EAS	12	61	1255	5	2.6892147064209	0	0	0	0
LDL	META	EAS	12	62	851	5	3.21301937103271	0	0	0	0
LDL	META	EAS	12	63	1808	5	4.02170610427856	0	0	0	0
LDL	META	EAS	12	64	904	5	2.10892844200134	0	0	0	0
LDL	META	EAS	12	66	1753	5	1.87176609039307	0	0	0	0
LDL	META	EAS	12	67	901	5	2.24166202545166	0	0	0	0
LDL	META	EAS	12	69	1753	5	1.67372179031372	0	0	0	0
LDL	META	EAS	12	71	1893	5	4.75788402557373	0	0	0	0
LDL	META	EAS	12	72	6236	5	17.8336575031281	0	0	0	0
LDL	META	EAS	12	82	1828	5	1.82488965988159	0	0	0	0
LDL	META	EAS	12	97	2483	5	3.62966775894165	0	0	0	0
LDL	META	EAS	12	98	978	5	3.02119302749634	0	0	0	0
LDL	META	EAS	12	110	2015	5	2.04177188873291	0	0	0	0
LDL	META	EAS	12	112	209	5	1.00860214233398	0	0	0	0
LDL	META	EAS	12	113	1653	5	4.40827393531799	0	0	0	0
LDL	META	EAS	12	114	1568	5	1.49513959884644	0	0	0	0
LDL	META	EAS	12	115	1283	5	2.20126295089722	0	0	0	0
LDL	META	EAS	12	117	2016	5	5.41032719612122	0	0	0	0
LDL	META	EAS	12	120	708	5	2.95845723152161	0	0	0	0
LDL	META	EAS	12	121	1397	5	1.41036915779114	0	0	0	0
LDL	META	EAS	12	122	2031	5	2.58222317695618	0	0	0	0
LDL	META	EAS	12	127	801	5	1.26501202583313	0	0	0	0
LDL	META	EAS	12	128	298	5	0.712026119232178	0	0	0	0
LDL	META	EAS	12	138	2663	5	3.0405421257019	0	0	0	0
LDL	META	EAS	12	139	3234	5	9.26613092422485	0	0	0	0
LDL	META	EAS	12	140	644	5	1.7402515411377	0	0	0	0
LDL	META	EAS	12	141	982	5	2.94333457946777	0	0	0	0
LDL	META	EAS	12	164	833	5	1.14851450920105	0	0	0	0
LDL	META	EAS	13	11	1020	5	0.957877397537231	0	0	0	0
LDL	META	EAS	13	18	651	5	0.683252573013306	0	0	0	0
LDL	META	EAS	13	21	1719	5	1.78510022163391	0	0	0	0
LDL	META	EAS	13	24	1238	5	1.25065279006958	0	0	0	0
LDL	META	EAS	13	25	675	5	1.08171081542969	0	0	1	11
LDL	META	EAS	13	40	1391	5	3.72075366973877	0	0	0	0
LDL	META	EAS	13	44	1062	5	1.60960459709167	0	0	0	0
LDL	META	EAS	13	50	3016	5	4.03613686561584	0	1	0	0
LDL	META	EAS	13	52	1748	5	1.85881996154785	0	0	0	0
LDL	META	EAS	13	66	675	5	2.31340146064758	0	0	0	0
LDL	META	EAS	13	69	3043	5	4.24023294448853	0	0	0	0
LDL	META	EAS	13	84	861	5	0.96732497215271	0	0	0	0
LDL	META	EAS	13	96	730	5	0.81022572517395	0	0	0	0
LDL	META	EAS	13	102	678	5	0.94701623916626	0	0	1	9
LDL	META	EAS	13	115	718	5	1.9753201007843	0	0	0	0
LDL	META	EAS	13	116	548	5	1.59900164604187	0	0	0	0
LDL	META	EAS	13	118	1266	5	1.17699456214905	0	0	1	27
LDL	META	EAS	13	125	1246	5	2.42501592636108	0	0	0	0
LDL	META	EAS	14	4	403	5	0.868272066116333	0	1	0	0
LDL	META	EAS	14	14	2506	5	6.45795607566833	0	0	0	0
LDL	META	EAS	14	23	2323	5	2.24660658836365	0	0	1	15
LDL	META	EAS	14	31	2182	5	2.31306385993958	0	0	0	0
LDL	META	EAS	14	35	2690	5	3.94917249679565	0	0	0	0
LDL	META	EAS	14	42	1242	5	3.52626347541809	0	0	0	0
LDL	META	EAS	14	43	144	5	0.592787742614746	0	0	0	0
LDL	META	EAS	14	46	1056	5	1.56200623512268	0	0	0	0
LDL	META	EAS	14	63	3060	5	6.00786471366882	0	0	0	0
LDL	META	EAS	14	68	1171	5	2.74769115447998	0	0	0	0
LDL	META	EAS	14	72	2997	5	9.70061755180359	0	0	0	0
LDL	META	EAS	14	73	1177	5	3.13346815109253	0	0	0	0
LDL	META	EAS	14	96	187	5	0.721879959106445	0	0	0	0
LDL	META	EAS	14	105	652	5	0.701675653457642	0	0	0	0
LDL	META	EAS	14	106	801	5	0.810581922531128	0	0	0	0
LDL	META	EAS	14	121	1662	5	3.77206182479858	0	0	0	0
LDL	META	EAS	14	126	1609	5	3.8555269241333	0	0	0	0
LDL	META	EAS	14	127	1629	5	2.87073469161987	0	0	0	0
LDL	META	EAS	15	3	56	5	0.815736532211304	0	0	0	0
LDL	META	EAS	15	37	2034	5	2.39247870445251	0	0	0	0
LDL	META	EAS	15	39	1667	5	1.71625137329102	0	0	0	0
LDL	META	EAS	15	44	1008	5	1.57897543907166	0	0	0	0
LDL	META	EAS	15	45	4167	5	13.6764907836914	0	0	0	0
LDL	META	EAS	15	46	1376	5	2.85683274269104	0	1	1	11
LDL	META	EAS	15	47	1646	5	2.7299382686615	0	0	0	0
LDL	META	EAS	15	50	1754	5	3.95622110366821	0	0	0	0
LDL	META	EAS	15	52	1347	5	2.63638353347778	0	0	0	0
LDL	META	EAS	15	53	225	5	1.44878888130188	0	0	0	0
LDL	META	EAS	15	54	1436	5	1.45569634437561	0	0	0	0
LDL	META	EAS	15	56	1277	5	3.15448307991028	0	0	0	0
LDL	META	EAS	15	59	2870	5	8.61748576164246	0	0	0	0
LDL	META	EAS	15	62	2713	5	3.36570739746094	0	0	0	0
LDL	META	EAS	15	63	793	5	0.669572114944458	0	0	0	0
LDL	META	EAS	15	64	1184	5	1.23533153533936	0	0	0	0
LDL	META	EAS	15	66	2041	5	2.05040621757507	0	0	0	0
LDL	META	EAS	15	80	625	5	0.680793285369873	0	0	0	0
LDL	META	EAS	15	83	733	5	1.0915048122406	0	0	0	0
LDL	META	EAS	15	85	1798	5	3.41367959976196	0	0	0	0
LDL	META	EAS	15	117	757	5	1.61713886260986	0	0	0	0
LDL	META	EAS	15	118	422	5	2.30817627906799	0	0	0	0
LDL	META	EAS	16	1	718	5	1.66895699501038	0	0	0	0
LDL	META	EAS	16	4	1146	5	1.34606790542603	0	0	0	0
LDL	META	EAS	16	5	272	5	1.11581921577454	0	0	0	0
LDL	META	EAS	16	9	1190	5	1.15599298477173	0	0	0	0
LDL	META	EAS	16	31	1607	5	3.33621716499329	0	0	1	34
LDL	META	EAS	16	32	159	5	0.540985345840454	0	0	0	0
LDL	META	EAS	16	37	1493	5	1.53927993774414	0	0	0	0
LDL	META	EAS	16	38	3165	5	4.06189441680908	0	0	0	0
LDL	META	EAS	16	43	1277	5	1.53213691711426	0	0	0	0
LDL	META	EAS	16	59	571	5	1.90229988098145	0	0	0	0
LDL	META	EAS	16	60	938	5	1.12814784049988	0	0	0	0
LDL	META	EAS	16	74	287	5	2.08541488647461	0	0	0	0
LDL	META	EAS	16	75	1945	5	3.22505784034729	0	0	0	0
LDL	META	EAS	16	76	1153	5	1.00831031799316	0	0	0	0
LDL	META	EAS	16	80	1389	5	2.47080636024475	0	0	0	0
LDL	META	EAS	16	85	2866	5	6.14460110664368	0	0	0	0
LDL	META	EAS	16	88	2379	5	6.24678349494934	0	0	0	0
LDL	META	EAS	16	89	3739	5	218.08388376236	0	1	3	46
LDL	META	EAS	16	90	842	5	0.729719638824463	0	0	0	0
LDL	META	EAS	16	94	3929	5	11.7491731643677	0	0	0	0
LDL	META	EAS	16	96	3672	5	9.68340444564819	0	0	0	0
LDL	META	EAS	16	99	1225	5	1.18393325805664	0	0	0	0
LDL	META	EAS	16	100	150	5	0.747974157333374	0	0	0	0
LDL	META	EAS	16	101	198	5	1.32066774368286	0	0	0	0
LDL	META	EAS	16	103	4725	5	9.86353015899658	0	0	0	0
LDL	META	EAS	16	104	1268	5	2.00659561157227	0	0	0	0
LDL	META	EAS	16	110	1072	5	2.36414623260498	0	0	1	22
LDL	META	EAS	16	119	1379	5	1.0901997089386	0	0	0	0
LDL	META	EAS	16	120	155	5	1.67114877700806	0	0	0	0
LDL	META	EAS	16	125	500	5	1.16314435005188	0	0	0	0
LDL	META	EAS	16	126	89	5	1.09401512145996	0	0	0	0
LDL	META	EAS	16	127	121	5	0.635457515716553	0	0	0	0
LDL	META	EAS	16	128	2316	5	5.34019255638123	0	0	0	0
LDL	META	EAS	17	9	1449	5	1.40146231651306	0	0	0	0
LDL	META	EAS	17	14	670	5	1.02179265022278	0	0	0	0
LDL	META	EAS	17	16	101	5	1.21152448654175	0	0	0	0
LDL	META	EAS	17	17	2021	5	2.7502164840698198	0	0	0	0
LDL	META	EAS	17	22	179	5	0.513989925384521	0	0	0	0
LDL	META	EAS	17	23	389	5	0.738456964492798	0	0	0	0
LDL	META	EAS	17	24	931	5	1.64937663078308	0	0	0	0
LDL	META	EAS	17	25	1144	5	0.910344362258911	0	0	0	0
LDL	META	EAS	17	28	166	5	1.55708312988281	0	0	0	0
LDL	META	EAS	17	30	228	5	0.740571022033691	0	0	0	0
LDL	META	EAS	17	51	1969	5	4.09114527702332	0	0	0	0
LDL	META	EAS	17	54	1300	5	0.90858268737793	0	0	0	0
LDL	META	EAS	17	55	2246	5	2.70854592323303	0	0	1	18
LDL	META	EAS	17	65	2152	5	2.12033557891846	0	0	0	0
LDL	META	EAS	17	70	789	5	1.98803281784058	0	0	0	0
LDL	META	EAS	17	71	874	5	0.720909118652344	0	0	0	0
LDL	META	EAS	17	73	1810	5	1.73884797096252	0	0	0	0
LDL	META	EAS	17	74	2337	5	5.14937543869019	0	0	0	0
LDL	META	EAS	17	75	2403	5	2.85330891609192	0	0	1	32
LDL	META	EAS	17	80	1233	5	2.36853551864624	0	0	0	0
LDL	META	EAS	17	84	589	5	1.65843605995178	0	0	0	0
LDL	META	EAS	17	87	707	5	1.16472411155701	0	0	0	0
LDL	META	EAS	17	90	1970	5	2.3829927444458	0	0	0	0
LDL	META	EAS	17	94	1058	5	0.963952302932739	0	0	0	0
LDL	META	EAS	17	97	2094	5	5.00848436355591	0	0	0	0
LDL	META	EAS	17	98	681	5	1.1239595413208	0	0	0	0
LDL	META	EAS	17	100	998	5	3.48457527160645	0	0	0	0
LDL	META	EAS	17	101	1012	5	1.16004252433777	0	0	0	0
LDL	META	EAS	17	102	601	5	1.11541223526001	0	0	1	27
LDL	META	EAS	17	103	673	5	0.931500196456909	0	0	0	0
LDL	META	EAS	17	104	123	5	1.34689164161682	0	0	0	0
LDL	META	EAS	17	105	1257	5	1.14362621307373	0	0	0	0
LDL	META	EAS	17	117	985	5	0.81917405128479	0	0	0	0
LDL	META	EAS	17	118	1007	5	1.08522272109985	0	0	0	0
LDL	META	EAS	17	121	719	5	1.21207618713379	0	0	0	0
LDL	META	EAS	17	123	849	5	1.1073591709137	0	0	0	0
LDL	META	EAS	17	125	1627	5	1.60130977630615	0	0	0	0
LDL	META	EAS	17	130	902	5	1.2350709438324	0	0	0	0
LDL	META	EAS	17	133	550	5	2.0020272731781	0	0	0	0
LDL	META	EAS	17	134	1056	5	0.810366868972778	0	0	0	0
LDL	META	EAS	18	31	1880	5	4.25496387481689	0	0	0	0
LDL	META	EAS	18	41	2730	5	3.44044876098633	0	0	0	0
LDL	META	EAS	18	61	1868	5	3.57639837265015	0	0	0	0
LDL	META	EAS	18	69	3513	5	4.93938374519348	0	0	0	0
LDL	META	EAS	18	77	449	5	1.74426507949829	0	0	0	0
LDL	META	EAS	18	88	1229	5	2.68376517295837	0	0	0	0
LDL	META	EAS	18	98	930	5	1.58774971961975	0	0	0	0
LDL	META	EAS	18	119	158	5	2.35576319694519	0	0	0	0
LDL	META	EAS	18	120	1191	5	1.27497673034668	0	0	0	0
LDL	META	EAS	19	6	57	5	0.802862882614136	0	0	0	0
LDL	META	EAS	19	12	178	5	0.845815420150757	0	0	0	0
LDL	META	EAS	19	15	91	5	0.967957735061646	0	0	0	0
LDL	META	EAS	19	16	90	5	0.631658315658569	0	0	0	0
LDL	META	EAS	19	20	193	5	0.472358703613281	0	0	0	0
LDL	META	EAS	19	21	115	5	0.800932168960571	0	0	0	0
LDL	META	EAS	19	22	627	5	0.660894393920898	0	0	0	0
LDL	META	EAS	19	25	588	5	0.964290380477905	0	0	0	0
LDL	META	EAS	19	32	468	5	1.39394640922546	0	0	0	0
LDL	META	EAS	19	33	229	5	1.3499283790588401	0	0	0	0
LDL	META	EAS	19	35	1038	5	0.822446823120117	0	0	0	0
LDL	META	EAS	19	36	139	5	0.634115695953369	0	0	0	0
LDL	META	EAS	19	37	1080	5	191.966637849808	0	0	2	44
LDL	META	EAS	19	38	254	5	2.47082448005676	0	0	1	9
LDL	META	EAS	19	39	1361	5	2.45830416679382	0	0	0	0
LDL	META	EAS	19	40	500	5	0.682369470596313	0	0	0	0
LDL	META	EAS	19	42	140	5	0.652263164520264	0	0	0	0
LDL	META	EAS	19	46	1228	5	2.83591389656067	0	0	0	0
LDL	META	EAS	19	49	770	5	1.65901517868042	0	0	0	0
LDL	META	EAS	19	51	508	5	1.45876216888428	0	0	0	0
LDL	META	EAS	19	52	476	5	2.28146958351135	0	0	0	0
LDL	META	EAS	19	53	1607	5	1.92416954040527	0	0	0	0
LDL	META	EAS	19	54	3297	5	8.34473633766174	0	0	0	0
LDL	META	EAS	19	62	1988	5	4.44977879524231	0	0	0	0
LDL	META	EAS	19	63	635	5	0.708814144134521	0	0	0	0
LDL	META	EAS	19	65	638	5	1.06328845024109	0	0	0	0
LDL	META	EAS	19	67	3704	5	9.08300828933716	0	0	0	0
LDL	META	EAS	19	68	767	5	0.905868768692017	0	0	0	0
LDL	META	EAS	19	70	722	5	0.858935117721558	0	0	0	0
LDL	META	EAS	19	71	128	5	0.575812816619873	0	0	0	0
LDL	META	EAS	19	72	931	5	1.81333470344543	0	0	0	0
LDL	META	EAS	19	73	246	5	0.815161943435669	0	0	0	0
LDL	META	EAS	19	74	1772	5	1.25397419929504	1	1	1	1
LDL	META	EAS	19	75	126	5	9.03326821327209	1	1	1	1
LDL	META	EAS	19	76	894	5	11.7038564682007	0	1	1	12
LDL	META	EAS	19	77	1793	5	1.58487176895142	0	0	0	0
LDL	META	EAS	19	79	768	5	1.4084677696228	0	0	0	0
LDL	META	EAS	19	80	153	5	1.38566827774048	0	0	0	0
LDL	META	EAS	19	81	485	5	1.36095428466797	0	0	0	0
LDL	META	EAS	19	98	163	5	0.55764627456665	0	0	0	0
LDL	META	EAS	19	103	340	5	0.601326465606689	0	0	0	0
LDL	META	EAS	19	104	583	5	1.33578491210938	0	0	0	0
LDL	META	EAS	19	107	432	5	2.00512051582336	0	0	0	0
LDL	META	EAS	19	110	1508	5	2.71296453475952	0	0	0	0
LDL	META	EAS	19	111	873	5	1.39192008972168	0	0	0	0
LDL	META	EAS	20	2	414	5	1.00706911087036	0	0	0	0
LDL	META	EAS	20	10	744	5	0.654026031494141	0	0	0	0
LDL	META	EAS	20	11	528	5	1.88229155540466	0	0	0	0
LDL	META	EAS	20	12	927	5	1.78718781471252	0	0	0	0
LDL	META	EAS	20	13	1413	5	1.76314926147461	0	0	0	0
LDL	META	EAS	20	18	822	5	2.58227300643921	0	0	0	0
LDL	META	EAS	20	19	215	5	1.44884181022644	0	0	0	0
LDL	META	EAS	20	40	914	5	2.12286186218262	0	0	0	0
LDL	META	EAS	20	48	2407	5	2.88059759140015	0	0	0	0
LDL	META	EAS	20	59	1511	5	1.37309765815735	0	0	0	0
LDL	META	EAS	20	60	1200	5	1.15746164321899	0	0	0	0
LDL	META	EAS	20	63	2867	5	3.94582319259644	0	0	0	0
LDL	META	EAS	20	64	719	5	2.51516890525818	0	0	0	0
LDL	META	EAS	20	65	1631	5	1.79901385307312	0	0	1	46
LDL	META	EAS	20	66	1749	5	1.39057159423828	0	0	0	0
LDL	META	EAS	20	68	509	5	1.17403221130371	0	0	0	0
LDL	META	EAS	20	69	1164	5	1.27572798728943	0	0	0	0
LDL	META	EAS	20	70	815	5	1.12451028823853	0	0	0	0
LDL	META	EAS	20	71	1517	5	1.68540573120117	0	0	0	0
LDL	META	EAS	20	77	1450	5	3.35394930839539	0	0	0	0
LDL	META	EAS	20	78	1619	5	2.45693731307983	0	0	0	0
LDL	META	EAS	20	86	860	5	0.669749021530151	0	0	0	0
LDL	META	EAS	20	87	705	5	0.784163475036621	0	0	0	0
LDL	META	EAS	20	89	587	5	1.73358106613159	0	0	0	0
LDL	META	EAS	20	110	793	5	1.14798712730408	0	0	0	0
LDL	META	EAS	20	111	61	5	0.64875864982605	0	1	1	2
LDL	META	EAS	20	112	238	5	0.722169876098633	0	0	0	0
LDL	META	EAS	20	115	511	5	0.860965728759766	0	0	0	0
LDL	META	EAS	21	3	538	5	0.899494886398315	0	0	0	0
LDL	META	EAS	21	30	2751	5	5.38139009475708	0	0	0	0
LDL	META	EAS	21	33	1301	5	1.24950075149536	0	0	0	0
LDL	META	EAS	21	37	1414	5	2.2994019985199	0	0	0	0
LDL	META	EAS	21	41	2166	5	5.26382803916931	0	0	0	0
LDL	META	EAS	21	48	2285	5	4.87045788764954	0	0	0	0
LDL	META	EAS	21	53	870	5	2.44816374778748	0	0	0	0
LDL	META	EAS	21	62	382	5	1.0633590221405	0	0	0	0
LDL	META	EAS	21	64	1146	5	1.9980845451355	0	0	0	0
LDL	META	EAS	21	65	860	5	1.62804412841797	0	0	0	0
LDL	META	EAS	22	5	604	5	1.32494783401489	0	0	0	0
LDL	META	EAS	22	9	762	5	0.63213062286377	0	0	0	0
LDL	META	EAS	22	13	611	5	0.831515789031982	0	0	0	0
LDL	META	EAS	22	29	1639	5	1.74122428894043	0	0	0	0
LDL	META	EAS	22	30	4930	5	21.5247948169708	0	0	0	0
LDL	META	EAS	22	36	735	5	0.743093967437744	0	0	0	0
LDL	META	EAS	22	37	996	5	1.81436610221863	0	0	0	0
LDL	META	EAS	22	40	410	5	1.70391583442688	0	0	0	0
LDL	META	EAS	22	43	757	5	0.61846661567688	0	0	0	0
LDL	META	EAS	22	46	2464	5	6.71259045600891	0	0	1	31
LDL	META	EAS	22	49	253	5	1.63527607917786	0	0	0	0
LDL	META	EAS	22	54	840	5	2.12021279335022	0	0	0	0
LDL	META	EAS	22	55	554	5	0.865226030349731	0	0	0	0
LDL	META	EAS	22	57	54	5	0.737529039382935	0	0	0	0
LDL	META	EAS	22	70	794	5	0.788120746612549	0	0	0	0
