pheno	db	pid	chromosome	block	num_variants	L	time	num_variants_0.95	num_variants_0.5	num_CS95	num_variants_CS95
TG	UKBB	EAS	1	3	156	5	0.857789039611816	0	0	0	0
TG	UKBB	EAS	1	4	407	5	1.42494797706604	0	0	0	0
TG	UKBB	EAS	1	5	488	5	1.59641027450562	0	0	0	0
TG	UKBB	EAS	1	15	1437	5	2.45379304885864	0	0	0	0
TG	UKBB	EAS	1	17	1882	5	2.38788294792175	0	0	0	0
TG	UKBB	EAS	1	18	790	5	1.6103987693786599	0	0	0	0
TG	UKBB	EAS	1	19	1298	5	1.78842616081238	0	0	0	0
TG	UKBB	EAS	1	21	1080	5	1.46231818199158	0	0	0	0
TG	UKBB	EAS	1	23	620	5	1.27742505073547	0	0	0	0
TG	UKBB	EAS	1	32	511	5	2.05816721916199	0	0	0	0
TG	UKBB	EAS	1	35	1512	5	2.07148385047913	0	0	0	0
TG	UKBB	EAS	1	43	471	5	1.95537376403809	0	0	0	0
TG	UKBB	EAS	1	48	691	5	1.63289499282837	0	0	0	0
TG	UKBB	EAS	1	50	951	5	1.35141801834106	0	0	0	0
TG	UKBB	EAS	1	51	611	5	1.64127445220947	0	0	0	0
TG	UKBB	EAS	1	52	1510	5	2.72050189971924	0	0	0	0
TG	UKBB	EAS	1	53	1289	5	1.57778477668762	0	0	0	0
TG	UKBB	EAS	1	58	1575	5	2.55306839942932	0	0	0	0
TG	UKBB	EAS	1	63	1610	5	3.24997520446777	0	0	0	0
TG	UKBB	EAS	1	67	1234	5	1.58881568908691	0	0	0	0
TG	UKBB	EAS	1	70	1507	5	2.56611132621765	0	0	0	0
TG	UKBB	EAS	1	71	1654	5	2.87209272384644	0	0	0	0
TG	UKBB	EAS	1	83	1626	5	2.27720093727112	0	0	0	0
TG	UKBB	EAS	1	85	958	5	1.45616054534912	0	0	0	0
TG	UKBB	EAS	1	94	353	5	1.02022099494934	0	0	0	0
TG	UKBB	EAS	1	96	1350	5	2.08536219596863	0	0	0	0
TG	UKBB	EAS	1	97	1570	5	2.0287172794342	0	0	0	0
TG	UKBB	EAS	1	100	1650	5	2.24707317352295	0	0	0	0
TG	UKBB	EAS	1	101	1289	5	2.60712480545044	0	0	0	0
TG	UKBB	EAS	1	105	3215	5	5.95547389984131	0	0	0	0
TG	UKBB	EAS	1	124	2078	5	3.12740063667297	0	0	0	0
TG	UKBB	EAS	1	125	2416	5	3.63533782958984	0	0	0	0
TG	UKBB	EAS	1	127	1325	5	2.34013724327087	0	0	0	0
TG	UKBB	EAS	1	129	581	5	1.08418560028076	0	0	0	0
TG	UKBB	EAS	1	132	1723	5	2.02297115325928	0	0	0	0
TG	UKBB	EAS	1	135	2230	5	4.66733360290527	0	0	0	0
TG	UKBB	EAS	1	138	1597	5	2.13667178153992	0	0	0	0
TG	UKBB	EAS	1	139	430	5	1.07702279090881	0	0	0	0
TG	UKBB	EAS	1	143	1210	5	1.82906723022461	0	0	0	0
TG	UKBB	EAS	1	144	749	5	1.07641053199768	0	0	0	0
TG	UKBB	EAS	1	150	1696	5	2.20518064498901	0	0	0	0
TG	UKBB	EAS	1	154	2237	5	4.53831195831299	0	0	0	0
TG	UKBB	EAS	1	155	1128	5	2.31027030944824	0	0	0	0
TG	UKBB	EAS	1	156	1411	5	2.16359543800354	0	0	0	0
TG	UKBB	EAS	1	158	993	5	1.04851388931274	0	0	0	0
TG	UKBB	EAS	1	168	1730	5	4.13414192199707	0	0	0	0
TG	UKBB	EAS	1	182	2209	5	4.41137170791626	0	0	0	0
TG	UKBB	EAS	1	183	2279	5	4.84183073043823	0	0	0	0
TG	UKBB	EAS	1	184	525	5	0.803194046020508	0	0	0	0
TG	UKBB	EAS	1	187	1542	5	2.44671845436096	0	0	0	0
TG	UKBB	EAS	1	192	1790	5	3.18198728561401	0	0	0	0
TG	UKBB	EAS	1	193	1989	5	3.48721122741699	0	0	0	0
TG	UKBB	EAS	1	201	1846	5	3.22357964515686	0	0	0	0
TG	UKBB	EAS	1	202	1600	5	2.24955081939697	0	0	0	0
TG	UKBB	EAS	1	203	1530	5	2.0257420539856	0	0	0	0
TG	UKBB	EAS	1	207	972	5	1.71874499320984	0	0	0	0
TG	UKBB	EAS	1	208	1263	5	1.64088869094849	0	0	0	0
TG	UKBB	EAS	1	209	541	5	1.30317878723145	0	0	0	0
TG	UKBB	EAS	1	211	771	5	1.72223782539368	0	0	0	0
TG	UKBB	EAS	1	212	1163	5	1.66964888572693	0	0	0	0
TG	UKBB	EAS	1	213	881	5	1.46102452278137	0	0	0	0
TG	UKBB	EAS	1	214	756	5	1.57105898857117	0	0	0	0
TG	UKBB	EAS	1	217	737	5	1.47580027580261	0	0	0	0
TG	UKBB	EAS	1	219	1622	5	3.25814843177795	0	0	0	0
TG	UKBB	EAS	1	221	1783	5	3.30048680305481	0	0	0	0
TG	UKBB	EAS	1	226	672	5	1.520583152771	0	0	0	0
TG	UKBB	EAS	1	228	894	5	1.97769451141357	0	0	0	0
TG	UKBB	EAS	1	233	2269	5	3.7143828868866	0	0	0	0
TG	UKBB	EAS	1	234	2668	5	5.69973111152649	0	0	0	0
TG	UKBB	EAS	1	235	1504	5	2.08116102218628	0	0	0	0
TG	UKBB	EAS	1	238	3673	5	8.04490685462952	0	0	0	0
TG	UKBB	EAS	1	239	994	5	1.63231945037842	0	0	0	0
TG	UKBB	EAS	1	240	3916	5	7.23822784423828	0	0	0	0
TG	UKBB	EAS	1	242	606	5	1.1367244720459	0	0	0	0
TG	UKBB	EAS	1	243	927	5	1.18061423301697	0	0	0	0
TG	UKBB	EAS	1	244	2078	5	3.45075392723083	0	0	0	0
TG	UKBB	EAS	1	248	1132	5	1.15562629699707	0	0	0	0
TG	UKBB	EAS	1	252	730	5	1.39285588264465	0	1	0	0
TG	UKBB	EAS	1	254	1159	5	2.30170392990112	0	0	0	0
TG	UKBB	EAS	1	255	920	5	1.44104480743408	0	0	0	0
TG	UKBB	EAS	1	257	1136	5	2.11262464523315	0	0	0	0
TG	UKBB	EAS	1	264	894	5	1.22134780883789	0	0	0	0
TG	UKBB	EAS	1	274	1896	5	4.25069952011108	0	0	0	0
TG	UKBB	EAS	1	277	352	5	1.27689170837402	0	0	0	0
TG	UKBB	EAS	1	280	3083	5	5.05384421348572	0	0	0	0
TG	UKBB	EAS	2	1	541	5	1.92751741409302	0	0	0	0
TG	UKBB	EAS	2	2	3005	5	5.11856722831726	0	0	0	0
TG	UKBB	EAS	2	6	901	5	2.04365205764771	0	0	0	0
TG	UKBB	EAS	2	7	670	5	0.93983006477356	0	0	0	0
TG	UKBB	EAS	2	21	349	5	1.16410899162292	0	0	0	0
TG	UKBB	EAS	2	34	2097	5	3.19850921630859	0	0	0	0
TG	UKBB	EAS	2	41	1052	5	1.67147064208984	0	0	0	0
TG	UKBB	EAS	2	43	198	5	1.43142628669739	0	0	0	0
TG	UKBB	EAS	2	44	842	5	1.01168966293335	0	0	0	0
TG	UKBB	EAS	2	45	1785	5	3.23333597183228	0	0	0	0
TG	UKBB	EAS	2	47	2124	5	3.78166747093201	0	0	0	0
TG	UKBB	EAS	2	48	1188	5	1.7569108009338401	0	0	0	0
TG	UKBB	EAS	2	49	1484	5	2.19191336631775	0	0	0	0
TG	UKBB	EAS	2	50	1391	5	2.14245200157166	0	0	0	0
TG	UKBB	EAS	2	55	2789	5	3.76991486549377	0	0	0	0
TG	UKBB	EAS	2	63	1275	5	2.25373029708862	0	0	0	0
TG	UKBB	EAS	2	66	3593	5	5.73058819770813	0	0	0	0
TG	UKBB	EAS	2	69	1980	5	2.84048056602478	0	0	0	0
TG	UKBB	EAS	2	71	1182	5	1.84407806396484	0	0	0	0
TG	UKBB	EAS	2	72	2429	5	3.88349413871765	0	0	0	0
TG	UKBB	EAS	2	74	836	5	1.11044979095459	0	0	0	0
TG	UKBB	EAS	2	76	1161	5	1.79134106636047	0	0	0	0
TG	UKBB	EAS	2	79	1438	5	1.65337133407593	0	0	0	0
TG	UKBB	EAS	2	80	3931	5	7.9939398765564	0	0	0	0
TG	UKBB	EAS	2	84	5569	5	18.0904803276062	0	0	0	0
TG	UKBB	EAS	2	85	5454	5	17.7286353111267	0	0	0	0
TG	UKBB	EAS	2	86	1889	5	2.94329428672791	0	0	0	0
TG	UKBB	EAS	2	87	653	5	1.92490839958191	0	0	0	0
TG	UKBB	EAS	2	88	5432	5	18.6476817131042	0	0	0	0
TG	UKBB	EAS	2	89	1036	5	1.14022326469421	0	0	0	0
TG	UKBB	EAS	2	90	1250	5	1.77124381065369	0	0	0	0
TG	UKBB	EAS	2	95	1313	5	1.96137356758118	0	0	0	0
TG	UKBB	EAS	2	99	1082	5	1.96039009094238	0	0	0	0
TG	UKBB	EAS	2	115	2652	5	5.37148523330688	0	0	0	0
TG	UKBB	EAS	2	117	1250	5	1.63948106765747	0	0	0	0
TG	UKBB	EAS	2	122	954	5	1.53196692466736	0	0	0	0
TG	UKBB	EAS	2	123	54	5	0.660717248916626	0	0	0	0
TG	UKBB	EAS	2	124	1715	5	2.96222281455994	0	0	0	0
TG	UKBB	EAS	2	125	1569	5	3.80265378952026	0	0	0	0
TG	UKBB	EAS	2	128	2399	5	3.27449011802673	0	0	0	0
TG	UKBB	EAS	2	131	83	5	1.15144276618958	0	0	0	0
TG	UKBB	EAS	2	132	283	5	1.43846750259399	0	1	0	0
TG	UKBB	EAS	2	138	2235	5	3.4227192401886	0	0	0	0
TG	UKBB	EAS	2	153	1814	5	2.01117777824402	0	0	0	0
TG	UKBB	EAS	2	159	3979	5	8.46334958076477	0	0	0	0
TG	UKBB	EAS	2	161	2516	5	3.83298301696777	0	0	0	0
TG	UKBB	EAS	2	164	402	5	0.766624212265015	0	0	0	0
TG	UKBB	EAS	2	166	3733	5	7.49626898765564	0	0	0	0
TG	UKBB	EAS	2	168	1554	5	2.03621411323547	0	0	0	0
TG	UKBB	EAS	2	169	2100	5	3.19126677513123	0	0	0	0
TG	UKBB	EAS	2	171	2541	5	3.29899501800537	0	0	0	0
TG	UKBB	EAS	2	174	707	5	1.7575545310974099	0	0	0	0
TG	UKBB	EAS	2	176	2565	5	4.7308144569397	0	0	0	0
TG	UKBB	EAS	2	180	1515	5	1.39369344711304	0	0	0	0
TG	UKBB	EAS	2	181	2213	5	2.79417037963867	0	0	0	0
TG	UKBB	EAS	2	184	3316	5	6.88963866233826	0	0	0	0
TG	UKBB	EAS	2	186	2424	5	3.9476044178009	0	0	0	0
TG	UKBB	EAS	2	195	3986	5	9.38168215751648	0	0	0	0
TG	UKBB	EAS	2	197	1975	5	3.48946976661682	0	0	0	0
TG	UKBB	EAS	2	198	1147	5	1.9310736656189	0	0	0	0
TG	UKBB	EAS	2	199	2235	5	3.04702830314636	0	0	0	0
TG	UKBB	EAS	2	201	1907	5	2.78926920890808	0	0	0	0
TG	UKBB	EAS	2	202	249	5	1.01964378356934	0	0	0	0
TG	UKBB	EAS	2	205	967	5	1.53482270240784	0	0	0	0
TG	UKBB	EAS	2	210	1272	5	2.16472411155701	0	0	0	0
TG	UKBB	EAS	2	211	1675	5	1.92815947532654	0	0	0	0
TG	UKBB	EAS	2	213	3632	5	7.29714250564575	0	0	0	0
TG	UKBB	EAS	2	214	908	5	2.08667397499084	0	0	0	0
TG	UKBB	EAS	2	217	879	5	1.7221839427948	0	0	0	0
TG	UKBB	EAS	2	218	734	5	1.51570129394531	0	0	0	0
TG	UKBB	EAS	2	230	1119	5	2.40746855735779	0	0	0	0
TG	UKBB	EAS	2	231	549	5	0.922677755355835	0	0	0	0
TG	UKBB	EAS	2	235	757	5	1.56992268562317	0	0	0	0
TG	UKBB	EAS	2	237	1448	5	3.23656368255615	0	0	0	0
TG	UKBB	EAS	2	240	1471	5	2.15038347244263	0	0	0	0
TG	UKBB	EAS	2	242	1608	5	2.95668816566467	0	0	0	0
TG	UKBB	EAS	2	250	3431	5	6.16452527046204	0	0	0	0
TG	UKBB	EAS	2	251	894	5	1.54038405418396	0	0	0	0
TG	UKBB	EAS	2	256	1583	5	2.52295708656311	0	0	0	0
TG	UKBB	EAS	3	1	6691	5	27.2039220333099	0	0	0	0
TG	UKBB	EAS	3	8	478	5	1.35818481445312	0	0	0	0
TG	UKBB	EAS	3	9	543	5	0.808438777923584	0	0	0	0
TG	UKBB	EAS	3	20	1853	5	2.97902846336365	0	0	0	0
TG	UKBB	EAS	3	23	1185	5	1.58708310127258	0	0	0	0
TG	UKBB	EAS	3	24	2011	5	3.64236831665039	0	0	0	0
TG	UKBB	EAS	3	30	1895	5	2.75967955589294	0	0	0	0
TG	UKBB	EAS	3	31	1071	5	1.85671663284302	0	0	0	0
TG	UKBB	EAS	3	33	563	5	0.956344366073608	0	0	1	17
TG	UKBB	EAS	3	35	2312	5	2.86173009872437	0	0	0	0
TG	UKBB	EAS	3	39	3330	5	7.52784824371338	0	0	0	0
TG	UKBB	EAS	3	40	1470	5	1.8574104309082	0	0	0	0
TG	UKBB	EAS	3	41	2429	5	4.54587578773499	0	0	0	0
TG	UKBB	EAS	3	49	3126	5	6.32680678367615	0	0	0	0
TG	UKBB	EAS	3	55	843	5	0.880661010742188	0	0	0	0
TG	UKBB	EAS	3	57	1232	5	1.60366463661194	0	0	0	0
TG	UKBB	EAS	3	60	2743	5	4.57945919036865	0	0	0	0
TG	UKBB	EAS	3	62	1236	5	1.16041254997253	0	0	0	0
TG	UKBB	EAS	3	65	868	5	1.19139361381531	0	0	0	0
TG	UKBB	EAS	3	70	2150	5	3.52899265289307	0	0	0	0
TG	UKBB	EAS	3	71	1877	5	2.12244534492493	0	0	0	0
TG	UKBB	EAS	3	77	3555	5	7.51393365859985	0	0	0	0
TG	UKBB	EAS	3	83	3298	5	7.07267236709595	0	0	0	0
TG	UKBB	EAS	3	85	1564	5	2.69301009178162	0	0	0	0
TG	UKBB	EAS	3	88	2047	5	3.86731219291687	0	0	0	0
TG	UKBB	EAS	3	89	1645	5	2.5760555267334	0	0	0	0
TG	UKBB	EAS	3	114	1105	5	1.89631986618042	0	0	0	0
TG	UKBB	EAS	3	115	1722	5	2.25553226470947	0	0	0	0
TG	UKBB	EAS	3	120	1615	5	2.90112566947937	0	0	0	0
TG	UKBB	EAS	3	121	1917	5	3.19148850440979	0	0	0	0
TG	UKBB	EAS	3	124	298	5	1.34929418563843	0	0	0	0
TG	UKBB	EAS	3	132	2587	5	4.38040947914124	0	0	0	0
TG	UKBB	EAS	3	133	1524	5	2.16864013671875	0	0	0	0
TG	UKBB	EAS	3	136	926	5	0.9343101978302	0	0	0	0
TG	UKBB	EAS	3	140	1961	5	2.57446098327637	0	0	0	0
TG	UKBB	EAS	3	145	2316	5	4.69297766685486	0	0	0	0
TG	UKBB	EAS	3	150	1599	5	2.68984532356262	0	0	0	0
TG	UKBB	EAS	3	155	1767	5	1.69306707382202	0	0	0	0
TG	UKBB	EAS	3	161	2548	5	4.93124842643738	0	0	0	0
TG	UKBB	EAS	3	162	3192	5	6.46951985359192	0	0	0	0
TG	UKBB	EAS	3	172	1347	5	2.14363765716553	0	0	0	0
TG	UKBB	EAS	3	173	728	5	1.47071671485901	0	0	0	0
TG	UKBB	EAS	3	174	398	5	1.1674280166626	0	0	0	0
TG	UKBB	EAS	3	175	600	5	1.52566504478455	0	0	0	0
TG	UKBB	EAS	3	186	2335	5	5.04888272285461	0	0	0	0
TG	UKBB	EAS	3	191	1401	5	1.90095806121826	0	0	0	0
TG	UKBB	EAS	3	193	2086	5	3.19132924079895	0	0	0	0
TG	UKBB	EAS	3	196	261	5	1.30563235282898	0	0	0	0
TG	UKBB	EAS	3	214	2108	5	3.80338025093079	0	0	0	0
TG	UKBB	EAS	4	1	4516	5	10.238936662674	0	0	0	0
TG	UKBB	EAS	4	4	1604	5	2.76698327064514	0	0	0	0
TG	UKBB	EAS	4	19	645	5	0.810102462768555	0	0	0	0
TG	UKBB	EAS	4	21	3556	5	5.98578095436096	0	0	0	0
TG	UKBB	EAS	4	28	1873	5	2.27154850959778	0	0	0	0
TG	UKBB	EAS	4	32	2310	5	3.47382354736328	0	0	0	0
TG	UKBB	EAS	4	42	323	5	1.25866150856018	0	0	0	0
TG	UKBB	EAS	4	43	851	5	1.33522891998291	0	0	0	0
TG	UKBB	EAS	4	48	2013	5	2.65916633605957	0	0	0	0
TG	UKBB	EAS	4	54	4982	5	14.1008996963501	0	0	0	0
TG	UKBB	EAS	4	55	1857	5	2.88999962806702	0	0	0	0
TG	UKBB	EAS	4	64	3064	5	4.77876901626587	0	0	0	0
TG	UKBB	EAS	4	66	1472	5	1.72266316413879	0	0	0	0
TG	UKBB	EAS	4	74	2261	5	3.12222290039062	0	0	0	0
TG	UKBB	EAS	4	80	2129	5	3.15724539756775	0	0	0	0
TG	UKBB	EAS	4	82	797	5	0.882416963577271	0	0	0	0
TG	UKBB	EAS	4	84	1785	5	1.89422059059143	0	0	0	0
TG	UKBB	EAS	4	87	2896	5	5.14575290679932	0	0	0	0
TG	UKBB	EAS	4	90	1656	5	2.29766631126404	0	0	0	0
TG	UKBB	EAS	4	95	795	5	1.07372999191284	0	0	0	0
TG	UKBB	EAS	4	97	1060	5	2.15340232849121	0	0	0	0
TG	UKBB	EAS	4	101	2078	5	2.94605326652527	0	0	0	0
TG	UKBB	EAS	4	102	1374	5	2.33550310134888	0	0	0	0
TG	UKBB	EAS	4	103	1099	5	1.69851469993591	0	0	0	0
TG	UKBB	EAS	4	109	889	5	1.34989953041077	0	1	0	0
TG	UKBB	EAS	4	112	2783	5	5.13161492347717	0	0	0	0
TG	UKBB	EAS	4	113	1919	5	2.55584979057312	0	0	0	0
TG	UKBB	EAS	4	114	2139	5	3.41976451873779	0	0	0	0
TG	UKBB	EAS	4	115	992	5	1.9490213394165	0	0	0	0
TG	UKBB	EAS	4	116	1363	5	2.77473425865173	0	0	0	0
TG	UKBB	EAS	4	117	1912	5	2.83809471130371	0	0	0	0
TG	UKBB	EAS	4	121	1719	5	2.09363079071045	0	0	0	0
TG	UKBB	EAS	4	122	807	5	0.923693656921387	0	0	0	0
TG	UKBB	EAS	4	133	1710	5	2.95627665519714	0	0	0	0
TG	UKBB	EAS	4	134	3496	5	5.14794588088989	0	0	0	0
TG	UKBB	EAS	4	136	3074	5	5.45936727523804	0	0	0	0
TG	UKBB	EAS	4	139	3664	5	7.56097745895386	0	0	0	0
TG	UKBB	EAS	4	147	857	5	1.72514200210571	0	0	0	0
TG	UKBB	EAS	4	148	1306	5	1.95165181159973	0	0	0	0
TG	UKBB	EAS	4	149	1898	5	2.49965953826904	0	0	0	0
TG	UKBB	EAS	4	150	1949	5	3.00407099723816	0	0	0	0
TG	UKBB	EAS	4	153	2095	5	2.94592189788818	0	0	0	0
TG	UKBB	EAS	4	154	898	5	1.60764765739441	0	0	0	0
TG	UKBB	EAS	4	156	2926	5	5.65791392326355	0	0	0	0
TG	UKBB	EAS	4	159	793	5	1.4589250087738	0	0	0	0
TG	UKBB	EAS	4	161	618	5	1.28461980819702	0	0	0	0
TG	UKBB	EAS	4	162	1463	5	1.94059634208679	0	0	0	0
TG	UKBB	EAS	4	165	1470	5	2.53533124923706	0	0	0	0
TG	UKBB	EAS	4	180	2055	5	2.59880113601685	0	0	0	0
TG	UKBB	EAS	4	184	1068	5	1.46566486358643	0	0	0	0
TG	UKBB	EAS	4	199	385	5	1.64793109893799	0	0	0	0
TG	UKBB	EAS	5	27	3600	5	7.65358829498291	0	0	0	0
TG	UKBB	EAS	5	33	1072	5	1.55238747596741	0	0	0	0
TG	UKBB	EAS	5	49	572	5	0.840835094451904	0	0	0	0
TG	UKBB	EAS	5	64	2480	5	4.33422899246216	0	0	0	0
TG	UKBB	EAS	5	66	1428	5	2.73550868034363	0	0	0	0
TG	UKBB	EAS	5	68	496	5	1.0277738571167	0	0	0	0
TG	UKBB	EAS	5	69	876	5	0.959672212600708	0	0	0	0
TG	UKBB	EAS	5	71	2865	5	5.25459742546082	0	0	0	0
TG	UKBB	EAS	5	72	2762	5	5.41917777061462	0	0	0	0
TG	UKBB	EAS	5	74	3392	5	5.97936582565308	0	0	0	0
TG	UKBB	EAS	5	78	532	5	1.52229785919189	0	0	0	0
TG	UKBB	EAS	5	81	1419	5	1.66949462890625	0	0	0	0
TG	UKBB	EAS	5	85	2503	5	4.81645321846008	0	0	0	0
TG	UKBB	EAS	5	88	846	5	1.65186834335327	0	0	0	0
TG	UKBB	EAS	5	92	1474	5	2.03671860694885	0	0	0	0
TG	UKBB	EAS	5	96	1847	5	2.85841989517212	0	0	0	0
TG	UKBB	EAS	5	97	1529	5	2.28472852706909	0	0	0	0
TG	UKBB	EAS	5	102	2227	5	2.85998249053955	0	0	0	0
TG	UKBB	EAS	5	103	1600	5	2.00380158424377	0	0	0	0
TG	UKBB	EAS	5	108	822	5	1.2444064617157	0	0	0	0
TG	UKBB	EAS	5	109	1120	5	1.24654126167297	0	0	0	0
TG	UKBB	EAS	5	111	2582	5	4.35250043869019	0	0	0	0
TG	UKBB	EAS	5	114	5433	5	16.8907952308655	0	0	0	0
TG	UKBB	EAS	5	116	2653	5	4.004807472229	0	0	0	0
TG	UKBB	EAS	5	120	2525	5	4.41771864891052	0	0	0	0
TG	UKBB	EAS	5	127	3422	5	6.74270677566528	0	0	0	0
TG	UKBB	EAS	5	130	2746	5	5.20414304733276	0	0	0	0
TG	UKBB	EAS	5	136	2489	5	3.84613823890686	0	0	0	0
TG	UKBB	EAS	5	142	1516	5	2.43095088005066	0	0	0	0
TG	UKBB	EAS	5	145	2541	5	3.92586493492126	0	0	0	0
TG	UKBB	EAS	5	146	2114	5	4.08849883079529	0	0	0	0
TG	UKBB	EAS	5	147	1157	5	1.27692294120789	0	0	0	0
TG	UKBB	EAS	5	152	3335	5	8.36859226226807	0	0	0	0
TG	UKBB	EAS	5	156	1640	5	2.8741466999054	0	0	0	0
TG	UKBB	EAS	5	158	1297	5	1.73792362213135	0	0	0	0
TG	UKBB	EAS	5	159	242	5	1.17253232002258	0	0	0	0
TG	UKBB	EAS	5	164	1293	5	1.4714469909668	0	0	0	0
TG	UKBB	EAS	5	166	1939	5	2.47228050231934	0	0	0	0
TG	UKBB	EAS	5	167	1337	5	2.22697591781616	0	0	0	0
TG	UKBB	EAS	5	168	1769	5	1.94830179214478	0	0	0	0
TG	UKBB	EAS	5	174	1898	5	2.8443295955658	0	0	0	0
TG	UKBB	EAS	5	177	1260	5	1.97492957115173	0	0	0	0
TG	UKBB	EAS	5	181	572	5	2.05825424194336	0	0	0	0
TG	UKBB	EAS	5	182	807	5	1.77276873588562	0	0	0	0
TG	UKBB	EAS	5	191	2518	5	3.88471555709839	0	0	0	0
TG	UKBB	EAS	5	192	393	5	0.994591236114502	0	0	0	0
TG	UKBB	EAS	5	193	618	5	0.888495922088623	0	0	0	0
TG	UKBB	EAS	5	194	623	5	1.7632691860199	0	0	0	0
TG	UKBB	EAS	5	202	524	5	1.6230936050415	0	0	0	0
TG	UKBB	EAS	5	205	955	5	1.96827602386475	0	0	0	0
TG	UKBB	EAS	6	3	365	5	0.662194013595581	0	0	0	0
TG	UKBB	EAS	6	19	1691	5	3.09553718566895	0	0	0	0
TG	UKBB	EAS	6	21	1274	5	1.83433127403259	0	0	0	0
TG	UKBB	EAS	6	27	1100	5	2.13966155052185	0	0	0	0
TG	UKBB	EAS	6	29	1626	5	2.49116778373718	0	0	0	0
TG	UKBB	EAS	6	32	575	5	1.10979962348938	0	0	0	0
TG	UKBB	EAS	6	39	2821	5	5.38545989990234	0	0	0	0
TG	UKBB	EAS	6	43	1686	5	1.54748249053955	0	0	0	0
TG	UKBB	EAS	6	46	173	5	0.672374725341797	0	0	0	0
TG	UKBB	EAS	6	47	2347	5	3.68219137191772	0	0	0	0
TG	UKBB	EAS	6	51	3622	5	7.15922260284424	0	0	0	0
TG	UKBB	EAS	6	52	1151	5	2.08723902702332	0	0	0	0
TG	UKBB	EAS	6	53	982	5	1.67649054527283	0	0	0	0
TG	UKBB	EAS	6	56	963	5	1.76885008811951	0	0	0	0
TG	UKBB	EAS	6	57	1168	5	1.99243211746216	0	0	0	0
TG	UKBB	EAS	6	58	1660	5	2.0597677230835	0	0	0	0
TG	UKBB	EAS	6	60	866	5	1.82345199584961	0	0	0	0
TG	UKBB	EAS	6	63	1509	5	1.92100119590759	0	0	0	0
TG	UKBB	EAS	6	64	128	5	1.23912239074707	0	0	0	0
TG	UKBB	EAS	6	73	297	5	0.638333797454834	0	0	0	0
TG	UKBB	EAS	6	74	923	5	1.30578422546387	0	0	0	0
TG	UKBB	EAS	6	75	307	5	1.26871848106384	0	0	0	0
TG	UKBB	EAS	6	76	3661	5	6.09973287582397	0	0	0	0
TG	UKBB	EAS	6	81	3381	5	5.88888907432556	0	0	0	0
TG	UKBB	EAS	6	88	5034	5	14.0336961746216	0	0	0	0
TG	UKBB	EAS	6	94	2667	5	5.47371697425842	0	0	0	0
TG	UKBB	EAS	6	97	1728	5	1.93087339401245	0	0	0	0
TG	UKBB	EAS	6	98	2012	5	3.18087244033813	0	0	0	0
TG	UKBB	EAS	6	99	2174	5	3.54240083694458	0	0	0	0
TG	UKBB	EAS	6	100	37	5	0.785782098770142	0	0	0	0
TG	UKBB	EAS	6	105	1883	5	2.98630380630493	0	0	0	0
TG	UKBB	EAS	6	106	1723	5	3.24285221099854	0	0	0	0
TG	UKBB	EAS	6	108	542	5	0.820507764816284	0	0	0	0
TG	UKBB	EAS	6	109	1658	5	1.90476703643799	0	0	0	0
TG	UKBB	EAS	6	111	1192	5	0.992334604263306	0	0	0	0
TG	UKBB	EAS	6	112	1708	5	2.44999408721924	0	0	0	0
TG	UKBB	EAS	6	116	2412	5	3.42068719863892	0	0	0	0
TG	UKBB	EAS	6	124	1887	5	2.69232821464539	0	0	0	0
TG	UKBB	EAS	6	125	1053	5	1.595623254776	0	0	0	0
TG	UKBB	EAS	6	127	1189	5	1.89771366119385	0	0	0	0
TG	UKBB	EAS	6	130	2445	5	3.68250012397766	0	0	0	0
TG	UKBB	EAS	6	140	1329	5	1.58098220825195	0	0	0	0
TG	UKBB	EAS	6	146	905	5	2.41316556930542	0	0	0	0
TG	UKBB	EAS	6	149	2758	5	4.4294650554657	0	0	0	0
TG	UKBB	EAS	6	154	1531	5	2.14615869522095	0	0	0	0
TG	UKBB	EAS	6	157	793	5	1.02528882026672	0	0	0	0
TG	UKBB	EAS	6	158	1566	5	1.70307970046997	0	0	0	0
TG	UKBB	EAS	6	160	2007	5	2.45938324928284	0	0	0	0
TG	UKBB	EAS	6	161	1467	5	3.11425852775574	0	0	0	0
TG	UKBB	EAS	6	169	3456	5	6.36324691772461	0	0	0	0
TG	UKBB	EAS	6	173	2203	5	4.0517692565918	0	0	0	0
TG	UKBB	EAS	6	175	944	5	1.36007952690125	0	0	0	0
TG	UKBB	EAS	6	178	728	5	1.13117718696594	0	0	0	0
TG	UKBB	EAS	6	179	1219	5	2.03014922142029	0	0	0	0
TG	UKBB	EAS	6	182	1768	5	1.78885960578918	0	0	0	0
TG	UKBB	EAS	7	3	864	5	1.55557346343994	0	0	0	0
TG	UKBB	EAS	7	8	2988	5	5.1181902885437	0	0	0	0
TG	UKBB	EAS	7	11	624	5	0.985475063323975	0	0	0	0
TG	UKBB	EAS	7	12	2161	5	3.26457643508911	0	0	0	0
TG	UKBB	EAS	7	13	885	5	2.18974304199219	0	0	0	0
TG	UKBB	EAS	7	25	2912	5	4.22989654541016	0	0	0	0
TG	UKBB	EAS	7	26	2475	5	4.42826461791992	0	0	0	0
TG	UKBB	EAS	7	29	1717	5	2.7001326084137	0	0	0	0
TG	UKBB	EAS	7	30	1762	5	2.30051970481873	0	0	0	0
TG	UKBB	EAS	7	31	1933	5	3.91250777244568	0	0	0	0
TG	UKBB	EAS	7	32	1951	5	3.34309697151184	0	0	0	0
TG	UKBB	EAS	7	33	2427	5	3.7525897026062	0	0	0	0
TG	UKBB	EAS	7	35	2480	5	3.50525069236755	0	0	0	0
TG	UKBB	EAS	7	37	2293	5	3.83500671386719	0	0	0	0
TG	UKBB	EAS	7	41	1869	5	2.77324414253235	0	0	0	0
TG	UKBB	EAS	7	42	2014	5	3.31571507453918	0	0	0	0
TG	UKBB	EAS	7	43	2336	5	3.42840909957886	0	0	0	0
TG	UKBB	EAS	7	44	363	5	0.947382926940918	0	0	0	0
TG	UKBB	EAS	7	45	781	5	1.57682156562805	0	0	0	0
TG	UKBB	EAS	7	48	400	5	0.812037467956543	0	0	0	0
TG	UKBB	EAS	7	50	1099	5	1.25591778755188	0	0	0	0
TG	UKBB	EAS	7	54	2381	5	3.90146780014038	0	0	0	0
TG	UKBB	EAS	7	58	1730	5	2.93939733505249	0	0	0	0
TG	UKBB	EAS	7	64	171	5	0.838070869445801	0	0	0	0
TG	UKBB	EAS	7	66	766	5	1.69000577926636	0	0	0	0
TG	UKBB	EAS	7	67	4217	5	10.4169433116913	0	0	0	0
TG	UKBB	EAS	7	69	1133	5	1.18945670127869	0	0	0	0
TG	UKBB	EAS	7	73	654	5	0.865047454833984	0	0	0	0
TG	UKBB	EAS	7	74	929	5	1.93364000320435	0	0	0	0
TG	UKBB	EAS	7	85	1621	5	3.04180765151978	0	0	0	0
TG	UKBB	EAS	7	86	511	5	1.09749746322632	0	0	0	0
TG	UKBB	EAS	7	88	2765	5	4.83117389678955	0	0	0	0
TG	UKBB	EAS	7	93	938	5	0.881919145584106	0	0	0	0
TG	UKBB	EAS	7	95	1241	5	2.18588781356812	0	0	0	0
TG	UKBB	EAS	7	103	1378	5	1.31380176544189	0	0	0	0
TG	UKBB	EAS	7	109	1571	5	3.44857859611511	0	0	0	0
TG	UKBB	EAS	7	114	3618	5	8.07370924949646	0	0	0	0
TG	UKBB	EAS	7	118	647	5	1.8831102848053	0	0	0	0
TG	UKBB	EAS	7	119	1168	5	1.45703673362732	0	0	0	0
TG	UKBB	EAS	7	120	236	5	1.38112688064575	0	0	0	0
TG	UKBB	EAS	7	121	2813	5	4.67423176765442	0	0	0	0
TG	UKBB	EAS	7	125	1386	5	1.66089057922363	0	0	0	0
TG	UKBB	EAS	7	127	384	5	1.38378310203552	0	0	0	0
TG	UKBB	EAS	7	128	386	5	1.79965043067932	0	0	0	0
TG	UKBB	EAS	7	132	3951	5	9.01878428459167	0	0	0	0
TG	UKBB	EAS	7	133	2700	5	5.36945343017578	0	0	0	0
TG	UKBB	EAS	7	143	474	5	1.01266670227051	0	0	0	0
TG	UKBB	EAS	7	145	1165	5	2.1130006313324	0	0	0	0
TG	UKBB	EAS	7	147	673	5	0.706669569015503	0	0	0	0
TG	UKBB	EAS	7	148	836	5	1.21749663352966	0	0	0	0
TG	UKBB	EAS	7	161	459	5	1.14691662788391	0	0	0	0
TG	UKBB	EAS	7	162	2845	5	3.99683523178101	0	0	0	0
TG	UKBB	EAS	7	169	415	5	2.21613311767578	0	0	0	0
TG	UKBB	EAS	7	177	147	5	0.929542779922485	0	0	0	0
TG	UKBB	EAS	7	184	1637	5	2.88719749450684	0	0	0	0
TG	UKBB	EAS	8	13	670	5	1.42723679542542	0	0	0	0
TG	UKBB	EAS	8	17	1580	5	2.60666441917419	0	0	0	0
TG	UKBB	EAS	8	20	1833	5	2.61134338378906	0	0	0	0
TG	UKBB	EAS	8	21	2129	5	2.76099348068237	0	0	0	0
TG	UKBB	EAS	8	24	3985	5	7.66260027885437	0	0	0	0
TG	UKBB	EAS	8	27	1246	5	2.24848318099976	0	0	0	0
TG	UKBB	EAS	8	28	968	5	0.948538303375244	0	0	0	0
TG	UKBB	EAS	8	29	3750	5	7.92481184005737	0	0	0	0
TG	UKBB	EAS	8	31	294	5	1.61154627799988	0	0	0	0
TG	UKBB	EAS	8	32	1908	5	2.92386198043823	0	0	0	0
TG	UKBB	EAS	8	33	1904	5	3.21695280075073	0	0	0	0
TG	UKBB	EAS	8	34	704	5	1.4525671005249	0	0	0	0
TG	UKBB	EAS	8	35	758	5	1.26827049255371	0	0	0	0
TG	UKBB	EAS	8	38	591	5	1.27231383323669	0	0	0	0
TG	UKBB	EAS	8	39	1464	5	2.32336616516113	0	0	0	0
TG	UKBB	EAS	8	40	1685	5	2.48367261886597	0	0	0	0
TG	UKBB	EAS	8	41	1191	5	0.941974878311157	0	0	0	0
TG	UKBB	EAS	8	42	2243	5	4.49665379524231	0	0	0	0
TG	UKBB	EAS	8	46	618	5	1.06077408790588	0	0	0	0
TG	UKBB	EAS	8	48	1751	5	2.68623447418213	0	0	0	0
TG	UKBB	EAS	8	51	1968	5	2.39176726341248	0	0	0	0
TG	UKBB	EAS	8	53	1091	5	2.01212811470032	0	0	0	0
TG	UKBB	EAS	8	54	314	5	0.665305614471436	0	0	0	0
TG	UKBB	EAS	8	55	798	5	1.08888268470764	0	0	0	0
TG	UKBB	EAS	8	65	1075	5	0.948320388793945	0	0	0	0
TG	UKBB	EAS	8	66	2154	5	3.47622799873352	0	0	0	0
TG	UKBB	EAS	8	68	1652	5	2.96413922309875	0	0	0	0
TG	UKBB	EAS	8	69	2954	5	5.59251642227173	0	0	0	0
TG	UKBB	EAS	8	71	1849	5	3.16579461097717	0	0	0	0
TG	UKBB	EAS	8	77	1527	5	3.55297040939331	0	0	0	0
TG	UKBB	EAS	8	78	391	5	1.16919255256653	0	0	0	0
TG	UKBB	EAS	8	80	756	5	1.31061053276062	0	0	0	0
TG	UKBB	EAS	8	83	3100	5	5.02497124671936	0	0	0	0
TG	UKBB	EAS	8	84	3880	5	8.04765677452087	0	0	0	0
TG	UKBB	EAS	8	85	1173	5	2.0590980052948	0	0	0	0
TG	UKBB	EAS	8	86	136	5	1.82260179519653	0	0	0	0
TG	UKBB	EAS	8	88	1997	5	3.74250793457031	0	0	0	0
TG	UKBB	EAS	8	92	2169	5	3.78146886825562	0	0	0	0
TG	UKBB	EAS	8	107	643	5	0.646687984466553	0	0	0	0
TG	UKBB	EAS	8	108	3178	5	5.97442388534546	0	0	0	0
TG	UKBB	EAS	8	113	1184	5	1.31311535835266	0	0	0	0
TG	UKBB	EAS	8	114	1094	5	1.6009156703949	0	0	0	0
TG	UKBB	EAS	8	124	1050	5	1.97194862365723	0	0	0	0
TG	UKBB	EAS	8	125	447	5	1.6949028968811	0	0	0	0
TG	UKBB	EAS	8	126	166	5	1.13404417037964	0	0	0	0
TG	UKBB	EAS	8	130	959	5	2.34049892425537	0	0	0	0
TG	UKBB	EAS	8	133	1739	5	2.45793890953064	0	0	0	0
TG	UKBB	EAS	8	141	979	5	1.20678949356079	0	0	0	0
TG	UKBB	EAS	8	154	849	5	0.830217838287354	0	0	0	0
TG	UKBB	EAS	8	159	790	5	1.94712209701538	0	0	0	0
TG	UKBB	EAS	9	1	2816	5	3.33982729911804	0	0	0	0
TG	UKBB	EAS	9	4	1636	5	2.02975821495056	0	0	0	0
TG	UKBB	EAS	9	9	1232	5	2.3622784614563	0	0	0	0
TG	UKBB	EAS	9	13	2361	5	3.23673820495605	0	0	0	0
TG	UKBB	EAS	9	27	3873	5	7.65985107421875	0	0	0	0
TG	UKBB	EAS	9	28	1342	5	1.83001399040222	0	0	0	0
TG	UKBB	EAS	9	31	2389	5	3.98515963554382	0	0	0	0
TG	UKBB	EAS	9	32	843	5	2.06088256835938	0	0	0	0
TG	UKBB	EAS	9	33	1971	5	3.37433409690857	0	0	0	0
TG	UKBB	EAS	9	39	750	5	0.862255096435547	0	0	0	0
TG	UKBB	EAS	9	41	203	5	1.22787475585938	0	0	0	0
TG	UKBB	EAS	9	48	427	5	1.17477560043335	0	0	0	0
TG	UKBB	EAS	9	50	2523	5	2.6683030128479	0	0	0	0
TG	UKBB	EAS	9	53	3107	5	6.72941017150879	0	0	0	0
TG	UKBB	EAS	9	71	162	5	0.610384941101074	0	0	0	0
TG	UKBB	EAS	9	72	410	5	1.07401752471924	0	0	0	0
TG	UKBB	EAS	9	77	995	5	1.416827917099	0	0	0	0
TG	UKBB	EAS	9	84	1517	5	2.64097929000854	0	0	0	0
TG	UKBB	EAS	9	93	1538	5	2.11651945114136	0	0	0	0
TG	UKBB	EAS	9	97	998	5	1.03653836250305	0	0	0	0
TG	UKBB	EAS	9	98	2676	5	5.65869045257568	0	0	0	0
TG	UKBB	EAS	9	100	2572	5	4.43301963806152	0	0	0	0
TG	UKBB	EAS	9	102	2349	5	3.50857305526733	0	0	0	0
TG	UKBB	EAS	9	105	501	5	0.914434194564819	0	0	0	0
TG	UKBB	EAS	9	106	1780	5	1.52579188346863	0	0	0	0
TG	UKBB	EAS	9	107	579	5	1.10155367851257	0	0	0	0
TG	UKBB	EAS	9	110	2952	5	5.48655962944031	0	0	0	0
TG	UKBB	EAS	9	111	95	5	0.925743579864502	0	0	0	0
TG	UKBB	EAS	9	112	2148	5	3.62887024879456	0	0	0	0
TG	UKBB	EAS	9	114	712	5	1.7845344543457	0	0	0	0
TG	UKBB	EAS	9	115	3125	5	4.64073443412781	0	0	0	0
TG	UKBB	EAS	9	116	1530	5	1.98989510536194	0	0	0	0
TG	UKBB	EAS	9	118	3584	5	6.59338092803955	0	0	0	0
TG	UKBB	EAS	9	124	1370	5	1.62564873695374	0	0	0	0
TG	UKBB	EAS	9	128	97	5	0.697427988052368	0	0	0	0
TG	UKBB	EAS	9	129	1970	5	2.63293790817261	0	0	0	0
TG	UKBB	EAS	9	134	2705	5	3.96688866615295	0	0	0	0
TG	UKBB	EAS	9	135	1147	5	1.37902045249939	0	0	0	0
TG	UKBB	EAS	9	136	1597	5	2.46691918373108	0	0	0	0
TG	UKBB	EAS	9	138	2336	5	3.42001819610596	0	0	0	0
TG	UKBB	EAS	9	140	3094	5	5.77909016609192	0	0	0	0
TG	UKBB	EAS	9	142	918	5	1.08914971351624	0	0	0	0
TG	UKBB	EAS	9	149	763	5	0.938545703887939	0	0	0	0
TG	UKBB	EAS	9	160	211	5	0.912495374679565	0	0	0	0
TG	UKBB	EAS	9	161	277	5	1.40899538993835	0	0	0	0
TG	UKBB	EAS	10	13	1631	5	2.53107070922852	0	0	0	0
TG	UKBB	EAS	10	14	2195	5	2.01736807823181	0	0	0	0
TG	UKBB	EAS	10	20	69	5	0.657212018966675	0	0	0	0
TG	UKBB	EAS	10	22	1697	5	2.10125422477722	0	0	0	0
TG	UKBB	EAS	10	26	1946	5	2.19137072563171	0	0	0	0
TG	UKBB	EAS	10	34	662	5	1.94191575050354	0	0	0	0
TG	UKBB	EAS	10	43	1398	5	1.72957563400269	0	0	0	0
TG	UKBB	EAS	10	44	987	5	1.69113063812256	0	0	0	0
TG	UKBB	EAS	10	45	2345	5	4.717689037323	0	0	0	0
TG	UKBB	EAS	10	48	1935	5	1.87505483627319	0	0	0	0
TG	UKBB	EAS	10	49	1741	5	2.08359813690186	0	0	0	0
TG	UKBB	EAS	10	59	1251	5	2.15256857872009	0	0	0	0
TG	UKBB	EAS	10	60	2404	5	4.87447190284729	0	0	0	0
TG	UKBB	EAS	10	61	845	5	1.07171034812927	0	0	0	0
TG	UKBB	EAS	10	64	332	5	0.845035076141357	0	0	0	0
TG	UKBB	EAS	10	70	1918	5	2.95310688018799	0	0	0	0
TG	UKBB	EAS	10	76	4127	5	10.6535830497742	0	0	0	0
TG	UKBB	EAS	10	78	1021	5	0.902213573455811	0	0	0	0
TG	UKBB	EAS	10	79	2127	5	2.55240774154663	0	0	0	0
TG	UKBB	EAS	10	80	1747	5	2.44796323776245	0	0	0	0
TG	UKBB	EAS	10	81	2263	5	3.09246158599854	0	0	0	0
TG	UKBB	EAS	10	84	3091	5	6.01566243171692	0	0	0	0
TG	UKBB	EAS	10	85	584	5	1.28315329551697	0	0	0	0
TG	UKBB	EAS	10	92	3493	5	7.25596904754639	0	0	0	0
TG	UKBB	EAS	10	93	510	5	1.13156843185425	0	0	0	0
TG	UKBB	EAS	10	99	144	5	1.10270380973816	0	0	0	0
TG	UKBB	EAS	10	100	506	5	1.19538497924805	0	0	0	0
TG	UKBB	EAS	10	109	2004	5	2.96232557296753	0	0	0	0
TG	UKBB	EAS	10	110	619	5	1.37019610404968	0	0	0	0
TG	UKBB	EAS	10	111	1258	5	1.74194526672363	0	0	0	0
TG	UKBB	EAS	10	112	513	5	1.21675825119019	0	0	0	0
TG	UKBB	EAS	10	117	2518	5	3.56497097015381	0	0	0	0
TG	UKBB	EAS	10	120	1897	5	3.50719404220581	0	0	0	0
TG	UKBB	EAS	10	123	1687	5	2.85957145690918	0	0	0	0
TG	UKBB	EAS	10	124	472	5	1.42300152778625	0	0	0	0
TG	UKBB	EAS	10	126	2444	5	4.92322611808777	0	0	0	0
TG	UKBB	EAS	10	129	2684	5	2.85035586357117	0	0	0	0
TG	UKBB	EAS	10	131	2270	5	2.4963102340698198	0	0	0	0
TG	UKBB	EAS	10	136	3064	5	3.30331611633301	0	0	0	0
TG	UKBB	EAS	10	137	2488	5	4.11318135261536	0	0	0	0
TG	UKBB	EAS	10	138	395	5	1.04898691177368	0	0	0	0
TG	UKBB	EAS	10	140	305	5	1.13655304908752	0	0	0	0
TG	UKBB	EAS	10	142	518	5	2.20606637001038	0	0	0	0
TG	UKBB	EAS	10	144	868	5	2.25004291534424	0	0	0	0
TG	UKBB	EAS	10	145	867	5	1.52907681465149	0	0	0	0
TG	UKBB	EAS	10	148	1318	5	1.51629948616028	0	0	0	0
TG	UKBB	EAS	10	152	1556	5	2.35307836532593	0	0	0	0
TG	UKBB	EAS	10	167	318	5	1.3992235660553	0	0	0	0
TG	UKBB	EAS	10	176	896	5	0.879756689071655	0	0	0	0
TG	UKBB	EAS	10	177	562	5	1.05955624580383	0	0	0	0
TG	UKBB	EAS	11	2	573	5	1.19093799591064	0	0	0	0
TG	UKBB	EAS	11	4	703	5	0.90904974937439	0	0	0	0
TG	UKBB	EAS	11	7	585	5	1.54125475883484	0	0	0	0
TG	UKBB	EAS	11	11	1920	5	2.59898543357849	0	0	0	0
TG	UKBB	EAS	11	14	1490	5	1.65766572952271	0	0	0	0
TG	UKBB	EAS	11	19	662	5	1.64515137672424	0	0	0	0
TG	UKBB	EAS	11	22	660	5	0.909359931945801	0	0	0	0
TG	UKBB	EAS	11	27	1484	5	2.80621457099915	0	0	0	0
TG	UKBB	EAS	11	28	1031	5	1.53494095802307	0	0	0	0
TG	UKBB	EAS	11	29	827	5	1.33769488334656	0	0	0	0
TG	UKBB	EAS	11	33	1486	5	1.932776927948	0	0	0	0
TG	UKBB	EAS	11	51	1597	5	1.92669081687927	0	0	0	0
TG	UKBB	EAS	11	52	900	5	2.04676604270935	0	0	0	0
TG	UKBB	EAS	11	53	1825	5	2.31326508522034	0	0	0	0
TG	UKBB	EAS	11	54	1418	5	2.5385408401489302	0	0	0	0
TG	UKBB	EAS	11	56	326	5	1.30253767967224	0	0	0	0
TG	UKBB	EAS	11	57	1172	5	1.22448229789734	0	0	0	0
TG	UKBB	EAS	11	65	1495	5	2.09438514709473	0	0	0	0
TG	UKBB	EAS	11	70	2952	5	4.67311501502991	0	0	0	0
TG	UKBB	EAS	11	75	539	5	0.717736721038818	0	0	0	0
TG	UKBB	EAS	11	76	1276	5	1.92483019828796	0	0	0	0
TG	UKBB	EAS	11	77	892	5	1.30939817428589	0	0	0	0
TG	UKBB	EAS	11	78	1204	5	1.69066476821899	0	0	0	0
TG	UKBB	EAS	11	79	2866	5	4.3901801109314	0	0	0	0
TG	UKBB	EAS	11	80	1332	5	2.10454893112183	0	0	0	0
TG	UKBB	EAS	11	81	1023	5	1.07331228256226	0	0	0	0
TG	UKBB	EAS	11	83	935	5	2.35345053672791	0	0	0	0
TG	UKBB	EAS	11	89	317	5	0.879112243652344	0	0	0	0
TG	UKBB	EAS	11	90	2897	5	4.03280711174011	0	0	0	0
TG	UKBB	EAS	11	104	3118	5	4.39318943023682	0	0	0	0
TG	UKBB	EAS	11	108	543	5	0.683152437210083	0	0	0	0
TG	UKBB	EAS	11	112	2298	5	2.83715176582336	0	0	0	0
TG	UKBB	EAS	11	114	1099	5	1.47471046447754	0	0	0	0
TG	UKBB	EAS	11	117	3270	5	7.00228786468506	0	0	0	0
TG	UKBB	EAS	11	121	1677	5	2.98996829986572	0	0	0	0
TG	UKBB	EAS	11	123	653	5	1.55053639411926	0	0	0	0
TG	UKBB	EAS	11	125	1211	5	1.3095076084137	0	0	0	0
TG	UKBB	EAS	11	126	2925	5	6.12683844566345	0	0	0	0
TG	UKBB	EAS	11	127	280	5	1.15581154823303	0	0	0	0
TG	UKBB	EAS	11	128	230	5	0.568074703216553	0	0	0	0
TG	UKBB	EAS	11	129	1763	5	1.64176797866821	0	1	1	2
TG	UKBB	EAS	11	130	988	5	1.12265038490295	0	0	0	0
TG	UKBB	EAS	11	131	212	5	0.627033948898315	0	0	0	0
TG	UKBB	EAS	11	133	1650	5	2.50821971893311	0	0	0	0
TG	UKBB	EAS	11	134	2063	5	2.80434107780457	0	0	0	0
TG	UKBB	EAS	11	138	807	5	1.70499181747437	0	0	0	0
TG	UKBB	EAS	11	140	836	5	1.90710639953613	0	0	0	0
TG	UKBB	EAS	11	147	2780	5	4.83102750778198	0	0	0	0
TG	UKBB	EAS	11	149	2280	5	4.15144634246826	0	0	0	0
TG	UKBB	EAS	11	151	1059	5	1.81840705871582	0	0	0	0
TG	UKBB	EAS	11	162	979	5	1.48206186294556	0	0	0	0
TG	UKBB	EAS	12	1	917	5	1.04832482337952	0	0	0	0
TG	UKBB	EAS	12	4	938	5	1.1073899269104	0	0	0	0
TG	UKBB	EAS	12	12	545	5	0.652628421783447	0	0	0	0
TG	UKBB	EAS	12	13	1056	5	2.26337623596191	0	0	0	0
TG	UKBB	EAS	12	17	579	5	1.32703375816345	0	0	0	0
TG	UKBB	EAS	12	18	1483	5	1.38370418548584	0	0	0	0
TG	UKBB	EAS	12	23	2169	5	3.58327174186707	0	0	0	0
TG	UKBB	EAS	12	26	374	5	0.787862777709961	0	0	0	0
TG	UKBB	EAS	12	28	1165	5	2.63913178443909	0	0	0	0
TG	UKBB	EAS	12	29	235	5	1.454270362854	0	0	0	0
TG	UKBB	EAS	12	31	489	5	0.810904741287231	0	0	0	0
TG	UKBB	EAS	12	32	1680	5	2.13175463676453	0	0	0	0
TG	UKBB	EAS	12	33	1543	5	2.03960776329041	0	0	0	0
TG	UKBB	EAS	12	34	1271	5	1.4081892967224099	0	0	0	0
TG	UKBB	EAS	12	35	723	5	1.44587159156799	0	0	0	0
TG	UKBB	EAS	12	38	2338	5	4.17648720741272	0	0	0	0
TG	UKBB	EAS	12	40	788	5	1.26745676994324	0	0	0	0
TG	UKBB	EAS	12	41	448	5	1.3689398765564	0	0	0	0
TG	UKBB	EAS	12	42	3134	5	4.74989533424377	0	0	0	0
TG	UKBB	EAS	12	45	1300	5	1.19536662101746	0	0	0	0
TG	UKBB	EAS	12	47	523	5	0.841662645339966	0	0	0	0
TG	UKBB	EAS	12	48	2027	5	3.97813677787781	0	0	0	0
TG	UKBB	EAS	12	49	2015	5	3.47505402565002	0	0	0	0
TG	UKBB	EAS	12	51	1334	5	1.19028735160828	0	0	0	0
TG	UKBB	EAS	12	57	2493	5	4.97128486633301	0	0	0	0
TG	UKBB	EAS	12	58	1554	5	1.64711403846741	0	0	0	0
TG	UKBB	EAS	12	59	2458	5	2.77542018890381	0	0	0	0
TG	UKBB	EAS	12	60	1099	5	1.51074171066284	0	0	0	0
TG	UKBB	EAS	12	62	856	5	1.86957216262817	0	0	0	0
TG	UKBB	EAS	12	63	1804	5	2.9476594924926802	0	0	0	0
TG	UKBB	EAS	12	64	900	5	1.28918623924255	0	0	0	0
TG	UKBB	EAS	12	66	1741	5	1.57122707366943	0	0	0	0
TG	UKBB	EAS	12	67	898	5	1.64836168289185	0	0	0	0
TG	UKBB	EAS	12	68	447	5	1.11320233345032	0	0	0	0
TG	UKBB	EAS	12	69	1754	5	1.65784239768982	0	0	0	0
TG	UKBB	EAS	12	70	448	5	0.802118062973022	0	0	0	0
TG	UKBB	EAS	12	71	1894	5	2.57717132568359	0	0	0	0
TG	UKBB	EAS	12	72	6259	5	17.2950341701508	0	0	0	0
TG	UKBB	EAS	12	73	1640	5	1.34403109550476	0	0	0	0
TG	UKBB	EAS	12	74	1799	5	1.72871422767639	0	0	0	0
TG	UKBB	EAS	12	75	272	5	0.762754440307617	0	0	0	0
TG	UKBB	EAS	12	76	1204	5	1.27856206893921	0	0	0	0
TG	UKBB	EAS	12	77	907	5	1.74442958831787	0	0	0	0
TG	UKBB	EAS	12	80	2227	5	4.09780073165894	0	0	0	0
TG	UKBB	EAS	12	88	2040	5	2.62443923950195	0	0	0	0
TG	UKBB	EAS	12	92	2960	5	3.89518618583679	0	0	0	0
TG	UKBB	EAS	12	94	2620	5	6.05193901062012	0	0	0	0
TG	UKBB	EAS	12	102	702	5	1.5657057762146	0	0	0	0
TG	UKBB	EAS	12	103	329	5	0.986704111099243	0	0	0	0
TG	UKBB	EAS	12	104	2004	5	4.46515941619873	0	0	0	0
TG	UKBB	EAS	12	113	1649	5	1.71454691886902	0	0	0	0
TG	UKBB	EAS	12	114	1565	5	1.59530472755432	0	0	0	0
TG	UKBB	EAS	12	117	2031	5	3.23699402809143	0	0	0	0
TG	UKBB	EAS	12	119	2877	5	4.52402949333191	0	0	0	0
TG	UKBB	EAS	12	120	708	5	1.43237233161926	0	0	0	0
TG	UKBB	EAS	12	121	1397	5	1.18494987487793	0	0	0	0
TG	UKBB	EAS	12	122	2020	5	3.12113523483276	0	0	0	0
TG	UKBB	EAS	12	125	2224	5	3.24532294273376	0	0	0	0
TG	UKBB	EAS	12	128	296	5	0.829509496688843	0	0	0	0
TG	UKBB	EAS	12	132	1533	5	1.62606906890869	0	0	0	0
TG	UKBB	EAS	12	138	2656	5	3.4013307094574	0	0	0	0
TG	UKBB	EAS	12	139	3228	5	4.82824873924255	0	0	0	0
TG	UKBB	EAS	12	140	642	5	1.25442457199097	0	0	0	0
TG	UKBB	EAS	12	141	976	5	1.22786283493042	0	0	0	0
TG	UKBB	EAS	13	8	1612	5	2.45718383789062	0	0	0	0
TG	UKBB	EAS	13	13	914	5	1.38761067390442	0	0	0	0
TG	UKBB	EAS	13	16	1412	5	2.70660352706909	0	0	0	0
TG	UKBB	EAS	13	20	1494	5	2.6283004283905	0	0	0	0
TG	UKBB	EAS	13	21	1710	5	2.30372929573059	0	0	0	0
TG	UKBB	EAS	13	36	1235	5	1.1986870765686	0	0	0	0
TG	UKBB	EAS	13	40	1375	5	1.33039498329163	0	0	0	0
TG	UKBB	EAS	13	45	1511	5	1.31419038772583	0	0	0	0
TG	UKBB	EAS	13	47	1014	5	0.991957664489746	0	0	0	0
TG	UKBB	EAS	13	50	2999	5	5.69402885437012	0	0	0	0
TG	UKBB	EAS	13	53	1541	5	2.42277550697327	0	0	0	0
TG	UKBB	EAS	13	54	5691	5	16.0329594612122	0	0	0	0
TG	UKBB	EAS	13	55	2213	5	3.42771291732788	0	0	0	0
TG	UKBB	EAS	13	58	3023	5	6.39684271812439	0	0	0	0
TG	UKBB	EAS	13	60	1803	5	1.88037419319153	0	0	0	0
TG	UKBB	EAS	13	64	800	5	0.845189571380615	0	0	0	0
TG	UKBB	EAS	13	70	1959	5	1.85050654411316	0	0	0	0
TG	UKBB	EAS	13	72	1249	5	1.39107346534729	0	0	0	0
TG	UKBB	EAS	13	84	857	5	1.79135370254517	0	0	0	0
TG	UKBB	EAS	13	88	583	5	1.06311202049255	0	0	0	0
TG	UKBB	EAS	13	90	2233	5	2.95959091186523	0	0	0	0
TG	UKBB	EAS	13	95	567	5	1.29326152801514	0	0	0	0
TG	UKBB	EAS	13	96	732	5	1.32429218292236	0	0	0	0
TG	UKBB	EAS	13	108	438	5	0.945546388626099	0	0	0	0
TG	UKBB	EAS	13	115	720	5	0.744140625	0	0	0	0
TG	UKBB	EAS	13	118	1256	5	1.18156909942627	0	0	0	0
TG	UKBB	EAS	13	125	1251	5	2.30855846405029	0	0	0	0
TG	UKBB	EAS	14	11	497	5	1.59804272651672	0	0	0	0
TG	UKBB	EAS	14	13	208	5	0.782871246337891	0	0	0	0
TG	UKBB	EAS	14	14	2502	5	4.21344518661499	0	0	0	0
TG	UKBB	EAS	14	19	1553	5	2.12523794174194	0	0	0	0
TG	UKBB	EAS	14	24	717	5	1.14141178131104	0	0	0	0
TG	UKBB	EAS	14	31	2171	5	2.75193881988525	0	0	0	0
TG	UKBB	EAS	14	35	2687	5	4.0855700969696	0	0	0	0
TG	UKBB	EAS	14	42	1241	5	2.57713031768799	0	0	0	0
TG	UKBB	EAS	14	44	1494	5	1.20348048210144	0	0	0	0
TG	UKBB	EAS	14	46	1061	5	1.54067587852478	0	0	0	0
TG	UKBB	EAS	14	47	2029	5	2.27955007553101	0	0	0	0
TG	UKBB	EAS	14	51	2045	5	2.96699523925781	0	0	0	0
TG	UKBB	EAS	14	56	455	5	0.909338712692261	0	0	0	0
TG	UKBB	EAS	14	57	3666	5	7.17923045158386	0	0	0	0
TG	UKBB	EAS	14	63	3051	5	4.61281251907349	0	0	0	0
TG	UKBB	EAS	14	64	963	5	1.7028329372406	0	0	0	0
TG	UKBB	EAS	14	66	1420	5	1.82368898391724	0	0	0	0
TG	UKBB	EAS	14	67	1693	5	1.97833895683289	0	0	0	0
TG	UKBB	EAS	14	70	2382	5	2.59265327453613	0	0	0	0
TG	UKBB	EAS	14	72	2984	5	3.16092801094055	0	0	0	0
TG	UKBB	EAS	14	80	339	5	0.791252374649048	0	0	0	0
TG	UKBB	EAS	14	81	2540	5	3.18803977966309	0	0	0	0
TG	UKBB	EAS	14	84	848	5	1.07916903495789	0	0	0	0
TG	UKBB	EAS	14	95	602	5	1.16846632957458	0	0	0	0
TG	UKBB	EAS	14	96	188	5	0.810660600662231	0	0	0	0
TG	UKBB	EAS	14	105	649	5	0.854630708694458	0	0	0	0
TG	UKBB	EAS	14	106	796	5	0.852341651916504	0	0	0	0
TG	UKBB	EAS	14	120	550	5	1.12330555915833	0	0	0	0
TG	UKBB	EAS	14	121	1667	5	1.57441329956055	0	0	0	0
TG	UKBB	EAS	14	126	1613	5	1.89757585525513	0	0	0	0
TG	UKBB	EAS	14	127	1631	5	1.79259777069092	0	0	0	0
TG	UKBB	EAS	14	129	668	5	1.47979259490967	0	0	0	0
TG	UKBB	EAS	15	22	1976	5	2.05947685241699	0	0	0	0
TG	UKBB	EAS	15	28	1034	5	1.57926273345947	0	0	0	0
TG	UKBB	EAS	15	34	694	5	1.02461886405945	0	0	0	0
TG	UKBB	EAS	15	35	1811	5	1.91649913787842	0	0	0	0
TG	UKBB	EAS	15	37	2023	5	1.68643879890442	0	0	0	0
TG	UKBB	EAS	15	38	2607	5	4.02218627929688	0	0	0	0
TG	UKBB	EAS	15	39	1667	5	2.06596422195435	0	0	0	0
TG	UKBB	EAS	15	41	2065	5	2.94580912590027	0	0	0	0
TG	UKBB	EAS	15	45	4161	5	10.5696105957031	0	0	0	0
TG	UKBB	EAS	15	48	3917	5	6.1169068813324	0	0	0	0
TG	UKBB	EAS	15	49	436	5	1.49410176277161	0	0	0	0
TG	UKBB	EAS	15	50	1765	5	2.44317317008972	0	0	0	0
TG	UKBB	EAS	15	52	1349	5	1.19062876701355	0	0	0	0
TG	UKBB	EAS	15	53	226	5	0.626651287078857	0	0	0	0
TG	UKBB	EAS	15	54	1433	5	1.95403933525085	0	0	0	0
TG	UKBB	EAS	15	56	1276	5	0.857327461242676	0	0	0	0
TG	UKBB	EAS	15	59	2851	5	3.55038237571716	0	0	0	0
TG	UKBB	EAS	15	62	2713	5	5.65260481834412	0	0	0	0
TG	UKBB	EAS	15	64	1180	5	1.82120537757874	0	0	0	0
TG	UKBB	EAS	15	66	2042	5	1.82967567443848	0	0	0	0
TG	UKBB	EAS	15	71	38	5	0.890215396881104	0	0	0	0
TG	UKBB	EAS	15	72	614	5	1.13523054122925	0	0	0	0
TG	UKBB	EAS	15	73	430	5	1.07860326766968	0	0	0	0
TG	UKBB	EAS	15	85	1805	5	2.58986067771912	0	0	0	0
TG	UKBB	EAS	15	99	229	5	0.80870246887207	0	0	0	0
TG	UKBB	EAS	15	108	510	5	0.753154754638672	0	0	0	0
TG	UKBB	EAS	15	111	840	5	1.51601076126099	0	0	0	0
TG	UKBB	EAS	15	117	758	5	0.857637166976929	0	0	0	0
TG	UKBB	EAS	15	118	418	5	1.0552077293396	0	0	0	0
TG	UKBB	EAS	16	1	713	5	1.21380233764648	0	0	0	0
TG	UKBB	EAS	16	2	155	5	0.635018825531006	0	0	0	0
TG	UKBB	EAS	16	4	1144	5	1.17471194267273	0	0	0	0
TG	UKBB	EAS	16	5	273	5	1.57920026779175	0	0	0	0
TG	UKBB	EAS	16	7	1091	5	1.28199338912964	0	0	0	0
TG	UKBB	EAS	16	9	1177	5	1.09372210502625	0	0	0	0
TG	UKBB	EAS	16	17	612	5	0.775503396987915	0	0	0	0
TG	UKBB	EAS	16	24	665	5	0.719470977783203	0	0	0	0
TG	UKBB	EAS	16	25	1356	5	1.25215935707092	0	0	0	0
TG	UKBB	EAS	16	33	2937	5	3.80732107162476	0	0	0	0
TG	UKBB	EAS	16	37	1489	5	2.44373297691345	0	0	0	0
TG	UKBB	EAS	16	59	570	5	1.38657784461975	0	0	0	0
TG	UKBB	EAS	16	62	979	5	0.962697982788086	0	0	0	0
TG	UKBB	EAS	16	64	288	5	0.991599321365356	0	0	0	0
TG	UKBB	EAS	16	68	1141	5	0.961876153945923	0	0	0	0
TG	UKBB	EAS	16	75	1947	5	2.56148982048035	0	0	0	0
TG	UKBB	EAS	16	76	1149	5	1.06456923484802	0	0	0	0
TG	UKBB	EAS	16	85	2858	5	5.55642032623291	0	0	0	0
TG	UKBB	EAS	16	88	2372	5	2.70281195640564	0	0	0	0
TG	UKBB	EAS	16	89	3741	5	5.73534083366394	0	0	0	0
TG	UKBB	EAS	16	90	834	5	1.48819541931152	0	0	0	0
TG	UKBB	EAS	16	93	2851	5	3.35551404953003	0	0	0	0
TG	UKBB	EAS	16	94	3918	5	6.11005020141602	0	0	0	0
TG	UKBB	EAS	16	100	149	5	0.845632076263428	0	0	0	0
TG	UKBB	EAS	16	103	4710	5	7.45058703422546	0	0	0	0
TG	UKBB	EAS	16	104	1265	5	2.19973587989807	0	0	0	0
TG	UKBB	EAS	16	105	917	5	0.728021860122681	0	0	0	0
TG	UKBB	EAS	16	107	1341	5	2.00424122810364	0	0	0	0
TG	UKBB	EAS	16	110	1062	5	1.33784580230713	0	0	0	0
TG	UKBB	EAS	16	114	209	5	0.804900646209717	0	0	0	0
TG	UKBB	EAS	16	116	848	5	1.81147742271423	0	0	0	0
TG	UKBB	EAS	16	119	1365	5	1.46076345443726	0	0	0	0
TG	UKBB	EAS	16	125	500	5	0.71860933303833	0	0	0	0
TG	UKBB	EAS	16	128	2312	5	2.15532779693604	0	0	0	0
TG	UKBB	EAS	17	3	868	5	2.03463363647461	0	0	0	0
TG	UKBB	EAS	17	8	39	5	1.24531579017639	0	0	0	0
TG	UKBB	EAS	17	9	1433	5	2.49776911735535	0	0	0	0
TG	UKBB	EAS	17	16	100	5	0.528733491897583	0	0	0	0
TG	UKBB	EAS	17	17	2012	5	2.87915134429932	0	0	0	0
TG	UKBB	EAS	17	23	397	5	0.726318359375	0	0	0	0
TG	UKBB	EAS	17	24	937	5	0.941987752914429	0	0	0	0
TG	UKBB	EAS	17	51	1962	5	1.55959439277649	0	0	0	0
TG	UKBB	EAS	17	55	2235	5	2.85184383392334	0	0	0	0
TG	UKBB	EAS	17	66	232	5	0.922027111053467	0	0	0	0
TG	UKBB	EAS	17	73	1802	5	1.9326651096344	0	0	0	0
TG	UKBB	EAS	17	74	2329	5	3.39069771766663	0	0	0	0
TG	UKBB	EAS	17	75	2388	5	3.39722275733948	0	0	0	0
TG	UKBB	EAS	17	76	989	5	1.48205852508545	0	0	0	0
TG	UKBB	EAS	17	79	873	5	1.33856201171875	0	0	0	0
TG	UKBB	EAS	17	80	1228	5	1.61497330665588	0	0	0	0
TG	UKBB	EAS	17	87	713	5	0.855384111404419	0	0	0	0
TG	UKBB	EAS	17	90	1959	5	2.70441031455994	0	0	0	0
TG	UKBB	EAS	17	94	1050	5	1.49014806747437	0	0	0	0
TG	UKBB	EAS	17	97	2082	5	2.60823464393616	0	0	0	0
TG	UKBB	EAS	17	98	675	5	0.93405556678772	0	0	0	0
TG	UKBB	EAS	17	99	185	5	0.609839916229248	0	0	0	0
TG	UKBB	EAS	17	100	1004	5	1.00772953033447	0	0	0	0
TG	UKBB	EAS	17	101	1009	5	1.11341547966003	0	0	0	0
TG	UKBB	EAS	17	102	603	5	0.838011026382446	0	0	0	0
TG	UKBB	EAS	17	103	676	5	1.10706233978271	0	0	0	0
TG	UKBB	EAS	17	105	1255	5	1.96169924736023	0	0	0	0
TG	UKBB	EAS	17	108	200	5	1.01157331466675	0	0	0	0
TG	UKBB	EAS	17	117	985	5	0.814591884613037	0	0	0	0
TG	UKBB	EAS	17	118	995	5	1.02770209312439	0	0	0	0
TG	UKBB	EAS	17	123	845	5	0.755697250366211	0	0	0	0
TG	UKBB	EAS	17	125	1613	5	1.72361493110657	0	0	0	0
TG	UKBB	EAS	17	133	552	5	0.668027639389038	0	0	0	0
TG	UKBB	EAS	18	1	597	5	0.974122762680054	0	0	0	0
TG	UKBB	EAS	18	6	514	5	0.990334749221802	0	0	0	0
TG	UKBB	EAS	18	7	1227	5	1.63480091094971	0	0	0	0
TG	UKBB	EAS	18	22	485	5	0.998770952224731	0	0	0	0
TG	UKBB	EAS	18	23	494	5	0.97946572303772	0	0	0	0
TG	UKBB	EAS	18	28	1235	5	1.27719783782959	0	0	0	0
TG	UKBB	EAS	18	39	2522	5	2.43494272232056	0	0	0	0
TG	UKBB	EAS	18	41	2723	5	2.75259900093079	0	0	0	0
TG	UKBB	EAS	18	42	1968	5	2.39891386032104	0	0	0	0
TG	UKBB	EAS	18	52	1351	5	1.17009544372559	0	0	0	0
TG	UKBB	EAS	18	60	1928	5	2.4484601020813	0	0	0	0
TG	UKBB	EAS	18	61	1873	5	2.16215634346008	0	0	0	0
TG	UKBB	EAS	18	65	1987	5	2.6544361114502	0	0	0	0
TG	UKBB	EAS	18	69	3507	5	4.03408265113831	0	0	0	0
TG	UKBB	EAS	18	74	2447	5	3.18762469291687	0	0	0	0
TG	UKBB	EAS	18	77	451	5	0.558332443237305	0	0	0	0
TG	UKBB	EAS	18	79	702	5	0.994455337524414	0	0	0	0
TG	UKBB	EAS	18	80	1249	5	2.47099089622498	0	0	0	0
TG	UKBB	EAS	18	82	2824	5	4.39960312843323	0	0	0	0
TG	UKBB	EAS	18	85	1766	5	1.45442461967468	0	0	0	0
TG	UKBB	EAS	18	86	57	5	0.565809965133667	0	0	0	0
TG	UKBB	EAS	18	87	175	5	0.557183742523193	0	0	0	0
TG	UKBB	EAS	18	120	1171	5	1.00293231010437	0	0	0	0
TG	UKBB	EAS	19	1	116	5	0.68626070022583	0	0	0	0
TG	UKBB	EAS	19	6	57	5	0.817895174026489	0	0	0	0
TG	UKBB	EAS	19	10	121	5	0.567574262619019	0	0	0	0
TG	UKBB	EAS	19	15	91	5	0.649982929229736	0	0	0	0
TG	UKBB	EAS	19	16	90	5	0.47416353225708	0	0	0	0
TG	UKBB	EAS	19	19	64	5	0.602938175201416	0	0	0	0
TG	UKBB	EAS	19	20	192	5	0.72209620475769	0	0	0	0
TG	UKBB	EAS	19	21	115	5	0.799232244491577	0	0	0	0
TG	UKBB	EAS	19	22	623	5	0.707104206085205	0	0	0	0
TG	UKBB	EAS	19	29	745	5	1.48603987693787	0	0	0	0
TG	UKBB	EAS	19	30	616	5	1.39356160163879	0	0	0	0
TG	UKBB	EAS	19	32	472	5	0.699768781661987	0	0	0	0
TG	UKBB	EAS	19	33	223	5	0.863401651382446	0	0	0	0
TG	UKBB	EAS	19	34	461	5	1.10095405578613	0	0	0	0
TG	UKBB	EAS	19	35	1036	5	0.810990333557129	0	0	0	0
TG	UKBB	EAS	19	37	1069	5	1.33897686004639	0	0	0	0
TG	UKBB	EAS	19	38	249	5	0.615308284759521	0	0	0	0
TG	UKBB	EAS	19	39	1365	5	2.19152736663818	0	0	0	0
TG	UKBB	EAS	19	45	279	5	0.523875713348389	0	0	0	0
TG	UKBB	EAS	19	51	508	5	0.671780347824097	0	0	0	0
TG	UKBB	EAS	19	52	472	5	0.751656055450439	0	0	0	0
TG	UKBB	EAS	19	53	1604	5	1.19711375236511	0	0	0	0
TG	UKBB	EAS	19	54	3301	5	5.89166283607483	0	0	0	0
TG	UKBB	EAS	19	62	1979	5	2.2263879776001	0	0	0	0
TG	UKBB	EAS	19	63	625	5	0.883400917053223	0	0	0	0
TG	UKBB	EAS	19	64	2050	5	3.54726600646973	0	0	0	0
TG	UKBB	EAS	19	65	633	5	0.965892314910889	0	0	0	0
TG	UKBB	EAS	19	67	3708	5	5.65885233879089	0	0	0	0
TG	UKBB	EAS	19	69	1330	5	1.31488585472107	0	0	0	0
TG	UKBB	EAS	19	70	715	5	0.732686042785645	0	0	0	0
TG	UKBB	EAS	19	71	127	5	0.574428558349609	0	0	0	0
TG	UKBB	EAS	19	72	929	5	0.971587657928467	0	0	0	0
TG	UKBB	EAS	19	74	1753	5	2.86794877052307	0	0	0	0
TG	UKBB	EAS	19	75	128	5	0.677005290985107	0	1	0	0
TG	UKBB	EAS	19	76	888	5	0.91871190071106	0	0	0	0
TG	UKBB	EAS	19	77	1790	5	1.45989561080933	0	0	0	0
TG	UKBB	EAS	19	79	768	5	1.66783475875854	0	0	0	0
TG	UKBB	EAS	19	80	153	5	1.29904866218567	0	0	0	0
TG	UKBB	EAS	19	81	486	5	0.869290828704834	0	0	0	0
TG	UKBB	EAS	19	90	1335	5	2.19059181213379	0	0	0	0
TG	UKBB	EAS	19	93	341	5	1.00348281860352	0	0	0	0
TG	UKBB	EAS	19	98	165	5	0.56163501739502	0	0	0	0
TG	UKBB	EAS	19	104	579	5	1.05929255485535	0	0	0	0
TG	UKBB	EAS	19	106	325	5	0.614517450332642	0	0	0	0
TG	UKBB	EAS	19	109	162	5	0.828784227371216	0	0	0	0
TG	UKBB	EAS	19	110	1501	5	1.17358589172363	0	0	0	0
TG	UKBB	EAS	20	2	414	5	0.852853536605835	0	0	0	0
TG	UKBB	EAS	20	7	853	5	1.64505481719971	0	0	0	0
TG	UKBB	EAS	20	18	814	5	1.46843504905701	0	0	0	0
TG	UKBB	EAS	20	19	213	5	0.584467649459839	0	0	0	0
TG	UKBB	EAS	20	23	209	5	0.936601161956787	0	0	0	0
TG	UKBB	EAS	20	34	1153	5	1.57899832725525	0	0	0	0
TG	UKBB	EAS	20	40	908	5	0.860589981079102	0	0	0	0
TG	UKBB	EAS	20	47	1535	5	2.23080635070801	0	0	0	0
TG	UKBB	EAS	20	48	2403	5	2.76080632209778	0	0	0	0
TG	UKBB	EAS	20	59	1520	5	1.28748273849487	0	0	0	0
TG	UKBB	EAS	20	60	1204	5	0.875869035720825	0	0	0	0
TG	UKBB	EAS	20	62	1083	5	1.43767476081848	0	0	0	0
TG	UKBB	EAS	20	63	2862	5	3.46150255203247	0	0	0	0
TG	UKBB	EAS	20	64	723	5	0.848372936248779	0	0	0	0
TG	UKBB	EAS	20	65	1635	5	1.20456194877625	0	0	0	0
TG	UKBB	EAS	20	68	511	5	0.887171983718872	0	0	0	0
TG	UKBB	EAS	20	69	1164	5	1.40041136741638	0	0	0	0
TG	UKBB	EAS	20	70	815	5	0.85108757019043	0	0	0	0
TG	UKBB	EAS	20	71	1523	5	1.72127461433411	0	0	0	0
TG	UKBB	EAS	20	73	1194	5	1.01671409606934	0	0	0	0
TG	UKBB	EAS	20	84	1580	5	1.40195226669312	0	0	0	0
TG	UKBB	EAS	20	86	849	5	1.18118596076965	0	0	0	0
TG	UKBB	EAS	20	87	700	5	1.70976972579956	0	0	0	0
TG	UKBB	EAS	20	91	874	5	1.34999227523804	0	0	0	0
TG	UKBB	EAS	20	93	1961	5	1.6200647354126	0	0	0	0
TG	UKBB	EAS	20	99	952	5	0.772431135177612	0	0	0	0
TG	UKBB	EAS	20	115	509	5	1.65574741363525	0	0	0	0
TG	UKBB	EAS	21	2	296	5	0.620501041412354	0	0	0	0
TG	UKBB	EAS	21	4	232	5	0.588474273681641	0	0	0	0
TG	UKBB	EAS	21	5	700	5	1.06550741195679	0	0	0	0
TG	UKBB	EAS	21	48	2284	5	1.91441702842712	0	0	0	0
TG	UKBB	EAS	21	53	874	5	0.894803524017334	0	0	0	0
TG	UKBB	EAS	21	63	700	5	0.717250108718872	0	0	0	0
TG	UKBB	EAS	21	64	1138	5	0.957706689834595	0	0	0	0
TG	UKBB	EAS	21	65	845	5	1.28656482696533	0	0	0	0
TG	UKBB	EAS	22	1	790	5	0.991808891296387	0	0	0	0
TG	UKBB	EAS	22	7	339	5	0.781728744506836	0	0	0	0
TG	UKBB	EAS	22	13	610	5	0.673308134078979	0	0	0	0
TG	UKBB	EAS	22	19	758	5	0.886955738067627	0	0	0	0
TG	UKBB	EAS	22	29	1642	5	1.37346053123474	0	0	0	0
TG	UKBB	EAS	22	30	4914	5	8.38318753242493	0	0	0	0
TG	UKBB	EAS	22	37	993	5	0.746794939041138	0	0	0	0
TG	UKBB	EAS	22	40	408	5	0.683868885040283	0	0	0	0
TG	UKBB	EAS	22	43	754	5	1.11578273773193	0	0	0	0
TG	UKBB	EAS	22	44	620	5	0.96900486946106	0	0	0	0
TG	UKBB	EAS	22	45	782	5	0.68489408493042	0	0	0	0
TG	UKBB	EAS	22	46	2464	5	3.61340832710266	0	0	0	0
TG	UKBB	EAS	22	49	255	5	0.583963632583618	0	0	0	0
TG	UKBB	EAS	22	54	835	5	0.825948715209961	0	0	0	0
TG	UKBB	EAS	22	57	54	5	0.951845407485962	0	0	0	0
TG	UKBB	EAS	22	64	602	5	0.838025569915771	0	0	0	0
TG	UKBB	EAS	22	69	882	5	1.43763303756714	0	0	0	0
TG	UKBB	EAS	22	70	791	5	0.904354333877563	0	0	0	0
