pheno	db	chromosome	block	num_variants	L	time	num_variants_0.95	num_variants_0.5	num_CS95	num_variants_CS95	num_variants_0.95.EUR	num_variants_0.5.EUR	num_CS95.EUR	num_variants_CS95.EUR	num_variants_0.95.AFR	num_variants_0.5.AFR	num_CS95.AFR	num_variants_CS95.AFR	num_variants_0.95.EAS	num_variants_0.5.EAS	num_CS95.EAS	num_variants_CS95.EAS
TC	META	1	1	44	5	0.339434623718262	0	0	0	0	0	0	0	0	0	0	0	0	0	0	0	0
TC	META	1	2	83	5	0.507749319076538	0	0	0	0	0	0	0	0	0	0	0	0	0	0	0	0
TC	META	1	4	308	5	1.28977394104004	0	1	1	13	0	1	1	13	0	0	0	0	0	0	0	0
TC	META	1	17	1294	5	21.9474515914917	0	0	0	0	0	0	0	0	0	0	0	0	0	0	0	0
TC	META	1	19	903	5	8.38267207145691	1	1	2	32	1	1	2	32	0	0	0	0	0	0	0	0
TC	META	1	35	962	5	15.3521649837494	0	2	2	6	0	2	2	6	0	0	1	3	0	1	1	3
TC	META	1	40	536	5	2.84218811988831	0	0	1	8	0	0	1	8	0	0	1	8	0	0	0	0
TC	META	1	48	460	5	2.82802248001099	1	1	4	16	1	1	3	15	1	1	2	5	1	1	2	5
TC	META	1	49	359	5	3.15714192390442	0	1	1	2	0	1	1	2	0	0	1	2	0	0	0	0
TC	META	1	51	422	5	2.73193836212158	0	1	2	11	0	1	2	11	0	0	1	7	0	1	1	4
TC	META	1	52	1028	5	13.9214737415314	0	1	2	26	0	1	2	26	0	0	0	0	0	0	1	8
TC	META	1	53	772	5	9.94377946853638	0	1	2	20	0	1	2	20	0	1	1	5	0	1	2	20
TC	META	1	58	952	5	19.2541847229004	0	1	1	2	0	1	1	2	0	0	0	0	0	0	0	0
TC	META	1	67	892	5	8.37552618980408	0	0	1	15	0	0	1	15	0	0	0	0	0	0	0	0
TC	META	1	70	969	5	15.8144917488098	0	0	1	19	0	0	1	19	0	0	0	0	0	0	1	19
TC	META	1	73	1194	5	22.5515575408936	0	1	0	0	0	1	0	0	0	0	0	0	0	0	0	0
TC	META	1	74	1024	5	17.2968926429749	0	0	2	113	0	0	1	55	0	0	0	0	0	0	0	0
TC	META	1	75	1375	5	26.7154483795166	0	1	2	20	0	1	2	20	0	0	1	2	0	0	2	20
TC	META	1	76	829	5	5.8833863735199	0	0	2	53	0	0	2	53	0	0	0	0	0	0	0	0
TC	META	1	80	581	5	2.97525882720947	0	1	1	6	0	0	0	0	0	1	1	6	0	0	0	0
TC	META	1	81	359	5	1.83036613464355	0	0	1	10	0	0	0	0	0	0	1	10	0	0	0	0
TC	META	1	82	743	5	7.22535490989685	0	0	0	0	0	0	0	0	0	0	0	0	0	0	0	0
TC	META	1	83	1042	10	40.2399270534515	6	8	8	19	4	7	7	18	4	5	5	10	3	3	3	9
TC	META	1	84	1651	10	130.534809350967	8	8	8	8	8	8	8	8	6	7	6	6	5	5	5	5
TC	META	1	85	567	5	5.20694446563721	1	2	1	1	1	2	0	0	1	2	1	1	1	1	1	1
TC	META	1	89	849	5	10.1891911029816	0	0	0	0	0	0	0	0	0	0	0	0	0	0	0	0
TC	META	1	92	1001	5	16.3840479850769	0	0	0	0	0	0	0	0	0	0	0	0	0	0	0	0
TC	META	1	94	218	5	1.2245180606842	1	4	4	15	1	4	4	15	0	2	1	2	0	1	1	2
TC	META	1	95	196	5	1.88427543640137	0	0	0	0	0	0	0	0	0	0	0	0	0	0	0	0
TC	META	1	96	892	5	13.094961643219	0	2	2	5	0	2	2	5	0	0	1	2	0	0	0	0
TC	META	1	97	1040	5	9.58515620231628	0	1	1	2	0	1	1	2	0	1	1	2	0	1	1	2
TC	META	1	100	1070	5	16.3986642360687	0	1	1	2	0	1	1	2	0	0	0	0	0	1	1	2
TC	META	1	109	1113	5	17.1407489776611	0	1	1	6	0	1	1	6	0	0	0	0	0	1	1	6
TC	META	1	124	1445	5	33.0577487945557	0	2	2	5	0	1	1	3	0	2	1	3	0	2	1	3
TC	META	1	125	1427	10	73.5282599925995	1	4	4	17	1	4	4	17	1	2	2	4	0	1	2	14
TC	META	1	127	873	5	13.543306350708	0	0	0	0	0	0	0	0	0	0	0	0	0	0	0	0
TC	META	1	136	915	5	9.63737344741821	0	0	1	15	0	0	1	15	0	0	0	0	0	0	1	15
TC	META	1	138	1033	5	13.2336716651917	2	2	2	2	1	2	2	2	2	2	2	2	1	1	1	1
TC	META	1	139	263	5	4.89048743247986	1	1	2	8	1	1	2	8	0	0	0	0	1	1	1	1
TC	META	1	140	550	5	4.01288270950317	0	0	0	0	0	0	0	0	0	0	0	0	0	0	0	0
TC	META	1	141	543	5	3.62639260292053	0	1	1	2	0	1	1	2	0	0	0	0	0	0	0	0
TC	META	1	144	508	5	2.76890206336975	0	0	1	14	0	0	1	14	0	0	0	0	0	0	0	0
TC	META	1	145	565	5	2.97510528564453	0	0	1	13	0	0	1	13	0	0	0	0	0	0	1	13
TC	META	1	150	1088	5	12.8711552619934	0	0	1	5	0	0	1	5	0	0	0	0	0	0	1	5
TC	META	1	151	1483	5	39.2940139770508	0	0	1	7	0	0	1	7	0	0	0	0	0	0	0	0
TC	META	1	153	986	5	16.4031670093536	0	0	0	0	0	0	0	0	0	0	0	0	0	0	0	0
TC	META	1	154	1250	5	19.8384737968445	0	2	2	7	0	2	2	7	0	0	0	0	0	0	0	0
TC	META	1	156	811	5	6.76636815071106	0	1	1	2	0	1	1	2	1	2	1	2	0	0	0	0
TC	META	1	158	620	5	7.24671864509583	0	1	2	32	0	1	2	32	0	0	0	0	0	0	0	0
TC	META	1	162	733	5	3.84948706626892	0	0	1	9	0	0	1	9	0	0	0	0	0	0	1	9
TC	META	1	168	1022	5	16.8525910377502	0	2	3	11	0	2	3	11	0	0	2	8	0	2	2	7
TC	META	1	169	1788	5	58.384654045105	0	0	0	0	0	0	0	0	0	0	0	0	0	0	0	0
TC	META	1	175	1427	5	28.3680877685547	0	0	0	0	0	0	0	0	0	0	0	0	0	0	0	0
TC	META	1	182	1403	5	30.8681371212006	0	0	1	22	0	0	1	22	0	0	0	0	0	0	1	22
TC	META	1	183	1337	5	29.5295207500458	0	0	1	57	0	0	1	57	0	0	0	0	0	0	0	0
TC	META	1	185	391	5	2.20408844947815	0	0	0	0	0	0	0	0	0	0	0	0	0	0	0	0
TC	META	1	187	1046	5	12.301974773407	0	0	0	0	0	0	0	0	0	0	0	0	0	0	0	0
TC	META	1	188	1193	5	18.9720921516418	0	0	0	0	0	0	0	0	0	0	0	0	0	0	0	0
TC	META	1	192	1083	5	16.5375285148621	0	1	2	7	0	1	2	7	0	1	2	7	0	1	2	7
TC	META	1	201	869	5	5.91385245323181	0	0	2	17	0	0	2	17	0	0	0	0	0	0	2	17
TC	META	1	202	1105	5	10.2798094749451	0	1	1	5	0	1	1	5	0	1	0	0	0	0	0	0
TC	META	1	205	443	5	2.73529291152954	0	0	0	0	0	0	0	0	0	0	0	0	0	0	0	0
TC	META	1	209	341	5	1.56047105789185	0	0	1	10	0	0	1	10	0	0	0	0	0	0	0	0
TC	META	1	213	578	5	7.32935357093811	0	0	1	18	0	0	1	18	0	0	0	0	0	0	0	0
TC	META	1	221	1125	5	20.4432864189148	0	1	2	7	0	1	2	4	0	1	2	4	0	1	2	4
TC	META	1	223	1202	5	16.4638397693634	0	0	1	23	0	0	1	23	0	0	0	0	0	0	0	0
TC	META	1	224	688	5	4.43678903579712	0	0	1	21	0	0	1	21	0	0	0	0	0	0	0	0
TC	META	1	226	504	5	4.26495718955994	0	0	2	30	0	0	2	30	0	0	1	9	0	0	0	0
TC	META	1	229	1033	5	17.9352447986603	0	0	0	0	0	0	0	0	0	0	0	0	0	0	0	0
TC	META	1	233	1457	5	26.6777164936066	0	0	0	0	0	0	0	0	0	0	0	0	0	0	0	0
TC	META	1	234	1665	5	69.2800722122192	1	3	3	8	1	2	2	4	1	2	2	5	1	2	2	4
TC	META	1	235	909	5	13.3542995452881	0	0	0	0	0	0	0	0	0	0	0	0	0	0	0	0
TC	META	1	238	2151	5	88.4021699428558	0	0	2	16	0	0	2	16	0	0	1	4	0	0	0	0
TC	META	1	239	603	5	6.01423454284668	0	0	3	28	0	0	3	28	0	0	1	18	0	0	2	10
TC	META	1	240	2220	5	140.698847293854	0	0	0	0	0	0	0	0	0	0	0	0	0	0	0	0
TC	META	1	252	504	10	13.5823760032654	2	5	7	23	2	4	5	10	2	3	3	4	2	3	5	19
TC	META	1	253	142	5	1.70311212539673	1	2	2	4	1	2	2	4	1	1	2	4	1	1	1	1
TC	META	1	254	766	5	7.82691383361816	0	1	1	2	0	1	1	2	0	1	1	2	0	1	1	2
TC	META	1	255	562	5	5.52980804443359	0	0	1	6	0	0	1	6	0	0	0	0	0	0	0	0
TC	META	1	257	710	5	6.00615620613098	0	0	1	41	0	0	1	41	0	0	0	0	0	0	0	0
TC	META	1	280	1906	5	66.2602198123932	0	0	0	0	0	0	0	0	0	0	0	0	0	0	0	0
TC	META	1	281	1192	5	16.2169313430786	0	1	0	0	0	1	0	0	0	0	0	0	0	0	0	0
TC	META	2	6	616	5	3.45401906967163	1	1	1	1	1	1	1	1	1	1	1	1	0	1	0	0
TC	META	2	21	260	5	2.21182823181152	0	1	2	5	0	1	2	5	0	0	1	3	0	0	0	0
TC	META	2	31	316	5	1.98441791534424	0	0	1	33	0	0	1	33	0	0	0	0	0	0	0	0
TC	META	2	32	432	5	3.68470335006714	0	0	0	0	0	0	0	0	0	0	0	0	0	0	0	0
TC	META	2	37	485	5	4.19246125221252	0	1	0	0	0	0	0	0	0	1	0	0	0	0	0	0
TC	META	2	38	1142	5	13.1157808303833	0	1	2	15	0	1	2	15	0	1	2	15	0	0	1	9
TC	META	2	39	542	5	7.70897150039673	0	0	0	0	0	0	0	0	0	0	0	0	0	0	0	0
TC	META	2	40	1669	5	52.4772744178772	1	1	1	1	0	0	0	0	1	1	1	1	0	0	0	0
TC	META	2	41	740	5	5.81328272819519	2	3	3	4	2	3	3	4	2	3	3	4	2	2	2	2
TC	META	2	42	66	5	1.27274203300476	1	3	3	7	1	2	2	3	0	3	3	7	0	1	1	2
TC	META	2	43	165	5	0.765042304992676	0	2	2	7	0	2	1	3	0	1	2	7	0	1	2	7
TC	META	2	44	496	10	10.9997673034668	5	9	9	15	5	9	9	15	4	6	5	6	4	9	9	15
TC	META	2	45	1181	10	45.7294273376465	4	7	7	21	4	5	4	4	2	5	4	17	1	4	5	19
TC	META	2	46	640	5	6.0755307674408	0	1	1	2	0	0	1	2	0	1	1	2	0	0	1	2
TC	META	2	47	1529	5	34.6680386066437	0	1	2	17	0	1	2	17	0	1	1	3	0	1	2	17
TC	META	2	48	765	5	7.78341698646545	0	1	2	23	0	0	2	23	0	1	0	0	0	0	0	0
TC	META	2	49	943	5	7.51395201683044	2	3	4	12	2	3	4	12	2	2	2	2	2	3	3	4
TC	META	2	50	885	5	14.2680780887604	0	0	1	12	0	0	1	12	0	0	1	12	0	0	0	0
TC	META	2	51	1123	5	20.5626709461212	0	0	1	9	0	0	0	0	0	0	1	9	0	0	0	0
TC	META	2	53	793	5	5.61283993721008	0	1	0	0	0	1	0	0	0	1	0	0	0	0	0	0
TC	META	2	55	2008	5	76.3075339794159	0	1	1	2	0	1	1	2	0	0	0	0	0	0	0	0
TC	META	2	56	111	5	0.960319042205811	0	0	1	5	0	0	0	0	0	0	1	5	0	0	0	0
TC	META	2	66	2317	5	116.190279245377	0	0	1	14	0	0	1	14	0	0	0	0	0	0	0	0
TC	META	2	69	1418	5	28.4284064769745	0	1	1	7	0	1	1	7	0	0	0	0	0	0	0	0
TC	META	2	71	970	15	58.7515444755554	2	7	10	107	2	7	10	107	2	6	5	8	0	1	1	2
TC	META	2	72	1796	10	237.092444658279	5	8	8	11	5	8	8	11	1	4	4	5	0	1	1	2
TC	META	2	74	629	5	4.67011952400208	1	1	1	1	1	1	1	1	0	0	0	0	0	0	0	0
TC	META	2	75	784	5	4.73792934417725	1	1	1	1	1	1	1	1	0	1	1	1	0	0	0	0
TC	META	2	77	699	5	15.5555334091187	0	0	0	0	0	0	0	0	0	0	0	0	0	0	0	0
TC	META	2	84	3853	5	619.874773025513	0	0	1	16	0	0	1	16	0	0	0	0	0	0	1	16
TC	META	2	88	3668	10	844.944644927979	1	2	5	62	1	2	5	62	0	0	1	3	1	2	3	16
TC	META	2	89	734	5	5.36204791069031	0	0	1	9	0	0	1	9	0	0	0	0	0	0	1	9
TC	META	2	97	1284	5	20.267068862915	0	1	2	19	0	1	2	19	0	1	2	19	0	1	2	19
TC	META	2	99	581	5	5.18764400482178	0	1	1	3	0	1	1	3	0	0	0	0	0	0	0	0
TC	META	2	100	711	5	5.80633997917175	0	1	1	59	0	0	1	59	0	1	0	0	0	0	0	0
TC	META	2	102	516	5	2.0763826370239302	0	0	0	0	0	0	0	0	0	0	0	0	0	0	0	0
TC	META	2	107	1906	5	79.963547706604	0	1	1	19	0	1	1	19	0	0	0	0	0	0	1	19
TC	META	2	115	1579	5	36.3471829891205	0	1	1	2	0	1	1	2	0	0	0	0	0	1	1	2
TC	META	2	121	1547	5	28.1074278354645	0	0	1	13	0	0	1	13	0	0	1	13	0	0	1	13
TC	META	2	122	655	5	3.82695174217224	0	1	1	3	0	1	1	3	0	0	0	0	0	0	0	0
TC	META	2	124	1022	5	13.7730309963226	0	0	1	8	0	0	1	8	0	0	0	0	0	0	0	0
TC	META	2	125	1009	5	12.3276333808899	0	0	1	17	0	0	1	17	0	0	0	0	0	0	0	0
TC	META	2	127	2229	5	88.9227902889252	0	0	0	0	0	0	0	0	0	0	0	0	0	0	0	0
TC	META	2	128	1546	5	41.6442186832428	1	2	3	15	1	2	3	15	0	1	1	2	0	1	1	2
TC	META	2	130	278	5	4.56499147415161	0	0	1	7	0	0	1	7	0	0	0	0	0	0	1	7
TC	META	2	131	53	5	0.232543706893921	1	1	1	1	1	1	1	1	0	1	1	1	1	1	1	1
TC	META	2	138	1530	5	36.46204829216	0	0	0	0	0	0	0	0	0	0	0	0	0	0	0	0
TC	META	2	146	1412	5	27.4128687381744	0	3	4	14	0	2	3	10	0	2	1	4	0	2	1	4
TC	META	2	147	2727	5	233.655921459198	0	1	1	2	0	1	1	2	0	0	0	0	0	0	0	0
TC	META	2	152	821	5	5.91515946388245	1	1	2	7	1	1	2	7	0	0	0	0	0	0	0	0
TC	META	2	153	1234	5	17.9120538234711	0	0	0	0	0	0	0	0	0	0	0	0	0	0	0	0
TC	META	2	155	913	5	13.5248048305511	0	0	0	0	0	0	0	0	0	0	0	0	0	0	0	0
TC	META	2	162	479	5	2.78098392486572	0	0	0	0	0	0	0	0	0	0	0	0	0	0	0	0
TC	META	2	163	70	5	1.18751549720764	1	1	2	4	1	1	2	4	1	1	1	1	1	1	1	1
TC	META	2	164	303	5	2.37317681312561	0	0	0	0	0	0	0	0	0	0	0	0	0	0	0	0
TC	META	2	166	2307	5	137.237493276596	0	1	1	2	0	1	1	2	0	0	0	0	0	0	0	0
TC	META	2	168	1043	5	12.0104537010193	0	0	1	4	0	0	1	4	0	0	0	0	0	0	0	0
TC	META	2	171	1720	5	60.3817579746246	0	0	1	8	0	0	1	8	0	0	0	0	0	0	0	0
TC	META	2	172	301	5	1.99435496330261	0	0	1	4	0	0	1	4	0	0	1	4	0	0	1	4
TC	META	2	177	1516	5	30.4144833087921	0	1	1	2	0	1	1	2	0	0	0	0	0	1	1	2
TC	META	2	180	980	5	9.33482003211975	0	0	0	0	0	0	0	0	0	0	0	0	0	0	0	0
TC	META	2	181	1242	5	17.9149744510651	0	0	2	15	0	0	2	15	0	0	0	0	0	0	0	0
TC	META	2	192	1467	5	17.6672852039337	0	1	1	5	0	1	1	5	0	1	0	0	0	0	0	0
TC	META	2	196	1728	5	55.3512480258942	0	0	1	66	0	0	1	66	0	0	0	0	0	0	1	66
TC	META	2	198	641	5	5.64244270324707	0	0	1	37	0	0	1	37	0	0	0	0	0	0	0	0
TC	META	2	199	1420	5	22.3416767120361	1	1	3	20	1	1	3	20	1	1	2	13	1	1	3	20
TC	META	2	205	665	5	5.13908219337463	0	0	1	9	0	0	1	9	0	0	0	0	0	0	1	9
TC	META	2	208	1644	5	40.4698255062103	0	0	0	0	0	0	0	0	0	0	0	0	0	0	0	0
TC	META	2	210	871	5	6.46920132637024	0	0	0	0	0	0	0	0	0	0	0	0	0	0	0	0
TC	META	2	211	1318	5	20.7522983551025	0	0	0	0	0	0	0	0	0	0	0	0	0	0	0	0
TC	META	2	212	1282	5	17.6268091201782	0	0	0	0	0	0	0	0	0	0	0	0	0	0	0	0
TC	META	2	213	2400	5	157.41920208931	0	1	1	3	0	1	1	3	0	0	0	0	0	1	1	3
TC	META	2	217	569	5	4.24548006057739	0	0	2	52	0	0	2	52	0	0	0	0	0	0	0	0
TC	META	2	218	494	5	3.0093092918396	0	0	0	0	0	0	0	0	0	0	0	0	0	0	0	0
TC	META	2	228	758	5	3.83908247947693	0	0	1	18	0	0	1	18	0	0	0	0	0	0	1	18
TC	META	2	232	664	5	6.3300633430481	0	1	0	0	0	0	0	0	0	1	0	0	0	0	0	0
TC	META	2	233	327	5	1.41901230812073	0	0	1	6	0	0	1	6	0	0	1	6	0	0	1	6
TC	META	2	241	634	5	5.3115348815918	0	0	0	0	0	0	0	0	0	0	0	0	0	0	0	0
TC	META	2	242	1008	5	7.33228731155396	1	2	3	9	1	2	3	9	1	1	1	1	1	1	2	7
TC	META	2	250	2356	5	152.731357336044	0	0	0	0	0	0	0	0	0	0	0	0	0	0	0	0
TC	META	2	255	1002	5	10.6596205234528	0	1	0	0	0	1	0	0	0	0	0	0	0	0	0	0
TC	META	3	24	1310	5	14.3519401550293	2	2	3	6	2	2	3	5	2	2	2	2	2	2	3	5
TC	META	3	41	1716	5	45.9212915897369	1	3	2	4	1	3	2	4	0	0	0	0	0	1	1	1
TC	META	3	45	809	5	4.83531355857849	0	0	0	0	0	0	0	0	0	0	0	0	0	0	0	0
TC	META	3	51	559	5	3.23020696640015	0	1	1	3	0	1	1	3	0	1	1	3	0	0	0	0
TC	META	3	56	781	5	7.00758194923401	0	0	0	0	0	0	0	0	0	0	0	0	0	0	0	0
TC	META	3	70	1510	5	28.3830921649933	0	0	1	21	0	0	1	21	0	0	0	0	0	0	0	0
TC	META	3	71	1204	5	12.8516490459442	1	2	3	6	1	2	2	3	0	1	1	2	0	1	1	2
TC	META	3	83	2202	5	124.319876194	0	0	0	0	0	0	0	0	0	0	0	0	0	0	0	0
TC	META	3	88	1413	5	26.2783761024475	0	0	2	18	0	0	1	11	0	0	2	12	0	0	2	12
TC	META	3	89	1151	5	15.9580907821655	0	0	0	0	0	0	0	0	0	0	0	0	0	0	0	0
TC	META	3	104	2663	5	229.177023649216	0	1	1	48	0	1	1	48	0	1	0	0	0	0	0	0
TC	META	3	107	978	5	9.69436073303223	0	0	2	19	0	0	2	19	0	0	0	0	0	0	0	0
TC	META	3	112	1280	5	19.0264894962311	0	0	1	48	0	0	1	48	0	0	0	0	0	0	0	0
TC	META	3	113	408	5	4.6515212059021	0	0	0	0	0	0	0	0	0	0	0	0	0	0	0	0
TC	META	3	120	1021	5	9.93533611297607	2	2	3	15	2	2	2	2	1	1	1	1	0	1	1	13
TC	META	3	121	1127	5	14.6567420959473	0	1	2	25	0	1	2	25	0	0	0	0	0	0	1	18
TC	META	3	122	292	5	1.75800585746765	0	0	1	14	0	0	1	14	0	0	0	0	0	0	1	14
TC	META	3	123	536	5	3.03752613067627	1	1	1	1	1	1	1	1	0	0	0	0	0	0	0	0
TC	META	3	127	1433	5	25.9283041954041	0	1	2	20	0	1	2	20	0	0	0	0	0	1	2	20
TC	META	3	128	523	5	3.95093369483948	0	0	1	8	0	0	1	8	0	0	0	0	0	0	0	0
TC	META	3	129	817	5	7.3673734664917	0	2	2	6	0	2	2	6	0	0	0	0	0	1	1	3
TC	META	3	131	341	5	2.60734224319458	0	0	0	0	0	0	0	0	0	0	0	0	0	0	0	0
TC	META	3	132	1577	5	53.0790505409241	0	0	2	26	0	0	2	26	0	0	0	0	0	0	1	3
TC	META	3	135	1187	5	19.6795506477356	1	3	4	22	1	3	4	22	0	1	0	0	0	1	1	9
TC	META	3	136	651	5	4.25651574134827	0	1	2	18	0	1	1	2	0	0	0	0	0	0	1	16
TC	META	3	140	1171	5	18.8649322986603	0	0	1	17	0	0	1	17	0	0	0	0	0	0	0	0
TC	META	3	145	1381	5	21.5205602645874	0	0	3	31	0	0	3	31	0	0	0	0	0	0	2	25
TC	META	3	149	1045	5	8.27706933021545	0	0	0	0	0	0	0	0	0	0	0	0	0	0	0	0
TC	META	3	150	1149	5	15.6130411624908	0	1	2	14	0	1	2	14	0	0	0	0	0	0	0	0
TC	META	3	154	443	5	3.68059730529785	0	0	0	0	0	0	0	0	0	0	0	0	0	0	0	0
TC	META	3	158	1506	5	38.0032150745392	0	0	1	19	0	0	1	19	0	0	0	0	0	0	0	0
TC	META	3	161	1618	5	50.1916091442108	0	0	1	5	0	0	1	5	0	0	0	0	0	0	1	5
TC	META	3	165	1302	5	14.3143045902252	0	0	1	6	0	0	1	6	0	0	1	6	0	0	1	6
TC	META	3	170	947	5	12.6685338020325	0	0	0	0	0	0	0	0	0	0	0	0	0	0	0	0
TC	META	3	172	815	5	7.19443321228027	0	1	1	12	0	1	1	12	0	1	0	0	0	0	0	0
TC	META	3	173	466	5	2.72380185127258	0	0	1	7	0	0	1	7	0	0	0	0	0	0	0	0
TC	META	3	175	390	5	2.78409695625305	1	1	1	1	1	1	1	1	0	0	0	0	0	1	1	1
TC	META	3	190	726	5	8.63599157333374	0	0	0	0	0	0	0	0	0	0	0	0	0	0	0	0
TC	META	3	191	777	5	7.30258345603943	0	0	0	0	0	0	0	0	0	0	0	0	0	0	0	0
TC	META	3	193	1460	5	23.0789620876312	0	0	2	16	0	0	2	16	0	0	1	7	0	0	1	7
TC	META	3	195	2652	5	194.319333553314	0	0	2	12	0	0	2	12	0	0	0	0	0	0	2	12
TC	META	3	214	1354	5	21.3573703765869	0	0	0	0	0	0	0	0	0	0	0	0	0	0	0	0
TC	META	3	216	620	5	5.60144662857056	0	0	1	15	0	0	1	15	0	0	0	0	0	0	1	15
TC	META	4	1	3221	5	371.744870424271	3	4	4	5	3	4	4	5	1	2	2	2	2	3	3	4
TC	META	4	15	547	5	2.19781994819641	0	1	2	8	0	1	2	8	0	1	1	2	0	0	0	0
TC	META	4	19	473	5	2.9586353302002	0	1	1	4	0	1	1	4	0	0	0	0	0	0	0	0
TC	META	4	21	2388	5	147.855576038361	0	0	1	27	0	0	1	27	0	0	0	0	0	0	0	0
TC	META	4	28	1303	5	15.46684217453	0	0	1	29	0	0	1	29	0	0	0	0	0	0	0	0
TC	META	4	42	198	5	1.70923185348511	0	0	1	7	0	0	1	7	0	0	1	7	0	0	1	7
TC	META	4	54	3332	5	319.083276987076	0	1	0	0	0	1	0	0	0	0	0	0	0	0	0	0
TC	META	4	55	1259	5	22.2317559719086	0	1	3	31	0	1	2	15	0	0	0	0	0	1	1	6
TC	META	4	57	165	5	1.267085313797	0	1	1	6	0	1	1	6	0	0	0	0	0	0	0	0
TC	META	4	64	1906	5	57.4109663963318	0	0	1	12	0	0	1	12	0	0	0	0	0	0	1	12
TC	META	4	65	795	5	8.5203492641449	0	0	2	34	0	0	2	34	0	0	0	0	0	0	0	0
TC	META	4	66	944	5	5.92731356620789	0	1	1	6	0	1	1	6	0	0	0	0	0	1	1	6
TC	META	4	71	616	5	2.70852851867676	0	0	1	8	0	0	1	8	0	0	0	0	0	0	0	0
TC	META	4	79	992	5	14.9101209640503	0	0	1	13	0	0	1	13	0	0	1	13	0	0	0	0
TC	META	4	80	1234	5	20.4356670379639	1	2	3	8	1	2	3	8	0	1	2	7	0	1	2	7
TC	META	4	84	1092	5	13.1750330924988	1	1	1	1	1	1	1	1	0	0	0	0	0	0	0	0
TC	META	4	85	518	5	4.67737197875977	0	0	0	0	0	0	0	0	0	0	0	0	0	0	0	0
TC	META	4	86	119	5	1.08420515060425	0	0	0	0	0	0	0	0	0	0	0	0	0	0	0	0
TC	META	4	87	1849	5	64.8806416988373	0	3	4	24	0	3	4	22	0	2	2	3	0	2	3	16
TC	META	4	90	988	5	11.8928973674774	0	1	0	0	0	1	0	0	0	0	0	0	0	1	0	0
TC	META	4	92	992	5	7.96270346641541	0	0	0	0	0	0	0	0	0	0	0	0	0	0	0	0
TC	META	4	101	1314	5	17.9338970184326	0	1	2	5	0	1	2	5	0	0	0	0	0	0	1	3
TC	META	4	113	1258	5	12.0711596012115	0	2	3	19	0	2	3	19	0	1	0	0	0	0	1	9
TC	META	4	114	1389	5	20.9337282180786	0	1	1	12	0	1	1	12	0	0	0	0	0	0	0	0
TC	META	4	115	610	5	9.58956551551819	0	1	1	4	0	1	1	4	0	0	0	0	0	0	0	0
TC	META	4	116	794	5	7.48594284057617	0	1	2	33	0	1	2	33	0	0	0	0	0	0	0	0
TC	META	4	117	1138	5	13.3457534313202	0	0	0	0	0	0	0	0	0	0	0	0	0	0	0	0
TC	META	4	121	999	5	8.02498722076416	0	0	1	21	0	0	1	21	0	0	0	0	0	0	0	0
TC	META	4	129	1419	5	23.7543909549713	0	0	0	0	0	0	0	0	0	0	0	0	0	0	0	0
TC	META	4	130	1319	5	23.6873254776001	0	0	1	8	0	0	1	8	0	0	0	0	0	0	1	8
TC	META	4	134	2374	5	163.755424976349	0	0	0	0	0	0	0	0	0	0	0	0	0	0	0	0
TC	META	4	136	1766	5	60.1770613193512	0	0	1	29	0	0	1	29	0	0	0	0	0	0	0	0
TC	META	4	148	844	5	5.96552205085754	0	0	0	0	0	0	0	0	0	0	0	0	0	0	0	0
TC	META	4	150	1107	5	15.75701212883	0	0	0	0	0	0	0	0	0	0	0	0	0	0	0	0
TC	META	4	151	394	5	1.93683743476868	0	0	1	46	0	0	0	0	0	0	0	0	0	0	0	0
TC	META	4	156	1741	5	52.7470731735229	0	0	1	12	0	0	1	12	0	0	0	0	0	0	1	12
TC	META	4	159	580	5	5.14148926734924	0	2	2	4	0	2	2	4	0	0	1	2	0	1	2	4
TC	META	4	161	466	5	3.57411170005798	0	0	0	0	0	0	0	0	0	0	0	0	0	0	0	0
TC	META	4	162	976	5	10.2052628993988	0	0	0	0	0	0	0	0	0	0	0	0	0	0	0	0
TC	META	4	203	670	5	3.08053636550903	0	1	1	2	0	1	1	2	0	0	0	0	0	1	1	2
TC	META	5	6	539	5	3.94577431678772	0	0	0	0	0	0	0	0	0	0	0	0	0	0	0	0
TC	META	5	28	568	5	3.36944174766541	0	0	1	27	0	0	1	27	0	0	0	0	0	0	0	0
TC	META	5	43	1088	5	12.1199967861176	0	0	0	0	0	0	0	0	0	0	0	0	0	0	0	0
TC	META	5	56	1802	5	79.0194566249847	0	0	0	0	0	0	0	0	0	0	0	0	0	0	0	0
TC	META	5	57	1117	5	15.680547952652	0	0	0	0	0	0	0	0	0	0	0	0	0	0	0	0
TC	META	5	64	1476	5	28.0658774375916	2	2	2	2	2	2	2	2	1	1	1	1	2	2	2	2
TC	META	5	68	386	5	1.58979558944702	0	1	0	0	0	1	0	0	0	0	0	0	0	0	0	0
TC	META	5	69	560	5	3.80807566642761	1	1	2	4	1	1	1	3	1	1	1	3	1	1	1	3
TC	META	5	71	1835	5	54.7902638912201	0	1	1	3	0	1	1	3	0	0	0	0	0	1	1	3
TC	META	5	74	2170	5	107.262008905411	0	0	1	19	0	0	1	19	0	0	0	0	0	0	1	19
TC	META	5	81	942	5	6.96191596984863	0	0	2	53	0	0	2	53	0	0	0	0	0	0	0	0
TC	META	5	84	240	5	1.53703331947327	0	0	1	2	0	0	1	2	0	0	0	0	0	0	0	0
TC	META	5	85	1450	10	75.4068369865417	3	4	4	5	3	4	4	5	2	3	3	4	2	3	3	4
TC	META	5	92	883	5	8.17320442199707	0	0	0	0	0	0	0	0	0	0	0	0	0	0	0	0
TC	META	5	109	700	5	4.05081248283386	0	0	1	33	0	0	0	0	0	0	0	0	0	0	0	0
TC	META	5	130	1841	5	65.3922934532166	0	0	1	6	0	0	1	6	0	0	1	6	0	0	1	6
TC	META	5	134	1116	5	15.4817249774933	0	0	0	0	0	0	0	0	0	0	0	0	0	0	0	0
TC	META	5	136	1650	5	42.808292388916	0	0	0	0	0	0	0	0	0	0	0	0	0	0	0	0
TC	META	5	146	1300	5	23.2558982372284	0	0	1	15	0	0	1	15	0	0	0	0	0	0	1	15
TC	META	5	147	800	5	8.58426427841187	0	1	1	5	0	1	1	5	0	0	0	0	0	0	0	0
TC	META	5	154	875	5	11.5202920436859	0	0	0	0	0	0	0	0	0	0	0	0	0	0	0	0
TC	META	5	156	903	5	6.4698634147644	0	1	0	0	0	1	0	0	0	0	0	0	0	0	0	0
TC	META	5	158	871	5	8.74081301689148	0	1	1	21	0	1	1	21	0	0	0	0	0	0	1	21
TC	META	5	165	781	5	8.59878659248352	0	0	1	11	0	0	0	0	0	0	1	11	0	0	0	0
TC	META	5	166	1263	10	42.8299050331116	6	8	7	10	3	7	5	8	5	6	5	5	2	3	3	3
TC	META	5	167	973	5	12.268622636795	1	2	3	13	1	2	3	13	0	1	1	1	0	0	0	0
TC	META	5	168	1212	5	11.4992246627808	0	0	0	0	0	0	0	0	0	0	0	0	0	0	0	0
TC	META	5	191	1771	5	60.341949224472	0	0	0	0	0	0	0	0	0	0	0	0	0	0	0	0
TC	META	5	202	422	5	2.12128829956055	0	1	1	4	0	1	1	4	0	1	0	0	0	0	0	0
TC	META	5	207	871	5	6.44811296463013	0	1	0	0	0	1	0	0	0	0	0	0	0	0	0	0
TC	META	5	210	119	5	1.02376794815063	0	0	0	0	0	0	0	0	0	0	0	0	0	0	0	0
TC	META	5	211	292	5	1.8370463848114	0	0	0	0	0	0	0	0	0	0	0	0	0	0	0	0
TC	META	6	1	1245	5	14.6241726875305	0	0	0	0	0	0	0	0	0	0	0	0	0	0	0	0
TC	META	6	19	1083	5	14.18434715271	0	0	0	0	0	0	0	0	0	0	0	0	0	0	0	0
TC	META	6	20	717	5	3.47742104530334	0	1	0	0	0	1	0	0	0	0	0	0	0	0	0	0
TC	META	6	25	800	5	9.72143268585205	0	0	0	0	0	0	0	0	0	0	0	0	0	0	0	0
TC	META	6	27	701	5	5.90455198287964	1	2	2	4	1	2	2	4	1	1	1	1	1	1	1	1
TC	META	6	30	150	5	0.968607187271118	0	0	0	0	0	0	0	0	0	0	0	0	0	0	0	0
TC	META	6	34	1149	5	23.5868883132935	0	4	4	15	0	4	4	15	0	0	1	3	0	2	2	10
TC	META	6	35	370	5	1.5444815158844	1	1	2	6	1	1	2	6	1	1	1	1	1	1	2	6
TC	META	6	39	1893	5	69.4666726589203	0	2	2	8	0	2	2	8	0	0	1	6	0	2	1	6
TC	META	6	43	1220	5	11.9888157844543	0	1	1	3	0	1	1	3	0	1	1	3	0	1	1	3
TC	META	6	44	209	5	1.23651838302612	0	0	1	7	0	0	1	7	0	0	0	0	0	0	1	7
TC	META	6	47	1636	5	45.7809307575226	0	0	0	0	0	0	0	0	0	0	0	0	0	0	0	0
TC	META	6	51	2138	5	100.275732517242	0	2	3	16	0	2	3	16	0	1	1	3	0	0	1	11
TC	META	6	52	789	5	8.46381092071533	0	0	0	0	0	0	0	0	0	0	0	0	0	0	0	0
TC	META	6	53	644	5	4.28842735290527	0	0	1	12	0	0	1	12	0	0	0	0	0	0	1	12
TC	META	6	56	692	5	4.25926065444946	0	1	1	13	0	1	1	13	0	0	0	0	0	0	0	0
TC	META	6	58	1217	5	17.8046407699585	0	1	1	3	0	1	1	3	0	0	0	0	0	0	1	3
TC	META	6	63	977	5	8.30818581581116	0	1	0	0	0	1	0	0	0	0	0	0	0	0	0	0
TC	META	6	64	117	5	0.717370271682739	0	1	2	12	0	1	2	12	0	1	1	2	0	1	2	12
TC	META	6	65	333	5	1.68239736557007	0	0	1	5	0	0	1	5	0	0	0	0	0	0	0	0
TC	META	6	69	867	5	8.75582647323608	0	0	0	0	0	0	0	0	0	0	0	0	0	0	0	0
TC	META	6	72	525	5	2.77937150001526	0	0	2	13	0	0	2	13	0	0	1	4	0	0	1	4
TC	META	6	73	196	5	1.44528269767761	0	0	1	11	0	0	1	11	0	0	1	11	0	0	0	0
TC	META	6	75	193	5	0.588386535644531	0	1	3	18	0	1	2	10	0	0	1	7	0	1	1	7
TC	META	6	76	2257	5	113.97891330719	0	0	1	3	0	0	1	3	0	0	1	3	0	0	1	3
TC	META	6	85	2418	5	115.092783689499	0	0	1	25	0	0	1	25	0	0	0	0	0	0	0	0
TC	META	6	87	1640	5	21.0720851421356	0	0	0	0	0	0	0	0	0	0	0	0	0	0	0	0
TC	META	6	88	3025	5	195.641016483307	0	0	1	46	0	0	1	46	0	0	0	0	0	0	0	0
TC	META	6	94	1830	5	52.8111946582794	0	0	0	0	0	0	0	0	0	0	0	0	0	0	0	0
TC	META	6	99	1354	5	32.7660531997681	0	0	1	7	0	0	1	7	0	0	0	0	0	0	0	0
TC	META	6	100	24	5	0.442966461181641	1	1	1	1	1	1	1	1	0	1	1	1	0	0	0	0
TC	META	6	101	1237	5	14.7437717914581	0	0	1	7	0	0	1	7	0	0	0	0	0	0	1	7
TC	META	6	105	1282	5	20.0553104877472	0	1	1	3	0	1	1	3	0	0	0	0	0	1	1	3
TC	META	6	109	1045	5	7.42385816574097	0	1	2	13	0	1	1	6	0	1	2	8	0	1	2	8
TC	META	6	115	2358	5	125.941481351852	0	0	3	29	0	0	3	29	0	0	2	13	0	0	2	13
TC	META	6	116	1524	5	38.796370267868	0	1	0	0	0	1	0	0	0	0	0	0	0	0	0	0
TC	META	6	117	2382	5	154.931674480438	0	0	1	6	0	0	1	6	0	0	0	0	0	0	1	6
TC	META	6	124	1225	5	15.9612238407135	0	0	1	13	0	0	1	13	0	0	0	0	0	0	0	0
TC	META	6	127	793	5	4.1789402961731	0	1	2	8	0	1	1	3	0	2	1	5	0	1	1	5
TC	META	6	128	1192	5	14.2022800445557	0	0	1	37	0	0	1	37	0	0	0	0	0	0	0	0
TC	META	6	130	1570	5	40.7801785469055	0	0	0	0	0	0	0	0	0	0	0	0	0	0	0	0
TC	META	6	134	854	5	11.0155467987061	0	1	3	48	0	1	3	48	0	0	0	0	0	1	1	4
TC	META	6	135	423	5	1.81779360771179	0	1	0	0	0	1	0	0	0	0	0	0	0	0	0	0
TC	META	6	137	461	5	3.06298613548279	0	0	1	49	0	0	1	49	0	0	0	0	0	0	1	49
TC	META	6	138	731	5	3.23425221443176	0	0	0	0	0	0	0	0	0	0	0	0	0	0	0	0
TC	META	6	140	864	5	6.19403600692749	1	1	3	14	1	1	3	14	1	1	2	8	1	1	2	7
TC	META	6	146	567	5	4.41423177719116	0	1	1	2	0	1	1	2	0	0	0	0	0	1	1	2
TC	META	6	148	379	5	1.69351267814636	0	0	1	10	0	0	1	10	0	0	0	0	0	0	0	0
TC	META	6	154	1032	5	10.0043137073517	0	0	0	0	0	0	0	0	0	0	0	0	0	0	0	0
TC	META	6	158	1008	5	13.731342792511	0	1	2	16	0	1	2	16	0	0	1	9	0	0	1	9
TC	META	6	160	1314	5	19.4291758537292	0	1	0	0	0	1	0	0	0	0	0	0	0	0	0	0
TC	META	6	168	1368	5	26.6153988838196	0	0	0	0	0	0	0	0	0	0	0	0	0	0	0	0
TC	META	6	169	2242	15	393.88210940361	10	13	14	25	10	13	14	25	5	8	8	10	4	7	7	15
TC	META	6	183	435	5	1.5166757106781	0	0	0	0	0	0	0	0	0	0	0	0	0	0	0	0
TC	META	7	3	633	5	6.28406834602356	0	2	3	14	0	1	2	10	0	2	2	6	0	1	1	2
TC	META	7	5	1246	5	23.2610611915588	0	0	0	0	0	0	0	0	0	0	0	0	0	0	0	0
TC	META	7	6	567	5	2.28127241134644	0	0	1	46	0	0	1	46	0	0	0	0	0	0	1	46
TC	META	7	11	715	5	4.68332314491272	0	0	0	0	0	0	0	0	0	0	0	0	0	0	0	0
TC	META	7	12	1608	5	19.283563375473	1	2	1	1	1	2	1	1	1	1	1	1	1	1	1	1
TC	META	7	28	394	5	1.91408967971802	0	0	0	0	0	0	0	0	0	0	0	0	0	0	0	0
TC	META	7	33	1692	5	43.8062882423401	0	1	1	4	0	1	1	4	0	0	0	0	0	1	1	4
TC	META	7	37	1704	5	44.022159576416	2	2	3	16	2	2	3	16	0	1	1	1	1	2	2	2
TC	META	7	40	2163	5	110.969654798508	0	0	0	0	0	0	0	0	0	0	0	0	0	0	0	0
TC	META	7	41	1221	5	16.9856131076813	0	0	1	24	0	0	1	24	0	0	0	0	0	0	0	0
TC	META	7	42	1335	5	17.4773015975952	1	3	3	5	1	3	3	5	0	3	3	5	1	2	2	3
TC	META	7	44	231	5	0.835809707641602	0	0	2	17	0	0	1	6	0	0	1	6	0	0	1	6
TC	META	7	50	829	5	8.35228061676025	0	0	1	6	0	0	1	6	0	0	0	0	0	0	1	6
TC	META	7	51	902	5	5.98722791671753	0	0	0	0	0	0	0	0	0	0	0	0	0	0	0	0
TC	META	7	58	1161	5	11.0554466247559	0	3	3	19	0	3	3	19	0	2	2	11	0	1	3	19
TC	META	7	66	498	5	3.63292479515076	0	1	1	2	0	1	1	2	0	0	0	0	0	0	0	0
TC	META	7	67	2909	5	208.601360797882	2	2	4	18	2	2	4	17	1	2	3	6	1	1	2	5
TC	META	7	73	414	5	4.17545199394226	0	0	1	6	0	0	1	6	0	0	0	0	0	0	1	6
TC	META	7	85	970	5	20.951411485672	0	1	1	6	0	1	1	6	0	0	0	0	0	0	0	0
TC	META	7	87	45	5	0.294416666030884	1	1	1	1	1	1	1	1	0	0	0	0	0	1	1	1
TC	META	7	88	1437	5	35.0062630176544	1	2	3	6	1	2	3	5	1	2	3	5	1	2	3	5
TC	META	7	89	1263	5	16.440277338028	0	0	1	24	0	0	1	24	0	0	1	24	0	0	0	0
TC	META	7	95	844	5	5.62329530715942	0	1	1	2	0	1	1	2	0	0	0	0	0	1	1	2
TC	META	7	99	1499	5	24.4035139083862	0	0	1	7	0	0	1	7	0	0	0	0	0	0	1	7
TC	META	7	103	850	5	9.22082376480103	0	0	1	15	0	0	1	15	0	0	0	0	0	0	0	0
TC	META	7	107	2237	5	134.275278091431	1	1	1	1	1	1	1	1	0	0	0	0	1	1	1	1
TC	META	7	109	830	5	6.24108648300171	0	0	1	6	0	0	1	6	0	0	1	6	0	0	1	6
TC	META	7	111	1246	5	14.3784568309784	0	2	3	25	0	2	2	11	1	1	0	0	1	1	2	22
TC	META	7	112	789	5	7.96731996536255	0	0	1	6	0	0	1	6	0	0	1	6	0	0	1	6
TC	META	7	113	1345	5	28.6579530239105	0	1	1	2	0	1	1	2	0	1	1	2	0	1	1	2
TC	META	7	119	758	5	3.79932022094727	0	0	1	50	0	0	1	50	0	0	0	0	0	0	1	50
TC	META	7	125	946	5	7.17871379852295	0	0	1	29	0	0	1	29	0	0	0	0	0	0	0	0
TC	META	7	127	256	5	1.9403223991394	0	0	1	6	0	0	1	6	0	0	0	0	0	0	0	0
TC	META	7	131	2255	5	96.7074630260468	0	0	1	19	0	0	1	19	0	0	0	0	0	0	0	0
TC	META	7	132	2346	5	113.93693780899	0	0	0	0	0	0	0	0	0	0	0	0	0	0	0	0
TC	META	7	133	2027	5	60.0742573738098	0	1	2	6	0	1	2	6	0	2	1	3	0	3	2	6
TC	META	7	134	674	5	5.45372819900513	0	0	0	0	0	0	0	0	0	0	0	0	0	0	0	0
TC	META	7	138	1791	5	41.4639165401459	0	0	1	4	0	0	1	4	0	0	0	0	0	0	0	0
TC	META	7	139	379	5	3.06819176673889	0	0	1	19	0	0	1	19	0	0	0	0	0	0	1	19
TC	META	7	140	973	5	6.49419045448303	0	0	1	17	0	0	1	17	0	0	0	0	0	0	0	0
TC	META	7	141	1583	5	33.3839166164398	1	2	2	3	0	1	1	2	1	2	2	3	0	0	0	0
TC	META	7	142	271	5	2.83272290229797	0	0	2	16	0	0	2	16	0	0	0	0	0	0	2	16
TC	META	7	147	512	5	3.03809666633606	0	0	1	4	0	0	1	4	0	0	0	0	0	0	1	4
TC	META	7	152	468	5	2.26853823661804	0	0	0	0	0	0	0	0	0	0	0	0	0	0	0	0
TC	META	7	159	585	5	6.44317436218262	0	0	1	8	0	0	1	8	0	0	0	0	0	0	1	8
TC	META	7	162	1963	5	76.1601023674011	0	0	0	0	0	0	0	0	0	0	0	0	0	0	0	0
TC	META	7	176	218	5	1.97306346893311	0	1	1	3	0	1	1	3	0	1	1	3	0	1	1	3
TC	META	7	177	192	5	1.31127309799194	0	1	1	3	0	1	1	3	0	0	0	0	0	0	0	0
TC	META	7	187	1665	5	50.9230070114136	0	1	1	18	0	1	0	0	0	0	0	0	0	1	1	18
TC	META	8	17	1060	5	12.8196113109589	0	0	1	24	0	0	1	24	0	0	0	0	0	0	1	24
TC	META	8	29	2711	5	170.337389469147	1	1	1	1	1	1	1	1	1	1	1	1	1	1	1	1
TC	META	8	32	1510	5	34.1748132705688	0	0	0	0	0	0	0	0	0	0	0	0	0	0	0	0
TC	META	8	36	351	5	3.40674448013306	0	1	1	4	0	1	1	4	0	1	1	4	0	0	1	4
TC	META	8	39	990	5	12.9038617610931	0	1	3	36	0	1	3	36	0	0	0	0	0	0	1	10
TC	META	8	41	717	5	3.57179641723633	0	0	1	73	0	0	1	73	0	0	0	0	0	0	0	0
TC	META	8	42	1581	5	30.9398255348206	0	0	1	9	0	0	1	9	0	0	0	0	0	0	1	9
TC	META	8	43	1346	5	23.7797536849976	0	0	0	0	0	0	0	0	0	0	0	0	0	0	0	0
TC	META	8	44	483	5	2.27395796775818	0	0	1	13	0	0	1	13	0	0	1	13	0	0	0	0
TC	META	8	45	783	5	11.6950743198395	0	0	0	0	0	0	0	0	0	0	0	0	0	0	0	0
TC	META	8	57	745	5	7.48448157310486	0	0	1	5	0	0	0	0	0	0	1	5	0	0	0	0
TC	META	8	59	514	5	4.75136375427246	1	1	1	1	1	1	1	1	0	0	0	0	0	0	0	0
TC	META	8	65	724	5	4.64239692687988	0	0	1	4	0	0	1	4	0	0	1	4	0	0	1	4
TC	META	8	68	1023	5	6.26157426834106	2	4	3	4	2	3	3	4	1	3	3	4	2	3	1	1
TC	META	8	69	1811	5	48.5690243244171	0	0	1	14	0	0	1	14	0	0	0	0	0	0	1	14
TC	META	8	78	274	5	1.16654229164124	0	0	0	0	0	0	0	0	0	0	0	0	0	0	0	0
TC	META	8	81	1282	5	16.7938883304596	0	1	1	4	0	1	1	4	0	0	0	0	0	0	0	0
TC	META	8	83	1848	5	45.2411077022552	0	1	1	7	0	1	1	7	0	0	0	0	0	0	0	0
TC	META	8	84	2495	5	134.247986555099	0	0	0	0	0	0	0	0	0	0	0	0	0	0	0	0
TC	META	8	85	724	5	4.24421215057373	0	0	1	8	0	0	0	0	0	0	0	0	0	0	0	0
TC	META	8	88	1329	5	13.4798185825348	0	0	0	0	0	0	0	0	0	0	0	0	0	0	0	0
TC	META	8	106	1382	5	21.2773461341858	0	2	1	3	0	2	1	3	0	0	0	0	0	0	0	0
TC	META	8	109	1919	5	61.9566161632538	0	0	0	0	0	0	0	0	0	0	0	0	0	0	0	0
TC	META	8	110	1537	5	32.127387046814	0	0	0	0	0	0	0	0	0	0	0	0	0	0	0	0
TC	META	8	113	725	5	6.33629751205444	0	1	1	4	0	1	1	4	0	0	0	0	0	1	1	4
TC	META	8	118	576	5	2.79361462593079	0	0	1	3	0	0	1	3	0	0	0	0	0	0	1	3
TC	META	8	121	178	5	1.07615494728088	0	0	0	0	0	0	0	0	0	0	0	0	0	0	0	0
TC	META	8	124	727	5	4.98566889762878	1	1	3	14	1	1	3	14	0	0	0	0	0	0	0	0
TC	META	8	125	315	5	5.09176325798035	3	4	4	6	3	4	4	6	1	2	2	4	3	3	3	3
TC	META	8	126	114	5	1.13700747489929	0	0	0	0	0	0	0	0	0	0	0	0	0	0	0	0
TC	META	8	135	988	5	8.86491966247559	0	0	0	0	0	0	0	0	0	0	0	0	0	0	0	0
TC	META	8	153	505	5	2.52468013763428	0	0	1	66	0	0	1	66	0	0	0	0	0	0	0	0
TC	META	8	159	678	5	5.13577961921692	0	1	0	0	0	1	0	0	0	0	0	0	0	0	0	0
TC	META	8	160	560	5	3.66060280799866	0	1	1	4	0	1	1	4	0	1	0	0	0	0	0	0
TC	META	9	4	1180	5	14.7089788913727	1	2	1	1	1	2	1	1	1	2	1	1	1	1	1	1
TC	META	9	5	239	5	0.904784440994263	1	1	1	1	1	1	1	1	0	0	0	0	0	0	0	0
TC	META	9	9	867	5	9.12632203102112	0	0	1	5	0	0	1	5	0	0	0	0	0	0	1	5
TC	META	9	12	1096	5	11.3244638442993	0	0	0	0	0	0	0	0	0	0	0	0	0	0	0	0
TC	META	9	13	1533	5	28.9376895427704	0	0	2	147	0	0	2	147	0	0	0	0	0	0	1	15
TC	META	9	31	1739	5	64.8130722045898	1	2	4	27	1	2	4	27	0	1	2	10	0	1	2	10
TC	META	9	33	1338	5	18.5246570110321	0	1	1	2	0	1	1	2	0	1	1	2	0	1	1	2
TC	META	9	36	1158	5	14.4558131694794	0	0	2	23	0	0	2	23	0	0	0	0	0	0	0	0
TC	META	9	39	418	5	3.15947890281677	0	0	2	17	0	0	2	17	0	0	0	0	0	0	1	12
TC	META	9	40	2059	5	82.3549201488495	0	0	1	7	0	0	1	7	0	0	0	0	0	0	0	0
TC	META	9	51	592	5	3.50201416015625	0	1	1	4	0	1	1	4	0	0	0	0	0	1	1	4
TC	META	9	53	1758	5	33.4319393634796	0	0	1	19	0	0	1	19	0	0	0	0	0	0	1	19
TC	META	9	69	689	5	5.05144047737122	0	1	2	13	0	1	2	13	0	1	1	7	0	1	2	13
TC	META	9	70	521	5	5.42638754844666	0	0	0	0	0	0	0	0	0	0	0	0	0	0	0	0
TC	META	9	72	271	5	1.34068560600281	0	0	1	7	0	0	1	7	0	0	0	0	0	0	0	0
TC	META	9	73	796	5	4.92015051841736	0	0	1	4	0	0	1	4	0	0	1	4	0	0	1	4
TC	META	9	89	231	5	1.34318900108337	0	0	1	18	0	0	1	18	0	0	0	0	0	0	1	18
TC	META	9	93	1064	5	12.253555059433	0	1	0	0	0	1	0	0	0	0	0	0	0	0	0	0
TC	META	9	99	958	5	8.00400590896606	0	1	0	0	0	1	0	0	0	1	0	0	0	1	0	0
TC	META	9	100	1526	5	30.4313158988953	0	0	0	0	0	0	0	0	0	0	0	0	0	0	0	0
TC	META	9	102	1287	5	17.5104043483734	0	0	2	22	0	0	2	22	0	0	2	22	0	0	0	0
TC	META	9	103	446	5	3.90592813491821	0	0	0	0	0	0	0	0	0	0	0	0	0	0	0	0
TC	META	9	104	465	5	5.40943288803101	0	0	0	0	0	0	0	0	0	0	0	0	0	0	0	0
TC	META	9	105	301	5	1.37379050254822	0	1	0	0	0	1	0	0	0	1	0	0	0	0	0	0
TC	META	9	106	1121	5	12.8474562168121	0	0	1	5	0	0	0	0	0	0	1	5	0	0	1	5
TC	META	9	107	377	5	3.86356544494629	0	1	1	2	0	0	0	0	0	1	1	2	0	0	0	0
TC	META	9	109	1992	5	76.1272678375244	0	1	0	0	0	0	0	0	0	1	0	0	0	0	0	0
TC	META	9	110	1886	10	168.646587610245	2	6	7	16	2	5	7	16	2	3	4	10	1	4	4	9
TC	META	9	111	56	5	1.16691255569458	3	4	4	5	3	4	4	5	2	3	3	4	2	3	3	3
TC	META	9	112	1492	5	27.8663620948792	3	4	4	15	3	4	3	3	0	1	2	13	3	4	3	3
TC	META	9	113	915	5	5.30053472518921	1	1	3	23	1	1	2	21	1	1	2	22	1	1	1	2
TC	META	9	114	552	5	3.56069684028625	0	1	1	7	0	0	1	7	0	1	0	0	0	0	1	7
TC	META	9	115	2069	5	106.178159236908	0	0	0	0	0	0	0	0	0	0	0	0	0	0	0	0
TC	META	9	116	984	5	10.4623739719391	0	1	2	19	0	1	2	19	0	1	0	0	0	1	1	11
TC	META	9	118	2331	5	137.086222887039	0	0	0	0	0	0	0	0	0	0	0	0	0	0	0	0
TC	META	9	119	863	5	5.87933683395386	1	1	1	1	0	0	0	0	1	1	1	1	0	0	0	0
TC	META	9	121	471	5	3.07197046279907	0	0	0	0	0	0	0	0	0	0	0	0	0	0	0	0
TC	META	9	124	822	5	4.81135368347168	1	1	1	1	1	1	1	1	0	0	0	0	0	0	0	0
TC	META	9	125	1327	5	24.1808040142059	0	0	0	0	0	0	0	0	0	0	0	0	0	0	0	0
TC	META	9	134	1750	5	75.6724388599396	0	1	1	3	0	1	1	3	0	0	0	0	0	0	0	0
TC	META	9	140	1737	5	61.3646259307861	0	2	3	16	0	1	2	13	0	1	0	0	0	1	2	14
TC	META	9	142	658	5	3.49082827568054	0	0	0	0	0	0	0	0	0	0	0	0	0	0	0	0
TC	META	9	144	514	5	2.64265894889832	0	0	1	18	0	0	0	0	0	0	0	0	0	0	1	18
TC	META	9	145	728	5	7.0327455997467	0	0	0	0	0	0	0	0	0	0	0	0	0	0	0	0
TC	META	9	149	570	5	4.50376009941101	2	4	4	11	1	2	2	7	1	1	2	4	2	4	4	11
TC	META	9	153	90	5	0.898144245147705	0	1	0	0	0	1	0	0	0	0	0	0	0	0	0	0
TC	META	9	160	190	5	0.622957944869995	0	1	1	2	0	1	1	2	0	1	1	2	0	1	1	2
TC	META	9	161	221	5	0.964752435684204	0	0	1	24	0	0	1	24	0	0	0	0	0	0	0	0
TC	META	10	13	1007	5	5.99900150299072	0	0	1	8	0	0	1	8	0	0	0	0	0	0	1	8
TC	META	10	22	1182	5	11.8447337150574	0	0	1	3	0	0	1	3	0	0	0	0	0	0	0	0
TC	META	10	43	997	5	9.86780786514282	0	1	1	2	0	1	1	2	0	1	0	0	0	1	1	2
TC	META	10	44	721	5	8.45539021492004	0	0	0	0	0	0	0	0	0	0	0	0	0	0	0	0
TC	META	10	46	1689	5	46.4187908172607	0	0	0	0	0	0	0	0	0	0	0	0	0	0	0	0
TC	META	10	52	1358	5	14.988382101059	0	1	0	0	0	1	0	0	0	0	0	0	0	0	0	0
TC	META	10	53	677	5	4.61046266555786	0	0	1	14	0	0	1	14	0	0	0	0	0	0	0	0
TC	META	10	58	322	5	1.1543653011322	0	0	1	45	0	0	1	45	0	0	0	0	0	0	0	0
TC	META	10	59	747	5	5.21623086929321	0	0	1	24	0	0	1	24	0	0	0	0	0	0	0	0
TC	META	10	67	686	5	8.12610197067261	0	0	1	8	0	0	1	8	0	0	1	8	0	0	1	8
TC	META	10	69	982	5	9.86568832397461	0	0	1	30	0	0	1	30	0	0	0	0	0	0	0	0
TC	META	10	70	1183	5	20.9182097911835	0	2	1	2	0	2	1	2	0	0	0	0	0	1	1	2
TC	META	10	73	856	5	11.7394754886627	0	0	1	3	0	0	1	3	0	0	0	0	0	0	1	3
TC	META	10	77	2535	5	152.501413106918	0	0	0	0	0	0	0	0	0	0	0	0	0	0	0	0
TC	META	10	80	1177	5	21.4214866161346	0	0	1	15	0	0	1	15	0	0	0	0	0	0	1	15
TC	META	10	81	1322	5	16.3302173614502	0	0	1	12	0	0	1	12	0	0	1	12	0	0	1	12
TC	META	10	84	1803	5	69.1316800117493	0	0	1	25	0	0	1	25	0	0	0	0	0	0	1	25
TC	META	10	85	464	5	4.1779956817627	1	2	1	1	1	2	1	1	0	0	0	0	0	1	1	1
TC	META	10	92	2053	5	86.4830749034882	0	1	1	3	0	0	1	3	0	0	0	0	0	1	1	3
TC	META	10	100	422	5	2.57276511192322	0	1	2	9	0	1	1	4	0	0	1	4	0	0	0	0
TC	META	10	101	946	5	7.78302478790283	0	0	1	12	0	0	1	12	0	0	0	0	0	0	0	0
TC	META	10	109	1239	5	15.2879214286804	0	0	2	25	0	0	1	5	0	0	1	5	0	0	1	20
TC	META	10	110	411	5	5.67007970809937	0	1	0	0	0	1	0	0	0	0	0	0	0	0	0	0
TC	META	10	112	378	5	1.45734691619873	0	1	1	3	0	1	1	3	0	0	1	3	0	0	1	3
TC	META	10	113	1054	5	18.8889417648315	0	0	0	0	0	0	0	0	0	0	0	0	0	0	0	0
TC	META	10	117	1645	5	29.7643232345581	1	2	4	33	1	2	4	33	1	2	1	1	1	1	2	7
TC	META	10	120	1073	5	13.1115264892578	0	2	2	9	0	2	2	9	0	2	2	9	0	2	2	9
TC	META	10	121	814	5	7.20710015296936	0	1	1	11	0	1	1	11	0	0	0	0	0	1	1	11
TC	META	10	123	1075	5	10.0741159915924	0	0	1	35	0	0	1	35	0	0	0	0	0	0	0	0
TC	META	10	126	1495	5	35.2070341110229	0	0	1	3	0	0	1	3	0	0	0	0	0	0	0	0
TC	META	10	127	341	5	2.32510733604431	0	0	0	0	0	0	0	0	0	0	0	0	0	0	0	0
TC	META	10	129	1607	5	29.7688479423523	0	0	0	0	0	0	0	0	0	0	0	0	0	0	0	0
TC	META	10	130	519	5	1.79307842254639	0	0	0	0	0	0	0	0	0	0	0	0	0	0	0	0
TC	META	10	131	1394	5	13.1180500984192	0	0	0	0	0	0	0	0	0	0	0	0	0	0	0	0
TC	META	10	137	1530	5	17.4327902793884	0	2	1	3	0	1	1	3	0	2	1	3	0	1	1	3
TC	META	10	138	259	5	1.43719530105591	1	3	4	20	1	3	4	20	0	0	0	0	1	3	3	11
TC	META	10	140	219	5	0.714218616485596	0	0	1	6	0	0	1	6	0	0	0	0	0	0	0	0
TC	META	10	144	624	5	3.55431318283081	0	1	1	2	0	1	1	2	0	1	1	2	0	1	1	2
TC	META	10	150	1472	5	24.6836166381836	0	0	1	12	0	0	1	12	0	0	1	12	0	0	1	12
TC	META	10	152	959	5	10.528548002243	0	1	1	19	0	1	1	19	0	1	0	0	0	0	0	0
TC	META	10	154	2083	5	78.8441309928894	0	2	2	4	0	2	2	4	0	0	1	2	0	1	1	2
TC	META	10	176	747	5	4.87476134300232	0	1	1	10	0	1	1	10	0	0	0	0	0	0	1	10
TC	META	10	177	357	5	1.7213282585144	0	0	0	0	0	0	0	0	0	0	0	0	0	0	0	0
TC	META	11	2	501	5	4.06624937057495	0	1	0	0	0	1	0	0	0	0	0	0	0	0	0	0
TC	META	11	3	647	5	5.22132921218872	0	0	0	0	0	0	0	0	0	0	0	0	0	0	0	0
TC	META	11	4	636	5	4.33825826644897	0	1	0	0	0	1	0	0	0	0	0	0	0	0	0	0
TC	META	11	7	419	5	3.38876986503601	0	2	2	14	0	2	2	14	0	1	0	0	0	1	1	2
TC	META	11	11	1209	5	12.5196757316589	0	1	0	0	0	0	0	0	0	1	0	0	0	0	0	0
TC	META	11	12	1638	5	44.4686233997345	0	2	2	6	0	2	2	6	0	1	1	4	0	1	1	4
TC	META	11	22	447	5	2.91734457015991	0	1	1	2	0	1	1	2	0	0	1	2	0	0	0	0
TC	META	11	28	583	5	4.08609294891357	0	0	1	11	0	0	1	11	0	0	0	0	0	0	1	11
TC	META	11	30	603	5	5.39577627182007	0	0	2	45	0	0	2	45	0	0	0	0	0	0	0	0
TC	META	11	31	735	5	3.85041117668152	0	1	1	2	0	1	1	2	0	0	0	0	0	1	1	2
TC	META	11	33	916	5	7.47106647491455	1	1	2	7	1	1	2	7	1	1	1	1	1	1	1	1
TC	META	11	56	238	5	1.41078996658325	0	0	1	34	0	0	1	34	0	0	0	0	0	0	0	0
TC	META	11	57	745	5	5.91335868835449	0	1	1	2	0	1	1	2	0	1	1	2	0	0	0	0
TC	META	11	75	391	5	2.14384794235229	0	0	0	0	0	0	0	0	0	0	0	0	0	0	0	0
TC	META	11	76	832	5	5.95439672470093	3	3	3	3	3	3	3	3	2	2	2	2	3	3	3	3
TC	META	11	78	650	5	5.02723598480225	0	0	1	8	0	0	1	8	0	0	0	0	0	0	0	0
TC	META	11	79	1542	10	55.0918095111847	0	4	5	43	0	4	5	43	0	0	0	0	0	1	1	2
TC	META	11	80	967	5	7.20656752586365	0	0	0	0	0	0	0	0	0	0	0	0	0	0	0	0
TC	META	11	81	821	5	10.0045850276947	0	1	1	4	0	1	1	4	0	0	0	0	0	0	0	0
TC	META	11	82	273	5	1.66144156455994	0	0	0	0	0	0	0	0	0	0	0	0	0	0	0	0
TC	META	11	86	919	5	6.53974914550781	0	0	0	0	0	0	0	0	0	0	0	0	0	0	0	0
TC	META	11	88	1350	5	13.7429854869843	1	1	2	15	1	1	2	15	1	1	1	1	1	1	1	1
TC	META	11	90	1845	5	37.6859533786774	0	0	1	67	0	0	1	67	0	0	0	0	0	0	0	0
TC	META	11	107	495	5	3.82112598419189	0	1	1	2	0	1	1	2	0	0	0	0	0	0	0	0
TC	META	11	108	351	5	2.21575903892517	0	0	1	6	0	0	1	6	0	0	0	0	0	0	1	6
TC	META	11	117	2069	5	73.7908296585083	0	1	1	2	0	1	1	2	0	1	1	2	0	1	1	2
TC	META	11	121	1079	5	9.03122806549072	0	1	1	5	0	1	1	5	0	1	1	5	0	1	1	5
TC	META	11	125	876	5	7.20782780647278	0	0	0	0	0	0	0	0	0	0	0	0	0	0	0	0
TC	META	11	128	161	5	1.28471112251282	0	1	1	3	0	1	1	3	0	0	0	0	0	0	0	0
TC	META	11	129	1156	10	49.5762455463409	4	10	9	18	4	8	8	16	3	8	7	14	3	6	6	9
TC	META	11	133	898	5	8.56371521949768	0	1	3	29	0	1	3	29	0	1	1	6	0	0	1	13
TC	META	11	140	561	5	7.19002103805542	0	0	1	5	0	0	1	5	0	0	1	5	0	0	0	0
TC	META	11	142	1204	5	10.9238650798798	0	1	2	30	0	0	1	10	0	1	0	0	0	0	2	25
TC	META	11	147	1902	5	80.572690486908	1	1	4	17	1	1	2	8	1	1	2	8	1	1	1	1
TC	META	11	163	189	5	1.0687460899353	0	0	1	25	0	0	1	25	0	0	0	0	0	0	0	0
TC	META	12	1	576	5	2.95349836349487	1	1	1	1	1	1	1	1	1	1	1	1	1	1	1	1
TC	META	12	12	318	5	3.5114803314209	0	1	0	0	0	1	0	0	0	0	0	0	0	0	0	0
TC	META	12	13	722	5	4.70173192024231	0	0	0	0	0	0	0	0	0	0	0	0	0	0	0	0
TC	META	12	17	377	5	3.78363227844238	0	0	0	0	0	0	0	0	0	0	0	0	0	0	0	0
TC	META	12	18	855	5	7.58554840087891	0	1	0	0	0	1	0	0	0	0	0	0	0	0	0	0
TC	META	12	23	1293	5	15.5288882255554	0	1	2	8	0	1	2	8	0	0	0	0	0	1	2	8
TC	META	12	26	227	5	1.1337423324585	0	0	1	4	0	0	1	4	0	0	1	4	0	0	1	4
TC	META	12	27	132	5	1.14908027648926	0	0	0	0	0	0	0	0	0	0	0	0	0	0	0	0
TC	META	12	29	163	5	0.576931476593018	0	0	1	7	0	0	1	7	0	0	0	0	0	0	1	7
TC	META	12	42	1845	5	63.9901177883148	0	0	0	0	0	0	0	0	0	0	0	0	0	0	0	0
TC	META	12	45	907	5	7.82888412475586	0	1	1	5	0	1	0	0	0	1	0	0	0	0	0	0
TC	META	12	47	351	5	1.45991468429565	1	1	1	1	1	1	1	1	0	0	0	0	0	0	0	0
TC	META	12	48	1377	5	26.7355649471283	0	0	0	0	0	0	0	0	0	0	0	0	0	0	0	0
TC	META	12	49	1323	5	12.1052145957947	0	1	1	2	0	1	1	2	0	0	0	0	0	0	0	0
TC	META	12	51	845	5	4.20250391960144	0	1	1	3	0	1	1	3	0	0	0	0	0	1	1	3
TC	META	12	52	1776	5	51.3032145500183	0	0	1	36	0	0	0	0	0	0	0	0	0	0	1	36
TC	META	12	59	1385	5	20.657386302948	0	0	1	7	0	0	1	7	0	0	0	0	0	0	0	0
TC	META	12	60	737	5	6.27442383766174	0	0	1	8	0	0	1	8	0	0	0	0	0	0	0	0
TC	META	12	61	789	5	5.6236355304718	0	0	0	0	0	0	0	0	0	0	0	0	0	0	0	0
TC	META	12	62	652	5	3.25734353065491	0	0	2	32	0	0	2	32	0	0	0	0	0	0	1	11
TC	META	12	63	1067	5	8.90163040161133	0	0	2	66	0	0	2	66	0	0	0	0	0	0	0	0
TC	META	12	64	548	5	6.65387392044067	0	2	1	2	0	2	1	2	0	0	0	0	0	0	1	2
TC	META	12	66	1179	5	14.6314005851746	0	1	2	16	0	1	2	16	0	1	1	2	0	0	1	14
TC	META	12	67	486	5	2.53783321380615	0	1	1	10	0	1	1	10	0	1	0	0	0	0	0	0
TC	META	12	69	1022	5	8.56654500961304	0	0	0	0	0	0	0	0	0	0	0	0	0	0	0	0
TC	META	12	71	1111	5	15.050457239151	0	0	3	43	0	0	3	43	0	0	0	0	0	0	0	0
TC	META	12	72	3692	5	366.462878465652	0	0	0	0	0	0	0	0	0	0	0	0	0	0	0	0
TC	META	12	82	1101	5	24.9522626399994	0	0	0	0	0	0	0	0	0	0	0	0	0	0	0	0
TC	META	12	97	1513	5	25.1836264133453	0	0	1	11	0	0	1	11	0	0	0	0	0	0	0	0
TC	META	12	98	672	5	5.09889388084412	0	0	1	11	0	0	1	11	0	0	0	0	0	0	0	0
TC	META	12	106	1278	5	25.5603659152985	0	1	0	0	0	1	0	0	0	0	0	0	0	0	0	0
TC	META	12	110	1378	5	20.6822605133057	0	1	2	6	0	1	1	2	0	1	1	2	0	0	1	4
TC	META	12	113	1171	5	32.4651145935059	0	1	1	24	0	1	0	0	0	1	0	0	0	1	1	24
TC	META	12	116	404	5	1.96572256088257	0	0	1	11	0	0	1	11	0	0	0	0	0	0	0	0
TC	META	12	117	1283	5	13.8609154224396	0	0	0	0	0	0	0	0	0	0	0	0	0	0	0	0
TC	META	12	119	1781	5	63.8764457702637	0	0	0	0	0	0	0	0	0	0	0	0	0	0	0	0
TC	META	12	120	500	5	3.04541397094727	0	0	1	23	0	0	1	23	0	0	0	0	0	0	1	23
TC	META	12	121	893	5	6.6682333946228	0	0	2	16	0	0	2	16	0	0	1	4	0	0	1	4
TC	META	12	122	1088	5	13.7430958747864	1	3	4	23	1	3	3	11	0	0	0	0	0	1	2	17
TC	META	12	123	525	5	3.62624073028564	0	0	0	0	0	0	0	0	0	0	0	0	0	0	0	0
TC	META	12	127	514	5	4.10474824905396	0	0	0	0	0	0	0	0	0	0	0	0	0	0	0	0
TC	META	12	128	207	5	1.28473925590515	1	1	1	1	1	1	1	1	0	0	0	0	0	0	0	0
TC	META	12	129	975	5	11.2591736316681	0	0	1	29	0	0	1	29	0	0	0	0	0	0	0	0
TC	META	12	138	1646	5	29.7235252857208	1	1	2	19	1	1	2	19	1	1	1	1	1	1	2	19
TC	META	12	139	2002	5	68.3322017192841	0	1	4	31	0	1	4	31	0	1	3	12	0	1	3	29
TC	META	12	140	456	5	2.01802682876587	2	3	4	9	2	3	4	9	2	3	4	9	2	2	2	2
TC	META	12	141	734	10	19.8611748218536	3	4	6	15	2	3	5	14	1	2	2	4	1	2	3	8
TC	META	13	18	394	5	2.31904554367065	0	0	0	0	0	0	0	0	0	0	0	0	0	0	0	0
TC	META	13	21	1141	5	9.92399287223816	0	2	2	8	0	2	2	8	0	0	0	0	0	1	1	6
TC	META	13	24	889	5	7.08059358596802	0	0	1	7	0	0	1	7	0	0	0	0	0	0	0	0
TC	META	13	25	409	5	1.61393713951111	1	3	4	15	1	3	4	15	0	3	2	3	1	3	4	15
TC	META	13	40	730	5	4.88028073310852	0	0	1	14	0	0	1	14	0	0	0	0	0	0	0	0
TC	META	13	44	689	5	6.23403787612915	0	0	0	0	0	0	0	0	0	0	0	0	0	0	0	0
TC	META	13	45	934	5	7.01079511642456	0	0	1	7	0	0	1	7	0	0	1	7	0	0	0	0
TC	META	13	50	2004	5	65.264655828476	0	1	2	17	0	1	2	17	0	0	0	0	0	0	1	11
TC	META	13	66	478	5	2.9714035987854	2	2	2	2	2	2	2	2	1	1	1	1	1	1	1	1
TC	META	13	69	2040	5	79.8967235088348	0	3	1	4	0	3	1	4	0	2	0	0	0	1	0	0
TC	META	13	70	1292	5	17.0068619251251	0	0	0	0	0	0	0	0	0	0	0	0	0	0	0	0
TC	META	13	84	566	5	3.0746283531189	0	0	1	18	0	0	1	18	0	0	0	0	0	0	0	0
TC	META	13	95	393	5	2.88078498840332	0	0	0	0	0	0	0	0	0	0	0	0	0	0	0	0
TC	META	13	96	451	5	2.26240634918213	0	0	1	6	0	0	1	6	0	0	1	6	0	0	1	6
TC	META	13	111	344	5	2.50162291526794	0	0	1	12	0	0	1	12	0	0	0	0	0	0	1	12
TC	META	13	115	532	5	2.38902974128723	1	1	1	1	1	1	1	1	1	1	1	1	1	1	1	1
TC	META	13	116	453	5	2.17106461524963	0	1	1	2	0	1	1	2	0	1	1	2	0	0	0	0
TC	META	13	118	878	5	9.40921235084534	0	0	1	5	0	0	1	5	0	0	1	5	0	0	1	5
TC	META	13	124	90	5	0.279563665390015	0	0	1	57	0	0	1	57	0	0	0	0	0	0	0	0
TC	META	13	125	837	5	9.74407124519348	2	2	4	23	2	2	4	23	1	2	2	2	1	2	3	16
TC	META	14	4	237	5	1.10098505020142	1	1	2	4	1	1	2	4	0	0	0	0	1	1	2	4
TC	META	14	10	213	5	1.26510119438171	0	0	0	0	0	0	0	0	0	0	0	0	0	0	0	0
TC	META	14	11	352	5	1.18080425262451	0	0	1	4	0	0	1	4	0	0	0	0	0	0	0	0
TC	META	14	14	1694	10	110.498862504959	2	3	5	20	2	3	5	20	1	1	1	1	1	2	3	6
TC	META	14	23	1408	5	27.1356830596924	0	1	1	2	0	1	1	2	0	0	0	0	0	1	1	2
TC	META	14	31	1415	5	20.1020231246948	0	1	1	2	0	1	1	2	0	0	0	0	0	0	0	0
TC	META	14	35	1694	5	41.6091060638428	0	0	1	20	0	0	1	20	0	0	0	0	0	0	1	20
TC	META	14	43	94	5	0.733458757400513	0	0	1	14	0	0	1	14	0	0	0	0	0	0	0	0
TC	META	14	63	1788	5	44.411464214325	0	1	1	3	0	1	1	3	0	1	1	3	0	0	0	0
TC	META	14	67	1134	5	13.9432232379913	0	0	1	13	0	0	1	13	0	0	0	0	0	0	0	0
TC	META	14	68	819	5	8.40680956840515	0	0	2	22	0	0	1	16	0	0	0	0	0	0	0	0
TC	META	14	72	1821	5	34.4758582115173	1	1	1	1	1	1	1	1	1	1	1	1	1	1	1	1
TC	META	14	73	744	5	5.86548972129822	0	0	1	5	0	0	1	5	0	0	0	0	0	0	1	5
TC	META	14	93	1324	5	13.1812703609467	0	0	0	0	0	0	0	0	0	0	0	0	0	0	0	0
TC	META	14	96	124	5	0.5421302318573	0	1	1	2	0	1	1	2	0	0	0	0	0	0	1	2
TC	META	14	105	447	5	2.62605428695679	0	0	1	4	0	0	1	4	0	0	0	0	0	0	0	0
TC	META	14	106	590	5	3.09203219413757	0	1	1	5	0	1	1	5	0	1	0	0	0	0	1	5
TC	META	14	120	358	5	1.81692361831665	0	0	0	0	0	0	0	0	0	0	0	0	0	0	0	0
TC	META	14	121	1029	5	10.8190197944641	0	0	1	7	0	0	1	7	0	0	0	0	0	0	0	0
TC	META	14	126	1061	5	7.49208545684814	0	0	2	26	0	0	2	26	0	0	1	10	0	0	2	26
TC	META	14	127	991	5	7.12999391555786	0	0	1	12	0	0	1	12	0	0	0	0	0	0	0	0
TC	META	14	129	559	5	4.41174554824829	0	1	1	3	0	1	1	3	0	0	0	0	0	0	0	0
TC	META	15	37	1334	5	22.8349592685699	0	1	1	5	0	1	1	5	0	0	0	0	0	1	1	5
TC	META	15	44	583	5	3.22242784500122	0	0	1	8	0	0	1	8	0	0	0	0	0	0	1	8
TC	META	15	45	2535	5	135.007423400879	0	0	1	24	0	0	1	24	0	0	0	0	0	0	0	0
TC	META	15	46	889	5	6.27098631858826	1	2	1	1	1	2	1	1	0	0	0	0	1	1	1	1
TC	META	15	47	1216	5	14.0735061168671	0	1	1	3	0	1	1	3	0	0	1	3	0	0	0	0
TC	META	15	50	1195	5	13.3519339561462	0	0	1	3	0	0	1	3	0	0	0	0	0	0	0	0
TC	META	15	52	988	5	5.52526521682739	4	4	4	4	4	4	4	4	2	3	3	3	3	4	3	3
TC	META	15	53	169	5	0.569116592407227	2	2	2	2	1	1	1	1	2	2	2	2	2	2	2	2
TC	META	15	54	996	5	13.3277912139893	0	1	2	11	0	1	1	8	0	0	0	0	0	0	1	3
TC	META	15	59	1994	5	80.4115102291107	0	0	1	88	0	0	1	88	0	0	0	0	0	0	0	0
TC	META	15	62	1875	5	66.1438109874725	0	2	2	5	0	2	2	5	0	0	0	0	0	0	0	0
TC	META	15	63	549	5	2.82726454734802	0	0	1	35	0	0	1	35	0	0	0	0	0	0	1	35
TC	META	15	64	741	5	4.50487184524536	0	0	1	11	0	0	1	11	0	0	0	0	0	0	0	0
TC	META	15	66	1249	5	17.3057687282562	0	1	2	10	0	1	2	10	0	0	0	0	0	1	2	10
TC	META	15	80	400	5	2.61267280578613	0	0	1	21	0	0	1	21	0	0	0	0	0	0	0	0
TC	META	15	83	452	5	2.67376661300659	0	0	1	9	0	0	1	9	0	0	0	0	0	0	0	0
TC	META	15	85	1042	5	8.72484183311462	0	0	1	14	0	0	1	14	0	0	0	0	0	0	1	14
TC	META	15	88	687	5	3.43474292755127	0	0	0	0	0	0	0	0	0	0	0	0	0	0	0	0
TC	META	15	102	980	5	7.29510068893433	0	1	1	4	0	1	1	4	0	0	0	0	0	0	0	0
TC	META	15	111	583	5	4.83138489723206	0	1	1	4	0	1	1	4	0	0	0	0	0	0	1	4
TC	META	15	117	453	5	2.18685269355774	0	0	0	0	0	0	0	0	0	0	0	0	0	0	0	0
TC	META	16	1	569	5	6.04727816581726	0	0	0	0	0	0	0	0	0	0	0	0	0	0	0	0
TC	META	16	2	134	5	0.546662569046021	0	0	0	0	0	0	0	0	0	0	0	0	0	0	0	0
TC	META	16	4	833	5	4.59487962722778	0	0	0	0	0	0	0	0	0	0	0	0	0	0	0	0
TC	META	16	5	195	5	0.593910932540894	0	0	0	0	0	0	0	0	0	0	0	0	0	0	0	0
TC	META	16	6	529	5	2.62159204483032	0	0	0	0	0	0	0	0	0	0	0	0	0	0	0	0
TC	META	16	9	813	5	5.13246512413025	0	0	0	0	0	0	0	0	0	0	0	0	0	0	0	0
TC	META	16	31	1166	5	17.2926380634308	1	3	4	14	1	3	4	14	0	1	1	3	0	1	1	3
TC	META	16	32	158	5	1.27471446990967	0	1	2	6	0	1	2	6	0	0	0	0	0	0	1	4
TC	META	16	33	1953	5	55.4729943275452	0	1	1	19	0	1	1	19	0	1	0	0	0	0	0	0
TC	META	16	37	994	5	7.78686571121216	0	0	1	5	0	0	1	5	0	0	0	0	0	0	0	0
TC	META	16	41	931	5	7.91302561759949	0	0	1	10	0	0	1	10	0	0	0	0	0	0	0	0
TC	META	16	43	727	5	10.5672612190247	0	0	1	4	0	0	1	4	0	0	1	4	0	0	0	0
TC	META	16	58	404	5	2.35112690925598	0	0	0	0	0	0	0	0	0	0	0	0	0	0	0	0
TC	META	16	59	314	5	1.94800615310669	0	0	4	72	0	0	4	72	0	0	0	0	0	0	0	0
TC	META	16	63	929	5	9.01224541664124	0	0	0	0	0	0	0	0	0	0	0	0	0	0	0	0
TC	META	16	70	330	5	1.90948128700256	0	1	1	4	0	1	1	4	0	1	1	4	0	0	0	0
TC	META	16	74	191	5	1.2245621681213401	0	0	0	0	0	0	0	0	0	0	0	0	0	0	0	0
TC	META	16	75	1299	5	13.7768712043762	3	5	4	5	3	4	4	5	2	4	3	4	2	4	3	4
TC	META	16	76	757	5	8.53790140151978	2	4	3	4	1	3	2	3	1	1	1	1	1	3	2	2
TC	META	16	79	649	5	3.64689874649048	0	0	1	19	0	0	1	19	0	0	0	0	0	0	0	0
TC	META	16	83	901	5	9.17114424705505	0	0	0	0	0	0	0	0	0	0	0	0	0	0	0	0
TC	META	16	85	1906	5	69.2843668460846	0	0	0	0	0	0	0	0	0	0	0	0	0	0	0	0
TC	META	16	88	1516	5	19.1467356681824	1	3	2	4	1	2	1	1	1	2	2	4	1	2	2	4
TC	META	16	89	2350	15	326.014950990677	2	8	9	43	2	7	8	32	1	5	5	10	2	5	6	21
TC	META	16	90	619	5	5.36890888214111	0	1	0	0	0	1	0	0	0	0	0	0	0	0	0	0
TC	META	16	91	495	5	4.27046895027161	0	0	0	0	0	0	0	0	0	0	0	0	0	0	0	0
TC	META	16	94	2898	5	213.562339305878	0	0	0	0	0	0	0	0	0	0	0	0	0	0	0	0
TC	META	16	99	833	5	5.55877804756165	1	1	1	1	1	1	1	1	0	0	0	0	0	0	0	0
TC	META	16	100	111	5	0.676339149475098	1	2	3	9	1	2	2	3	0	1	2	8	0	1	1	1
TC	META	16	101	162	5	1.38207221031189	0	0	1	10	0	0	1	10	0	0	0	0	0	0	0	0
TC	META	16	103	3291	5	250.573321819305	0	0	1	36	0	0	1	36	0	0	0	0	0	0	0	0
TC	META	16	104	971	5	7.16219902038574	1	1	1	1	1	1	1	1	0	0	0	0	0	0	0	0
TC	META	16	110	768	5	4.67944955825806	0	0	2	22	0	0	2	22	0	0	1	7	0	0	1	7
TC	META	16	113	807	5	6.72287368774414	0	0	0	0	0	0	0	0	0	0	0	0	0	0	0	0
TC	META	16	116	1382	5	9.28909134864807	0	0	0	0	0	0	0	0	0	0	0	0	0	0	0	0
TC	META	16	119	1928	5	32.3562531471252	0	0	1	11	0	0	1	11	0	0	0	0	0	0	0	0
TC	META	16	120	285	5	0.311990737915039	0	1	0	0	0	0	0	0	0	1	0	0	0	0	0	0
TC	META	16	125	1115	5	4.78273153305054	0	0	1	35	0	0	1	35	0	0	0	0	0	0	0	0
TC	META	16	126	241	5	0.336373567581177	0	0	1	6	0	0	1	6	0	0	0	0	0	0	0	0
TC	META	16	127	447	5	1.48950552940369	1	1	1	1	1	1	1	1	0	1	1	1	0	0	0	0
TC	META	16	128	4255	5	346.980967521667	0	0	0	0	0	0	0	0	0	0	0	0	0	0	0	0
TC	META	17	9	1066	5	9.43190383911133	1	1	3	50	1	1	3	50	1	1	2	6	1	1	2	6
TC	META	17	15	148	5	0.442976951599121	1	1	1	1	1	1	1	1	0	1	1	1	0	0	0	0
TC	META	17	16	106	5	1.11140251159668	1	1	2	15	1	1	2	15	0	0	0	0	0	1	2	15
TC	META	17	17	1387	5	17.2784109115601	1	1	2	6	1	1	2	6	0	1	2	6	0	0	0	0
TC	META	17	22	147	5	1.71515846252441	0	0	0	0	0	0	0	0	0	0	0	0	0	0	0	0
TC	META	17	23	374	5	2.53630876541138	1	3	2	3	1	3	2	3	0	1	0	0	0	2	2	3
TC	META	17	24	630	5	4.52264261245728	1	3	3	5	1	3	2	4	1	1	1	2	1	2	2	4
TC	META	17	25	690	5	3.08058524131775	1	1	1	1	1	1	1	1	1	1	1	1	1	1	1	1
TC	META	17	28	131	5	0.404257774353027	0	0	1	11	0	0	1	11	0	0	0	0	0	0	0	0
TC	META	17	30	172	5	0.834280490875244	0	0	1	12	0	0	1	12	0	0	0	0	0	0	0	0
TC	META	17	49	477	5	1.82617378234863	0	1	0	0	0	1	0	0	0	0	0	0	0	0	0	0
TC	META	17	51	1327	5	14.3745577335358	0	1	2	34	0	1	2	34	0	1	1	2	0	0	0	0
TC	META	17	53	924	5	9.09046983718872	0	0	0	0	0	0	0	0	0	0	0	0	0	0	0	0
TC	META	17	54	867	5	5.8582501411438	0	0	1	4	0	0	1	4	0	0	0	0	0	0	1	4
TC	META	17	55	1472	10	33.6107318401337	2	3	7	34	2	3	7	33	0	1	3	17	0	1	5	31
TC	META	17	65	1464	5	24.8260703086853	0	0	0	0	0	0	0	0	0	0	0	0	0	0	0	0
TC	META	17	70	634	5	3.72042965888977	0	0	1	5	0	0	1	5	0	0	0	0	0	0	1	5
TC	META	17	71	574	5	3.65430808067322	0	0	2	14	0	0	2	14	0	0	1	10	0	0	1	10
TC	META	17	73	1101	5	10.584413766861	1	1	2	16	1	1	2	16	0	0	0	0	0	0	0	0
TC	META	17	74	1512	5	34.0556261539459	1	2	2	6	1	2	2	6	0	1	0	0	0	1	2	6
TC	META	17	75	1404	5	16.5780811309814	0	2	3	22	0	2	3	22	1	2	2	4	1	2	2	4
TC	META	17	76	569	5	3.7400975227356	0	0	0	0	0	0	0	0	0	0	0	0	0	0	0	0
TC	META	17	78	215	5	1.7887749671936	0	0	0	0	0	0	0	0	0	0	0	0	0	0	0	0
TC	META	17	80	835	5	4.3537859916687	0	0	1	13	0	0	1	13	0	0	0	0	0	0	0	0
TC	META	17	85	1230	5	13.435230255127	0	1	1	2	0	1	1	2	0	1	1	2	0	0	0	0
TC	META	17	87	502	5	6.30622625350952	0	1	2	8	0	1	2	8	0	1	0	0	0	1	2	8
TC	META	17	90	1207	5	11.4253487586975	0	0	2	17	0	0	2	17	0	0	0	0	0	0	1	11
TC	META	17	94	613	5	5.05518102645874	0	1	1	11	0	1	1	11	0	0	0	0	0	0	0	0
TC	META	17	95	616	5	3.18932914733887	0	0	0	0	0	0	0	0	0	0	0	0	0	0	0	0
TC	META	17	97	1366	5	15.6577212810516	0	1	0	0	0	1	0	0	0	0	0	0	0	0	0	0
TC	META	17	98	490	5	3.43909549713135	0	0	2	14	0	0	2	14	0	0	0	0	0	0	0	0
TC	META	17	100	606	5	3.81156659126282	0	1	1	10	0	1	1	10	0	1	0	0	0	1	1	10
TC	META	17	101	707	5	5.08380126953125	0	0	1	9	0	0	1	9	0	0	0	0	0	0	0	0
TC	META	17	102	378	10	20.09446144104	2	5	5	17	2	5	5	17	0	2	2	4	0	1	1	3
TC	META	17	103	453	5	4.56566309928894	0	0	2	33	0	0	1	23	0	0	0	0	0	0	0	0
TC	META	17	104	79	5	0.378154993057251	0	0	1	7	0	0	1	7	0	0	0	0	0	0	0	0
TC	META	17	105	849	5	6.77422833442688	0	1	0	0	0	1	0	0	0	0	0	0	0	0	0	0
TC	META	17	109	211	5	0.964985370635986	0	0	1	15	0	0	1	15	0	0	0	0	0	0	0	0
TC	META	17	116	488	5	4.06372356414795	0	0	0	0	0	0	0	0	0	0	0	0	0	0	0	0
TC	META	17	117	729	5	6.93760275840759	0	0	0	0	0	0	0	0	0	0	0	0	0	0	0	0
TC	META	17	118	685	5	6.43169403076172	0	1	3	23	0	1	3	23	0	0	1	5	0	0	0	0
TC	META	17	121	540	5	2.14763236045837	0	0	1	8	0	0	1	8	0	0	0	0	0	0	0	0
TC	META	17	123	763	5	4.11380219459534	0	0	0	0	0	0	0	0	0	0	0	0	0	0	0	0
TC	META	17	125	1081	5	10.0803036689758	1	2	4	25	1	2	4	24	1	1	2	2	1	1	2	2
TC	META	17	128	175	5	1.44308280944824	0	0	0	0	0	0	0	0	0	0	0	0	0	0	0	0
TC	META	17	130	644	5	3.65354943275452	0	0	0	0	0	0	0	0	0	0	0	0	0	0	0	0
TC	META	17	133	364	5	1.77914977073669	0	0	1	41	0	0	1	41	0	0	0	0	0	0	0	0
TC	META	17	134	775	5	7.60612368583679	1	1	2	7	1	1	2	7	0	0	0	0	0	0	0	0
TC	META	18	8	662	5	4.36618709564209	0	0	1	18	0	0	1	18	0	0	0	0	0	0	0	0
TC	META	18	9	96	5	0.583484172821045	0	0	0	0	0	0	0	0	0	0	0	0	0	0	0	0
TC	META	18	31	1221	5	12.5824632644653	0	1	1	7	0	1	1	7	0	1	0	0	0	1	1	7
TC	META	18	35	317	5	1.55918526649475	0	0	0	0	0	0	0	0	0	0	0	0	0	0	0	0
TC	META	18	39	1542	5	23.2141578197479	0	0	0	0	0	0	0	0	0	0	0	0	0	0	0	0
TC	META	18	41	1543	5	23.2682273387909	0	0	0	0	0	0	0	0	0	0	0	0	0	0	0	0
TC	META	18	42	1255	5	14.9341433048248	0	0	0	0	0	0	0	0	0	0	0	0	0	0	0	0
TC	META	18	52	882	5	5.83487510681152	0	0	0	0	0	0	0	0	0	0	0	0	0	0	0	0
TC	META	18	61	1176	5	18.1007118225098	0	0	1	15	0	0	1	15	0	0	0	0	0	0	0	0
TC	META	18	68	107	5	0.482239723205566	0	0	0	0	0	0	0	0	0	0	0	0	0	0	0	0
TC	META	18	69	2219	10	142.838373184204	4	7	9	24	4	6	8	22	1	5	5	11	1	3	2	4
TC	META	18	74	1688	5	24.0994579792023	0	0	0	0	0	0	0	0	0	0	0	0	0	0	0	0
TC	META	18	77	281	5	1.1948664188385	0	0	1	3	0	0	1	3	0	0	0	0	0	0	0	0
TC	META	18	78	395	5	1.84214091300964	1	1	1	1	1	1	1	1	0	1	1	1	0	0	0	0
TC	META	18	81	1071	5	8.86846828460693	0	0	1	20	0	0	1	20	0	0	0	0	0	0	0	0
TC	META	18	85	1138	5	12.2554013729095	0	0	1	71	0	0	0	0	0	0	0	0	0	0	1	71
TC	META	18	88	812	5	9.1609525680542	0	2	2	9	0	2	2	9	0	0	1	5	0	0	1	5
TC	META	18	119	157	5	1.56698107719421	0	0	0	0	0	0	0	0	0	0	0	0	0	0	0	0
TC	META	19	2	218	5	0.260174512863159	0	1	0	0	0	1	0	0	0	0	0	0	0	0	0	0
TC	META	19	5	31	5	0.0326862335205078	0	0	1	9	0	0	1	9	0	0	0	0	0	0	0	0
TC	META	19	6	88	5	0.471565961837769	1	2	2	3	1	2	2	3	0	0	0	0	0	1	1	1
TC	META	19	12	147	5	0.451807260513306	0	0	1	14	0	0	1	14	0	0	0	0	0	0	0	0
TC	META	19	15	113	5	1.6475682258606	0	0	0	0	0	0	0	0	0	0	0	0	0	0	0	0
TC	META	19	16	88	5	0.568697690963745	0	1	1	3	0	1	1	3	0	0	0	0	0	1	1	3
TC	META	19	19	75	5	0.745301008224487	0	0	1	9	0	0	1	9	0	0	0	0	0	0	1	9
TC	META	19	20	166	5	0.810338020324707	1	1	2	14	1	1	2	14	1	1	1	1	1	1	1	1
TC	META	19	21	109	5	1.0202944278717	0	0	0	0	0	0	0	0	0	0	0	0	0	0	0	0
TC	META	19	22	669	5	6.41056227684021	0	0	0	0	0	0	0	0	0	0	0	0	0	0	0	0
TC	META	19	25	395	5	1.41885304450989	0	0	0	0	0	0	0	0	0	0	0	0	0	0	0	0
TC	META	19	30	353	5	1.69617486000061	0	0	0	0	0	0	0	0	0	0	0	0	0	0	0	0
TC	META	19	32	457	5	1.59605288505554	0	3	2	4	0	3	2	4	0	2	1	2	0	0	1	2
TC	META	19	33	180	5	1.41232204437256	0	2	1	2	0	2	1	2	0	0	0	0	0	0	1	2
TC	META	19	35	699	5	4.63597965240479	1	1	1	1	1	1	1	1	1	1	1	1	1	1	1	1
TC	META	19	36	145	5	1.12289643287659	0	1	0	0	0	1	0	0	0	0	0	0	0	0	0	0
TC	META	19	37	771	15	28.576425075531	7	13	14	25	7	13	14	25	6	10	9	14	6	7	7	9
TC	META	19	38	232	10	9.84630298614502	7	9	8	9	7	8	8	9	3	5	5	6	2	4	3	3
TC	META	19	39	1032	5	10.2190141677856	1	2	3	8	1	2	3	8	0	1	1	2	0	0	0	0
TC	META	19	42	205	5	0.983268737792969	0	1	0	0	0	1	0	0	0	1	0	0	0	0	0	0
TC	META	19	46	827	5	6.01616334915161	0	0	2	6	0	0	2	6	0	0	0	0	0	0	0	0
TC	META	19	49	685	5	5.65700721740723	1	1	4	32	1	1	4	32	0	0	0	0	1	1	2	12
TC	META	19	51	441	5	1.91613268852234	0	0	1	4	0	0	1	4	0	0	0	0	0	0	0	0
TC	META	19	52	445	5	10.4745719432831	0	1	4	36	0	1	4	36	0	0	0	0	0	0	2	21
TC	META	19	53	1064	5	17.7175261974335	2	3	3	4	2	3	3	4	0	0	0	0	1	1	1	1
TC	META	19	54	1901	5	33.4964649677277	0	0	1	4	0	0	1	4	0	0	1	4	0	0	0	0
TC	META	19	63	467	5	3.21718740463257	0	1	4	35	0	1	4	35	0	0	1	5	0	0	2	12
TC	META	19	64	1343	5	16.3151173591614	0	1	2	10	0	1	2	10	0	0	0	0	0	0	1	6
TC	META	19	65	554	5	3.65059185028076	0	1	3	12	0	1	3	12	0	0	1	2	0	1	2	7
TC	META	19	67	2253	5	78.6017055511475	0	0	2	78	0	0	2	78	0	0	0	0	0	0	1	32
TC	META	19	70	584	5	5.38542604446411	0	0	0	0	0	0	0	0	0	0	0	0	0	0	0	0
TC	META	19	71	90	5	0.49338960647583	0	0	0	0	0	0	0	0	0	0	0	0	0	0	0	0
TC	META	19	72	596	5	3.08987092971802	0	0	1	13	0	0	1	13	0	0	0	0	0	0	1	13
TC	META	19	73	174	5	1.05002903938293	0	0	0	0	0	0	0	0	0	0	0	0	0	0	0	0
TC	META	19	74	1084	10	38.2528624534607	5	9	7	9	5	9	6	8	1	6	4	6	1	1	1	1
TC	META	19	75	143	10	18.795156955719	7	7	7	7	6	7	7	7	5	5	5	5	6	6	6	6
TC	META	19	76	952	10	17.2908902168274	6	9	9	13	6	9	9	13	2	4	3	4	2	2	3	4
TC	META	19	77	1429	5	27.6259891986847	2	2	3	8	2	2	3	8	1	2	2	2	1	1	2	7
TC	META	19	79	573	5	5.92563962936401	0	0	0	0	0	0	0	0	0	0	0	0	0	0	0	0
TC	META	19	80	208	5	0.771209239959717	1	2	3	7	1	2	3	7	0	1	1	2	0	1	2	5
TC	META	19	81	530	5	2.27780938148499	1	4	3	12	1	4	3	12	0	1	0	0	1	3	2	3
TC	META	19	89	524	5	1.98770880699158	0	0	0	0	0	0	0	0	0	0	0	0	0	0	0	0
TC	META	19	90	982	5	8.86229252815247	0	0	0	0	0	0	0	0	0	0	0	0	0	0	0	0
TC	META	19	98	186	5	1.11263251304626	0	2	3	9	0	2	3	9	0	1	2	7	0	0	0	0
TC	META	19	103	884	5	2.78757095336914	0	1	1	17	0	1	1	17	0	0	0	0	0	0	0	0
TC	META	19	104	1068	5	4.23584365844727	0	0	1	8	0	0	1	8	0	0	0	0	0	0	0	0
TC	META	19	107	759	5	2.52916955947876	0	0	1	10	0	0	1	10	0	0	0	0	0	0	0	0
TC	META	19	110	2029	5	34.3502740859985	0	1	2	23	0	1	2	23	0	1	0	0	0	0	0	0
TC	META	19	111	909	5	4.18745875358582	0	2	3	26	0	2	3	26	0	0	0	0	0	0	0	0
TC	META	20	2	300	5	3.55830669403076	0	1	1	2	0	1	1	2	0	0	0	0	0	0	0	0
TC	META	20	10	531	5	4.1251118183136	0	1	1	3	0	1	1	3	0	0	0	0	0	1	1	3
TC	META	20	12	610	5	3.45926809310913	0	0	1	5	0	0	1	5	0	0	0	0	0	0	0	0
TC	META	20	18	555	5	3.47426223754883	0	1	2	6	0	1	2	6	0	0	1	4	0	0	1	4
TC	META	20	19	136	5	0.401567697525024	0	0	1	6	0	0	1	6	0	0	0	0	0	0	0	0
TC	META	20	40	596	5	2.75905728340149	0	1	1	3	0	1	1	3	0	1	1	3	0	1	1	3
TC	META	20	48	1446	5	21.1499557495117	2	4	4	14	2	4	4	14	0	1	1	1	0	1	2	9
TC	META	20	55	316	5	1.49126577377319	0	0	1	22	0	0	1	22	0	0	0	0	0	0	1	22
TC	META	20	59	994	5	6.99122762680054	0	0	1	48	0	0	1	48	0	0	0	0	0	0	0	0
TC	META	20	60	863	5	5.85498261451721	0	0	0	0	0	0	0	0	0	0	0	0	0	0	0	0
TC	META	20	63	1938	5	50.9349453449249	1	2	2	14	1	2	2	14	0	0	0	0	0	0	0	0
TC	META	20	64	510	5	4.21927928924561	3	3	4	7	3	3	4	7	1	2	2	2	1	2	2	2
TC	META	20	65	1127	5	12.1638550758362	0	1	3	30	0	1	3	30	0	1	1	4	0	1	1	4
TC	META	20	66	1195	5	16.5970315933228	0	0	0	0	0	0	0	0	0	0	0	0	0	0	0	0
TC	META	20	67	617	5	3.71495914459229	0	0	0	0	0	0	0	0	0	0	0	0	0	0	0	0
TC	META	20	68	282	5	1.33829236030579	0	1	1	4	0	1	1	4	0	0	0	0	0	0	0	0
TC	META	20	69	868	5	50.1634886264801	2	2	2	2	2	2	2	2	0	0	0	0	0	0	0	0
TC	META	20	70	510	5	1.94132781028748	0	1	1	2	0	1	1	2	0	0	0	0	0	0	0	0
TC	META	20	71	920	5	6.49316453933716	0	0	1	3	0	0	1	3	0	0	0	0	0	0	0	0
TC	META	20	77	889	5	5.90319442749023	0	0	1	10	0	0	1	10	0	0	1	10	0	0	1	10
TC	META	20	78	1130	5	12.7111263275146	0	0	0	0	0	0	0	0	0	0	0	0	0	0	0	0
TC	META	20	86	595	5	2.92709827423096	1	1	1	1	1	1	1	1	1	1	1	1	0	1	0	0
TC	META	20	87	503	5	2.48968553543091	0	2	2	9	0	2	2	9	0	0	0	0	0	2	1	2
TC	META	20	89	420	5	3.26202082633972	0	0	0	0	0	0	0	0	0	0	0	0	0	0	0	0
TC	META	20	112	403	5	0.463545560836792	0	1	0	0	0	1	0	0	0	0	0	0	0	0	0	0
TC	META	20	115	608	5	2.18825721740723	0	0	2	22	0	0	2	22	0	0	0	0	0	0	0	0
TC	META	21	3	335	5	1.51013469696045	0	0	0	0	0	0	0	0	0	0	0	0	0	0	0	0
TC	META	21	5	480	5	1.75470757484436	0	0	1	7	0	0	1	7	0	0	0	0	0	0	0	0
TC	META	21	30	1681	5	31.9383702278137	0	0	0	0	0	0	0	0	0	0	0	0	0	0	0	0
TC	META	21	33	951	5	14.5491080284119	0	0	2	9	0	0	2	9	0	0	1	3	0	0	0	0
TC	META	21	37	920	5	10.8577554225922	0	1	1	3	0	1	1	3	0	1	1	3	0	0	1	3
TC	META	21	41	1571	5	29.552351474762	0	0	1	3	0	0	1	3	0	0	1	3	0	0	1	3
TC	META	21	48	1508	5	32.7188284397125	0	1	2	12	0	1	2	12	0	0	1	10	0	0	1	10
TC	META	21	53	608	5	3.39917683601379	0	0	1	18	0	0	1	18	0	0	0	0	0	0	0	0
TC	META	21	64	1640	5	12.4062058925629	0	0	1	27	0	0	1	27	0	0	0	0	0	0	0	0
TC	META	22	1	518	5	2.60553812980652	0	0	1	8	0	0	1	8	0	0	0	0	0	0	0	0
TC	META	22	5	403	5	2.3467710018158	0	0	2	40	0	0	2	40	0	0	0	0	0	0	1	27
TC	META	22	9	580	5	2.40835046768188	0	1	0	0	0	1	0	0	0	0	0	0	0	0	0	0
TC	META	22	13	378	5	2.3855924606323198	0	0	1	18	0	0	1	18	0	0	0	0	0	0	1	18
TC	META	22	29	1025	5	10.0518593788147	0	0	1	43	0	0	1	43	0	0	0	0	0	0	0	0
TC	META	22	30	3113	5	208.817372560501	0	3	3	32	0	3	3	32	0	0	0	0	0	1	2	19
TC	META	22	36	492	5	2.91000056266785	0	0	1	14	0	0	1	14	0	0	1	14	0	0	1	14
TC	META	22	37	752	5	5.69141745567322	0	0	1	9	0	0	1	9	0	0	0	0	0	0	0	0
TC	META	22	40	341	5	1.6005961894989	0	0	1	8	0	0	1	8	0	0	0	0	0	0	0	0
TC	META	22	43	623	5	4.87063646316528	0	0	1	18	0	0	1	18	0	0	0	0	0	0	0	0
TC	META	22	45	590	5	2.4380509853363	0	0	0	0	0	0	0	0	0	0	0	0	0	0	0	0
TC	META	22	46	1602	5	29.0339872837067	1	2	2	20	1	1	1	1	0	0	0	0	0	2	2	20
TC	META	22	47	752	5	9.02694439888	0	0	0	0	0	0	0	0	0	0	0	0	0	0	0	0
TC	META	22	49	171	5	0.545750379562378	0	1	1	2	0	1	1	2	0	1	1	2	0	1	1	2
TC	META	22	54	1139	5	5.19048404693604	0	0	0	0	0	0	0	0	0	0	0	0	0	0	0	0
TC	META	22	55	863	5	2.51958823204041	1	1	1	1	1	1	1	1	0	0	0	0	0	0	0	0
TC	META	22	56	90	5	0.242889404296875	0	0	0	0	0	0	0	0	0	0	0	0	0	0	0	0
TC	META	22	57	723	5	1.99146461486816	0	0	2	17	0	0	2	17	0	0	0	0	0	0	0	0
TC	META	22	69	1204	5	5.27855491638184	0	0	0	0	0	0	0	0	0	0	0	0	0	0	0	0
TC	META	22	70	2012	5	47.7061450481415	0	0	1	13	0	0	1	13	0	0	0	0	0	0	0	0
