pid	chromosome	block	num_variants	time	num_variants_0.95	num_variants_0.5	num_CS95	num_variants_CS95
european	1	2	76	0.0627896785736084	0	0	0	0
european	1	5	1193	0.60863184928894	0	0	1	5
european	1	15	2079	1.49716377258301	0	0	1	54
european	1	17	2665	2.29314684867859	0	0	0	0
european	1	32	714	0.416944742202759	0	0	0	0
european	1	52	2831	5.92680788040161	0	0	0	0
european	1	53	2386	4.31618618965149	0	0	1	17
european	1	55	1712	1.15079164505005	0	0	1	7
european	1	63	1412	1.46107125282288	0	0	1	11
european	1	68	861	0.330226421356201	0	0	0	0
european	1	70	2325	4.5908682346344	0	0	0	0
european	1	72	1695	1.96917605400085	0	0	0	0
european	1	74	2465	4.79990577697754	0	0	1	9
european	1	92	2152	3.85758376121521	0	0	0	0
european	1	100	2341	1.6657600402832	0	0	1	19
european	1	105	5705	26.2472610473633	0	0	2	235
european	1	115	2409	3.48633337020874	0	0	0	0
european	1	117	1409	0.862470865249634	0	0	0	0
european	1	125	4192	4.67323851585388	0	0	1	61
european	1	127	2042	4.1843113899231	0	0	1	6
european	1	128	3723	7.5451602935791	0	0	2	138
european	1	129	1152	0.79063081741333	0	0	1	18
european	1	141	1474	1.18841004371643	0	0	0	0
european	1	147	2673	6.96453452110291	0	0	0	0
european	1	154	3942	4.96344614028931	0	0	1	136
european	1	156	2045	1.97543978691101	0	0	0	0
european	1	158	1720	2.00917172431946	0	1	0	0
european	1	166	671	0.274158000946045	0	0	0	0
european	1	170	2077	1.56219100952148	0	0	1	52
european	1	175	3433	6.16814303398132	0	0	0	0
european	1	183	4530	20.5007283687592	0	0	0	0
european	1	185	1185	0.688402414321899	0	0	0	0
european	1	186	2487	2.7757580280304	0	0	1	7
european	1	187	2314	4.43893456459045	0	1	1	2
european	1	188	3552	11.0881485939026	0	0	0	0
european	1	192	2649	4.31188058853149	0	1	0	0
european	1	198	6148	49.1490797996521	0	0	0	0
european	1	201	2828	6.50942540168762	0	0	0	0
european	1	204	2056	2.8157651424408	0	0	2	71
european	1	213	1342	1.53739762306213	0	0	0	0
european	1	216	2359	2.88662219047546	0	0	0	0
european	1	226	760	0.20728611946106	0	1	0	0
european	1	232	3636	3.94083905220032	0	0	0	0
european	1	239	1085	0.951382637023926	0	0	0	0
european	1	240	5277	16.5697555541992	0	0	0	0
european	1	243	1398	1.39128565788269	0	0	1	47
european	1	252	1169	0.378866195678711	0	0	0	0
european	1	262	2331	3.71603584289551	0	0	0	0
european	1	263	1909	2.30239176750183	0	2	1	2
european	1	274	2774	4.95163345336914	1	1	1	1
european	2	4	1232	0.77499794960022	0	0	1	19
european	2	33	2697	2.02428126335144	0	0	1	7
european	2	38	2655	4.22732520103455	0	0	0	0
european	2	45	2149	3.76324939727783	0	0	1	77
european	2	48	1728	1.08814835548401	1	1	1	1
european	2	49	2595	8.3463397026062	0	0	0	0
european	2	63	1902	1.33137226104736	0	0	1	22
european	2	66	3747	8.21107244491577	0	0	0	0
european	2	79	2926	6.98154926300049	0	0	0	0
european	2	81	4029	12.8067712783813	0	0	0	0
european	2	84	6510	31.2904903888702	0	0	0	0
european	2	85	6245	29.9463934898376	0	1	3	88
european	2	87	813	0.29683780670166	0	2	1	5
european	2	88	7090	37.9652950763702	0	0	1	6
european	2	100	1825	2.40907168388367	0	1	1	10
european	2	101	1640	1.42648935317993	0	0	1	151
european	2	105	3506	4.33811831474304	0	0	1	75
european	2	107	4123	4.04887437820435	0	0	1	18
european	2	108	2934	5.56438660621643	0	0	1	5
european	2	112	4446	8.40681576728821	0	0	0	0
european	2	116	2700	5.64822745323181	0	0	1	36
european	2	145	1438	2.47722959518433	0	0	0	0
european	2	146	2304	3.38688111305237	0	0	1	14
european	2	147	5700	16.3419644832611	0	0	0	0
european	2	152	1814	1.93358278274536	0	1	1	2
european	2	153	2965	6.06000375747681	0	0	1	18
european	2	154	1169	1.90819978713989	0	0	0	0
european	2	161	4164	6.16493916511536	0	0	2	129
european	2	166	5821	11.5080595016479	0	0	1	22
european	2	171	2951	7.75927066802979	0	0	1	23
european	2	176	3308	7.84628224372864	0	0	1	10
european	2	180	2125	5.76521229743958	0	0	0	0
european	2	186	3980	22.7630040645599	0	0	0	0
european	2	190	8365	84.0623087882996	0	0	1	6
european	2	195	5639	26.4298231601715	0	0	0	0
european	2	196	3818	9.05935454368591	0	0	1	57
european	2	197	2828	5.05482220649719	0	0	2	155
european	2	204	2169	3.23188161849976	0	0	0	0
european	2	205	1572	1.26768445968628	0	0	0	0
european	2	210	1527	0.547212600708008	0	0	0	0
european	2	211	3153	5.87843132019043	0	0	0	0
european	2	213	5271	14.2110123634338	0	0	1	44
european	2	228	1968	2.70672273635864	0	0	1	34
european	2	232	1857	0.749108552932739	0	0	0	0
european	2	234	2482	2.93876361846924	0	0	1	133
european	2	241	1434	1.85088109970093	0	0	1	47
european	2	247	735	0.136529922485352	0	0	1	40
european	3	1	8973	44.1024491786957	0	0	1	10
european	3	22	1099	0.531716108322144	0	0	0	0
european	3	32	3156	6.93974280357361	0	0	1	9
european	3	35	3484	9.03865242004395	0	0	0	0
european	3	37	826	0.194758176803589	0	0	0	0
european	3	38	2110	1.01180338859558	0	0	0	0
european	3	39	3995	12.6852915287018	0	0	0	0
european	3	40	1519	1.32995510101318	0	0	0	0
european	3	41	3447	9.71846485137939	0	1	0	0
european	3	42	2699	2.02580451965332	0	0	0	0
european	3	45	1412	1.10653901100159	0	0	0	0
european	3	48	2590	3.64203977584839	0	0	1	47
european	3	49	3631	5.74469923973083	0	0	0	0
european	3	53	4415	15.0645117759705	0	0	0	0
european	3	55	1472	0.609000682830811	0	0	1	17
european	3	56	1831	2.31360054016113	0	0	1	29
european	3	60	4215	10.8566880226135	0	0	0	0
european	3	61	1828	0.824637889862061	0	0	1	16
european	3	63	7300	81.4683327674866	0	2	3	74
european	3	74	2248	4.50954818725586	0	0	1	7
european	3	81	1583	1.00468277931213	0	0	1	18
european	3	88	2594	4.40648412704468	0	0	0	0
european	3	89	1988	2.43664646148682	0	0	1	37
european	3	96	2100	1.18037939071655	0	0	0	0
european	3	99	6234	18.1807081699371	0	0	1	332
european	3	101	10719	83.4995715618134	0	0	0	0
european	3	108	2438	3.04535460472107	0	0	0	0
european	3	109	6041	21.1619019508362	0	0	0	0
european	3	119	4445	11.5092055797577	0	0	1	100
european	3	120	2837	4.80279088020325	0	0	1	59
european	3	131	1103	0.336548566818237	0	0	1	171
european	3	140	3450	9.76795506477356	0	0	0	0
european	3	165	3137	4.83024764060974	0	0	1	64
european	3	166	9826	42.1732437610626	0	0	0	0
european	3	182	1072	0.301351070404053	0	0	0	0
european	3	185	1393	0.446086883544922	0	0	1	26
european	3	187	2998	4.43100237846375	0	0	1	149
european	3	193	2899	7.9470009803772	0	0	0	0
european	3	195	5531	19.1742930412292	0	1	1	2
european	3	204	3241	7.19831585884094	0	0	0	0
european	3	216	1607	1.67148375511169	0	0	0	0
european	4	1	7624	32.9204657077789	0	1	0	0
european	4	4	2079	1.06475830078125	0	0	1	34
european	4	33	4254	27.3109216690063	0	0	1	138
european	4	36	1985	1.02547788619995	0	0	1	20
european	4	37	1364	1.3622715473175	0	0	0	0
european	4	43	1100	0.621926784515381	0	1	1	9
european	4	46	2988	2.21253275871277	0	0	0	0
european	4	48	2908	3.44954228401184	0	0	0	0
european	4	52	3629	4.4097204208374	0	0	1	330
european	4	54	6810	19.280642747879	0	0	1	6
european	4	63	6716	24.923052072525	0	0	2	162
european	4	64	4817	13.1939759254456	0	0	1	32
european	4	66	2056	2.38202476501465	0	0	1	40
european	4	76	4281	14.1269643306732	0	0	0	0
european	4	77	6720	28.9420518875122	0	0	0	0
european	4	91	1924	1.47020530700684	0	0	1	16
european	4	94	1877	0.906842947006226	0	0	0	0
european	4	97	1805	1.55886840820312	0	1	0	0
european	4	101	4123	14.4043052196503	0	0	0	0
european	4	105	2592	12.2912747859955	0	0	0	0
european	4	114	3499	9.2610125541687	0	0	0	0
european	4	115	1506	1.01903700828552	0	1	1	2
european	4	116	2575	4.25826621055603	0	0	0	0
european	4	117	2957	9.60247683525085	0	1	0	0
european	4	125	914	0.187927961349487	0	0	0	0
european	4	129	3886	11.3163352012634	0	0	1	90
european	4	146	1762	2.76148533821106	0	0	0	0
european	4	150	3369	3.78773021697998	0	0	1	233
european	4	155	2799	3.12651753425598	0	0	0	0
european	4	160	1443	0.568960905075073	0	0	1	70
european	4	162	2305	1.64211440086365	0	0	0	0
european	4	173	2762	6.02311086654663	0	0	1	37
european	4	175	2310	1.73070096969604	0	0	0	0
european	4	178	1268	0.771482229232788	0	0	0	0
european	4	183	5168	16.8291573524475	0	0	1	10
european	4	187	2736	4.60013055801392	0	1	0	0
european	4	199	557	0.118100881576538	0	0	1	15
european	5	17	1747	1.63220238685608	0	0	1	7
european	5	39	2032	1.82421970367432	0	0	1	78
european	5	57	2743	2.04248452186584	0	0	0	0
european	5	61	5309	6.87124252319336	0	0	0	0
european	5	63	7701	37.990748167038	0	0	0	0
european	5	71	4496	14.9702863693237	0	0	0	0
european	5	72	4275	13.9772562980652	0	0	1	16
european	5	74	5535	17.3016929626465	0	0	0	0
european	5	82	1536	1.2551429271698	0	1	0	0
european	5	85	3156	2.1958954334259	0	0	0	0
european	5	102	3291	11.848733663559	0	0	0	0
european	5	103	2202	2.38760495185852	0	0	1	17
european	5	104	2354	2.87136244773865	0	0	1	26
european	5	105	996	0.369442701339722	0	0	1	60
european	5	112	7038	12.5233433246613	0	0	1	205
european	5	114	8435	39.0138394832611	0	0	1	37
european	5	115	755	0.30839991569519	0	0	0	0
european	5	117	2610	2.31372046470642	0	0	1	87
european	5	119	2910	2.1293158531189	0	0	0	0
european	5	127	4425	14.3169467449188	0	0	0	0
european	5	133	1803	3.4117431640625	0	0	0	0
european	5	135	1964	2.48377060890198	0	0	0	0
european	5	144	2972	1.98307371139526	0	0	0	0
european	5	145	3716	8.76533436775208	0	0	2	47
european	5	146	3469	6.84888505935669	0	0	1	218
european	5	152	4439	11.3078079223633	0	0	0	0
european	5	162	4424	29.3271236419678	0	0	2	261
european	5	163	2417	2.92434096336365	0	0	2	196
european	5	166	2413	3.27017140388489	0	0	0	0
european	5	168	2613	1.62246131896973	0	0	1	30
european	5	171	4563	7.13577103614807	0	0	0	0
european	5	177	1510	1.57261610031128	0	0	1	5
european	5	191	3566	5.35279369354248	0	0	0	0
european	5	198	1093	0.639187812805176	0	0	1	9
european	6	28	1166	0.307328939437866	0	0	0	0
european	6	35	821	0.308640003204346	0	0	0	0
european	6	54	2447	11.0030527114868	0	0	0	0
european	6	57	1460	1.36150360107422	0	1	0	0
european	6	58	2580	3.2855908870697	0	0	0	0
european	6	63	1994	2.5836515426635698	0	0	0	0
european	6	71	11188	59.9697177410126	0	0	1	66
european	6	78	13030	87.3720126152039	0	0	1	556
european	6	80	10354	65.5507242679596	0	1	0	0
european	6	81	6155	16.1984615325928	0	0	1	7
european	6	87	3762	14.5112822055817	0	0	2	110
european	6	88	9099	53.4614870548248	0	0	0	0
european	6	90	514	0.0864472389221191	0	0	1	68
european	6	94	4013	6.05390596389771	0	1	1	10
european	6	97	3167	6.08135342597961	0	0	1	41
european	6	104	3639	6.9990816116333	0	0	0	0
european	6	106	1792	1.15272235870361	0	0	1	26
european	6	108	703	0.329847812652588	0	0	1	18
european	6	112	2338	4.24860048294067	0	0	0	0
european	6	113	2934	4.64633893966675	0	0	0	0
european	6	115	6679	22.3956296443939	0	0	0	0
european	6	116	3747	23.5363068580627	0	0	0	0
european	6	122	2068	1.52753186225891	0	0	1	24
european	6	124	3765	4.69771242141724	0	0	0	0
european	6	144	4992	14.92737865448	0	0	1	10
european	6	146	1074	0.407795190811157	0	0	1	12
european	6	149	3714	15.9624712467194	0	0	1	23
european	6	167	2009	3.57397413253784	0	0	1	16
european	6	169	5812	19.9301064014435	0	0	0	0
european	6	173	3087	4.58519220352173	0	0	0	0
european	6	175	1645	1.70715928077698	0	0	0	0
european	6	177	3771	11.5171821117401	0	0	0	0
european	7	5	2747	2.51627063751221	0	0	1	4
european	7	6	1504	1.32177376747131	0	0	2	36
european	7	8	4350	12.303439617157	0	0	0	0
european	7	17	1214	0.928979158401489	0	0	1	21
european	7	19	848	0.157417774200439	0	0	0	0
european	7	37	2671	5.49077486991882	0	1	1	16
european	7	40	4095	9.50018167495728	0	0	1	41
european	7	41	2726	3.82464790344238	0	0	1	31
european	7	66	821	0.165095090866089	0	0	0	0
european	7	67	7239	29.9958391189575	0	0	0	0
european	7	68	2321	1.30288910865784	0	0	0	0
european	7	81	3223	5.46212673187256	0	0	0	0
european	7	83	2428	2.86125922203064	0	0	1	26
european	7	85	3205	9.18100762367249	0	0	1	87
european	7	92	2762	3.46664071083069	0	0	0	0
european	7	97	2568	2.79061889648438	0	0	1	38
european	7	98	3790	10.5208368301392	0	0	1	100
european	7	99	4852	11.5378067493439	0	1	1	3
european	7	111	3384	3.39901781082153	0	0	0	0
european	7	114	4397	15.3302791118622	0	0	1	50
european	7	119	1694	0.65580153465271	0	0	0	0
european	7	122	3061	4.43480062484741	0	0	2	43
european	7	124	3316	7.92611861228943	0	0	0	0
european	7	131	6369	35.2214438915253	0	0	0	0
european	7	132	6591	36.1415491104126	0	0	0	0
european	7	135	839	0.336941957473755	0	1	0	0
european	7	138	3768	13.8359308242798	0	0	0	0
european	7	141	3614	6.00642800331116	0	0	1	31
european	7	145	1772	2.08531999588013	0	0	1	5
european	7	148	1475	5.13183403015137	0	0	0	0
european	7	170	685	0.159201622009277	0	1	1	2
european	7	185	1349	0.451502561569214	0	0	1	32
european	8	2	3101	4.52992987632751	0	0	1	52
european	8	4	872	0.169222116470337	0	0	1	16
european	8	7	2222	1.12410187721252	0	0	0	0
european	8	11	3457	6.43812108039856	0	0	1	16
european	8	19	1104	0.503941059112549	0	0	0	0
european	8	24	3595	9.52788329124451	0	0	0	0
european	8	27	1601	0.948931217193604	0	0	1	19
european	8	29	3877	10.1454765796661	0	0	1	13
european	8	40	2223	1.63455128669739	0	0	0	0
european	8	42	3559	6.78274488449097	0	0	1	14
european	8	43	3436	5.37482953071594	0	0	1	8
european	8	49	2295	3.32393741607666	0	0	1	43
european	8	51	4655	24.063631772995	0	0	0	0
european	8	55	1576	0.711190700531006	0	0	1	109
european	8	57	2177	4.94444966316223	0	0	0	0
european	8	65	1601	2.03601360321045	0	0	0	0
european	8	67	3343	7.53475618362427	0	0	1	86
european	8	69	4214	13.4211122989655	0	0	1	67
european	8	71	2810	7.49217414855957	0	0	2	114
european	8	74	2008	2.17149448394775	0	0	1	35
european	8	92	3392	3.16555023193359	0	0	0	0
european	8	106	2645	6.89964485168457	0	0	1	13
european	8	107	975	0.517256259918213	0	0	0	0
european	8	108	5698	23.1728324890137	0	0	0	0
european	8	110	4772	19.3293187618256	0	0	0	0
european	8	111	6787	12.5435268878937	0	0	1	29
european	8	113	1575	1.05275774002075	0	0	0	0
european	8	135	2288	2.72450399398804	0	0	1	33
european	8	158	2794	3.71723937988281	0	1	1	2
european	8	159	1661	0.821535587310791	0	0	2	31
european	9	14	1323	1.45147037506104	0	0	0	0
european	9	27	5296	22.5127217769623	0	0	0	0
european	9	28	1669	1.71620512008667	0	1	1	2
european	9	38	2742	6.56441378593445	0	0	0	0
european	9	39	942	0.685640096664429	0	0	0	0
european	9	40	3284	2.71452641487122	1	1	1	1
european	9	41	232	0.103152990341187	0	1	0	0
european	9	42	2133	3.72642755508423	0	0	0	0
european	9	44	387	0.0576395988464355	0	0	0	0
european	9	45	3561	18.9561035633087	0	0	0	0
european	9	50	4403	17.7421886920929	0	0	0	0
european	9	53	4359	9.94507527351379	0	0	0	0
european	9	54	1531	1.63399982452393	0	1	0	0
european	9	56	2875	4.19809079170227	0	0	1	127
european	9	68	360	0.0698654651641846	0	0	1	5
european	9	78	960	0.491382837295532	0	0	0	0
european	9	80	5041	10.3895568847656	0	0	0	0
european	9	81	381	0.0590031147003174	0	0	0	0
european	9	83	1798	0.85114574432373	0	0	1	161
european	9	99	2260	1.9125838279724099	0	0	1	32
european	9	103	863	0.164258480072021	0	0	1	19
european	9	115	3937	3.46068978309631	0	0	0	0
european	9	119	1913	1.07444930076599	0	0	1	155
european	9	140	3682	8.64650416374207	0	0	0	0
european	9	146	666	0.137140989303589	0	0	0	0
european	9	158	177	0.0300133228302002	1	1	1	1
european	10	1	2446	1.28491759300232	0	0	0	0
european	10	4	3502	10.8789019584656	0	0	0	0
european	10	8	1232	0.656127452850342	0	0	1	38
european	10	9	286	0.0873019695281982	0	0	1	3
european	10	24	847	0.22854208946228	0	0	1	43
european	10	28	1338	0.436895370483398	0	0	0	0
european	10	45	3459	5.50617551803589	0	1	2	106
european	10	48	2584	1.91199493408203	0	0	0	0
european	10	49	1923	2.23430848121643	0	0	0	0
european	10	60	4667	19.4219124317169	0	0	1	16
european	10	61	1480	1.21993446350098	0	0	0	0
european	10	73	1754	1.14270305633545	0	0	1	8
european	10	80	2934	4.11161661148071	0	0	0	0
european	10	81	3645	6.89646077156067	0	0	1	24
european	10	82	4067	4.48004341125488	0	0	0	0
european	10	90	149	0.030958890914917	0	0	1	6
european	10	96	1696	1.13178491592407	0	0	0	0
european	10	109	2805	2.42519927024841	0	0	0	0
european	10	113	2380	4.0510618686676	0	0	1	221
european	10	114	2209	5.45961546897888	0	1	1	4
european	10	129	4218	18.2009422779083	0	0	1	74
european	10	131	3508	13.6122677326202	0	0	1	50
european	10	153	2034	1.3511061668396	0	0	0	0
european	10	154	4126	6.06532835960388	0	0	0	0
european	10	162	1630	1.40849542617798	0	0	1	42
european	11	3	2406	2.82277464866638	0	0	1	37
european	11	31	1655	1.05504298210144	0	0	0	0
european	11	35	1142	0.324203014373779	0	0	0	0
european	11	48	2293	3.13382005691528	0	0	1	57
european	11	52	1476	0.498133659362793	0	0	1	53
european	11	53	2787	6.81225967407227	0	0	0	0
european	11	54	2220	2.52912020683289	0	0	0	0
european	11	78	1513	1.8813738822937	0	0	3	233
european	11	79	3271	6.3310375213623	0	0	1	25
european	11	96	6093	14.9617822170258	0	0	0	0
european	11	97	1348	0.420039415359497	0	0	0	0
european	11	117	5381	41.030168056488	0	0	0	0
european	11	120	857	0.506958723068237	0	0	0	0
european	11	124	2203	1.97374129295349	0	0	1	57
european	11	125	1987	2.47415566444397	0	0	2	30
european	11	130	847	0.156460046768188	0	0	0	0
european	11	144	404	0.172411918640137	0	1	1	3
european	11	145	2904	8.19569945335388	0	0	0	0
european	11	146	249	0.0996873378753662	0	2	1	2
european	11	148	1577	2.24224591255188	0	0	0	0
european	11	151	1439	0.770034790039062	0	0	0	0
european	11	155	1144	1.3425509929657	0	0	0	0
european	11	159	3008	8.84997773170471	0	0	1	32
european	11	162	1416	0.905507326126099	0	1	2	54
european	11	163	360	0.0837175846099854	0	1	1	4
european	11	164	1340	0.559966087341309	0	1	0	0
european	12	6	399	0.0667538642883301	0	0	0	0
european	12	7	1273	1.67594838142395	0	0	1	35
european	12	13	1384	0.428746223449707	0	1	0	0
european	12	32	2500	6.64790797233582	0	0	0	0
european	12	33	2001	1.2504134178161599	0	1	1	11
european	12	44	1137	1.14589023590088	0	0	0	0
european	12	52	4410	13.7206704616547	0	0	1	12
european	12	55	11167	30.7780070304871	0	0	0	0
european	12	63	2204	1.22816777229309	0	0	0	0
european	12	67	1278	0.539816856384277	0	0	1	11
european	12	71	2874	3.46985983848572	1	2	2	4
european	12	75	343	0.0875809192657471	0	1	0	0
european	12	77	1738	0.773987054824829	0	0	0	0
european	12	82	2866	6.7271294593811	0	0	1	56
european	12	83	6343	19.3847091197968	0	0	0	0
european	12	87	1614	1.38533902168274	0	0	1	3
european	12	88	3358	5.46632075309753	0	0	0	0
european	12	95	5900	22.881484746933	0	0	0	0
european	12	97	4283	7.72808170318604	0	0	0	0
european	12	98	1511	1.73688125610352	0	0	1	11
european	12	104	3084	1.99449992179871	0	0	1	16
european	12	109	883	0.133986711502075	0	0	1	98
european	12	114	2034	2.62050151824951	0	0	1	14
european	12	115	2143	3.51210236549377	0	0	1	9
european	12	119	4643	14.8841919898987	0	0	1	44
european	12	122	3146	5.72741556167603	1	1	1	1
european	12	132	1811	1.80343413352966	0	0	0	0
european	12	136	2436	2.4439537525177	0	0	0	0
european	12	138	4006	12.8050751686096	0	0	0	0
european	12	139	4936	29.5394356250763	0	0	2	102
european	12	144	1229	0.332476854324341	0	0	1	70
european	13	21	3128	9.61510038375854	0	0	0	0
european	13	24	2118	1.44990825653076	0	0	0	0
european	13	28	1003	0.256651878356934	0	0	0	0
european	13	35	1977	2.60025000572205	0	0	1	36
european	13	37	1391	2.2484438419342	0	0	0	0
european	13	40	1610	0.646695613861084	0	0	1	114
european	13	43	1812	2.83262157440186	0	0	0	0
european	13	50	4378	8.55153918266296	0	0	1	35
european	13	53	2589	4.06037211418152	0	0	0	0
european	13	54	10001	57.8954677581787	0	0	0	0
european	13	59	9233	22.4519858360291	0	0	0	0
european	13	64	1147	0.377004146575928	0	1	1	3
european	13	72	1888	0.787539720535278	0	0	1	64
european	13	82	2329	3.60309481620789	0	0	1	20
european	13	87	4852	14.9983186721802	0	0	0	0
european	13	93	1497	0.528017520904541	0	0	1	37
european	13	113	2037	1.54416108131409	0	0	0	0
european	13	119	2435	2.80464649200439	0	0	0	0
european	13	125	2322	1.68198800086975	0	0	0	0
european	14	2	743	0.141492605209351	0	0	1	6
european	14	19	2688	7.46793484687805	0	0	0	0
european	14	20	1524	1.28108882904053	0	0	1	11
european	14	24	1095	0.904819250106812	0	1	1	9
european	14	26	894	0.30198073387146	0	0	0	0
european	14	29	867	0.20479941368103	0	1	0	0
european	14	31	3541	4.6256697177887	0	0	0	0
european	14	40	5351	18.1863582134247	0	0	0	0
european	14	44	1891	2.36280679702759	0	0	0	0
european	14	51	2701	6.63186383247375	0	0	0	0
european	14	57	5097	18.7066161632538	0	0	1	73
european	14	65	3181	11.6330845355988	0	0	0	0
european	14	68	2239	1.63548016548157	0	1	0	0
european	14	70	3091	6.15123534202576	0	0	1	18
european	14	73	1452	1.37910079956055	0	0	0	0
european	14	76	1791	1.92694544792175	0	0	0	0
european	14	90	3309	8.03184795379639	0	0	1	65
european	14	94	1467	1.33688473701477	0	0	0	0
european	14	120	864	0.455609560012817	0	1	0	0
european	14	127	2211	2.40871930122375	0	0	1	129
european	15	13	726	0.142690420150757	0	0	1	45
european	15	27	1319	0.568877935409546	1	1	2	30
european	15	31	4222	10.2439384460449	0	0	0	0
european	15	36	67	0.0217339992523193	0	1	0	0
european	15	37	2826	6.34304857254028	0	0	1	4
european	15	38	3094	6.00802755355835	0	0	1	97
european	15	44	1567	1.72357606887817	0	1	0	0
european	15	45	5767	32.1235659122467	0	0	0	0
european	15	47	1841	0.791133880615234	0	1	0	0
european	15	54	1542	0.857133150100708	0	0	0	0
european	15	59	3433	9.43953204154968	0	0	1	26
european	15	66	2550	1.60175108909607	0	0	0	0
european	15	72	1005	0.327589273452759	0	0	1	8
european	15	75	12043	93.2734048366547	0	0	1	23
european	15	76	4647	10.9188187122345	0	0	1	27
european	15	78	12318	44.1144044399261	0	0	2	187
european	15	79	2259	3.21634817123413	0	1	0	0
european	15	82	1443	0.859499931335449	0	0	0	0
european	15	86	1563	3.26983880996704	1	1	1	1
european	15	90	1789	1.48699188232422	0	1	0	0
european	15	102	1725	1.82025766372681	0	1	0	0
european	15	107	966	0.292888879776001	0	0	0	0
european	16	9	1875	1.96775531768799	0	0	1	110
european	16	17	778	0.132521629333496	0	0	1	38
european	16	18	2380	1.28416633605957	0	1	1	15
european	16	19	2389	2.95476770401001	0	0	0	0
european	16	21	1796	2.05605626106262	0	0	1	8
european	16	26	2380	1.951411485672	0	0	1	95
european	16	36	2634	5.93804478645325	0	0	1	9
european	16	41	2075	3.18618893623352	0	0	1	56
european	16	47	1483	1.29363799095154	0	0	0	0
european	16	59	1218	0.309036731719971	0	0	1	38
european	16	63	1997	0.825832843780518	0	0	1	21
european	16	79	1547	2.11786937713623	0	0	1	57
european	16	84	799	0.133072376251221	0	0	1	24
european	16	85	4643	12.4940514564514	0	0	0	0
european	16	88	4110	10.8577654361725	0	0	0	0
european	16	89	4990	16.3039600849152	0	0	0	0
european	16	106	2149	3.04977941513062	0	1	0	0
european	16	128	3168	3.47788906097412	0	1	0	0
european	17	7	952	0.300184726715088	0	0	0	0
european	17	9	2551	3.69719195365906	0	0	1	87
european	17	17	2870	4.23424911499023	0	0	0	0
european	17	40	1669	1.91674900054932	0	1	1	6
european	17	51	3738	6.81006455421448	0	0	1	234
european	17	53	2482	2.79785180091858	0	0	1	17
european	17	55	4197	8.92120242118835	0	0	0	0
european	17	56	1803	3.30955672264099	0	0	0	0
european	17	66	351	0.0532748699188232	0	0	0	0
european	17	71	1816	0.718346834182739	0	0	0	0
european	17	74	5768	28.6499416828156	0	0	1	1883
european	17	75	3788	11.551824092865	0	0	0	0
european	17	88	877	0.260180950164795	0	0	1	14
european	17	90	3355	4.33581185340881	0	0	1	40
european	17	94	1877	1.47085976600647	0	0	1	29
european	17	99	303	0.0398139953613281	0	0	1	22
european	17	100	1624	1.23199892044067	0	0	0	0
european	17	118	1546	1.0626904964447	0	0	0	0
european	17	130	1775	3.40432620048523	0	0	0	0
european	17	132	898	0.165467262268066	0	0	0	0
european	18	16	1010	1.45051622390747	0	0	0	0
european	18	23	636	0.121784210205078	0	0	1	13
european	18	46	2153	1.51336407661438	0	0	0	0
european	18	49	3888	5.85435962677002	0	0	0	0
european	18	50	3199	4.49020409584045	0	0	1	28
european	18	73	3875	3.24919891357422	0	0	0	0
european	18	74	5397	37.5652596950531	1	1	3	37
european	18	75	817	0.270884275436401	0	0	1	6
european	18	88	2125	1.14287829399109	0	0	0	0
european	18	98	1562	1.34435105323792	0	0	0	0
european	18	102	767	0.205693244934082	0	0	0	0
european	18	120	1760	0.940129280090332	0	0	2	35
european	19	22	1843	2.54750871658325	0	0	1	8
european	19	25	1139	0.333157062530518	0	0	0	0
european	19	32	1643	0.917172431945801	0	0	0	0
european	19	38	505	0.0765981674194336	0	0	1	6
european	19	39	2733	5.75541090965271	1	1	1	1
european	19	52	1219	0.549576997756958	0	1	0	0
european	19	53	2713	3.79020643234253	0	0	1	62
european	19	57	2015	0.977299213409424	0	0	0	0
european	19	59	227	0.0358421802520752	0	0	0	0
european	19	62	2790	2.83104419708252	0	0	1	30
european	19	63	1354	1.23678469657898	0	0	0	0
european	19	67	5583	27.8740870952606	0	0	0	0
european	19	80	775	0.14319896697998	0	0	1	58
european	19	81	1562	0.797040700912476	0	0	1	12
european	19	83	783	0.220876455307007	0	0	0	0
european	19	103	921	0.404588937759399	0	0	0	0
european	19	108	672	0.154955387115479	0	0	1	11
european	19	111	1149	0.501039266586304	0	0	0	0
european	20	7	1737	1.26254940032959	0	0	0	0
european	20	9	1053	0.616714000701904	0	1	0	0
european	20	47	2155	3.10464429855347	0	0	0	0
european	20	53	530	0.0856337547302246	0	0	0	0
european	20	61	5202	4.74402666091919	0	0	0	0
european	20	63	3648	8.56351852416992	0	0	1	18
european	20	66	2313	2.69721007347107	0	0	0	0
european	20	67	1434	1.36095809936523	0	0	2	36
european	20	70	1254	0.940603017807007	0	0	0	0
european	20	71	1937	4.75223708152771	0	0	1	18
european	20	77	2169	8.31223392486572	0	0	1	27
european	20	80	102	0.0403227806091309	0	0	1	15
european	20	96	1426	0.603986263275146	0	1	0	0
european	20	114	1969	2.12769722938538	0	0	1	42
european	21	2	352	0.35371470451355	0	0	0	0
european	21	16	1555	1.13193655014038	0	0	0	0
european	21	21	488	0.0911514759063721	0	0	0	0
european	21	37	1885	2.13710451126099	0	0	0	0
european	21	64	1939	0.933817148208618	0	0	0	0
european	22	9	1353	1.30110597610474	0	1	0	0
european	22	13	934	0.39695405960083	0	0	0	0
european	22	24	2378	1.95084857940674	0	0	0	0
european	22	29	2082	1.80224394798279	0	0	1	69
european	22	32	1375	1.56254434585571	0	0	0	0
european	22	44	944	0.510065317153931	0	1	1	2
european	22	45	1553	2.01022720336914	0	0	0	0
european	22	46	3912	15.8596725463867	0	0	2	41
european	22	54	1267	0.389086008071899	0	0	1	53
european	22	57	770	0.135387897491455	0	0	0	0
european	22	61	887	0.461774110794067	0	0	0	0
european	22	69	1375	0.448716402053833	0	0	1	99
