pheno	db	chromosome	block	num_variants	L	time	num_variants_0.95	num_variants_0.5	num_CS95	num_variants_CS95	num_variants_0.95.EUR	num_variants_0.5.EUR	num_CS95.EUR	num_variants_CS95.EUR	num_variants_0.95.AFR	num_variants_0.5.AFR	num_CS95.AFR	num_variants_CS95.AFR	num_variants_0.95.EAS	num_variants_0.5.EAS	num_CS95.EAS	num_variants_CS95.EAS
HDL	META	1	1	45	5	0.180411577224731	0	0	0	0	0	0	0	0	0	0	0	0	0	0	0	0
HDL	META	1	2	82	5	0.400750398635864	0	0	0	0	0	0	0	0	0	0	0	0	0	0	0	0
HDL	META	1	3	85	5	0.631620168685913	0	0	1	32	0	0	1	32	0	0	0	0	0	0	0	0
HDL	META	1	5	494	5	2.15738081932068	0	0	1	28	0	0	1	28	0	0	0	0	0	0	0	0
HDL	META	1	15	1057	5	12.2707688808441	0	1	0	0	0	1	0	0	0	1	0	0	0	0	0	0
HDL	META	1	17	1322	5	27.7441556453705	0	0	0	0	0	0	0	0	0	0	0	0	0	0	0	0
HDL	META	1	18	566	5	5.8123083114624	0	0	0	0	0	0	0	0	0	0	0	0	0	0	0	0
HDL	META	1	19	896	5	6.54960989952087	0	0	0	0	0	0	0	0	0	0	0	0	0	0	0	0
HDL	META	1	21	722	5	3.5603232383728	0	0	1	29	0	0	1	29	0	0	0	0	0	0	0	0
HDL	META	1	23	455	5	3.49648952484131	0	0	0	0	0	0	0	0	0	0	0	0	0	0	0	0
HDL	META	1	24	303	5	1.60248851776123	0	0	0	0	0	0	0	0	0	0	0	0	0	0	0	0
HDL	META	1	35	959	5	9.1689600944519	0	0	0	0	0	0	0	0	0	0	0	0	0	0	0	0
HDL	META	1	40	563	5	6.0615713596344	0	0	0	0	0	0	0	0	0	0	0	0	0	0	0	0
HDL	META	1	43	352	5	3.06390905380249	0	0	0	0	0	0	0	0	0	0	0	0	0	0	0	0
HDL	META	1	44	307	5	1.8740770816803	0	0	1	6	0	0	1	6	0	0	1	6	0	0	1	6
HDL	META	1	46	873	5	10.0182394981384	0	1	1	13	0	1	1	13	0	0	0	0	0	0	0	0
HDL	META	1	48	465	5	2.07023358345032	1	1	1	1	1	1	1	1	0	0	0	0	0	0	0	0
HDL	META	1	49	327	5	1.98681926727295	0	0	1	6	0	0	1	6	0	0	0	0	0	0	1	6
HDL	META	1	50	672	5	4.81149196624756	0	0	1	16	0	0	1	16	0	0	0	0	0	0	1	16
HDL	META	1	51	434	5	3.25796341896057	0	0	1	50	0	0	1	50	0	0	0	0	0	0	0	0
HDL	META	1	52	996	5	12.5943372249603	0	1	3	20	0	1	3	20	0	0	0	0	0	0	1	7
HDL	META	1	53	780	5	8.51006841659546	0	0	1	5	0	0	1	5	0	0	1	5	0	0	1	5
HDL	META	1	57	906	5	9.19233465194702	0	0	1	22	0	0	1	22	0	0	0	0	0	0	0	0
HDL	META	1	63	818	5	10.5623028278351	0	1	0	0	0	1	0	0	0	0	0	0	0	0	0	0
HDL	META	1	70	984	5	11.5224061012268	2	4	4	15	2	4	4	15	1	3	1	1	1	3	2	8
HDL	META	1	71	964	5	11.9121630191803	0	0	1	4	0	0	1	4	0	0	0	0	0	0	0	0
HDL	META	1	73	1211	5	18.7008652687073	0	0	0	0	0	0	0	0	0	0	0	0	0	0	0	0
HDL	META	1	74	1039	5	10.3121891021729	0	0	1	32	0	0	1	32	0	0	0	0	0	0	0	0
HDL	META	1	75	1393	5	22.6072471141815	0	0	0	0	0	0	0	0	0	0	0	0	0	0	0	0
HDL	META	1	76	837	5	9.3673632144928	0	0	0	0	0	0	0	0	0	0	0	0	0	0	0	0
HDL	META	1	80	589	5	2.44684457778931	0	0	0	0	0	0	0	0	0	0	0	0	0	0	0	0
HDL	META	1	85	604	5	3.56525373458862	1	1	1	1	1	1	1	1	0	0	0	0	0	0	0	0
HDL	META	1	87	563	5	2.52602648735046	0	0	0	0	0	0	0	0	0	0	0	0	0	0	0	0
HDL	META	1	90	130	5	0.970304727554321	0	0	1	23	0	0	1	23	0	0	0	0	0	0	0	0
HDL	META	1	92	1014	5	13.5385332107544	0	0	0	0	0	0	0	0	0	0	0	0	0	0	0	0
HDL	META	1	94	221	5	0.963531255722046	0	0	2	13	0	0	2	13	0	0	0	0	0	0	1	10
HDL	META	1	96	916	5	16.738322019577	0	0	0	0	0	0	0	0	0	0	0	0	0	0	0	0
HDL	META	1	97	1084	5	8.30824112892151	0	0	1	9	0	0	1	9	0	0	1	9	0	0	0	0
HDL	META	1	98	970	5	5.85427188873291	0	0	0	0	0	0	0	0	0	0	0	0	0	0	0	0
HDL	META	1	100	1099	5	12.0559949874878	0	0	2	20	0	0	2	20	0	0	0	0	0	0	1	10
HDL	META	1	102	778	5	5.42624139785767	0	0	0	0	0	0	0	0	0	0	0	0	0	0	0	0
HDL	META	1	105	2097	5	70.5523991584778	0	0	2	14	0	0	2	14	0	0	1	7	0	0	1	7
HDL	META	1	110	428	5	1.73607611656189	0	0	1	22	0	0	1	22	0	0	0	0	0	0	0	0
HDL	META	1	113	772	5	6.83119988441467	0	0	0	0	0	0	0	0	0	0	0	0	0	0	0	0
HDL	META	1	117	673	5	6.47072744369507	0	1	1	29	0	1	1	29	0	0	0	0	0	0	1	29
HDL	META	1	122	1583	5	31.8618433475494	0	0	0	0	0	0	0	0	0	0	0	0	0	0	0	0
HDL	META	1	124	1506	5	29.2861621379852	0	0	1	12	0	0	1	12	0	0	0	0	0	0	0	0
HDL	META	1	125	1440	5	33.232430934906	1	2	2	11	1	2	1	10	0	1	0	0	0	1	1	10
HDL	META	1	128	1368	5	23.5318205356598	0	0	0	0	0	0	0	0	0	0	0	0	0	0	0	0
HDL	META	1	129	386	5	5.98900866508484	0	0	2	37	0	0	2	37	0	0	0	0	0	0	0	0
HDL	META	1	132	1088	5	14.5630712509155	0	1	1	3	0	1	1	3	0	0	0	0	0	1	1	3
HDL	META	1	136	914	5	12.808141708374	0	0	1	9	0	0	1	9	0	0	0	0	0	0	0	0
HDL	META	1	138	1017	10	30.1632828712463	3	5	5	7	3	5	5	7	1	1	1	1	0	3	3	4
HDL	META	1	139	302	10	8.66398310661316	1	2	5	24	1	2	5	24	0	0	0	0	1	1	2	7
HDL	META	1	143	792	5	5.19945049285889	0	0	1	10	0	0	1	10	0	0	0	0	0	0	1	10
HDL	META	1	153	1000	5	9.42663908004761	0	0	1	4	0	0	1	4	0	0	0	0	0	0	0	0
HDL	META	1	154	1284	5	20.6520419120789	0	0	1	3	0	0	1	3	0	0	1	3	0	0	0	0
HDL	META	1	156	822	5	6.28119039535522	0	1	2	14	0	1	2	14	0	0	1	12	0	1	2	14
HDL	META	1	158	628	5	4.77868390083313	0	0	1	10	0	0	1	10	0	0	0	0	0	0	0	0
HDL	META	1	159	172	5	2.12173581123352	0	0	1	7	0	0	1	7	0	0	0	0	0	0	0	0
HDL	META	1	160	868	5	5.08430099487305	0	0	1	4	0	0	1	4	0	0	1	4	0	0	1	4
HDL	META	1	168	1051	5	12.6476011276245	1	3	3	5	1	3	3	5	0	1	0	0	0	2	1	2
HDL	META	1	173	974	5	8.87180924415588	0	0	0	0	0	0	0	0	0	0	0	0	0	0	0	0
HDL	META	1	181	1442	5	20.1373898983002	0	0	0	0	0	0	0	0	0	0	0	0	0	0	0	0
HDL	META	1	182	1442	5	21.6850569248199	0	0	3	37	0	0	3	37	0	0	0	0	0	0	1	8
HDL	META	1	183	1371	5	21.8784024715424	0	0	1	28	0	0	0	0	0	0	0	0	0	0	1	28
HDL	META	1	187	1053	5	10.716655254364	0	1	3	17	0	1	3	17	0	1	1	2	0	1	3	17
HDL	META	1	189	716	5	5.2017080783844	0	1	0	0	0	1	0	0	0	1	0	0	0	0	0	0
HDL	META	1	191	1108	5	11.0219876766205	0	0	1	6	0	0	1	6	0	0	1	6	0	0	1	6
HDL	META	1	192	1109	5	11.5149188041687	0	0	0	0	0	0	0	0	0	0	0	0	0	0	0	0
HDL	META	1	193	1248	5	13.3164947032928	0	1	1	7	0	1	1	7	0	0	0	0	0	0	1	7
HDL	META	1	201	870	5	6.58085703849792	0	0	1	13	0	0	1	13	0	0	0	0	0	0	0	0
HDL	META	1	202	1110	5	11.1036396026611	0	0	1	12	0	0	1	12	0	0	0	0	0	0	0	0
HDL	META	1	203	1006	5	7.78524827957153	0	0	1	7	0	0	1	7	0	0	0	0	0	0	1	7
HDL	META	1	204	918	5	10.4410018920898	0	1	1	5	0	1	1	5	0	0	0	0	0	0	0	0
HDL	META	1	207	663	5	6.4651894569397	0	0	1	17	0	0	1	17	0	0	0	0	0	0	0	0
HDL	META	1	208	809	5	7.72800183296204	0	0	1	14	0	0	1	14	0	0	0	0	0	0	0	0
HDL	META	1	209	359	5	2.75512170791626	0	0	2	43	0	0	2	43	0	0	0	0	0	0	0	0
HDL	META	1	211	486	5	2.99966430664062	0	0	0	0	0	0	0	0	0	0	0	0	0	0	0	0
HDL	META	1	213	580	5	4.30413866043091	0	0	2	37	0	0	2	37	0	0	0	0	0	0	1	17
HDL	META	1	214	505	5	2.54335069656372	1	1	1	1	1	1	1	1	0	1	1	1	0	1	1	1
HDL	META	1	215	213	5	1.7299861907959	0	1	1	3	0	1	1	3	0	0	0	0	0	0	0	0
HDL	META	1	216	1051	5	14.8242683410645	0	0	0	0	0	0	0	0	0	0	0	0	0	0	0	0
HDL	META	1	218	204	5	0.993414402008057	0	0	0	0	0	0	0	0	0	0	0	0	0	0	0	0
HDL	META	1	221	1148	5	14.6907081604004	0	2	2	5	0	2	1	3	0	0	0	0	0	1	1	2
HDL	META	1	224	705	5	8.28825235366821	0	1	1	18	0	1	1	18	0	0	0	0	0	1	0	0
HDL	META	1	228	619	5	5.41833353042603	0	0	1	31	0	0	1	31	0	0	0	0	0	0	0	0
HDL	META	1	233	1490	5	34.8143267631531	0	2	2	11	0	2	2	11	0	1	1	4	0	1	1	7
HDL	META	1	234	1690	5	33.800080537796	1	1	1	1	1	1	1	1	0	1	1	1	1	1	1	1
HDL	META	1	235	914	5	6.42874383926392	0	0	1	12	0	0	1	12	0	0	0	0	0	0	0	0
HDL	META	1	238	2169	5	67.2785224914551	0	0	1	11	0	0	1	11	0	0	0	0	0	0	0	0
HDL	META	1	239	614	5	5.04896116256714	0	0	0	0	0	0	0	0	0	0	0	0	0	0	0	0
HDL	META	1	240	2244	5	75.3654742240906	0	0	1	3	0	0	1	3	0	0	1	3	0	0	1	3
HDL	META	1	242	396	5	1.24833607673645	1	2	3	5	1	2	2	3	1	2	3	4	1	1	2	3
HDL	META	1	243	680	5	6.67408180236816	1	3	4	10	1	3	4	10	2	3	2	3	1	3	3	6
HDL	META	1	244	1445	5	20.9846863746643	0	0	1	25	0	0	1	25	0	0	0	0	0	0	0	0
HDL	META	1	252	513	5	7.21318960189819	0	2	4	14	0	2	4	14	0	1	1	2	0	2	3	11
HDL	META	1	253	156	5	0.691664695739746	0	0	0	0	0	0	0	0	0	0	0	0	0	0	0	0
HDL	META	1	254	755	5	5.54136919975281	0	0	2	32	0	0	2	32	0	0	1	5	0	0	0	0
HDL	META	1	255	593	5	3.8799569606781	0	1	1	9	0	1	1	9	0	1	0	0	0	0	1	9
HDL	META	1	257	738	5	3.66646575927734	0	0	0	0	0	0	0	0	0	0	0	0	0	0	0	0
HDL	META	1	264	581	5	4.18982863426208	0	0	1	10	0	0	1	10	0	0	0	0	0	0	1	10
HDL	META	1	275	331	5	1.13763022422791	0	1	0	0	0	1	0	0	0	1	0	0	0	0	0	0
HDL	META	2	1	320	5	1.3002941608429	0	0	1	14	0	0	1	14	0	0	0	0	0	0	0	0
HDL	META	2	2	2003	5	71.4473292827606	0	0	1	27	0	0	1	27	0	0	0	0	0	0	1	27
HDL	META	2	3	681	5	3.79392290115356	0	0	0	0	0	0	0	0	0	0	0	0	0	0	0	0
HDL	META	2	4	564	5	3.44694042205811	0	0	0	0	0	0	0	0	0	0	0	0	0	0	0	0
HDL	META	2	6	635	5	3.33609080314636	1	1	1	1	1	1	1	1	0	0	0	0	1	1	1	1
HDL	META	2	13	1528	5	34.7205035686493	0	0	0	0	0	0	0	0	0	0	0	0	0	0	0	0
HDL	META	2	28	221	5	1.47685766220093	0	0	1	13	0	0	1	13	0	0	0	0	0	0	1	13
HDL	META	2	40	1701	5	44.7808961868286	0	1	1	4	0	1	1	4	0	0	0	0	0	1	0	0
HDL	META	2	41	756	5	4.42636919021606	0	1	2	16	0	1	2	16	0	1	1	2	0	0	0	0
HDL	META	2	44	524	5	3.23349189758301	2	4	4	14	1	3	3	13	1	1	1	1	1	4	4	14
HDL	META	2	45	1205	5	20.0051071643829	0	0	0	0	0	0	0	0	0	0	0	0	0	0	0	0
HDL	META	2	46	661	5	5.65574431419373	0	0	0	0	0	0	0	0	0	0	0	0	0	0	0	0
HDL	META	2	47	1550	5	39.7632393836975	0	0	1	24	0	0	1	24	0	0	0	0	0	0	0	0
HDL	META	2	48	771	5	13.6286120414734	0	2	2	45	0	2	2	45	0	1	0	0	0	0	0	0
HDL	META	2	49	953	5	13.0452125072479	0	0	0	0	0	0	0	0	0	0	0	0	0	0	0	0
HDL	META	2	50	918	5	8.76748061180115	0	0	1	36	0	0	1	36	0	0	0	0	0	0	0	0
HDL	META	2	51	1128	5	18.8434522151947	0	0	0	0	0	0	0	0	0	0	0	0	0	0	0	0
HDL	META	2	53	809	5	9.27139163017273	0	0	1	15	0	0	1	15	0	0	0	0	0	0	0	0
HDL	META	2	55	2035	5	79.9685881137848	0	2	2	24	0	2	2	24	0	1	0	0	0	1	1	3
HDL	META	2	60	1200	5	18.8317842483521	0	0	0	0	0	0	0	0	0	0	0	0	0	0	0	0
HDL	META	2	62	636	5	5.76171278953552	0	0	0	0	0	0	0	0	0	0	0	0	0	0	0	0
HDL	META	2	63	895	5	9.69988894462585	0	0	0	0	0	0	0	0	0	0	0	0	0	0	0	0
HDL	META	2	66	2406	5	133.093543767929	0	1	1	10	0	1	1	10	0	0	0	0	0	1	1	10
HDL	META	2	67	2916	5	219.862614631653	0	0	0	0	0	0	0	0	0	0	0	0	0	0	0	0
HDL	META	2	68	478	5	2.44987201690674	0	1	1	2	0	1	1	2	0	0	0	0	0	0	0	0
HDL	META	2	69	1485	5	31.5497133731842	0	0	1	49	0	0	1	49	0	0	0	0	0	0	1	49
HDL	META	2	79	1052	5	10.6047511100769	1	2	2	4	1	2	2	4	0	0	1	3	0	0	0	0
HDL	META	2	80	2903	5	210.737957000732	0	0	2	38	0	0	1	18	0	0	0	0	0	0	1	20
HDL	META	2	84	3888	5	493.007716417313	0	1	2	22	0	1	2	22	0	0	0	0	0	0	0	0
HDL	META	2	85	3630	5	389.571357250214	0	0	2	11	0	0	2	11	0	0	1	5	0	0	1	5
HDL	META	2	86	1377	5	21.7232043743134	0	0	1	11	0	0	1	11	0	0	0	0	0	0	0	0
HDL	META	2	87	474	5	4.06369781494141	0	1	0	0	0	1	0	0	0	0	0	0	0	0	0	0
HDL	META	2	88	3706	5	438.88321185112	0	1	0	0	0	1	0	0	0	0	0	0	0	1	0	0
HDL	META	2	89	753	5	6.86308169364929	0	0	1	3	0	0	1	3	0	0	1	3	0	0	1	3
HDL	META	2	90	828	5	11.0473146438599	0	0	1	9	0	0	1	9	0	0	1	9	0	0	1	9
HDL	META	2	97	1323	5	23.9818699359894	0	0	1	16	0	0	1	16	0	0	0	0	0	0	0	0
HDL	META	2	99	674	5	7.57676601409912	0	0	0	0	0	0	0	0	0	0	0	0	0	0	0	0
HDL	META	2	100	703	5	9.95853137969971	0	0	0	0	0	0	0	0	0	0	0	0	0	0	0	0
HDL	META	2	115	1653	5	51.9597361087799	0	0	1	9	0	0	1	9	0	0	0	0	0	0	0	0
HDL	META	2	117	847	5	7.01023387908936	0	0	1	8	0	0	1	8	0	0	0	0	0	0	1	8
HDL	META	2	122	641	5	5.10082912445068	0	0	2	34	0	0	2	34	0	0	0	0	0	0	1	29
HDL	META	2	124	1049	5	22.3932611942291	0	1	0	0	0	1	0	0	0	1	0	0	0	0	0	0
HDL	META	2	125	1040	5	14.211400270462	0	0	0	0	0	0	0	0	0	0	0	0	0	0	0	0
HDL	META	2	128	1591	5	46.9641916751862	0	0	0	0	0	0	0	0	0	0	0	0	0	0	0	0
HDL	META	2	130	269	5	2.82714653015137	0	0	0	0	0	0	0	0	0	0	0	0	0	0	0	0
HDL	META	2	131	61	5	0.722700119018555	0	1	2	10	0	1	2	10	0	0	0	0	0	1	1	2
HDL	META	2	132	193	5	1.46798920631409	0	0	1	12	0	0	1	12	0	0	0	0	0	0	1	12
HDL	META	2	138	1555	5	44.6577019691467	0	1	0	0	0	1	0	0	0	0	0	0	0	0	0	0
HDL	META	2	146	1437	5	27.3868045806885	1	1	2	6	1	1	2	6	0	0	0	0	0	0	0	0
HDL	META	2	147	2754	5	177.845532894135	0	0	0	0	0	0	0	0	0	0	0	0	0	0	0	0
HDL	META	2	151	970	5	6.53526425361633	0	0	1	11	0	0	1	11	0	0	0	0	0	0	1	11
HDL	META	2	153	1244	5	13.3377149105072	0	0	1	10	0	0	1	10	0	0	0	0	0	0	0	0
HDL	META	2	154	773	5	10.0630695819855	0	0	0	0	0	0	0	0	0	0	0	0	0	0	0	0
HDL	META	2	159	2475	5	129.691806316376	0	0	1	9	0	0	1	9	0	0	0	0	0	0	1	9
HDL	META	2	163	44	5	0.958091497421265	0	0	1	5	0	0	1	5	0	0	0	0	0	0	1	5
HDL	META	2	164	314	5	1.94761395454407	1	1	1	1	1	1	1	1	0	1	1	1	0	0	0	0
HDL	META	2	166	2306	5	154.323110103607	0	2	3	14	0	2	3	14	0	0	0	0	0	0	3	14
HDL	META	2	168	1027	10	31.0856437683105	2	4	4	20	2	4	4	20	1	4	3	4	0	0	0	0
HDL	META	2	171	1767	5	50.8791916370392	0	0	1	32	0	0	1	32	0	0	0	0	0	0	0	0
HDL	META	2	175	73	5	0.313121557235718	0	0	1	6	0	0	1	6	0	0	0	0	0	0	0	0
HDL	META	2	176	1641	5	24.0960741043091	0	0	1	20	0	0	1	20	0	0	0	0	0	0	0	0
HDL	META	2	177	1561	5	39.4849510192871	0	1	2	11	0	1	2	11	0	0	0	0	0	1	1	3
HDL	META	2	180	1004	5	10.6865067481995	0	0	0	0	0	0	0	0	0	0	0	0	0	0	0	0
HDL	META	2	181	1356	5	23.4047541618347	0	0	0	0	0	0	0	0	0	0	0	0	0	0	0	0
HDL	META	2	183	541	5	3.44205117225647	0	1	0	0	0	1	0	0	0	0	0	0	0	0	0	0
HDL	META	2	184	2078	5	120.458214998245	0	2	1	7	0	2	1	7	0	0	0	0	0	0	1	7
HDL	META	2	185	637	5	2.66707444190979	0	0	0	0	0	0	0	0	0	0	0	0	0	0	0	0
HDL	META	2	186	1690	5	46.7487978935242	0	0	0	0	0	0	0	0	0	0	0	0	0	0	0	0
HDL	META	2	191	369	5	2.15892839431763	0	0	0	0	0	0	0	0	0	0	0	0	0	0	0	0
HDL	META	2	195	2301	5	93.8054721355438	0	0	0	0	0	0	0	0	0	0	0	0	0	0	0	0
HDL	META	2	197	1264	5	19.7202270030975	0	0	0	0	0	0	0	0	0	0	0	0	0	0	0	0
HDL	META	2	199	1433	5	34.5700211524963	0	0	2	69	0	0	2	69	0	0	0	0	0	0	0	0
HDL	META	2	202	182	5	1.4642481803894	0	0	0	0	0	0	0	0	0	0	0	0	0	0	0	0
HDL	META	2	205	668	5	5.90485000610352	0	0	2	31	0	0	2	31	0	0	0	0	0	0	2	31
HDL	META	2	208	1649	5	46.9771702289581	0	0	0	0	0	0	0	0	0	0	0	0	0	0	0	0
HDL	META	2	209	423	5	4.80857372283936	1	1	1	1	1	1	1	1	0	1	1	1	1	1	1	1
HDL	META	2	210	905	5	8.60446357727051	0	1	1	15	0	1	1	15	0	1	0	0	0	0	0	0
HDL	META	2	213	2496	5	117.870710372925	0	0	1	28	0	0	1	28	0	0	0	0	0	0	0	0
HDL	META	2	215	992	5	10.4153342247009	0	0	1	8	0	0	1	8	0	0	0	0	0	0	0	0
HDL	META	2	217	563	5	4.30029225349426	0	0	2	30	0	0	2	30	0	0	0	0	0	0	0	0
HDL	META	2	218	507	5	8.21672201156616	0	0	1	18	0	0	1	18	0	0	0	0	0	0	0	0
HDL	META	2	221	1068	5	10.5055491924286	0	0	1	15	0	0	1	15	0	0	0	0	0	0	0	0
HDL	META	2	227	657	5	3.40171813964844	1	1	2	3	0	1	1	1	1	1	1	2	1	1	1	2
HDL	META	2	228	773	5	5.96097898483276	0	0	1	25	0	0	1	25	0	0	0	0	0	0	1	25
HDL	META	2	230	739	5	6.7541720867157	0	1	2	8	0	1	2	8	0	1	2	8	0	1	1	3
HDL	META	2	232	677	5	5.24958109855652	1	1	1	1	1	1	1	1	0	1	1	1	0	0	0	0
HDL	META	2	233	310	5	4.37734985351562	1	2	2	4	1	2	2	4	0	0	0	0	0	0	0	0
HDL	META	2	234	927	5	7.28503131866455	0	0	0	0	0	0	0	0	0	0	0	0	0	0	0	0
HDL	META	2	235	588	5	2.61666345596313	0	0	2	18	0	0	2	18	0	0	0	0	0	0	1	5
HDL	META	2	237	1035	5	8.93184041976929	0	0	1	37	0	0	1	37	0	0	0	0	0	0	0	0
HDL	META	2	240	992	5	8.98571467399597	0	0	1	38	0	0	1	38	0	0	0	0	0	0	0	0
HDL	META	2	247	344	5	1.82030916213989	0	0	0	0	0	0	0	0	0	0	0	0	0	0	0	0
HDL	META	2	250	2474	5	150.607597351074	0	1	0	0	0	1	0	0	0	1	0	0	0	0	0	0
HDL	META	2	251	756	5	4.6724636554718	0	0	0	0	0	0	0	0	0	0	0	0	0	0	0	0
HDL	META	2	256	776	5	4.78098511695862	1	2	1	1	1	2	1	1	0	1	1	1	1	1	1	1
HDL	META	3	8	353	5	1.58848571777344	0	0	0	0	0	0	0	0	0	0	0	0	0	0	0	0
HDL	META	3	9	389	5	2.45930099487305	0	0	0	0	0	0	0	0	0	0	0	0	0	0	0	0
HDL	META	3	20	1175	5	14.0204517841339	0	0	0	0	0	0	0	0	0	0	0	0	0	0	0	0
HDL	META	3	23	803	5	11.9924285411835	0	1	2	33	0	1	2	33	0	1	0	0	0	1	1	6
HDL	META	3	24	1321	10	37.5949418544769	2	4	5	14	2	4	5	14	0	1	1	1	1	2	4	13
HDL	META	3	25	210	5	2.11518025398254	0	1	1	5	0	1	1	5	0	1	0	0	0	0	0	0
HDL	META	3	28	81	5	0.364445924758911	0	0	1	12	0	0	1	12	0	0	0	0	0	0	0	0
HDL	META	3	30	1275	5	16.3015475273132	0	0	1	22	0	0	1	22	0	0	0	0	0	0	0	0
HDL	META	3	32	1744	5	60.4517569541931	0	0	0	0	0	0	0	0	0	0	0	0	0	0	0	0
HDL	META	3	34	452	5	3.00136041641235	0	0	0	0	0	0	0	0	0	0	0	0	0	0	0	0
HDL	META	3	35	1665	5	28.73876953125	0	0	1	7	0	0	1	7	0	0	0	0	0	0	0	0
HDL	META	3	39	2256	5	67.9576621055603	0	0	0	0	0	0	0	0	0	0	0	0	0	0	0	0
HDL	META	3	40	939	5	9.04741859436035	0	0	1	6	0	0	1	6	0	0	0	0	0	0	1	6
HDL	META	3	41	1817	5	58.4439115524292	0	0	0	0	0	0	0	0	0	0	0	0	0	0	0	0
HDL	META	3	42	1178	5	14.1456944942474	0	0	0	0	0	0	0	0	0	0	0	0	0	0	0	0
HDL	META	3	55	560	5	2.88242626190186	0	1	3	36	0	1	2	12	0	1	0	0	0	0	2	33
HDL	META	3	59	1338	5	18.3248403072357	0	1	0	0	0	1	0	0	0	1	0	0	0	0	0	0
HDL	META	3	60	1707	5	62.4832167625427	0	1	1	32	0	1	1	32	0	0	0	0	0	1	0	0
HDL	META	3	64	80	5	1.69515490531921	0	0	0	0	0	0	0	0	0	0	0	0	0	0	0	0
HDL	META	3	65	557	5	4.36392283439636	0	0	0	0	0	0	0	0	0	0	0	0	0	0	0	0
HDL	META	3	71	1230	5	14.8190677165985	0	0	2	49	0	0	1	16	0	0	0	0	0	0	1	33
HDL	META	3	77	2568	5	231.674086332321	0	0	0	0	0	0	0	0	0	0	0	0	0	0	0	0
HDL	META	3	81	918	5	5.29047822952271	0	0	0	0	0	0	0	0	0	0	0	0	0	0	0	0
HDL	META	3	83	2265	5	102.862339258194	0	1	1	14	0	1	1	14	0	0	0	0	0	0	0	0
HDL	META	3	84	854	5	9.30405139923096	0	1	1	10	0	1	1	10	0	0	0	0	0	0	0	0
HDL	META	3	85	1060	5	8.64252996444702	0	1	1	3	0	1	1	3	0	0	0	0	0	1	1	3
HDL	META	3	88	1438	5	25.1688992977142	0	1	1	4	0	1	1	4	0	0	0	0	0	0	0	0
HDL	META	3	89	1175	5	13.8667261600494	0	1	2	9	0	1	2	9	0	0	1	4	0	1	1	4
HDL	META	3	90	876	5	8.71305513381958	0	0	0	0	0	0	0	0	0	0	0	0	0	0	0	0
HDL	META	3	105	898	5	10.5658116340637	0	0	0	0	0	0	0	0	0	0	0	0	0	0	0	0
HDL	META	3	106	3316	5	272.311327934265	0	0	0	0	0	0	0	0	0	0	0	0	0	0	0	0
HDL	META	3	108	969	5	9.01686215400696	0	0	0	0	0	0	0	0	0	0	0	0	0	0	0	0
HDL	META	3	109	2150	5	73.8309636116028	1	2	2	11	1	2	2	11	0	1	0	0	0	0	0	0
HDL	META	3	112	1302	5	20.7292604446411	0	0	0	0	0	0	0	0	0	0	0	0	0	0	0	0
HDL	META	3	114	810	5	10.2493898868561	0	0	2	10	0	0	2	10	0	0	2	10	0	0	1	7
HDL	META	3	119	2376	5	93.3860723972321	0	0	0	0	0	0	0	0	0	0	0	0	0	0	0	0
HDL	META	3	120	1039	5	9.71380376815796	1	1	1	1	1	1	1	1	1	1	1	1	0	0	0	0
HDL	META	3	121	1159	5	13.1626899242401	0	0	0	0	0	0	0	0	0	0	0	0	0	0	0	0
HDL	META	3	123	518	5	2.6362087726593	0	0	1	15	0	0	1	15	0	0	0	0	0	0	0	0
HDL	META	3	124	207	5	0.990160226821899	0	1	1	8	0	1	1	8	0	0	0	0	0	0	0	0
HDL	META	3	125	1394	5	15.7477893829346	0	0	0	0	0	0	0	0	0	0	0	0	0	0	0	0
HDL	META	3	127	1516	5	29.7255356311798	0	1	0	0	0	1	0	0	0	0	0	0	0	1	0	0
HDL	META	3	128	533	5	3.22334623336792	0	0	0	0	0	0	0	0	0	0	0	0	0	0	0	0
HDL	META	3	129	825	5	8.17684268951416	0	2	1	11	0	2	1	11	0	1	0	0	0	0	0	0
HDL	META	3	132	1601	5	25.0126004219055	0	0	1	4	0	0	1	4	0	0	0	0	0	0	1	4
HDL	META	3	134	775	5	6.21539998054504	0	0	1	40	0	0	1	40	0	0	0	0	0	0	0	0
HDL	META	3	135	1198	5	17.0996978282928	0	1	0	0	0	1	0	0	0	0	0	0	0	0	0	0
HDL	META	3	136	662	5	2.81851530075073	1	1	1	1	1	1	1	1	0	1	1	1	0	1	1	1
HDL	META	3	140	1166	5	18.4147741794586	0	0	1	5	0	0	1	5	0	0	1	5	0	0	0	0
HDL	META	3	144	335	5	2.31967759132385	0	0	0	0	0	0	0	0	0	0	0	0	0	0	0	0
HDL	META	3	145	1410	5	22.4548337459564	0	0	1	35	0	0	1	35	0	0	0	0	0	0	0	0
HDL	META	3	146	543	5	2.9091272354126	0	0	0	0	0	0	0	0	0	0	0	0	0	0	0	0
HDL	META	3	155	1230	5	21.56081366539	0	1	1	2	0	1	1	2	0	1	1	2	0	0	0	0
HDL	META	3	158	1555	5	23.2735555171967	0	0	1	8	0	0	1	8	0	0	1	8	0	0	1	8
HDL	META	3	159	1017	5	12.32972407341	0	0	1	16	0	0	1	16	0	0	0	0	0	0	0	0
HDL	META	3	161	1631	5	32.6243522167206	1	1	1	1	1	1	1	1	0	0	0	0	0	1	1	1
HDL	META	3	162	1937	5	60.1864984035492	0	1	1	2	0	1	1	2	0	0	0	0	0	0	0	0
HDL	META	3	165	1314	5	18.1966404914856	0	0	2	23	0	0	2	23	0	0	0	0	0	0	1	13
HDL	META	3	170	982	5	9.39444398880005	0	0	0	0	0	0	0	0	0	0	0	0	0	0	0	0
HDL	META	3	171	898	5	9.43002653121948	0	1	1	4	0	1	1	4	0	1	0	0	0	0	0	0
HDL	META	3	174	287	5	1.54324078559875	0	2	1	5	0	1	1	5	0	1	0	0	0	2	1	5
HDL	META	3	175	451	5	4.46291399002075	0	1	0	0	0	0	0	0	0	1	0	0	0	1	0	0
HDL	META	3	179	851	5	8.52709555625916	0	0	1	26	0	0	1	26	0	0	0	0	0	0	0	0
HDL	META	3	183	617	5	6.15239214897156	0	0	0	0	0	0	0	0	0	0	0	0	0	0	0	0
HDL	META	3	184	809	5	4.1098964214325	0	0	0	0	0	0	0	0	0	0	0	0	0	0	0	0
HDL	META	3	186	1517	5	27.8384368419647	0	1	1	4	0	1	1	4	0	1	0	0	0	0	1	4
HDL	META	3	191	820	5	8.68434286117554	0	1	1	4	0	1	1	4	0	0	0	0	0	0	0	0
HDL	META	3	193	1509	5	20.0795071125031	0	1	3	21	0	1	3	21	0	0	1	6	0	0	1	6
HDL	META	3	195	2805	5	167.393807172775	0	1	1	5	0	1	1	5	0	0	0	0	0	1	0	0
HDL	META	3	212	561	5	3.25109910964966	0	0	0	0	0	0	0	0	0	0	0	0	0	0	0	0
HDL	META	3	214	1344	5	14.7321093082428	0	0	2	54	0	0	2	54	0	0	0	0	0	0	0	0
HDL	META	3	216	580	5	5.53073740005493	0	0	1	22	0	0	0	0	0	0	0	0	0	0	0	0
HDL	META	4	1	3294	5	314.59161067009	1	1	2	15	1	1	2	15	0	1	1	1	1	1	2	15
HDL	META	4	4	1150	5	19.8301033973694	0	0	0	0	0	0	0	0	0	0	0	0	0	0	0	0
HDL	META	4	10	176	5	0.598677396774292	0	0	1	49	0	0	1	49	0	0	0	0	0	0	0	0
HDL	META	4	21	2429	5	127.938063144684	0	0	0	0	0	0	0	0	0	0	0	0	0	0	0	0
HDL	META	4	32	1565	5	36.2740385532379	0	0	1	25	0	0	1	25	0	0	0	0	0	0	0	0
HDL	META	4	33	1417	5	34.9355206489563	0	0	0	0	0	0	0	0	0	0	0	0	0	0	0	0
HDL	META	4	37	844	5	5.21528816223145	0	0	1	5	0	0	1	5	0	0	0	0	0	0	0	0
HDL	META	4	39	884	5	5.08651185035706	0	0	0	0	0	0	0	0	0	0	0	0	0	0	0	0
HDL	META	4	42	201	5	1.26082372665405	0	2	2	6	0	2	2	6	0	0	0	0	0	0	1	4
HDL	META	4	54	3445	5	343.995126962662	0	0	2	22	0	0	2	22	0	0	0	0	0	0	0	0
HDL	META	4	55	1256	5	16.2233006954193	0	0	1	10	0	0	1	10	0	0	0	0	0	0	1	10
HDL	META	4	63	2236	5	108.092648506165	1	1	1	1	1	1	1	1	0	0	0	0	0	1	1	1
HDL	META	4	64	1915	5	74.659529209137	0	0	0	0	0	0	0	0	0	0	0	0	0	0	0	0
HDL	META	4	66	992	5	9.56368589401245	0	0	2	9	0	0	2	9	0	0	0	0	0	0	2	9
HDL	META	4	67	242	5	2.61194348335266	0	0	0	0	0	0	0	0	0	0	0	0	0	0	0	0
HDL	META	4	71	666	5	4.5666298866272	0	0	1	4	0	0	1	4	0	0	0	0	0	0	0	0
HDL	META	4	79	1029	5	11.9627254009247	0	0	1	15	0	0	1	15	0	0	0	0	0	0	0	0
HDL	META	4	80	1247	5	14.059891462326	0	0	1	7	0	0	1	7	0	0	0	0	0	0	0	0
HDL	META	4	87	1873	5	89.6926546096802	0	2	0	0	0	2	0	0	0	0	0	0	0	1	0	0
HDL	META	4	94	807	5	10.4853014945984	0	0	0	0	0	0	0	0	0	0	0	0	0	0	0	0
HDL	META	4	95	527	5	4.38566589355469	0	0	1	28	0	0	1	28	0	0	0	0	0	0	1	28
HDL	META	4	101	1323	5	19.7014455795288	0	0	1	9	0	0	1	9	0	0	0	0	0	0	1	9
HDL	META	4	102	894	5	13.1723864078522	0	2	3	19	0	2	3	19	0	0	0	0	0	0	1	14
HDL	META	4	103	737	5	3.67599248886108	0	1	2	8	0	1	2	8	0	1	2	8	0	1	1	5
HDL	META	4	109	586	5	4.19091868400574	0	0	1	23	0	0	1	23	0	0	0	0	0	0	0	0
HDL	META	4	113	1283	5	13.989902973175	0	1	3	13	0	1	3	13	0	0	1	6	0	1	2	8
HDL	META	4	114	1446	5	26.1694042682648	1	1	1	1	1	1	1	1	0	1	1	1	0	0	0	0
HDL	META	4	115	624	5	7.86797976493835	2	4	4	10	2	4	4	10	0	1	1	6	0	1	0	0
HDL	META	4	116	795	5	14.1401097774506	0	1	4	69	0	1	4	69	0	0	0	0	0	0	1	11
HDL	META	4	117	1215	5	17.6440541744232	0	0	1	5	0	0	1	5	0	0	0	0	0	0	1	5
HDL	META	4	121	1028	5	9.8975465297699	0	0	0	0	0	0	0	0	0	0	0	0	0	0	0	0
HDL	META	4	122	512	5	4.42863941192627	0	0	0	0	0	0	0	0	0	0	0	0	0	0	0	0
HDL	META	4	123	284	5	2.04937052726746	0	0	1	21	0	0	1	21	0	0	0	0	0	0	0	0
HDL	META	4	124	1648	5	47.7119522094727	0	0	0	0	0	0	0	0	0	0	0	0	0	0	0	0
HDL	META	4	129	1420	5	28.9320063591003	0	0	1	21	0	0	1	21	0	0	0	0	0	0	0	0
HDL	META	4	130	1327	5	21.0256299972534	0	0	0	0	0	0	0	0	0	0	0	0	0	0	0	0
HDL	META	4	134	2412	5	136.690125703812	0	0	0	0	0	0	0	0	0	0	0	0	0	0	0	0
HDL	META	4	136	1784	5	40.5828502178192	0	0	0	0	0	0	0	0	0	0	0	0	0	0	0	0
HDL	META	4	146	913	5	6.88744831085205	0	0	0	0	0	0	0	0	0	0	0	0	0	0	0	0
HDL	META	4	147	610	5	3.39040660858154	0	0	1	15	0	0	1	15	0	0	0	0	0	0	0	0
HDL	META	4	149	1225	5	14.7572400569916	0	0	1	6	0	0	1	6	0	0	0	0	0	0	0	0
HDL	META	4	150	1153	5	17.1304302215576	0	0	1	28	0	0	1	28	0	0	0	0	0	0	0	0
HDL	META	4	151	401	5	2.92517566680908	0	0	1	36	0	0	1	36	0	0	0	0	0	0	0	0
HDL	META	4	152	511	5	5.15660405158997	0	0	1	8	0	0	1	8	0	0	0	0	0	0	0	0
HDL	META	4	153	1340	5	21.2706251144409	0	0	1	56	0	0	1	56	0	0	0	0	0	0	0	0
HDL	META	4	154	535	5	2.32915115356445	0	0	1	8	0	0	1	8	0	0	0	0	0	0	0	0
HDL	META	4	156	1806	5	62.640881061554	0	0	1	8	0	0	1	8	0	0	0	0	0	0	0	0
HDL	META	4	159	604	5	3.64757752418518	0	1	2	17	0	1	2	17	0	0	1	3	0	1	1	3
HDL	META	4	164	1266	5	19.1930408477783	0	0	0	0	0	0	0	0	0	0	0	0	0	0	0	0
HDL	META	4	165	943	5	9.18029022216797	0	0	1	6	0	0	1	6	0	0	0	0	0	0	1	6
HDL	META	4	168	2035	5	69.1478459835052	0	0	0	0	0	0	0	0	0	0	0	0	0	0	0	0
HDL	META	4	180	1352	5	26.750287771225	0	0	0	0	0	0	0	0	0	0	0	0	0	0	0	0
HDL	META	4	182	332	5	1.81277298927307	0	1	1	3	0	1	1	3	0	0	0	0	0	0	0	0
HDL	META	4	184	738	5	7.67941522598267	0	0	1	27	0	0	1	27	0	0	0	0	0	0	0	0
HDL	META	4	205	292	5	3.48111462593079	0	0	0	0	0	0	0	0	0	0	0	0	0	0	0	0
HDL	META	4	209	827	5	5.62452912330627	0	0	1	15	0	0	1	15	0	0	0	0	0	0	0	0
HDL	META	5	1	782	5	5.97906947135925	0	1	1	18	0	1	1	18	0	0	0	0	0	0	0	0
HDL	META	5	2	260	5	1.66339945793152	0	0	0	0	0	0	0	0	0	0	0	0	0	0	0	0
HDL	META	5	9	785	5	6.48284530639648	0	0	0	0	0	0	0	0	0	0	0	0	0	0	0	0
HDL	META	5	27	2357	5	103.209349155426	0	0	0	0	0	0	0	0	0	0	0	0	0	0	0	0
HDL	META	5	56	1813	5	60.427099943161	0	0	0	0	0	0	0	0	0	0	0	0	0	0	0	0
HDL	META	5	57	1159	5	13.0612025260925	0	0	0	0	0	0	0	0	0	0	0	0	0	0	0	0
HDL	META	5	58	678	5	4.30825304985046	0	0	0	0	0	0	0	0	0	0	0	0	0	0	0	0
HDL	META	5	60	753	5	6.862459897995	0	1	1	4	0	1	1	4	0	0	0	0	0	0	1	4
HDL	META	5	64	1543	5	31.143180847168	0	1	3	14	0	1	2	6	0	1	1	8	0	1	1	8
HDL	META	5	66	910	5	9.12044644355774	0	0	0	0	0	0	0	0	0	0	0	0	0	0	0	0
HDL	META	5	68	413	5	1.70335078239441	0	1	1	2	0	1	1	2	0	1	1	2	0	1	1	2
HDL	META	5	69	603	5	4.63388156890869	0	2	3	28	0	2	3	28	0	0	0	0	0	1	2	25
HDL	META	5	70	405	5	2.39945960044861	0	0	0	0	0	0	0	0	0	0	0	0	0	0	0	0
HDL	META	5	71	1891	5	60.7750060558319	0	0	1	10	0	0	0	0	0	0	0	0	0	0	0	0
HDL	META	5	72	1741	5	59.1186707019806	0	0	0	0	0	0	0	0	0	0	0	0	0	0	0	0
HDL	META	5	75	1222	5	21.4807403087616	0	0	0	0	0	0	0	0	0	0	0	0	0	0	0	0
HDL	META	5	78	385	5	3.72668123245239	0	1	2	10	0	1	2	10	0	0	0	0	0	0	0	0
HDL	META	5	80	1123	5	15.7423076629639	0	0	0	0	0	0	0	0	0	0	0	0	0	0	0	0
HDL	META	5	81	975	5	16.4658453464508	0	0	1	11	0	0	1	11	0	0	0	0	0	0	1	11
HDL	META	5	82	680	5	3.44655466079712	0	0	1	14	0	0	1	14	0	0	0	0	0	0	1	14
HDL	META	5	85	1490	5	27.6219801902771	0	1	2	7	0	1	2	7	0	0	0	0	0	1	1	3
HDL	META	5	88	629	5	2.69684767723083	0	0	0	0	0	0	0	0	0	0	0	0	0	0	0	0
HDL	META	5	92	934	5	7.29638361930847	0	0	1	33	0	0	1	33	0	0	0	0	0	0	0	0
HDL	META	5	93	530	5	2.46201038360596	0	0	0	0	0	0	0	0	0	0	0	0	0	0	0	0
HDL	META	5	96	1324	5	21.9311573505402	0	0	0	0	0	0	0	0	0	0	0	0	0	0	0	0
HDL	META	5	97	954	5	8.52852988243103	1	1	1	1	1	1	1	1	0	1	1	1	0	0	0	0
HDL	META	5	102	1386	5	22.6266899108887	0	0	0	0	0	0	0	0	0	0	0	0	0	0	0	0
HDL	META	5	104	1155	5	13.6521418094635	0	1	0	0	0	1	0	0	0	0	0	0	0	0	0	0
HDL	META	5	105	486	5	2.94025039672852	0	0	1	4	0	0	1	4	0	0	1	4	0	0	0	0
HDL	META	5	108	551	5	2.86496996879578	0	0	1	39	0	0	1	39	0	0	0	0	0	0	0	0
HDL	META	5	109	716	5	9.74940490722656	0	0	1	7	0	0	1	7	0	0	0	0	0	0	0	0
HDL	META	5	114	3672	5	361.023941993713	0	0	0	0	0	0	0	0	0	0	0	0	0	0	0	0
HDL	META	5	116	1844	5	61.3245437145233	0	0	0	0	0	0	0	0	0	0	0	0	0	0	0	0
HDL	META	5	117	1118	5	9.23408603668213	0	0	1	29	0	0	1	29	0	0	0	0	0	0	0	0
HDL	META	5	119	1544	5	35.8743414878845	0	0	1	40	0	0	1	40	0	0	0	0	0	0	0	0
HDL	META	5	120	1605	5	39.0736253261566	0	0	1	15	0	0	1	15	0	0	0	0	0	0	0	0
HDL	META	5	127	2209	5	85.0137691497803	0	1	1	4	0	1	1	4	0	1	1	4	0	1	1	4
HDL	META	5	130	1887	5	56.3400869369507	0	0	0	0	0	0	0	0	0	0	0	0	0	0	0	0
HDL	META	5	132	688	5	16.0952460765839	0	1	1	3	0	1	1	3	0	0	0	0	0	0	1	3
HDL	META	5	133	940	5	7.41702389717102	1	1	1	1	1	1	1	1	0	0	0	0	0	0	0	0
HDL	META	5	134	1133	5	12.7343575954437	0	0	0	0	0	0	0	0	0	0	0	0	0	0	0	0
HDL	META	5	136	1671	5	38.9470262527466	0	0	1	7	0	0	1	7	0	0	0	0	0	0	1	7
HDL	META	5	142	1049	5	16.2936410903931	0	2	3	23	0	2	3	23	0	1	1	2	0	0	1	16
HDL	META	5	144	1219	5	22.6618282794952	0	0	1	17	0	0	1	17	0	0	0	0	0	0	0	0
HDL	META	5	145	1587	5	30.6794111728668	0	0	1	9	0	0	1	9	0	0	0	0	0	0	0	0
HDL	META	5	146	1346	5	18.7078371047974	0	0	3	76	0	0	3	76	0	0	0	0	0	0	2	65
HDL	META	5	147	835	5	6.60115218162537	0	1	2	8	0	1	2	8	0	0	0	0	0	0	1	3
HDL	META	5	151	320	5	2.23388838768005	0	0	0	0	0	0	0	0	0	0	0	0	0	0	0	0
HDL	META	5	152	2062	5	88.5823569297791	0	0	1	24	0	0	1	24	0	0	0	0	0	0	0	0
HDL	META	5	154	926	5	5.79070949554443	0	0	1	25	0	0	1	25	0	0	0	0	0	0	0	0
HDL	META	5	156	951	5	8.35397267341614	0	1	0	0	0	1	0	0	0	1	0	0	0	0	0	0
HDL	META	5	158	899	5	8.30731630325317	1	1	1	1	1	1	1	1	0	0	0	0	0	1	1	1
HDL	META	5	160	900	5	8.53713870048523	0	0	0	0	0	0	0	0	0	0	0	0	0	0	0	0
HDL	META	5	163	823	5	7.90603446960449	0	0	2	19	0	0	2	19	0	0	1	9	0	0	0	0
HDL	META	5	167	982	5	8.02292323112488	0	0	1	9	0	0	1	9	0	0	0	0	0	0	1	9
HDL	META	5	168	1233	5	15.8395085334778	0	0	4	55	0	0	4	55	0	0	1	3	0	0	3	32
HDL	META	5	181	411	5	3.03259897232056	0	0	0	0	0	0	0	0	0	0	0	0	0	0	0	0
HDL	META	5	189	567	5	2.41907835006714	0	0	1	16	0	0	1	16	0	0	1	16	0	0	0	0
HDL	META	5	191	1837	5	72.2654078006744	0	0	1	12	0	0	1	12	0	0	0	0	0	0	1	12
HDL	META	5	193	403	5	3.65731310844421	0	1	0	0	0	1	0	0	0	0	0	0	0	0	0	0
HDL	META	5	194	456	5	2.11734366416931	0	0	1	5	0	0	1	5	0	0	0	0	0	0	0	0
HDL	META	5	202	360	5	1.17539501190186	0	1	2	9	0	1	2	9	0	0	0	0	0	0	1	7
HDL	META	5	207	922	5	7.99855637550354	0	0	1	9	0	0	1	9	0	0	0	0	0	0	0	0
HDL	META	5	208	714	5	5.17947745323181	0	0	0	0	0	0	0	0	0	0	0	0	0	0	0	0
HDL	META	5	209	174	5	0.83626127243042	0	1	2	22	0	1	2	22	0	1	0	0	0	1	2	22
HDL	META	5	210	109	5	1.0994074344635	0	1	1	2	0	1	1	2	0	0	0	0	0	0	0	0
HDL	META	6	18	160	5	0.583942890167236	0	1	0	0	0	1	0	0	0	0	0	0	0	0	0	0
HDL	META	6	19	1127	5	20.7507164478302	0	0	0	0	0	0	0	0	0	0	0	0	0	0	0	0
HDL	META	6	21	852	5	6.57905840873718	0	0	0	0	0	0	0	0	0	0	0	0	0	0	0	0
HDL	META	6	23	852	5	9.32256436347961	0	0	0	0	0	0	0	0	0	0	0	0	0	0	0	0
HDL	META	6	29	1076	5	28.772317647934	0	0	0	0	0	0	0	0	0	0	0	0	0	0	0	0
HDL	META	6	34	1193	5	14.9916443824768	0	0	0	0	0	0	0	0	0	0	0	0	0	0	0	0
HDL	META	6	36	432	5	1.8998692035675	0	1	1	2	0	1	1	2	0	0	0	0	0	1	1	2
HDL	META	6	37	611	5	4.77989220619202	0	1	1	8	0	1	1	8	0	0	0	0	0	0	1	8
HDL	META	6	38	347	5	2.02880859375	0	0	1	8	0	0	1	8	0	0	0	0	0	0	1	8
HDL	META	6	39	1901	5	66.7229294776917	0	0	1	32	0	0	1	32	0	0	0	0	0	0	1	32
HDL	META	6	43	1259	5	14.137149810791	0	1	2	45	0	1	2	45	0	0	0	0	0	1	1	7
HDL	META	6	49	304	5	1.52174615859985	0	0	1	7	0	0	1	7	0	0	0	0	0	0	0	0
HDL	META	6	50	1968	5	75.0515887737274	0	0	0	0	0	0	0	0	0	0	0	0	0	0	0	0
HDL	META	6	51	2126	5	103.512698411942	0	2	4	14	0	2	4	14	0	0	1	2	0	1	2	7
HDL	META	6	52	768	5	5.58343458175659	0	0	2	46	0	0	1	20	0	0	0	0	0	0	2	30
HDL	META	6	53	659	5	5.35051250457764	0	0	0	0	0	0	0	0	0	0	0	0	0	0	0	0
HDL	META	6	55	774	5	5.08702635765076	0	0	0	0	0	0	0	0	0	0	0	0	0	0	0	0
HDL	META	6	57	827	5	7.10346817970276	0	0	0	0	0	0	0	0	0	0	0	0	0	0	0	0
HDL	META	6	58	1243	5	19.2910401821136	0	0	0	0	0	0	0	0	0	0	0	0	0	0	0	0
HDL	META	6	60	646	5	7.89410901069641	0	0	3	28	0	0	3	28	0	0	0	0	0	0	0	0
HDL	META	6	63	982	5	9.08122825622559	0	2	4	35	0	2	4	35	0	0	0	0	0	1	3	17
HDL	META	6	64	119	10	3.06518340110779	4	5	8	27	3	4	7	26	2	2	2	2	2	3	4	15
HDL	META	6	68	273	5	1.96091604232788	0	1	0	0	0	1	0	0	0	0	0	0	0	0	0	0
HDL	META	6	69	929	5	7.03548717498779	0	0	1	14	0	0	1	14	0	0	0	0	0	0	0	0
HDL	META	6	71	3583	5	357.948878526688	0	0	0	0	0	0	0	0	0	0	0	0	0	0	0	0
HDL	META	6	73	196	5	0.907488346099854	0	1	1	6	0	1	1	6	0	1	0	0	0	0	0	0
HDL	META	6	76	2291	5	108.207801580429	0	0	0	0	0	0	0	0	0	0	0	0	0	0	0	0
HDL	META	6	84	913	5	6.27798056602478	0	0	1	12	0	0	1	12	0	0	0	0	0	0	1	12
HDL	META	6	85	2421	5	127.185272932053	0	0	1	10	0	0	1	10	0	0	1	10	0	0	0	0
HDL	META	6	86	2656	5	154.45219540596	0	0	2	30	0	0	2	30	0	0	0	0	0	0	1	5
HDL	META	6	88	3066	5	213.733307123184	0	0	1	29	0	0	1	29	0	0	0	0	0	0	0	0
HDL	META	6	90	262	5	1.35708737373352	0	1	1	2	0	1	1	2	0	1	0	0	0	0	0	0
HDL	META	6	94	1814	5	62.6933610439301	0	0	0	0	0	0	0	0	0	0	0	0	0	0	0	0
HDL	META	6	97	1157	5	13.0820827484131	0	0	1	13	0	0	1	13	0	0	0	0	0	0	0	0
HDL	META	6	98	1275	5	19.1885416507721	0	0	1	3	0	0	1	3	0	0	0	0	0	0	1	3
HDL	META	6	101	1268	5	22.3470814228058	0	0	1	47	0	0	1	47	0	0	0	0	0	0	0	0
HDL	META	6	105	1309	5	21.0001327991486	0	1	0	0	0	1	0	0	0	0	0	0	0	0	0	0
HDL	META	6	106	1019	5	13.714094877243	0	0	1	8	0	0	1	8	0	0	0	0	0	0	0	0
HDL	META	6	108	352	5	2.35163950920105	0	0	0	0	0	0	0	0	0	0	0	0	0	0	0	0
HDL	META	6	109	1064	5	14.1034302711487	0	1	3	61	0	1	3	61	0	1	2	16	0	1	2	16
HDL	META	6	115	2346	5	113.841675043106	0	0	3	30	0	0	3	30	0	0	0	0	0	0	2	22
HDL	META	6	116	1537	5	33.5549118518829	0	0	1	11	0	0	1	11	0	0	0	0	0	0	0	0
HDL	META	6	117	2412	5	127.739474773407	0	0	0	0	0	0	0	0	0	0	0	0	0	0	0	0
HDL	META	6	118	939	5	11.1140773296356	0	0	1	27	0	0	1	27	0	0	0	0	0	0	0	0
HDL	META	6	124	1196	5	14.9275860786438	1	2	2	3	1	2	2	3	0	1	1	2	0	2	2	3
HDL	META	6	127	815	5	5.93483209609985	0	0	1	14	0	0	1	14	0	0	0	0	0	0	0	0
HDL	META	6	128	1211	5	12.7242078781128	0	0	2	12	0	0	2	12	0	0	0	0	0	0	1	4
HDL	META	6	134	868	5	9.28645324707031	0	0	2	42	0	0	2	42	0	0	0	0	0	0	2	42
HDL	META	6	137	482	5	3.08311009407043	0	1	1	4	0	1	1	4	0	0	0	0	0	0	0	0
HDL	META	6	140	921	5	7.55873727798462	0	0	1	5	0	0	1	5	0	0	0	0	0	0	1	5
HDL	META	6	146	565	5	3.21608138084412	0	0	0	0	0	0	0	0	0	0	0	0	0	0	0	0
HDL	META	6	160	1363	5	27.8482813835144	0	0	3	21	0	0	3	21	0	0	1	10	0	0	2	11
HDL	META	6	161	1031	5	9.22180604934692	0	0	1	17	0	0	1	17	0	0	0	0	0	0	0	0
HDL	META	6	164	616	5	3.51359677314758	0	0	0	0	0	0	0	0	0	0	0	0	0	0	0	0
HDL	META	6	167	726	5	5.11274480819702	0	0	0	0	0	0	0	0	0	0	0	0	0	0	0	0
HDL	META	6	168	1376	5	18.6155831813812	0	0	0	0	0	0	0	0	0	0	0	0	0	0	0	0
HDL	META	6	169	2273	5	97.2142050266266	2	3	4	19	2	3	4	19	1	1	1	1	1	2	2	11
HDL	META	6	173	1499	5	33.3672218322754	0	0	1	11	0	0	1	11	0	0	0	0	0	0	0	0
HDL	META	6	175	716	5	3.72322678565979	0	1	2	6	0	1	2	6	0	0	0	0	0	1	1	2
HDL	META	6	179	869	5	5.03543257713318	0	1	1	7	0	1	1	7	0	1	0	0	0	0	0	0
HDL	META	6	182	1113	5	14.7725865840912	0	0	1	21	0	0	1	21	0	0	0	0	0	0	1	21
HDL	META	6	183	331	5	1.84404873847961	0	0	1	28	0	0	1	28	0	0	0	0	0	0	1	28
HDL	META	7	1	273	5	2.06869959831238	0	0	0	0	0	0	0	0	0	0	0	0	0	0	0	0
HDL	META	7	3	628	5	6.0387704372406	0	3	4	14	0	3	4	14	0	1	1	3	0	2	2	9
HDL	META	7	12	1580	5	29.4399285316467	2	3	4	27	2	3	4	27	0	3	3	5	0	1	1	3
HDL	META	7	13	672	5	5.64569115638733	0	1	1	7	0	1	1	7	0	0	0	0	0	0	0	0
HDL	META	7	21	218	5	0.713116884231567	0	0	1	9	0	0	1	9	0	0	0	0	0	0	0	0
HDL	META	7	25	2177	5	91.6213812828064	0	0	1	10	0	0	1	10	0	0	1	10	0	0	1	10
HDL	META	7	26	1807	5	48.5717558860779	0	0	0	0	0	0	0	0	0	0	0	0	0	0	0	0
HDL	META	7	31	1457	5	22.2945444583893	0	1	1	4	0	1	1	4	0	1	1	4	0	0	0	0
HDL	META	7	32	1410	5	30.2256245613098	1	1	3	28	1	1	2	7	0	0	0	0	0	0	0	0
HDL	META	7	33	1781	5	46.6278748512268	1	2	2	18	1	2	2	18	1	1	1	1	1	1	1	1
HDL	META	7	37	1741	5	47.0489025115967	0	1	1	4	0	1	1	4	0	0	0	0	0	0	1	4
HDL	META	7	39	1071	5	10.4868459701538	0	0	0	0	0	0	0	0	0	0	0	0	0	0	0	0
HDL	META	7	40	2217	5	79.0099222660065	0	0	0	0	0	0	0	0	0	0	0	0	0	0	0	0
HDL	META	7	42	1375	5	17.3393256664276	1	2	3	11	1	2	3	11	0	1	2	6	1	2	2	6
HDL	META	7	43	1610	5	41.9303085803986	0	0	0	0	0	0	0	0	0	0	0	0	0	0	0	0
HDL	META	7	44	245	5	1.12609887123108	1	1	1	1	1	1	1	1	0	1	1	1	0	1	1	1
HDL	META	7	45	591	5	3.77424263954163	0	1	1	4	0	1	1	4	0	0	0	0	0	1	0	0
HDL	META	7	46	234	5	1.75828719139099	0	0	0	0	0	0	0	0	0	0	0	0	0	0	0	0
HDL	META	7	48	297	5	1.34221148490906	0	1	1	3	0	1	1	3	0	0	1	3	0	0	1	3
HDL	META	7	49	946	5	7.25489592552185	0	1	1	2	0	1	1	2	0	0	1	2	0	0	1	2
HDL	META	7	51	937	5	6.63562750816345	0	1	0	0	0	1	0	0	0	0	0	0	0	1	0	0
HDL	META	7	53	574	5	4.51180195808411	0	1	0	0	0	1	0	0	0	0	0	0	0	0	0	0
HDL	META	7	58	1213	5	12.6649658679962	0	2	3	22	0	2	3	22	0	1	1	2	0	2	2	16
HDL	META	7	62	750	5	7.66924619674683	1	1	1	1	1	1	1	1	1	1	1	1	1	1	1	1
HDL	META	7	64	118	5	0.721927165985107	0	0	1	13	0	0	1	13	0	0	0	0	0	0	0	0
HDL	META	7	67	2888	5	188.86660528183	0	0	1	10	0	0	1	10	0	0	0	0	0	0	1	10
HDL	META	7	69	822	5	5.59608697891235	0	0	1	20	0	0	1	20	0	0	0	0	0	0	0	0
HDL	META	7	72	1864	5	66.3548760414124	0	0	0	0	0	0	0	0	0	0	0	0	0	0	0	0
HDL	META	7	73	423	5	1.56799221038818	0	1	1	2	0	1	1	2	0	1	1	2	0	1	1	2
HDL	META	7	74	673	5	5.40304017066956	0	1	1	10	0	1	1	10	0	0	0	0	0	1	1	10
HDL	META	7	82	1150	5	9.20889759063721	0	0	1	73	0	0	0	0	0	0	0	0	0	0	1	73
HDL	META	7	85	1014	5	12.5838134288788	1	1	2	15	1	1	2	15	0	1	1	1	1	1	2	15
HDL	META	7	86	328	5	2.0906035900116	0	0	1	14	0	0	1	14	0	0	0	0	0	0	1	14
HDL	META	7	87	37	5	0.347577810287476	0	1	1	2	0	1	1	2	0	0	0	0	0	0	0	0
HDL	META	7	88	1438	5	18.6266927719116	0	0	0	0	0	0	0	0	0	0	0	0	0	0	0	0
HDL	META	7	89	1280	5	17.3874094486237	0	1	0	0	0	1	0	0	0	0	0	0	0	0	0	0
HDL	META	7	90	437	5	3.83371591567993	0	0	0	0	0	0	0	0	0	0	0	0	0	0	0	0
HDL	META	7	92	1329	5	13.1898462772369	0	1	1	7	0	0	1	7	0	1	0	0	0	0	0	0
HDL	META	7	93	541	10	7.90885949134827	4	5	4	4	2	2	2	2	3	4	3	3	2	3	3	3
HDL	META	7	94	793	5	9.72253894805908	1	2	2	3	0	0	0	0	1	2	2	3	0	0	0	0
HDL	META	7	95	865	5	5.8054883480072	0	0	0	0	0	0	0	0	0	0	0	0	0	0	0	0
HDL	META	7	99	1527	5	23.6277828216553	0	0	0	0	0	0	0	0	0	0	0	0	0	0	0	0
HDL	META	7	101	1569	5	29.3040482997894	0	0	1	55	0	0	1	55	0	0	0	0	0	0	0	0
HDL	META	7	107	2348	5	78.4921092987061	1	1	1	1	1	1	1	1	0	1	1	1	0	0	0	0
HDL	META	7	111	1224	5	11.4875049591064	0	0	3	23	0	0	3	23	0	0	1	8	0	0	0	0
HDL	META	7	113	1347	5	18.9013748168945	0	0	1	14	0	0	1	14	0	0	0	0	0	0	0	0
HDL	META	7	114	2207	5	66.5347194671631	0	0	0	0	0	0	0	0	0	0	0	0	0	0	0	0
HDL	META	7	119	774	5	8.53893089294434	0	1	2	53	0	1	2	53	0	0	0	0	0	0	1	46
HDL	META	7	121	1954	5	57.6873297691345	0	0	1	11	0	0	1	11	0	0	1	11	0	0	1	11
HDL	META	7	127	267	5	1.56360292434692	0	0	1	8	0	0	1	8	0	0	0	0	0	0	0	0
HDL	META	7	128	254	5	0.799638509750366	0	0	1	4	0	0	1	4	0	0	0	0	0	0	1	4
HDL	META	7	131	2326	5	99.851585149765	0	1	1	4	0	1	1	4	0	0	0	0	0	1	0	0
HDL	META	7	132	2390	5	104.027499437332	0	0	0	0	0	0	0	0	0	0	0	0	0	0	0	0
HDL	META	7	133	2027	5	66.2838895320892	0	2	4	15	0	2	4	15	0	1	4	15	0	1	2	6
HDL	META	7	134	682	5	5.55348634719849	0	0	1	4	0	0	1	4	0	0	0	0	0	0	1	4
HDL	META	7	139	382	5	2.35896062850952	0	1	2	26	0	1	2	26	0	1	0	0	0	0	0	0
HDL	META	7	141	1615	5	39.385694026947	0	0	0	0	0	0	0	0	0	0	0	0	0	0	0	0
HDL	META	7	143	386	5	1.43711829185486	0	1	1	4	0	1	1	4	0	0	0	0	0	0	0	0
HDL	META	7	145	842	5	7.94316053390503	0	0	1	26	0	0	1	26	0	0	0	0	0	0	0	0
HDL	META	7	146	275	5	1.00236034393311	0	1	0	0	0	1	0	0	0	0	0	0	0	0	0	0
HDL	META	7	147	505	5	2.68986535072327	0	0	0	0	0	0	0	0	0	0	0	0	0	0	0	0
HDL	META	7	160	624	5	4.78116679191589	0	0	1	42	0	0	1	42	0	0	0	0	0	0	0	0
HDL	META	7	161	326	5	2.33113932609558	0	0	0	0	0	0	0	0	0	0	0	0	0	0	0	0
HDL	META	7	162	2035	5	70.8677780628204	1	1	4	30	1	1	4	30	0	0	0	0	0	1	2	18
HDL	META	7	164	223	5	0.675111293792725	0	0	1	22	0	0	1	22	0	0	0	0	0	0	0	0
HDL	META	7	184	1083	5	10.2026989459991	0	0	0	0	0	0	0	0	0	0	0	0	0	0	0	0
HDL	META	7	187	1743	5	54.9150846004486	0	0	0	0	0	0	0	0	0	0	0	0	0	0	0	0
HDL	META	8	13	495	5	5.14479207992554	0	0	0	0	0	0	0	0	0	0	0	0	0	0	0	0
HDL	META	8	17	1157	5	9.39706206321716	0	0	1	9	0	0	1	9	0	0	1	9	0	0	1	9
HDL	META	8	20	1326	5	27.3323559761047	0	0	0	0	0	0	0	0	0	0	0	0	0	0	0	0
HDL	META	8	21	1574	5	28.2335140705109	0	0	1	9	0	0	1	9	0	0	0	0	0	0	0	0
HDL	META	8	22	2487	5	99.9015188217163	0	0	0	0	0	0	0	0	0	0	0	0	0	0	0	0
HDL	META	8	23	1388	5	19.7106573581696	0	1	0	0	0	0	0	0	0	1	0	0	0	0	0	0
HDL	META	8	24	2623	5	162.386014699936	0	0	0	0	0	0	0	0	0	0	0	0	0	0	0	0
HDL	META	8	27	912	5	9.94200849533081	0	0	0	0	0	0	0	0	0	0	0	0	0	0	0	0
HDL	META	8	29	2761	5	179.349977970123	0	0	1	8	0	0	1	8	0	0	0	0	0	0	0	0
HDL	META	8	30	607	5	4.56600952148438	0	0	0	0	0	0	0	0	0	0	0	0	0	0	0	0
HDL	META	8	31	260	5	1.10378575325012	0	0	0	0	0	0	0	0	0	0	0	0	0	0	0	0
HDL	META	8	32	1520	20	189.962162733078	11	19	19	30	11	18	18	26	6	14	13	22	5	12	11	20
HDL	META	8	33	1434	5	21.3368647098541	2	2	3	6	2	2	3	6	1	1	1	1	0	0	0	0
HDL	META	8	34	501	5	1.8801441192627	0	0	0	0	0	0	0	0	0	0	0	0	0	0	0	0
HDL	META	8	35	606	5	3.26796054840088	0	0	0	0	0	0	0	0	0	0	0	0	0	0	0	0
HDL	META	8	36	368	5	2.62073469161987	0	0	2	33	0	0	2	33	0	0	1	10	0	0	0	0
HDL	META	8	37	425	5	2.22695803642273	0	1	1	47	0	1	1	47	0	0	0	0	0	0	0	0
HDL	META	8	39	980	5	8.69819903373718	0	0	1	4	0	0	1	4	0	0	0	0	0	0	0	0
HDL	META	8	40	1223	5	15.4505717754364	0	0	1	2	0	0	1	2	0	0	0	0	0	0	0	0
HDL	META	8	42	1596	5	24.3723790645599	0	2	1	2	0	2	1	2	0	0	1	2	0	0	0	0
HDL	META	8	46	452	5	4.82840418815613	0	0	0	0	0	0	0	0	0	0	0	0	0	0	0	0
HDL	META	8	48	1124	5	12.002189874649	0	0	1	5	0	0	1	5	0	0	0	0	0	0	0	0
HDL	META	8	51	1218	5	13.0520009994507	0	0	1	6	0	0	1	6	0	0	0	0	0	0	0	0
HDL	META	8	53	691	5	3.05719804763794	0	0	1	5	0	0	1	5	0	0	1	5	0	0	1	5
HDL	META	8	55	576	5	3.77172994613647	0	0	1	5	0	0	1	5	0	0	0	0	0	0	1	5
HDL	META	8	69	1857	5	45.5453472137451	0	0	1	16	0	0	1	16	0	0	0	0	0	0	0	0
HDL	META	8	70	2199	5	83.5879924297333	0	0	0	0	0	0	0	0	0	0	0	0	0	0	0	0
HDL	META	8	71	1156	5	17.8858141899109	0	0	1	14	0	0	1	14	0	0	0	0	0	0	1	14
HDL	META	8	77	1030	5	15.9386055469513	0	0	1	6	0	0	1	6	0	0	1	6	0	0	1	6
HDL	META	8	78	275	5	1.64221930503845	0	0	2	20	0	0	2	20	0	0	0	0	0	0	1	8
HDL	META	8	80	523	5	2.16261196136475	0	0	0	0	0	0	0	0	0	0	0	0	0	0	0	0
HDL	META	8	81	1300	5	12.3926208019257	0	0	1	18	0	0	1	18	0	0	0	0	0	0	0	0
HDL	META	8	84	2559	5	93.1467311382294	0	0	0	0	0	0	0	0	0	0	0	0	0	0	0	0
HDL	META	8	88	1356	5	13.8492674827576	0	0	1	5	0	0	1	5	0	0	0	0	0	0	0	0
HDL	META	8	93	1624	5	27.3246505260468	0	0	0	0	0	0	0	0	0	0	0	0	0	0	0	0
HDL	META	8	94	875	5	4.56972002983093	0	0	1	7	0	0	1	7	0	0	0	0	0	0	0	0
HDL	META	8	107	461	5	1.6076443195343	0	1	1	7	0	1	1	7	0	0	0	0	0	0	0	0
HDL	META	8	108	2040	5	49.3800120353699	0	0	2	28	0	0	2	28	0	0	0	0	0	0	0	0
HDL	META	8	109	1935	5	36.7320828437805	0	0	2	27	0	0	2	27	0	0	0	0	0	0	0	0
HDL	META	8	110	1568	5	23.3227126598358	0	0	0	0	0	0	0	0	0	0	0	0	0	0	0	0
HDL	META	8	112	1427	5	20.8967773914337	0	0	0	0	0	0	0	0	0	0	0	0	0	0	0	0
HDL	META	8	113	745	5	4.212158203125	1	2	4	24	1	2	3	21	1	2	2	7	1	2	3	21
HDL	META	8	115	767	5	7.81964612007141	0	1	0	0	0	1	0	0	0	0	0	0	0	0	0	0
HDL	META	8	118	590	5	3.06978178024292	0	1	2	8	0	1	2	8	0	0	1	3	0	1	1	3
HDL	META	8	119	958	5	10.0867722034454	0	1	1	2	0	1	1	2	0	0	0	0	0	1	1	2
HDL	META	8	124	746	5	5.9331419467926	0	0	0	0	0	0	0	0	0	0	0	0	0	0	0	0
HDL	META	8	125	313	10	6.56165504455566	3	5	7	16	3	5	6	13	1	3	4	9	2	4	5	9
HDL	META	8	127	707	5	3.45256042480469	0	0	0	0	0	0	0	0	0	0	0	0	0	0	0	0
HDL	META	8	130	725	5	6.86940550804138	0	0	1	8	0	0	0	0	0	0	1	8	0	0	1	8
HDL	META	8	159	665	5	4.67316627502441	2	3	2	2	2	3	2	2	1	2	2	2	1	1	1	1
HDL	META	8	160	575	5	8.11063098907471	0	0	2	87	0	0	2	87	0	0	0	0	0	0	0	0
HDL	META	9	1	1967	5	76.0280165672302	0	2	1	2	0	1	1	2	0	2	1	2	1	2	1	2
HDL	META	9	4	1228	5	27.6879723072052	0	0	0	0	0	0	0	0	0	0	0	0	0	0	0	0
HDL	META	9	9	895	5	9.24227714538574	0	0	1	5	0	0	1	5	0	0	0	0	0	0	0	0
HDL	META	9	12	1133	5	14.5605738162994	0	0	0	0	0	0	0	0	0	0	0	0	0	0	0	0
HDL	META	9	27	2837	5	229.612628698349	0	1	3	47	0	1	3	47	0	0	0	0	0	0	0	0
HDL	META	9	31	1739	5	50.8492743968964	0	3	3	7	0	3	3	7	0	2	2	5	0	1	2	4
HDL	META	9	33	1391	5	24.7675890922546	0	1	1	4	0	1	1	4	0	0	0	0	0	0	0	0
HDL	META	9	36	1176	5	16.395809173584	0	0	1	32	0	0	1	32	0	0	0	0	0	0	0	0
HDL	META	9	40	2048	5	90.6120982170105	0	0	0	0	0	0	0	0	0	0	0	0	0	0	0	0
HDL	META	9	48	276	5	2.12185215950012	0	1	1	5	0	1	1	5	0	0	1	5	0	0	0	0
HDL	META	9	49	3144	5	261.497234344482	0	0	0	0	0	0	0	0	0	0	0	0	0	0	0	0
HDL	META	9	50	1533	5	41.8684947490692	0	1	1	2	0	1	1	2	0	0	0	0	0	0	0	0
HDL	META	9	51	593	5	3.29694581031799	0	0	1	4	0	0	1	4	0	0	1	4	0	0	1	4
HDL	META	9	53	1788	5	46.2103419303894	0	0	0	0	0	0	0	0	0	0	0	0	0	0	0	0
HDL	META	9	56	1501	5	33.4392890930176	0	1	0	0	0	0	0	0	0	1	0	0	0	0	0	0
HDL	META	9	63	1721	5	51.3384492397308	0	0	0	0	0	0	0	0	0	0	0	0	0	0	0	0
HDL	META	9	78	408	5	2.39757680892944	0	1	1	8	0	1	1	8	0	0	0	0	0	1	1	8
HDL	META	9	84	1039	5	11.1753833293915	0	0	1	17	0	0	1	17	0	0	0	0	0	0	0	0
HDL	META	9	85	1238	5	24.5856947898865	0	0	0	0	0	0	0	0	0	0	0	0	0	0	0	0
HDL	META	9	88	670	5	4.29407787322998	0	0	1	12	0	0	1	12	0	0	0	0	0	0	0	0
HDL	META	9	91	791	5	7.4100136756897	0	0	0	0	0	0	0	0	0	0	0	0	0	0	0	0
HDL	META	9	92	155	5	1.4366819858551	0	1	1	2	0	0	0	0	0	1	1	2	0	0	0	0
HDL	META	9	93	1091	5	12.7469143867493	0	0	1	21	0	0	0	0	0	0	0	0	0	0	0	0
HDL	META	9	97	680	5	4.464026927948	0	0	1	25	0	0	1	25	0	0	0	0	0	0	0	0
HDL	META	9	98	1795	5	58.5972638130188	0	0	1	29	0	0	1	29	0	0	0	0	0	0	0	0
HDL	META	9	100	1564	5	43.9107887744904	0	0	0	0	0	0	0	0	0	0	0	0	0	0	0	0
HDL	META	9	102	1388	5	21.883889913559	0	0	1	21	0	0	1	21	0	0	0	0	0	0	0	0
HDL	META	9	103	454	5	3.08027052879333	0	1	0	0	0	0	0	0	0	1	0	0	0	0	0	0
HDL	META	9	104	502	5	4.6950888633728	0	1	0	0	0	0	0	0	0	1	0	0	0	0	0	0
HDL	META	9	105	325	5	1.58960294723511	0	0	0	0	0	0	0	0	0	0	0	0	0	0	0	0
HDL	META	9	106	1123	5	14.848913192749	0	0	1	7	0	0	1	7	0	0	1	7	0	0	0	0
HDL	META	9	107	382	5	2.91675615310669	0	0	0	0	0	0	0	0	0	0	0	0	0	0	0	0
HDL	META	9	109	2006	5	100.965128898621	0	0	0	0	0	0	0	0	0	0	0	0	0	0	0	0
HDL	META	9	110	1887	10	148.860526323318	6	8	7	8	5	8	7	8	5	5	5	5	4	4	3	3
HDL	META	9	111	58	5	1.02203965187073	4	4	4	4	4	4	4	4	3	3	3	3	2	3	3	3
HDL	META	9	112	1548	10	87.433661699295	5	8	8	14	5	8	8	14	1	5	5	10	3	4	5	6
HDL	META	9	113	919	5	7.34650993347168	0	1	1	3	0	1	1	3	0	1	1	3	0	0	1	3
HDL	META	9	114	604	5	5.96453809738159	1	1	1	1	1	1	1	1	0	0	0	0	0	0	0	0
HDL	META	9	115	2134	5	99.4726028442383	0	0	0	0	0	0	0	0	0	0	0	0	0	0	0	0
HDL	META	9	116	1026	5	9.95691967010498	0	1	1	2	0	1	1	2	0	1	1	2	0	0	0	0
HDL	META	9	118	2418	5	123.060612201691	0	1	2	8	0	1	2	8	0	0	0	0	0	0	1	2
HDL	META	9	124	858	5	7.14590334892273	1	2	2	3	1	2	2	3	0	0	0	0	0	0	0	0
HDL	META	9	129	1298	5	25.8535494804382	0	0	1	12	0	0	1	12	0	0	0	0	0	0	0	0
HDL	META	9	130	1159	5	11.0640757083893	0	1	0	0	0	1	0	0	0	1	0	0	0	0	0	0
HDL	META	9	134	1784	5	51.2759592533112	0	0	2	49	0	0	2	49	0	0	0	0	0	0	1	27
HDL	META	9	136	1100	5	15.1741046905518	0	0	1	4	0	0	1	4	0	0	0	0	0	0	0	0
HDL	META	9	138	1348	5	23.0168323516846	0	0	2	65	0	0	2	65	0	0	0	0	0	0	0	0
HDL	META	9	140	1791	5	62.8638582229614	0	1	1	15	0	1	1	15	0	0	0	0	0	0	0	0
HDL	META	9	141	266	5	2.29370522499084	0	0	0	0	0	0	0	0	0	0	0	0	0	0	0	0
HDL	META	9	144	527	5	2.21166443824768	0	0	0	0	0	0	0	0	0	0	0	0	0	0	0	0
HDL	META	9	148	511	5	2.58125305175781	0	0	1	8	0	0	1	8	0	0	0	0	0	0	0	0
HDL	META	9	149	590	5	5.49610233306885	0	1	1	2	0	1	1	2	0	0	0	0	0	0	1	2
HDL	META	9	152	121	5	0.393385410308838	0	0	1	27	0	0	1	27	0	0	0	0	0	0	0	0
HDL	META	9	153	87	5	0.350145101547241	0	1	1	2	0	1	1	2	0	1	1	2	0	0	1	2
HDL	META	9	154	313	5	1.89591956138611	0	0	1	7	0	0	1	7	0	0	0	0	0	0	1	7
HDL	META	9	156	548	5	5.10474610328674	0	1	0	0	0	1	0	0	0	0	0	0	0	0	0	0
HDL	META	9	162	245	5	1.11395454406738	0	0	1	6	0	0	1	6	0	0	1	6	0	0	0	0
HDL	META	10	1	1247	5	16.1404545307159	0	0	1	22	0	0	1	22	0	0	0	0	0	0	0	0
HDL	META	10	9	109	5	1.11446261405945	0	1	1	2	0	1	1	2	0	0	0	0	0	0	1	2
HDL	META	10	11	469	5	1.97610092163086	0	0	1	23	0	0	1	23	0	0	0	0	0	0	0	0
HDL	META	10	13	1043	5	12.367199420929	0	0	1	9	0	0	1	9	0	0	0	0	0	0	1	9
HDL	META	10	14	1464	5	27.4129781723022	0	0	0	0	0	0	0	0	0	0	0	0	0	0	0	0
HDL	META	10	20	47	5	0.625219345092773	0	0	0	0	0	0	0	0	0	0	0	0	0	0	0	0
HDL	META	10	22	1189	5	13.6346247196198	0	0	0	0	0	0	0	0	0	0	0	0	0	0	0	0
HDL	META	10	23	324	5	3.07353377342224	0	0	1	12	0	0	1	12	0	0	0	0	0	0	0	0
HDL	META	10	33	931	5	6.41633439064026	1	1	3	33	0	0	2	32	1	1	1	8	1	1	1	8
HDL	META	10	40	934	5	6.36519575119019	0	0	1	52	0	0	1	52	0	0	0	0	0	0	0	0
HDL	META	10	43	1019	5	9.22203612327576	0	0	1	5	0	0	1	5	0	0	0	0	0	0	0	0
HDL	META	10	46	1712	5	54.5844118595123	0	0	1	13	0	0	1	13	0	0	0	0	0	0	0	0
HDL	META	10	48	1387	5	24.5513408184052	0	0	0	0	0	0	0	0	0	0	0	0	0	0	0	0
HDL	META	10	49	1008	5	13.4746837615967	0	0	0	0	0	0	0	0	0	0	0	0	0	0	0	0
HDL	META	10	52	1372	5	15.3921451568604	0	0	0	0	0	0	0	0	0	0	0	0	0	0	0	0
HDL	META	10	54	2645	5	175.288819551468	0	0	1	18	0	0	1	18	0	0	0	0	0	0	0	0
HDL	META	10	60	1545	5	35.3501844406128	0	1	4	27	0	1	4	27	0	1	0	0	0	1	1	9
HDL	META	10	61	583	5	5.09972906112671	0	1	1	6	0	1	1	6	0	0	1	6	0	1	1	6
HDL	META	10	64	275	5	3.27373456954956	0	0	1	41	0	0	1	41	0	0	0	0	0	0	0	0
HDL	META	10	67	678	5	4.64576506614685	0	2	2	7	0	2	2	7	0	1	1	2	0	2	2	7
HDL	META	10	68	748	5	4.43009471893311	0	0	0	0	0	0	0	0	0	0	0	0	0	0	0	0
HDL	META	10	70	1234	5	16.6982579231262	0	1	1	2	0	1	1	2	0	0	0	0	0	0	0	0
HDL	META	10	79	1445	5	24.1210308074951	1	1	1	1	1	1	1	1	0	0	0	0	1	1	1	1
HDL	META	10	80	1157	5	14.8678183555603	0	0	1	7	0	0	1	7	0	0	1	7	0	0	1	7
HDL	META	10	81	1354	5	19.4699816703796	0	0	1	3	0	0	1	3	0	0	0	0	0	0	1	3
HDL	META	10	83	1562	5	36.9435229301453	0	0	1	22	0	0	1	22	0	0	0	0	0	0	0	0
HDL	META	10	85	449	5	3.61934566497803	0	0	0	0	0	0	0	0	0	0	0	0	0	0	0	0
HDL	META	10	87	760	5	4.10686182975769	0	0	1	9	0	0	1	9	0	0	0	0	0	0	0	0
HDL	META	10	92	2096	10	219.980183839798	0	0	5	214	0	0	5	214	0	0	1	8	0	0	1	19
HDL	META	10	93	314	5	2.33154797554016	0	1	1	29	0	1	1	29	0	1	0	0	0	1	0	0
HDL	META	10	100	429	5	3.28291344642639	0	0	3	27	0	0	3	27	0	0	1	4	0	0	1	4
HDL	META	10	101	968	5	7.00537514686584	0	0	1	5	0	0	1	5	0	0	0	0	0	0	0	0
HDL	META	10	109	1270	5	20.9105756282806	0	0	1	11	0	0	1	11	0	0	0	0	0	0	0	0
HDL	META	10	113	1055	5	7.80321002006531	0	0	0	0	0	0	0	0	0	0	0	0	0	0	0	0
HDL	META	10	117	1645	5	42.7272136211395	2	2	4	31	2	2	4	31	0	1	1	1	1	2	3	28
HDL	META	10	124	321	5	2.33760356903076	0	0	1	7	0	0	1	7	0	0	0	0	0	0	0	0
HDL	META	10	126	1517	5	29.2591998577118	0	1	1	2	0	1	1	2	0	1	1	2	0	0	0	0
HDL	META	10	127	354	5	2.67860412597656	1	1	1	1	1	1	1	1	0	0	0	0	0	0	0	0
HDL	META	10	128	107	5	1.10614252090454	1	1	1	1	1	1	1	1	0	0	0	0	0	0	0	0
HDL	META	10	129	1633	5	38.4708912372589	0	0	0	0	0	0	0	0	0	0	0	0	0	0	0	0
HDL	META	10	130	551	5	3.118483543396	0	1	0	0	0	1	0	0	0	0	0	0	0	0	0	0
HDL	META	10	137	1565	5	36.6394376754761	0	0	1	7	0	0	1	7	0	0	0	0	0	0	1	7
HDL	META	10	138	280	5	2.07428193092346	1	3	4	24	1	3	4	24	0	0	0	0	0	3	3	11
HDL	META	10	140	208	5	2.02312302589417	0	0	3	13	0	0	3	13	0	0	1	4	0	0	0	0
HDL	META	10	141	931	5	9.7539689540863	0	0	0	0	0	0	0	0	0	0	0	0	0	0	0	0
HDL	META	10	142	376	5	5.36319780349731	0	2	3	11	0	2	3	11	0	1	1	3	0	1	1	3
HDL	META	10	143	1399	5	27.2903625965118	0	0	1	11	0	0	1	11	0	0	1	11	0	0	0	0
HDL	META	10	144	644	5	5.70855474472046	0	0	1	7	0	0	1	7	0	0	0	0	0	0	0	0
HDL	META	10	145	551	5	2.74649024009705	0	0	1	7	0	0	1	7	0	0	0	0	0	0	1	7
HDL	META	10	150	1494	5	28.6860148906708	0	0	1	3	0	0	1	3	0	0	0	0	0	0	1	3
HDL	META	10	152	995	10	22.6004438400269	0	2	3	19	0	2	3	19	0	1	0	0	0	1	2	16
HDL	META	10	153	1060	5	12.9598934650421	0	1	0	0	0	1	0	0	0	1	0	0	0	0	0	0
HDL	META	10	154	2126	5	98.0763511657715	0	0	0	0	0	0	0	0	0	0	0	0	0	0	0	0
HDL	META	10	157	829	5	6.91364574432373	0	0	2	32	0	0	2	32	0	0	0	0	0	0	1	27
HDL	META	10	162	727	5	5.97741723060608	1	1	1	1	1	1	1	1	0	0	0	0	0	0	0	0
HDL	META	10	167	209	5	0.727309942245483	0	0	1	13	0	0	1	13	0	0	0	0	0	0	0	0
HDL	META	11	2	558	5	4.82575821876526	0	0	1	11	0	0	1	11	0	0	0	0	0	0	0	0
HDL	META	11	4	643	5	4.64534711837769	0	0	0	0	0	0	0	0	0	0	0	0	0	0	0	0
HDL	META	11	6	122	5	1.24608612060547	0	1	1	5	0	1	1	5	0	0	0	0	0	0	0	0
HDL	META	11	7	435	5	1.71376848220825	0	1	2	20	0	1	2	20	0	1	1	2	0	0	0	0
HDL	META	11	11	1250	5	12.3533096313477	1	1	1	1	1	1	1	1	1	1	1	1	1	1	1	1
HDL	META	11	18	2178	5	96.5879552364349	0	1	1	5	0	1	1	5	0	0	0	0	0	1	1	5
HDL	META	11	19	481	5	2.87650752067566	0	1	1	6	0	1	1	6	0	0	0	0	0	0	0	0
HDL	META	11	26	416	5	1.83967232704163	0	1	1	2	0	1	1	2	0	0	0	0	0	0	0	0
HDL	META	11	27	1006	5	8.44441556930542	0	1	1	11	0	1	1	11	0	1	0	0	0	1	0	0
HDL	META	11	28	597	5	3.97577548027039	0	0	3	32	0	0	3	32	0	0	1	7	0	0	1	20
HDL	META	11	29	566	5	2.73871445655823	0	0	0	0	0	0	0	0	0	0	0	0	0	0	0	0
HDL	META	11	30	629	5	4.39972615242004	0	0	0	0	0	0	0	0	0	0	0	0	0	0	0	0
HDL	META	11	33	971	5	11.0458037853241	0	0	1	7	0	0	1	7	0	0	0	0	0	0	1	7
HDL	META	11	51	1082	5	8.28181314468384	0	1	0	0	0	1	0	0	0	0	0	0	0	0	0	0
HDL	META	11	52	560	5	2.8580265045166	0	1	1	4	0	1	1	4	1	1	0	0	1	1	0	0
HDL	META	11	53	1060	5	11.1435308456421	0	1	1	7	0	1	1	7	0	0	0	0	0	0	1	7
HDL	META	11	54	841	5	7.64343810081482	0	0	0	0	0	0	0	0	0	0	0	0	0	0	0	0
HDL	META	11	57	758	5	6.40668034553528	0	0	1	7	0	0	1	7	0	0	1	7	0	0	1	7
HDL	META	11	65	1050	5	12.1816647052765	0	0	1	9	0	0	1	9	0	0	0	0	0	0	0	0
HDL	META	11	70	1746	5	51.8577589988708	0	1	2	20	0	1	2	20	0	0	0	0	0	0	2	20
HDL	META	11	75	399	5	2.13889122009277	0	0	0	0	0	0	0	0	0	0	0	0	0	0	0	0
HDL	META	11	76	838	5	8.52210164070129	3	4	4	6	3	4	4	6	2	2	2	2	2	3	3	5
HDL	META	11	77	536	5	3.45272922515869	0	1	1	12	0	1	1	12	0	0	0	0	0	0	0	0
HDL	META	11	78	635	5	8.94607305526733	0	2	3	19	0	2	3	19	0	0	0	0	0	1	1	2
HDL	META	11	79	1559	5	30.9554116725922	1	3	4	13	1	3	4	13	0	1	1	1	1	1	2	5
HDL	META	11	80	931	5	10.8152024745941	0	0	1	10	0	0	1	10	0	0	0	0	0	0	0	0
HDL	META	11	81	839	5	6.83650875091553	0	2	2	9	0	2	2	9	0	0	0	0	0	0	1	7
HDL	META	11	86	917	5	7.41376233100891	0	0	1	19	0	0	1	19	0	0	0	0	0	0	0	0
HDL	META	11	88	1385	5	25.4503543376923	0	3	4	33	0	3	4	33	0	1	2	13	0	2	2	13
HDL	META	11	89	236	5	1.16720581054688	0	0	1	11	0	0	1	11	0	0	0	0	0	0	1	11
HDL	META	11	90	1917	5	73.4491729736328	0	1	1	5	0	1	1	5	0	0	0	0	0	0	0	0
HDL	META	11	100	1258	5	19.0004935264587	0	0	0	0	0	0	0	0	0	0	0	0	0	0	0	0
HDL	META	11	107	506	5	2.8654670715332	0	1	1	2	0	1	1	2	0	0	0	0	0	0	0	0
HDL	META	11	108	368	5	3.49126505851746	0	0	0	0	0	0	0	0	0	0	0	0	0	0	0	0
HDL	META	11	109	369	5	2.35038471221924	0	1	0	0	0	1	0	0	0	1	0	0	0	1	0	0
HDL	META	11	115	1010	5	8.11583709716797	0	1	1	11	0	1	1	11	0	0	0	0	0	0	0	0
HDL	META	11	117	2043	5	86.0570135116577	0	0	1	11	0	0	1	11	0	0	0	0	0	0	0	0
HDL	META	11	121	1126	5	20.3502042293549	0	0	1	9	0	0	1	9	0	0	1	9	0	0	1	9
HDL	META	11	123	421	5	3.91317749023438	0	0	1	13	0	0	1	13	0	0	0	0	0	0	1	13
HDL	META	11	126	2065	5	91.2773680686951	0	0	0	0	0	0	0	0	0	0	0	0	0	0	0	0
HDL	META	11	128	177	5	0.742704629898071	1	2	2	6	1	2	2	6	0	1	1	1	0	1	2	6
HDL	META	11	129	1175	20	148.596042394638	16	18	19	27	12	14	15	22	7	11	11	11	16	18	19	27
HDL	META	11	130	681	5	7.30256485939026	1	3	3	7	0	2	2	6	0	0	0	0	1	3	3	7
HDL	META	11	131	152	5	1.49326920509338	0	0	0	0	0	0	0	0	0	0	0	0	0	0	0	0
HDL	META	11	132	474	5	2.37732148170471	0	0	0	0	0	0	0	0	0	0	0	0	0	0	0	0
HDL	META	11	133	932	5	8.42681646347046	1	3	4	13	1	3	3	11	1	1	2	6	1	2	3	12
HDL	META	11	134	1324	5	18.1398591995239	0	2	1	2	0	2	1	2	0	1	0	0	0	0	0	0
HDL	META	11	138	605	5	3.10309076309204	0	0	0	0	0	0	0	0	0	0	0	0	0	0	0	0
HDL	META	11	140	561	5	3.70170021057129	0	1	1	2	0	1	1	2	0	0	1	2	0	0	0	0
HDL	META	11	141	197	5	1.34943675994873	0	0	0	0	0	0	0	0	0	0	0	0	0	0	0	0
HDL	META	11	142	1243	5	13.4321970939636	0	2	2	7	0	2	2	7	0	1	1	4	0	1	1	4
HDL	META	11	147	1954	5	64.0380153656006	1	1	2	9	1	1	2	9	1	1	1	1	1	1	2	9
HDL	META	11	148	672	5	7.41012454032898	0	0	0	0	0	0	0	0	0	0	0	0	0	0	0	0
HDL	META	11	149	1644	5	39.5500516891479	0	1	0	0	0	1	0	0	0	0	0	0	0	0	0	0
HDL	META	12	4	622	5	2.94597458839417	0	0	1	6	0	0	1	6	0	0	0	0	0	0	0	0
HDL	META	12	8	393	5	2.80937242507935	0	0	0	0	0	0	0	0	0	0	0	0	0	0	0	0
HDL	META	12	9	139	5	0.583816051483154	0	0	0	0	0	0	0	0	0	0	0	0	0	0	0	0
HDL	META	12	12	341	5	2.17664241790771	0	1	1	2	0	1	1	2	0	0	1	2	0	0	0	0
HDL	META	12	17	381	5	1.49234414100647	0	1	1	5	0	1	1	5	0	1	1	5	0	1	1	5
HDL	META	12	18	874	5	4.33013725280762	2	2	3	5	2	2	3	5	1	1	1	1	2	2	2	2
HDL	META	12	23	1343	5	29.7899723052979	0	1	3	24	0	1	3	24	0	1	1	3	0	1	3	24
HDL	META	12	24	329	5	3.733726978302	0	0	0	0	0	0	0	0	0	0	0	0	0	0	0	0
HDL	META	12	25	1154	5	11.9101848602295	0	0	0	0	0	0	0	0	0	0	0	0	0	0	0	0
HDL	META	12	31	335	5	1.21968984603882	0	1	1	2	0	1	1	2	0	0	0	0	0	1	1	2
HDL	META	12	32	1260	5	24.5293817520142	0	1	0	0	0	1	0	0	0	1	0	0	0	0	0	0
HDL	META	12	34	704	5	8.27884697914124	0	0	0	0	0	0	0	0	0	0	0	0	0	0	0	0
HDL	META	12	35	380	5	2.53780603408813	1	2	2	3	1	2	2	3	1	2	1	1	0	0	0	0
HDL	META	12	36	382	5	2.06370401382446	0	0	0	0	0	0	0	0	0	0	0	0	0	0	0	0
HDL	META	12	38	1650	5	38.6627044677734	0	0	0	0	0	0	0	0	0	0	0	0	0	0	0	0
HDL	META	12	40	638	5	4.23391914367676	2	2	2	2	2	2	2	2	1	1	1	1	1	1	1	1
HDL	META	12	41	337	5	1.57780694961548	1	2	2	5	1	2	2	5	0	2	1	1	0	2	2	5
HDL	META	12	42	1877	5	60.4171047210693	0	0	1	28	0	0	0	0	0	0	1	28	0	0	1	28
HDL	META	12	45	904	5	8.10687923431396	0	1	1	9	0	1	1	9	0	0	0	0	0	1	0	0
HDL	META	12	48	1391	5	25.3847978115082	0	2	1	2	0	2	1	2	0	2	1	2	0	1	1	2
HDL	META	12	49	1337	5	24.253413438797	0	0	0	0	0	0	0	0	0	0	0	0	0	0	0	0
HDL	META	12	53	1731	5	54.7389702796936	0	0	0	0	0	0	0	0	0	0	0	0	0	0	0	0
HDL	META	12	59	1462	5	30.3108036518097	0	0	0	0	0	0	0	0	0	0	0	0	0	0	0	0
HDL	META	12	60	755	5	7.31165909767151	0	0	0	0	0	0	0	0	0	0	0	0	0	0	0	0
HDL	META	12	61	800	5	7.71966314315796	0	0	0	0	0	0	0	0	0	0	0	0	0	0	0	0
HDL	META	12	62	644	5	11.8650572299957	0	2	3	40	0	2	3	40	0	1	1	2	0	1	1	2
HDL	META	12	63	1089	5	14.3030762672424	0	0	2	25	0	0	2	25	0	0	1	8	0	0	1	8
HDL	META	12	66	1199	5	11.893501996994	0	0	1	5	0	0	1	5	0	0	0	0	0	0	1	5
HDL	META	12	67	508	5	5.97070217132568	1	2	2	3	1	2	2	3	0	0	0	0	0	1	1	1
HDL	META	12	68	261	5	1.56549119949341	0	0	1	6	0	0	1	6	0	0	1	6	0	0	0	0
HDL	META	12	69	1032	5	14.6618251800537	0	0	1	23	0	0	1	23	0	0	0	0	0	0	0	0
HDL	META	12	70	243	5	0.760611534118652	0	1	1	3	0	1	1	3	0	0	0	0	0	1	1	3
HDL	META	12	71	1136	5	11.2432246208191	1	1	4	29	1	1	4	29	0	0	2	13	0	0	3	28
HDL	META	12	72	3723	5	480.408324241638	0	0	0	0	0	0	0	0	0	0	0	0	0	0	0	0
HDL	META	12	73	1071	5	10.6413397789001	0	1	1	5	0	1	1	5	0	0	0	0	0	0	1	5
HDL	META	12	77	597	5	2.90208339691162	0	0	1	15	0	0	1	15	0	0	0	0	0	0	1	15
HDL	META	12	80	1541	5	28.0417475700378	0	1	1	22	0	1	1	22	0	1	0	0	0	0	0	0
HDL	META	12	81	241	5	1.05534839630127	0	1	1	6	0	1	1	6	0	0	0	0	0	0	0	0
HDL	META	12	82	1127	5	12.366539478302	0	0	0	0	0	0	0	0	0	0	0	0	0	0	0	0
HDL	META	12	94	1721	5	54.7069373130798	0	0	0	0	0	0	0	0	0	0	0	0	0	0	0	0
HDL	META	12	96	611	5	4.48961663246155	0	0	0	0	0	0	0	0	0	0	0	0	0	0	0	0
HDL	META	12	97	1541	5	38.3712813854218	0	0	0	0	0	0	0	0	0	0	0	0	0	0	0	0
HDL	META	12	100	719	5	3.79983353614807	0	0	1	17	0	0	1	17	0	0	0	0	0	0	0	0
HDL	META	12	103	267	5	2.05469751358032	0	0	1	7	0	0	1	7	0	0	0	0	0	0	0	0
HDL	META	12	108	1093	5	12.7874045372009	0	0	0	0	0	0	0	0	0	0	0	0	0	0	0	0
HDL	META	12	110	1384	5	20.5547165870667	0	0	0	0	0	0	0	0	0	0	0	0	0	0	0	0
HDL	META	12	112	160	5	0.821772575378418	0	2	2	8	0	2	2	8	0	1	1	3	0	1	1	3
HDL	META	12	119	1828	5	53.3527173995972	0	0	0	0	0	0	0	0	0	0	0	0	0	0	0	0
HDL	META	12	120	517	5	3.37549614906311	0	0	1	8	0	0	1	8	0	0	0	0	0	0	0	0
HDL	META	12	121	898	5	17.1743731498718	0	1	2	15	0	0	2	15	0	0	1	4	0	1	2	15
HDL	META	12	122	1186	5	15.6745839118958	2	2	4	20	2	2	4	20	0	0	0	0	2	2	2	2
HDL	META	12	123	513	5	3.93268322944641	1	1	1	1	0	0	0	0	0	1	1	1	1	1	1	1
HDL	META	12	125	1536	5	31.2735662460327	0	0	2	14	0	0	2	14	0	0	0	0	0	0	0	0
HDL	META	12	129	978	5	17.2059090137482	0	0	1	16	0	0	1	16	0	0	0	0	0	0	0	0
HDL	META	12	132	1094	5	14.3582382202148	0	0	1	8	0	0	1	8	0	0	0	0	0	0	0	0
HDL	META	12	138	1678	5	41.8669285774231	0	1	1	2	0	1	1	2	0	0	1	2	0	0	0	0
HDL	META	12	139	2019	10	162.740653753281	1	5	8	42	1	5	8	42	0	2	4	15	0	1	3	23
HDL	META	12	140	492	10	12.2754900455475	5	7	9	17	5	7	9	17	0	2	4	8	3	5	6	11
HDL	META	12	141	762	5	3.59024667739868	4	4	4	4	4	4	4	4	3	4	4	4	2	4	3	3
HDL	META	12	154	305	5	2.67357516288757	0	0	0	0	0	0	0	0	0	0	0	0	0	0	0	0
HDL	META	12	156	335	5	6.11722183227539	0	0	0	0	0	0	0	0	0	0	0	0	0	0	0	0
HDL	META	12	163	306	5	2.7425000667572	0	0	0	0	0	0	0	0	0	0	0	0	0	0	0	0
HDL	META	13	1	1106	5	8.66028738021851	0	0	0	0	0	0	0	0	0	0	0	0	0	0	0	0
HDL	META	13	8	1082	5	13.2903044223785	0	0	1	7	0	0	1	7	0	0	1	7	0	0	0	0
HDL	META	13	16	979	5	12.7337007522583	0	0	1	17	0	0	1	17	0	0	0	0	0	0	0	0
HDL	META	13	18	415	5	3.07640385627747	0	0	1	5	0	0	1	5	0	0	1	5	0	0	1	5
HDL	META	13	20	1031	5	9.39468455314636	0	1	0	0	0	1	0	0	0	0	0	0	0	0	0	0
HDL	META	13	21	1186	5	13.0185379981995	0	0	0	0	0	0	0	0	0	0	0	0	0	0	0	0
HDL	META	13	23	413	5	3.64137768745422	0	0	1	15	0	0	1	15	0	0	0	0	0	0	0	0
HDL	META	13	25	411	5	2.16443872451782	0	1	1	8	0	1	1	8	0	0	0	0	0	1	1	8
HDL	META	13	38	258	5	4.40540289878845	0	0	1	20	0	0	1	20	0	0	0	0	0	0	0	0
HDL	META	13	40	769	5	9.03990912437439	1	2	1	1	1	2	1	1	0	1	1	1	0	1	1	1
HDL	META	13	45	968	5	11.7118017673492	0	0	1	10	0	0	1	10	0	0	0	0	0	0	0	0
HDL	META	13	47	709	5	5.53188347816467	0	0	1	26	0	0	1	26	0	0	0	0	0	0	0	0
HDL	META	13	50	2046	5	91.2404246330261	0	0	2	12	0	0	2	12	0	0	1	4	0	0	0	0
HDL	META	13	52	1178	5	13.6467866897583	0	0	1	4	0	0	1	4	0	0	1	4	0	0	0	0
HDL	META	13	54	3426	5	350.55596780777	0	0	2	62	0	0	2	62	0	0	0	0	0	0	0	0
HDL	META	13	55	1510	5	30.2879452705383	0	0	1	56	0	0	1	56	0	0	0	0	0	0	0	0
HDL	META	13	57	2588	5	157.480973005295	0	0	0	0	0	0	0	0	0	0	0	0	0	0	0	0
HDL	META	13	58	1874	5	63.7250952720642	0	0	1	6	0	0	1	6	0	0	0	0	0	0	0	0
HDL	META	13	60	1227	5	16.0207197666168	0	0	0	0	0	0	0	0	0	0	0	0	0	0	0	0
HDL	META	13	61	787	5	6.64805960655212	0	0	0	0	0	0	0	0	0	0	0	0	0	0	0	0
HDL	META	13	70	1327	5	23.9079072475433	0	1	0	0	0	1	0	0	0	0	0	0	0	0	0	0
HDL	META	13	72	878	5	8.76956701278687	0	1	0	0	0	1	0	0	0	0	0	0	0	0	0	0
HDL	META	13	73	1185	5	16.4184122085571	0	0	1	20	0	0	0	0	0	0	0	0	0	0	0	0
HDL	META	13	80	367	5	1.92204356193542	0	1	1	3	0	1	1	3	0	0	0	0	0	0	0	0
HDL	META	13	82	1154	5	11.898900270462	0	0	1	21	0	0	1	21	0	0	0	0	0	0	0	0
HDL	META	13	88	435	5	2.06135892868042	0	0	1	24	0	0	1	24	0	0	0	0	0	0	0	0
HDL	META	13	94	1126	5	17.2541968822479	0	0	0	0	0	0	0	0	0	0	0	0	0	0	0	0
HDL	META	13	96	478	5	3.03852796554565	0	0	0	0	0	0	0	0	0	0	0	0	0	0	0	0
HDL	META	13	111	357	5	2.92853403091431	0	0	0	0	0	0	0	0	0	0	0	0	0	0	0	0
HDL	META	13	119	1292	5	14.5738959312439	0	0	1	15	0	0	1	15	0	0	0	0	0	0	0	0
HDL	META	13	124	84	5	0.28239369392395	1	1	1	1	1	1	1	1	0	0	0	0	0	0	0	0
HDL	META	13	125	796	5	4.57388067245483	0	0	1	27	0	0	1	27	0	0	0	0	0	0	0	0
HDL	META	14	1	721	5	4.98987555503845	0	1	1	5	0	1	1	5	0	0	0	0	0	0	0	0
HDL	META	14	6	223	5	2.24311947822571	0	0	0	0	0	0	0	0	0	0	0	0	0	0	0	0
HDL	META	14	14	1734	5	57.3734548091888	0	0	1	7	0	0	1	7	0	0	0	0	0	0	0	0
HDL	META	14	19	1068	5	15.829514503479	0	1	2	12	0	1	2	12	0	0	0	0	0	0	0	0
HDL	META	14	24	539	5	3.8199508190155	0	0	2	18	0	0	2	18	0	0	0	0	0	0	1	9
HDL	META	14	31	1444	5	26.1113781929016	0	0	0	0	0	0	0	0	0	0	0	0	0	0	0	0
HDL	META	14	35	1723	5	45.2286076545715	0	0	0	0	0	0	0	0	0	0	0	0	0	0	0	0
HDL	META	14	46	765	5	4.14067411422729	0	0	1	4	0	0	1	4	0	0	0	0	0	0	1	4
HDL	META	14	47	1318	5	17.2876853942871	0	0	1	41	0	0	1	41	0	0	0	0	0	0	0	0
HDL	META	14	49	639	5	3.51233267784119	0	1	1	3	0	1	1	3	0	0	0	0	0	0	0	0
HDL	META	14	64	568	5	2.77796077728271	0	0	1	24	0	0	1	24	0	0	0	0	0	0	1	24
HDL	META	14	67	1139	5	10.6714193820953	1	1	2	10	1	1	2	10	0	0	0	0	0	0	1	9
HDL	META	14	68	852	5	7.56097912788391	0	0	1	9	0	0	1	9	0	0	0	0	0	0	1	9
HDL	META	14	70	1629	5	34.6899528503418	0	1	0	0	0	1	0	0	0	0	0	0	0	0	0	0
HDL	META	14	72	1836	5	55.0434334278107	2	2	2	2	2	2	2	2	0	0	0	0	0	1	1	1
HDL	META	14	73	795	5	8.16807770729065	0	0	3	31	0	0	3	31	0	0	1	4	0	0	2	19
HDL	META	14	80	223	5	0.719625949859619	0	0	1	4	0	0	1	4	0	0	0	0	0	0	0	0
HDL	META	14	81	1716	5	38.9140086174011	0	0	0	0	0	0	0	0	0	0	0	0	0	0	0	0
HDL	META	14	84	522	5	7.07125020027161	0	0	2	24	0	0	2	24	0	0	0	0	0	0	0	0
HDL	META	14	86	913	5	5.29281234741211	0	0	2	10	0	0	2	10	0	0	0	0	0	0	1	6
HDL	META	14	93	1366	5	19.7850453853607	0	1	0	0	0	1	0	0	0	1	0	0	0	0	0	0
HDL	META	14	95	451	5	6.84374523162842	0	1	2	8	0	1	2	8	0	0	0	0	0	0	1	5
HDL	META	14	97	851	5	6.09310007095337	0	0	1	11	0	0	1	11	0	0	0	0	0	0	0	0
HDL	META	14	100	1084	5	11.8093347549438	0	0	1	18	0	0	1	18	0	0	0	0	0	0	1	18
HDL	META	14	103	1122	5	13.2469432353973	0	0	0	0	0	0	0	0	0	0	0	0	0	0	0	0
HDL	META	14	117	998	5	10.7911326885223	0	0	0	0	0	0	0	0	0	0	0	0	0	0	0	0
HDL	META	14	121	1086	5	13.0178637504578	0	0	2	13	0	0	2	13	0	0	0	0	0	0	2	13
HDL	META	14	122	247	5	1.48499512672424	0	0	1	17	0	0	1	17	0	0	0	0	0	0	0	0
HDL	META	14	126	1067	5	12.878509759903	0	1	2	16	0	1	2	16	0	0	0	0	0	1	2	16
HDL	META	14	128	439	5	3.89136266708374	0	0	0	0	0	0	0	0	0	0	0	0	0	0	0	0
HDL	META	14	129	564	10	10.1665308475494	3	4	5	9	3	4	5	9	2	2	3	5	2	2	3	5
HDL	META	15	4	213	5	0.683665752410889	0	1	1	2	0	1	1	2	0	0	1	2	0	0	0	0
HDL	META	15	10	462	5	3.69049549102783	0	1	0	0	0	1	0	0	0	0	0	0	0	0	0	0
HDL	META	15	22	1257	5	16.1124029159546	0	1	1	2	0	1	1	2	0	0	0	0	0	0	0	0
HDL	META	15	27	497	5	5.07811951637268	0	0	0	0	0	0	0	0	0	0	0	0	0	0	0	0
HDL	META	15	28	731	5	6.30240249633789	0	0	1	33	0	0	1	33	0	0	0	0	0	0	0	0
HDL	META	15	29	550	5	2.73517084121704	0	0	1	33	0	0	1	33	0	0	0	0	0	0	0	0
HDL	META	15	31	1998	5	72.6949620246887	0	1	1	16	0	1	1	16	0	0	0	0	0	0	0	0
HDL	META	15	34	432	5	3.80772638320923	0	1	1	4	0	1	1	4	0	0	0	0	0	0	0	0
HDL	META	15	35	1170	5	12.9707500934601	0	1	0	0	0	1	0	0	0	0	0	0	0	0	0	0
HDL	META	15	37	1308	5	15.5264859199524	0	2	2	9	0	2	2	9	0	1	0	0	0	1	1	2
HDL	META	15	38	1222	5	16.5682592391968	1	2	3	26	1	2	3	26	0	0	0	0	0	1	1	2
HDL	META	15	39	1060	5	9.25094556808472	0	0	0	0	0	0	0	0	0	0	0	0	0	0	0	0
HDL	META	15	40	335	5	1.1833758354187	0	0	1	22	0	0	1	22	0	0	0	0	0	0	1	22
HDL	META	15	41	1431	5	20.4991815090179	0	0	0	0	0	0	0	0	0	0	0	0	0	0	0	0
HDL	META	15	45	2620	5	157.394807815552	0	1	2	57	0	1	1	17	0	0	0	0	0	0	1	40
HDL	META	15	46	935	5	12.1833302974701	0	0	0	0	0	0	0	0	0	0	0	0	0	0	0	0
HDL	META	15	48	2763	5	160.577627658844	0	0	0	0	0	0	0	0	0	0	0	0	0	0	0	0
HDL	META	15	50	1193	5	23.4734470844269	0	0	2	100	0	0	2	100	0	0	0	0	0	0	0	0
HDL	META	15	51	931	5	10.0862715244293	0	1	1	6	0	1	1	6	0	0	0	0	0	1	1	6
HDL	META	15	52	1047	15	36.0258202552795	10	13	14	26	9	12	14	26	7	10	11	15	7	10	11	22
HDL	META	15	53	185	10	6.52859663963318	8	9	9	10	6	9	9	10	6	6	6	6	8	9	9	10
HDL	META	15	54	1009	10	28.9310762882233	4	4	5	15	4	4	5	15	1	2	2	2	1	2	3	13
HDL	META	15	55	605	5	3.44608378410339	0	0	1	26	0	0	1	26	0	0	0	0	0	0	0	0
HDL	META	15	56	890	5	6.76407217979431	0	0	0	0	0	0	0	0	0	0	0	0	0	0	0	0
HDL	META	15	59	2025	5	65.6984362602234	1	1	2	12	1	1	2	12	0	0	0	0	0	1	2	12
HDL	META	15	62	1828	5	71.5030710697174	0	2	3	30	0	2	3	30	0	1	1	2	0	0	0	0
HDL	META	15	64	822	5	6.23942685127258	0	1	0	0	0	1	0	0	0	1	0	0	0	0	0	0
HDL	META	15	66	1276	5	35.3436143398285	0	0	1	18	0	0	1	18	0	0	0	0	0	0	0	0
HDL	META	15	70	593	5	7.89565014839172	0	1	1	2	0	1	1	2	0	1	1	2	0	1	1	2
HDL	META	15	71	34	5	0.16143012046814	0	0	1	13	0	0	1	13	0	0	1	13	0	0	0	0
HDL	META	15	73	303	5	1.86797022819519	0	0	1	24	0	0	1	24	0	0	0	0	0	0	0	0
HDL	META	15	76	2588	5	174.869532346725	0	0	0	0	0	0	0	0	0	0	0	0	0	0	0	0
HDL	META	15	79	1307	5	13.8889062404633	0	0	0	0	0	0	0	0	0	0	0	0	0	0	0	0
HDL	META	15	86	600	5	4.26728916168213	0	1	1	4	0	1	1	4	0	0	0	0	0	0	0	0
HDL	META	15	88	720	5	4.63555765151978	0	1	0	0	0	1	0	0	0	0	0	0	0	0	0	0
HDL	META	15	90	1051	5	9.25324678421021	0	1	0	0	0	1	0	0	0	0	0	0	0	0	0	0
HDL	META	15	98	586	5	4.13349962234497	0	0	0	0	0	0	0	0	0	0	0	0	0	0	0	0
HDL	META	15	102	1001	5	10.4664430618286	0	1	1	3	0	1	1	3	0	1	0	0	0	1	1	3
HDL	META	15	108	351	5	1.20240211486816	0	0	0	0	0	0	0	0	0	0	0	0	0	0	0	0
HDL	META	15	111	632	5	3.57902789115906	0	0	1	19	0	0	1	19	0	0	0	0	0	0	1	19
HDL	META	15	117	485	5	3.67060208320618	0	0	1	15	0	0	1	15	0	0	0	0	0	0	0	0
HDL	META	15	118	342	5	4.91603541374207	0	1	1	2	0	1	1	2	0	0	1	2	0	0	1	2
HDL	META	16	2	128	5	0.550894975662231	1	1	1	1	1	1	1	1	0	0	0	0	0	0	0	0
HDL	META	16	4	824	5	6.61924314498901	0	0	0	0	0	0	0	0	0	0	0	0	0	0	0	0
HDL	META	16	5	197	5	1.58229947090149	0	0	0	0	0	0	0	0	0	0	0	0	0	0	0	0
HDL	META	16	7	874	5	6.63977527618408	1	2	2	18	1	2	2	18	0	0	0	0	1	1	1	1
HDL	META	16	9	854	5	6.02224230766296	0	0	2	43	0	0	1	3	0	0	0	0	0	0	1	40
HDL	META	16	10	460	5	3.52195596694946	0	0	0	0	0	0	0	0	0	0	0	0	0	0	0	0
HDL	META	16	30	74	5	0.266336917877197	0	1	1	2	0	1	1	2	0	1	1	2	0	0	0	0
HDL	META	16	31	1266	5	13.1410856246948	0	2	2	18	0	2	2	18	0	0	0	0	0	0	1	10
HDL	META	16	33	2022	5	89.2450575828552	0	0	1	6	0	0	1	6	0	0	0	0	0	0	0	0
HDL	META	16	37	1030	5	11.0743198394775	1	1	2	6	1	1	2	6	0	0	1	1	0	1	1	1
HDL	META	16	41	943	5	9.17755460739136	0	0	1	5	0	0	1	5	0	0	0	0	0	0	0	0
HDL	META	16	42	104	5	0.344416379928589	0	0	1	7	0	0	1	7	0	0	0	0	0	0	1	7
HDL	META	16	43	765	5	5.32770586013794	0	0	0	0	0	0	0	0	0	0	0	0	0	0	0	0
HDL	META	16	47	604	5	3.55817484855652	0	0	1	31	0	0	1	31	0	0	0	0	0	0	0	0
HDL	META	16	49	678	5	4.93104982376099	0	0	1	20	0	0	1	20	0	0	0	0	0	0	0	0
HDL	META	16	52	850	5	4.95927286148071	0	0	0	0	0	0	0	0	0	0	0	0	0	0	0	0
HDL	META	16	57	161	5	0.796134948730469	0	0	1	15	0	0	1	15	0	0	0	0	0	0	1	15
HDL	META	16	58	386	5	2.77281713485718	0	0	1	20	0	0	1	20	0	0	0	0	0	0	0	0
HDL	META	16	59	309	5	4.12992143630981	0	1	3	50	0	1	3	50	0	1	0	0	0	0	1	9
HDL	META	16	62	685	5	5.58694815635681	0	0	1	7	0	0	1	7	0	0	0	0	0	0	1	7
HDL	META	16	65	602	5	3.9462947845459	0	0	0	0	0	0	0	0	0	0	0	0	0	0	0	0
HDL	META	16	67	408	5	3.87850642204285	0	0	0	0	0	0	0	0	0	0	0	0	0	0	0	0
HDL	META	16	68	748	5	4.50739812850952	0	1	3	15	0	1	3	15	0	1	2	8	0	1	2	11
HDL	META	16	69	620	5	2.55638146400452	0	0	0	0	0	0	0	0	0	0	0	0	0	0	0	0
HDL	META	16	73	626	5	6.88514304161072	0	0	0	0	0	0	0	0	0	0	0	0	0	0	0	0
HDL	META	16	74	205	5	1.34447073936462	1	1	1	1	1	1	1	1	0	0	0	0	0	0	0	0
HDL	META	16	75	1356	10	77.4396328926086	7	8	8	9	7	8	8	9	7	7	6	6	6	7	7	8
HDL	META	16	76	803	15	37.2271912097931	12	13	14	18	12	13	14	18	4	7	7	7	5	6	6	6
HDL	META	16	77	366	5	3.7339231967926	0	0	0	0	0	0	0	0	0	0	0	0	0	0	0	0
HDL	META	16	79	678	5	6.01097416877747	0	0	1	20	0	0	1	20	0	0	0	0	0	0	0	0
HDL	META	16	86	629	5	8.93926882743835	0	0	0	0	0	0	0	0	0	0	0	0	0	0	0	0
HDL	META	16	87	124	5	1.78710913658142	0	0	2	32	0	0	1	29	0	0	1	3	0	0	2	32
HDL	META	16	88	1521	5	27.2441747188568	1	4	4	12	1	4	3	6	1	2	3	9	1	3	4	12
HDL	META	16	89	2352	5	113.814627408981	0	3	3	49	0	3	3	49	0	2	1	7	0	0	1	7
HDL	META	16	91	511	5	4.13843131065369	0	0	1	12	0	0	1	12	0	0	0	0	0	0	0	0
HDL	META	16	93	2109	5	96.8696801662445	0	0	3	94	0	0	3	94	0	0	0	0	0	0	1	56
HDL	META	16	94	2952	5	225.311902284622	0	0	1	13	0	0	0	0	0	0	0	0	0	0	1	13
HDL	META	16	103	3374	5	330.855083227158	0	1	0	0	0	1	0	0	0	1	0	0	0	0	0	0
HDL	META	16	104	993	5	10.10578083992	1	2	4	31	1	2	4	31	1	1	1	1	1	2	2	4
HDL	META	16	105	696	5	3.40800952911377	0	0	1	20	0	0	1	20	0	0	0	0	0	0	1	20
HDL	META	16	106	1264	5	15.5448861122131	0	0	0	0	0	0	0	0	0	0	0	0	0	0	0	0
HDL	META	16	107	1066	5	12.2680797576904	0	0	0	0	0	0	0	0	0	0	0	0	0	0	0	0
HDL	META	16	111	761	5	7.55162739753723	0	0	0	0	0	0	0	0	0	0	0	0	0	0	0	0
HDL	META	16	114	1092	5	5.58139443397522	1	1	1	1	1	1	1	1	0	1	1	1	0	0	0	0
HDL	META	16	116	1386	5	9.90055966377258	0	1	2	10	0	1	2	10	0	0	0	0	0	0	0	0
HDL	META	16	125	1114	5	5.40879797935486	0	1	1	18	0	1	1	18	0	0	0	0	0	0	0	0
HDL	META	16	126	242	5	0.223411798477173	0	0	1	5	0	0	1	5	0	0	0	0	0	0	0	0
HDL	META	16	128	4238	5	423.92892575264	0	0	0	0	0	0	0	0	0	0	0	0	0	0	0	0
HDL	META	17	3	604	5	4.81915593147278	0	0	1	9	0	0	1	9	0	0	0	0	0	0	0	0
HDL	META	17	7	367	5	3.54696536064148	0	0	1	29	0	0	1	29	0	0	0	0	0	0	1	29
HDL	META	17	9	1078	5	9.46121668815613	0	0	1	13	0	0	0	0	0	0	0	0	0	0	1	13
HDL	META	17	14	504	5	2.73186564445496	0	1	1	4	0	1	1	4	0	0	0	0	0	0	0	0
HDL	META	17	23	347	5	3.32935810089111	0	2	3	20	0	2	3	20	0	0	0	0	0	0	0	0
HDL	META	17	24	643	5	5.10172080993652	1	2	4	18	1	2	4	18	0	0	1	3	0	1	1	2
HDL	META	17	25	767	5	5.80384349822998	0	1	1	8	0	1	1	8	0	0	0	0	0	0	0	0
HDL	META	17	30	160	5	0.745195865631104	0	0	0	0	0	0	0	0	0	0	0	0	0	0	0	0
HDL	META	17	49	504	5	2.62990427017212	0	0	0	0	0	0	0	0	0	0	0	0	0	0	0	0
HDL	META	17	51	1322	5	20.9739437103271	1	3	3	29	1	3	3	29	0	0	0	0	0	0	0	0
HDL	META	17	55	1437	5	21.1871109008789	0	0	2	39	0	0	2	39	0	0	0	0	0	0	1	30
HDL	META	17	66	132	5	0.420742273330688	0	0	1	32	0	0	1	32	0	0	0	0	0	0	0	0
HDL	META	17	68	440	5	3.71209526062012	0	0	0	0	0	0	0	0	0	0	0	0	0	0	0	0
HDL	META	17	71	579	5	2.06560158729553	1	4	2	3	1	4	2	3	0	2	0	0	1	2	1	1
HDL	META	17	72	1036	5	9.667564868927	0	0	0	0	0	0	0	0	0	0	0	0	0	0	0	0
HDL	META	17	73	1111	15	70.9068918228149	7	11	12	28	7	10	12	28	0	5	4	9	0	3	3	9
HDL	META	17	74	1559	5	27.4500331878662	0	0	3	26	0	0	3	26	0	0	0	0	0	0	2	23
HDL	META	17	75	1445	5	23.2835404872894	1	2	4	38	1	2	3	37	1	2	2	9	1	2	2	9
HDL	META	17	76	584	5	5.42754912376404	0	0	0	0	0	0	0	0	0	0	0	0	0	0	0	0
HDL	META	17	78	212	5	1.01515650749207	1	1	1	1	1	1	1	1	0	1	1	1	0	0	0	0
HDL	META	17	85	1253	5	15.1538877487183	1	1	1	1	1	1	1	1	0	1	1	1	0	0	0	0
HDL	META	17	87	481	5	2.78006935119629	0	1	1	5	0	1	1	5	0	1	0	0	0	0	0	0
HDL	META	17	90	1204	5	10.988315820694	0	0	1	16	0	0	1	16	0	0	0	0	0	0	1	16
HDL	META	17	93	783	5	7.47800803184509	0	0	0	0	0	0	0	0	0	0	0	0	0	0	0	0
HDL	META	17	94	625	5	5.76825451850891	0	0	0	0	0	0	0	0	0	0	0	0	0	0	0	0
HDL	META	17	97	1426	5	22.409900188446	0	0	0	0	0	0	0	0	0	0	0	0	0	0	0	0
HDL	META	17	98	502	5	5.60025143623352	0	1	2	12	0	1	2	12	0	0	0	0	0	0	0	0
HDL	META	17	99	117	5	0.953023195266724	0	1	0	0	0	1	0	0	0	0	0	0	0	0	0	0
HDL	META	17	100	621	5	2.655118227005	0	1	1	16	0	1	1	16	0	1	0	0	0	0	1	16
HDL	META	17	101	741	5	6.95503759384155	0	2	3	9	0	2	3	9	0	0	1	4	0	0	1	4
HDL	META	17	102	378	5	3.60496091842651	0	0	1	39	0	0	1	39	0	0	0	0	0	0	0	0
HDL	META	17	103	452	5	3.07837796211243	1	1	1	1	1	1	1	1	0	1	1	1	0	1	1	1
HDL	META	17	105	880	5	13.3449306488037	0	0	1	13	0	0	1	13	0	0	0	0	0	0	1	13
HDL	META	17	108	152	5	1.61513042449951	0	0	1	4	0	0	1	4	0	0	0	0	0	0	0	0
HDL	META	17	109	228	5	2.67470049858093	1	2	1	1	1	1	1	1	0	2	1	1	0	0	0	0
HDL	META	17	117	686	5	6.78684210777283	0	0	1	12	0	0	1	12	0	0	0	0	0	0	0	0
HDL	META	17	118	684	5	3.67644047737122	0	1	2	19	0	1	2	19	0	1	1	2	0	0	0	0
HDL	META	17	125	1113	5	12.1558399200439	0	1	3	51	0	1	3	51	0	0	2	10	0	0	1	4
HDL	META	17	133	364	5	2.93706822395325	0	0	2	19	0	0	2	19	0	0	1	15	0	0	2	19
HDL	META	18	1	472	5	4.11781048774719	0	1	2	30	0	1	2	30	0	0	0	0	0	0	0	0
HDL	META	18	7	868	5	7.98635077476501	0	0	0	0	0	0	0	0	0	0	0	0	0	0	0	0
HDL	META	18	8	685	5	6.02294087409973	0	0	1	3	0	0	1	3	0	0	1	3	0	0	1	3
HDL	META	18	27	404	5	1.28060245513916	0	0	0	0	0	0	0	0	0	0	0	0	0	0	0	0
HDL	META	18	28	875	5	6.10664033889771	0	0	0	0	0	0	0	0	0	0	0	0	0	0	0	0
HDL	META	18	39	1649	5	34.6775424480438	0	0	0	0	0	0	0	0	0	0	0	0	0	0	0	0
HDL	META	18	41	1603	5	38.2403497695923	0	0	2	74	0	0	2	74	0	0	0	0	0	0	0	0
HDL	META	18	42	1285	5	22.4956114292145	0	0	2	14	0	0	2	14	0	0	1	4	0	0	0	0
HDL	META	18	44	1110	5	17.7742080688477	0	0	1	6	0	0	1	6	0	0	0	0	0	0	0	0
HDL	META	18	46	1199	5	12.0429406166077	0	0	0	0	0	0	0	0	0	0	0	0	0	0	0	0
HDL	META	18	49	1403	5	37.5325443744659	0	0	1	8	0	0	1	8	0	0	0	0	0	0	0	0
HDL	META	18	52	900	5	6.21972990036011	0	0	1	4	0	0	1	4	0	0	0	0	0	0	0	0
HDL	META	18	53	908	5	9.84575057029724	0	0	1	19	0	0	1	19	0	0	0	0	0	0	0	0
HDL	META	18	58	1129	5	8.97469687461853	0	0	1	34	0	0	1	34	0	0	0	0	0	0	1	34
HDL	META	18	59	1401	5	16.8250007629395	0	0	0	0	0	0	0	0	0	0	0	0	0	0	0	0
HDL	META	18	60	1368	5	14.4844934940338	0	0	1	16	0	0	1	16	0	0	0	0	0	0	1	16
HDL	META	18	61	1210	5	15.3713858127594	0	0	1	7	0	0	1	7	0	0	0	0	0	0	1	7
HDL	META	18	62	1483	5	25.3208887577057	0	0	0	0	0	0	0	0	0	0	0	0	0	0	0	0
HDL	META	18	65	1301	5	21.2939715385437	0	0	0	0	0	0	0	0	0	0	0	0	0	0	0	0
HDL	META	18	66	385	5	1.73276257514954	0	1	0	0	0	1	0	0	0	0	0	0	0	0	0	0
HDL	META	18	67	484	5	3.85508346557617	0	0	0	0	0	0	0	0	0	0	0	0	0	0	0	0
HDL	META	18	68	109	5	0.867588520050049	0	0	0	0	0	0	0	0	0	0	0	0	0	0	0	0
HDL	META	18	69	2270	15	240.680238962173	11	13	13	15	11	12	12	13	5	10	10	11	5	10	10	12
HDL	META	18	73	1810	5	61.8082635402679	0	1	2	30	0	1	2	30	0	0	0	0	0	0	2	30
HDL	META	18	74	1688	5	43.587233543396	0	0	0	0	0	0	0	0	0	0	0	0	0	0	0	0
HDL	META	18	76	951	5	10.0335230827332	0	0	0	0	0	0	0	0	0	0	0	0	0	0	0	0
HDL	META	18	79	481	5	3.28324055671692	0	0	1	14	0	0	1	14	0	0	0	0	0	0	0	0
HDL	META	18	80	918	5	10.8381774425507	0	0	0	0	0	0	0	0	0	0	0	0	0	0	0	0
HDL	META	18	82	1931	5	53.9530882835388	0	1	3	30	0	1	3	30	0	1	1	4	0	1	3	30
HDL	META	18	84	299	5	1.54598879814148	0	0	1	16	0	0	1	16	0	0	0	0	0	0	0	0
HDL	META	18	86	38	5	0.333426713943481	0	1	1	2	0	1	1	2	0	0	0	0	0	1	1	2
HDL	META	19	5	33	5	0.0316238403320312	0	0	0	0	0	0	0	0	0	0	0	0	0	0	0	0
HDL	META	19	6	94	5	0.697060823440552	0	0	0	0	0	0	0	0	0	0	0	0	0	0	0	0
HDL	META	19	10	129	5	0.422724485397339	0	0	0	0	0	0	0	0	0	0	0	0	0	0	0	0
HDL	META	19	11	164	5	1.13978099822998	0	1	0	0	0	1	0	0	0	0	0	0	0	0	0	0
HDL	META	19	12	154	5	0.915639162063599	0	0	2	40	0	0	1	35	0	0	0	0	0	0	1	5
HDL	META	19	16	84	5	0.267306804656982	1	1	1	1	1	1	1	1	0	0	0	0	0	1	1	1
HDL	META	19	19	58	5	0.504394292831421	0	0	2	9	0	0	2	9	0	0	1	4	0	0	1	5
HDL	META	19	22	531	5	4.09260678291321	0	1	1	9	0	1	1	9	0	0	0	0	0	0	0	0
HDL	META	19	25	398	5	2.20501112937927	0	1	1	5	0	1	1	5	0	1	0	0	0	0	0	0
HDL	META	19	29	502	5	3.74903440475464	0	1	1	6	0	1	1	6	0	0	0	0	0	0	0	0
HDL	META	19	30	372	5	1.67014575004578	0	0	2	14	0	0	2	14	0	0	0	0	0	0	1	3
HDL	META	19	32	401	5	3.35329627990723	0	3	2	4	0	3	2	4	0	1	1	2	0	0	1	2
HDL	META	19	33	171	10	4.49990105628967	4	5	8	21	4	5	8	21	3	3	3	3	1	1	1	1
HDL	META	19	34	285	5	1.7154068946838401	0	0	0	0	0	0	0	0	0	0	0	0	0	0	0	0
HDL	META	19	37	791	5	9.2293872833252	0	1	1	4	0	1	1	4	0	1	0	0	0	1	0	0
HDL	META	19	38	214	10	4.42660450935364	2	6	6	26	2	5	6	26	2	6	4	6	1	3	2	3
HDL	META	19	39	963	5	9.73089456558228	0	0	1	8	0	0	1	8	0	0	0	0	0	0	0	0
HDL	META	19	47	579	5	3.70063877105713	0	0	0	0	0	0	0	0	0	0	0	0	0	0	0	0
HDL	META	19	50	98	5	1.44962525367737	0	0	2	26	0	0	2	26	0	0	1	15	0	0	1	11
HDL	META	19	51	415	5	2.0638256072998	0	0	1	10	0	0	1	10	0	0	0	0	0	0	0	0
HDL	META	19	52	394	5	2.89616107940674	1	2	2	11	1	1	2	11	0	0	0	0	0	1	0	0
HDL	META	19	57	1066	5	12.1266736984253	0	0	0	0	0	0	0	0	0	0	0	0	0	0	0	0
HDL	META	19	58	486	5	1.81090521812439	0	0	1	9	0	0	1	9	0	0	0	0	0	0	1	9
HDL	META	19	61	824	5	12.174983263015701	0	0	0	0	0	0	0	0	0	0	0	0	0	0	0	0
HDL	META	19	63	474	5	5.88542604446411	2	3	4	8	2	3	4	8	1	1	3	7	0	1	1	2
HDL	META	19	64	1373	5	18.9094278812408	0	0	1	8	0	0	1	8	0	0	0	0	0	0	0	0
HDL	META	19	67	2221	5	68.7948381900787	0	0	1	25	0	0	1	25	0	0	0	0	0	0	1	25
HDL	META	19	68	524	5	1.94413352012634	0	0	0	0	0	0	0	0	0	0	0	0	0	0	0	0
HDL	META	19	70	529	5	2.50665378570557	0	1	0	0	0	1	0	0	0	0	0	0	0	0	0	0
HDL	META	19	71	92	5	1.14515709877014	0	0	1	6	0	0	1	6	0	0	0	0	0	0	1	6
HDL	META	19	73	175	5	1.10293650627136	0	0	1	10	0	0	1	10	0	0	0	0	0	0	0	0
HDL	META	19	74	1125	5	20.3449559211731	0	0	1	8	0	0	1	8	0	0	0	0	0	0	0	0
HDL	META	19	75	117	10	2.39815354347229	8	10	9	11	7	9	8	10	4	6	6	8	5	7	6	6
HDL	META	19	76	837	5	4.67165899276733	2	4	4	7	2	4	4	7	1	2	2	2	1	2	3	5
HDL	META	19	77	1359	5	16.239030122757	0	1	3	14	0	1	2	11	1	1	1	2	1	2	2	12
HDL	META	19	79	561	5	3.2555205821991	0	0	1	11	0	0	1	11	0	0	0	0	0	0	0	0
HDL	META	19	80	135	5	0.620275020599365	0	1	0	0	0	1	0	0	0	0	0	0	0	0	0	0
HDL	META	19	81	456	5	2.57679057121277	0	1	2	11	0	1	2	11	0	0	0	0	0	1	1	2
HDL	META	19	89	538	5	3.5562527179718	0	0	0	0	0	0	0	0	0	0	0	0	0	0	0	0
HDL	META	19	90	979	5	12.2859663963318	0	2	3	23	0	2	3	23	0	1	1	2	0	1	2	4
HDL	META	19	93	268	5	1.1612856388092	0	1	1	2	0	1	1	2	0	1	0	0	0	0	1	2
HDL	META	19	94	582	5	2.57520747184753	0	1	1	2	0	1	1	2	0	0	1	2	0	0	0	0
HDL	META	19	98	122	5	0.704886913299561	2	3	4	7	2	3	3	6	1	2	1	1	1	1	1	1
HDL	META	19	104	1072	5	3.83184719085693	0	0	1	14	0	0	1	14	0	0	0	0	0	0	0	0
HDL	META	19	109	259	5	0.180944919586182	0	0	1	7	0	0	1	7	0	0	0	0	0	0	0	0
HDL	META	20	1	370	5	2.24573636054993	0	0	0	0	0	0	0	0	0	0	0	0	0	0	0	0
HDL	META	20	2	322	5	2.49379777908325	1	1	1	1	1	1	1	1	0	1	1	1	0	0	0	0
HDL	META	20	3	156	5	0.779019832611084	0	0	0	0	0	0	0	0	0	0	0	0	0	0	0	0
HDL	META	20	11	403	5	1.51285815238953	0	0	1	15	0	0	1	15	0	0	0	0	0	0	0	0
HDL	META	20	22	518	5	4.8504626750946	0	0	0	0	0	0	0	0	0	0	0	0	0	0	0	0
HDL	META	20	23	158	5	1.87063264846802	0	1	1	2	0	1	1	2	0	0	0	0	0	0	0	0
HDL	META	20	24	93	5	0.738971710205078	0	0	0	0	0	0	0	0	0	0	0	0	0	0	0	0
HDL	META	20	29	816	5	4.6123948097229	0	0	0	0	0	0	0	0	0	0	0	0	0	0	0	0
HDL	META	20	40	609	5	3.09325909614563	0	0	1	5	0	0	1	5	0	0	0	0	0	0	1	5
HDL	META	20	42	1464	5	18.8993735313416	0	0	0	0	0	0	0	0	0	0	0	0	0	0	0	0
HDL	META	20	48	1504	5	30.0878818035126	0	1	2	11	0	1	2	11	0	0	1	9	0	1	2	11
HDL	META	20	54	1259	5	16.3655786514282	0	0	1	34	0	0	1	34	0	0	0	0	0	0	0	0
HDL	META	20	59	991	5	10.3700268268585	0	0	0	0	0	0	0	0	0	0	0	0	0	0	0	0
HDL	META	20	62	782	5	13.9283456802368	0	0	1	12	0	0	1	12	0	0	0	0	0	0	0	0
HDL	META	20	63	1988	5	62.2891285419464	0	0	1	3	0	0	1	3	0	0	0	0	0	0	0	0
HDL	META	20	64	519	5	3.12117886543274	0	0	2	28	0	0	1	16	0	0	0	0	0	0	0	0
HDL	META	20	65	1126	5	10.0161292552948	0	0	1	21	0	0	1	21	0	0	0	0	0	0	0	0
HDL	META	20	67	659	5	4.90338230133057	0	0	0	0	0	0	0	0	0	0	0	0	0	0	0	0
HDL	META	20	68	333	5	3.22012829780579	0	0	1	9	0	0	1	9	0	0	1	9	0	0	0	0
HDL	META	20	69	878	5	28.5774762630463	2	2	3	19	2	2	3	19	0	0	0	0	0	0	0	0
HDL	META	20	70	543	5	3.61518216133118	0	0	1	10	0	0	1	10	0	0	0	0	0	0	1	10
HDL	META	20	71	939	10	18.4325315952301	4	6	6	8	4	6	6	8	3	4	4	5	2	4	3	4
HDL	META	20	72	205	5	1.80035901069641	0	0	1	3	0	0	1	3	0	0	0	0	0	0	0	0
HDL	META	20	73	902	5	7.97364664077759	0	0	0	0	0	0	0	0	0	0	0	0	0	0	0	0
HDL	META	20	74	404	10	3.46950960159302	3	5	6	17	2	4	5	16	2	4	4	6	3	4	5	13
HDL	META	20	75	722	5	5.90394473075867	0	2	2	5	0	2	2	5	0	0	0	0	0	1	1	3
HDL	META	20	84	1097	5	12.9716744422913	1	1	2	18	1	1	2	18	0	1	1	1	0	1	1	1
HDL	META	20	86	634	5	2.4871301651001	0	1	0	0	0	1	0	0	0	0	0	0	0	0	0	0
HDL	META	20	93	1393	5	20.1124320030212	1	2	3	6	1	2	2	3	1	1	1	3	1	1	1	3
HDL	META	20	99	624	5	5.73982334136963	0	1	1	2	0	1	1	2	0	1	1	2	0	0	0	0
HDL	META	20	114	2107	5	47.7555685043335	0	1	0	0	0	1	0	0	0	0	0	0	0	0	0	0
HDL	META	20	115	607	5	2.31175971031189	2	2	3	17	2	2	3	17	0	1	1	1	0	0	0	0
HDL	META	21	2	179	5	1.44458723068237	0	2	1	3	0	2	1	3	0	1	0	0	0	0	0	0
HDL	META	21	3	367	5	5.9470067024231	0	1	3	45	0	1	3	45	0	0	0	0	0	1	2	14
HDL	META	21	4	186	5	1.34799194335938	0	0	1	8	0	0	1	8	0	0	0	0	0	0	0	0
HDL	META	21	30	1686	5	30.3938162326813	0	0	1	19	0	0	1	19	0	0	0	0	0	0	1	19
HDL	META	21	37	938	5	11.5859997272491	0	0	0	0	0	0	0	0	0	0	0	0	0	0	0	0
HDL	META	21	41	1628	5	40.0721337795258	1	2	2	8	1	2	2	8	0	0	1	7	0	0	0	0
HDL	META	21	45	1299	5	17.067474603653	0	1	1	5	0	1	1	5	0	0	0	0	0	0	0	0
HDL	META	21	53	631	5	3.0063304901123	0	0	1	8	0	0	1	8	0	0	0	0	0	0	0	0
HDL	META	21	57	406	5	2.03430223464966	0	0	1	4	0	0	1	4	0	0	0	0	0	0	0	0
HDL	META	21	62	501	5	0.88641095161438	1	1	2	6	1	1	2	6	1	1	1	1	0	0	0	0
HDL	META	21	63	1045	5	7.08374094963074	0	0	1	24	0	0	1	24	0	0	0	0	0	0	0	0
HDL	META	21	64	1797	5	17.4393351078033	0	0	1	13	0	0	1	13	0	0	0	0	0	0	0	0
HDL	META	22	13	374	5	1.69321656227112	0	0	1	4	0	0	1	4	0	0	1	4	0	0	1	4
HDL	META	22	14	352	5	2.80337405204773	0	0	0	0	0	0	0	0	0	0	0	0	0	0	0	0
HDL	META	22	24	1145	5	11.6276316642761	0	0	0	0	0	0	0	0	0	0	0	0	0	0	0	0
HDL	META	22	26	462	5	3.07738995552063	0	0	0	0	0	0	0	0	0	0	0	0	0	0	0	0
HDL	META	22	29	988	5	17.3054807186127	1	1	2	21	1	1	2	21	0	0	0	0	0	0	1	20
HDL	META	22	30	3088	5	232.827701568604	0	2	4	40	0	2	4	40	0	0	1	3	0	2	3	20
HDL	META	22	33	586	5	4.07843589782715	0	1	1	2	0	1	1	2	0	1	1	2	0	1	1	2
HDL	META	22	37	731	5	7.97330737113953	0	1	1	3	0	1	1	3	0	0	0	0	0	0	0	0
HDL	META	22	43	615	5	4.25989413261414	0	1	2	8	0	1	2	8	0	1	0	0	0	1	1	2
HDL	META	22	44	433	5	2.02960014343262	0	0	1	39	0	0	1	39	0	0	0	0	0	0	1	39
HDL	META	22	45	571	5	2.96759915351868	0	0	1	16	0	0	1	16	0	0	0	0	0	0	1	16
HDL	META	22	46	1587	5	34.6856591701508	0	0	1	8	0	0	1	8	0	0	0	0	0	0	1	8
HDL	META	22	47	761	5	4.51555061340332	0	0	0	0	0	0	0	0	0	0	0	0	0	0	0	0
HDL	META	22	49	169	5	1.10063409805298	0	1	1	3	0	1	1	3	0	0	0	0	0	1	1	3
HDL	META	22	50	362	5	2.64057183265686	0	1	1	3	0	1	1	3	0	0	0	0	0	0	0	0
HDL	META	22	54	1129	5	6.16304922103882	0	0	0	0	0	0	0	0	0	0	0	0	0	0	0	0
HDL	META	22	59	1848	5	34.6821415424347	0	0	1	56	0	0	1	56	0	0	0	0	0	0	0	0
HDL	META	22	62	1313	5	6.32595634460449	0	0	0	0	0	0	0	0	0	0	0	0	0	0	0	0
HDL	META	22	64	834	5	2.50830388069153	0	1	1	7	0	1	1	7	0	0	0	0	0	0	0	0
HDL	META	22	66	1265	5	5.88372874259949	0	0	0	0	0	0	0	0	0	0	0	0	0	0	0	0
HDL	META	22	70	2005	5	49.5252845287323	0	0	0	0	0	0	0	0	0	0	0	0	0	0	0	0
