pheno	db	pid	chromosome	block	num_variants	time	num_variants_0.95	num_variants_0.5	num_CS95	num_variants_CS95
LDL	META	AFR	1	2	1472	404.989902496338	0	0	0	0
LDL	META	AFR	1	4	1992	550.634509325027	0	0	0	0
LDL	META	AFR	1	17	6619	1969.27114224434	0	0	0	0
LDL	META	AFR	1	19	5388	1465.04767894745	0	0	0	0
LDL	META	AFR	1	23	1856	532.956834077835	0	0	0	0
LDL	META	AFR	1	35	6558	952.256530284882	0	0	0	0
LDL	META	AFR	1	40	2184	660.399261236191	0	0	0	0
LDL	META	AFR	1	48	2575	713.025924682617	0	0	0	0
LDL	META	AFR	1	49	2481	808.593643665314	0	0	0	0
LDL	META	AFR	1	51	2317	468.791792392731	0	0	0	0
LDL	META	AFR	1	52	6619	838.426259756088	0	0	0	0
LDL	META	AFR	1	53	5723	1388.66545534134	0	0	0	0
LDL	META	AFR	1	58	6819	908.13316488266	0	0	0	0
LDL	META	AFR	1	70	4511	1331.67161250114	0	0	0	0
LDL	META	AFR	1	73	6384	1967.81352138519	0	0	0	0
LDL	META	AFR	1	75	7752	2961.62225556374	0	0	0	0
LDL	META	AFR	1	76	3972	986.023057699203	0	0	0	0
LDL	META	AFR	1	78	2455	511.179051399231	0	0	0	0
LDL	META	AFR	1	80	2349	90.2508878707886	0	0	1	6
LDL	META	AFR	1	81	1666	150.874116659164	0	0	1	9
LDL	META	AFR	1	82	3622	509.750212430954	0	0	0	0
LDL	META	AFR	1	83	4259	14530.2215063572	7	9	8	10
LDL	META	AFR	1	84	6650	16100.6036717892	8	10	10	16
LDL	META	AFR	1	85	1976	614.165823936462	0	2	1	9
LDL	META	AFR	1	88	3502	810.12991642952	0	0	0	0
LDL	META	AFR	1	89	3798	908.576562404633	0	0	0	0
LDL	META	AFR	1	92	4457	1035.41826748848	0	0	0	0
LDL	META	AFR	1	94	1059	30.720287322998	0	0	0	0
LDL	META	AFR	1	96	4153	1188.21421003342	0	0	0	0
LDL	META	AFR	1	97	5112	1721.63029575348	1	1	1	1
LDL	META	AFR	1	100	4064	1101.36852049828	0	0	0	0
LDL	META	AFR	1	109	5577	1764.29417681694	0	0	0	0
LDL	META	AFR	1	124	6844	1414.98363900185	0	0	0	0
LDL	META	AFR	1	125	8668	5204.58015847206	2	3	3	18
LDL	META	AFR	1	136	5068	1252.36351585388	0	0	0	0
LDL	META	AFR	1	138	6689	1170.57520031929	1	1	1	1
LDL	META	AFR	1	139	1513	388.985926866531	0	0	0	0
LDL	META	AFR	1	141	2563	693.454087972641	0	0	0	0
LDL	META	AFR	1	145	2809	838.915407896042	0	0	0	0
LDL	META	AFR	1	147	4581	1230.09288907051	0	0	0	0
LDL	META	AFR	1	150	4926	2110.05273413658	0	0	0	0
LDL	META	AFR	1	151	6645	1809.77446126938	0	0	0	0
LDL	META	AFR	1	154	8722	2790.59963107109	0	0	0	0
LDL	META	AFR	1	158	5387	1432.22677540779	0	0	0	0
LDL	META	AFR	1	162	4256	674.693387269974	0	0	0	0
LDL	META	AFR	1	163	3284	1088.19003653526	0	0	0	0
LDL	META	AFR	1	168	5337	999.321656703949	0	0	0	0
LDL	META	AFR	1	169	7103	2588.68770670891	0	0	0	0
LDL	META	AFR	1	175	7083	2303.80095171928	0	0	0	0
LDL	META	AFR	1	182	7601	2753.04605698586	0	0	0	0
LDL	META	AFR	1	183	7176	2333.03323912621	0	0	0	0
LDL	META	AFR	1	187	4677	1675.27078604698	0	0	0	0
LDL	META	AFR	1	188	5325	1741.68429231644	0	0	0	0
LDL	META	AFR	1	189	3739	1169.82455229759	0	0	0	0
LDL	META	AFR	1	191	5189	1621.18783450127	0	0	0	0
LDL	META	AFR	1	192	5202	1214.59950685501	0	0	0	0
LDL	META	AFR	1	201	6278	1425.7900519371	0	0	0	0
LDL	META	AFR	1	202	5171	1721.94475150108	0	0	0	0
LDL	META	AFR	1	205	2040	241.618561983109	0	0	0	0
LDL	META	AFR	1	213	2803	564.984365463257	0	0	0	0
LDL	META	AFR	1	214	2494	788.730635166168	0	0	0	0
LDL	META	AFR	1	216	5669	2092.10698866844	0	0	0	0
LDL	META	AFR	1	221	4849	1990.87857508659	0	0	0	0
LDL	META	AFR	1	223	5525	711.722750902176	0	0	0	0
LDL	META	AFR	1	226	1984	414.898755788803	0	0	0	0
LDL	META	AFR	1	233	6542	1716.39463639259	0	0	0	0
LDL	META	AFR	1	234	7505	654.412200450897	0	0	1	34
LDL	META	AFR	1	238	9842	2989.9191775322	0	0	0	0
LDL	META	AFR	1	239	2309	587.404088258743	0	0	0	0
LDL	META	AFR	1	252	2316	247.450397729874	1	1	2	5
LDL	META	AFR	1	253	822	109.122268676758	0	0	0	0
LDL	META	AFR	1	254	3999	1524.29482793808	0	0	0	0
LDL	META	AFR	1	255	2519	706.333214759827	0	0	0	0
LDL	META	AFR	1	280	10099	2744.34578895569	0	0	0	0
LDL	META	AFR	2	6	2716	726.524049043655	0	0	0	0
LDL	META	AFR	2	19	825	164.647476911545	0	0	0	0
LDL	META	AFR	2	21	1674	352.530961990356	0	0	0	0
LDL	META	AFR	2	27	2245	651.348426818848	0	0	0	0
LDL	META	AFR	2	34	6265	339.493247509003	0	0	0	0
LDL	META	AFR	2	37	2303	209.893540143967	0	0	0	0
LDL	META	AFR	2	38	4925	1220.2619702816	0	0	0	0
LDL	META	AFR	2	39	2296	223.847952604294	0	0	0	0
LDL	META	AFR	2	40	7094	496.288007736206	0	0	1	3
LDL	META	AFR	2	41	3250	251.251058101654	0	0	1	6
LDL	META	AFR	2	42	298	25.1748542785645	1	2	1	1
LDL	META	AFR	2	43	714	59.0870642662048	1	2	2	5
LDL	META	AFR	2	44	3342	19978.3558986187	5	9	9	19
LDL	META	AFR	2	45	5978	12403.4023554325	1	2	3	19
LDL	META	AFR	2	46	2604	398.535239696503	0	1	1	2
LDL	META	AFR	2	47	7471	2518.79272055626	0	1	1	8
LDL	META	AFR	2	48	4608	1197.82683157921	0	1	0	0
LDL	META	AFR	2	49	7290	1915.80227351189	0	1	0	0
LDL	META	AFR	2	50	4163	927.945280313492	0	0	0	0
LDL	META	AFR	2	51	4755	426.817025899887	0	0	0	0
LDL	META	AFR	2	53	3091	489.2116792202	0	0	0	0
LDL	META	AFR	2	69	5620	1551.70006775856	0	0	0	0
LDL	META	AFR	2	71	4440	1280.95696616173	1	2	2	4
LDL	META	AFR	2	72	7365	2139.4100883007	1	1	1	1
LDL	META	AFR	2	74	2491	677.558664798737	0	0	0	0
LDL	META	AFR	2	75	2977	519.284073352814	0	0	0	0
LDL	META	AFR	2	77	2882	637.603374004364	0	0	0	0
LDL	META	AFR	2	84	14498	2631.00831699371	0	0	0	0
LDL	META	AFR	2	86	5708	1041.0443983078	0	0	0	0
LDL	META	AFR	2	87	2015	558.710339546204	0	0	0	0
LDL	META	AFR	2	88	16740	5505.37479734421	0	0	0	0
LDL	META	AFR	2	89	4268	1695.93244123459	0	0	0	0
LDL	META	AFR	2	97	6392	1180.37457537651	0	0	0	0
LDL	META	AFR	2	99	3744	1221.97836041451	0	0	0	0
LDL	META	AFR	2	100	5073	1746.59184789658	0	0	0	0
LDL	META	AFR	2	115	8462	1714.2341132164	0	0	0	0
LDL	META	AFR	2	121	7623	2567.23643040657	0	0	0	0
LDL	META	AFR	2	122	3357	1179.3928501606	0	0	0	0
LDL	META	AFR	2	124	6304	2118.70848417282	0	0	0	0
LDL	META	AFR	2	127	10494	3300.42947006226	0	0	0	0
LDL	META	AFR	2	128	8920	2015.12909722328	0	0	0	0
LDL	META	AFR	2	130	972	95.9652967453003	0	0	0	0
LDL	META	AFR	2	131	267	8.02704572677612	0	0	0	0
LDL	META	AFR	2	138	7521	2592.29894924164	0	0	0	0
LDL	META	AFR	2	145	2691	236.469882726669	0	0	0	0
LDL	META	AFR	2	146	7338	2108.09195327759	0	0	0	0
LDL	META	AFR	2	147	11956	2004.4895131588	0	0	0	0
LDL	META	AFR	2	152	4175	1073.05396652222	0	0	0	0
LDL	META	AFR	2	162	2765	886.873599767685	0	0	0	0
LDL	META	AFR	2	163	346	7.86603045463562	0	0	0	0
LDL	META	AFR	2	166	11540	1376.52138328552	0	0	0	0
LDL	META	AFR	2	168	5132	991.758189678192	0	0	0	0
LDL	META	AFR	2	172	1571	349.233109951019	0	0	0	0
LDL	META	AFR	2	177	5697	1866.57256484032	0	0	0	0
LDL	META	AFR	2	181	7110	3073.71626448631	0	0	0	0
LDL	META	AFR	2	184	9623	1502.14362621307	0	0	0	0
LDL	META	AFR	2	192	7048	1866.17106342316	0	0	0	0
LDL	META	AFR	2	198	4605	1386.71453309059	0	0	0	0
LDL	META	AFR	2	199	7545	1730.70397138596	0	0	0	0
LDL	META	AFR	2	205	3574	1226.38180065155	0	0	0	0
LDL	META	AFR	2	208	11091	3360.60871124268	0	0	0	0
LDL	META	AFR	2	212	5673	2050.15881109238	0	0	0	0
LDL	META	AFR	2	213	12646	3312.73097085953	0	0	0	0
LDL	META	AFR	2	217	3417	1102.80029582977	0	0	0	0
LDL	META	AFR	2	232	2710	604.883817672729	0	0	0	0
LDL	META	AFR	2	237	4890	879.600024223328	0	0	0	0
LDL	META	AFR	2	240	4368	1606.05502033234	0	0	0	0
LDL	META	AFR	2	242	4041	1239.67438459396	0	0	0	0
LDL	META	AFR	2	250	9156	1371.59970211983	0	0	0	0
LDL	META	AFR	2	256	5481	1569.5129365921	0	0	0	0
LDL	META	AFR	3	24	6107	672.518081903458	0	0	0	0
LDL	META	AFR	3	41	7590	2544.58417439461	0	0	0	0
LDL	META	AFR	3	43	4631	1014.269510746	0	0	0	0
LDL	META	AFR	3	51	2523	176.30788230896	0	0	1	4
LDL	META	AFR	3	56	4792	1549.1766872406	0	0	0	0
LDL	META	AFR	3	70	5844	1978.94856905937	0	0	0	0
LDL	META	AFR	3	71	7615	1161.98990011215	0	0	0	0
LDL	META	AFR	3	83	8358	2064.86745047569	0	0	0	0
LDL	META	AFR	3	88	5089	1372.21875309944	0	0	0	0
LDL	META	AFR	3	89	5797	966.805577039719	0	0	0	0
LDL	META	AFR	3	104	12234	2682.3491499424	0	0	0	0
LDL	META	AFR	3	107	5065	1412.90994119644	0	0	0	0
LDL	META	AFR	3	109	11353	1192.58257365227	0	0	0	0
LDL	META	AFR	3	120	5358	635.800815582275	0	0	0	0
LDL	META	AFR	3	121	6403	1920.19374465942	0	0	0	0
LDL	META	AFR	3	122	1429	171.834768533707	0	0	0	0
LDL	META	AFR	3	123	2258	624.058208703995	0	0	0	0
LDL	META	AFR	3	125	5709	1533.50386285782	0	0	0	0
LDL	META	AFR	3	127	6931	1297.71877598763	0	0	0	0
LDL	META	AFR	3	128	2851	754.922422885895	0	0	0	0
LDL	META	AFR	3	129	3235	875.450901269913	0	0	0	0
LDL	META	AFR	3	132	9026	2784.40698289871	0	0	0	0
LDL	META	AFR	3	135	5546	1269.96175169945	0	0	0	0
LDL	META	AFR	3	140	6801	1682.73948168755	0	0	0	0
LDL	META	AFR	3	145	6700	2724.38349556923	0	0	0	0
LDL	META	AFR	3	148	5962	2407.19731044769	0	0	0	0
LDL	META	AFR	3	149	4927	1486.70028972626	0	0	0	0
LDL	META	AFR	3	150	5539	1826.85693216324	0	0	0	0
LDL	META	AFR	3	154	1407	274.447599172592	0	0	0	0
LDL	META	AFR	3	155	5451	1519.02186632156	0	0	0	0
LDL	META	AFR	3	158	6737	2374.11010694504	0	0	0	0
LDL	META	AFR	3	159	5503	1286.78835391998	0	0	0	0
LDL	META	AFR	3	161	7943	2350.30495119095	0	0	0	0
LDL	META	AFR	3	165	6166	1157.40519428253	0	0	0	0
LDL	META	AFR	3	166	12444	1621.56703782082	0	0	0	0
LDL	META	AFR	3	172	4335	984.566655874252	0	0	0	0
LDL	META	AFR	3	173	2587	817.84544968605	0	0	0	0
LDL	META	AFR	3	175	1755	401.479449272156	0	0	0	0
LDL	META	AFR	3	186	7418	1025.94682335854	0	0	0	0
LDL	META	AFR	3	190	3623	1038.84548211098	0	0	0	0
LDL	META	AFR	3	195	11407	1625.48423433304	0	0	0	0
LDL	META	AFR	3	214	7491	2653.93517971039	0	0	0	0
LDL	META	AFR	3	216	3834	623.860701560974	0	0	0	0
LDL	META	AFR	4	1	18183	5863.4860124588	0	0	0	0
LDL	META	AFR	4	15	2772	778.165778160095	0	0	0	0
LDL	META	AFR	4	19	2793	756.775744438171	0	0	0	0
LDL	META	AFR	4	21	10021	2819.67059779167	0	0	0	0
LDL	META	AFR	4	28	5101	1425.04197907448	0	0	0	0
LDL	META	AFR	4	30	3052	948.979618549347	0	0	0	0
LDL	META	AFR	4	42	894	149.292707681656	0	0	0	0
LDL	META	AFR	4	43	3026	1090.26504349709	0	0	0	0
LDL	META	AFR	4	55	5412	1988.65684080124	0	0	0	0
LDL	META	AFR	4	57	1167	272.147657394409	0	0	0	0
LDL	META	AFR	4	64	8992	1727.48052096367	0	0	0	0
LDL	META	AFR	4	65	3570	1339.7545735836	0	0	0	0
LDL	META	AFR	4	66	4811	1890.37122511864	0	0	0	0
LDL	META	AFR	4	71	2357	799.547804117203	0	0	0	0
LDL	META	AFR	4	79	4772	1004.38016247749	0	0	0	0
LDL	META	AFR	4	80	6787	1514.87549114227	0	0	0	0
LDL	META	AFR	4	84	6625	1193.02167582512	0	0	0	0
LDL	META	AFR	4	85	2127	263.996018886566	0	0	0	0
LDL	META	AFR	4	86	464	56.5393512248993	0	0	0	0
LDL	META	AFR	4	87	9146	1899.87121510506	0	0	0	0
LDL	META	AFR	4	90	6228	2069.33779668808	0	0	0	0
LDL	META	AFR	4	92	5146	866.886038780212	0	0	0	0
LDL	META	AFR	4	101	7532	853.972803115845	0	0	0	0
LDL	META	AFR	4	113	7040	2290.65869641304	0	0	0	0
LDL	META	AFR	4	115	2991	994.132575511932	0	0	0	0
LDL	META	AFR	4	116	5697	2031.74109530449	0	0	0	0
LDL	META	AFR	4	117	6420	1860.86352276802	0	0	0	0
LDL	META	AFR	4	121	5308	1561.13703155518	0	0	0	0
LDL	META	AFR	4	122	2045	116.007893323898	0	0	0	0
LDL	META	AFR	4	129	7572	1292.22145032883	0	0	0	0
LDL	META	AFR	4	130	6734	2036.28152990341	0	0	0	0
LDL	META	AFR	4	134	10283	3079.07226657867	0	0	0	0
LDL	META	AFR	4	136	9190	2272.99942374229	0	0	0	0
LDL	META	AFR	4	148	4312	1292.97570729256	0	0	0	0
LDL	META	AFR	4	156	9122	2553.71029472351	0	0	0	0
LDL	META	AFR	4	159	2533	292.410561323166	0	0	0	0
LDL	META	AFR	4	161	2367	735.200231075287	0	0	0	0
LDL	META	AFR	4	162	4199	1330.66392087936	0	0	0	0
LDL	META	AFR	4	203	2966	1037.28465175629	0	0	0	0
LDL	META	AFR	5	6	2028	293.745542049408	0	0	0	0
LDL	META	AFR	5	17	3936	1380.75521063805	0	0	0	0
LDL	META	AFR	5	55	1422	352.824087619781	0	0	0	0
LDL	META	AFR	5	64	6972	2155.25570416451	0	0	0	0
LDL	META	AFR	5	69	2397	853.495566129684	0	0	0	0
LDL	META	AFR	5	71	7801	2498.23280739784	0	0	0	0
LDL	META	AFR	5	81	4440	769.633224010468	0	0	0	0
LDL	META	AFR	5	82	3086	1068.77156090736	0	0	0	0
LDL	META	AFR	5	84	871	154.229591846466	0	0	0	0
LDL	META	AFR	5	85	6561	1185.5412838459	0	1	1	8
LDL	META	AFR	5	86	83	7.68970346450806	0	0	0	0
LDL	META	AFR	5	109	3336	783.673835277557	0	0	0	0
LDL	META	AFR	5	127	11072	2905.45016121864	0	0	0	0
LDL	META	AFR	5	130	7783	2722.7024936676	0	0	0	0
LDL	META	AFR	5	134	4128	294.976800441742	0	0	1	17
LDL	META	AFR	5	144	5662	2094.19412970543	0	0	0	0
LDL	META	AFR	5	146	7648	2442.92381072044	0	0	0	0
LDL	META	AFR	5	147	3097	801.357133150101	0	0	0	0
LDL	META	AFR	5	148	94	7.83337378501892	0	0	0	0
LDL	META	AFR	5	156	4575	912.658087968826	0	0	0	0
LDL	META	AFR	5	157	2662	837.869356870651	0	0	0	0
LDL	META	AFR	5	158	3934	1359.29911732674	0	0	0	0
LDL	META	AFR	5	165	3077	528.925805091858	0	0	0	0
LDL	META	AFR	5	166	6099	5152.62680888176	0	2	2	4
LDL	META	AFR	5	167	4973	834.180448293686	0	0	0	0
LDL	META	AFR	5	202	3745	1148.87421894073	0	0	0	0
LDL	META	AFR	5	207	4845	1863.19417738914	0	0	0	0
LDL	META	AFR	6	19	4685	1417.09972906113	0	0	0	0
LDL	META	AFR	6	20	3079	1043.93569326401	0	0	0	0
LDL	META	AFR	6	25	4625	1529.58223485947	0	0	0	0
LDL	META	AFR	6	27	2939	899.057063579559	0	0	0	0
LDL	META	AFR	6	34	5438	1755.75242066383	0	0	0	0
LDL	META	AFR	6	35	1961	452.074308872223	0	0	0	0
LDL	META	AFR	6	39	8602	1337.66238903999	0	0	0	0
LDL	META	AFR	6	43	5409	1813.98598408699	0	0	0	0
LDL	META	AFR	6	44	995	209.224451303482	0	0	0	0
LDL	META	AFR	6	47	6811	1871.68533945084	0	0	0	0
LDL	META	AFR	6	51	10938	3044.13735818863	0	0	0	0
LDL	META	AFR	6	53	3305	1123.21468663216	0	0	0	0
LDL	META	AFR	6	56	3174	1150.84814047813	0	0	0	0
LDL	META	AFR	6	58	5359	1160.72311234474	0	0	0	0
LDL	META	AFR	6	63	5242	1443.61381053925	0	0	0	0
LDL	META	AFR	6	64	584	73.7029404640198	0	0	0	0
LDL	META	AFR	6	65	1517	219.829488515854	0	0	0	0
LDL	META	AFR	6	71	20696	3967.3137922287	0	0	0	0
LDL	META	AFR	6	72	2114	365.972490549088	0	0	0	0
LDL	META	AFR	6	73	809	118.279456853867	0	0	0	0
LDL	META	AFR	6	75	756	123.879627943039	0	0	0	0
LDL	META	AFR	6	76	10261	2667.38895320892	0	0	0	0
LDL	META	AFR	6	87	8807	3290.20636820793	0	0	0	0
LDL	META	AFR	6	88	15999	3819.42007637024	0	0	0	0
LDL	META	AFR	6	100	74	3.11756229400635	0	0	0	0
LDL	META	AFR	6	101	5427	1131.22121691704	0	0	0	0
LDL	META	AFR	6	105	5063	1390.48680257797	0	0	0	0
LDL	META	AFR	6	106	4217	1805.46694040298	0	0	0	0
LDL	META	AFR	6	109	4835	1583.83853554726	0	0	0	0
LDL	META	AFR	6	115	12197	3543.26297402382	0	0	0	0
LDL	META	AFR	6	117	10303	3058.55385875702	0	0	0	0
LDL	META	AFR	6	124	8229	2249.53683185577	0	0	0	0
LDL	META	AFR	6	127	4140	1239.3180077076	0	0	0	0
LDL	META	AFR	6	128	5865	712.608526945114	0	0	0	0
LDL	META	AFR	6	134	4084	1121.53212285042	0	0	0	0
LDL	META	AFR	6	136	2567	76.5370178222656	0	0	0	0
LDL	META	AFR	6	140	3506	442.129415273666	0	0	0	0
LDL	META	AFR	6	154	3903	1374.19116854668	0	0	0	0
LDL	META	AFR	6	158	4514	1597.71776127815	0	0	0	0
LDL	META	AFR	6	160	5628	1865.38307189941	0	0	0	0
LDL	META	AFR	6	168	6860	1858.59571075439	0	0	0	0
LDL	META	AFR	6	169	11513	25270.9828221798	4	6	8	17
LDL	META	AFR	6	170	2171	557.620038032532	0	0	0	0
LDL	META	AFR	6	180	642	100.695630311966	0	0	0	0
LDL	META	AFR	6	183	3292	1130.45662522316	0	0	0	0
LDL	META	AFR	6	187	3719	453.109110355377	0	0	0	0
LDL	META	AFR	7	3	4576	504.641485691071	0	0	1	26
LDL	META	AFR	7	5	7295	1141.79624795914	0	0	0	0
LDL	META	AFR	7	6	3813	1119.19666147232	0	0	0	0
LDL	META	AFR	7	11	4977	849.351319551468	0	0	0	0
LDL	META	AFR	7	12	8755	2785.72085762024	0	0	0	0
LDL	META	AFR	7	13	3555	1157.68440771103	0	0	0	0
LDL	META	AFR	7	33	7276	2316.12390804291	0	0	0	0
LDL	META	AFR	7	37	5774	923.148792743683	0	0	0	0
LDL	META	AFR	7	41	5445	1316.45439791679	0	0	0	0
LDL	META	AFR	7	42	5383	1569.21569728851	0	1	0	0
LDL	META	AFR	7	44	1131	124.388621330261	0	0	0	0
LDL	META	AFR	7	50	3872	891.164619207382	0	0	0	0
LDL	META	AFR	7	58	5367	1486.06251573563	0	0	0	0
LDL	META	AFR	7	66	2336	684.747012376785	0	0	0	0
LDL	META	AFR	7	67	14085	9830.1059384346	1	4	3	7
LDL	META	AFR	7	74	2473	207.467321395874	0	0	0	0
LDL	META	AFR	7	85	7189	654.577880620956	0	0	0	0
LDL	META	AFR	7	88	8808	2557.82316708565	0	0	0	0
LDL	META	AFR	7	89	4350	980.25580239296	0	0	0	0
LDL	META	AFR	7	95	3291	1106.71413016319	0	0	0	0
LDL	META	AFR	7	99	8507	2346.11950325966	0	0	0	0
LDL	META	AFR	7	103	4146	1001.0871694088	0	0	0	0
LDL	META	AFR	7	109	4707	1392.70188450813	0	0	0	0
LDL	META	AFR	7	111	8158	1525.73433065414	0	0	0	0
LDL	META	AFR	7	112	3672	1255.61288046837	0	0	0	0
LDL	META	AFR	7	113	6938	1494.46080613136	0	0	0	0
LDL	META	AFR	7	114	9495	1518.44732689857	0	0	0	0
LDL	META	AFR	7	119	3646	933.752998352051	0	0	0	0
LDL	META	AFR	7	132	12280	2329.03817820549	0	0	0	0
LDL	META	AFR	7	133	11013	2703.27876162529	0	0	0	0
LDL	META	AFR	7	134	3163	1127.30602145195	0	0	0	0
LDL	META	AFR	7	138	7908	1570.56041669846	0	0	0	0
LDL	META	AFR	7	139	1616	306.321352958679	0	0	0	0
LDL	META	AFR	7	141	8185	1588.067258358	0	2	2	4
LDL	META	AFR	7	147	2655	626.633275270462	0	0	0	0
LDL	META	AFR	7	152	2961	895.808032989502	0	0	0	0
LDL	META	AFR	7	162	10902	3451.95746445656	0	0	0	0
LDL	META	AFR	7	176	1091	217.806534290314	0	0	0	0
LDL	META	AFR	7	177	1763	316.121932506561	0	0	0	0
LDL	META	AFR	7	187	8681	2149.25611615181	0	0	0	0
LDL	META	AFR	8	17	5540	1560.68304944038	0	0	0	0
LDL	META	AFR	8	29	9680	2582.0900683403	0	0	0	0
LDL	META	AFR	8	36	1815	38.3068675994873	0	1	0	0
LDL	META	AFR	8	39	3964	517.322671890259	0	0	0	0
LDL	META	AFR	8	42	6598	2116.87352991104	0	0	0	0
LDL	META	AFR	8	44	1977	564.806604862213	0	0	0	0
LDL	META	AFR	8	45	4296	1279.12385964394	0	0	0	0
LDL	META	AFR	8	56	4884	1658.3174200058	0	0	0	0
LDL	META	AFR	8	57	3464	292.778545856476	0	0	0	0
LDL	META	AFR	8	59	3075	631.301215410233	0	0	0	0
LDL	META	AFR	8	65	3275	1127.39439630508	0	0	0	0
LDL	META	AFR	8	68	4334	275.742917537689	0	0	1	6
LDL	META	AFR	8	69	9028	2336.04160881042	0	0	0	0
LDL	META	AFR	8	71	5815	1449.29273509979	0	0	0	0
LDL	META	AFR	8	75	1495	387.965968370438	0	0	0	0
LDL	META	AFR	8	78	1104	215.87819647789	0	0	0	0
LDL	META	AFR	8	79	3659	1413.91875338554	0	0	0	0
LDL	META	AFR	8	81	5715	1950.78653144836	0	0	0	0
LDL	META	AFR	8	83	9665	3031.77931666374	0	0	0	0
LDL	META	AFR	8	85	5074	1602.14234828949	0	0	0	0
LDL	META	AFR	8	88	6083	799.625165224075	0	0	0	0
LDL	META	AFR	8	90	7690	2535.94535326958	0	0	0	0
LDL	META	AFR	8	101	4298	1282.1816432476	0	0	0	0
LDL	META	AFR	8	106	5377	1713.82343816757	0	0	0	0
LDL	META	AFR	8	113	3762	873.201795816422	0	0	0	0
LDL	META	AFR	8	124	3305	505.908085346222	0	0	0	0
LDL	META	AFR	8	125	1434	62.619359254837	0	0	0	0
LDL	META	AFR	8	135	4245	1258.28691411018	0	0	0	0
LDL	META	AFR	8	153	2405	602.88281083107	0	0	0	0
LDL	META	AFR	8	159	4397	1462.61767792702	0	0	0	0
LDL	META	AFR	8	160	4742	557.278111696243	0	0	0	0
LDL	META	AFR	9	4	4547	214.828508377075	1	1	1	1
LDL	META	AFR	9	5	1171	283.745460510254	0	0	0	0
LDL	META	AFR	9	13	8695	1584.82950592041	0	0	0	0
LDL	META	AFR	9	33	4894	1528.32881999016	0	0	0	0
LDL	META	AFR	9	36	4545	843.872856378555	0	0	0	0
LDL	META	AFR	9	39	2031	526.134609460831	0	0	0	0
LDL	META	AFR	9	40	8635	2037.59298348427	0	0	0	0
LDL	META	AFR	9	51	2722	909.974482774734	0	0	0	0
LDL	META	AFR	9	53	8737	2828.01740002632	0	0	0	0
LDL	META	AFR	9	62	6852	1210.62568020821	0	0	0	0
LDL	META	AFR	9	69	3205	1013.78972244263	0	0	0	0
LDL	META	AFR	9	70	1989	541.077805519104	0	0	0	0
LDL	META	AFR	9	72	1344	271.296430587769	0	0	0	0
LDL	META	AFR	9	73	3467	406.792265415192	0	1	0	0
LDL	META	AFR	9	80	9353	1818.80618596077	0	0	0	0
LDL	META	AFR	9	84	4231	1452.16732883453	0	0	0	0
LDL	META	AFR	9	89	1368	267.589983463287	0	0	0	0
LDL	META	AFR	9	93	5615	1417.01366639137	0	0	0	0
LDL	META	AFR	9	99	3825	1316.85791826248	0	0	0	0
LDL	META	AFR	9	102	7288	1378.04281044006	0	0	0	0
LDL	META	AFR	9	104	1842	534.383600234985	0	0	0	0
LDL	META	AFR	9	110	8514	2039.45824718475	0	1	1	4
LDL	META	AFR	9	111	323	34.4384622573853	0	0	0	0
LDL	META	AFR	9	112	7391	309.69063782692	0	0	1	5
LDL	META	AFR	9	114	2476	566.531653881073	0	0	0	0
LDL	META	AFR	9	115	7700	1457.11255145073	0	0	0	0
LDL	META	AFR	9	116	3663	738.342735290527	0	0	0	0
LDL	META	AFR	9	118	9347	2735.57226395607	0	0	0	0
LDL	META	AFR	9	119	3647	337.976691961288	0	1	0	0
LDL	META	AFR	9	124	3488	514.405009269714	0	0	0	0
LDL	META	AFR	9	125	4830	451.23055267334	0	0	0	0
LDL	META	AFR	9	134	9747	2413.82111406326	0	0	0	0
LDL	META	AFR	9	140	10124	1298.11628246307	0	0	0	0
LDL	META	AFR	9	144	3524	992.5283639431	0	0	0	0
LDL	META	AFR	9	145	3946	1480.36836957932	0	0	0	0
LDL	META	AFR	9	148	2621	679.51722407341	0	0	0	0
LDL	META	AFR	9	149	3570	77.1444792747498	0	0	1	4
LDL	META	AFR	9	153	280	29.4295279979706	0	0	0	0
LDL	META	AFR	9	160	1404	256.053445339203	0	0	0	0
LDL	META	AFR	9	161	1290	318.140162944794	0	0	0	0
LDL	META	AFR	10	14	5554	1035.02687716484	0	0	0	0
LDL	META	AFR	10	22	4782	579.853580236435	0	0	0	0
LDL	META	AFR	10	30	1380	27.8285992145538	0	1	0	0
LDL	META	AFR	10	43	3973	859.804809808731	0	0	0	0
LDL	META	AFR	10	45	6405	1530.82065248489	0	0	0	0
LDL	META	AFR	10	46	6778	2082.29726171494	0	0	0	0
LDL	META	AFR	10	52	6542	1981.3042280674	0	0	0	0
LDL	META	AFR	10	53	3489	1039.00406002998	0	0	0	0
LDL	META	AFR	10	59	4346	1731.58057570457	0	0	0	0
LDL	META	AFR	10	60	7936	890.55909204483	0	0	0	0
LDL	META	AFR	10	67	4310	1265.39255189896	0	0	0	0
LDL	META	AFR	10	69	5933	1916.31045389175	0	0	0	0
LDL	META	AFR	10	70	6209	1621.14988780022	0	0	0	0
LDL	META	AFR	10	73	3755	1160.84107494354	0	0	0	0
LDL	META	AFR	10	80	6005	2035.43728661537	0	0	0	0
LDL	META	AFR	10	81	7078	2985.8180513382	0	0	0	0
LDL	META	AFR	10	84	11182	1902.88837790489	0	0	0	0
LDL	META	AFR	10	85	1896	534.630726575851	0	0	0	0
LDL	META	AFR	10	92	10840	1851.98025274277	0	0	0	0
LDL	META	AFR	10	100	1749	438.231210947037	0	0	0	0
LDL	META	AFR	10	101	5465	2278.5835545063	0	0	0	0
LDL	META	AFR	10	109	6726	2077.62527179718	0	0	0	0
LDL	META	AFR	10	110	2032	524.316849708557	0	0	0	0
LDL	META	AFR	10	112	1281	306.460415840149	0	0	0	0
LDL	META	AFR	10	113	4246	1120.39936089516	0	0	0	0
LDL	META	AFR	10	117	7935	829.007043838501	0	0	0	0
LDL	META	AFR	10	120	5587	1345.71513795853	0	0	0	0
LDL	META	AFR	10	121	3453	1141.49305176735	0	0	0	0
LDL	META	AFR	10	126	7177	2719.66626977921	0	0	0	0
LDL	META	AFR	10	127	2357	261.987798452377	0	0	0	0
LDL	META	AFR	10	128	605	104.296432495117	0	0	0	0
LDL	META	AFR	10	129	8132	1310.30825662613	0	0	0	0
LDL	META	AFR	10	131	7402	596.78002166748	0	0	0	0
LDL	META	AFR	10	137	6987	2444.62198829651	0	0	0	0
LDL	META	AFR	10	138	1225	203.768944978714	0	0	0	0
LDL	META	AFR	10	142	2361	748.462626934052	0	0	0	0
LDL	META	AFR	10	144	2769	784.263779878616	0	0	0	0
LDL	META	AFR	10	150	6001	830.297537326813	0	0	0	0
LDL	META	AFR	10	152	3853	948.829210519791	0	0	0	0
LDL	META	AFR	10	154	8821	2174.53145289421	0	0	0	0
LDL	META	AFR	11	2	4307	1527.61358499527	0	0	0	0
LDL	META	AFR	11	3	4367	801.686881065369	0	0	0	0
LDL	META	AFR	11	4	3345	620.869241476059	0	0	0	0
LDL	META	AFR	11	7	2487	718.78822183609	0	0	0	0
LDL	META	AFR	11	12	7202	700.927010059357	0	1	1	3
LDL	META	AFR	11	18	10414	3014.77075123787	0	0	0	0
LDL	META	AFR	11	22	2157	390.77877664566	0	0	0	0
LDL	META	AFR	11	28	3437	709.79109120369	0	0	0	0
LDL	META	AFR	11	30	3407	245.752165794373	0	0	0	0
LDL	META	AFR	11	31	3226	839.562191724777	0	0	0	0
LDL	META	AFR	11	33	4167	1264.90343928337	0	0	0	0
LDL	META	AFR	11	51	4832	1681.23850536346	0	0	0	0
LDL	META	AFR	11	56	1001	127.623961448669	0	0	0	0
LDL	META	AFR	11	75	3576	1037.73545622826	0	0	0	0
LDL	META	AFR	11	76	4249	939.768511295319	0	0	0	0
LDL	META	AFR	11	78	4471	1854.80279326439	0	0	0	0
LDL	META	AFR	11	79	9695	1184.65338683128	0	0	0	0
LDL	META	AFR	11	81	3986	454.102033138275	0	0	0	0
LDL	META	AFR	11	82	1138	253.825234889984	0	0	0	0
LDL	META	AFR	11	86	5914	522.420817136765	0	0	0	0
LDL	META	AFR	11	90	10084	1253.109126091	0	0	0	0
LDL	META	AFR	11	107	1829	377.090450763702	0	0	0	0
LDL	META	AFR	11	108	1720	335.938650131226	0	0	0	0
LDL	META	AFR	11	115	5952	1917.18321537971	0	0	0	0
LDL	META	AFR	11	117	10692	1971.76502561569	0	0	0	0
LDL	META	AFR	11	123	3009	903.061942577362	0	0	0	0
LDL	META	AFR	11	125	4153	1109.24090719223	0	0	0	0
LDL	META	AFR	11	129	4585	571.439134836197	0	0	0	0
LDL	META	AFR	11	133	4776	1732.83660888672	0	0	0	0
LDL	META	AFR	11	139	184	21.0870611667633	0	0	0	0
LDL	META	AFR	11	140	2539	558.987509727478	0	0	0	0
LDL	META	AFR	11	142	5491	937.833828449249	0	0	0	0
LDL	META	AFR	11	147	8728	2231.3150203228	0	0	0	0
LDL	META	AFR	11	163	755	40.9390323162079	0	0	0	0
LDL	META	AFR	12	1	2836	782.598609447479	0	0	0	0
LDL	META	AFR	12	4	3223	1035.04611492157	0	0	0	0
LDL	META	AFR	12	12	1658	398.360667705536	0	0	0	0
LDL	META	AFR	12	17	2149	639.604697942734	0	0	0	0
LDL	META	AFR	12	18	4432	1767.39895486832	0	0	0	0
LDL	META	AFR	12	23	6211	2315.82637524605	0	0	0	0
LDL	META	AFR	12	29	641	116.610304832458	0	0	0	0
LDL	META	AFR	12	33	4172	1064.42305231094	0	0	0	0
LDL	META	AFR	12	42	9608	1700.81467604637	0	0	0	0
LDL	META	AFR	12	45	3750	1175.31619000435	0	0	0	0
LDL	META	AFR	12	47	1512	372.438020706177	0	0	0	0
LDL	META	AFR	12	49	5817	1854.64146828651	0	0	0	0
LDL	META	AFR	12	51	3456	1050.33909511566	0	0	0	0
LDL	META	AFR	12	59	6839	1186.85454177856	0	0	0	0
LDL	META	AFR	12	61	3781	835.192843914032	0	0	0	0
LDL	META	AFR	12	62	4136	364.171864271164	0	0	0	0
LDL	META	AFR	12	63	5032	1301.47683501244	0	0	0	0
LDL	META	AFR	12	64	3343	309.707664728165	0	1	0	0
LDL	META	AFR	12	66	5580	598.220490217209	0	1	1	2
LDL	META	AFR	12	67	3004	818.345957040787	0	0	0	0
LDL	META	AFR	12	69	5657	210.16096663475	0	1	1	4
LDL	META	AFR	12	71	6653	2085.63002085686	0	0	0	0
LDL	META	AFR	12	72	17737	3022.92566585541	0	0	0	0
LDL	META	AFR	12	82	5805	1454.12677454948	0	0	0	0
LDL	META	AFR	12	97	8335	2523.78212690353	0	0	0	0
LDL	META	AFR	12	98	3513	958.925134897232	0	0	0	0
LDL	META	AFR	12	110	6793	693.879699707031	0	0	0	0
LDL	META	AFR	12	112	622	4.06632375717163	0	0	0	0
LDL	META	AFR	12	113	4919	956.505726575851	0	0	0	0
LDL	META	AFR	12	114	4788	1594.21369290352	0	0	0	0
LDL	META	AFR	12	115	3574	1283.43488097191	0	0	0	0
LDL	META	AFR	12	117	5352	1635.57716798782	0	0	0	0
LDL	META	AFR	12	120	2438	650.310070037842	0	0	0	0
LDL	META	AFR	12	121	3614	1136.88118314743	0	0	0	0
LDL	META	AFR	12	122	8973	2192.33521652222	0	0	0	0
LDL	META	AFR	12	127	2229	609.430075407028	0	0	0	0
LDL	META	AFR	12	128	817	146.054189443588	0	0	0	0
LDL	META	AFR	12	138	8954	1032.40692591667	0	0	0	0
LDL	META	AFR	12	139	12319	1833.02455711365	0	0	0	0
LDL	META	AFR	12	140	2151	105.379913806915	0	1	1	3
LDL	META	AFR	12	141	3057	782.018714427948	0	0	0	0
LDL	META	AFR	12	164	3126	897.489042520523	0	0	0	0
LDL	META	AFR	13	11	3137	1006.77796363831	0	0	0	0
LDL	META	AFR	13	18	1505	384.221176624298	0	0	0	0
LDL	META	AFR	13	21	5987	1181.49512624741	0	0	0	0
LDL	META	AFR	13	24	4124	878.767650127411	0	0	0	0
LDL	META	AFR	13	25	2672	1234.95934653282	1	1	1	1
LDL	META	AFR	13	40	3873	928.115576505661	0	0	0	0
LDL	META	AFR	13	44	3233	793.294884204865	0	0	0	0
LDL	META	AFR	13	50	8720	1377.91418242455	0	0	0	0
LDL	META	AFR	13	52	6733	1954.37261962891	0	0	0	0
LDL	META	AFR	13	66	2019	218.292014360428	0	0	0	0
LDL	META	AFR	13	69	8587	2459.34869933128	0	0	0	0
LDL	META	AFR	13	84	3140	588.387152194977	0	0	0	0
LDL	META	AFR	13	96	2032	242.722550868988	0	0	0	0
LDL	META	AFR	13	102	2238	619.474411964417	0	0	0	0
LDL	META	AFR	13	115	1837	496.099922657013	0	0	0	0
LDL	META	AFR	13	116	1580	404.768813848495	0	0	0	0
LDL	META	AFR	13	118	3281	674.724990129471	0	0	0	0
LDL	META	AFR	13	125	5141	1242.42735671997	0	0	0	0
LDL	META	AFR	14	4	1418	357.312805652618	0	0	0	0
LDL	META	AFR	14	14	7462	1914.09260702133	0	0	0	0
LDL	META	AFR	14	23	7343	1792.79514741898	0	0	0	0
LDL	META	AFR	14	31	7061	736.977471590042	0	0	0	0
LDL	META	AFR	14	35	7234	1681.26235890388	0	0	0	0
LDL	META	AFR	14	42	3980	1329.18300390244	0	0	0	0
LDL	META	AFR	14	43	336	33.140120267868	0	0	0	0
LDL	META	AFR	14	46	3337	1118.55488228798	0	0	0	0
LDL	META	AFR	14	63	8551	2070.13669419289	0	0	0	0
LDL	META	AFR	14	68	4012	888.106385946274	0	0	0	0
LDL	META	AFR	14	72	8363	2406.48947572708	0	0	0	0
LDL	META	AFR	14	73	3978	1288.33621430397	0	0	0	0
LDL	META	AFR	14	96	606	99.4046607017517	0	0	0	0
LDL	META	AFR	14	105	2644	597.878963708878	0	0	0	0
LDL	META	AFR	14	106	2344	651.475978851318	0	0	0	0
LDL	META	AFR	14	121	6064	897.640148162842	0	0	0	0
LDL	META	AFR	14	126	7235	1698.55752921104	0	0	0	0
LDL	META	AFR	14	127	4980	1752.48650527	0	0	0	0
LDL	META	AFR	15	3	253	29.054253578186	0	0	0	0
LDL	META	AFR	15	37	6805	1501.19006896019	0	0	0	0
LDL	META	AFR	15	39	6044	1766.79380536079	0	0	0	0
LDL	META	AFR	15	44	3095	659.844388723373	0	0	0	0
LDL	META	AFR	15	45	11863	1714.52739500999	0	0	0	0
LDL	META	AFR	15	46	3654	737.161390304565	0	0	0	0
LDL	META	AFR	15	47	3898	1141.46970701218	0	0	0	0
LDL	META	AFR	15	50	5301	1037.48330545425	0	0	0	0
LDL	META	AFR	15	52	3612	1077.64153409004	0	0	0	0
LDL	META	AFR	15	53	693	96.1521170139313	0	0	0	0
LDL	META	AFR	15	54	4234	1458.47756934166	0	0	0	0
LDL	META	AFR	15	56	4683	1460.32991194725	0	0	0	0
LDL	META	AFR	15	59	8118	2524.13647794724	0	0	0	0
LDL	META	AFR	15	62	10457	2192.79829001427	0	0	0	0
LDL	META	AFR	15	63	2856	768.6979804039	0	0	0	0
LDL	META	AFR	15	64	3040	961.213921785355	0	0	0	0
LDL	META	AFR	15	66	5820	900.777504682541	0	0	0	0
LDL	META	AFR	15	80	2469	804.632224559784	0	0	0	0
LDL	META	AFR	15	83	2311	591.87172961235	0	0	0	0
LDL	META	AFR	15	85	4984	1433.80626916885	0	0	0	0
LDL	META	AFR	15	117	1860	479.953323841095	0	0	0	0
LDL	META	AFR	15	118	1205	274.554646253586	0	0	0	0
LDL	META	AFR	16	1	4170	1010.88580298424	0	0	0	0
LDL	META	AFR	16	4	5228	1751.36232542992	0	0	0	0
LDL	META	AFR	16	5	2196	595.291004419327	0	0	0	0
LDL	META	AFR	16	9	5561	1283.2041926384	0	0	0	0
LDL	META	AFR	16	31	5305	1310.49259757996	0	0	0	0
LDL	META	AFR	16	32	737	123.117526054382	0	0	0	0
LDL	META	AFR	16	37	5959	1789.71099638939	0	0	0	0
LDL	META	AFR	16	38	10119	1891.6834628582	0	0	0	0
LDL	META	AFR	16	43	3974	780.472155809402	0	0	0	0
LDL	META	AFR	16	59	4058	1347.82625007629	0	0	0	0
LDL	META	AFR	16	60	6555	1752.93068575859	0	0	0	0
LDL	META	AFR	16	74	991	55.3937299251556	0	1	0	0
LDL	META	AFR	16	75	5618	154.647147655487	0	1	1	3
LDL	META	AFR	16	76	3806	928.837322950363	0	0	0	0
LDL	META	AFR	16	80	3583	753.318110466003	0	0	0	0
LDL	META	AFR	16	85	9499	1594.80241537094	0	1	1	3
LDL	META	AFR	16	88	8788	1293.18335795403	0	0	0	0
LDL	META	AFR	16	89	11535	3334.85326266289	1	1	2	7
LDL	META	AFR	16	90	2695	619.624456882477	0	0	0	0
LDL	META	AFR	16	94	9947	2112.43588829041	0	0	0	0
LDL	META	AFR	16	96	10977	2276.58838033676	0	0	0	0
LDL	META	AFR	16	99	3167	838.79364991188	0	0	0	0
LDL	META	AFR	16	100	636	36.6612401008606	0	0	0	0
LDL	META	AFR	16	101	616	82.126528263092	0	0	0	0
LDL	META	AFR	16	103	12889	3591.43948245049	0	0	0	0
LDL	META	AFR	16	104	3568	995.796912431717	0	0	0	0
LDL	META	AFR	16	110	2930	896.120235919952	0	0	0	0
LDL	META	AFR	16	119	3814	1069.69433116913	0	0	0	0
LDL	META	AFR	16	120	688	44.3640944957733	0	1	0	0
LDL	META	AFR	16	125	3238	993.839645862579	0	0	0	0
LDL	META	AFR	16	126	588	83.1808199882507	0	0	0	0
LDL	META	AFR	16	127	860	132.707190036774	0	0	0	0
LDL	META	AFR	16	128	11555	3049.34236264229	0	0	0	0
LDL	META	AFR	17	9	5570	1703.94328427315	0	0	0	0
LDL	META	AFR	17	14	3017	738.697715044022	0	0	0	0
LDL	META	AFR	17	16	1104	36.970782995224	0	1	1	5
LDL	META	AFR	17	17	5669	853.224395990372	1	1	1	1
LDL	META	AFR	17	22	1112	105.909328937531	0	0	0	0
LDL	META	AFR	17	23	2060	349.509727954865	0	0	0	0
LDL	META	AFR	17	24	3507	785.448221206665	0	0	0	0
LDL	META	AFR	17	25	3851	963.719928741455	0	0	0	0
LDL	META	AFR	17	28	680	100.418174505234	0	0	0	0
LDL	META	AFR	17	30	753	63.8132083415985	0	0	0	0
LDL	META	AFR	17	51	8770	2142.23999190331	0	0	0	0
LDL	META	AFR	17	54	4501	1165.36335349083	0	0	0	0
LDL	META	AFR	17	55	10994	1713.39547419548	0	0	0	0
LDL	META	AFR	17	65	6639	2006.45613861084	0	0	0	0
LDL	META	AFR	17	70	3459	719.726560354233	0	0	0	0
LDL	META	AFR	17	71	4628	1615.04630899429	0	0	0	0
LDL	META	AFR	17	73	8549	2204.39670538902	0	0	0	0
LDL	META	AFR	17	74	9253	2537.59700465202	0	0	0	0
LDL	META	AFR	17	75	6904	1292.6595749855	0	0	1	21
LDL	META	AFR	17	80	3820	445.19692492485	0	0	0	0
LDL	META	AFR	17	84	1563	328.242185592651	0	0	0	0
LDL	META	AFR	17	87	2525	729.841201066971	0	0	0	0
LDL	META	AFR	17	90	8570	2020.79196548462	0	0	0	0
LDL	META	AFR	17	94	4410	1891.29918694496	0	0	0	0
LDL	META	AFR	17	97	6024	1483.63909673691	0	0	0	0
LDL	META	AFR	17	98	3097	617.501658916473	0	0	0	0
LDL	META	AFR	17	100	3933	971.330675601959	0	0	0	0
LDL	META	AFR	17	101	2826	292.06316781044	0	0	0	0
LDL	META	AFR	17	102	2335	285.178316354752	1	2	2	4
LDL	META	AFR	17	103	2207	469.15438246727	0	0	0	0
LDL	META	AFR	17	104	320	41.0495536327362	0	0	0	0
LDL	META	AFR	17	105	3820	1463.44740867615	0	0	0	0
LDL	META	AFR	17	117	4892	1710.22585344315	0	0	0	0
LDL	META	AFR	17	118	4071	903.363151073456	0	0	0	0
LDL	META	AFR	17	121	2383	538.361968755722	0	0	0	0
LDL	META	AFR	17	123	3912	443.669028759003	0	0	0	0
LDL	META	AFR	17	125	5781	1598.57278680801	0	0	0	0
LDL	META	AFR	17	130	3368	345.421180963516	0	0	0	0
LDL	META	AFR	17	133	2416	589.706163644791	0	0	0	0
LDL	META	AFR	17	134	3576	971.006851434708	0	0	0	0
LDL	META	AFR	18	31	5549	1415.70025610924	0	0	0	0
LDL	META	AFR	18	41	11224	2414.49058842659	0	0	0	0
LDL	META	AFR	18	61	5645	929.383822441101	0	0	0	0
LDL	META	AFR	18	69	9419	2180.11477923393	0	0	0	0
LDL	META	AFR	18	77	1361	305.352715015411	0	0	0	0
LDL	META	AFR	18	88	3694	931.664177417755	0	0	0	0
LDL	META	AFR	18	98	2703	141.645171642303	0	0	0	0
LDL	META	AFR	18	119	1547	315.760136365891	0	0	0	0
LDL	META	AFR	18	120	3253	832.032675027847	0	0	0	0
LDL	META	AFR	19	5	45	3.40634965896606	0	0	0	0
LDL	META	AFR	19	6	1730	164.692902088165	0	0	0	0
LDL	META	AFR	19	12	1798	268.077900886536	0	0	0	0
LDL	META	AFR	19	15	984	185.323491811752	0	0	0	0
LDL	META	AFR	19	16	731	131.19930768013	0	0	0	0
LDL	META	AFR	19	20	1464	262.722447872162	0	0	0	0
LDL	META	AFR	19	21	922	181.546473503113	0	0	0	0
LDL	META	AFR	19	22	3863	819.937800168991	0	0	0	0
LDL	META	AFR	19	25	2790	194.003954410553	0	0	0	0
LDL	META	AFR	19	32	2908	59.1840162277222	0	0	1	3
LDL	META	AFR	19	33	1510	244.896960258484	0	0	0	0
LDL	META	AFR	19	35	4017	1309.67412734032	0	0	0	0
LDL	META	AFR	19	36	973	168.481596231461	0	0	0	0
LDL	META	AFR	19	37	4778	22820.5056407452	8	9	10	13
LDL	META	AFR	19	38	1093	435.053857803345	3	6	5	14
LDL	META	AFR	19	39	6791	448.391726255417	0	1	1	2
LDL	META	AFR	19	40	1586	273.7115483284	0	0	0	0
LDL	META	AFR	19	42	1690	261.573104381561	0	0	0	0
LDL	META	AFR	19	46	4042	995.304538249969	0	0	0	0
LDL	META	AFR	19	49	3701	1244.92364883423	0	0	0	0
LDL	META	AFR	19	51	2299	474.025483369827	0	0	0	0
LDL	META	AFR	19	52	2607	436.072184801102	0	0	0	0
LDL	META	AFR	19	53	5469	847.960338592529	0	0	0	0
LDL	META	AFR	19	54	9452	2001.52029752731	0	0	0	0
LDL	META	AFR	19	62	5935	1118.4948656559	0	0	0	0
LDL	META	AFR	19	63	2447	747.500694036484	0	0	0	0
LDL	META	AFR	19	65	2326	680.252031087875	0	0	0	0
LDL	META	AFR	19	67	11045	3223.17532873154	0	0	0	0
LDL	META	AFR	19	68	2977	197.356917381287	0	1	1	3
LDL	META	AFR	19	70	3911	555.604464054108	0	0	0	0
LDL	META	AFR	19	71	549	68.3435037136078	0	0	0	0
LDL	META	AFR	19	72	7357	1260.31508040428	0	0	0	0
LDL	META	AFR	19	73	902	131.31670665741	0	0	0	0
LDL	META	AFR	19	74	5738	11265.9652221203	4	7	6	10
LDL	META	AFR	19	75	1280	3220.9018471241	9	11	11	14
LDL	META	AFR	19	76	5234	15575.8328733444	8	8	9	11
LDL	META	AFR	19	77	8243	1746.74106669426	0	0	0	0
LDL	META	AFR	19	79	3082	841.468604564667	0	0	0	0
LDL	META	AFR	19	80	1444	272.406615257263	0	0	0	0
LDL	META	AFR	19	81	3996	1376.05323624611	0	0	0	0
LDL	META	AFR	19	98	1522	363.184136390686	0	0	0	0
LDL	META	AFR	19	103	2300	513.450887203217	0	0	0	0
LDL	META	AFR	19	104	2484	775.220322370529	0	0	0	0
LDL	META	AFR	19	107	1776	259.260937929153	0	0	0	0
LDL	META	AFR	19	110	5442	1578.57740569115	0	0	0	0
LDL	META	AFR	19	111	2702	781.282155036926	0	0	0	0
LDL	META	AFR	20	2	1872	386.62571644783	0	0	0	0
LDL	META	AFR	20	10	2007	370.447016716003	0	0	0	0
LDL	META	AFR	20	11	1813	395.308568954468	0	0	0	0
LDL	META	AFR	20	12	3605	1106.81330823898	0	0	0	0
LDL	META	AFR	20	13	3421	696.913043498993	0	0	0	0
LDL	META	AFR	20	18	1915	387.909045219421	0	0	0	0
LDL	META	AFR	20	19	658	95.2649757862091	0	0	0	0
LDL	META	AFR	20	40	2377	663.062497377396	0	0	0	0
LDL	META	AFR	20	48	6698	867.571834802628	0	0	0	0
LDL	META	AFR	20	59	8546	2320.84889817238	0	0	0	0
LDL	META	AFR	20	60	4604	1021.37715315819	0	0	0	0
LDL	META	AFR	20	63	8564	2562.03573489189	0	0	0	0
LDL	META	AFR	20	64	2172	441.964302539825	0	0	0	0
LDL	META	AFR	20	65	4620	1096.67830204964	0	0	1	30
LDL	META	AFR	20	66	5065	1509.33787584305	0	0	0	0
LDL	META	AFR	20	68	1768	117.907111644745	0	0	0	0
LDL	META	AFR	20	69	3613	491.979298830032	0	0	0	0
LDL	META	AFR	20	70	2897	782.898820877075	0	0	0	0
LDL	META	AFR	20	71	4277	1523.40251684189	0	0	0	0
LDL	META	AFR	20	77	3792	691.062302350998	0	0	0	0
LDL	META	AFR	20	78	5162	1052.77172398567	0	0	0	0
LDL	META	AFR	20	86	3107	709.205535888672	0	0	0	0
LDL	META	AFR	20	87	1672	370.615335941315	0	0	0	0
LDL	META	AFR	20	89	2370	134.210381507874	0	1	0	0
LDL	META	AFR	20	110	3966	1127.13562273979	0	0	0	0
LDL	META	AFR	20	111	866	161.686426639557	0	0	0	0
LDL	META	AFR	20	112	963	178.967962741852	0	0	0	0
LDL	META	AFR	20	113	351	41.5466401576996	0	0	0	0
LDL	META	AFR	20	115	3445	581.887966156006	0	0	0	0
LDL	META	AFR	21	3	1592	352.921482563019	0	0	0	0
LDL	META	AFR	21	30	8321	1527.99362325668	0	0	0	0
LDL	META	AFR	21	33	4068	1330.02211928368	0	0	0	0
LDL	META	AFR	21	37	4901	929.519546508789	0	0	0	0
LDL	META	AFR	21	41	7888	2502.2004108429	0	0	0	0
LDL	META	AFR	21	48	6520	1235.85522651672	0	0	0	0
LDL	META	AFR	21	53	2525	610.043104410172	0	0	0	0
LDL	META	AFR	21	62	1147	251.379382371902	0	0	0	0
LDL	META	AFR	21	64	4508	1274.91531825066	0	0	0	0
LDL	META	AFR	21	65	3129	916.716228485107	0	0	0	0
LDL	META	AFR	22	5	2097	424.215602636337	0	0	0	0
LDL	META	AFR	22	9	3098	1004.64573574066	0	0	0	0
LDL	META	AFR	22	13	2271	129.455629587173	0	0	0	0
LDL	META	AFR	22	29	4272	1570.19416236877	0	0	0	0
LDL	META	AFR	22	30	14112	1691.09201216698	0	0	0	0
LDL	META	AFR	22	36	2265	707.970821142197	0	0	0	0
LDL	META	AFR	22	37	3549	488.552925109863	0	0	0	0
LDL	META	AFR	22	40	1762	396.805071353912	0	0	0	0
LDL	META	AFR	22	43	3650	708.107758760452	0	0	0	0
LDL	META	AFR	22	46	8954	2296.02809548378	0	0	0	0
LDL	META	AFR	22	49	771	91.645236492157	0	0	0	0
LDL	META	AFR	22	54	2650	700.666582107544	0	0	0	0
LDL	META	AFR	22	55	1881	416.104104280472	0	0	0	0
LDL	META	AFR	22	56	184	14.948305606842	0	0	0	0
LDL	META	AFR	22	57	1972	537.260995149612	0	0	0	0
LDL	META	AFR	22	70	5104	775.472370862961	0	0	0	0
