chromosome	block	num_variants	L	time	num_variants_0.95	num_variants_0.5	num_CS95	num_variants_CS95	num_variants_0.95.EUR	num_variants_0.5.EUR	num_CS95.EUR	num_variants_CS95.EUR	num_variants_0.95.EAS	num_variants_0.5.EAS	num_CS95.EAS	num_variants_CS95.EAS
1	2	56	5	0.211701393127441	0	0	0	0	0	0	0	0	0	0	0	0
1	5	888	5	4.56680417060852	0	0	1	4	0	0	1	4	0	0	1	4
1	15	1479	5	29.835652589798	0	0	1	59	0	0	1	59	0	0	0	0
1	17	1904	5	57.1148624420166	0	0	1	32	0	0	1	32	0	0	1	32
1	32	503	5	1.03259229660034	0	0	0	0	0	0	0	0	0	0	0	0
1	52	1743	5	46.7560107707977	0	0	1	74	0	0	0	0	0	0	1	74
1	53	1624	5	43.7066996097565	0	0	1	50	0	0	0	0	0	0	1	50
1	55	1323	5	15.5981678962708	0	0	1	7	0	0	1	7	0	0	1	7
1	63	1080	5	8.65816259384155	0	0	2	81	0	0	2	81	0	0	1	68
1	68	591	5	1.83595943450928	0	0	0	0	0	0	0	0	0	0	0	0
1	70	1492	5	27.5973944664001	0	0	0	0	0	0	0	0	0	0	0	0
1	72	1348	5	23.5834438800812	0	0	0	0	0	0	0	0	0	0	0	0
1	74	1893	5	57.9533760547638	0	0	1	8	0	0	1	8	0	0	1	8
1	92	1518	5	30.07692527771	0	0	0	0	0	0	0	0	0	0	0	0
1	100	2008	5	67.7423100471497	0	0	1	18	0	0	1	18	0	0	1	18
1	105	4223	5	640.937422513962	0	0	2	216	0	0	2	216	0	0	0	0
1	115	1754	5	42.9067008495331	0	0	0	0	0	0	0	0	0	0	0	0
1	117	1185	5	10.6190040111542	0	0	0	0	0	0	0	0	0	0	0	0
1	125	3216	5	277.666805028915	0	0	1	58	0	0	1	58	0	0	0	0
1	127	1562	5	29.2878623008728	0	0	2	40	0	0	2	40	0	0	0	0
1	128	2835	5	193.390693426132	0	0	2	118	0	0	2	118	0	0	2	118
1	129	808	5	2.65404009819031	0	0	1	17	0	0	1	17	0	0	0	0
1	141	1123	5	8.78625130653381	0	0	0	0	0	0	0	0	0	0	0	0
1	147	1528	5	33.1670858860016	0	0	0	0	0	0	0	0	0	0	0	0
1	154	2792	5	203.542219638824	0	0	0	0	0	0	0	0	0	0	0	0
1	156	1618	5	36.0167715549469	0	0	1	78	0	0	1	78	0	0	0	0
1	158	1171	5	13.2191479206085	0	0	0	0	0	0	0	0	0	0	0	0
1	166	586	5	1.62144827842712	0	0	0	0	0	0	0	0	0	0	0	0
1	170	1546	5	29.6125147342682	0	0	1	25	0	0	1	25	0	0	0	0
1	175	2533	5	137.79005289077799	0	0	0	0	0	0	0	0	0	0	0	0
1	183	3360	5	327.60022187233	0	0	0	0	0	0	0	0	0	0	0	0
1	185	777	5	3.40253305435181	0	0	1	56	0	0	1	56	0	0	0	0
1	186	1764	5	44.5220291614532	0	0	1	8	0	0	1	8	0	0	1	8
1	187	1836	5	50.3280112743378	0	1	1	2	0	1	1	2	0	0	0	0
1	188	2635	5	163.629526615143	0	0	1	105	0	0	0	0	0	0	1	105
1	192	2295	5	107.080421209335	0	0	0	0	0	0	0	0	0	0	0	0
1	198	5502	5	1353.32349562645	0	0	0	0	0	0	0	0	0	0	0	0
1	201	1920	5	65.4685699939728	0	0	0	0	0	0	0	0	0	0	0	0
1	204	1554	5	29.9482281208038	0	0	1	25	0	0	1	25	0	0	0	0
1	213	945	5	5.61030340194702	0	0	0	0	0	0	0	0	0	0	0	0
1	216	1784	5	45.3323361873627	0	0	1	26	0	0	1	26	0	0	1	26
1	226	530	5	2.297438621521	0	0	0	0	0	0	0	0	0	0	0	0
1	232	2381	5	106.358910083771	0	0	0	0	0	0	0	0	0	0	0	0
1	239	889	5	4.42369413375854	0	0	0	0	0	0	0	0	0	0	0	0
1	240	4198	5	639.675513744354	0	0	0	0	0	0	0	0	0	0	0	0
1	243	1007	5	4.76394438743591	0	0	1	47	0	0	1	47	0	0	0	0
1	252	782	5	2.19162487983704	0	0	0	0	0	0	0	0	0	0	0	0
1	262	1664	5	42.7088146209717	0	0	0	0	0	0	0	0	0	0	0	0
1	263	1279	5	16.9818599224091	0	0	1	6	0	0	1	6	0	0	0	0
1	274	2134	5	89.4934589862823	0	0	1	66	0	0	1	66	0	0	1	66
2	4	804	5	1.91789126396179	0	0	1	11	0	0	1	11	0	0	1	11
2	33	2314	5	103.687766075134	0	0	1	8	0	0	1	8	0	0	0	0
2	38	1598	5	36.0492630004883	0	1	0	0	0	1	0	0	0	0	0	0
2	45	1505	5	25.6851530075073	0	0	1	79	0	0	1	79	0	0	0	0
2	48	1197	5	8.92451572418213	0	0	0	0	0	0	0	0	0	0	0	0
2	49	1726	5	38.5807189941406	0	0	1	92	0	0	0	0	0	0	1	92
2	63	1023	5	5.81809210777283	0	0	2	73	0	0	1	26	0	0	1	47
2	66	2881	5	215.724523305893	0	0	0	0	0	0	0	0	0	0	0	0
2	79	1405	5	30.5207905769348	0	0	1	46	0	0	1	46	0	0	0	0
2	81	3225	5	275.457329273224	0	0	0	0	0	0	0	0	0	0	0	0
2	84	4946	5	1031.75250387192	0	0	1	119	0	0	1	119	0	0	0	0
2	85	5303	5	1209.06693053246	0	1	3	83	0	1	3	83	0	0	2	72
2	87	579	5	4.18832945823669	0	1	2	47	0	1	2	47	0	0	2	47
2	88	5239	5	1191.39807581902	0	0	0	0	0	0	0	0	0	0	0	0
2	100	906	5	3.1642894744873	0	0	1	9	0	0	1	9	0	0	1	9
2	101	1055	5	13.3591928482056	0	0	1	52	0	0	1	52	0	0	0	0
2	105	2761	5	181.108156204224	0	0	1	73	0	0	1	73	0	0	1	73
2	107	3269	5	297.427685976028	0	0	1	20	0	0	1	20	0	0	0	0
2	108	2341	5	114.779239416122	0	0	1	5	0	0	1	5	0	0	0	0
2	112	3145	5	270.905803203583	0	0	0	0	0	0	0	0	0	0	0	0
2	116	1849	5	53.5862107276917	0	0	1	19	0	0	1	19	0	0	1	19
2	145	1140	5	9.49336409568787	0	0	0	0	0	0	0	0	0	0	0	0
2	146	1979	5	64.0933878421783	0	0	1	6	0	0	1	6	0	0	1	6
2	147	4462	5	757.75660610199	0	0	0	0	0	0	0	0	0	0	0	0
2	152	1337	5	21.0473103523254	0	2	2	11	0	2	2	11	0	1	1	2
2	153	2071	5	68.5449936389923	0	0	1	18	0	0	1	18	0	0	1	18
2	154	1045	5	7.17644381523132	0	0	2	39	0	0	1	7	0	0	1	32
2	161	2827	5	196.809805393219	0	0	2	127	0	0	2	127	0	0	0	0
2	166	4478	5	767.125517368317	0	0	1	9	0	0	1	9	0	0	0	0
2	171	2321	5	112.245467424393	0	0	1	21	0	0	1	21	0	0	1	21
2	176	2663	5	128.213402032852	0	0	1	7	0	0	1	7	0	0	0	0
2	180	1196	5	14.4590463638306	0	1	1	9	0	1	1	9	0	0	0	0
2	186	3046	5	247.914231061935	0	0	0	0	0	0	0	0	0	0	0	0
2	190	6432	5	1954.75470662117	0	1	1	5	0	1	1	5	0	1	1	5
2	195	4328	5	686.513824462891	0	0	1	133	0	0	1	133	0	0	0	0
2	196	2829	5	189.246260881424	0	0	3	208	0	0	2	101	0	0	2	175
2	197	2172	5	91.4806885719299	0	0	3	195	0	0	3	195	0	0	3	195
2	204	1620	5	37.2103631496429	0	0	0	0	0	0	0	0	0	0	0	0
2	205	1168	5	13.3288590908051	0	0	1	42	0	0	1	42	0	0	1	42
2	210	1221	5	9.66739153862	0	0	0	0	0	0	0	0	0	0	0	0
2	211	1918	5	66.9407987594604	0	0	0	0	0	0	0	0	0	0	0	0
2	213	3663	5	422.653825283051	0	0	1	45	0	0	1	45	0	0	0	0
2	228	1564	5	31.60071849823	0	0	1	34	0	0	1	34	0	0	1	34
2	232	1279	5	16.6834132671356	0	0	0	0	0	0	0	0	0	0	0	0
2	234	1931	5	62.9805088043213	0	0	1	132	0	0	1	132	0	0	1	132
2	241	1061	5	13.3803689479828	0	0	1	48	0	0	1	48	0	0	0	0
2	247	605	5	1.91650414466858	0	0	1	36	0	0	1	36	0	0	1	36
3	1	6217	5	1824.55503988266	0	1	1	5	0	1	1	5	0	0	0	0
3	22	954	5	4.40646982192993	0	0	0	0	0	0	0	0	0	0	0	0
3	32	2143	5	87.4372186660767	0	0	1	10	0	0	1	10	0	0	0	0
3	35	2412	5	124.648728847504	0	0	0	0	0	0	0	0	0	0	0	0
3	37	737	5	2.74713253974915	0	0	0	0	0	0	0	0	0	0	0	0
3	38	1639	5	39.283383846283	0	0	0	0	0	0	0	0	0	0	0	0
3	39	3321	5	280.701661348343	0	0	1	27	0	0	1	27	0	0	1	27
3	40	1174	5	10.2223851680756	0	0	0	0	0	0	0	0	0	0	0	0
3	41	2438	5	104.624595165253	0	0	0	0	0	0	0	0	0	0	0	0
3	42	2107	5	83.7694640159607	0	0	0	0	0	0	0	0	0	0	0	0
3	45	1074	5	6.57806205749512	0	0	0	0	0	0	0	0	0	0	0	0
3	48	2011	5	71.9217450618744	0	0	1	47	0	0	1	47	0	0	0	0
3	49	2932	5	223.700298070908	0	0	0	0	0	0	0	0	0	0	0	0
3	53	3181	5	288.495138645172	0	0	1	54	0	0	0	0	0	0	0	0
3	55	1008	5	7.76841402053833	0	0	1	16	0	0	1	16	0	0	0	0
3	56	1283	5	20.479419708252	0	0	1	28	0	0	1	28	0	0	1	28
3	60	2804	5	201.866028785706	0	0	1	43	0	0	0	0	0	0	1	43
3	61	1415	5	31.4209015369415	0	0	1	16	0	0	1	16	0	0	0	0
3	63	5283	5	1187.24988436699	0	1	3	74	0	1	3	74	0	1	2	15
3	74	1365	5	19.5891244411469	0	0	1	7	0	0	1	7	0	0	0	0
3	81	1239	5	12.6944670677185	0	0	1	18	0	0	1	18	0	0	0	0
3	88	2228	5	107.735790729523	0	0	0	0	0	0	0	0	0	0	0	0
3	89	1268	5	20.9736671447754	0	1	0	0	0	1	0	0	0	1	0	0
3	96	1707	5	46.2949774265289	0	0	0	0	0	0	0	0	0	0	0	0
3	99	5017	5	1009.87145805359	0	0	1	292	0	0	1	292	0	0	1	292
3	101	8454	5	3133.50575613976	0	0	1	159	0	0	0	0	0	0	0	0
3	108	1471	5	26.4721994400024	0	0	0	0	0	0	0	0	0	0	0	0
3	109	4533	5	545.105159521103	0	0	1	247	0	0	0	0	0	0	1	247
3	119	3568	5	398.153334140778	0	0	1	28	0	0	1	28	0	0	0	0
3	120	1839	5	54.3693070411682	0	0	0	0	0	0	0	0	0	0	0	0
3	131	735	5	1.38956594467163	0	0	1	164	0	0	1	164	0	0	0	0
3	140	2455	5	121.447582483292	0	0	1	51	0	0	1	51	0	0	1	51
3	165	2688	5	169.530338287354	0	0	1	62	0	0	1	62	0	0	0	0
3	166	7625	5	2775.78270363808	0	0	1	129	0	0	1	129	0	0	1	129
3	182	732	5	3.32508230209351	0	0	0	0	0	0	0	0	0	0	0	0
3	185	828	5	2.81141042709351	0	0	0	0	0	0	0	0	0	0	0	0
3	187	2047	5	78.8284769058228	0	1	1	80	0	1	1	80	0	0	1	80
3	193	2263	5	106.53538441658	0	0	0	0	0	0	0	0	0	0	0	0
3	195	3951	5	501.470080852509	0	0	1	5	0	0	1	5	0	0	1	5
3	204	2762	5	191.419658184052	0	0	0	0	0	0	0	0	0	0	0	0
3	216	1045	5	11.188191652298	0	0	0	0	0	0	0	0	0	0	0	0
4	1	5580	5	1378.42826080322	1	1	1	1	1	1	1	1	0	1	1	1
4	4	1531	5	31.924036026001	0	0	0	0	0	0	0	0	0	0	0	0
4	33	2862	5	224.504019260406	0	0	1	122	0	0	1	122	0	0	1	122
4	36	1543	5	14.7915515899658	0	0	1	20	0	0	1	20	0	0	0	0
4	37	1072	5	5.01276397705078	0	0	1	5	0	0	0	0	0	0	1	5
4	43	873	5	3.28722715377808	0	1	2	54	0	1	2	54	0	0	0	0
4	46	2232	5	96.5909802913666	0	0	0	0	0	0	0	0	0	0	0	0
4	48	2303	5	108.884964942932	0	0	0	0	0	0	0	0	0	0	0	0
4	52	3153	5	281.049781560898	0	0	1	232	0	0	1	232	0	0	1	232
4	54	4959	5	759.167369365692	0	0	1	6	0	0	1	6	0	0	0	0
4	63	4876	5	784.282376289368	0	0	2	167	0	0	2	167	0	0	0	0
4	64	4021	5	422.855283737183	0	0	0	0	0	0	0	0	0	0	0	0
4	66	1662	5	43.475745677948	0	0	0	0	0	0	0	0	0	0	0	0
4	76	3220	5	239.546995639801	0	0	0	0	0	0	0	0	0	0	0	0
4	77	4932	5	994.951110124588	0	0	0	0	0	0	0	0	0	0	0	0
4	91	1484	5	30.4903395175934	0	0	2	67	0	0	2	67	0	0	2	67
4	94	1403	5	21.5326812267303	0	0	0	0	0	0	0	0	0	0	0	0
4	97	1431	5	26.1196558475494	0	1	0	0	0	1	0	0	0	0	0	0
4	101	2412	5	121.377447128296	0	0	0	0	0	0	0	0	0	0	0	0
4	105	1919	5	59.3707196712494	0	1	1	12	0	1	1	12	0	1	1	12
4	114	2427	5	129.238236665726	0	0	0	0	0	0	0	0	0	0	0	0
4	115	1253	5	11.3788223266602	0	0	0	0	0	0	0	0	0	0	0	0
4	116	2050	5	75.2566492557526	0	0	1	264	0	0	1	264	0	0	1	264
4	117	1847	5	49.018363237381	0	1	1	7	0	1	1	7	0	0	0	0
4	125	731	5	2.57151985168457	0	0	0	0	0	0	0	0	0	0	0	0
4	129	2842	5	204.477391958237	0	0	2	196	0	0	2	196	0	0	1	124
4	146	1269	5	15.9628903865814	0	0	1	16	0	0	0	0	0	0	0	0
4	150	2685	5	133.735925912857	0	0	0	0	0	0	0	0	0	0	0	0
4	155	2256	5	47.4418787956238	0	0	0	0	0	0	0	0	0	0	0	0
4	160	980	5	5.721755027771	0	0	1	68	0	0	1	68	0	0	0	0
4	162	1821	5	25.8174030780792	0	0	0	0	0	0	0	0	0	0	0	0
4	173	2233	5	101.804162740707	0	0	1	37	0	0	1	37	0	0	0	0
4	175	1546	5	33.1154081821442	0	0	1	31	0	0	0	0	0	0	0	0
4	178	1008	5	3.65197801589966	0	0	1	51	0	0	1	51	0	0	1	51
4	183	3379	5	297.786850690842	0	0	2	24	0	0	2	24	0	0	2	24
4	187	2327	5	113.834142684937	0	0	0	0	0	0	0	0	0	0	0	0
4	199	414	5	0.718777656555176	0	0	1	15	0	0	1	15	0	0	0	0
5	17	1146	5	10.4790303707123	0	1	1	6	0	1	1	6	0	1	1	6
5	39	1795	5	45.5465474128723	0	0	1	75	0	0	1	75	0	0	0	0
5	57	2189	5	92.2048070430756	0	0	1	6	0	0	1	6	0	0	0	0
5	61	4083	5	579.778819561005	0	0	0	0	0	0	0	0	0	0	0	0
5	63	5780	5	1175.69385552406	0	0	1	5	0	0	1	5	0	0	1	5
5	71	3740	5	444.790035009384	0	0	0	0	0	0	0	0	0	0	0	0
5	72	2952	5	220.643260240555	0	1	1	15	0	1	1	15	0	1	0	0
5	74	4268	5	479.342797279358	0	0	1	177	0	0	1	177	0	0	1	177
5	82	1147	5	10.9659914970398	0	0	0	0	0	0	0	0	0	0	0	0
5	85	2567	5	153.754102706909	0	0	1	103	0	0	0	0	0	0	0	0
5	102	2226	5	65.3646991252899	0	0	3	81	0	0	3	81	0	0	1	16
5	103	1693	5	45.4774777889252	0	0	1	10	0	0	1	10	0	0	0	0
5	104	1850	5	57.2145068645477	0	0	1	26	0	0	1	26	0	0	1	26
5	105	738	5	2.42878437042236	0	0	1	59	0	0	1	59	0	0	0	0
5	112	5529	5	1266.45012068748	0	0	1	205	0	0	1	205	0	0	0	0
5	114	5415	5	1183.00186014175	0	0	0	0	0	0	0	0	0	0	0	0
5	115	562	5	1.61014795303345	0	1	0	0	0	1	0	0	0	0	0	0
5	117	1550	5	15.8769884109497	0	0	1	82	0	0	1	82	0	0	1	82
5	119	1879	5	37.3620800971985	0	0	0	0	0	0	0	0	0	0	0	0
5	127	3110	5	265.939396858215	0	0	0	0	0	0	0	0	0	0	0	0
5	133	1233	5	8.51003432273865	0	0	0	0	0	0	0	0	0	0	0	0
5	135	1426	5	16.3281707763672	0	0	1	156	0	0	1	156	0	0	0	0
5	144	2473	5	139.606208324432	0	0	0	0	0	0	0	0	0	0	0	0
5	145	2703	5	174.48964548111	0	0	2	47	0	0	2	47	0	0	1	31
5	146	2618	5	154.614261627197	0	0	2	205	0	0	2	205	0	0	0	0
5	152	3496	5	366.43235206604	0	0	0	0	0	0	0	0	0	0	0	0
5	162	3702	5	434.48766541481	0	0	2	241	0	0	2	241	0	0	0	0
5	163	1621	5	38.9236135482788	0	0	2	156	0	0	2	156	0	0	0	0
5	166	1712	5	36.297057390213	0	0	0	0	0	0	0	0	0	0	0	0
5	168	1991	5	68.2044324874878	0	0	1	27	0	0	1	27	0	0	0	0
5	171	3632	5	361.809930801392	0	0	0	0	0	0	0	0	0	0	0	0
5	177	1208	5	14.8345477581024	0	0	1	8	0	0	1	8	0	0	0	0
5	191	2629	5	158.229908943176	0	0	0	0	0	0	0	0	0	0	0	0
5	198	862	5	4.9486026763916	0	0	1	9	0	0	1	9	0	0	0	0
6	28	911	5	2.61826825141907	0	0	0	0	0	0	0	0	0	0	0	0
6	35	502	5	2.1959273815155	0	0	0	0	0	0	0	0	0	0	0	0
6	54	1488	5	26.6196095943451	0	0	0	0	0	0	0	0	0	0	0	0
6	57	1226	5	6.60564470291138	0	0	0	0	0	0	0	0	0	0	0	0
6	58	2018	5	72.896115064621	0	1	0	0	0	1	0	0	0	0	0	0
6	63	1523	5	31.36683344841	0	0	1	3	0	0	1	3	0	0	1	3
6	71	8269	5	2682.22221231461	0	0	1	65	0	0	1	65	0	0	0	0
6	78	10878	5	6000.08301830292	0	0	1	429	0	0	1	429	0	0	0	0
6	80	7256	5	2353.52220726013	0	0	1	7	0	0	1	7	0	0	0	0
6	81	3966	5	288.28621006012	0	0	1	6	0	0	1	6	0	0	0	0
6	87	3063	5	254.235962867737	0	0	2	108	0	0	2	108	0	0	1	39
6	88	7209	5	2183.36994576454	0	0	0	0	0	0	0	0	0	0	0	0
6	90	320	5	0.334439277648926	0	0	1	49	0	0	1	49	0	0	0	0
6	94	3167	5	250.244539022446	0	0	1	54	0	0	1	54	0	0	0	0
6	97	2344	5	63.9459960460663	0	0	1	8	0	0	1	8	0	0	0	0
6	104	2707	5	163.164258241653	0	0	1	41	0	0	1	41	0	0	1	41
6	106	1457	5	25.3011219501495	0	0	1	26	0	0	1	26	0	0	0	0
6	108	566	5	2.92774057388306	0	0	1	17	0	0	1	17	0	0	1	17
6	112	1642	5	38.6984207630157	0	0	0	0	0	0	0	0	0	0	0	0
6	113	2551	5	138.241054296494	0	0	0	0	0	0	0	0	0	0	0	0
6	115	4768	5	573.318793296814	0	0	0	0	0	0	0	0	0	0	0	0
6	116	2965	5	230.237514019012	0	0	1	49	0	0	1	49	0	0	0	0
6	122	1504	5	31.2572929859161	0	0	1	29	0	0	1	29	0	0	0	0
6	124	2241	5	97.9279379844666	0	0	1	22	0	0	1	22	0	0	0	0
6	144	4196	5	448.232465982437	0	0	1	10	0	0	1	10	0	0	0	0
6	146	831	5	2.51212787628174	0	0	1	14	0	0	1	14	0	0	0	0
6	149	3182	5	171.072725534439	0	0	2	68	0	0	1	15	0	0	2	68
6	167	1155	5	7.82768750190735	0	0	2	42	0	0	1	14	0	0	1	28
6	169	4276	5	426.212565898895	0	0	0	0	0	0	0	0	0	0	0	0
6	173	2522	5	132.237497329712	0	0	0	0	0	0	0	0	0	0	0	0
6	175	1053	5	5.96369504928589	0	0	0	0	0	0	0	0	0	0	0	0
6	177	3003	5	181.962615013123	0	0	0	0	0	0	0	0	0	0	0	0
7	5	1883	5	58.5705966949463	0	0	1	4	0	0	1	4	0	0	1	4
7	6	862	5	2.68260097503662	0	0	1	8	0	0	1	8	0	0	1	8
7	8	3150	5	259.831851243973	0	0	0	0	0	0	0	0	0	0	0	0
7	17	702	5	5.45137071609497	0	0	1	19	0	0	1	19	0	0	0	0
7	19	652	5	1.23784685134888	0	0	0	0	0	0	0	0	0	0	0	0
7	37	2092	5	84.2011213302612	0	1	1	4	0	1	1	4	0	1	0	0
7	40	3179	5	218.62563419342	0	0	1	42	0	0	1	42	0	0	0	0
7	41	1782	5	49.3470463752747	0	0	1	26	0	0	1	26	0	0	1	26
7	66	704	5	1.88420343399048	0	0	0	0	0	0	0	0	0	0	0	0
7	67	4681	5	805.684503078461	0	0	1	55	0	0	1	55	0	0	0	0
7	68	1698	5	40.5506899356842	0	0	0	0	0	0	0	0	0	0	0	0
7	81	2629	5	162.332834005356	0	0	0	0	0	0	0	0	0	0	0	0
7	83	1841	5	37.9164640903473	0	0	1	74	0	0	0	0	0	0	1	74
7	85	2320	5	49.6608545780182	0	0	1	46	0	0	1	46	0	0	0	0
7	92	2065	5	79.8810739517212	0	0	1	47	0	0	1	47	0	0	0	0
7	97	2052	5	40.9420337677002	0	0	1	34	0	0	1	34	0	0	1	34
7	98	3168	5	263.050428390503	0	0	1	96	0	0	1	96	0	0	1	96
7	99	3694	5	424.521714925766	0	1	1	2	0	1	1	2	0	1	1	2
7	111	2322	5	47.184494972229	0	0	1	26	0	0	1	26	0	0	1	26
7	114	3519	5	173.814572095871	0	0	2	114	0	0	2	114	0	0	1	71
7	119	1232	5	5.02184724807739	0	0	1	14	0	0	1	14	0	0	1	14
7	122	2261	5	49.90349817276	0	0	2	41	0	0	2	41	0	0	2	41
7	124	2137	5	84.2986443042755	0	0	1	183	0	0	1	183	0	0	1	183
7	131	5437	5	746.932854413986	0	0	0	0	0	0	0	0	0	0	0	0
7	132	5183	5	1119.90775299072	0	0	0	0	0	0	0	0	0	0	0	0
7	135	543	5	0.960073947906494	0	1	0	0	0	1	0	0	0	0	0	0
7	138	3105	5	143.797718286514	0	0	0	0	0	0	0	0	0	0	0	0
7	141	2111	5	76.1543893814087	0	0	1	41	0	0	1	41	0	0	1	41
7	145	1317	5	21.1614005565643	0	1	1	11	0	1	1	11	0	0	0	0
7	148	1049	5	5.40294599533081	0	0	0	0	0	0	0	0	0	0	0	0
7	170	495	5	0.830608606338501	0	1	1	2	0	1	1	2	0	1	1	2
7	185	959	5	3.91997003555298	0	0	1	27	0	0	1	27	0	0	0	0
8	2	2499	5	74.2723500728607	0	0	1	52	0	0	1	52	0	0	0	0
8	4	575	5	1.23735880851746	0	0	1	16	0	0	1	16	0	0	0	0
8	7	829	5	2.31891632080078	0	0	0	0	0	0	0	0	0	0	0	0
8	11	2663	5	159.261490821838	0	0	1	13	0	0	1	13	0	0	0	0
8	19	750	5	2.88817119598389	0	0	0	0	0	0	0	0	0	0	0	0
8	24	2897	5	151.902892112732	0	0	0	0	0	0	0	0	0	0	0	0
8	27	1172	5	4.62644815444946	0	0	1	18	0	0	1	18	0	0	0	0
8	29	3317	5	195.773446559906	0	0	1	14	0	0	1	14	0	0	1	14
8	40	1688	5	17.6551394462585	0	0	0	0	0	0	0	0	0	0	0	0
8	42	2371	5	104.617516756058	0	0	1	8	0	0	1	8	0	0	1	8
8	43	2674	5	120.660541057587	0	0	1	4	0	0	1	4	0	0	0	0
8	49	1631	5	20.1129448413849	0	0	0	0	0	0	0	0	0	0	0	0
8	51	3346	5	324.732605457306	0	0	1	31	0	0	1	31	0	0	1	31
8	55	1017	5	6.2154176235199	0	0	1	110	0	0	1	110	0	0	1	110
8	57	1675	5	37.9491477012634	0	0	0	0	0	0	0	0	0	0	0	0
8	65	1364	5	18.8291091918945	0	0	0	0	0	0	0	0	0	0	0	0
8	67	2588	5	137.665020942688	0	0	1	95	0	0	1	95	0	0	0	0
8	69	3638	5	415.093140125275	0	0	1	25	0	0	1	25	0	0	0	0
8	71	2278	5	71.271392583847	0	0	3	155	0	0	3	155	0	0	2	72
8	74	1284	5	18.5418202877045	0	0	1	40	0	0	1	40	0	0	0	0
8	92	2614	5	112.510269641876	0	0	0	0	0	0	0	0	0	0	0	0
8	106	1922	5	50.0855405330658	0	0	1	8	0	0	1	8	0	0	1	8
8	107	764	5	3.70602655410767	0	0	0	0	0	0	0	0	0	0	0	0
8	108	3966	5	526.027415752411	0	0	0	0	0	0	0	0	0	0	0	0
8	110	3955	5	378.335332870483	0	0	0	0	0	0	0	0	0	0	0	0
8	111	5020	5	534.418825626373	0	0	1	26	0	0	1	26	0	0	1	26
8	113	1347	5	22.2645153999329	0	0	0	0	0	0	0	0	0	0	0	0
8	135	1625	5	19.659731388092	0	0	1	34	0	0	1	34	0	0	0	0
8	158	2244	5	88.1756103038788	0	1	1	2	0	1	1	2	0	0	1	2
8	159	1169	5	10.9782938957214	0	0	1	16	0	0	1	16	0	0	0	0
9	14	1125	5	8.45307302474976	0	0	0	0	0	0	0	0	0	0	0	0
9	27	3342	5	150.121920347214	0	0	0	0	0	0	0	0	0	0	0	0
9	28	1229	5	5.41134452819824	0	1	1	2	0	1	1	2	0	0	0	0
9	38	1974	5	32.1490669250488	0	0	0	0	0	0	0	0	0	0	0	0
9	39	798	5	3.09829139709473	0	1	0	0	0	0	0	0	0	1	0	0
9	40	2294	5	50.3324370384216	1	1	1	1	1	1	1	1	0	1	1	1
9	41	169	5	0.441874265670776	0	0	1	31	0	0	0	0	0	0	1	31
9	42	1155	5	11.5342090129852	0	0	0	0	0	0	0	0	0	0	0	0
9	44	335	5	0.291945695877075	0	0	0	0	0	0	0	0	0	0	0	0
9	45	2606	5	136.239454507828	0	0	0	0	0	0	0	0	0	0	0	0
9	50	3248	5	295.826555490494	0	0	0	0	0	0	0	0	0	0	0	0
9	53	2908	5	133.56001329422	0	0	0	0	0	0	0	0	0	0	0	0
9	54	1238	5	14.0890176296234	0	1	0	0	0	1	0	0	0	0	0	0
9	56	2374	5	113.542515516281	0	0	0	0	0	0	0	0	0	0	0	0
9	68	260	5	0.346181631088257	0	0	1	5	0	0	1	5	0	0	0	0
9	78	676	5	1.57675385475159	0	0	0	0	0	0	0	0	0	0	0	0
9	80	3703	5	430.099406957626	0	0	0	0	0	0	0	0	0	0	0	0
9	81	264	5	0.217322111129761	0	0	0	0	0	0	0	0	0	0	0	0
9	83	1356	5	8.72069025039673	0	0	1	161	0	0	1	161	0	0	0	0
9	99	1864	5	35.3284270763397	0	0	1	26	0	0	1	26	0	0	1	26
9	103	653	5	0.941998958587646	0	0	1	19	0	0	1	19	0	0	0	0
9	115	2808	5	116.893084049225	0	0	0	0	0	0	0	0	0	0	0	0
9	119	1718	5	19.2704067230225	0	0	1	147	0	0	1	147	0	0	0	0
9	140	2949	5	197.420790195465	0	0	1	6	0	0	1	6	0	0	1	6
9	146	490	5	1.25519514083862	0	0	1	4	0	0	1	4	0	0	1	4
9	158	114	5	0.410423994064331	0	1	0	0	0	1	0	0	0	0	0	0
10	1	1626	5	34.9821643829346	0	0	0	0	0	0	0	0	0	0	0	0
10	4	2926	5	205.643879652023	0	0	0	0	0	0	0	0	0	0	0	0
10	8	835	5	3.11420512199402	0	0	1	35	0	0	1	35	0	0	0	0
10	9	238	5	0.243735551834106	0	1	1	3	0	1	1	3	0	1	1	3
10	24	738	5	1.69436097145081	0	0	1	43	0	0	1	43	0	0	0	0
10	28	937	5	4.94377684593201	0	0	0	0	0	0	0	0	0	0	0	0
10	45	2419	5	87.9896695613861	0	1	1	22	0	1	1	22	0	0	1	22
10	48	1500	5	30.7644653320312	0	0	1	10	0	0	1	10	0	0	0	0
10	49	1460	5	15.7398059368134	0	0	0	0	0	0	0	0	0	0	0	0
10	60	3361	5	262.044218063354	0	0	1	14	0	0	1	14	0	0	0	0
10	61	916	5	4.39222145080566	0	0	0	0	0	0	0	0	0	0	0	0
10	73	1428	5	21.7841460704803	0	0	1	8	0	0	1	8	0	0	0	0
10	80	2206	5	63.5730841159821	0	1	0	0	0	1	0	0	0	0	0	0
10	81	2616	5	80.273148059845	0	0	2	43	0	0	2	43	0	0	1	23
10	82	3156	5	268.097627878189	0	0	0	0	0	0	0	0	0	0	0	0
10	90	108	5	0.0884594917297363	0	0	1	6	0	0	1	6	0	0	1	6
10	96	1277	5	14.435197353363	0	0	0	0	0	0	0	0	0	0	0	0
10	109	1995	5	65.8310668468475	0	0	0	0	0	0	0	0	0	0	0	0
10	113	1758	5	16.9290421009064	0	0	0	0	0	0	0	0	0	0	0	0
10	114	1512	5	8.64292693138123	0	1	1	3	0	1	1	3	0	0	0	0
10	129	3235	5	173.523659944534	0	0	2	110	0	0	2	110	0	0	1	24
10	131	2256	5	52.0349495410919	0	0	0	0	0	0	0	0	0	0	0	0
10	153	1628	5	37.5288832187653	0	0	0	0	0	0	0	0	0	0	0	0
10	154	3041	5	123.711986780167	0	0	0	0	0	0	0	0	0	0	0	0
10	162	1248	5	8.96254086494446	0	0	1	39	0	0	1	39	0	0	0	0
11	3	1414	5	20.1701874732971	0	0	0	0	0	0	0	0	0	0	0	0
11	31	1302	5	7.11244034767151	0	0	0	0	0	0	0	0	0	0	0	0
11	35	898	5	2.49313569068909	0	0	1	53	0	0	1	53	0	0	0	0
11	48	1902	5	57.3693082332611	0	0	1	56	0	0	1	56	0	0	1	56
11	52	1044	5	4.38479161262512	0	0	1	33	0	0	1	33	0	0	0	0
11	53	2277	5	116.50740814209	0	0	1	111	0	0	1	111	0	0	0	0
11	54	1847	5	55.9794728755951	0	0	0	0	0	0	0	0	0	0	0	0
11	78	1069	5	4.87198400497437	0	0	1	50	0	0	1	50	0	0	0	0
11	79	2702	5	174.116805076599	0	0	1	35	0	0	1	35	0	0	0	0
11	96	4262	5	591.956604242325	0	0	0	0	0	0	0	0	0	0	0	0
11	97	1198	5	10.693341255188	0	0	0	0	0	0	0	0	0	0	0	0
11	117	3972	5	336.351233720779	0	0	0	0	0	0	0	0	0	0	0	0
11	120	468	5	0.59958028793335	0	0	0	0	0	0	0	0	0	0	0	0
11	124	1987	5	35.6007056236267	0	0	1	57	0	0	1	57	0	0	0	0
11	125	1247	5	9.62760066986084	0	0	3	37	0	0	3	37	0	0	0	0
11	130	697	5	1.56619715690613	0	0	0	0	0	0	0	0	0	0	0	0
11	144	261	5	1.00885915756226	0	0	1	3	0	0	1	3	0	0	1	3
11	145	2625	5	116.348938941956	0	0	0	0	0	0	0	0	0	0	0	0
11	146	190	5	0.573986768722534	0	1	2	23	0	1	1	2	0	0	0	0
11	148	992	5	6.17354464530945	0	0	0	0	0	0	0	0	0	0	0	0
11	151	1173	5	8.74295806884766	0	1	1	4	0	1	1	4	0	1	1	4
11	155	963	5	5.78222322463989	0	0	1	72	0	0	0	0	0	0	0	0
11	159	2030	5	65.1708288192749	0	0	1	20	0	0	1	20	0	0	1	20
11	162	1048	5	9.16984033584595	0	1	2	34	0	1	2	34	0	1	2	34
11	163	281	5	0.35897970199585	0	1	1	4	0	1	1	4	0	0	0	0
11	164	763	5	3.72378063201904	0	0	1	7	0	0	1	7	0	0	1	7
12	6	273	5	0.704338788986206	0	0	0	0	0	0	0	0	0	0	0	0
12	7	796	5	2.1155672073364302	0	0	1	28	0	0	1	28	0	0	0	0
12	13	980	5	3.88445162773132	0	1	0	0	0	1	0	0	0	0	0	0
12	32	1634	5	33.5633935928345	0	0	0	0	0	0	0	0	0	0	0	0
12	33	1709	5	36.2320606708527	0	0	1	12	0	0	1	12	0	0	1	12
12	44	822	5	3.74704027175903	0	0	0	0	0	0	0	0	0	0	0	0
12	52	3483	5	167.717143535614	0	0	1	14	0	0	1	14	0	0	1	14
12	55	8483	5	3313.21882152557	0	0	0	0	0	0	0	0	0	0	0	0
12	63	1925	5	35.0968682765961	0	0	0	0	0	0	0	0	0	0	0	0
12	67	854	5	2.41518402099609	0	0	1	10	0	0	1	10	0	0	0	0
12	71	2401	5	104.626448631287	1	1	1	1	1	1	1	1	0	0	0	0
12	75	285	5	0.647631168365479	1	1	1	1	1	1	1	1	0	0	0	0
12	77	1295	5	5.22816014289856	0	0	1	14	0	0	0	0	0	0	0	0
12	82	1998	5	37.0755825042725	0	0	1	29	0	0	1	29	0	0	0	0
12	83	4830	5	517.663266658783	0	0	0	0	0	0	0	0	0	0	0	0
12	87	1138	5	12.3920187950134	0	0	0	0	0	0	0	0	0	0	0	0
12	88	2073	5	35.1279067993164	0	1	0	0	0	1	0	0	0	0	0	0
12	95	3779	5	357.233004808426	0	0	0	0	0	0	0	0	0	0	0	0
12	97	3009	5	201.405630350113	0	0	1	4	0	0	0	0	0	0	1	4
12	98	1064	5	3.90265369415283	0	0	1	11	0	0	1	11	0	0	1	11
12	104	2324	5	93.5540909767151	0	0	1	15	0	0	1	15	0	0	0	0
12	109	582	5	0.955049514770508	0	0	1	81	0	0	1	81	0	0	0	0
12	114	1591	5	20.8679149150848	0	0	1	16	0	0	1	16	0	0	0	0
12	115	1519	5	29.863646030426	0	0	1	9	0	0	1	9	0	0	1	9
12	119	3277	5	275.912067651749	0	1	2	48	0	1	2	48	0	1	1	3
12	122	1985	5	37.6682183742523	0	0	1	4	0	0	1	4	0	0	1	4
12	132	1397	5	20.4490585327148	0	0	0	0	0	0	0	0	0	0	0	0
12	136	1616	5	28.9027483463287	0	0	0	0	0	0	0	0	0	0	0	0
12	138	2857	5	198.446516752243	0	0	0	0	0	0	0	0	0	0	0	0
12	139	3462	5	205.899188995361	0	0	2	84	0	0	2	84	0	0	1	13
12	144	832	5	1.91051840782166	0	0	0	0	0	0	0	0	0	0	0	0
13	21	1798	5	27.1014492511749	0	0	0	0	0	0	0	0	0	0	0	0
13	24	1644	5	18.5959477424622	0	0	1	19	0	0	0	0	0	0	1	19
13	28	612	5	0.926464319229126	0	0	0	0	0	0	0	0	0	0	0	0
13	35	1645	5	30.4455869197845	0	0	2	80	0	0	2	80	0	0	1	44
13	37	1109	5	8.80333733558655	0	0	0	0	0	0	0	0	0	0	0	0
13	40	1308	5	9.10824131965637	0	0	1	94	0	0	1	94	0	0	0	0
13	43	1488	5	25.3269214630127	0	0	1	31	0	0	1	31	0	0	0	0
13	50	3352	5	297.255367040634	0	0	1	25	0	0	1	25	0	0	1	25
13	53	1971	5	61.8549110889435	0	0	0	0	0	0	0	0	0	0	0	0
13	54	8609	5	3297.75944185257	0	0	2	112	0	0	2	112	0	0	2	112
13	59	6507	5	1570.5896191597	0	0	0	0	0	0	0	0	0	0	0	0
13	64	861	5	3.08476448059082	0	1	1	3	0	1	1	3	0	0	0	0
13	72	1450	5	13.6351881027222	0	0	1	63	0	0	1	63	0	0	0	0
13	82	1988	5	70.7619423866272	0	0	0	0	0	0	0	0	0	0	0	0
13	87	3845	5	361.069653511047	0	0	0	0	0	0	0	0	0	0	0	0
13	93	1183	5	8.95904207229614	0	0	0	0	0	0	0	0	0	0	0	0
13	113	1438	5	22.911190032959	0	0	1	22	0	0	0	0	0	0	0	0
13	119	1762	5	43.4006197452545	0	0	1	38	0	0	1	38	0	0	1	38
13	125	1668	5	20.4326138496399	0	0	0	0	0	0	0	0	0	0	0	0
14	2	412	5	0.392076969146729	0	0	1	6	0	0	1	6	0	0	0	0
14	19	2034	5	36.5848083496094	0	0	1	9	0	0	1	9	0	0	0	0
14	20	1162	5	6.62216687202454	0	1	0	0	0	1	0	0	0	0	0	0
14	24	819	5	3.49603891372681	0	1	1	14	0	1	1	14	0	0	0	0
14	26	588	5	1.52468991279602	0	1	0	0	0	1	0	0	0	0	0	0
14	29	503	5	0.590062379837036	0	0	0	0	0	0	0	0	0	0	0	0
14	31	2571	5	65.3585870265961	0	0	0	0	0	0	0	0	0	0	0	0
14	40	3757	5	251.839197397232	0	0	0	0	0	0	0	0	0	0	0	0
14	44	1547	5	11.6671538352966	0	0	0	0	0	0	0	0	0	0	0	0
14	51	1828	5	53.7837328910828	0	0	0	0	0	0	0	0	0	0	0	0
14	57	3583	5	208.049436330795	0	0	0	0	0	0	0	0	0	0	0	0
14	65	2287	5	72.953314781189	0	0	0	0	0	0	0	0	0	0	0	0
14	68	1315	5	9.59068942070007	0	1	0	0	0	1	0	0	0	0	0	0
14	70	2576	5	80.3775098323822	0	0	2	88	0	0	2	88	0	0	2	88
14	73	1139	5	8.15582489967346	0	0	0	0	0	0	0	0	0	0	0	0
14	76	1396	5	21.2330296039581	0	0	0	0	0	0	0	0	0	0	0	0
14	90	2212	5	53.3303360939026	0	0	1	53	0	0	1	53	0	0	1	53
14	94	1143	5	11.1715748310089	0	0	0	0	0	0	0	0	0	0	0	0
14	120	589	5	2.12970519065857	0	0	0	0	0	0	0	0	0	0	0	0
14	127	1741	5	24.1695122718811	0	1	1	113	0	1	1	113	0	0	1	113
15	13	456	5	0.632187604904175	0	0	1	45	0	0	1	45	0	0	0	0
15	27	935	5	3.48353743553162	0	1	1	2	0	1	1	2	0	0	0	0
15	31	3145	5	254.910116434097	0	0	0	0	0	0	0	0	0	0	0	0
15	36	54	5	0.0441858768463135	0	0	0	0	0	0	0	0	0	0	0	0
15	37	2170	5	59.1488626003265	0	0	1	3	0	0	1	3	0	0	0	0
15	38	2103	5	43.4111280441284	0	1	1	64	0	1	1	64	0	1	0	0
15	44	1254	5	5.94885420799255	0	0	0	0	0	0	0	0	0	0	0	0
15	45	4278	5	387.50726723671	0	0	0	0	0	0	0	0	0	0	0	0
15	47	1493	5	21.5469703674316	0	0	0	0	0	0	0	0	0	0	0	0
15	54	1282	5	8.38736152648926	0	0	1	50	0	0	1	50	0	0	0	0
15	59	2671	5	121.648743867874	0	0	1	25	0	0	1	25	0	0	0	0
15	66	2201	5	81.7087941169739	0	0	0	0	0	0	0	0	0	0	0	0
15	72	739	5	1.48991179466248	0	0	1	7	0	0	1	7	0	0	0	0
15	75	9234	5	3892.67801904678	0	0	1	20	0	0	1	20	0	0	0	0
15	76	3657	5	219.631864547729	0	0	0	0	0	0	0	0	0	0	0	0
15	78	9456	5	3744.81951355934	0	0	2	149	0	0	2	149	0	0	0	0
15	79	1692	5	40.8233525753021	0	0	0	0	0	0	0	0	0	0	0	0
15	82	1171	5	7.11558437347412	0	0	1	16	0	0	1	16	0	0	1	16
15	86	843	5	3.43803834915161	0	0	1	6	0	0	1	6	0	0	1	6
15	90	1216	5	6.41698479652405	0	0	0	0	0	0	0	0	0	0	0	0
15	102	1398	5	17.9309003353119	0	0	1	15	0	0	1	15	0	0	1	15
15	107	672	5	1.29237627983093	0	0	0	0	0	0	0	0	0	0	0	0
16	9	1234	5	10.3182311058044	0	0	1	86	0	0	1	86	0	0	0	0
16	17	641	5	1.070716381073	0	0	1	39	0	0	1	39	0	0	0	0
16	18	1991	5	21.1127600669861	0	1	1	14	0	1	1	14	0	0	0	0
16	19	1932	5	29.8672597408295	0	0	0	0	0	0	0	0	0	0	0	0
16	21	1226	5	6.11146521568298	0	0	1	7	0	0	1	7	0	0	0	0
16	26	1664	5	35.0511178970337	0	0	1	97	0	0	1	97	0	0	0	0
16	36	1998	5	67.3727149963379	0	0	1	9	0	0	1	9	0	0	1	9
16	41	1622	5	14.1999781131744	0	0	0	0	0	0	0	0	0	0	0	0
16	47	1074	5	3.73228526115417	0	0	0	0	0	0	0	0	0	0	0	0
16	59	718	5	1.30387854576111	0	0	1	37	0	0	1	37	0	0	1	37
16	63	1439	5	7.92050361633301	0	0	0	0	0	0	0	0	0	0	0	0
16	79	1344	5	17.5905358791351	0	0	1	55	0	0	1	55	0	0	0	0
16	84	648	5	1.00975775718689	0	0	1	22	0	0	1	22	0	0	0	0
16	85	3355	5	222.127192497253	0	0	1	107	0	0	0	0	0	0	1	107
16	88	2801	5	149.652840852737	0	0	1	47	0	0	1	47	0	0	1	47
16	89	3592	5	224.155707597733	0	0	0	0	0	0	0	0	0	0	0	0
16	106	1751	5	42.5005013942719	0	1	0	0	0	1	0	0	0	0	0	0
16	128	2076	5	73.6929843425751	0	1	1	4	0	1	1	4	0	0	0	0
17	7	605	5	2.04392337799072	0	0	1	25	0	0	1	25	0	0	1	25
17	9	1902	5	61.252667427063	0	0	1	91	0	0	1	91	0	0	1	91
17	17	2151	5	77.9584331512451	0	0	0	0	0	0	0	0	0	0	0	0
17	40	1194	5	5.20763087272644	0	1	1	4	0	1	1	4	0	0	0	0
17	51	2579	5	146.248582839966	0	0	1	226	0	0	1	226	0	0	0	0
17	53	1677	5	26.0912873744965	0	0	2	25	0	0	2	25	0	0	1	21
17	55	3174	5	244.057804584503	0	0	1	15	0	0	1	15	0	0	0	0
17	56	1001	5	3.52182602882385	0	0	1	57	0	0	1	57	0	0	0	0
17	66	147	5	0.256402492523193	0	0	1	47	0	0	1	47	0	0	0	0
17	71	1359	5	10.2161152362823	0	0	0	0	0	0	0	0	0	0	0	0
17	74	2145	5	48.2806322574615	0	1	1	2	0	1	1	2	0	0	0	0
17	75	2941	5	121.188011884689	0	0	0	0	0	0	0	0	0	0	0	0
17	88	565	5	1.15193247795105	0	0	1	11	0	0	1	11	0	0	1	11
17	90	2534	5	93.8328969478607	0	0	1	36	0	0	1	36	0	0	0	0
17	94	1275	5	8.2556619644165	0	0	1	10	0	0	1	10	0	0	1	10
17	99	126	5	0.39398455619812	0	0	1	15	0	0	1	15	0	0	0	0
17	100	1204	5	9.86083579063416	0	0	0	0	0	0	0	0	0	0	0	0
17	118	1067	5	4.43556809425354	0	1	0	0	0	1	0	0	0	0	0	0
17	130	1248	5	8.44444799423218	0	0	0	0	0	0	0	0	0	0	0	0
17	132	547	5	0.674870729446411	0	0	0	0	0	0	0	0	0	0	0	0
18	16	744	5	2.67385625839233	0	0	0	0	0	0	0	0	0	0	0	0
18	23	524	5	0.671544313430786	0	0	1	14	0	0	1	14	0	0	0	0
18	46	1606	5	35.3573186397552	0	0	0	0	0	0	0	0	0	0	0	0
18	49	3147	5	174.714742898941	0	0	0	0	0	0	0	0	0	0	0	0
18	50	2650	5	121.464471340179	0	0	1	4	0	0	1	4	0	0	1	4
18	73	3020	5	236.556714773178	0	0	0	0	0	0	0	0	0	0	0	0
18	74	3702	5	384.447344303131	1	1	2	9	1	1	2	9	0	0	0	0
18	75	554	5	1.49580669403076	0	0	1	7	0	0	1	7	0	0	1	7
18	88	1777	5	13.933358669281	0	0	0	0	0	0	0	0	0	0	0	0
18	98	1151	5	4.80810761451721	0	0	1	57	0	0	1	57	0	0	1	57
18	102	590	5	0.856753826141357	0	0	0	0	0	0	0	0	0	0	0	0
18	120	1533	5	24.8115015029907	0	0	2	26	0	0	2	26	0	0	2	26
19	22	843	5	2.93010115623474	0	1	0	0	0	1	0	0	0	0	0	0
19	25	702	5	1.16089940071106	0	0	0	0	0	0	0	0	0	0	0	0
19	32	836	5	2.47580170631409	0	0	1	46	0	0	0	0	0	0	1	46
19	38	350	5	0.356474637985229	0	0	1	6	0	0	1	6	0	0	1	6
19	39	2019	5	32.9047849178314	0	1	0	0	0	1	0	0	0	1	0	0
19	52	839	5	2.35639262199402	0	0	0	0	0	0	0	0	0	0	0	0
19	53	1668	5	14.2793257236481	0	0	1	62	0	0	1	62	0	0	0	0
19	57	1607	5	16.0549082756042	0	0	0	0	0	0	0	0	0	0	0	0
19	59	94	5	0.0746982097625732	0	0	1	14	0	0	1	14	0	0	0	0
19	62	2296	5	51.2081818580627	0	0	2	109	0	0	2	109	0	0	0	0
19	63	816	5	2.25477433204651	0	0	1	43	0	0	0	0	0	0	1	43
19	67	4274	5	558.647239208221	0	0	0	0	0	0	0	0	0	0	0	0
19	80	313	5	0.337103366851807	0	0	1	27	0	0	1	27	0	0	0	0
19	81	1042	5	8.17411231994629	0	0	1	10	0	0	1	10	0	0	1	10
19	83	536	5	0.793215751647949	0	1	1	2	0	1	1	2	0	1	1	2
19	103	392	5	0.82660984992981	0	0	0	0	0	0	0	0	0	0	0	0
19	108	503	5	0.787864446640015	0	0	1	11	0	0	1	11	0	0	1	11
19	111	972	5	4.76437616348267	0	0	0	0	0	0	0	0	0	0	0	0
20	7	987	5	4.2041003704071	0	0	0	0	0	0	0	0	0	0	0	0
20	9	632	5	0.943965911865234	0	1	0	0	0	1	0	0	0	0	0	0
20	47	1649	5	23.7267615795135	0	0	1	55	0	0	0	0	0	0	1	55
20	53	426	5	1.15722799301147	0	0	0	0	0	0	0	0	0	0	0	0
20	61	3942	5	306.566232204437	0	0	0	0	0	0	0	0	0	0	0	0
20	63	3038	5	131.429640054703	0	0	2	72	0	0	2	72	0	0	1	52
20	66	1685	5	35.642599105835	0	0	0	0	0	0	0	0	0	0	0	0
20	67	951	5	3.38523125648499	0	0	1	3	0	0	1	3	0	0	0	0
20	70	1051	5	4.38405990600586	0	0	1	26	0	0	0	0	0	0	1	26
20	71	1404	5	21.3025574684143	0	0	1	16	0	0	1	16	0	0	0	0
20	77	1936	5	50.9535090923309	0	0	1	22	0	0	1	22	0	0	0	0
20	80	81	5	0.1358802318573	0	0	1	15	0	0	1	15	0	0	0	0
20	96	970	5	3.5080885887146	0	0	0	0	0	0	0	0	0	0	0	0
20	114	1108	5	3.87501835823059	0	0	1	29	0	0	1	29	0	0	0	0
21	2	251	5	1.02447462081909	0	0	1	4	0	0	1	4	0	0	1	4
21	16	1244	5	8.88181328773499	0	0	0	0	0	0	0	0	0	0	0	0
21	21	451	5	0.763582229614258	0	0	0	0	0	0	0	0	0	0	0	0
21	37	1424	5	12.6724047660828	0	0	0	0	0	0	0	0	0	0	0	0
21	64	1374	5	9.72870087623596	0	0	0	0	0	0	0	0	0	0	0	0
22	9	943	5	6.56280541419983	0	1	0	0	0	1	0	0	0	0	0	0
22	13	695	5	1.41053080558777	0	1	0	0	0	1	0	0	0	0	0	0
22	24	1689	5	22.2165699005127	0	0	0	0	0	0	0	0	0	0	0	0
22	29	1279	5	5.7188618183136	0	0	0	0	0	0	0	0	0	0	0	0
22	32	1097	5	4.19903039932251	0	0	0	0	0	0	0	0	0	0	0	0
22	44	687	5	2.57352471351624	0	0	0	0	0	0	0	0	0	0	0	0
22	45	847	5	2.88206696510315	0	0	1	8	0	0	1	8	0	0	0	0
22	46	3063	5	221.076687812805	0	0	2	43	0	0	2	43	0	0	0	0
22	54	1032	5	3.61469459533691	0	0	1	35	0	0	1	35	0	0	0	0
22	57	107	5	0.0752055644989014	0	1	0	0	0	1	0	0	0	0	0	0
22	61	606	5	1.82981824874878	0	1	0	0	0	1	0	0	0	0	0	0
22	69	1004	5	3.02801299095154	0	0	1	94	0	0	1	94	0	0	0	0
