pheno	db	pid	chromosome	block	num_variants	time	num_variants_0.95	num_variants_0.5	num_CS95	num_variants_CS95
TC	UKBB	EUR	1	1	487	49.0379319190979	0	0	0	0
TC	UKBB	EUR	1	2	817	160.164526700974	0	0	0	0
TC	UKBB	EUR	1	4	1278	321.214123010635	0	0	0	0
TC	UKBB	EUR	1	17	3414	752.617167949677	0	0	0	0
TC	UKBB	EUR	1	19	2752	168.628157377243	0	0	1	5
TC	UKBB	EUR	1	35	3204	596.297610998154	0	1	1	11
TC	UKBB	EUR	1	40	1313	88.4103944301605	0	1	0	0
TC	UKBB	EUR	1	48	1269	731.234674930573	1	2	3	20
TC	UKBB	EUR	1	49	1109	169.261355161667	0	0	0	0
TC	UKBB	EUR	1	51	1273	192.881707429886	0	0	1	21
TC	UKBB	EUR	1	52	3254	1303.98977422714	0	1	2	24
TC	UKBB	EUR	1	53	3076	735.547720193863	0	0	0	0
TC	UKBB	EUR	1	58	3265	630.268797636032	0	1	0	0
TC	UKBB	EUR	1	67	2527	337.348711967468	0	0	0	0
TC	UKBB	EUR	1	70	2602	647.50772356987	0	1	1	12
TC	UKBB	EUR	1	73	3361	1025.21246194839	0	0	0	0
TC	UKBB	EUR	1	74	3114	858.641505479813	0	0	0	0
TC	UKBB	EUR	1	75	4126	2148.54873394966	0	1	1	62
TC	UKBB	EUR	1	76	1936	334.754559755325	0	1	1	13
TC	UKBB	EUR	1	80	1234	272.52404499054	0	0	0	0
TC	UKBB	EUR	1	81	920	170.619817495346	0	0	0	0
TC	UKBB	EUR	1	82	2023	214.969986200333	0	0	0	0
TC	UKBB	EUR	1	83	2438	2319.58384656906	4	6	4	4
TC	UKBB	EUR	1	84	3672	32873.8763568401	5	9	8	40
TC	UKBB	EUR	1	85	1292	90.0759899616241	1	1	1	1
TC	UKBB	EUR	1	89	2038	467.071338653564	0	0	0	0
TC	UKBB	EUR	1	92	2655	524.156147956848	0	0	0	0
TC	UKBB	EUR	1	94	684	95.8415441513062	0	0	0	0
TC	UKBB	EUR	1	95	459	5.01274752616882	0	1	0	0
TC	UKBB	EUR	1	96	2312	303.167132854462	1	1	2	7
TC	UKBB	EUR	1	97	2843	509.83119058609	0	0	1	20
TC	UKBB	EUR	1	100	2251	341.048847436905	0	0	1	17
TC	UKBB	EUR	1	109	3087	1035.82097387314	0	0	0	0
TC	UKBB	EUR	1	124	3866	385.945289850235	0	0	1	7
TC	UKBB	EUR	1	125	4583	4094.67280507088	1	1	3	53
TC	UKBB	EUR	1	127	2212	517.853757858276	0	0	0	0
TC	UKBB	EUR	1	136	2633	533.983030080795	0	0	0	0
TC	UKBB	EUR	1	138	3564	640.540684938431	0	2	1	2
TC	UKBB	EUR	1	139	911	94.1378138065338	0	1	0	0
TC	UKBB	EUR	1	140	1281	234.391454219818	0	0	0	0
TC	UKBB	EUR	1	141	1533	397.162120342255	0	0	0	0
TC	UKBB	EUR	1	144	1795	88.7652788162231	0	0	0	0
TC	UKBB	EUR	1	145	1771	215.255488872528	0	0	0	0
TC	UKBB	EUR	1	150	2708	408.35467505455	0	1	0	0
TC	UKBB	EUR	1	151	3424	881.006918907166	0	0	0	0
TC	UKBB	EUR	1	153	2557	650.683362007141	0	0	0	0
TC	UKBB	EUR	1	154	4061	901.186517953873	0	0	0	0
TC	UKBB	EUR	1	156	2524	435.705317735672	0	1	0	0
TC	UKBB	EUR	1	158	2671	540.287095546722	0	1	0	0
TC	UKBB	EUR	1	162	2204	249.758840322495	0	0	0	0
TC	UKBB	EUR	1	168	3038	604.905110120773	0	0	0	0
TC	UKBB	EUR	1	169	4240	919.767646551132	0	0	0	0
TC	UKBB	EUR	1	175	4071	629.841181516647	0	0	0	0
TC	UKBB	EUR	1	182	3641	423.655994653702	0	0	0	0
TC	UKBB	EUR	1	183	3828	1038.33709383011	0	0	0	0
TC	UKBB	EUR	1	185	1213	39.859786272049	0	0	0	0
TC	UKBB	EUR	1	187	2613	311.431898832321	0	0	0	0
TC	UKBB	EUR	1	188	2952	780.524830102921	0	0	0	0
TC	UKBB	EUR	1	192	2847	374.393285274506	0	0	1	33
TC	UKBB	EUR	1	201	2970	590.611098527908	0	0	0	0
TC	UKBB	EUR	1	202	2943	520.295314073563	0	1	1	6
TC	UKBB	EUR	1	205	1086	221.741085290909	0	0	0	0
TC	UKBB	EUR	1	209	808	136.002534627914	0	0	0	0
TC	UKBB	EUR	1	213	1586	194.83272600174	0	0	0	0
TC	UKBB	EUR	1	221	2542	286.380805015564	0	0	0	0
TC	UKBB	EUR	1	223	3229	1029.54092955589	0	0	0	0
TC	UKBB	EUR	1	224	1809	477.789580583572	0	0	0	0
TC	UKBB	EUR	1	226	1309	213.728816509247	0	0	0	0
TC	UKBB	EUR	1	229	2698	127.810845851898	1	1	1	1
TC	UKBB	EUR	1	233	3515	512.143058776855	0	0	0	0
TC	UKBB	EUR	1	234	4055	555.158670663834	2	2	2	2
TC	UKBB	EUR	1	235	2651	464.919368267059	0	0	0	0
TC	UKBB	EUR	1	238	5158	1972.47288775444	0	1	2	29
TC	UKBB	EUR	1	239	1426	297.217779397964	0	0	0	0
TC	UKBB	EUR	1	240	5361	1409.65677857399	0	0	0	0
TC	UKBB	EUR	1	252	1301	1116.47508430481	0	3	3	6
TC	UKBB	EUR	1	253	596	53.0599052906036	1	2	2	3
TC	UKBB	EUR	1	254	2267	170.468384027481	0	0	1	6
TC	UKBB	EUR	1	255	1274	99.6865410804749	0	0	1	7
TC	UKBB	EUR	1	257	1482	283.810693502426	0	0	0	0
TC	UKBB	EUR	1	280	5237	1228.05961084366	0	0	0	0
TC	UKBB	EUR	1	281	3201	573.765891313553	0	0	0	0
TC	UKBB	EUR	2	6	1496	54.7859704494476	0	0	1	6
TC	UKBB	EUR	2	21	968	60.2600862979889	0	0	1	13
TC	UKBB	EUR	2	31	865	152.723429918289	0	0	0	0
TC	UKBB	EUR	2	32	1090	197.29024887085	0	0	0	0
TC	UKBB	EUR	2	37	1332	118.074812650681	0	0	0	0
TC	UKBB	EUR	2	38	2833	322.446008205414	0	0	1	54
TC	UKBB	EUR	2	39	1234	269.065181255341	0	0	0	0
TC	UKBB	EUR	2	40	3939	444.347329854965	0	0	0	0
TC	UKBB	EUR	2	41	1769	325.802734851837	1	1	2	8
TC	UKBB	EUR	2	42	198	40.0145208835602	1	2	2	22
TC	UKBB	EUR	2	43	405	90.960104227066	2	4	2	2
TC	UKBB	EUR	2	44	1714	24685.1498897076	3	10	8	15
TC	UKBB	EUR	2	45	3394	22452.6758811474	4	7	4	4
TC	UKBB	EUR	2	46	1614	202.520473718643	0	0	1	17
TC	UKBB	EUR	2	47	4094	621.987784385681	0	1	0	0
TC	UKBB	EUR	2	48	2465	481.704748153687	0	0	0	0
TC	UKBB	EUR	2	49	3520	3420.86136889458	1	1	3	17
TC	UKBB	EUR	2	50	2237	518.586174726486	0	0	0	0
TC	UKBB	EUR	2	51	2763	737.34028172493	0	0	0	0
TC	UKBB	EUR	2	53	1815	299.539034366608	0	0	0	0
TC	UKBB	EUR	2	55	6393	940.306012868881	0	0	0	0
TC	UKBB	EUR	2	56	276	32.0627439022064	0	0	0	0
TC	UKBB	EUR	2	66	5578	1519.66930055618	0	0	0	0
TC	UKBB	EUR	2	69	3047	814.671241521835	0	0	0	0
TC	UKBB	EUR	2	71	2396	16406.1630744934	3	8	8	21
TC	UKBB	EUR	2	72	4122	6447.48957824707	2	6	3	4
TC	UKBB	EUR	2	74	1450	233.905810117722	0	0	0	0
TC	UKBB	EUR	2	75	1982	76.0424199104309	0	0	1	4
TC	UKBB	EUR	2	77	1755	160.188935041428	0	0	0	0
TC	UKBB	EUR	2	84	8339	815.13084769249	0	0	0	0
TC	UKBB	EUR	2	88	9981	9802.07320666313	0	1	2	45
TC	UKBB	EUR	2	89	2308	245.919864416122	0	0	0	0
TC	UKBB	EUR	2	97	3007	293.302208185196	0	0	0	0
TC	UKBB	EUR	2	99	2045	539.353228330612	0	0	0	0
TC	UKBB	EUR	2	100	2610	660.751325368881	0	0	0	0
TC	UKBB	EUR	2	102	1717	413.488378763199	0	0	0	0
TC	UKBB	EUR	2	107	4389	1063.82711410522	0	0	0	0
TC	UKBB	EUR	2	115	4158	496.654540061951	0	0	0	0
TC	UKBB	EUR	2	121	4054	510.236104726791	0	0	1	40
TC	UKBB	EUR	2	122	1869	506.553747415543	0	1	1	2
TC	UKBB	EUR	2	124	2997	835.165113449097	0	0	1	16
TC	UKBB	EUR	2	125	2511	445.575184345245	0	0	0	0
TC	UKBB	EUR	2	127	5795	1135.55359816551	0	0	0	0
TC	UKBB	EUR	2	128	4842	1202.25554418564	1	1	1	1
TC	UKBB	EUR	2	130	671	40.4387164115906	0	0	0	0
TC	UKBB	EUR	2	131	135	4.26697754859924	0	1	1	2
TC	UKBB	EUR	2	138	4226	711.560167551041	0	0	0	0
TC	UKBB	EUR	2	146	3055	762.805045604706	0	0	1	5
TC	UKBB	EUR	2	147	5932	384.724625349045	0	0	1	85
TC	UKBB	EUR	2	152	2501	668.251725673676	0	0	0	0
TC	UKBB	EUR	2	153	3956	1180.01461744308	0	0	0	0
TC	UKBB	EUR	2	155	2390	462.276656150818	0	0	0	0
TC	UKBB	EUR	2	162	1338	274.356129169464	0	0	0	0
TC	UKBB	EUR	2	163	187	20.3055684566498	0	1	2	11
TC	UKBB	EUR	2	164	835	84.7945363521576	0	0	0	0
TC	UKBB	EUR	2	166	6603	1390.03365182877	0	0	0	0
TC	UKBB	EUR	2	168	2748	235.390872240067	0	0	0	0
TC	UKBB	EUR	2	171	4183	296.44961810112	0	1	0	0
TC	UKBB	EUR	2	172	892	53.0388240814209	0	0	1	9
TC	UKBB	EUR	2	177	3268	338.820508956909	0	0	0	0
TC	UKBB	EUR	2	180	2606	536.935096025467	0	0	0	0
TC	UKBB	EUR	2	181	3977	540.371117353439	0	0	0	0
TC	UKBB	EUR	2	192	3577	1232.30760979652	0	0	0	0
TC	UKBB	EUR	2	196	4633	698.06437087059	0	0	0	0
TC	UKBB	EUR	2	198	2415	361.248284816742	0	0	0	0
TC	UKBB	EUR	2	199	4145	5166.31908774376	0	1	1	5
TC	UKBB	EUR	2	205	2022	183.079778194427	0	0	0	0
TC	UKBB	EUR	2	208	5305	1242.10294437408	0	0	0	0
TC	UKBB	EUR	2	210	1931	272.227469921112	0	0	0	0
TC	UKBB	EUR	2	211	3401	842.008243560791	0	0	0	0
TC	UKBB	EUR	2	212	3267	966.357575893402	0	0	0	0
TC	UKBB	EUR	2	213	6685	435.782078027725	0	0	1	10
TC	UKBB	EUR	2	217	1566	284.612697839737	0	0	1	46
TC	UKBB	EUR	2	218	1283	140.524394512177	0	1	0	0
TC	UKBB	EUR	2	228	2127	207.62833571434	0	0	0	0
TC	UKBB	EUR	2	232	1617	66.5179750919342	0	1	0	0
TC	UKBB	EUR	2	233	778	85.7077851295471	0	0	0	0
TC	UKBB	EUR	2	241	1520	268.456111907959	0	0	0	0
TC	UKBB	EUR	2	242	2308	365.008110046387	0	0	2	33
TC	UKBB	EUR	2	250	5103	1401.32867622375	0	0	0	0
TC	UKBB	EUR	2	255	2834	748.523611068726	0	0	0	0
TC	UKBB	EUR	3	24	3408	3169.1393840313	0	2	3	43
TC	UKBB	EUR	3	41	4380	526.566279172897	0	0	0	0
TC	UKBB	EUR	3	45	1924	518.063492059708	0	0	0	0
TC	UKBB	EUR	3	51	1326	132.944893360138	0	0	1	4
TC	UKBB	EUR	3	56	2528	303.653143644333	0	1	0	0
TC	UKBB	EUR	3	70	3044	129.773269176483	0	0	1	49
TC	UKBB	EUR	3	71	3722	929.788963317871	0	0	1	7
TC	UKBB	EUR	3	83	4897	1420.6765460968	0	0	0	0
TC	UKBB	EUR	3	88	3043	157.871145963669	0	0	1	5
TC	UKBB	EUR	3	89	3115	332.997948884964	0	0	0	0
TC	UKBB	EUR	3	104	6234	1524.99862790108	0	0	0	0
TC	UKBB	EUR	3	107	2655	516.206931352615	0	0	0	0
TC	UKBB	EUR	3	112	3028	628.78751707077	0	0	0	0
TC	UKBB	EUR	3	113	1052	90.9544270038605	0	0	0	0
TC	UKBB	EUR	3	120	2895	664.127881526947	1	1	2	15
TC	UKBB	EUR	3	121	3600	694.213723897934	0	1	1	17
TC	UKBB	EUR	3	122	757	26.9086742401123	0	1	0	0
TC	UKBB	EUR	3	123	1208	238.664415359497	0	0	0	0
TC	UKBB	EUR	3	127	3398	494.20366024971	0	0	0	0
TC	UKBB	EUR	3	128	1685	251.548059463501	0	0	0	0
TC	UKBB	EUR	3	129	1875	334.905151605606	0	0	0	0
TC	UKBB	EUR	3	131	1068	121.826955080032	0	0	0	0
TC	UKBB	EUR	3	132	4329	489.189043045044	0	0	1	18
TC	UKBB	EUR	3	135	2742	1056.36303687096	0	1	2	32
TC	UKBB	EUR	3	136	1722	224.571516036987	0	0	0	0
TC	UKBB	EUR	3	140	3849	1169.58925056458	0	0	0	0
TC	UKBB	EUR	3	145	3527	2267.40210294724	0	2	1	11
TC	UKBB	EUR	3	149	2420	654.131517648697	0	0	0	0
TC	UKBB	EUR	3	150	3476	482.447280168533	0	0	0	0
TC	UKBB	EUR	3	154	949	153.492775917053	0	0	0	0
TC	UKBB	EUR	3	158	3599	431.811762094498	0	0	0	0
TC	UKBB	EUR	3	161	4231	965.424357891083	0	0	0	0
TC	UKBB	EUR	3	165	3104	716.606318473816	0	0	1	17
TC	UKBB	EUR	3	170	2190	945.482852697372	0	0	0	0
TC	UKBB	EUR	3	172	2266	368.123734951019	0	0	1	16
TC	UKBB	EUR	3	173	1450	198.65421962738	0	0	0	0
TC	UKBB	EUR	3	175	1112	68.3738000392914	0	0	0	0
TC	UKBB	EUR	3	190	1771	301.091274738312	0	0	0	0
TC	UKBB	EUR	3	191	2206	102.943134784698	0	0	0	0
TC	UKBB	EUR	3	193	3497	709.596869468689	0	1	0	0
TC	UKBB	EUR	3	195	6820	1773.58286094666	0	0	0	0
TC	UKBB	EUR	3	214	3956	547.503179073334	0	1	0	0
TC	UKBB	EUR	3	216	2053	304.245325803757	0	0	0	0
TC	UKBB	EUR	4	1	9756	4139.43884682655	1	4	2	3
TC	UKBB	EUR	4	15	1547	91.9169411659241	0	0	1	9
TC	UKBB	EUR	4	19	1647	62.8698365688324	0	0	1	7
TC	UKBB	EUR	4	21	5227	1120.13936138153	0	0	0	0
TC	UKBB	EUR	4	28	2872	372.555698156357	0	0	0	0
TC	UKBB	EUR	4	42	534	45.4833750724792	0	0	0	0
TC	UKBB	EUR	4	54	7322	1753.82589149475	0	0	0	0
TC	UKBB	EUR	4	55	2680	473.135363101959	0	0	0	0
TC	UKBB	EUR	4	57	657	65.3132348060608	0	0	0	0
TC	UKBB	EUR	4	64	4974	1622.59139752388	0	0	0	0
TC	UKBB	EUR	4	65	1940	160.442717552185	0	0	0	0
TC	UKBB	EUR	4	66	2491	94.594872713089	0	0	0	0
TC	UKBB	EUR	4	71	1326	47.1142489910126	0	1	0	0
TC	UKBB	EUR	4	79	2478	258.266894102097	0	0	0	0
TC	UKBB	EUR	4	80	3482	5639.11801934242	1	2	2	28
TC	UKBB	EUR	4	84	2986	514.597002744675	0	0	1	17
TC	UKBB	EUR	4	85	1288	239.998155593872	0	0	0	0
TC	UKBB	EUR	4	86	276	20.9611783027649	0	0	0	0
TC	UKBB	EUR	4	87	4621	457.808201789856	0	0	1	10
TC	UKBB	EUR	4	90	3007	508.694716930389	0	0	0	0
TC	UKBB	EUR	4	92	2470	263.56504034996	0	0	1	5
TC	UKBB	EUR	4	101	3740	663.894680500031	0	1	0	0
TC	UKBB	EUR	4	113	4044	800.5103764534	0	2	1	16
TC	UKBB	EUR	4	114	3636	1167.03040099144	0	0	0	0
TC	UKBB	EUR	4	115	1566	554.384497642517	1	1	1	1
TC	UKBB	EUR	4	116	2757	1025.52768731117	0	1	0	0
TC	UKBB	EUR	4	117	3510	130.683554887772	0	1	0	0
TC	UKBB	EUR	4	121	2502	256.91343331337	0	0	1	51
TC	UKBB	EUR	4	129	3577	497.280982732773	0	0	0	0
TC	UKBB	EUR	4	130	3209	114.722326755524	0	0	0	0
TC	UKBB	EUR	4	134	5436	1055.87315630913	0	0	0	0
TC	UKBB	EUR	4	136	4900	875.095626354218	0	0	0	0
TC	UKBB	EUR	4	148	2061	216.271052360535	0	0	0	0
TC	UKBB	EUR	4	150	3004	368.280639648438	0	0	0	0
TC	UKBB	EUR	4	151	1472	46.4798095226288	0	1	0	0
TC	UKBB	EUR	4	156	4695	1024.49152708054	0	0	0	0
TC	UKBB	EUR	4	159	1321	58.7058172225952	0	1	1	2
TC	UKBB	EUR	4	161	1291	399.148410081863	1	1	1	1
TC	UKBB	EUR	4	162	2349	266.376481533051	0	0	1	26
TC	UKBB	EUR	4	203	1767	372.414880514145	0	0	0	0
TC	UKBB	EUR	5	6	1240	231.587228775024	0	0	0	0
TC	UKBB	EUR	5	28	1059	197.385857105255	0	0	0	0
TC	UKBB	EUR	5	43	3213	873.851117610931	0	0	0	0
TC	UKBB	EUR	5	56	4099	1040.88622379303	0	0	0	0
TC	UKBB	EUR	5	57	3058	1048.03181171417	0	0	0	0
TC	UKBB	EUR	5	64	4035	1043.96842813492	0	0	0	0
TC	UKBB	EUR	5	68	999	166.516504526138	0	0	0	0
TC	UKBB	EUR	5	69	1396	29.1519029140472	0	0	0	0
TC	UKBB	EUR	5	71	4350	919.849358081818	0	0	0	0
TC	UKBB	EUR	5	74	6239	326.448806524277	0	0	0	0
TC	UKBB	EUR	5	81	2482	2563.54144787788	0	0	1	32
TC	UKBB	EUR	5	84	501	28.7473175525665	0	3	2	4
TC	UKBB	EUR	5	85	3484	2730.83058190346	1	1	2	4
TC	UKBB	EUR	5	92	2164	476.114277124405	0	0	0	0
TC	UKBB	EUR	5	109	1789	303.461790561676	0	0	0	0
TC	UKBB	EUR	5	130	4251	620.590012311935	0	0	1	13
TC	UKBB	EUR	5	134	2290	235.801406383514	0	0	0	0
TC	UKBB	EUR	5	136	4023	263.206351518631	0	0	0	0
TC	UKBB	EUR	5	146	4217	329.842576265335	0	0	1	72
TC	UKBB	EUR	5	147	1791	101.549714565277	0	0	0	0
TC	UKBB	EUR	5	154	2457	646.80123758316	0	0	0	0
TC	UKBB	EUR	5	156	2217	342.653112411499	0	0	1	41
TC	UKBB	EUR	5	158	2029	474.666995286942	0	0	0	0
TC	UKBB	EUR	5	165	1962	377.896724462509	0	0	0	0
TC	UKBB	EUR	5	166	3367	5579.85674571991	1	1	3	18
TC	UKBB	EUR	5	167	2526	260.553860425949	0	0	0	0
TC	UKBB	EUR	5	168	3148	462.37899851799	0	0	0	0
TC	UKBB	EUR	5	191	4411	344.767112255096	0	0	0	0
TC	UKBB	EUR	5	202	1907	362.390125989914	0	0	0	0
TC	UKBB	EUR	5	207	2660	252.024555921555	0	0	0	0
TC	UKBB	EUR	5	210	311	11.6733577251434	0	0	0	0
TC	UKBB	EUR	5	211	609	74.6670496463776	0	0	0	0
TC	UKBB	EUR	6	1	3328	655.945838689804	0	0	0	0
TC	UKBB	EUR	6	19	2662	398.844514846802	0	0	0	0
TC	UKBB	EUR	6	20	1724	128.834423780441	0	0	0	0
TC	UKBB	EUR	6	25	2514	210.303276062012	0	0	0	0
TC	UKBB	EUR	6	27	1597	146.203943490982	0	0	1	8
TC	UKBB	EUR	6	30	352	42.458075761795	0	0	0	0
TC	UKBB	EUR	6	34	3051	683.451707839966	0	0	0	0
TC	UKBB	EUR	6	35	1220	175.584020376205	0	1	1	3
TC	UKBB	EUR	6	39	4680	2087.07584547997	0	0	0	0
TC	UKBB	EUR	6	43	3015	510.570740461349	0	0	0	0
TC	UKBB	EUR	6	44	544	24.2028884887695	0	1	1	15
TC	UKBB	EUR	6	47	3880	757.566210269928	0	0	0	0
TC	UKBB	EUR	6	51	5822	2566.13183903694	0	0	2	35
TC	UKBB	EUR	6	52	1850	379.837395906448	0	0	0	0
TC	UKBB	EUR	6	53	1679	143.590717077255	0	0	1	10
TC	UKBB	EUR	6	56	1820	83.2117810249329	0	0	1	16
TC	UKBB	EUR	6	58	3197	1082.42592954636	0	0	0	0
TC	UKBB	EUR	6	63	2730	338.788197994232	0	0	0	0
TC	UKBB	EUR	6	64	297	22.8807678222656	0	0	0	0
TC	UKBB	EUR	6	65	874	72.7189931869507	0	0	0	0
TC	UKBB	EUR	6	69	2796	163.127817153931	0	1	0	0
TC	UKBB	EUR	6	72	1192	115.953112602234	0	0	0	0
TC	UKBB	EUR	6	73	463	78.9154682159424	0	0	1	53
TC	UKBB	EUR	6	75	440	142.454222202301	0	1	0	0
TC	UKBB	EUR	6	76	5121	365.77519774437	0	1	1	16
TC	UKBB	EUR	6	85	6264	955.69075012207	0	0	1	45
TC	UKBB	EUR	6	87	4331	692.527744531631	0	0	0	0
TC	UKBB	EUR	6	88	8604	1228.97282123566	0	0	0	0
TC	UKBB	EUR	6	94	4323	1381.7317097187	0	0	0	0
TC	UKBB	EUR	6	99	3778	691.74035692215	0	0	0	0
TC	UKBB	EUR	6	100	68	1.52459573745728	0	0	1	4
TC	UKBB	EUR	6	101	3123	373.121915578842	0	0	1	39
TC	UKBB	EUR	6	105	2927	678.426309585571	0	0	0	0
TC	UKBB	EUR	6	109	2464	231.563726186752	0	0	0	0
TC	UKBB	EUR	6	115	6447	814.209607839584	0	0	1	9
TC	UKBB	EUR	6	116	4011	579.912908315659	0	1	0	0
TC	UKBB	EUR	6	117	5509	1947.40472173691	0	0	0	0
TC	UKBB	EUR	6	124	4362	636.854402780533	0	0	1	18
TC	UKBB	EUR	6	127	2225	443.751292228699	0	1	1	7
TC	UKBB	EUR	6	128	3035	790.751518011093	0	0	0	0
TC	UKBB	EUR	6	130	3746	707.711164474487	0	0	0	0
TC	UKBB	EUR	6	134	2096	126.07188129425	0	0	1	13
TC	UKBB	EUR	6	135	1399	308.341007709503	0	0	0	0
TC	UKBB	EUR	6	137	1270	206.064482927322	0	0	0	0
TC	UKBB	EUR	6	138	2007	516.524209260941	0	0	0	0
TC	UKBB	EUR	6	140	1922	262.72448182106	0	0	0	0
TC	UKBB	EUR	6	146	1500	154.43968129158	0	0	0	0
TC	UKBB	EUR	6	148	1158	169.518285036087	0	0	0	0
TC	UKBB	EUR	6	154	2133	97.2524070739746	0	1	0	0
TC	UKBB	EUR	6	158	2436	260.848715543747	0	0	0	0
TC	UKBB	EUR	6	160	3090	922.078140258789	0	0	0	0
TC	UKBB	EUR	6	168	3843	631.125329256058	0	0	0	0
TC	UKBB	EUR	6	169	6162	83008.0788636208	4	10	9	19
TC	UKBB	EUR	6	183	1546	126.147540569305	0	0	0	0
TC	UKBB	EUR	7	3	2280	604.406522512436	0	1	2	29
TC	UKBB	EUR	7	5	3895	663.828504562378	0	0	0	0
TC	UKBB	EUR	7	6	2125	231.661852836609	0	1	0	0
TC	UKBB	EUR	7	11	2699	455.935628414154	0	0	0	0
TC	UKBB	EUR	7	12	4792	1057.8490793705	1	1	1	1
TC	UKBB	EUR	7	28	986	52.2742140293121	0	0	0	0
TC	UKBB	EUR	7	33	4062	602.45779633522	0	0	1	71
TC	UKBB	EUR	7	37	3549	1517.83705425262	0	1	2	27
TC	UKBB	EUR	7	40	4771	556.161733388901	0	0	0	0
TC	UKBB	EUR	7	41	3103	789.82322716713	0	0	0	0
TC	UKBB	EUR	7	42	3183	1657.79114747047	1	1	1	1
TC	UKBB	EUR	7	44	586	24.4165649414062	0	0	1	7
TC	UKBB	EUR	7	50	2149	370.670775175095	0	0	0	0
TC	UKBB	EUR	7	51	2166	612.59256029129	0	0	0	0
TC	UKBB	EUR	7	58	3211	471.960163831711	0	1	2	15
TC	UKBB	EUR	7	66	1453	149.145424842834	0	0	0	0
TC	UKBB	EUR	7	67	7870	3461.79034852982	0	2	1	2
TC	UKBB	EUR	7	73	1099	116.451128005981	0	0	0	0
TC	UKBB	EUR	7	85	3584	582.936990022659	0	0	0	0
TC	UKBB	EUR	7	87	391	13.6801970005035	0	1	1	8
TC	UKBB	EUR	7	88	4087	706.716501951218	0	0	1	57
TC	UKBB	EUR	7	89	2633	357.83220529556303	0	0	0	0
TC	UKBB	EUR	7	95	1994	31.4161648750305	0	1	1	3
TC	UKBB	EUR	7	99	4196	684.63531088829	0	0	1	16
TC	UKBB	EUR	7	103	2507	115.920650959015	0	0	1	6
TC	UKBB	EUR	7	107	5774	1676.5444085598	0	0	0	0
TC	UKBB	EUR	7	109	2335	437.032032728195	0	0	0	0
TC	UKBB	EUR	7	111	4111	7255.95172834396	0	2	3	14
TC	UKBB	EUR	7	112	1906	128.691248178482	0	0	0	0
TC	UKBB	EUR	7	113	3340	464.887340545654	0	0	0	0
TC	UKBB	EUR	7	119	2209	320.455184698105	0	0	0	0
TC	UKBB	EUR	7	125	3453	391.055674791336	0	0	0	0
TC	UKBB	EUR	7	127	1023	53.6837792396545	0	0	0	0
TC	UKBB	EUR	7	131	6168	678.80305981636	0	0	0	0
TC	UKBB	EUR	7	132	6105	1845.33634614944	0	0	0	0
TC	UKBB	EUR	7	133	6081	750.297513723373	0	1	1	2
TC	UKBB	EUR	7	134	1886	419.753893375397	0	0	0	0
TC	UKBB	EUR	7	138	4244	710.650509595871	0	0	0	0
TC	UKBB	EUR	7	139	985	142.897319793701	0	0	0	0
TC	UKBB	EUR	7	140	2339	538.25740480423	0	0	0	0
TC	UKBB	EUR	7	141	4538	1898.33254528046	0	0	0	0
TC	UKBB	EUR	7	142	829	125.475277900696	0	0	0	0
TC	UKBB	EUR	7	147	1416	264.687655210495	0	0	0	0
TC	UKBB	EUR	7	152	1379	246.989763736725	0	0	0	0
TC	UKBB	EUR	7	159	1551	57.3091380596161	0	1	0	0
TC	UKBB	EUR	7	162	5422	387.909361839294	0	1	0	0
TC	UKBB	EUR	7	176	712	33.3441696166992	0	0	0	0
TC	UKBB	EUR	7	177	1027	196.382607698441	0	0	0	0
TC	UKBB	EUR	7	187	3964	719.735700130463	0	0	0	0
TC	UKBB	EUR	8	17	2977	526.135472297668	0	0	1	17
TC	UKBB	EUR	8	29	5389	564.058602333069	0	1	1	3
TC	UKBB	EUR	8	32	3735	353.602117300034	0	1	1	4
TC	UKBB	EUR	8	36	1028	100.569443941116	0	0	0	0
TC	UKBB	EUR	8	39	2372	168.095542192459	0	0	0	0
TC	UKBB	EUR	8	41	1990	366.222094535828	0	0	0	0
TC	UKBB	EUR	8	42	3953	1010.29783439636	0	0	0	0
TC	UKBB	EUR	8	43	3499	717.796760559082	0	1	0	0
TC	UKBB	EUR	8	44	1215	84.3272740840912	0	0	0	0
TC	UKBB	EUR	8	45	2267	216.396379470825	0	1	0	0
TC	UKBB	EUR	8	57	1899	325.474325180054	0	0	0	0
TC	UKBB	EUR	8	59	1677	28.9307751655579	0	0	1	4
TC	UKBB	EUR	8	65	1872	51.8429689407349	0	0	1	6
TC	UKBB	EUR	8	68	2505	347.750601291656	0	2	2	5
TC	UKBB	EUR	8	69	4946	487.962267637253	0	0	1	26
TC	UKBB	EUR	8	78	664	92.3208169937134	0	0	0	0
TC	UKBB	EUR	8	81	3118	283.417378902435	0	0	1	5
TC	UKBB	EUR	8	83	4946	2032.62575316429	0	0	0	0
TC	UKBB	EUR	8	84	6862	1788.79724264145	0	0	0	0
TC	UKBB	EUR	8	85	2600	614.53426527977	0	2	2	7
TC	UKBB	EUR	8	88	3370	280.978764057159	0	0	0	0
TC	UKBB	EUR	8	106	3355	815.182707071304	0	0	0	0
TC	UKBB	EUR	8	109	4803	1631.11091113091	0	0	0	0
TC	UKBB	EUR	8	110	4652	866.165590524673	0	0	0	0
TC	UKBB	EUR	8	113	2242	101.469532966614	0	0	1	7
TC	UKBB	EUR	8	118	1374	197.437052726746	0	0	0	0
TC	UKBB	EUR	8	121	617	12.0424513816833	0	0	0	0
TC	UKBB	EUR	8	124	1866	227.03177857399	0	1	1	2
TC	UKBB	EUR	8	125	829	1028.4600212574	3	3	4	11
TC	UKBB	EUR	8	126	315	32.9994947910309	0	0	0	0
TC	UKBB	EUR	8	135	2476	614.908274173737	0	0	0	0
TC	UKBB	EUR	8	153	1471	531.44085931778	0	0	1	88
TC	UKBB	EUR	8	159	2219	302.753030538559	0	0	0	0
TC	UKBB	EUR	8	160	2079	65.868724822998	0	0	1	5
TC	UKBB	EUR	9	4	2704	499.452739238739	1	1	1	1
TC	UKBB	EUR	9	5	555	37.4282784461975	0	0	0	0
TC	UKBB	EUR	9	9	1940	290.780946731567	0	0	0	0
TC	UKBB	EUR	9	12	2316	477.380132913589	0	0	0	0
TC	UKBB	EUR	9	13	4417	229.490492582321	0	0	0	0
TC	UKBB	EUR	9	31	3751	634.880383253098	0	2	1	3
TC	UKBB	EUR	9	33	2539	297.848668813705	0	0	0	0
TC	UKBB	EUR	9	36	2547	582.820790529251	0	0	1	33
TC	UKBB	EUR	9	39	1102	74.214982509613	0	1	1	5
TC	UKBB	EUR	9	40	4735	890.199204444885	0	0	0	0
TC	UKBB	EUR	9	51	1485	195.778554677963	0	0	1	16
TC	UKBB	EUR	9	53	4777	918.10383272171	0	0	0	0
TC	UKBB	EUR	9	69	1864	357.305285453796	0	0	1	26
TC	UKBB	EUR	9	70	1289	254.701153516769	0	0	0	0
TC	UKBB	EUR	9	72	810	80.2129952907562	0	1	1	5
TC	UKBB	EUR	9	73	1911	233.299225091934	0	0	0	0
TC	UKBB	EUR	9	89	727	110.593585968018	0	0	0	0
TC	UKBB	EUR	9	93	3077	635.383838176727	0	0	0	0
TC	UKBB	EUR	9	99	2185	503.770449638367	0	0	0	0
TC	UKBB	EUR	9	100	3638	184.695163249969	0	1	1	3
TC	UKBB	EUR	9	102	3673	458.773031949997	0	0	1	29
TC	UKBB	EUR	9	103	972	114.974278688431	0	0	0	0
TC	UKBB	EUR	9	104	1166	219.595299005508	0	0	0	0
TC	UKBB	EUR	9	105	832	193.984443902969	0	0	0	0
TC	UKBB	EUR	9	106	3625	392.085078716278	0	1	0	0
TC	UKBB	EUR	9	107	939	88.1714355945587	0	1	0	0
TC	UKBB	EUR	9	109	4395	805.791448354721	0	0	0	0
TC	UKBB	EUR	9	110	4434	20273.7966501713	6	9	8	11
TC	UKBB	EUR	9	111	194	224.622261285782	3	5	4	5
TC	UKBB	EUR	9	112	4252	1504.57728934288	1	2	2	9
TC	UKBB	EUR	9	113	2327	494.990481853485	0	0	0	0
TC	UKBB	EUR	9	114	1527	339.269312858582	0	0	0	0
TC	UKBB	EUR	9	115	4440	1233.18014192581	0	0	0	0
TC	UKBB	EUR	9	116	2343	241.910851478577	0	0	0	0
TC	UKBB	EUR	9	118	5315	556.388936042786	0	2	0	0
TC	UKBB	EUR	9	119	1918	380.119346618652	0	0	0	0
TC	UKBB	EUR	9	121	1360	180.235977649689	0	0	0	0
TC	UKBB	EUR	9	124	2014	247.793271064758	0	1	0	0
TC	UKBB	EUR	9	125	2837	404.10700750351	0	0	0	0
TC	UKBB	EUR	9	134	4996	454.566952705383	0	0	1	25
TC	UKBB	EUR	9	140	5249	1074.82379674911	0	0	1	6
TC	UKBB	EUR	9	142	1797	330.99885892868	0	0	0	0
TC	UKBB	EUR	9	144	2015	433.893730640411	0	0	0	0
TC	UKBB	EUR	9	145	2357	194.917469263077	0	0	0	0
TC	UKBB	EUR	9	149	1833	344.372007131577	0	0	1	3
TC	UKBB	EUR	9	153	206	13.3593344688416	0	0	0	0
TC	UKBB	EUR	9	160	836	52.468597650528	0	0	1	17
TC	UKBB	EUR	9	161	891	102.508357286453	0	0	1	8
TC	UKBB	EUR	10	13	2342	212.412012577057	0	0	1	11
TC	UKBB	EUR	10	22	2736	396.051193237305	0	0	1	21
TC	UKBB	EUR	10	43	2320	179.858488082886	0	1	1	7
TC	UKBB	EUR	10	44	1333	223.749847888947	0	0	1	27
TC	UKBB	EUR	10	46	3648	927.288073539734	0	0	0	0
TC	UKBB	EUR	10	52	3663	1169.00815606117	0	0	0	0
TC	UKBB	EUR	10	53	1793	170.805400133133	0	0	0	0
TC	UKBB	EUR	10	58	703	65.841944694519	0	0	0	0
TC	UKBB	EUR	10	59	1935	450.009925603867	0	0	0	0
TC	UKBB	EUR	10	67	1886	135.812783002853	0	0	1	13
TC	UKBB	EUR	10	69	2875	716.268245220184	0	0	0	0
TC	UKBB	EUR	10	70	3314	1250.90732836723	0	1	1	24
TC	UKBB	EUR	10	73	2006	543.910002470016	0	0	0	0
TC	UKBB	EUR	10	77	7554	1647.10022139549	0	0	0	0
TC	UKBB	EUR	10	80	3786	1243.19892716408	0	0	2	28
TC	UKBB	EUR	10	81	3868	399.11159324646	1	1	2	24
TC	UKBB	EUR	10	84	5349	375.155280590057	0	0	0	0
TC	UKBB	EUR	10	85	1076	26.0866649150848	0	1	1	2
TC	UKBB	EUR	10	92	5124	716.975795030594	0	0	0	0
TC	UKBB	EUR	10	100	1078	101.124472141266	0	0	0	0
TC	UKBB	EUR	10	101	2711	739.504550457001	0	0	0	0
TC	UKBB	EUR	10	109	3324	335.642450094223	0	0	1	11
TC	UKBB	EUR	10	110	1150	161.283704996109	0	0	0	0
TC	UKBB	EUR	10	112	837	78.2099478244781	0	0	1	10
TC	UKBB	EUR	10	113	2679	318.372426748276	0	0	0	0
TC	UKBB	EUR	10	117	4416	3172.63903951645	0	1	1	35
TC	UKBB	EUR	10	120	3174	768.284807443619	0	0	0	0
TC	UKBB	EUR	10	121	2206	414.617030143738	0	1	1	2
TC	UKBB	EUR	10	123	2903	743.97069478035	0	0	0	0
TC	UKBB	EUR	10	126	3680	544.773382425308	0	0	1	9
TC	UKBB	EUR	10	127	1169	176.462505102158	0	0	0	0
TC	UKBB	EUR	10	129	4798	659.141566038132	0	0	0	0
TC	UKBB	EUR	10	130	1465	126.766324281693	0	0	0	0
TC	UKBB	EUR	10	131	4107	326.898813009262	0	1	1	2
TC	UKBB	EUR	10	137	3712	320.183526515961	0	0	1	18
TC	UKBB	EUR	10	138	709	424.141966342926	1	2	3	13
TC	UKBB	EUR	10	140	912	412.752445936203	0	1	2	49
TC	UKBB	EUR	10	144	1464	283.692996501923	0	0	0	0
TC	UKBB	EUR	10	150	3133	683.898666858673	0	0	0	0
TC	UKBB	EUR	10	152	2179	124.211921691895	0	1	0	0
TC	UKBB	EUR	10	154	5129	958.551639795303	0	1	2	7
TC	UKBB	EUR	10	176	3026	717.799315929413	0	0	0	0
TC	UKBB	EUR	10	177	1591	334.416680335999	0	0	0	0
TC	UKBB	EUR	11	2	2438	701.622312307358	0	0	0	0
TC	UKBB	EUR	11	3	2577	568.68803524971	0	0	0	0
TC	UKBB	EUR	11	4	1624	153.211989164352	0	0	0	0
TC	UKBB	EUR	11	7	1404	455.084737300873	0	1	2	20
TC	UKBB	EUR	11	11	3024	650.563515901566	0	0	0	0
TC	UKBB	EUR	11	12	3696	410.648799180984	0	1	1	2
TC	UKBB	EUR	11	22	1313	94.3993535041809	0	0	0	0
TC	UKBB	EUR	11	28	2056	233.796439409256	0	0	0	0
TC	UKBB	EUR	11	30	1850	613.601209878922	0	1	0	0
TC	UKBB	EUR	11	31	1777	369.274748325348	0	0	0	0
TC	UKBB	EUR	11	33	2372	109.373997449875	0	0	1	3
TC	UKBB	EUR	11	56	600	100.409021377563	0	0	1	50
TC	UKBB	EUR	11	57	2392	487.353535652161	0	0	0	0
TC	UKBB	EUR	11	75	1734	80.5120394229889	0	2	0	0
TC	UKBB	EUR	11	76	2125	247.017017126083	0	1	1	7
TC	UKBB	EUR	11	78	2171	468.165768623352	0	0	0	0
TC	UKBB	EUR	11	79	4666	4848.23580861092	0	0	2	40
TC	UKBB	EUR	11	80	3147	176.677496910095	0	1	1	5
TC	UKBB	EUR	11	81	2091	372.242690563202	0	0	0	0
TC	UKBB	EUR	11	82	688	67.4429244995117	0	0	0	0
TC	UKBB	EUR	11	86	2982	559.093363761902	0	0	0	0
TC	UKBB	EUR	11	88	3298	1075.08459234238	0	1	1	4
TC	UKBB	EUR	11	90	4937	1250.7366464138	0	0	0	0
TC	UKBB	EUR	11	107	1150	96.1777007579803	0	0	0	0
TC	UKBB	EUR	11	108	978	68.4179992675781	0	0	0	0
TC	UKBB	EUR	11	117	5121	507.955924749374	0	1	1	7
TC	UKBB	EUR	11	121	2595	285.458315372467	0	0	0	0
TC	UKBB	EUR	11	125	2263	379.866035223007	0	1	1	41
TC	UKBB	EUR	11	128	406	17.4623982906342	0	1	0	0
TC	UKBB	EUR	11	129	2572	1073.68647909164	3	4	4	5
TC	UKBB	EUR	11	133	2273	1948.4917216301	0	0	3	47
TC	UKBB	EUR	11	140	1449	311.345402240753	0	0	0	0
TC	UKBB	EUR	11	142	3177	425.006875038147	0	0	1	20
TC	UKBB	EUR	11	147	5025	1757.85324215889	1	1	2	11
TC	UKBB	EUR	11	163	511	36.8575677871704	0	0	0	0
TC	UKBB	EUR	12	1	1604	98.9903755187988	0	1	0	0
TC	UKBB	EUR	12	12	979	9.99561929702759	0	1	1	2
TC	UKBB	EUR	12	13	1636	300.623943567276	0	0	0	0
TC	UKBB	EUR	12	17	1126	101.19925570488	0	0	0	0
TC	UKBB	EUR	12	18	2207	177.335150718689	0	1	1	7
TC	UKBB	EUR	12	23	2980	601.639257192612	0	1	2	14
TC	UKBB	EUR	12	26	488	35.1190142631531	0	0	0	0
TC	UKBB	EUR	12	27	434	41.5277318954468	0	0	0	0
TC	UKBB	EUR	12	29	362	12.9706473350525	0	0	0	0
TC	UKBB	EUR	12	42	4746	298.006182670593	0	0	0	0
TC	UKBB	EUR	12	45	2380	645.318259000778	0	0	0	0
TC	UKBB	EUR	12	47	905	50.7161202430725	0	1	0	0
TC	UKBB	EUR	12	48	2963	156.533442497253	0	1	1	5
TC	UKBB	EUR	12	49	3287	68.0582399368286	0	0	1	4
TC	UKBB	EUR	12	51	1885	353.810214996338	0	0	0	0
TC	UKBB	EUR	12	52	4110	1146.08622026443	0	0	0	0
TC	UKBB	EUR	12	59	3460	1066.07056546211	0	0	0	0
TC	UKBB	EUR	12	60	1726	286.357670307159	0	0	0	0
TC	UKBB	EUR	12	61	1979	400.223067998886	0	0	0	0
TC	UKBB	EUR	12	62	2158	661.679992198944	0	0	0	0
TC	UKBB	EUR	12	63	2256	325.742101669312	0	0	1	13
TC	UKBB	EUR	12	64	1757	137.325025081635	0	0	0	0
TC	UKBB	EUR	12	66	2836	455.475056648254	0	0	0	0
TC	UKBB	EUR	12	67	1412	352.698401451111	0	0	0	0
TC	UKBB	EUR	12	69	2649	208.73726439476	0	1	0	0
TC	UKBB	EUR	12	71	3298	451.468263864517	1	1	1	1
TC	UKBB	EUR	12	72	9120	3084.37972736359	0	0	0	0
TC	UKBB	EUR	12	82	3231	142.842958450317	0	1	1	3
TC	UKBB	EUR	12	97	4440	919.954262018204	0	1	0	0
TC	UKBB	EUR	12	98	1835	343.70570731163	0	0	0	0
TC	UKBB	EUR	12	106	3369	794.12023806572	0	0	0	0
TC	UKBB	EUR	12	110	3817	262.05278801918	0	0	0	0
TC	UKBB	EUR	12	113	2812	284.922482013702	0	0	0	0
TC	UKBB	EUR	12	116	889	130.649558544159	0	0	0	0
TC	UKBB	EUR	12	117	2885	187.667162179947	0	0	1	43
TC	UKBB	EUR	12	119	5327	1776.14667272568	0	0	0	0
TC	UKBB	EUR	12	120	1501	311.160156726837	0	0	0	0
TC	UKBB	EUR	12	121	2018	436.909634828568	0	1	1	14
TC	UKBB	EUR	12	122	4156	2680.77034378052	1	1	1	1
TC	UKBB	EUR	12	123	1555	189.629101991653	0	0	0	0
TC	UKBB	EUR	12	127	1335	269.850949048996	0	0	0	0
TC	UKBB	EUR	12	128	501	32.8914287090302	0	1	0	0
TC	UKBB	EUR	12	129	2101	365.454997777939	0	0	0	0
TC	UKBB	EUR	12	138	4477	1460.30881500244	0	1	1	5
TC	UKBB	EUR	12	139	6117	1332.42490768433	0	0	1	11
TC	UKBB	EUR	12	140	1266	1845.33856892586	1	2	4	18
TC	UKBB	EUR	12	141	1756	381.238087654114	2	2	2	2
TC	UKBB	EUR	13	18	879	148.482982873917	1	1	1	1
TC	UKBB	EUR	13	21	3345	478.170326948166	0	0	1	6
TC	UKBB	EUR	13	24	2198	482.300202131271	0	0	0	0
TC	UKBB	EUR	13	25	1252	2107.97149729729	0	0	2	17
TC	UKBB	EUR	13	40	1989	78.0802233219147	0	0	1	5
TC	UKBB	EUR	13	44	1792	224.41544342041	0	0	0	0
TC	UKBB	EUR	13	45	2398	736.58211684227	0	0	0	0
TC	UKBB	EUR	13	50	4991	978.269255638123	0	0	0	0
TC	UKBB	EUR	13	66	1194	270.120683670044	0	0	0	0
TC	UKBB	EUR	13	69	4398	1195.37674450874	0	0	0	0
TC	UKBB	EUR	13	70	2949	555.67378282547	0	0	0	0
TC	UKBB	EUR	13	84	1624	332.599617481232	0	0	0	0
TC	UKBB	EUR	13	95	1019	114.385307312012	0	0	0	0
TC	UKBB	EUR	13	96	1142	237.490194559097	0	0	0	0
TC	UKBB	EUR	13	111	909	67.2850432395935	0	0	1	12
TC	UKBB	EUR	13	115	1123	82.3685867786407	0	1	0	0
TC	UKBB	EUR	13	116	988	71.756564617157	0	0	1	24
TC	UKBB	EUR	13	118	1878	297.385605335236	0	0	1	16
TC	UKBB	EUR	13	124	378	59.5172364711761	0	0	1	67
TC	UKBB	EUR	13	125	2500	380.747452974319	0	1	1	2
TC	UKBB	EUR	14	4	871	40.2402801513672	0	0	0	0
TC	UKBB	EUR	14	10	875	161.40771818161	0	0	0	0
TC	UKBB	EUR	14	11	1119	214.699874162674	0	0	0	0
TC	UKBB	EUR	14	14	4251	1657.69513225555	0	1	1	3
TC	UKBB	EUR	14	23	3771	1686.2281961441	0	0	0	0
TC	UKBB	EUR	14	31	3492	170.925214529037	0	0	1	23
TC	UKBB	EUR	14	35	3548	780.74783539772	0	0	0	0
TC	UKBB	EUR	14	43	194	18.7946915626526	0	0	0	0
TC	UKBB	EUR	14	63	4296	444.456584692001	0	0	1	55
TC	UKBB	EUR	14	67	2985	901.510009527206	0	0	0	0
TC	UKBB	EUR	14	68	2192	426.160164117813	0	0	0	0
TC	UKBB	EUR	14	72	4164	480.845103025436	0	0	0	0
TC	UKBB	EUR	14	73	2064	305.157551765442	0	0	1	13
TC	UKBB	EUR	14	93	3017	670.27646780014	0	0	0	0
TC	UKBB	EUR	14	96	409	51.1186447143555	0	0	0	0
TC	UKBB	EUR	14	105	1493	89.7601690292358	0	0	1	3
TC	UKBB	EUR	14	106	1457	293.521754980087	0	0	0	0
TC	UKBB	EUR	14	120	1084	167.777217626572	1	1	1	1
TC	UKBB	EUR	14	121	3163	848.5706782341	0	0	0	0
TC	UKBB	EUR	14	126	3885	1559.05464076996	0	0	0	0
TC	UKBB	EUR	14	127	2584	464.395242214203	0	0	0	0
TC	UKBB	EUR	14	129	1572	115.879008769989	0	0	0	0
TC	UKBB	EUR	15	37	3628	134.771913528442	0	1	0	0
TC	UKBB	EUR	15	44	1631	243.490237474442	0	0	1	52
TC	UKBB	EUR	15	45	6251	1958.95467472076	0	0	0	0
TC	UKBB	EUR	15	46	1861	223.96653008461	0	0	0	0
TC	UKBB	EUR	15	47	2353	541.414602279663	0	0	0	0
TC	UKBB	EUR	15	50	2801	57.5464146137238	0	1	1	3
TC	UKBB	EUR	15	52	2006	1007.70289850235	2	5	4	9
TC	UKBB	EUR	15	53	387	264.899043321609	1	4	2	3
TC	UKBB	EUR	15	54	2153	283.924157381058	0	1	2	9
TC	UKBB	EUR	15	59	4808	504.472794532776	0	0	0	0
TC	UKBB	EUR	15	62	5486	2078.18914270401	0	1	1	3
TC	UKBB	EUR	15	63	1622	313.41003370285	0	0	0	0
TC	UKBB	EUR	15	64	1727	352.275819540024	0	0	0	0
TC	UKBB	EUR	15	66	2998	1053.31988048553	0	0	0	0
TC	UKBB	EUR	15	80	1329	18.1866672039032	0	0	0	0
TC	UKBB	EUR	15	83	1238	249.561142683029	0	0	0	0
TC	UKBB	EUR	15	85	2204	160.68513417244	0	0	0	0
TC	UKBB	EUR	15	88	1599	811.181979179382	0	0	0	0
TC	UKBB	EUR	15	102	2334	100.541118144989	0	1	0	0
TC	UKBB	EUR	15	111	1691	412.973217010498	0	0	0	0
TC	UKBB	EUR	15	117	1042	75.3794221878052	0	0	0	0
TC	UKBB	EUR	16	1	2122	73.1107361316681	0	0	0	0
TC	UKBB	EUR	16	2	830	126.41030216217	0	0	0	0
TC	UKBB	EUR	16	4	3080	563.773186445236	0	0	0	0
TC	UKBB	EUR	16	5	1228	227.401384115219	0	0	0	0
TC	UKBB	EUR	16	6	1618	237.205532312393	0	0	0	0
TC	UKBB	EUR	16	9	2872	329.884246587753	0	0	0	0
TC	UKBB	EUR	16	31	2649	2004.53470373154	0	1	2	37
TC	UKBB	EUR	16	32	403	21.0130898952484	1	1	1	1
TC	UKBB	EUR	16	33	4303	2317.76306462288	0	0	0	0
TC	UKBB	EUR	16	37	3197	641.943783283234	0	0	0	0
TC	UKBB	EUR	16	41	2214	280.30988740921	0	0	1	24
TC	UKBB	EUR	16	43	1974	332.429781913757	0	0	0	0
TC	UKBB	EUR	16	58	1472	131.712476015091	0	0	0	0
TC	UKBB	EUR	16	59	1757	285.101481437683	0	0	0	0
TC	UKBB	EUR	16	63	2882	577.720062255859	0	0	0	0
TC	UKBB	EUR	16	70	963	113.839458465576	0	0	0	0
TC	UKBB	EUR	16	74	508	26.9792566299438	0	0	0	0
TC	UKBB	EUR	16	75	3136	2531.0204975605	1	3	3	9
TC	UKBB	EUR	16	76	2153	175.13662147522	0	1	0	0
TC	UKBB	EUR	16	79	1396	278.952796459198	0	0	0	0
TC	UKBB	EUR	16	83	2324	637.284882068634	0	0	0	0
TC	UKBB	EUR	16	85	5252	3752.82661628723	0	1	0	0
TC	UKBB	EUR	16	88	5313	8628.53426837921	2	2	3	70
TC	UKBB	EUR	16	89	6707	15885.1071813107	3	3	5	25
TC	UKBB	EUR	16	90	1663	414.502837896347	0	0	0	0
TC	UKBB	EUR	16	91	1641	52.6994163990021	0	1	0	0
TC	UKBB	EUR	16	94	5743	2236.94016480446	0	0	0	0
TC	UKBB	EUR	16	99	1754	118.320247173309	0	1	0	0
TC	UKBB	EUR	16	100	359	31.9447460174561	0	2	1	2
TC	UKBB	EUR	16	101	424	22.3047208786011	0	0	1	32
TC	UKBB	EUR	16	103	7068	1236.70085477829	0	0	0	0
TC	UKBB	EUR	16	104	2128	123.572511434555	0	1	1	33
TC	UKBB	EUR	16	110	1693	93.9219055175781	0	1	1	3
TC	UKBB	EUR	16	113	2553	189.88452911377	0	0	1	17
TC	UKBB	EUR	16	116	1810	130.911220550537	0	0	0	0
TC	UKBB	EUR	16	119	2199	228.022477626801	0	0	1	9
TC	UKBB	EUR	16	120	323	18.9085302352905	0	0	0	0
TC	UKBB	EUR	16	125	1620	228.239517211914	0	0	0	0
TC	UKBB	EUR	16	126	390	104.145051240921	0	0	0	0
TC	UKBB	EUR	16	127	671	103.653439998627	0	0	1	8
TC	UKBB	EUR	16	128	5562	1956.38856577873	0	0	0	0
TC	UKBB	EUR	17	9	3318	604.801795005798	0	1	1	11
TC	UKBB	EUR	17	15	203	22.4634160995483	0	0	0	0
TC	UKBB	EUR	17	16	668	14.0083315372467	0	1	1	2
TC	UKBB	EUR	17	17	3240	1287.14395332336	1	1	1	1
TC	UKBB	EUR	17	22	528	87.9357163906097	0	0	0	0
TC	UKBB	EUR	17	23	1112	191.70822262764	2	2	3	11
TC	UKBB	EUR	17	24	2012	348.209537029266	1	2	2	3
TC	UKBB	EUR	17	25	2001	381.791885852814	0	0	1	21
TC	UKBB	EUR	17	28	433	45.3056972026825	0	0	0	0
TC	UKBB	EUR	17	30	437	41.6810824871063	0	0	0	0
TC	UKBB	EUR	17	49	1299	248.920886278152	0	0	0	0
TC	UKBB	EUR	17	51	4144	2003.16790223122	0	0	1	16
TC	UKBB	EUR	17	53	3028	680.44779086113	0	0	0	0
TC	UKBB	EUR	17	54	2540	314.741366624832	0	0	0	0
TC	UKBB	EUR	17	55	5217	2776.87612271309	1	1	2	116
TC	UKBB	EUR	17	65	3613	2088.79699206352	0	0	0	0
TC	UKBB	EUR	17	70	1727	284.499930143356	0	0	0	0
TC	UKBB	EUR	17	71	2415	2362.40654063225	0	0	1	66
TC	UKBB	EUR	17	73	3967	730.588308095932	1	1	1	1
TC	UKBB	EUR	17	74	4628	1097.41724181175	0	0	0	0
TC	UKBB	EUR	17	75	3632	2042.86689424515	0	2	3	31
TC	UKBB	EUR	17	76	1916	385.294595479965	0	0	0	0
TC	UKBB	EUR	17	78	716	79.4632692337036	0	0	0	0
TC	UKBB	EUR	17	80	2168	668.360688209534	0	0	0	0
TC	UKBB	EUR	17	85	3162	238.518674612045	0	0	0	0
TC	UKBB	EUR	17	87	1473	260.322075128555	0	0	0	0
TC	UKBB	EUR	17	90	3802	439.728193998337	0	0	0	0
TC	UKBB	EUR	17	94	2254	1632.82862830162	0	0	0	0
TC	UKBB	EUR	17	95	1482	245.331412553787	0	0	0	0
TC	UKBB	EUR	17	97	3256	121.953961133957	0	0	1	3
TC	UKBB	EUR	17	98	1709	18.4815719127655	0	1	1	2
TC	UKBB	EUR	17	100	1807	303.492270469666	0	0	0	0
TC	UKBB	EUR	17	101	1413	103.461117267609	0	0	0	0
TC	UKBB	EUR	17	102	998	819.415715694427	2	2	2	2
TC	UKBB	EUR	17	103	1255	68.5537683963776	0	1	1	2
TC	UKBB	EUR	17	104	240	9.06687712669373	0	0	1	12
TC	UKBB	EUR	17	105	2164	69.0753488540649	0	0	0	0
TC	UKBB	EUR	17	109	575	80.9569749832153	0	0	0	0
TC	UKBB	EUR	17	116	1178	131.74528837204	0	0	0	0
TC	UKBB	EUR	17	117	2272	224.495348453522	0	0	0	0
TC	UKBB	EUR	17	118	2136	230.200515508652	0	0	0	0
TC	UKBB	EUR	17	121	1409	1373.7972099781	0	0	0	0
TC	UKBB	EUR	17	123	2290	431.81384396553	0	0	0	0
TC	UKBB	EUR	17	125	3153	752.966886281967	0	0	1	8
TC	UKBB	EUR	17	128	939	18.3323945999146	0	0	0	0
TC	UKBB	EUR	17	130	1784	354.060212850571	0	0	0	0
TC	UKBB	EUR	17	133	1825	396.058380365372	0	0	0	0
TC	UKBB	EUR	17	134	1843	397.773771524429	0	0	0	0
TC	UKBB	EUR	18	8	1768	302.952638626099	0	0	0	0
TC	UKBB	EUR	18	9	598	12.4276783466339	0	2	0	0
TC	UKBB	EUR	18	31	3447	201.086189031601	0	0	0	0
TC	UKBB	EUR	18	35	782	62.6870427131653	0	0	0	0
TC	UKBB	EUR	18	39	4245	110.093456268311	0	1	1	3
TC	UKBB	EUR	18	41	4558	243.789044857025	0	1	1	3
TC	UKBB	EUR	18	42	3068	614.223269701004	0	0	0	0
TC	UKBB	EUR	18	52	2270	462.585430145264	0	0	0	0
TC	UKBB	EUR	18	61	3387	881.922996282578	0	0	0	0
TC	UKBB	EUR	18	68	410	42.8667209148407	0	0	0	0
TC	UKBB	EUR	18	69	5208	17178.4373800755	2	4	6	22
TC	UKBB	EUR	18	74	5069	1289.18411254883	0	0	0	0
TC	UKBB	EUR	18	77	718	12.7291367053986	0	0	1	3
TC	UKBB	EUR	18	78	1220	117.172194242477	0	0	0	0
TC	UKBB	EUR	18	81	2307	481.522270441055	0	0	0	0
TC	UKBB	EUR	18	85	3617	826.174856185913	0	0	0	0
TC	UKBB	EUR	18	88	1946	87.2895376682281	0	0	0	0
TC	UKBB	EUR	18	119	872	109.335565805435	0	0	0	0
TC	UKBB	EUR	19	2	501	10.3910095691681	0	1	0	0
TC	UKBB	EUR	19	5	266	7.60683178901672	0	1	0	0
TC	UKBB	EUR	19	6	1467	218.762698411942	0	0	0	0
TC	UKBB	EUR	19	12	933	59.7273342609406	0	0	1	23
TC	UKBB	EUR	19	15	725	17.4735300540924	0	1	0	0
TC	UKBB	EUR	19	16	822	165.306823253632	0	1	0	0
TC	UKBB	EUR	19	19	652	88.4926092624664	0	0	0	0
TC	UKBB	EUR	19	20	1037	92.0322320461273	0	0	0	0
TC	UKBB	EUR	19	21	599	56.1529190540314	0	0	0	0
TC	UKBB	EUR	19	22	2408	422.721345186234	0	0	0	0
TC	UKBB	EUR	19	25	1603	137.997927188873	0	0	0	0
TC	UKBB	EUR	19	30	1225	86.9802615642548	0	0	0	0
TC	UKBB	EUR	19	32	1786	124.014494419098	0	1	0	0
TC	UKBB	EUR	19	33	814	87.2659320831299	0	0	1	11
TC	UKBB	EUR	19	35	1865	249.926094532013	0	0	0	0
TC	UKBB	EUR	19	36	646	67.5304226875305	0	0	0	0
TC	UKBB	EUR	19	37	2565	30196.7199304104	5	9	10	17
TC	UKBB	EUR	19	38	610	1495.83471250534	4	6	6	11
TC	UKBB	EUR	19	39	3517	1465.3191587925	1	4	3	5
TC	UKBB	EUR	19	42	1228	145.957355260849	0	0	0	0
TC	UKBB	EUR	19	46	2017	670.662770748138	0	0	1	5
TC	UKBB	EUR	19	49	2300	2025.09197759628	0	0	1	30
TC	UKBB	EUR	19	51	1322	61.7227201461792	0	0	1	7
TC	UKBB	EUR	19	52	1624	404.138130903244	0	1	0	0
TC	UKBB	EUR	19	53	3053	481.417214632034	2	3	2	2
TC	UKBB	EUR	19	54	4263	531.456277132034	0	1	1	2
TC	UKBB	EUR	19	63	1432	252.188090801239	0	0	1	14
TC	UKBB	EUR	19	64	3905	239.759059429169	0	0	0	0
TC	UKBB	EUR	19	65	1397	77.264497756958	0	1	0	0
TC	UKBB	EUR	19	67	5937	1453.36578631401	0	2	0	0
TC	UKBB	EUR	19	70	1849	234.501771688461	0	1	0	0
TC	UKBB	EUR	19	71	334	41.1861956119537	0	1	2	7
TC	UKBB	EUR	19	72	2700	235.167308807373	0	0	1	49
TC	UKBB	EUR	19	73	490	38.8948159217834	0	1	1	9
TC	UKBB	EUR	19	74	2876	13848.4190003872	7	8	10	20
TC	UKBB	EUR	19	75	747	3161.94540500641	8	10	9	10
TC	UKBB	EUR	19	76	2845	18677.453025341	7	10	11	18
TC	UKBB	EUR	19	77	5032	5291.3658182621	1	3	1	1
TC	UKBB	EUR	19	79	1553	194.981870174408	1	2	1	1
TC	UKBB	EUR	19	80	865	107.470345497131	1	1	2	10
TC	UKBB	EUR	19	81	2051	1659.58552789688	1	3	2	10
TC	UKBB	EUR	19	89	1153	35.6986548900604	0	1	1	2
TC	UKBB	EUR	19	90	2448	360.344276428223	0	0	0	0
TC	UKBB	EUR	19	98	1067	115.037575483322	0	1	2	7
TC	UKBB	EUR	19	103	1261	128.162202835083	0	0	0	0
TC	UKBB	EUR	19	104	1417	135.008312702179	0	0	0	0
TC	UKBB	EUR	19	107	981	164.548766613007	1	1	1	1
TC	UKBB	EUR	19	110	2722	362.862052679062	0	0	0	0
TC	UKBB	EUR	19	111	1204	416.549666166306	1	1	1	1
TC	UKBB	EUR	20	2	1191	136.54697728157	0	0	0	0
TC	UKBB	EUR	20	10	1112	200.509826660156	0	0	0	0
TC	UKBB	EUR	20	12	2024	290.981394052505	0	1	1	6
TC	UKBB	EUR	20	18	1303	56.6245808601379	0	1	1	5
TC	UKBB	EUR	20	19	358	2.12918949127197	0	0	0	0
TC	UKBB	EUR	20	40	1552	51.7246954441071	0	0	1	7
TC	UKBB	EUR	20	48	3926	490.96696305275	0	1	2	7
TC	UKBB	EUR	20	55	746	108.761072874069	0	0	0	0
TC	UKBB	EUR	20	59	3886	393.789444208145	0	0	1	39
TC	UKBB	EUR	20	60	2394	575.884813785553	0	0	1	14
TC	UKBB	EUR	20	63	4755	1138.81045484543	0	0	0	0
TC	UKBB	EUR	20	64	1437	2125.18938207626	2	2	3	17
TC	UKBB	EUR	20	65	2642	797.996096372604	0	0	1	18
TC	UKBB	EUR	20	66	2946	809.080777645111	0	0	0	0
TC	UKBB	EUR	20	67	1954	102.576095342636	0	1	0	0
TC	UKBB	EUR	20	68	1093	28.2798886299133	0	0	1	5
TC	UKBB	EUR	20	69	2094	716.863607883453	1	1	1	1
TC	UKBB	EUR	20	70	1537	100.601385116577	0	0	0	0
TC	UKBB	EUR	20	71	2385	459.106012105942	0	0	0	0
TC	UKBB	EUR	20	77	2271	463.425635099411	0	0	1	39
TC	UKBB	EUR	20	78	2891	214.753714799881	0	1	0	0
TC	UKBB	EUR	20	86	1816	241.110865831375	0	0	0	0
TC	UKBB	EUR	20	87	1137	116.646851062775	0	1	1	13
TC	UKBB	EUR	20	89	1161	190.164000988007	0	0	0	0
TC	UKBB	EUR	20	112	506	69.883104801178	0	0	0	0
TC	UKBB	EUR	20	115	869	62.7436542510986	0	0	1	7
TC	UKBB	EUR	21	3	1002	49.2926528453827	0	0	1	5
TC	UKBB	EUR	21	5	1163	160.124558210373	0	0	0	0
TC	UKBB	EUR	21	30	3674	1080.5532951355	0	0	0	0
TC	UKBB	EUR	21	33	2280	538.598904848099	0	0	0	0
TC	UKBB	EUR	21	37	2686	444.967150449753	0	0	0	0
TC	UKBB	EUR	21	41	4431	288.406586885452	0	0	1	5
TC	UKBB	EUR	21	48	3441	2219.16564416885	0	1	3	37
TC	UKBB	EUR	21	53	1538	174.152609586716	0	0	0	0
TC	UKBB	EUR	21	64	2364	502.800050497055	0	0	0	0
TC	UKBB	EUR	22	1	1488	95.1607596874237	0	0	0	0
TC	UKBB	EUR	22	5	1101	111.275544166565	0	0	0	0
TC	UKBB	EUR	22	9	1745	207.962579965591	0	0	0	0
TC	UKBB	EUR	22	13	1033	164.457138061523	0	0	1	30
TC	UKBB	EUR	22	29	2478	222.448972940445	0	0	0	0
TC	UKBB	EUR	22	30	7969	2251.78173398972	0	0	1	8
TC	UKBB	EUR	22	36	1301	823.746514558792	0	0	1	38
TC	UKBB	EUR	22	37	2016	302.151154279709	0	1	0	0
TC	UKBB	EUR	22	40	1049	146.513189554214	0	0	0	0
TC	UKBB	EUR	22	43	1897	207.699677705765	0	0	0	0
TC	UKBB	EUR	22	45	1955	330.705425262451	0	0	0	0
TC	UKBB	EUR	22	46	4711	195.381541013718	0	0	1	39
TC	UKBB	EUR	22	47	2449	372.645424604416	0	0	0	0
TC	UKBB	EUR	22	49	597	30.8774838447571	0	0	1	17
TC	UKBB	EUR	22	54	1459	196.985646247864	0	1	0	0
TC	UKBB	EUR	22	55	1314	208.548709154129	0	0	0	0
TC	UKBB	EUR	22	56	227	23.3570985794067	0	0	0	0
TC	UKBB	EUR	22	57	972	75.9694728851318	0	0	1	201
TC	UKBB	EUR	22	69	1519	213.924547195435	0	0	0	0
TC	UKBB	EUR	22	70	2677	507.432356357574	0	0	0	0
