pheno	db	pid	chromosome	block	num_variants	time	num_variants_0.95	num_variants_0.5	num_CS95	num_variants_CS95
HDL	UKBB	EAS	1	1	79	7.60962653160095	0	0	0	0
HDL	UKBB	EAS	1	2	125	13.4278519153595	0	0	0	0
HDL	UKBB	EAS	1	3	185	17.163637638092	0	0	0	0
HDL	UKBB	EAS	1	5	706	55.5276291370392	0	0	0	0
HDL	UKBB	EAS	1	15	1491	384.640464544296	0	0	0	0
HDL	UKBB	EAS	1	17	1897	323.541198730469	0	0	0	0
HDL	UKBB	EAS	1	18	764	145.129233837128	0	0	0	0
HDL	UKBB	EAS	1	19	1408	351.28342962265	0	0	0	0
HDL	UKBB	EAS	1	21	1162	272.823545217514	0	0	0	0
HDL	UKBB	EAS	1	23	687	104.952711820602	0	0	0	0
HDL	UKBB	EAS	1	24	410	61.8425688743591	0	0	0	0
HDL	UKBB	EAS	1	35	1503	283.495955228806	0	0	0	0
HDL	UKBB	EAS	1	40	763	116.062279224396	0	0	0	0
HDL	UKBB	EAS	1	43	434	68.9256165027618	0	0	0	0
HDL	UKBB	EAS	1	44	461	77.3471791744232	0	0	0	0
HDL	UKBB	EAS	1	46	1305	275.471213817596	0	0	0	0
HDL	UKBB	EAS	1	48	670	94.7916944026947	0	0	0	0
HDL	UKBB	EAS	1	49	467	73.4598324298859	0	0	0	0
HDL	UKBB	EAS	1	50	975	187.589009523392	0	0	0	0
HDL	UKBB	EAS	1	51	593	105.048438549042	0	0	0	0
HDL	UKBB	EAS	1	52	1588	420.373996019363	0	0	0	0
HDL	UKBB	EAS	1	53	1255	284.44281244278	0	0	0	0
HDL	UKBB	EAS	1	57	1409	298.424777984619	0	0	0	0
HDL	UKBB	EAS	1	63	1603	170.543619394302	0	0	0	0
HDL	UKBB	EAS	1	70	1467	336.478194475174	0	0	0	0
HDL	UKBB	EAS	1	71	1609	380.181782484055	0	0	0	0
HDL	UKBB	EAS	1	73	1742	429.736516475677	0	0	0	0
HDL	UKBB	EAS	1	74	1570	243.343779087067	0	0	0	0
HDL	UKBB	EAS	1	75	2538	632.258523702621	0	0	0	0
HDL	UKBB	EAS	1	76	1397	256.538957118988	0	0	0	0
HDL	UKBB	EAS	1	80	877	148.601530075073	0	0	0	0
HDL	UKBB	EAS	1	85	864	153.905725955963	0	0	0	0
HDL	UKBB	EAS	1	87	736	92.1517684459686	0	0	0	0
HDL	UKBB	EAS	1	90	183	21.2240238189697	0	0	0	0
HDL	UKBB	EAS	1	92	1472	383.522975921631	0	0	0	0
HDL	UKBB	EAS	1	94	315	40.7421221733093	0	0	0	0
HDL	UKBB	EAS	1	96	1336	199.446115255356	0	0	0	0
HDL	UKBB	EAS	1	97	1543	391.865988254547	0	0	0	0
HDL	UKBB	EAS	1	98	1352	282.903291225433	0	0	0	0
HDL	UKBB	EAS	1	100	1601	441.613898515701	0	0	0	0
HDL	UKBB	EAS	1	102	1084	249.469524621964	0	0	0	0
HDL	UKBB	EAS	1	105	3186	1066.00399065018	0	0	0	0
HDL	UKBB	EAS	1	110	567	49.537727355957	0	0	0	0
HDL	UKBB	EAS	1	113	1198	222.067585706711	0	0	0	0
HDL	UKBB	EAS	1	117	957	75.1206724643707	0	0	0	0
HDL	UKBB	EAS	1	122	2436	598.473468780518	0	0	0	0
HDL	UKBB	EAS	1	124	2163	523.06611084938	0	0	0	0
HDL	UKBB	EAS	1	125	2333	589.377333641052	0	0	0	0
HDL	UKBB	EAS	1	128	2148	608.905034542084	0	0	0	0
HDL	UKBB	EAS	1	129	528	77.4596974849701	0	0	0	0
HDL	UKBB	EAS	1	132	1620	407.467464447021	0	0	0	0
HDL	UKBB	EAS	1	136	1302	243.216416835785	0	0	0	0
HDL	UKBB	EAS	1	138	1511	155.330582380295	0	0	0	0
HDL	UKBB	EAS	1	139	404	52.6066930294037	0	0	0	0
HDL	UKBB	EAS	1	143	1088	208.194027900696	0	0	0	0
HDL	UKBB	EAS	1	153	1690	160.517189264297	0	0	0	0
HDL	UKBB	EAS	1	154	2238	618.611761331558	0	0	0	0
HDL	UKBB	EAS	1	156	1318	268.487543821335	0	0	0	0
HDL	UKBB	EAS	1	158	972	204.067506790161	0	0	0	0
HDL	UKBB	EAS	1	159	244	25.574116230011	0	0	0	0
HDL	UKBB	EAS	1	160	1181	228.967821121216	0	0	0	0
HDL	UKBB	EAS	1	168	1652	431.791892766953	0	0	0	0
HDL	UKBB	EAS	1	173	1318	139.486340284348	0	0	0	0
HDL	UKBB	EAS	1	181	2184	606.484607458115	0	0	0	0
HDL	UKBB	EAS	1	182	2121	527.463473558426	0	0	0	0
HDL	UKBB	EAS	1	183	2195	665.911969661713	0	0	0	0
HDL	UKBB	EAS	1	187	1469	364.499835252762	0	0	0	0
HDL	UKBB	EAS	1	189	1035	203.132394075394	0	0	0	0
HDL	UKBB	EAS	1	191	1476	351.588487386703	0	0	0	0
HDL	UKBB	EAS	1	192	1721	262.825794458389	0	0	0	0
HDL	UKBB	EAS	1	193	1979	454.237783908844	0	0	0	0
HDL	UKBB	EAS	1	201	1770	378.062494277954	0	0	0	0
HDL	UKBB	EAS	1	202	1551	351.65674495697	0	0	0	0
HDL	UKBB	EAS	1	203	1474	364.983780860901	0	0	0	0
HDL	UKBB	EAS	1	204	1393	264.439093112946	0	0	0	0
HDL	UKBB	EAS	1	207	962	122.729372739792	0	0	0	0
HDL	UKBB	EAS	1	208	1320	209.612143993378	0	0	0	0
HDL	UKBB	EAS	1	209	522	55.337527513504	0	0	0	0
HDL	UKBB	EAS	1	211	769	132.334351062775	0	0	0	0
HDL	UKBB	EAS	1	213	860	144.165561914444	0	0	0	0
HDL	UKBB	EAS	1	214	698	114.030212402344	0	0	0	0
HDL	UKBB	EAS	1	215	283	33.3100426197052	0	0	0	0
HDL	UKBB	EAS	1	216	1555	324.602818012238	0	0	0	0
HDL	UKBB	EAS	1	218	271	32.6479098796844	0	0	0	0
HDL	UKBB	EAS	1	221	1701	280.530410051346	0	0	0	0
HDL	UKBB	EAS	1	224	1161	175.810914516449	0	0	0	0
HDL	UKBB	EAS	1	228	842	147.706612586975	0	0	0	0
HDL	UKBB	EAS	1	233	2215	548.178236722946	0	0	0	0
HDL	UKBB	EAS	1	234	2592	513.926462173462	0	0	0	0
HDL	UKBB	EAS	1	235	1543	273.814898252487	0	0	0	0
HDL	UKBB	EAS	1	238	3544	1092.71700835228	0	0	0	0
HDL	UKBB	EAS	1	239	1000	204.296961069107	0	0	0	0
HDL	UKBB	EAS	1	240	3844	1258.75674200058	0	0	0	0
HDL	UKBB	EAS	1	242	578	84.4520845413208	0	0	0	0
HDL	UKBB	EAS	1	243	912	156.719877719879	0	0	0	0
HDL	UKBB	EAS	1	244	2001	238.047332763672	0	0	0	0
HDL	UKBB	EAS	1	252	678	80.348194360733	0	0	0	0
HDL	UKBB	EAS	1	253	195	19.8635220527649	0	0	0	0
HDL	UKBB	EAS	1	254	1131	254.058653831482	0	0	0	0
HDL	UKBB	EAS	1	255	857	153.626468658447	0	0	0	0
HDL	UKBB	EAS	1	257	1056	202.880408287048	0	0	0	0
HDL	UKBB	EAS	1	264	872	165.448912382126	0	0	0	0
HDL	UKBB	EAS	1	275	431	62.8785228729248	0	0	0	0
HDL	UKBB	EAS	2	1	500	77.5609576702118	0	0	0	0
HDL	UKBB	EAS	2	2	2996	851.196001529694	0	0	0	0
HDL	UKBB	EAS	2	3	947	187.655185222626	0	0	0	0
HDL	UKBB	EAS	2	4	733	133.445126533508	0	0	0	0
HDL	UKBB	EAS	2	6	961	153.504043102264	0	0	0	0
HDL	UKBB	EAS	2	13	1971	381.136365175247	0	0	0	0
HDL	UKBB	EAS	2	28	322	39.8994770050049	0	0	0	0
HDL	UKBB	EAS	2	40	2287	613.801579475403	0	0	0	0
HDL	UKBB	EAS	2	41	990	185.769889831543	0	0	0	0
HDL	UKBB	EAS	2	44	771	85.9285516738892	0	0	0	0
HDL	UKBB	EAS	2	45	1738	478.36595916748	0	0	0	0
HDL	UKBB	EAS	2	46	887	98.6564106941223	0	0	0	0
HDL	UKBB	EAS	2	47	2226	639.5326795578	0	0	0	0
HDL	UKBB	EAS	2	48	1204	235.944001197815	0	0	0	0
HDL	UKBB	EAS	2	49	1381	331.044931650162	0	0	0	0
HDL	UKBB	EAS	2	50	1317	318.509766578674	0	0	0	0
HDL	UKBB	EAS	2	51	1426	293.212802886963	0	0	0	0
HDL	UKBB	EAS	2	53	1099	101.008207082748	0	0	0	0
HDL	UKBB	EAS	2	55	2764	914.872521877289	0	0	0	0
HDL	UKBB	EAS	2	60	1681	451.926648139954	0	0	0	0
HDL	UKBB	EAS	2	62	865	110.162529468536	0	0	0	0
HDL	UKBB	EAS	2	63	1242	269.862589836121	0	0	0	0
HDL	UKBB	EAS	2	66	3397	1126.97311830521	0	0	0	0
HDL	UKBB	EAS	2	67	3664	1056.14346933365	0	0	0	0
HDL	UKBB	EAS	2	68	591	66.9538018703461	0	0	0	0
HDL	UKBB	EAS	2	69	1987	423.417309999466	0	0	0	0
HDL	UKBB	EAS	2	79	1481	349.079190254211	0	0	0	0
HDL	UKBB	EAS	2	80	3732	1138.06274914742	0	0	0	0
HDL	UKBB	EAS	2	84	5318	1501.14413404465	0	0	0	0
HDL	UKBB	EAS	2	85	5200	1062.36671566963	0	0	0	0
HDL	UKBB	EAS	2	86	1820	421.889329910278	0	0	0	0
HDL	UKBB	EAS	2	87	642	97.8224341869354	0	0	0	0
HDL	UKBB	EAS	2	88	5381	609.397047281265	0	0	0	0
HDL	UKBB	EAS	2	89	1018	182.554000616074	0	0	0	0
HDL	UKBB	EAS	2	90	1201	214.33824467659	0	0	0	0
HDL	UKBB	EAS	2	97	2242	645.221609830856	0	0	0	0
HDL	UKBB	EAS	2	99	998	175.747892618179	0	0	0	0
HDL	UKBB	EAS	2	100	946	171.87930393219	0	0	0	0
HDL	UKBB	EAS	2	115	2598	648.677536010742	0	0	0	0
HDL	UKBB	EAS	2	117	1185	232.629987955093	0	0	0	0
HDL	UKBB	EAS	2	122	958	195.984599113464	0	0	0	0
HDL	UKBB	EAS	2	124	1661	358.187987565994	0	0	0	0
HDL	UKBB	EAS	2	125	1580	403.783695697784	0	0	0	0
HDL	UKBB	EAS	2	128	2313	589.15971493721	0	0	0	0
HDL	UKBB	EAS	2	130	328	26.7094359397888	0	0	0	0
HDL	UKBB	EAS	2	131	85	7.54401659965515	0	0	0	0
HDL	UKBB	EAS	2	132	270	30.450656414032	0	0	0	0
HDL	UKBB	EAS	2	138	2247	446.830529928207	0	0	0	0
HDL	UKBB	EAS	2	146	2696	837.539758682251	0	0	0	0
HDL	UKBB	EAS	2	147	4114	622.115787982941	0	0	0	0
HDL	UKBB	EAS	2	151	1386	214.828135967255	0	0	0	0
HDL	UKBB	EAS	2	153	1807	369.542857170105	0	0	0	0
HDL	UKBB	EAS	2	154	1152	86.1900768280029	0	0	0	0
HDL	UKBB	EAS	2	159	3794	1407.15498447418	0	0	0	0
HDL	UKBB	EAS	2	163	62	5.28522896766663	0	0	0	0
HDL	UKBB	EAS	2	164	406	53.3135404586792	0	0	0	0
HDL	UKBB	EAS	2	166	3675	613.982013702393	0	0	0	0
HDL	UKBB	EAS	2	168	1587	319.680163621902	0	0	0	0
HDL	UKBB	EAS	2	171	2469	766.235380411148	0	0	0	0
HDL	UKBB	EAS	2	175	94	9.28356003761292	0	0	0	0
HDL	UKBB	EAS	2	176	2589	706.85582113266	0	0	0	0
HDL	UKBB	EAS	2	177	2152	578.97802734375	0	0	0	0
HDL	UKBB	EAS	2	180	1461	326.568068981171	0	0	0	0
HDL	UKBB	EAS	2	181	2105	580.796004056931	0	0	0	0
HDL	UKBB	EAS	2	183	771	134.248802900314	0	0	0	0
HDL	UKBB	EAS	2	184	3170	1096.14635276794	0	0	0	0
HDL	UKBB	EAS	2	185	824	154.023753881454	0	0	0	0
HDL	UKBB	EAS	2	186	2360	263.493771076202	0	0	0	0
HDL	UKBB	EAS	2	191	554	51.5953805446625	0	0	0	0
HDL	UKBB	EAS	2	195	3948	1296.18099141121	0	0	0	0
HDL	UKBB	EAS	2	197	1899	512.380588531494	0	0	0	0
HDL	UKBB	EAS	2	199	2179	536.669986963272	0	0	0	0
HDL	UKBB	EAS	2	202	224	14.7825918197632	0	0	0	0
HDL	UKBB	EAS	2	205	936	134.051825761795	0	0	0	0
HDL	UKBB	EAS	2	208	2585	755.865511417389	0	0	0	0
HDL	UKBB	EAS	2	209	556	88.0250771045685	0	0	0	0
HDL	UKBB	EAS	2	210	1200	270.176609754562	0	0	0	0
HDL	UKBB	EAS	2	213	3410	404.971662998199	0	0	0	0
HDL	UKBB	EAS	2	215	1340	290.60570526123	0	0	0	0
HDL	UKBB	EAS	2	217	821	154.327858686447	0	0	0	0
HDL	UKBB	EAS	2	218	735	118.678029537201	0	0	0	0
HDL	UKBB	EAS	2	221	1446	294.612983942032	0	0	0	0
HDL	UKBB	EAS	2	227	1009	179.615741491318	0	0	0	0
HDL	UKBB	EAS	2	228	1194	242.243569374084	0	0	0	0
HDL	UKBB	EAS	2	230	1067	216.439034461975	0	0	0	0
HDL	UKBB	EAS	2	232	1014	187.305491924286	0	0	0	0
HDL	UKBB	EAS	2	233	449	63.7151293754578	0	0	0	0
HDL	UKBB	EAS	2	234	1360	334.464593887329	0	0	0	0
HDL	UKBB	EAS	2	235	723	115.573548793793	0	0	0	0
HDL	UKBB	EAS	2	237	1423	345.421664714813	0	0	0	0
HDL	UKBB	EAS	2	240	1496	372.925361871719	0	0	0	0
HDL	UKBB	EAS	2	247	590	97.1428682804108	0	0	0	0
HDL	UKBB	EAS	2	250	3462	1210.62028765678	0	0	0	0
HDL	UKBB	EAS	2	251	995	144.36693239212	0	0	0	0
HDL	UKBB	EAS	2	256	1541	393.553339242935	0	0	0	0
HDL	UKBB	EAS	3	8	431	30.8582141399384	0	0	0	0
HDL	UKBB	EAS	3	9	526	63.7898895740509	0	0	0	0
HDL	UKBB	EAS	3	20	1822	418.211005449295	0	0	0	0
HDL	UKBB	EAS	3	23	1230	290.327497720718	0	0	0	0
HDL	UKBB	EAS	3	24	1939	532.488326072693	0	0	0	0
HDL	UKBB	EAS	3	25	251	29.2321221828461	0	0	0	0
HDL	UKBB	EAS	3	28	95	7.1922595500946	0	0	0	0
HDL	UKBB	EAS	3	30	1900	481.293326854706	0	0	0	0
HDL	UKBB	EAS	3	32	2540	709.592035531998	0	0	0	0
HDL	UKBB	EAS	3	34	729	108.376287937164	0	0	0	0
HDL	UKBB	EAS	3	35	2352	584.98148560524	0	0	0	0
HDL	UKBB	EAS	3	39	3318	387.531548023224	0	0	0	0
HDL	UKBB	EAS	3	40	1422	268.140463352203	0	0	0	0
HDL	UKBB	EAS	3	41	2365	207.657360553741	0	0	0	0
HDL	UKBB	EAS	3	42	1728	434.569854974747	0	0	0	0
HDL	UKBB	EAS	3	55	801	138.190940141678	0	0	0	0
HDL	UKBB	EAS	3	59	2180	453.447445631027	0	0	0	0
HDL	UKBB	EAS	3	60	2630	701.411349773407	0	0	0	0
HDL	UKBB	EAS	3	64	109	10.0016486644745	0	0	0	0
HDL	UKBB	EAS	3	65	840	75.8669068813324	0	0	0	0
HDL	UKBB	EAS	3	71	1849	503.761127233505	0	0	0	0
HDL	UKBB	EAS	3	77	3478	539.259969472885	0	0	0	0
HDL	UKBB	EAS	3	81	1257	218.336664199829	0	0	0	0
HDL	UKBB	EAS	3	83	3188	856.148942947388	0	0	0	0
HDL	UKBB	EAS	3	84	1261	290.42550444603	0	0	0	0
HDL	UKBB	EAS	3	85	1478	313.155723333359	0	0	0	0
HDL	UKBB	EAS	3	88	1986	357.934308052063	0	0	0	0
HDL	UKBB	EAS	3	89	1685	346.601699590683	0	0	0	0
HDL	UKBB	EAS	3	90	1084	231.071475028992	0	0	0	0
HDL	UKBB	EAS	3	105	1484	56.080549955368	0	1	0	0
HDL	UKBB	EAS	3	106	4681	1182.88896560669	0	0	0	0
HDL	UKBB	EAS	3	108	1328	260.600205898285	0	0	0	0
HDL	UKBB	EAS	3	109	3318	1070.34826087952	0	0	0	0
HDL	UKBB	EAS	3	112	1860	345.084542512894	0	0	0	0
HDL	UKBB	EAS	3	114	1095	228.477069854736	0	0	0	0
HDL	UKBB	EAS	3	119	3363	900.920404911041	0	0	0	0
HDL	UKBB	EAS	3	120	1560	313.559592008591	0	0	0	0
HDL	UKBB	EAS	3	121	1844	402.416187524796	0	0	0	0
HDL	UKBB	EAS	3	123	661	72.4711451530457	0	0	0	0
HDL	UKBB	EAS	3	124	289	36.4672627449036	0	0	0	0
HDL	UKBB	EAS	3	125	1990	587.559475421906	0	0	0	0
HDL	UKBB	EAS	3	127	2401	651.136770486832	0	0	0	0
HDL	UKBB	EAS	3	128	688	51.1196048259735	0	0	0	0
HDL	UKBB	EAS	3	129	1098	227.956512928009	0	0	0	0
HDL	UKBB	EAS	3	132	2583	350.206474065781	0	0	0	0
HDL	UKBB	EAS	3	134	1071	213.909743070602	0	0	0	0
HDL	UKBB	EAS	3	135	1828	419.162601232529	0	0	0	0
HDL	UKBB	EAS	3	136	924	101.72626543045	0	0	0	0
HDL	UKBB	EAS	3	140	1903	207.337230205536	0	0	0	0
HDL	UKBB	EAS	3	144	537	81.1718051433563	0	0	0	0
HDL	UKBB	EAS	3	145	2307	402.269005775452	0	0	0	0
HDL	UKBB	EAS	3	146	684	117.240251064301	0	0	0	0
HDL	UKBB	EAS	3	155	1789	387.353907346725	0	0	0	0
HDL	UKBB	EAS	3	158	2340	541.377676725388	0	0	0	0
HDL	UKBB	EAS	3	159	1604	345.759662628174	0	0	0	0
HDL	UKBB	EAS	3	161	2486	710.67200922966	0	0	0	0
HDL	UKBB	EAS	3	162	3088	893.510576963425	0	0	0	0
HDL	UKBB	EAS	3	165	2211	563.661130189896	0	0	0	0
HDL	UKBB	EAS	3	170	1474	105.961349487305	0	0	0	0
HDL	UKBB	EAS	3	171	1511	166.04373216629	0	0	0	0
HDL	UKBB	EAS	3	174	392	43.6547880172729	0	0	0	0
HDL	UKBB	EAS	3	175	575	93.5966627597809	0	0	0	0
HDL	UKBB	EAS	3	179	1295	270.935383558273	0	0	0	0
HDL	UKBB	EAS	3	183	994	166.942261695862	0	0	0	0
HDL	UKBB	EAS	3	184	1141	88.4563028812408	0	0	0	0
HDL	UKBB	EAS	3	186	2270	542.90274310112	0	0	0	0
HDL	UKBB	EAS	3	191	1290	301.14555478096	0	0	0	0
HDL	UKBB	EAS	3	193	2154	243.318393707275	0	0	0	0
HDL	UKBB	EAS	3	195	3888	1170.12241482735	0	0	0	0
HDL	UKBB	EAS	3	212	753	137.402571201324	0	0	0	0
HDL	UKBB	EAS	3	214	2164	566.168739318848	0	0	0	0
HDL	UKBB	EAS	3	216	880	147.51899433136	0	0	0	0
HDL	UKBB	EAS	4	1	4743	1161.27535438538	0	0	0	0
HDL	UKBB	EAS	4	4	1513	221.606099128723	0	0	0	0
HDL	UKBB	EAS	4	10	205	22.4198899269104	0	0	0	0
HDL	UKBB	EAS	4	21	3477	1016.23757219315	0	0	0	0
HDL	UKBB	EAS	4	32	2317	509.607037067413	0	0	0	0
HDL	UKBB	EAS	4	33	2313	258.212952136993	0	0	0	0
HDL	UKBB	EAS	4	37	1241	277.032151460648	0	0	0	0
HDL	UKBB	EAS	4	39	1303	157.22715139389	0	0	0	0
HDL	UKBB	EAS	4	42	286	30.7263519763947	0	0	0	0
HDL	UKBB	EAS	4	54	5052	899.66060757637	0	0	0	0
HDL	UKBB	EAS	4	55	1981	548.224390029907	0	0	0	0
HDL	UKBB	EAS	4	63	3469	1175.99603700638	0	0	0	0
HDL	UKBB	EAS	4	64	2985	874.669762134552	0	0	0	0
HDL	UKBB	EAS	4	66	1408	295.619525432587	0	0	0	0
HDL	UKBB	EAS	4	67	322	40.4705328941345	0	0	0	0
HDL	UKBB	EAS	4	71	917	162.45827960968	0	0	0	0
HDL	UKBB	EAS	4	79	1486	370.662286043167	0	0	0	0
HDL	UKBB	EAS	4	80	2007	468.641050338745	0	0	0	0
HDL	UKBB	EAS	4	87	2833	672.896769762039	0	0	0	0
HDL	UKBB	EAS	4	94	1154	199.652356386185	0	0	0	0
HDL	UKBB	EAS	4	95	736	111.556146383286	0	0	0	0
HDL	UKBB	EAS	4	101	2127	516.647669792175	0	0	0	0
HDL	UKBB	EAS	4	102	1344	276.228951454163	0	0	0	0
HDL	UKBB	EAS	4	103	1057	197.942930698395	0	0	0	0
HDL	UKBB	EAS	4	109	859	130.284671545029	0	0	0	0
HDL	UKBB	EAS	4	113	1885	492.131833553314	0	0	0	0
HDL	UKBB	EAS	4	114	2105	409.848773241043	0	0	0	0
HDL	UKBB	EAS	4	115	1013	185.944354772568	0	0	0	0
HDL	UKBB	EAS	4	116	1297	291.886698484421	0	0	0	0
HDL	UKBB	EAS	4	117	1846	458.067355871201	0	0	0	0
HDL	UKBB	EAS	4	121	1718	436.681146860123	0	0	0	0
HDL	UKBB	EAS	4	122	803	82.7565581798553	0	0	0	0
HDL	UKBB	EAS	4	123	433	60.5741868019104	0	0	0	0
HDL	UKBB	EAS	4	124	2637	673.184458494186	0	0	0	0
HDL	UKBB	EAS	4	129	2206	570.81228017807	0	0	0	0
HDL	UKBB	EAS	4	130	2288	631.885890007019	0	0	0	0
HDL	UKBB	EAS	4	134	3543	678.977103471756	0	0	0	0
HDL	UKBB	EAS	4	136	2991	822.795620679855	0	0	0	0
HDL	UKBB	EAS	4	146	1337	310.247943162918	0	0	0	0
HDL	UKBB	EAS	4	147	815	141.551892995834	0	0	0	0
HDL	UKBB	EAS	4	149	1810	401.670241594315	0	0	0	0
HDL	UKBB	EAS	4	150	1929	435.443949460983	0	0	0	0
HDL	UKBB	EAS	4	151	604	98.386027097702	0	0	0	0
HDL	UKBB	EAS	4	152	774	9.20069313049316	0	1	1	2
HDL	UKBB	EAS	4	153	2071	579.982763051987	0	0	0	0
HDL	UKBB	EAS	4	154	870	174.144530296326	0	0	0	0
HDL	UKBB	EAS	4	156	2835	549.598131656647	0	0	0	0
HDL	UKBB	EAS	4	159	839	157.591597080231	0	0	0	0
HDL	UKBB	EAS	4	164	1787	492.128679037094	0	0	0	0
HDL	UKBB	EAS	4	165	1430	296.449050426483	0	0	0	0
HDL	UKBB	EAS	4	168	3105	936.561499595642	0	0	0	0
HDL	UKBB	EAS	4	180	2124	430.671026706696	0	0	0	0
HDL	UKBB	EAS	4	182	461	66.4378659725189	0	0	0	0
HDL	UKBB	EAS	4	184	1054	99.349719285965	0	0	0	0
HDL	UKBB	EAS	4	205	428	25.1776843070984	0	0	0	0
HDL	UKBB	EAS	4	209	1238	286.030925512314	0	0	0	0
HDL	UKBB	EAS	5	1	1251	275.478226661682	0	0	0	0
HDL	UKBB	EAS	5	2	356	46.9235944747925	0	0	0	0
HDL	UKBB	EAS	5	9	1024	195.418287038803	0	0	0	0
HDL	UKBB	EAS	5	27	3475	1036.84056973457	0	0	0	0
HDL	UKBB	EAS	5	56	2781	658.093153953552	0	0	0	0
HDL	UKBB	EAS	5	57	1717	424.047503471375	0	0	0	0
HDL	UKBB	EAS	5	58	926	178.991500616074	0	0	0	0
HDL	UKBB	EAS	5	60	1155	171.503257989883	0	0	0	0
HDL	UKBB	EAS	5	64	2390	698.677166938782	0	0	0	0
HDL	UKBB	EAS	5	66	1396	255.600390672684	0	0	0	0
HDL	UKBB	EAS	5	68	540	73.471072435379	0	0	0	0
HDL	UKBB	EAS	5	69	849	165.61612200737	0	0	0	0
HDL	UKBB	EAS	5	70	636	96.4398188591003	0	0	0	0
HDL	UKBB	EAS	5	71	2803	698.719988584518	0	0	0	0
HDL	UKBB	EAS	5	72	2666	766.828619241714	0	0	0	0
HDL	UKBB	EAS	5	75	1908	432.622031211853	0	0	0	0
HDL	UKBB	EAS	5	78	506	65.4806096553802	0	0	0	0
HDL	UKBB	EAS	5	80	1705	373.003911495209	0	0	0	0
HDL	UKBB	EAS	5	81	1378	129.72917675972	0	0	0	0
HDL	UKBB	EAS	5	82	960	134.425823688507	0	0	0	0
HDL	UKBB	EAS	5	85	2418	602.181787490845	0	0	0	0
HDL	UKBB	EAS	5	88	828	129.002357006073	0	0	0	0
HDL	UKBB	EAS	5	92	1448	143.652306556702	0	0	0	0
HDL	UKBB	EAS	5	93	728	127.741810321808	0	0	0	0
HDL	UKBB	EAS	5	96	1824	298.390704393387	0	0	0	0
HDL	UKBB	EAS	5	97	1537	323.910592556	0	0	0	0
HDL	UKBB	EAS	5	102	2276	678.351606607437	0	0	0	0
HDL	UKBB	EAS	5	104	1741	380.395487308502	0	0	0	0
HDL	UKBB	EAS	5	105	744	123.961561203003	0	0	0	0
HDL	UKBB	EAS	5	108	786	147.694648504257	0	0	0	0
HDL	UKBB	EAS	5	109	1093	210.383874893188	0	0	0	0
HDL	UKBB	EAS	5	114	5334	1846.1311917305	0	0	0	0
HDL	UKBB	EAS	5	116	2545	828.197219371796	0	0	0	0
HDL	UKBB	EAS	5	117	1511	357.633780956268	0	0	0	0
HDL	UKBB	EAS	5	119	2116	597.875048160553	0	0	0	0
HDL	UKBB	EAS	5	120	2476	667.942380905151	0	0	0	0
HDL	UKBB	EAS	5	127	3422	1219.04651689529	0	0	0	0
HDL	UKBB	EAS	5	130	2683	729.114990711212	0	0	0	0
HDL	UKBB	EAS	5	132	883	166.698648929596	0	0	0	0
HDL	UKBB	EAS	5	133	1270	296.464658498764	0	0	0	0
HDL	UKBB	EAS	5	134	1639	361.010053873062	0	0	0	0
HDL	UKBB	EAS	5	136	2469	575.357549905777	0	0	0	0
HDL	UKBB	EAS	5	142	1449	270.26433420181303	0	0	0	0
HDL	UKBB	EAS	5	144	1786	449.431089162827	0	0	0	0
HDL	UKBB	EAS	5	145	2437	657.071652412415	0	0	0	0
HDL	UKBB	EAS	5	146	2015	516.510896921158	0	0	0	0
HDL	UKBB	EAS	5	147	1137	241.896234035492	0	0	0	0
HDL	UKBB	EAS	5	151	487	55.860111951828	0	0	0	0
HDL	UKBB	EAS	5	152	3202	959.232363462448	0	0	0	0
HDL	UKBB	EAS	5	154	1424	227.497745513916	0	0	0	0
HDL	UKBB	EAS	5	156	1582	273.329708576202	0	0	0	0
HDL	UKBB	EAS	5	158	1326	278.309224128723	0	0	0	0
HDL	UKBB	EAS	5	160	1287	256.402326107025	0	0	0	0
HDL	UKBB	EAS	5	163	1221	280.853015184402	0	0	0	0
HDL	UKBB	EAS	5	167	1350	299.768929481506	0	0	0	0
HDL	UKBB	EAS	5	168	1718	364.545410871506	0	0	0	0
HDL	UKBB	EAS	5	181	511	57.3118450641632	0	0	0	0
HDL	UKBB	EAS	5	189	841	153.791210651398	0	0	0	0
HDL	UKBB	EAS	5	191	2455	634.854303598404	0	0	0	0
HDL	UKBB	EAS	5	193	520	71.7360596656799	0	0	0	0
HDL	UKBB	EAS	5	194	578	79.8358283042908	0	0	0	0
HDL	UKBB	EAS	5	202	627	94.1926231384277	0	0	0	0
HDL	UKBB	EAS	5	207	1447	355.964302778244	0	0	0	0
HDL	UKBB	EAS	5	208	1210	256.042833089828	0	0	0	0
HDL	UKBB	EAS	5	209	263	26.733275651931802	0	0	0	0
HDL	UKBB	EAS	5	210	202	23.1824369430542	0	0	0	0
HDL	UKBB	EAS	6	18	212	19.5765731334686	0	0	0	0
HDL	UKBB	EAS	6	19	1597	402.442456007004	0	0	0	0
HDL	UKBB	EAS	6	21	1292	279.422747373581	0	0	0	0
HDL	UKBB	EAS	6	23	1129	164.665307760239	0	0	0	0
HDL	UKBB	EAS	6	29	1551	153.308892011642	0	0	0	0
HDL	UKBB	EAS	6	34	1700	399.246933937073	0	0	0	0
HDL	UKBB	EAS	6	36	549	71.9529283046722	0	0	0	0
HDL	UKBB	EAS	6	37	864	136.870051145554	0	0	0	0
HDL	UKBB	EAS	6	38	570	78.1912133693695	0	0	0	0
HDL	UKBB	EAS	6	39	2714	784.259327888489	0	0	0	0
HDL	UKBB	EAS	6	43	1681	397.146998643875	0	0	0	0
HDL	UKBB	EAS	6	49	391	51.9736957550049	0	0	0	0
HDL	UKBB	EAS	6	50	2859	860.862651586533	0	0	0	0
HDL	UKBB	EAS	6	51	3578	1308.00680875778	0	0	0	0
HDL	UKBB	EAS	6	52	1104	216.10901093483	0	0	0	0
HDL	UKBB	EAS	6	53	946	164.372148513794	0	0	0	0
HDL	UKBB	EAS	6	55	1093	237.482211828232	0	0	0	0
HDL	UKBB	EAS	6	57	1155	253.185387849808	0	0	0	0
HDL	UKBB	EAS	6	58	1587	321.725117921829	0	0	0	0
HDL	UKBB	EAS	6	60	911	149.495846271515	0	0	0	0
HDL	UKBB	EAS	6	63	1528	263.796876907349	0	0	0	0
HDL	UKBB	EAS	6	64	144	15.1431999206543	0	0	0	0
HDL	UKBB	EAS	6	68	397	55.3476531505585	0	0	0	0
HDL	UKBB	EAS	6	69	1289	195.272761583328	0	0	0	0
HDL	UKBB	EAS	6	71	5371	1663.34768176079	0	0	0	0
HDL	UKBB	EAS	6	73	276	31.0985863208771	0	0	0	0
HDL	UKBB	EAS	6	76	3619	1123.28638386726	0	0	0	0
HDL	UKBB	EAS	6	84	1739	357.081183195114	0	0	0	0
HDL	UKBB	EAS	6	85	4009	873.633396863937	0	0	0	0
HDL	UKBB	EAS	6	86	4388	1453.28031992912	0	0	0	0
HDL	UKBB	EAS	6	88	5023	1279.04865980148	0	0	0	0
HDL	UKBB	EAS	6	90	378	53.2506940364838	0	0	0	0
HDL	UKBB	EAS	6	94	2728	660.043563365936	0	0	0	0
HDL	UKBB	EAS	6	97	1697	342.510572433472	0	0	0	0
HDL	UKBB	EAS	6	98	1976	573.90660238266	0	0	0	0
HDL	UKBB	EAS	6	101	1983	507.472621202469	0	0	0	0
HDL	UKBB	EAS	6	105	1864	328.453751087189	0	0	0	0
HDL	UKBB	EAS	6	106	1679	242.603380918503	0	0	0	0
HDL	UKBB	EAS	6	108	522	82.2565650939941	0	0	0	0
HDL	UKBB	EAS	6	109	1676	403.761674880981	0	0	0	0
HDL	UKBB	EAS	6	115	3730	1275.63033556938	0	0	0	0
HDL	UKBB	EAS	6	116	2346	684.868456125259	0	0	0	0
HDL	UKBB	EAS	6	117	4056	783.244266271591	0	0	0	0
HDL	UKBB	EAS	6	118	1554	391.375395298004	0	0	0	0
HDL	UKBB	EAS	6	124	1783	320.931442022324	0	0	0	0
HDL	UKBB	EAS	6	127	1129	247.559657812119	0	0	0	0
HDL	UKBB	EAS	6	128	1886	481.342496395111	0	0	0	0
HDL	UKBB	EAS	6	134	1204	262.721174478531	0	0	0	0
HDL	UKBB	EAS	6	137	759	128.475882291794	0	0	0	0
HDL	UKBB	EAS	6	140	1306	311.586559534073	0	0	0	0
HDL	UKBB	EAS	6	146	907	154.373293638229	0	0	0	0
HDL	UKBB	EAS	6	160	1947	372.025063276291	0	0	0	0
HDL	UKBB	EAS	6	161	1433	313.993493795395	0	0	0	0
HDL	UKBB	EAS	6	164	823	98.4697046279907	0	0	0	0
HDL	UKBB	EAS	6	167	991	189.305195331573	0	0	0	0
HDL	UKBB	EAS	6	168	2010	572.262649774551	0	0	0	0
HDL	UKBB	EAS	6	169	3308	839.596385955811	0	0	0	0
HDL	UKBB	EAS	6	173	2215	540.651520013809	0	0	0	0
HDL	UKBB	EAS	6	175	917	71.8528261184692	0	0	0	0
HDL	UKBB	EAS	6	179	1186	193.568351984024	0	0	0	0
HDL	UKBB	EAS	6	182	1754	309.882000207901	0	0	0	0
HDL	UKBB	EAS	6	183	619	103.840641736984	0	0	0	0
HDL	UKBB	EAS	7	1	371	33.524719953537	0	0	0	0
HDL	UKBB	EAS	7	3	968	192.420069932938	0	0	0	0
HDL	UKBB	EAS	7	12	2208	650.328143835068	0	0	0	0
HDL	UKBB	EAS	7	13	907	173.067582845688	0	0	0	0
HDL	UKBB	EAS	7	21	302	40.3608317375183	0	0	0	0
HDL	UKBB	EAS	7	25	2877	367.304118871689	0	0	0	0
HDL	UKBB	EAS	7	26	2411	614.393390417099	0	0	0	0
HDL	UKBB	EAS	7	31	1989	515.089523792267	0	0	0	0
HDL	UKBB	EAS	7	32	1874	510.897235155106	0	0	0	0
HDL	UKBB	EAS	7	33	2424	549.877238273621	0	0	0	0
HDL	UKBB	EAS	7	37	2430	673.765135765076	0	0	0	0
HDL	UKBB	EAS	7	39	1388	335.213577508926	0	0	0	0
HDL	UKBB	EAS	7	40	3194	635.32203912735	0	0	0	0
HDL	UKBB	EAS	7	42	1984	461.921954393387	0	0	0	0
HDL	UKBB	EAS	7	43	2344	637.231494426727	0	0	0	0
HDL	UKBB	EAS	7	44	352	48.3593654632568	0	0	0	0
HDL	UKBB	EAS	7	45	740	104.813539028168	0	0	0	0
HDL	UKBB	EAS	7	46	324	39.9122354984283	0	0	0	0
HDL	UKBB	EAS	7	48	377	37.0211472511292	0	0	0	0
HDL	UKBB	EAS	7	49	1423	344.463520050049	0	0	0	0
HDL	UKBB	EAS	7	51	1294	243.943930387497	0	0	0	0
HDL	UKBB	EAS	7	53	760	106.139011859894	0	0	0	0
HDL	UKBB	EAS	7	58	1662	251.746514081955	0	0	0	0
HDL	UKBB	EAS	7	62	1074	240.456274986267	0	0	0	0
HDL	UKBB	EAS	7	64	165	18.4757404327393	0	0	0	0
HDL	UKBB	EAS	7	67	4229	1147.98675537109	0	0	0	0
HDL	UKBB	EAS	7	69	1094	243.174560785294	0	0	0	0
HDL	UKBB	EAS	7	72	2732	705.05065870285	0	0	0	0
HDL	UKBB	EAS	7	73	655	50.9937624931335	0	0	0	0
HDL	UKBB	EAS	7	74	926	87.0743854045868	0	0	0	0
HDL	UKBB	EAS	7	82	1789	358.962953567505	0	0	0	0
HDL	UKBB	EAS	7	85	1661	130.398152828217	0	0	0	0
HDL	UKBB	EAS	7	86	511	74.584374666214	0	0	0	0
HDL	UKBB	EAS	7	87	56	3.31633257865906	0	0	0	0
HDL	UKBB	EAS	7	88	2400	658.312693119049	0	0	0	0
HDL	UKBB	EAS	7	89	1795	458.294031143188	0	0	0	0
HDL	UKBB	EAS	7	90	549	33.5833749771118	0	0	0	0
HDL	UKBB	EAS	7	92	2028	566.093108415604	0	0	0	0
HDL	UKBB	EAS	7	93	921	162.947235822678	0	0	0	0
HDL	UKBB	EAS	7	94	1134	201.454855203629	0	0	0	0
HDL	UKBB	EAS	7	95	1292	262.93314242363	0	0	0	0
HDL	UKBB	EAS	7	99	2505	738.356061458588	0	0	0	0
HDL	UKBB	EAS	7	101	2461	725.582059383392	0	0	0	0
HDL	UKBB	EAS	7	107	3369	932.139516115189	0	0	0	0
HDL	UKBB	EAS	7	111	1956	531.709551811218	0	0	0	0
HDL	UKBB	EAS	7	113	2110	577.358069658279	0	0	0	0
HDL	UKBB	EAS	7	114	3560	1159.91746044159	0	0	0	0
HDL	UKBB	EAS	7	119	1139	262.264425754547	0	0	0	0
HDL	UKBB	EAS	7	121	2691	355.04921245575	0	0	0	0
HDL	UKBB	EAS	7	127	405	38.0066559314728	0	0	0	0
HDL	UKBB	EAS	7	128	364	47.5904092788696	0	0	0	0
HDL	UKBB	EAS	7	131	3557	1291.44250297546	0	0	0	0
HDL	UKBB	EAS	7	132	3880	422.972960948944	0	0	0	0
HDL	UKBB	EAS	7	133	2977	471.582974910736	0	0	0	0
HDL	UKBB	EAS	7	134	923	125.377107143402	0	0	0	0
HDL	UKBB	EAS	7	139	502	78.2484493255615	0	0	0	0
HDL	UKBB	EAS	7	141	2437	673.117307901382	0	0	0	0
HDL	UKBB	EAS	7	143	523	73.9963035583496	0	0	0	0
HDL	UKBB	EAS	7	145	1191	193.728089570999	0	0	0	0
HDL	UKBB	EAS	7	146	354	45.7633309364319	0	0	0	0
HDL	UKBB	EAS	7	147	738	125.445572137833	0	0	0	0
HDL	UKBB	EAS	7	160	927	148.228815317154	0	0	0	0
HDL	UKBB	EAS	7	161	466	56.7054772377014	0	0	0	0
HDL	UKBB	EAS	7	162	2918	470.516836166382	0	0	0	0
HDL	UKBB	EAS	7	164	345	22.1833844184875	0	0	0	0
HDL	UKBB	EAS	7	184	1690	375.607405424118	0	0	0	0
HDL	UKBB	EAS	7	187	2915	524.059771537781	0	0	0	0
HDL	UKBB	EAS	8	13	661	98.2673411369324	0	0	0	0
HDL	UKBB	EAS	8	17	1546	258.013944625854	0	0	0	0
HDL	UKBB	EAS	8	20	1720	351.185808420181	0	0	0	0
HDL	UKBB	EAS	8	21	2106	514.493140697479	0	0	0	0
HDL	UKBB	EAS	8	22	3319	1036.13295459747	0	0	0	0
HDL	UKBB	EAS	8	23	1751	431.703739404678	0	0	0	0
HDL	UKBB	EAS	8	24	3776	1068.05864715576	0	0	0	0
HDL	UKBB	EAS	8	27	1263	277.955900907516	0	0	0	0
HDL	UKBB	EAS	8	29	3620	735.426465988159	0	0	0	0
HDL	UKBB	EAS	8	30	808	139.700969219208	0	0	0	0
HDL	UKBB	EAS	8	31	321	34.4865407943726	0	0	0	0
HDL	UKBB	EAS	8	32	1857	51.2340757846832	0	0	0	0
HDL	UKBB	EAS	8	33	1803	466.975986480713	0	0	0	0
HDL	UKBB	EAS	8	34	654	94.4352645874023	0	0	0	0
HDL	UKBB	EAS	8	35	802	148.502393245697	0	0	0	0
HDL	UKBB	EAS	8	36	504	25.7358770370483	0	0	0	0
HDL	UKBB	EAS	8	37	638	86.3931307792664	0	0	0	0
HDL	UKBB	EAS	8	39	1437	348.888206243515	0	0	0	0
HDL	UKBB	EAS	8	40	1645	358.30611872673	0	0	0	0
HDL	UKBB	EAS	8	42	2200	599.703232526779	0	0	0	0
HDL	UKBB	EAS	8	46	588	88.5311594009399	0	0	0	0
HDL	UKBB	EAS	8	48	1675	416.862069129944	0	0	0	0
HDL	UKBB	EAS	8	51	1964	384.05221581459	0	0	0	0
HDL	UKBB	EAS	8	53	1046	209.272094726562	0	0	0	0
HDL	UKBB	EAS	8	55	848	160.602744340897	0	0	0	0
HDL	UKBB	EAS	8	69	2870	845.380549192429	0	0	0	0
HDL	UKBB	EAS	8	70	3265	962.148722410202	0	0	0	0
HDL	UKBB	EAS	8	71	1806	409.616759777069	0	0	0	0
HDL	UKBB	EAS	8	77	1489	151.215995550156	0	0	0	0
HDL	UKBB	EAS	8	78	373	49.5175824165344	0	0	0	0
HDL	UKBB	EAS	8	80	705	104.743037700653	0	0	0	0
HDL	UKBB	EAS	8	81	1947	446.795110464096	0	0	0	0
HDL	UKBB	EAS	8	84	3834	1158.09382510185	0	0	0	0
HDL	UKBB	EAS	8	88	1999	543.067162752151	0	0	0	0
HDL	UKBB	EAS	8	93	2502	733.587221384048	0	0	0	0
HDL	UKBB	EAS	8	94	1254	97.3248009681702	0	0	0	0
HDL	UKBB	EAS	8	107	640	90.5383634567261	0	0	0	0
HDL	UKBB	EAS	8	108	3089	654.08563041687	0	0	0	0
HDL	UKBB	EAS	8	109	2794	803.387160539627	0	0	0	0
HDL	UKBB	EAS	8	110	2447	644.902852296829	0	0	0	0
HDL	UKBB	EAS	8	112	2143	457.889368057251	0	0	0	0
HDL	UKBB	EAS	8	113	1114	204.302163600922	0	0	0	0
HDL	UKBB	EAS	8	115	1184	249.745477437973	0	0	0	0
HDL	UKBB	EAS	8	118	868	159.218441724777	0	0	0	0
HDL	UKBB	EAS	8	119	1388	245.417180299759	0	0	0	0
HDL	UKBB	EAS	8	124	1028	191.222679853439	0	0	0	0
HDL	UKBB	EAS	8	125	418	34.3508229255676	0	0	0	0
HDL	UKBB	EAS	8	127	956	160.600313425064	0	0	0	0
HDL	UKBB	EAS	8	130	981	149.686901330948	0	0	0	0
HDL	UKBB	EAS	8	159	931	160.083866119385	0	0	0	0
HDL	UKBB	EAS	8	160	944	171.291561365128	0	0	0	0
HDL	UKBB	EAS	9	1	2719	744.130998373032	0	0	0	0
HDL	UKBB	EAS	9	4	1570	376.516745328903	0	0	0	0
HDL	UKBB	EAS	9	9	1156	208.974255800247	0	0	0	0
HDL	UKBB	EAS	9	12	1529	387.846874713898	0	0	0	0
HDL	UKBB	EAS	9	27	3690	893.795934438705	0	0	0	0
HDL	UKBB	EAS	9	31	2317	569.015788555145	0	0	0	0
HDL	UKBB	EAS	9	33	1952	541.49104809761	0	0	0	0
HDL	UKBB	EAS	9	36	1560	350.28737282753	0	0	0	0
HDL	UKBB	EAS	9	40	2853	574.995591878891	0	0	0	0
HDL	UKBB	EAS	9	48	423	62.3013119697571	0	0	0	0
HDL	UKBB	EAS	9	49	4881	1706.44610381126	0	0	0	0
HDL	UKBB	EAS	9	50	2477	712.657185077667	0	0	0	0
HDL	UKBB	EAS	9	51	868	87.8037135601044	0	0	0	0
HDL	UKBB	EAS	9	53	3047	576.131116628647	0	0	0	0
HDL	UKBB	EAS	9	56	2031	565.544327974319	0	0	0	0
HDL	UKBB	EAS	9	63	2492	566.908997774124	0	0	0	0
HDL	UKBB	EAS	9	78	583	96.7844662666321	0	0	0	0
HDL	UKBB	EAS	9	84	1532	407.13786482811	0	0	0	0
HDL	UKBB	EAS	9	85	1833	276.519057750702	0	0	0	0
HDL	UKBB	EAS	9	88	1033	80.1427597999573	0	0	0	0
HDL	UKBB	EAS	9	91	1210	256.952686309814	0	0	0	0
HDL	UKBB	EAS	9	92	231	19.7405023574829	0	0	0	0
HDL	UKBB	EAS	9	93	1509	158.684658527374	0	0	0	0
HDL	UKBB	EAS	9	97	969	152.057896375656	0	0	0	0
HDL	UKBB	EAS	9	98	2688	837.397094726562	0	0	0	0
HDL	UKBB	EAS	9	100	2593	615.611622571945	0	0	0	0
HDL	UKBB	EAS	9	102	2281	667.534889936447	0	0	0	0
HDL	UKBB	EAS	9	103	593	99.5796718597412	0	0	0	0
HDL	UKBB	EAS	9	104	727	128.611598968506	0	0	0	0
HDL	UKBB	EAS	9	105	484	60.5310492515564	0	0	0	0
HDL	UKBB	EAS	9	106	1742	433.293162107468	0	0	0	0
HDL	UKBB	EAS	9	107	542	58.6299955844879	0	0	0	0
HDL	UKBB	EAS	9	109	2932	842.373837471008	0	0	0	0
HDL	UKBB	EAS	9	110	2881	817.909904003143	0	0	0	0
HDL	UKBB	EAS	9	111	73	12.6383183002472	0	1	1	6
HDL	UKBB	EAS	9	112	2206	541.904054641724	0	0	0	0
HDL	UKBB	EAS	9	113	1289	267.880972862244	0	0	0	0
HDL	UKBB	EAS	9	114	797	138.949269294739	0	0	0	0
HDL	UKBB	EAS	9	115	2955	992.584585905075	0	0	0	0
HDL	UKBB	EAS	9	116	1447	280.933739423752	0	0	0	0
HDL	UKBB	EAS	9	118	3596	463.451377391815	0	0	0	0
HDL	UKBB	EAS	9	124	1310	264.166653394699	0	0	0	0
HDL	UKBB	EAS	9	129	1866	390.100024223328	0	0	0	0
HDL	UKBB	EAS	9	130	1601	356.408207893372	0	0	0	0
HDL	UKBB	EAS	9	134	2588	634.059121370316	0	0	0	0
HDL	UKBB	EAS	9	136	1545	317.673920869827	0	0	0	0
HDL	UKBB	EAS	9	138	2397	383.071232795715	0	0	1	56
HDL	UKBB	EAS	9	140	3218	1031.97175836563	0	0	0	0
HDL	UKBB	EAS	9	141	347	47.6195542812347	0	0	0	0
HDL	UKBB	EAS	9	144	733	123.377461671829	0	0	0	0
HDL	UKBB	EAS	9	148	713	109.888070583344	0	0	0	0
HDL	UKBB	EAS	9	149	879	159.407729625702	0	0	0	0
HDL	UKBB	EAS	9	152	175	17.6511821746826	0	0	0	0
HDL	UKBB	EAS	9	153	105	9.47390627861023	0	0	0	0
HDL	UKBB	EAS	9	154	400	25.7959802150726	0	0	0	0
HDL	UKBB	EAS	9	156	800	144.164400815964	0	0	0	0
HDL	UKBB	EAS	9	162	338	46.5078115463257	0	0	0	0
HDL	UKBB	EAS	10	1	1949	507.206519842148	0	0	0	0
HDL	UKBB	EAS	10	9	168	14.6159815788269	0	0	0	0
HDL	UKBB	EAS	10	11	624	69.4879174232483	0	0	0	0
HDL	UKBB	EAS	10	13	1574	376.57346200943	0	0	0	0
HDL	UKBB	EAS	10	14	2155	586.891087532043	0	0	0	0
HDL	UKBB	EAS	10	20	80	7.41210722923279	0	0	0	0
HDL	UKBB	EAS	10	22	1688	371.903365135193	0	0	0	0
HDL	UKBB	EAS	10	23	425	53.4142210483551	0	0	0	0
HDL	UKBB	EAS	10	33	1424	282.865871667862	0	0	0	0
HDL	UKBB	EAS	10	40	1209	272.493712663651	0	0	0	0
HDL	UKBB	EAS	10	43	1391	285.809567213058	0	0	0	0
HDL	UKBB	EAS	10	46	2531	566.587911128998	0	0	0	0
HDL	UKBB	EAS	10	48	1919	518.519074440002	0	0	0	0
HDL	UKBB	EAS	10	49	1713	307.577115774155	0	0	0	0
HDL	UKBB	EAS	10	52	2085	588.109897136688	0	0	0	0
HDL	UKBB	EAS	10	54	4195	1007.08543682098	0	0	0	0
HDL	UKBB	EAS	10	60	2317	668.156083106995	0	0	0	0
HDL	UKBB	EAS	10	61	763	127.130469560623	0	0	0	0
HDL	UKBB	EAS	10	64	367	49.7552454471588	0	0	0	0
HDL	UKBB	EAS	10	67	1399	328.69226384162903	0	0	0	0
HDL	UKBB	EAS	10	68	1018	163.887666940689	0	0	0	0
HDL	UKBB	EAS	10	70	1903	431.109295129776	0	0	0	0
HDL	UKBB	EAS	10	79	2066	485.619742155075	0	0	0	0
HDL	UKBB	EAS	10	80	1675	398.347373008728	0	0	0	0
HDL	UKBB	EAS	10	81	2223	568.330638170242	0	0	0	0
HDL	UKBB	EAS	10	83	2278	394.334834814072	0	0	0	0
HDL	UKBB	EAS	10	85	599	95.9714026451111	0	0	0	0
HDL	UKBB	EAS	10	87	1059	221.540217876434	0	0	0	0
HDL	UKBB	EAS	10	92	3394	1117.7404229641	0	0	0	0
HDL	UKBB	EAS	10	93	464	67.0341858863831	0	0	0	0
HDL	UKBB	EAS	10	100	527	81.7135553359985	0	0	0	0
HDL	UKBB	EAS	10	101	1425	313.356204271317	0	0	0	0
HDL	UKBB	EAS	10	109	2000	360.859627485275	0	0	0	0
HDL	UKBB	EAS	10	113	1498	323.927974224091	0	0	0	0
HDL	UKBB	EAS	10	117	2504	697.424934387207	0	0	0	0
HDL	UKBB	EAS	10	124	449	68.639927148819	0	0	0	0
HDL	UKBB	EAS	10	126	2353	561.446480512619	0	0	0	0
HDL	UKBB	EAS	10	127	503	81.4671397209167	0	0	0	0
HDL	UKBB	EAS	10	128	150	14.9323222637177	0	0	0	0
HDL	UKBB	EAS	10	129	2640	726.096409082413	0	0	0	0
HDL	UKBB	EAS	10	130	809	131.964631557465	0	0	0	0
HDL	UKBB	EAS	10	137	2395	620.564131498337	0	0	0	0
HDL	UKBB	EAS	10	138	356	47.5628204345703	0	0	0	0
HDL	UKBB	EAS	10	140	310	36.6672418117523	0	0	0	0
HDL	UKBB	EAS	10	141	1184	204.942903518677	0	0	0	0
HDL	UKBB	EAS	10	142	504	47.2850363254547	0	0	0	0
HDL	UKBB	EAS	10	143	2018	450.741480588913	0	0	0	0
HDL	UKBB	EAS	10	144	901	163.93677854538	0	0	0	0
HDL	UKBB	EAS	10	145	835	124.21373462677	0	0	0	0
HDL	UKBB	EAS	10	150	2181	520.618062496185	0	0	0	0
HDL	UKBB	EAS	10	152	1493	156.638200283051	0	0	0	0
HDL	UKBB	EAS	10	153	1599	336.997256278992	0	0	0	0
HDL	UKBB	EAS	10	154	2964	397.057579278946	0	0	0	0
HDL	UKBB	EAS	10	157	1157	177.369350910187	0	0	0	0
HDL	UKBB	EAS	10	162	1002	139.546098232269	0	0	0	0
HDL	UKBB	EAS	10	167	297	37.1397535800934	0	0	0	0
HDL	UKBB	EAS	11	2	784	123.195154905319	0	0	0	0
HDL	UKBB	EAS	11	4	973	187.258176088333	0	0	0	0
HDL	UKBB	EAS	11	6	184	16.2141091823578	0	0	0	0
HDL	UKBB	EAS	11	7	616	94.6636531352997	0	0	0	0
HDL	UKBB	EAS	11	11	1802	307.171096801758	0	0	0	0
HDL	UKBB	EAS	11	18	3292	574.945464372635	0	0	0	0
HDL	UKBB	EAS	11	19	633	104.601371049881	0	0	0	0
HDL	UKBB	EAS	11	26	549	83.5924263000488	0	0	0	0
HDL	UKBB	EAS	11	27	1458	286.571722507477	0	0	0	0
HDL	UKBB	EAS	11	28	922	179.199037075043	0	0	0	0
HDL	UKBB	EAS	11	29	737	133.976429224014	0	0	0	0
HDL	UKBB	EAS	11	30	979	178.76167845726	0	0	0	0
HDL	UKBB	EAS	11	33	1431	152.282535552979	0	0	0	0
HDL	UKBB	EAS	11	51	1567	330.134141921997	0	0	0	0
HDL	UKBB	EAS	11	52	891	164.105723381042	0	0	0	0
HDL	UKBB	EAS	11	53	1785	444.210633993149	0	0	0	0
HDL	UKBB	EAS	11	54	1377	222.358238697052	0	0	0	0
HDL	UKBB	EAS	11	57	1114	208.691734790802	0	0	0	0
HDL	UKBB	EAS	11	65	1437	337.931678771973	0	0	0	0
HDL	UKBB	EAS	11	70	2835	635.270079612732	0	0	0	0
HDL	UKBB	EAS	11	75	552	51.0137577056885	0	0	0	0
HDL	UKBB	EAS	11	76	1286	214.237791061401	0	0	0	0
HDL	UKBB	EAS	11	77	916	150.240345239639	0	0	0	0
HDL	UKBB	EAS	11	78	1216	285.704368591309	0	0	0	0
HDL	UKBB	EAS	11	79	2784	884.707751750946	0	0	0	0
HDL	UKBB	EAS	11	80	1417	245.680279016495	0	0	0	0
HDL	UKBB	EAS	11	81	1138	230.550632715225	0	0	0	0
HDL	UKBB	EAS	11	86	1474	368.136581897736	0	0	0	0
HDL	UKBB	EAS	11	88	2007	539.885491609573	0	0	0	0
HDL	UKBB	EAS	11	89	306	37.5349464416504	0	0	0	0
HDL	UKBB	EAS	11	90	2785	693.880566835403	0	0	0	0
HDL	UKBB	EAS	11	100	1872	159.324402570724	0	0	0	0
HDL	UKBB	EAS	11	107	754	85.9298927783966	0	0	0	0
HDL	UKBB	EAS	11	108	507	77.9906828403473	0	0	0	0
HDL	UKBB	EAS	11	109	529	62.204601764679	0	0	0	0
HDL	UKBB	EAS	11	115	1619	369.951031208038	0	0	0	0
HDL	UKBB	EAS	11	117	3179	1049.54351997375	0	0	0	0
HDL	UKBB	EAS	11	121	1606	375.013621330261	0	0	0	0
HDL	UKBB	EAS	11	123	614	64.6645419597626	0	0	0	0
HDL	UKBB	EAS	11	126	2766	707.784465074539	0	0	0	0
HDL	UKBB	EAS	11	128	221	26.7270331382751	0	0	0	0
HDL	UKBB	EAS	11	129	1679	50.7064092159271	0	1	1	2
HDL	UKBB	EAS	11	130	888	165.184721469879	0	0	0	0
HDL	UKBB	EAS	11	131	209	20.9519138336182	0	0	0	0
HDL	UKBB	EAS	11	132	602	37.1139616966248	0	0	0	0
HDL	UKBB	EAS	11	133	1615	372.423756122589	0	0	0	0
HDL	UKBB	EAS	11	134	1967	368.509172677994	0	0	0	0
HDL	UKBB	EAS	11	138	792	145.99557352066	0	0	0	0
HDL	UKBB	EAS	11	140	806	146.105040311813	0	0	0	0
HDL	UKBB	EAS	11	141	259	29.9954404830933	0	0	0	0
HDL	UKBB	EAS	11	142	1881	472.412217378616	0	0	0	0
HDL	UKBB	EAS	11	147	2750	844.824101924896	0	0	0	0
HDL	UKBB	EAS	11	148	841	131.959742069244	0	0	0	0
HDL	UKBB	EAS	11	149	2238	538.851980209351	0	0	0	0
HDL	UKBB	EAS	12	4	944	177.622207403183	0	0	0	0
HDL	UKBB	EAS	12	8	509	77.9943752288818	0	0	0	0
HDL	UKBB	EAS	12	9	205	22.2621417045593	0	0	0	0
HDL	UKBB	EAS	12	12	507	71.8100199699402	0	0	0	0
HDL	UKBB	EAS	12	17	542	79.827116727829	0	0	0	0
HDL	UKBB	EAS	12	18	1505	300.712125301361	0	0	0	0
HDL	UKBB	EAS	12	23	2089	485.8983335495	0	0	0	0
HDL	UKBB	EAS	12	24	491	67.014919757843	0	0	0	0
HDL	UKBB	EAS	12	25	1810	308.473471164703	0	0	0	0
HDL	UKBB	EAS	12	31	444	59.40465259552	0	0	0	0
HDL	UKBB	EAS	12	32	1576	289.401579380035	0	0	0	0
HDL	UKBB	EAS	12	34	1176	194.21585226059	0	0	0	0
HDL	UKBB	EAS	12	35	658	62.6332883834839	0	0	0	0
HDL	UKBB	EAS	12	36	517	76.7842652797699	0	0	0	0
HDL	UKBB	EAS	12	38	2295	681.86185836792	0	0	0	0
HDL	UKBB	EAS	12	40	824	122.98489356041	0	0	0	0
HDL	UKBB	EAS	12	41	444	57.0939416885376	0	0	0	0
HDL	UKBB	EAS	12	42	3032	843.739844083786	0	0	0	0
HDL	UKBB	EAS	12	45	1206	137.426448583603	0	0	0	0
HDL	UKBB	EAS	12	48	2014	587.728573083878	0	0	0	0
HDL	UKBB	EAS	12	49	1947	449.65797162056	0	0	0	0
HDL	UKBB	EAS	12	53	3058	781.736983060837	0	0	0	0
HDL	UKBB	EAS	12	59	2375	483.605959177017	0	0	0	0
HDL	UKBB	EAS	12	60	1066	233.120969295502	0	0	0	0
HDL	UKBB	EAS	12	61	1237	275.327325820923	0	0	0	0
HDL	UKBB	EAS	12	62	896	162.333591938019	0	0	0	0
HDL	UKBB	EAS	12	63	1756	466.81071138382	0	0	0	0
HDL	UKBB	EAS	12	66	1725	393.279124736786	0	0	0	0
HDL	UKBB	EAS	12	67	859	97.230314493179307	0	0	0	0
HDL	UKBB	EAS	12	68	395	50.9259827136993	0	0	0	0
HDL	UKBB	EAS	12	69	1760	382.15690946579	0	0	0	0
HDL	UKBB	EAS	12	70	442	67.9190526008606	0	0	0	0
HDL	UKBB	EAS	12	71	1840	330.256599664688	0	0	0	0
HDL	UKBB	EAS	12	72	6130	2013.67702889442	0	0	0	0
HDL	UKBB	EAS	12	73	1581	340.183017969131	0	0	0	0
HDL	UKBB	EAS	12	77	870	130.735450029373	0	0	0	0
HDL	UKBB	EAS	12	80	2221	628.887550354004	0	0	0	0
HDL	UKBB	EAS	12	81	329	41.2580368518829	0	0	0	0
HDL	UKBB	EAS	12	82	1760	429.098239421844	0	0	0	0
HDL	UKBB	EAS	12	94	2602	725.052941322327	0	0	0	0
HDL	UKBB	EAS	12	96	928	169.949431657791	0	0	0	0
HDL	UKBB	EAS	12	97	2526	589.826530218124	0	0	0	0
HDL	UKBB	EAS	12	100	997	127.805591344833	0	0	0	0
HDL	UKBB	EAS	12	103	333	40.7877950668335	0	0	0	0
HDL	UKBB	EAS	12	108	1615	421.155961036682	0	0	0	0
HDL	UKBB	EAS	12	110	2038	383.725072860718	0	0	0	0
HDL	UKBB	EAS	12	112	212	21.0308520793915	0	0	0	0
HDL	UKBB	EAS	12	119	2752	601.51727437973	0	0	0	0
HDL	UKBB	EAS	12	120	752	131.091971158981	0	0	0	0
HDL	UKBB	EAS	12	121	1347	264.570595502853	0	0	0	0
HDL	UKBB	EAS	12	122	1803	485.821949005127	0	0	0	0
HDL	UKBB	EAS	12	123	777	120.946866035461	0	0	0	0
HDL	UKBB	EAS	12	125	2159	585.014112710953	0	0	0	0
HDL	UKBB	EAS	12	129	1264	257.384527921677	0	0	0	0
HDL	UKBB	EAS	12	132	1510	311.871086597443	0	0	0	0
HDL	UKBB	EAS	12	138	2557	616.035889148712	0	0	0	0
HDL	UKBB	EAS	12	139	3328	907.172178030014	0	0	0	0
HDL	UKBB	EAS	12	140	696	121.026568889618	0	0	0	0
HDL	UKBB	EAS	12	141	1090	215.97057890892	0	0	0	0
HDL	UKBB	EAS	12	154	443	33.4449326992035	0	0	0	0
HDL	UKBB	EAS	12	156	474	59.6836290359497	0	0	0	0
HDL	UKBB	EAS	12	163	665	108.740260362625	0	0	0	0
HDL	UKBB	EAS	13	1	1821	457.831139802933	0	0	0	0
HDL	UKBB	EAS	13	8	1569	330.29389333725	0	0	0	0
HDL	UKBB	EAS	13	16	1405	270.234317302704	0	0	0	0
HDL	UKBB	EAS	13	18	625	106.786902666092	0	0	0	0
HDL	UKBB	EAS	13	20	1430	247.186437129974	0	0	0	0
HDL	UKBB	EAS	13	21	1650	360.548271417618	0	0	0	0
HDL	UKBB	EAS	13	23	586	82.5571475028992	0	0	0	0
HDL	UKBB	EAS	13	25	639	109.880359649658	0	0	0	0
HDL	UKBB	EAS	13	38	344	34.4013764858246	0	0	0	0
HDL	UKBB	EAS	13	40	1402	305.737250804901	0	0	0	0
HDL	UKBB	EAS	13	45	1523	253.813108682632	0	0	0	0
HDL	UKBB	EAS	13	47	1004	177.08049249649	0	0	0	0
HDL	UKBB	EAS	13	50	3045	979.194917201996	0	0	0	0
HDL	UKBB	EAS	13	52	1835	369.205399751663	0	0	0	0
HDL	UKBB	EAS	13	54	5715	1324.15696263313	0	0	0	0
HDL	UKBB	EAS	13	55	2110	466.366742372513	0	0	0	0
HDL	UKBB	EAS	13	57	4007	1513.33117556572	0	0	0	0
HDL	UKBB	EAS	13	58	2964	658.540785312653	0	0	0	0
HDL	UKBB	EAS	13	60	1785	429.935013532639	0	0	0	0
HDL	UKBB	EAS	13	61	1125	230.525474309921	0	0	0	0
HDL	UKBB	EAS	13	70	1896	423.668172597885	0	0	0	0
HDL	UKBB	EAS	13	72	1241	271.921412944794	0	0	0	0
HDL	UKBB	EAS	13	73	1714	439.003211975098	0	0	0	0
HDL	UKBB	EAS	13	80	511	67.4055347442627	0	0	0	0
HDL	UKBB	EAS	13	82	1739	426.00848698616	0	0	0	0
HDL	UKBB	EAS	13	88	610	37.4663424491882	0	0	0	0
HDL	UKBB	EAS	13	94	1566	225.545977115631	0	0	0	0
HDL	UKBB	EAS	13	96	654	88.7043132781982	0	0	0	0
HDL	UKBB	EAS	13	111	460	18.6201255321503	0	0	0	0
HDL	UKBB	EAS	13	119	1896	382.02437710762	0	0	0	0
HDL	UKBB	EAS	13	124	183	20.3547122478485	0	0	0	0
HDL	UKBB	EAS	13	125	1412	228.836161613464	0	0	0	0
HDL	UKBB	EAS	14	1	1065	204.625978946686	0	0	0	0
HDL	UKBB	EAS	14	6	361	46.0453453063965	0	0	0	0
HDL	UKBB	EAS	14	14	2436	607.595584630966	0	0	0	0
HDL	UKBB	EAS	14	19	1532	311.37362408638	0	0	0	0
HDL	UKBB	EAS	14	24	703	78.1025738716125	0	0	0	0
HDL	UKBB	EAS	14	31	2324	586.445940971375	0	0	0	0
HDL	UKBB	EAS	14	35	2634	292.289934158325	0	0	0	0
HDL	UKBB	EAS	14	46	1018	195.506224155426	0	0	0	0
HDL	UKBB	EAS	14	47	1974	413.347435474396	0	0	0	0
HDL	UKBB	EAS	14	49	964	153.38458442688	0	0	0	0
HDL	UKBB	EAS	14	64	963	186.171721696854	0	0	0	0
HDL	UKBB	EAS	14	67	1590	346.162099838257	0	0	0	0
HDL	UKBB	EAS	14	68	1170	245.602503061295	0	0	0	0
HDL	UKBB	EAS	14	70	2243	570.916473865509	0	0	0	0
HDL	UKBB	EAS	14	72	2841	630.762295246124	0	0	0	0
HDL	UKBB	EAS	14	73	1147	258.887764930725	0	0	0	0
HDL	UKBB	EAS	14	80	368	49.0901601314545	0	0	0	0
HDL	UKBB	EAS	14	81	2489	639.846395730972	0	0	0	0
HDL	UKBB	EAS	14	84	804	144.413871765137	0	0	0	0
HDL	UKBB	EAS	14	86	1255	285.838320732117	0	0	0	0
HDL	UKBB	EAS	14	93	1926	470.906607627869	0	0	0	0
HDL	UKBB	EAS	14	95	588	97.4207866191864	0	0	0	0
HDL	UKBB	EAS	14	97	1138	172.420037031174	0	0	0	0
HDL	UKBB	EAS	14	100	1664	350.114824771881	0	0	0	0
HDL	UKBB	EAS	14	103	1683	409.711061000824	0	0	0	0
HDL	UKBB	EAS	14	117	1473	334.886964797974	0	0	0	0
HDL	UKBB	EAS	14	121	1683	401.49103975296	0	0	0	0
HDL	UKBB	EAS	14	122	346	43.4641535282135	0	0	0	0
HDL	UKBB	EAS	14	126	1709	428.801749229431	0	0	0	0
HDL	UKBB	EAS	14	128	617	94.6379225254059	0	0	0	0
HDL	UKBB	EAS	14	129	827	127.755868673325	0	0	0	0
HDL	UKBB	EAS	15	4	293	39.349999666214	0	0	0	0
HDL	UKBB	EAS	15	10	645	108.435279846191	0	0	0	0
HDL	UKBB	EAS	15	22	1752	369.24005818367	0	0	0	0
HDL	UKBB	EAS	15	27	777	128.370520114899	0	0	0	0
HDL	UKBB	EAS	15	28	1039	202.582932472229	0	0	0	0
HDL	UKBB	EAS	15	29	767	71.070597410202	0	0	0	0
HDL	UKBB	EAS	15	31	2795	663.437598228455	0	0	0	0
HDL	UKBB	EAS	15	34	644	106.64183878898601	0	0	0	0
HDL	UKBB	EAS	15	35	1730	405.26441693306	0	0	0	0
HDL	UKBB	EAS	15	37	1989	424.722531080246	0	0	0	0
HDL	UKBB	EAS	15	38	2528	540.30761885643	0	0	0	0
HDL	UKBB	EAS	15	39	1649	310.292311668396	0	0	0	0
HDL	UKBB	EAS	15	40	472	56.7862725257874	0	0	0	0
HDL	UKBB	EAS	15	41	2031	477.951493740082	0	0	0	0
HDL	UKBB	EAS	15	45	4056	1485.09531736374	0	0	0	0
HDL	UKBB	EAS	15	46	1327	265.0519926548	0	0	0	0
HDL	UKBB	EAS	15	48	3858	900.760437726974	0	0	0	0
HDL	UKBB	EAS	15	50	1762	436.086164236069	0	0	0	0
HDL	UKBB	EAS	15	51	1163	255.674679756165	0	0	0	0
HDL	UKBB	EAS	15	52	1334	117.192487239838	0	0	0	0
HDL	UKBB	EAS	15	53	228	2.42801761627197	0	0	0	0
HDL	UKBB	EAS	15	54	1432	143.724696874619	0	0	0	0
HDL	UKBB	EAS	15	55	783	108.629831552505	0	0	0	0
HDL	UKBB	EAS	15	56	1236	277.539284467697	0	0	0	0
HDL	UKBB	EAS	15	59	2797	557.277167081833	0	0	0	0
HDL	UKBB	EAS	15	62	2734	807.256134748459	0	0	0	0
HDL	UKBB	EAS	15	64	1145	156.554235935211	0	0	0	0
HDL	UKBB	EAS	15	66	1940	531.316620588303	0	0	0	0
HDL	UKBB	EAS	15	70	706	108.681834936142	0	0	0	0
HDL	UKBB	EAS	15	71	38	2.07115435600281	0	0	0	0
HDL	UKBB	EAS	15	73	415	41.9509768486023	0	0	0	0
HDL	UKBB	EAS	15	76	3659	1023.77422904968	0	0	0	0
HDL	UKBB	EAS	15	79	1971	412.939897060394	0	0	0	0
HDL	UKBB	EAS	15	86	816	134.233841657639	0	0	0	0
HDL	UKBB	EAS	15	88	940	166.214037656784	0	0	0	0
HDL	UKBB	EAS	15	90	1458	147.712551593781	0	0	0	0
HDL	UKBB	EAS	15	98	771	83.7325217723846	0	0	0	0
HDL	UKBB	EAS	15	102	1369	315.81667470932	0	0	0	0
HDL	UKBB	EAS	15	108	478	66.6647188663483	0	0	0	0
HDL	UKBB	EAS	15	111	833	154.844694852829	0	0	0	0
HDL	UKBB	EAS	15	117	709	101.139868021011	0	0	0	0
HDL	UKBB	EAS	15	118	455	59.0056304931641	0	0	0	0
HDL	UKBB	EAS	16	2	185	19.3045976161957	0	0	0	0
HDL	UKBB	EAS	16	4	1262	273.605597496033	0	0	0	0
HDL	UKBB	EAS	16	5	301	37.0871982574463	0	0	0	0
HDL	UKBB	EAS	16	7	1188	219.014661312103	0	0	0	0
HDL	UKBB	EAS	16	9	1165	216.452461242676	0	0	0	0
HDL	UKBB	EAS	16	10	623	101.418369293213	0	0	0	0
HDL	UKBB	EAS	16	30	98	7.5644416809082	0	0	0	0
HDL	UKBB	EAS	16	31	1602	377.481530189514	0	0	0	0
HDL	UKBB	EAS	16	33	2858	564.604472398758	0	0	0	0
HDL	UKBB	EAS	16	37	1516	189.206649303436	0	0	0	0
HDL	UKBB	EAS	16	41	1380	321.795458078384	0	0	0	0
HDL	UKBB	EAS	16	42	136	11.5728447437286	0	0	0	0
HDL	UKBB	EAS	16	43	1241	290.262923955917	0	0	0	0
HDL	UKBB	EAS	16	47	865	159.470741510391	0	0	0	0
HDL	UKBB	EAS	16	49	995	140.980105638504	0	0	0	0
HDL	UKBB	EAS	16	52	1165	245.522049665451	0	0	0	0
HDL	UKBB	EAS	16	57	243	28.3809208869934	0	0	0	0
HDL	UKBB	EAS	16	58	762	134.707769393921	0	0	0	0
HDL	UKBB	EAS	16	59	543	81.7374868392944	0	0	0	0
HDL	UKBB	EAS	16	62	911	157.065522909164	0	0	0	0
HDL	UKBB	EAS	16	65	858	151.391154050827	0	0	0	0
HDL	UKBB	EAS	16	67	577	35.1584153175354	0	0	0	0
HDL	UKBB	EAS	16	68	1112	239.004656791687	0	0	0	0
HDL	UKBB	EAS	16	69	801	110.874026060104	0	0	0	0
HDL	UKBB	EAS	16	73	977	149.986440420151	0	0	0	0
HDL	UKBB	EAS	16	74	270	33.0572822093964	0	0	0	0
HDL	UKBB	EAS	16	75	1966	330.497169494629	0	1	1	6
HDL	UKBB	EAS	16	76	1127	203.801684617996	0	0	0	0
HDL	UKBB	EAS	16	77	546	56.0171084403992	0	0	0	0
HDL	UKBB	EAS	16	79	1179	198.820001125336	0	0	0	0
HDL	UKBB	EAS	16	86	855	134.686498403549	0	0	0	0
HDL	UKBB	EAS	16	87	150	14.1073634624481	0	0	0	0
HDL	UKBB	EAS	16	88	2332	642.27025604248	0	0	0	0
HDL	UKBB	EAS	16	89	3788	1242.19652175903	0	0	0	0
HDL	UKBB	EAS	16	91	693	109.130833625793	0	0	0	0
HDL	UKBB	EAS	16	93	2813	926.634045600891	0	0	0	0
HDL	UKBB	EAS	16	94	3852	1004.82825279236	0	0	0	0
HDL	UKBB	EAS	16	103	4562	1348.31232571602	0	0	0	0
HDL	UKBB	EAS	16	104	1246	279.584536552429	0	0	0	0
HDL	UKBB	EAS	16	105	847	147.653015851974	0	0	0	0
HDL	UKBB	EAS	16	106	1583	282.695250272751	0	0	0	0
HDL	UKBB	EAS	16	107	1252	263.826477527618	0	0	0	0
HDL	UKBB	EAS	16	111	957	181.795653343201	0	0	0	0
HDL	UKBB	EAS	17	3	964	189.118218660355	0	0	0	0
HDL	UKBB	EAS	17	7	504	72.0813310146332	0	0	0	0
HDL	UKBB	EAS	17	9	1554	332.26661658287	0	0	0	0
HDL	UKBB	EAS	17	14	719	126.502114057541	0	0	0	0
HDL	UKBB	EAS	17	23	496	73.8490669727325	0	0	0	0
HDL	UKBB	EAS	17	24	933	39.041330575943	0	0	0	0
HDL	UKBB	EAS	17	25	1154	214.987723112106	0	0	0	0
HDL	UKBB	EAS	17	30	242	25.6087572574615	0	0	0	0
HDL	UKBB	EAS	17	49	692	95.0847120285034	0	0	0	0
HDL	UKBB	EAS	17	51	2122	520.023482322693	0	0	0	0
HDL	UKBB	EAS	17	55	2368	566.967903137207	0	0	0	0
HDL	UKBB	EAS	17	66	229	25.9921844005585	0	0	0	0
HDL	UKBB	EAS	17	68	676	106.706634759903	0	0	0	0
HDL	UKBB	EAS	17	71	876	158.704380512238	0	0	0	0
HDL	UKBB	EAS	17	72	1547	340.513912200928	0	0	0	0
HDL	UKBB	EAS	17	73	1804	377.741541624069	0	0	0	0
HDL	UKBB	EAS	17	74	2333	459.387545585632	0	0	0	0
HDL	UKBB	EAS	17	75	2336	573.814301490784	0	0	0	0
HDL	UKBB	EAS	17	76	953	156.66425037384	0	0	0	0
HDL	UKBB	EAS	17	78	258	29.5721435546875	0	0	0	0
HDL	UKBB	EAS	17	85	1796	224.867867946625	0	0	0	0
HDL	UKBB	EAS	17	87	651	102.320024490356	0	0	0	0
HDL	UKBB	EAS	17	90	2016	510.982015371323	0	0	0	0
HDL	UKBB	EAS	17	93	1200	253.85622048378	0	0	0	0
HDL	UKBB	EAS	17	94	1029	163.123401165009	0	0	0	0
HDL	UKBB	EAS	17	97	1978	452.825664043427	0	0	0	0
HDL	UKBB	EAS	17	98	678	87.8034689426422	0	0	0	0
HDL	UKBB	EAS	17	99	164	14.1459693908691	0	0	0	0
HDL	UKBB	EAS	17	100	955	156.334452152252	0	0	0	0
HDL	UKBB	EAS	17	101	1002	185.955070018768	0	0	0	0
HDL	UKBB	EAS	17	102	601	91.7096886634827	0	0	0	0
HDL	UKBB	EAS	17	103	650	41.8757743835449	0	0	0	0
HDL	UKBB	EAS	17	105	1210	241.643489122391	0	0	0	0
HDL	UKBB	EAS	17	108	194	3.40324258804321	0	0	0	0
HDL	UKBB	EAS	17	109	304	37.9054388999939	0	0	0	0
HDL	UKBB	EAS	17	117	1095	180.446662187576	0	0	0	0
HDL	UKBB	EAS	17	118	1028	196.695705652237	0	0	0	0
HDL	UKBB	EAS	17	125	1671	370.361428260803	0	0	0	0
HDL	UKBB	EAS	17	133	579	84.3978185653687	0	0	0	0
HDL	UKBB	EAS	18	1	623	104.234998941422	0	0	0	0
HDL	UKBB	EAS	18	7	1243	240.452172994614	0	0	0	0
HDL	UKBB	EAS	18	8	925	167.838003873825	0	0	0	0
HDL	UKBB	EAS	18	27	546	85.6077585220337	0	0	0	0
HDL	UKBB	EAS	18	28	1213	224.54202246666	0	0	0	0
HDL	UKBB	EAS	18	39	2467	706.348304271698	0	0	0	0
HDL	UKBB	EAS	18	41	2606	671.194518566132	0	0	0	0
HDL	UKBB	EAS	18	42	1899	427.417016267776	0	0	0	0
HDL	UKBB	EAS	18	44	1578	100.535550355911	0	0	0	0
HDL	UKBB	EAS	18	46	1634	419.720346450806	0	0	0	0
HDL	UKBB	EAS	18	49	1988	583.203373432159	0	0	0	0
HDL	UKBB	EAS	18	52	1317	270.943344831467	0	0	0	0
HDL	UKBB	EAS	18	53	1268	277.535588502884	0	0	0	0
HDL	UKBB	EAS	18	58	1622	396.118205785751	0	0	0	0
HDL	UKBB	EAS	18	59	2112	494.27334356308	0	0	0	0
HDL	UKBB	EAS	18	60	1921	449.956222057343	0	0	0	0
HDL	UKBB	EAS	18	61	1828	337.897305727005	0	0	0	0
HDL	UKBB	EAS	18	62	2048	515.896878480911	0	0	0	0
HDL	UKBB	EAS	18	65	1914	387.238008975983	0	0	0	0
HDL	UKBB	EAS	18	66	478	65.4510245323181	0	0	0	0
HDL	UKBB	EAS	18	67	630	76.1492414474487	0	0	0	0
HDL	UKBB	EAS	18	68	130	11.6588850021362	0	0	0	0
HDL	UKBB	EAS	18	69	3411	884.426161766052	0	0	0	0
HDL	UKBB	EAS	18	73	2757	658.978903055191	0	0	0	0
HDL	UKBB	EAS	18	74	2435	662.149305105209	0	0	0	0
HDL	UKBB	EAS	18	76	1469	312.878818035126	0	0	0	0
HDL	UKBB	EAS	18	79	672	108.326202869415	0	0	0	0
HDL	UKBB	EAS	18	80	1257	168.59015417099	0	0	0	0
HDL	UKBB	EAS	18	82	2669	706.876652956009	0	0	0	0
HDL	UKBB	EAS	18	84	382	49.4651861190796	0	0	0	0
HDL	UKBB	EAS	18	86	49	4.11643362045288	0	0	0	0
HDL	UKBB	EAS	19	6	118	10.4916496276855	0	0	0	0
HDL	UKBB	EAS	19	10	176	14.1419038772583	0	0	0	0
HDL	UKBB	EAS	19	11	227	26.2951028347015	0	0	0	0
HDL	UKBB	EAS	19	12	214	14.6756138801575	0	0	0	0
HDL	UKBB	EAS	19	16	133	13.2895841598511	0	0	0	0
HDL	UKBB	EAS	19	19	78	6.5063157081604	0	0	0	0
HDL	UKBB	EAS	19	22	792	139.179314136505	0	0	0	0
HDL	UKBB	EAS	19	25	599	77.0171298980713	0	0	0	0
HDL	UKBB	EAS	19	29	769	134.71840763092	0	0	0	0
HDL	UKBB	EAS	19	30	618	99.5350749492645	0	0	0	0
HDL	UKBB	EAS	19	32	577	91.1843116283417	0	0	0	0
HDL	UKBB	EAS	19	33	236	27.5596737861633	0	0	0	0
HDL	UKBB	EAS	19	34	446	61.9113295078278	0	0	0	0
HDL	UKBB	EAS	19	37	1318	307.821919441223	0	0	0	0
HDL	UKBB	EAS	19	38	305	34.2815749645233	0	0	0	0
HDL	UKBB	EAS	19	39	1509	321.039378881454	0	0	0	0
HDL	UKBB	EAS	19	47	839	132.788096189499	0	0	0	0
HDL	UKBB	EAS	19	50	135	12.0230548381805	0	0	0	0
HDL	UKBB	EAS	19	51	592	93.4920809268951	0	0	0	0
HDL	UKBB	EAS	19	52	541	48.3423998355865	0	0	0	0
HDL	UKBB	EAS	19	57	1563	353.712095737457	0	0	0	0
HDL	UKBB	EAS	19	58	701	104.209585666656	0	0	0	0
HDL	UKBB	EAS	19	61	1072	242.330641269684	0	0	0	0
HDL	UKBB	EAS	19	63	631	105.07234120369	0	0	0	0
HDL	UKBB	EAS	19	64	2013	529.909498691559	0	0	0	0
HDL	UKBB	EAS	19	67	3820	494.669137001038	0	0	0	0
HDL	UKBB	EAS	19	68	794	67.2971220016479	0	0	0	0
HDL	UKBB	EAS	19	70	836	131.108901500702	0	0	0	0
HDL	UKBB	EAS	19	71	125	12.5603160858154	0	0	0	0
HDL	UKBB	EAS	19	73	268	24.5772671699524	0	0	0	0
HDL	UKBB	EAS	19	74	1694	421.454103708267	0	0	0	0
HDL	UKBB	EAS	19	75	158	14.9131910800934	0	0	0	0
HDL	UKBB	EAS	19	76	1161	223.922039985657	0	0	0	0
HDL	UKBB	EAS	19	77	2044	514.07511472702	0	0	0	0
HDL	UKBB	EAS	19	79	820	105.203734636307	0	0	0	0
HDL	UKBB	EAS	19	80	196	21.2200384140015	0	0	0	0
HDL	UKBB	EAS	19	81	749	86.7841749191284	0	0	0	0
HDL	UKBB	EAS	19	89	815	145.573815345764	0	0	0	0
HDL	UKBB	EAS	19	90	1415	328.481729269028	0	0	0	0
HDL	UKBB	EAS	19	93	405	24.8513212203979	0	0	0	0
HDL	UKBB	EAS	19	94	885	158.442721605301	0	0	0	0
HDL	UKBB	EAS	19	98	218	24.9891786575317	0	0	0	0
HDL	UKBB	EAS	20	1	563	72.4442851543427	0	0	0	0
HDL	UKBB	EAS	20	2	418	53.6241500377655	0	0	0	0
HDL	UKBB	EAS	20	3	203	20.6979765892029	0	0	0	0
HDL	UKBB	EAS	20	11	546	79.7666313648224	0	0	0	0
HDL	UKBB	EAS	20	22	700	109.858956098557	0	0	0	0
HDL	UKBB	EAS	20	23	208	20.7539002895355	0	0	0	0
HDL	UKBB	EAS	20	24	121	8.95949530601501	0	0	0	0
HDL	UKBB	EAS	20	29	1088	157.004070043564	0	0	0	0
HDL	UKBB	EAS	20	40	846	155.871466636658	0	0	0	0
HDL	UKBB	EAS	20	42	2125	283.409056901932	0	0	0	0
HDL	UKBB	EAS	20	48	2241	605.378684043884	0	0	0	0
HDL	UKBB	EAS	20	54	1817	428.641044855118	0	0	0	0
HDL	UKBB	EAS	20	59	1503	150.009910821915	0	0	0	0
HDL	UKBB	EAS	20	62	1141	252.088177442551	0	0	0	0
HDL	UKBB	EAS	20	63	2723	606.652745962143	0	0	0	0
HDL	UKBB	EAS	20	64	669	112.080943584442	0	0	0	0
HDL	UKBB	EAS	20	65	1608	401.512809276581	0	0	0	0
HDL	UKBB	EAS	20	67	919	187.731555700302	0	0	0	0
HDL	UKBB	EAS	20	68	487	69.1721980571747	0	0	0	0
HDL	UKBB	EAS	20	69	1219	264.143939971924	0	0	0	0
HDL	UKBB	EAS	20	70	756	72.3582270145416	0	0	0	0
HDL	UKBB	EAS	20	71	1500	177.33531665802	0	0	0	0
HDL	UKBB	EAS	20	72	318	39.1577875614166	0	0	0	0
HDL	UKBB	EAS	20	73	1278	234.144124269485	0	0	0	0
HDL	UKBB	EAS	20	74	620	77.2137625217438	0	0	0	0
HDL	UKBB	EAS	20	75	1038	216.101198673248	0	0	0	0
HDL	UKBB	EAS	20	84	1560	284.038593530655	0	0	0	0
HDL	UKBB	EAS	20	86	881	148.853849172592	0	0	0	0
HDL	UKBB	EAS	20	93	1878	469.518157720566	0	0	0	0
HDL	UKBB	EAS	20	99	836	145.101398229599	0	0	0	0
HDL	UKBB	EAS	21	2	306	26.3754298686981	0	0	0	0
HDL	UKBB	EAS	21	3	509	74.8891222476959	0	0	0	0
HDL	UKBB	EAS	21	4	244	23.9846134185791	0	0	0	0
HDL	UKBB	EAS	21	30	2616	581.498210906982	0	0	0	0
HDL	UKBB	EAS	21	37	1337	263.941138505936	0	0	0	0
HDL	UKBB	EAS	21	41	2097	486.105721712112	0	0	0	0
HDL	UKBB	EAS	21	45	1883	496.29199051857	0	0	0	0
HDL	UKBB	EAS	21	53	819	130.621711015701	0	0	0	0
HDL	UKBB	EAS	21	57	533	73.2932708263397	0	0	0	0
HDL	UKBB	EAS	22	13	565	87.2553865909576	0	0	0	0
HDL	UKBB	EAS	22	14	594	100.540359735489	0	0	0	0
HDL	UKBB	EAS	22	24	1650	367.569200277328	0	0	0	0
HDL	UKBB	EAS	22	26	581	87.2891089916229	0	0	0	0
HDL	UKBB	EAS	22	29	1604	346.128995656967	0	0	0	0
HDL	UKBB	EAS	22	30	4977	1723.20072627068	0	0	0	0
HDL	UKBB	EAS	22	33	806	117.318021297455	0	0	0	0
HDL	UKBB	EAS	22	37	1024	196.61879992485	0	0	0	0
HDL	UKBB	EAS	22	43	908	169.855198383331	0	0	0	0
HDL	UKBB	EAS	22	44	618	85.1897983551025	0	0	0	0
HDL	UKBB	EAS	22	45	850	132.039039134979	0	0	0	0
HDL	UKBB	EAS	22	46	2540	702.399315357208	0	0	0	0
HDL	UKBB	EAS	22	47	1113	228.235485076904	0	0	0	0
HDL	UKBB	EAS	22	49	215	23.7241685390472	0	0	0	0
HDL	UKBB	EAS	22	50	465	66.2395026683807	0	0	0	0
