pheno	db	chromosome	block	num_variants	L	time	num_variants_0.95	num_variants_0.5	num_CS95	num_variants_CS95	num_variants_0.95.EUR	num_variants_0.5.EUR	num_CS95.EUR	num_variants_CS95.EUR	num_variants_0.95.AFR	num_variants_0.5.AFR	num_CS95.AFR	num_variants_CS95.AFR	num_variants_0.95.EAS	num_variants_0.5.EAS	num_CS95.EAS	num_variants_CS95.EAS
HDL	UKBB	1	1	45	5	0.253537654876709	0	0	0	0	0	0	0	0	0	0	0	0	0	0	0	0
HDL	UKBB	1	2	82	5	0.315086603164673	0	0	0	0	0	0	0	0	0	0	0	0	0	0	0	0
HDL	UKBB	1	3	85	5	0.560759305953979	0	1	1	22	0	1	1	22	0	0	0	0	0	0	0	0
HDL	UKBB	1	5	494	5	2.48067450523376	0	0	0	0	0	0	0	0	0	0	0	0	0	0	0	0
HDL	UKBB	1	15	1057	5	9.13369035720825	0	0	1	15	0	0	1	15	0	0	0	0	0	0	1	15
HDL	UKBB	1	17	1322	5	18.0788753032684	0	0	0	0	0	0	0	0	0	0	0	0	0	0	0	0
HDL	UKBB	1	18	566	5	2.56913614273071	0	0	0	0	0	0	0	0	0	0	0	0	0	0	0	0
HDL	UKBB	1	19	896	5	8.10316681861877	0	0	0	0	0	0	0	0	0	0	0	0	0	0	0	0
HDL	UKBB	1	21	722	5	3.8943088054657	0	0	0	0	0	0	0	0	0	0	0	0	0	0	0	0
HDL	UKBB	1	23	455	5	3.44833874702454	0	0	0	0	0	0	0	0	0	0	0	0	0	0	0	0
HDL	UKBB	1	24	303	5	1.77538323402405	0	0	0	0	0	0	0	0	0	0	0	0	0	0	0	0
HDL	UKBB	1	35	959	5	8.7456636428833	0	0	1	6	0	0	1	6	0	0	0	0	0	0	0	0
HDL	UKBB	1	40	563	5	3.79807066917419	0	0	0	0	0	0	0	0	0	0	0	0	0	0	0	0
HDL	UKBB	1	43	352	5	1.70383214950562	0	0	0	0	0	0	0	0	0	0	0	0	0	0	0	0
HDL	UKBB	1	44	307	5	1.95773482322693	0	0	1	7	0	0	1	7	0	0	0	0	0	0	0	0
HDL	UKBB	1	46	873	5	6.75676083564758	0	1	0	0	0	1	0	0	0	0	0	0	0	0	0	0
HDL	UKBB	1	48	465	5	1.84003186225891	0	2	1	6	0	2	1	6	0	0	0	0	0	0	0	0
HDL	UKBB	1	49	327	5	1.66042256355286	0	0	1	6	0	0	1	6	0	0	0	0	0	0	0	0
HDL	UKBB	1	50	672	5	3.13230752944946	0	0	1	18	0	0	1	18	0	0	0	0	0	0	0	0
HDL	UKBB	1	51	434	5	2.49583745002747	0	0	1	47	0	0	1	47	0	0	0	0	0	0	0	0
HDL	UKBB	1	52	996	5	10.3679740428925	0	0	1	17	0	0	1	17	0	0	0	0	0	0	1	17
HDL	UKBB	1	53	780	5	5.76437616348267	0	2	3	26	0	2	3	26	0	0	1	6	0	0	0	0
HDL	UKBB	1	57	906	5	6.48259925842285	0	0	0	0	0	0	0	0	0	0	0	0	0	0	0	0
HDL	UKBB	1	63	818	5	4.30420613288879	0	0	1	12	0	0	1	12	0	0	0	0	0	0	0	0
HDL	UKBB	1	70	984	5	6.03680181503296	0	0	1	3	0	0	1	3	0	0	0	0	0	0	0	0
HDL	UKBB	1	71	964	5	7.6130199432373	0	1	2	24	0	1	2	24	0	0	0	0	0	0	1	2
HDL	UKBB	1	73	1211	5	14.4638161659241	0	0	0	0	0	0	0	0	0	0	0	0	0	0	0	0
HDL	UKBB	1	74	1039	5	10.8201117515564	0	0	0	0	0	0	0	0	0	0	0	0	0	0	0	0
HDL	UKBB	1	75	1393	5	22.5401103496552	0	0	1	47	0	0	1	47	0	0	0	0	0	0	0	0
HDL	UKBB	1	76	837	5	6.32422924041748	0	0	0	0	0	0	0	0	0	0	0	0	0	0	0	0
HDL	UKBB	1	80	589	5	3.41910457611084	0	0	0	0	0	0	0	0	0	0	0	0	0	0	0	0
HDL	UKBB	1	85	604	5	3.66771960258484	0	0	0	0	0	0	0	0	0	0	0	0	0	0	0	0
HDL	UKBB	1	87	563	5	2.68650221824646	0	0	0	0	0	0	0	0	0	0	0	0	0	0	0	0
HDL	UKBB	1	90	130	5	0.884152412414551	0	0	0	0	0	0	0	0	0	0	0	0	0	0	0	0
HDL	UKBB	1	92	1014	5	8.68738031387329	0	0	0	0	0	0	0	0	0	0	0	0	0	0	0	0
HDL	UKBB	1	94	221	5	0.881876468658447	1	1	1	1	1	1	1	1	0	0	0	0	0	0	0	0
HDL	UKBB	1	96	916	5	7.34494018554688	0	0	1	6	0	0	1	6	0	0	0	0	0	0	0	0
HDL	UKBB	1	97	1084	5	10.7963762283325	0	0	1	31	0	0	1	31	0	0	0	0	0	0	0	0
HDL	UKBB	1	98	970	5	6.4023973941803	0	0	0	0	0	0	0	0	0	0	0	0	0	0	0	0
HDL	UKBB	1	100	1099	5	8.74419450759888	0	1	2	21	0	0	2	21	0	1	0	0	0	0	1	11
HDL	UKBB	1	102	778	5	6.55644917488098	0	0	0	0	0	0	0	0	0	0	0	0	0	0	0	0
HDL	UKBB	1	105	2097	5	58.6880514621735	0	0	1	11	0	0	1	11	0	0	0	0	0	0	1	11
HDL	UKBB	1	110	428	5	2.28285217285156	0	0	1	6	0	0	1	6	0	0	0	0	0	0	0	0
HDL	UKBB	1	113	772	5	3.98981785774231	0	0	1	21	0	0	1	21	0	0	0	0	0	0	0	0
HDL	UKBB	1	117	673	5	3.7437686920166	0	0	0	0	0	0	0	0	0	0	0	0	0	0	0	0
HDL	UKBB	1	122	1583	5	34.8220491409302	0	0	0	0	0	0	0	0	0	0	0	0	0	0	0	0
HDL	UKBB	1	124	1506	5	26.6088054180145	0	1	0	0	0	1	0	0	0	0	0	0	0	0	0	0
HDL	UKBB	1	125	1440	5	22.6863000392914	1	1	3	16	1	1	3	16	0	0	0	0	0	1	2	4
HDL	UKBB	1	128	1368	5	16.4500668048859	0	0	0	0	0	0	0	0	0	0	0	0	0	0	0	0
HDL	UKBB	1	129	386	5	1.49129748344421	0	0	1	52	0	0	1	52	0	0	0	0	0	0	1	52
HDL	UKBB	1	132	1088	5	11.2411642074585	0	0	0	0	0	0	0	0	0	0	0	0	0	0	0	0
HDL	UKBB	1	136	914	5	7.36844301223755	0	0	2	8	0	0	2	5	0	0	2	5	0	0	2	5
HDL	UKBB	1	138	1017	5	8.73290014266968	3	4	4	5	3	4	4	5	0	0	0	0	0	1	1	2
HDL	UKBB	1	139	302	5	2.61237764358521	0	2	4	18	0	2	4	18	0	0	0	0	0	0	1	2
HDL	UKBB	1	143	792	5	4.78461527824402	0	0	0	0	0	0	0	0	0	0	0	0	0	0	0	0
HDL	UKBB	1	153	1000	5	7.95874905586243	0	0	1	4	0	0	1	4	0	0	0	0	0	0	0	0
HDL	UKBB	1	154	1284	5	15.7497470378876	0	0	1	6	0	0	1	6	0	0	0	0	0	0	0	0
HDL	UKBB	1	156	822	5	4.88732814788818	0	1	1	6	0	1	1	6	0	0	0	0	0	1	1	6
HDL	UKBB	1	158	628	5	4.81731510162354	0	2	3	15	0	2	3	15	0	0	1	5	0	0	0	0
HDL	UKBB	1	159	172	5	1.26376175880432	0	1	2	10	0	1	2	10	0	0	0	0	0	0	1	5
HDL	UKBB	1	160	868	5	5.37770175933838	0	0	0	0	0	0	0	0	0	0	0	0	0	0	0	0
HDL	UKBB	1	168	1051	5	10.4576091766357	1	3	2	6	1	3	2	6	0	0	0	0	0	0	0	0
HDL	UKBB	1	173	974	5	6.79090547561646	0	1	0	0	0	1	0	0	0	0	0	0	0	0	0	0
HDL	UKBB	1	181	1442	5	16.5367987155914	0	0	0	0	0	0	0	0	0	0	0	0	0	0	0	0
HDL	UKBB	1	182	1442	5	22.0856401920319	0	0	2	14	0	0	2	14	0	0	1	9	0	0	0	0
HDL	UKBB	1	183	1371	5	22.5866129398346	0	0	1	80	0	0	1	80	0	0	0	0	0	0	0	0
HDL	UKBB	1	187	1053	5	8.63936448097229	0	0	2	28	0	0	2	28	0	0	0	0	0	0	0	0
HDL	UKBB	1	189	716	5	4.63397145271301	0	1	2	24	0	1	2	24	0	0	0	0	0	0	1	7
HDL	UKBB	1	191	1108	5	8.71645975112915	1	1	2	9	1	1	2	9	0	0	0	0	0	0	1	8
HDL	UKBB	1	192	1109	5	12.2337079048157	0	1	2	32	0	1	2	32	0	0	0	0	0	0	1	20
HDL	UKBB	1	193	1248	5	12.1098053455353	0	0	0	0	0	0	0	0	0	0	0	0	0	0	0	0
HDL	UKBB	1	201	870	5	6.3552405834198	0	0	1	22	0	0	1	22	0	0	0	0	0	0	0	0
HDL	UKBB	1	202	1110	5	12.2713963985443	0	0	0	0	0	0	0	0	0	0	0	0	0	0	0	0
HDL	UKBB	1	203	1006	5	7.84464478492737	0	0	0	0	0	0	0	0	0	0	0	0	0	0	0	0
HDL	UKBB	1	204	918	5	5.52381420135498	0	0	1	4	0	0	1	4	0	0	1	4	0	0	0	0
HDL	UKBB	1	207	663	5	2.50606560707092	0	0	2	24	0	0	1	12	0	0	0	0	0	0	1	12
HDL	UKBB	1	208	809	5	3.46084523200989	1	1	2	48	1	1	1	1	0	1	1	1	0	0	1	47
HDL	UKBB	1	209	359	5	1.41677117347717	0	0	1	23	0	0	1	23	0	0	0	0	0	0	0	0
HDL	UKBB	1	211	486	5	2.41737723350525	0	0	0	0	0	0	0	0	0	0	0	0	0	0	0	0
HDL	UKBB	1	213	580	5	1.99011564254761	0	0	1	16	0	0	1	16	0	0	0	0	0	0	0	0
HDL	UKBB	1	214	505	5	1.75994515419006	0	1	1	3	0	1	1	3	0	0	0	0	0	0	0	0
HDL	UKBB	1	215	213	5	2.62166261672974	0	1	0	0	0	1	0	0	0	0	0	0	0	0	0	0
HDL	UKBB	1	216	1051	5	6.88051724433899	0	0	0	0	0	0	0	0	0	0	0	0	0	0	0	0
HDL	UKBB	1	218	204	5	1.03334426879883	0	1	0	0	0	1	0	0	0	0	0	0	0	0	0	0
HDL	UKBB	1	221	1148	5	10.7280991077423	0	0	1	10	0	0	1	10	0	0	0	0	0	0	0	0
HDL	UKBB	1	224	705	5	4.98940443992615	0	0	1	17	0	0	1	17	0	0	0	0	0	0	0	0
HDL	UKBB	1	228	619	5	3.26782917976379	0	0	0	0	0	0	0	0	0	0	0	0	0	0	0	0
HDL	UKBB	1	233	1490	5	24.6685421466827	0	1	1	10	0	1	1	10	0	0	0	0	0	0	0	0
HDL	UKBB	1	234	1690	5	38.8682165145874	1	1	2	8	1	1	2	8	0	0	0	0	0	0	0	0
HDL	UKBB	1	235	914	5	6.02265238761902	0	0	0	0	0	0	0	0	0	0	0	0	0	0	0	0
HDL	UKBB	1	238	2169	5	70.4409930706024	0	0	1	13	0	0	1	13	0	0	0	0	0	0	0	0
HDL	UKBB	1	239	614	5	3.08698987960815	0	0	0	0	0	0	0	0	0	0	0	0	0	0	0	0
HDL	UKBB	1	240	2244	5	80.9941985607147	0	2	1	3	0	2	1	3	0	1	0	0	0	1	1	3
HDL	UKBB	1	242	396	5	1.78494811058044	0	1	1	11	0	1	1	11	0	0	0	0	0	0	0	0
HDL	UKBB	1	243	680	5	8.10036683082581	1	3	3	7	1	3	3	7	0	2	2	3	0	0	0	0
HDL	UKBB	1	244	1445	5	29.3853261470795	0	0	1	34	0	0	1	34	0	0	0	0	0	0	0	0
HDL	UKBB	1	252	513	5	3.46864533424377	0	0	2	10	0	0	2	10	0	0	0	0	0	0	0	0
HDL	UKBB	1	253	156	5	0.637414216995239	0	0	1	19	0	0	0	0	0	0	0	0	0	0	0	0
HDL	UKBB	1	254	755	5	4.02304148674011	0	0	0	0	0	0	0	0	0	0	0	0	0	0	0	0
HDL	UKBB	1	255	593	5	2.37494897842407	0	0	1	22	0	0	1	22	0	0	0	0	0	0	0	0
HDL	UKBB	1	257	738	5	7.51966381072998	0	0	0	0	0	0	0	0	0	0	0	0	0	0	0	0
HDL	UKBB	1	264	581	5	4.02572464942932	0	0	0	0	0	0	0	0	0	0	0	0	0	0	0	0
HDL	UKBB	1	275	331	5	1.93922877311707	0	0	0	0	0	0	0	0	0	0	0	0	0	0	0	0
HDL	UKBB	2	1	320	5	0.848795652389526	0	0	1	13	0	0	1	13	0	0	1	13	0	0	0	0
HDL	UKBB	2	2	2003	5	70.6165947914124	0	0	0	0	0	0	0	0	0	0	0	0	0	0	0	0
HDL	UKBB	2	3	681	5	3.47016215324402	0	0	0	0	0	0	0	0	0	0	0	0	0	0	0	0
HDL	UKBB	2	4	564	5	3.47461891174316	0	0	0	0	0	0	0	0	0	0	0	0	0	0	0	0
HDL	UKBB	2	6	635	5	2.96499228477478	1	1	1	1	1	1	1	1	0	1	1	1	0	0	0	0
HDL	UKBB	2	13	1528	5	24.8565239906311	0	0	0	0	0	0	0	0	0	0	0	0	0	0	0	0
HDL	UKBB	2	28	221	5	0.769331693649292	0	0	0	0	0	0	0	0	0	0	0	0	0	0	0	0
HDL	UKBB	2	40	1701	5	37.6791160106659	0	1	0	0	0	1	0	0	0	0	0	0	0	0	0	0
HDL	UKBB	2	41	756	5	4.97773265838623	0	0	1	4	0	0	1	4	0	0	1	4	0	0	0	0
HDL	UKBB	2	44	524	5	2.7940194606781	1	1	2	9	1	1	2	9	0	0	1	1	0	1	1	1
HDL	UKBB	2	45	1205	5	12.9192800521851	0	0	0	0	0	0	0	0	0	0	0	0	0	0	0	0
HDL	UKBB	2	46	661	5	5.08460116386414	0	0	0	0	0	0	0	0	0	0	0	0	0	0	0	0
HDL	UKBB	2	47	1550	5	28.4985256195068	0	0	1	13	0	0	1	13	0	0	0	0	0	0	1	13
HDL	UKBB	2	48	771	5	7.989670753479	0	1	0	0	0	1	0	0	0	1	0	0	0	1	0	0
HDL	UKBB	2	49	953	5	8.1529552936554	0	0	0	0	0	0	0	0	0	0	0	0	0	0	0	0
HDL	UKBB	2	50	918	5	7.04624605178833	0	0	0	0	0	0	0	0	0	0	0	0	0	0	0	0
HDL	UKBB	2	51	1128	5	11.4162795543671	0	0	0	0	0	0	0	0	0	0	0	0	0	0	0	0
HDL	UKBB	2	53	809	5	4.52685904502869	0	1	1	5	0	1	1	5	0	0	1	5	0	0	0	0
HDL	UKBB	2	55	2035	5	71.5759868621826	0	0	0	0	0	0	0	0	0	0	0	0	0	0	0	0
HDL	UKBB	2	60	1200	5	13.6913709640503	0	0	0	0	0	0	0	0	0	0	0	0	0	0	0	0
HDL	UKBB	2	62	636	5	3.04123544692993	0	1	0	0	0	1	0	0	0	0	0	0	0	0	0	0
HDL	UKBB	2	63	895	5	8.24157404899597	0	0	0	0	0	0	0	0	0	0	0	0	0	0	0	0
HDL	UKBB	2	66	2406	5	118.809815168381	0	0	0	0	0	0	0	0	0	0	0	0	0	0	0	0
HDL	UKBB	2	67	2916	5	192.397515058517	0	0	0	0	0	0	0	0	0	0	0	0	0	0	0	0
HDL	UKBB	2	68	478	5	1.40413880348206	0	0	1	6	0	0	1	6	0	0	0	0	0	0	0	0
HDL	UKBB	2	69	1485	5	24.017694234848	0	0	0	0	0	0	0	0	0	0	0	0	0	0	0	0
HDL	UKBB	2	79	1052	5	14.9547762870789	0	2	2	11	0	2	2	11	0	0	0	0	0	0	0	0
HDL	UKBB	2	80	2903	5	194.807011604309	0	0	0	0	0	0	0	0	0	0	0	0	0	0	0	0
HDL	UKBB	2	84	3888	5	491.421723604202	0	0	0	0	0	0	0	0	0	0	0	0	0	0	0	0
HDL	UKBB	2	85	3630	5	344.805327177048	0	0	0	0	0	0	0	0	0	0	0	0	0	0	0	0
HDL	UKBB	2	86	1377	5	17.4914965629578	0	0	1	10	0	0	1	10	0	0	0	0	0	0	0	0
HDL	UKBB	2	87	474	5	2.48708963394165	0	1	0	0	0	1	0	0	0	0	0	0	0	0	0	0
HDL	UKBB	2	88	3706	5	410.200146436691	0	0	0	0	0	0	0	0	0	0	0	0	0	0	0	0
HDL	UKBB	2	89	753	5	4.64222121238708	0	1	1	3	0	1	1	3	0	0	0	0	0	0	1	3
HDL	UKBB	2	90	828	5	5.6046199798584	0	0	1	10	0	0	1	10	0	0	0	0	0	0	0	0
HDL	UKBB	2	97	1323	5	20.622227191925	0	0	0	0	0	0	0	0	0	0	0	0	0	0	0	0
HDL	UKBB	2	99	674	5	5.64932918548584	0	0	1	7	0	0	0	0	0	0	0	0	0	0	0	0
HDL	UKBB	2	100	703	5	4.33454918861389	0	0	0	0	0	0	0	0	0	0	0	0	0	0	0	0
HDL	UKBB	2	115	1653	5	37.1819472312927	0	0	2	29	0	0	2	29	0	0	1	7	0	0	1	7
HDL	UKBB	2	117	847	5	5.84204959869385	0	0	0	0	0	0	0	0	0	0	0	0	0	0	0	0
HDL	UKBB	2	122	641	5	4.74355888366699	0	0	2	34	0	0	2	34	0	0	0	0	0	0	0	0
HDL	UKBB	2	124	1049	5	6.50076365470886	0	0	1	7	0	0	1	7	0	0	1	7	0	0	0	0
HDL	UKBB	2	125	1040	5	11.0874352455139	0	0	0	0	0	0	0	0	0	0	0	0	0	0	0	0
HDL	UKBB	2	128	1591	5	26.4333317279816	0	0	0	0	0	0	0	0	0	0	0	0	0	0	0	0
HDL	UKBB	2	130	269	5	1.76194334030151	0	0	2	14	0	0	2	14	0	0	0	0	0	0	0	0
HDL	UKBB	2	131	61	5	0.37553071975708	0	1	1	2	0	1	1	2	0	1	1	2	0	0	0	0
HDL	UKBB	2	132	193	5	0.687357425689697	0	0	0	0	0	0	0	0	0	0	0	0	0	0	0	0
HDL	UKBB	2	138	1555	5	31.7906813621521	0	0	2	38	0	0	1	11	0	0	0	0	0	0	1	27
HDL	UKBB	2	146	1437	5	18.0276310443878	0	1	2	17	0	1	2	17	0	0	0	0	0	0	0	0
HDL	UKBB	2	147	2754	5	165.324211597443	0	0	0	0	0	0	0	0	0	0	0	0	0	0	0	0
HDL	UKBB	2	151	970	5	5.59954571723938	0	0	0	0	0	0	0	0	0	0	0	0	0	0	0	0
HDL	UKBB	2	153	1244	5	14.5376513004303	0	0	0	0	0	0	0	0	0	0	0	0	0	0	0	0
HDL	UKBB	2	154	773	5	4.97753691673279	0	0	1	21	0	0	1	21	0	0	0	0	0	0	0	0
HDL	UKBB	2	159	2475	5	125.766600608826	0	0	0	0	0	0	0	0	0	0	0	0	0	0	0	0
HDL	UKBB	2	163	44	5	0.27066707611084	0	0	0	0	0	0	0	0	0	0	0	0	0	0	0	0
HDL	UKBB	2	164	314	5	1.02358460426331	0	0	0	0	0	0	0	0	0	0	0	0	0	0	0	0
HDL	UKBB	2	166	2306	5	108.466839075089	0	2	3	19	0	2	3	19	0	0	0	0	0	0	0	0
HDL	UKBB	2	168	1027	5	18.6106784343719	1	3	4	21	1	3	4	21	0	0	0	0	0	0	1	15
HDL	UKBB	2	171	1767	5	41.5356397628784	0	1	1	7	0	1	1	7	0	0	0	0	0	0	0	0
HDL	UKBB	2	175	73	5	0.398334264755249	0	0	0	0	0	0	0	0	0	0	0	0	0	0	0	0
HDL	UKBB	2	176	1641	5	31.0824413299561	0	0	0	0	0	0	0	0	0	0	0	0	0	0	0	0
HDL	UKBB	2	177	1561	5	27.6678466796875	0	0	1	13	0	0	1	13	0	0	0	0	0	0	0	0
HDL	UKBB	2	180	1004	5	13.7478151321411	0	0	0	0	0	0	0	0	0	0	0	0	0	0	0	0
HDL	UKBB	2	181	1356	5	21.380598783493	0	0	0	0	0	0	0	0	0	0	0	0	0	0	0	0
HDL	UKBB	2	183	541	5	4.12758946418762	0	0	0	0	0	0	0	0	0	0	0	0	0	0	0	0
HDL	UKBB	2	184	2078	5	79.1096727848053	0	0	0	0	0	0	0	0	0	0	0	0	0	0	0	0
HDL	UKBB	2	185	637	5	3.47517728805542	0	0	0	0	0	0	0	0	0	0	0	0	0	0	0	0
HDL	UKBB	2	186	1690	5	41.0515148639679	0	0	0	0	0	0	0	0	0	0	0	0	0	0	0	0
HDL	UKBB	2	191	369	5	3.95247149467468	0	0	0	0	0	0	0	0	0	0	0	0	0	0	0	0
HDL	UKBB	2	195	2301	5	105.770304918289	0	0	0	0	0	0	0	0	0	0	0	0	0	0	0	0
HDL	UKBB	2	197	1264	5	13.9460914134979	0	0	0	0	0	0	0	0	0	0	0	0	0	0	0	0
HDL	UKBB	2	199	1433	5	17.4979512691498	0	1	3	27	1	1	3	26	0	1	2	14	0	1	1	11
HDL	UKBB	2	202	182	5	1.53128743171692	0	0	0	0	0	0	0	0	0	0	0	0	0	0	0	0
HDL	UKBB	2	205	668	5	3.04670238494873	0	1	0	0	0	1	0	0	0	1	0	0	0	0	0	0
HDL	UKBB	2	208	1649	5	30.7424640655518	0	0	0	0	0	0	0	0	0	0	0	0	0	0	0	0
HDL	UKBB	2	209	423	5	1.72401332855225	0	1	1	15	0	1	1	15	0	0	0	0	0	0	0	0
HDL	UKBB	2	210	905	5	5.38959813117981	0	0	0	0	0	0	0	0	0	0	0	0	0	0	0	0
HDL	UKBB	2	213	2496	5	101.64883351326	0	0	2	40	0	0	2	40	0	0	0	0	0	0	0	0
HDL	UKBB	2	215	992	5	6.44402718544006	0	0	0	0	0	0	0	0	0	0	0	0	0	0	0	0
HDL	UKBB	2	217	563	5	2.18546009063721	0	1	1	7	0	1	1	7	0	0	0	0	0	0	0	0
HDL	UKBB	2	218	507	5	2.74127721786499	0	1	2	20	0	1	2	20	0	0	0	0	0	0	0	0
HDL	UKBB	2	221	1068	5	9.23771619796753	0	0	0	0	0	0	0	0	0	0	0	0	0	0	0	0
HDL	UKBB	2	227	657	5	2.62988877296448	0	0	0	0	0	0	0	0	0	0	0	0	0	0	0	0
HDL	UKBB	2	228	773	5	4.40799951553345	0	0	0	0	0	0	0	0	0	0	0	0	0	0	0	0
HDL	UKBB	2	230	739	5	5.99957227706909	0	0	2	16	0	0	2	16	0	0	1	6	0	0	1	6
HDL	UKBB	2	232	677	5	4.9563992023468	0	0	0	0	0	0	0	0	0	0	0	0	0	0	0	0
HDL	UKBB	2	233	310	5	0.939745903015137	0	0	0	0	0	0	0	0	0	0	0	0	0	0	0	0
HDL	UKBB	2	234	927	5	6.51804971694946	0	0	0	0	0	0	0	0	0	0	0	0	0	0	0	0
HDL	UKBB	2	235	588	5	3.22459077835083	0	0	1	4	0	0	1	4	0	0	1	4	0	0	0	0
HDL	UKBB	2	237	1035	5	8.95713210105896	0	0	0	0	0	0	0	0	0	0	0	0	0	0	0	0
HDL	UKBB	2	240	992	5	7.13081192970276	0	0	1	12	0	0	1	12	0	0	0	0	0	0	0	0
HDL	UKBB	2	247	344	5	1.56931161880493	0	0	0	0	0	0	0	0	0	0	0	0	0	0	0	0
HDL	UKBB	2	250	2474	5	127.30414390564	0	0	0	0	0	0	0	0	0	0	0	0	0	0	0	0
HDL	UKBB	2	251	756	5	5.25324249267578	0	0	1	10	0	0	1	10	0	0	0	0	0	0	1	10
HDL	UKBB	2	256	776	5	4.30950403213501	0	1	1	4	0	1	1	4	0	0	0	0	0	0	0	0
HDL	UKBB	3	8	353	5	1.7417688369751	0	0	0	0	0	0	0	0	0	0	0	0	0	0	0	0
HDL	UKBB	3	9	389	5	1.84364485740662	1	1	1	1	1	1	1	1	0	0	0	0	0	1	1	1
HDL	UKBB	3	20	1175	5	9.79123783111572	0	1	1	24	0	1	0	0	0	0	0	0	0	0	0	0
HDL	UKBB	3	23	803	5	5.45738577842712	0	0	0	0	0	0	0	0	0	0	0	0	0	0	0	0
HDL	UKBB	3	24	1321	10	46.0238151550293	2	4	5	16	2	4	5	16	0	0	0	0	0	0	1	5
HDL	UKBB	3	25	210	5	0.517657279968262	0	0	0	0	0	0	0	0	0	0	0	0	0	0	0	0
HDL	UKBB	3	28	81	5	0.19831395149231	0	1	0	0	0	1	0	0	0	0	0	0	0	0	0	0
HDL	UKBB	3	30	1275	5	11.2400557994843	0	0	1	23	0	0	1	23	0	0	0	0	0	0	0	0
HDL	UKBB	3	32	1744	5	52.9252443313599	0	0	0	0	0	0	0	0	0	0	0	0	0	0	0	0
HDL	UKBB	3	34	452	5	2.63330578804016	0	0	0	0	0	0	0	0	0	0	0	0	0	0	0	0
HDL	UKBB	3	35	1665	5	35.2966492176056	0	0	0	0	0	0	0	0	0	0	0	0	0	0	0	0
HDL	UKBB	3	39	2256	5	76.6797349452972	0	0	0	0	0	0	0	0	0	0	0	0	0	0	0	0
HDL	UKBB	3	40	939	5	5.74385666847229	0	0	0	0	0	0	0	0	0	0	0	0	0	0	0	0
HDL	UKBB	3	41	1817	5	51.9619388580322	0	0	0	0	0	0	0	0	0	0	0	0	0	0	0	0
HDL	UKBB	3	42	1178	5	10.4471523761749	0	0	1	19	0	0	1	19	0	0	0	0	0	0	0	0
HDL	UKBB	3	55	560	5	3.00841927528381	0	1	1	5	0	1	1	5	0	0	0	0	0	0	0	0
HDL	UKBB	3	59	1338	5	16.2100546360016	0	0	0	0	0	0	0	0	0	0	0	0	0	0	0	0
HDL	UKBB	3	60	1707	5	38.9611473083496	0	0	0	0	0	0	0	0	0	0	0	0	0	0	0	0
HDL	UKBB	3	64	80	5	0.41862940788269	0	0	0	0	0	0	0	0	0	0	0	0	0	0	0	0
HDL	UKBB	3	65	557	5	1.62988924980164	0	1	0	0	0	1	0	0	0	0	0	0	0	0	0	0
HDL	UKBB	3	71	1230	5	10.7753343582153	0	1	1	7	0	1	1	7	0	0	0	0	0	0	0	0
HDL	UKBB	3	77	2568	5	140.927127122879	0	0	1	3	0	0	1	3	0	0	0	0	0	0	0	0
HDL	UKBB	3	81	918	5	5.45831179618835	0	0	0	0	0	0	0	0	0	0	0	0	0	0	0	0
HDL	UKBB	3	83	2265	5	93.7044861316681	0	0	0	0	0	0	0	0	0	0	0	0	0	0	0	0
HDL	UKBB	3	84	854	5	6.49568748474121	0	0	1	32	0	0	1	32	0	0	0	0	0	0	0	0
HDL	UKBB	3	85	1060	5	10.5292818546295	0	1	0	0	0	1	0	0	0	1	0	0	0	1	0	0
HDL	UKBB	3	88	1438	5	21.3508808612823	0	0	1	26	0	0	1	26	0	0	0	0	0	0	0	0
HDL	UKBB	3	89	1175	5	9.00491905212402	0	0	3	75	0	0	3	75	0	0	0	0	0	0	0	0
HDL	UKBB	3	90	876	5	6.7821204662323	0	0	1	7	0	0	1	7	0	0	0	0	0	0	0	0
HDL	UKBB	3	105	898	5	8.01155114173889	0	1	0	0	0	0	0	0	0	0	0	0	0	1	0	0
HDL	UKBB	3	106	3316	5	310.182626962662	0	0	0	0	0	0	0	0	0	0	0	0	0	0	0	0
HDL	UKBB	3	108	969	5	5.58197355270386	0	0	0	0	0	0	0	0	0	0	0	0	0	0	0	0
HDL	UKBB	3	109	2150	5	70.4835669994354	0	1	1	2	0	1	1	2	0	0	0	0	0	0	0	0
HDL	UKBB	3	112	1302	5	15.1136972904205	0	0	0	0	0	0	0	0	0	0	0	0	0	0	0	0
HDL	UKBB	3	114	810	5	5.03486919403076	0	0	1	8	0	0	1	8	0	0	0	0	0	0	0	0
HDL	UKBB	3	119	2376	5	93.1009249687195	0	1	0	0	0	1	0	0	0	0	0	0	0	0	0	0
HDL	UKBB	3	120	1039	5	7.34429550170898	1	1	1	1	1	1	1	1	0	1	1	1	0	0	0	0
HDL	UKBB	3	121	1159	5	16.1229596138	0	0	0	0	0	0	0	0	0	0	0	0	0	0	0	0
HDL	UKBB	3	123	518	5	2.35968375205994	0	0	1	13	0	0	1	13	0	0	0	0	0	0	0	0
HDL	UKBB	3	124	207	5	0.832276582717896	0	0	2	27	0	0	2	27	0	0	1	4	0	0	0	0
HDL	UKBB	3	125	1394	5	15.1480782032013	0	0	0	0	0	0	0	0	0	0	0	0	0	0	0	0
HDL	UKBB	3	127	1516	5	30.5994431972504	0	0	0	0	0	0	0	0	0	0	0	0	0	0	0	0
HDL	UKBB	3	128	533	5	2.56525683403015	0	0	1	4	0	0	1	4	0	0	0	0	0	0	0	0
HDL	UKBB	3	129	825	5	3.78562188148499	0	0	1	8	0	0	1	8	0	0	0	0	0	0	0	0
HDL	UKBB	3	132	1601	5	25.6553151607513	0	0	0	0	0	0	0	0	0	0	0	0	0	0	0	0
HDL	UKBB	3	134	775	5	5.58106637001038	0	0	1	29	0	0	1	29	0	0	0	0	0	0	0	0
HDL	UKBB	3	135	1198	5	16.7178130149841	1	1	1	1	1	1	1	1	0	0	0	0	0	1	1	1
HDL	UKBB	3	136	662	5	4.07319188117981	1	1	1	1	1	1	1	1	0	0	0	0	0	1	1	1
HDL	UKBB	3	140	1166	5	9.70166182518005	1	1	1	1	1	1	1	1	0	0	1	1	0	0	0	0
HDL	UKBB	3	144	335	5	2.22272396087646	0	0	1	15	0	0	1	15	0	0	0	0	0	0	0	0
HDL	UKBB	3	145	1410	5	21.9402198791504	0	0	0	0	0	0	0	0	0	0	0	0	0	0	0	0
HDL	UKBB	3	146	543	5	2.9456512928009	0	0	0	0	0	0	0	0	0	0	0	0	0	0	0	0
HDL	UKBB	3	155	1230	5	14.5077245235443	0	1	1	3	0	1	1	3	0	0	0	0	0	0	0	0
HDL	UKBB	3	158	1555	5	26.7039096355438	1	1	2	10	1	1	2	10	0	0	0	0	0	0	0	0
HDL	UKBB	3	159	1017	5	7.78741908073425	0	0	0	0	0	0	0	0	0	0	0	0	0	0	0	0
HDL	UKBB	3	161	1631	5	32.3518829345703	0	1	1	3	0	1	1	3	0	0	0	0	0	0	0	0
HDL	UKBB	3	162	1937	5	57.7785296440125	0	1	1	2	0	1	1	2	0	1	1	2	0	0	0	0
HDL	UKBB	3	165	1314	5	16.4312558174133	0	1	3	29	0	1	3	26	0	1	2	5	0	1	2	5
HDL	UKBB	3	170	982	5	7.19580364227295	0	0	0	0	0	0	0	0	0	0	0	0	0	0	0	0
HDL	UKBB	3	171	898	5	7.69848155975342	0	0	0	0	0	0	0	0	0	0	0	0	0	0	0	0
HDL	UKBB	3	174	287	5	0.888463973999023	0	1	1	4	0	1	1	4	0	0	0	0	0	0	0	0
HDL	UKBB	3	175	451	5	2.27880859375	0	0	0	0	0	0	0	0	0	0	0	0	0	0	0	0
HDL	UKBB	3	179	851	5	5.6570303440094	0	0	0	0	0	0	0	0	0	0	0	0	0	0	0	0
HDL	UKBB	3	183	617	5	3.56889128684998	0	0	0	0	0	0	0	0	0	0	0	0	0	0	0	0
HDL	UKBB	3	184	809	5	8.49044466018677	0	0	0	0	0	0	0	0	0	0	0	0	0	0	0	0
HDL	UKBB	3	186	1517	5	24.6886882781982	0	0	0	0	0	0	0	0	0	0	0	0	0	0	0	0
HDL	UKBB	3	191	820	5	6.20826697349548	0	0	0	0	0	0	0	0	0	0	0	0	0	0	0	0
HDL	UKBB	3	193	1509	5	19.9076006412506	0	0	3	25	0	0	3	25	0	0	0	0	0	0	0	0
HDL	UKBB	3	195	2805	5	180.230653524399	0	1	0	0	0	1	0	0	0	0	0	0	0	0	0	0
HDL	UKBB	3	212	561	5	2.84879112243652	0	0	0	0	0	0	0	0	0	0	0	0	0	0	0	0
HDL	UKBB	3	214	1344	5	14.6467509269714	0	0	1	15	0	0	1	15	0	0	0	0	0	0	0	0
HDL	UKBB	3	216	580	5	2.56424903869629	0	0	0	0	0	0	0	0	0	0	0	0	0	0	0	0
HDL	UKBB	4	1	3294	5	342.239539861679	1	1	2	25	1	1	2	25	0	1	1	1	0	0	0	0
HDL	UKBB	4	4	1150	5	16.5724840164185	0	0	0	0	0	0	0	0	0	0	0	0	0	0	0	0
HDL	UKBB	4	10	176	5	1.59910607337952	0	0	0	0	0	0	0	0	0	0	0	0	0	0	0	0
HDL	UKBB	4	21	2429	5	171.363184452057	0	0	0	0	0	0	0	0	0	0	0	0	0	0	0	0
HDL	UKBB	4	32	1565	5	45.7006964683533	0	0	1	36	0	0	1	36	0	0	0	0	0	0	0	0
HDL	UKBB	4	33	1417	5	36.1950252056122	0	0	0	0	0	0	0	0	0	0	0	0	0	0	0	0
HDL	UKBB	4	37	844	5	9.41509103775024	0	0	0	0	0	0	0	0	0	0	0	0	0	0	0	0
HDL	UKBB	4	39	884	5	9.65952396392822	0	0	0	0	0	0	0	0	0	0	0	0	0	0	0	0
HDL	UKBB	4	42	201	5	0.99642014503479	1	1	1	1	1	1	1	1	0	0	0	0	0	0	0	0
HDL	UKBB	4	54	3445	5	410.024961471558	0	2	2	11	0	2	2	11	0	0	0	0	0	0	2	11
HDL	UKBB	4	55	1256	5	27.1160504817963	0	2	1	3	0	2	1	3	0	0	1	3	0	0	0	0
HDL	UKBB	4	63	2236	5	137.388216972351	0	0	0	0	0	0	0	0	0	0	0	0	0	0	0	0
HDL	UKBB	4	64	1915	5	84.8411693572998	0	0	1	54	0	0	1	54	0	0	0	0	0	0	0	0
HDL	UKBB	4	66	992	5	8.50334095954895	0	0	1	16	0	0	1	16	0	0	0	0	0	0	0	0
HDL	UKBB	4	67	242	5	1.68491435050964	0	0	0	0	0	0	0	0	0	0	0	0	0	0	0	0
HDL	UKBB	4	71	666	5	4.84848141670227	0	0	1	5	0	0	1	5	0	0	0	0	0	0	0	0
HDL	UKBB	4	79	1029	5	10.7063686847687	0	0	0	0	0	0	0	0	0	0	0	0	0	0	0	0
HDL	UKBB	4	80	1247	5	17.590407371521	0	0	0	0	0	0	0	0	0	0	0	0	0	0	0	0
HDL	UKBB	4	87	1873	5	84.5528132915497	1	1	2	4	1	1	2	4	0	0	0	0	0	0	0	0
HDL	UKBB	4	94	807	5	8.93725991249084	0	0	0	0	0	0	0	0	0	0	0	0	0	0	0	0
HDL	UKBB	4	95	527	5	3.34480738639832	0	0	1	15	0	0	1	15	0	0	0	0	0	0	0	0
HDL	UKBB	4	101	1323	5	33.0573635101318	1	1	3	18	1	1	3	18	0	0	0	0	0	1	1	1
HDL	UKBB	4	102	894	5	6.86265778541565	0	0	1	21	0	0	1	21	0	0	0	0	0	0	0	0
HDL	UKBB	4	103	737	5	8.50822949409485	0	1	3	22	0	1	3	22	0	0	2	13	0	0	0	0
HDL	UKBB	4	109	586	5	3.27821111679077	0	1	1	15	0	1	1	15	0	1	0	0	0	1	0	0
HDL	UKBB	4	113	1283	5	18.280883073806802	0	2	3	20	0	2	3	20	0	0	0	0	0	0	0	0
HDL	UKBB	4	114	1446	5	32.4947843551636	1	1	1	1	1	1	1	1	0	0	0	0	0	0	0	0
HDL	UKBB	4	115	624	5	5.44838953018188	2	2	3	11	2	2	3	11	0	0	0	0	0	1	1	1
HDL	UKBB	4	116	795	5	4.82192087173462	0	0	4	37	0	0	4	32	0	0	1	5	0	0	2	6
HDL	UKBB	4	117	1215	5	16.8238077163696	0	0	1	6	0	0	1	6	0	0	0	0	0	0	0	0
HDL	UKBB	4	121	1028	5	12.0500853061676	0	1	1	2	0	1	1	2	0	0	0	0	0	0	0	0
HDL	UKBB	4	122	512	5	3.98713803291321	0	0	0	0	0	0	0	0	0	0	0	0	0	0	0	0
HDL	UKBB	4	123	284	5	1.20234799385071	0	0	0	0	0	0	0	0	0	0	0	0	0	0	0	0
HDL	UKBB	4	124	1648	5	61.02672290802	0	0	0	0	0	0	0	0	0	0	0	0	0	0	0	0
HDL	UKBB	4	129	1420	5	19.0639717578888	0	0	1	47	0	0	1	47	0	0	0	0	0	0	0	0
HDL	UKBB	4	130	1327	5	15.7352590560913	0	0	0	0	0	0	0	0	0	0	0	0	0	0	0	0
HDL	UKBB	4	134	2412	5	164.264853715897	0	0	0	0	0	0	0	0	0	0	0	0	0	0	0	0
HDL	UKBB	4	136	1784	5	36.0613186359406	0	0	0	0	0	0	0	0	0	0	0	0	0	0	0	0
HDL	UKBB	4	146	913	5	6.25953364372253	0	0	0	0	0	0	0	0	0	0	0	0	0	0	0	0
HDL	UKBB	4	147	610	5	5.93531346321106	0	0	0	0	0	0	0	0	0	0	0	0	0	0	0	0
HDL	UKBB	4	149	1225	5	14.9098355770111	0	0	0	0	0	0	0	0	0	0	0	0	0	0	0	0
HDL	UKBB	4	150	1153	5	15.3576345443726	0	1	1	6	0	1	1	6	0	0	0	0	0	0	0	0
HDL	UKBB	4	151	401	5	3.66089057922363	0	0	1	42	0	0	1	42	0	0	0	0	0	0	0	0
HDL	UKBB	4	152	511	5	3.87153387069702	0	2	2	4	0	1	2	4	0	0	0	0	0	1	1	2
HDL	UKBB	4	153	1340	5	22.9257533550262	0	0	0	0	0	0	0	0	0	0	0	0	0	0	0	0
HDL	UKBB	4	154	535	5	3.6946713924408	0	0	0	0	0	0	0	0	0	0	0	0	0	0	0	0
HDL	UKBB	4	156	1806	5	68.3808314800262	0	0	0	0	0	0	0	0	0	0	0	0	0	0	0	0
HDL	UKBB	4	159	604	5	5.79774975776672	0	1	0	0	0	1	0	0	0	0	0	0	0	0	0	0
HDL	UKBB	4	164	1266	5	20.7998013496399	0	0	0	0	0	0	0	0	0	0	0	0	0	0	0	0
HDL	UKBB	4	165	943	5	9.25628781318665	0	0	1	27	0	0	1	27	0	0	0	0	0	0	0	0
HDL	UKBB	4	168	2035	5	112.387189865112	0	0	0	0	0	0	0	0	0	0	0	0	0	0	0	0
HDL	UKBB	4	180	1352	5	26.015074968338	0	0	0	0	0	0	0	0	0	0	0	0	0	0	0	0
HDL	UKBB	4	182	332	5	3.89961218833923	0	0	0	0	0	0	0	0	0	0	0	0	0	0	0	0
HDL	UKBB	4	184	738	5	7.36517810821533	0	0	0	0	0	0	0	0	0	0	0	0	0	0	0	0
HDL	UKBB	4	205	292	5	2.81071448326111	0	0	0	0	0	0	0	0	0	0	0	0	0	0	0	0
HDL	UKBB	4	209	827	5	8.35032200813293	0	0	0	0	0	0	0	0	0	0	0	0	0	0	0	0
HDL	UKBB	5	1	782	5	7.63887190818787	0	1	1	3	0	1	1	3	0	0	0	0	0	1	1	3
HDL	UKBB	5	2	260	5	1.00457882881165	0	1	0	0	0	1	0	0	0	0	0	0	0	0	0	0
HDL	UKBB	5	9	785	5	5.20202493667603	0	0	0	0	0	0	0	0	0	0	0	0	0	0	0	0
HDL	UKBB	5	27	2357	5	130.94584608078	0	0	0	0	0	0	0	0	0	0	0	0	0	0	0	0
HDL	UKBB	5	56	1813	5	70.4416306018829	0	0	0	0	0	0	0	0	0	0	0	0	0	0	0	0
HDL	UKBB	5	57	1159	5	14.2054796218872	0	0	0	0	0	0	0	0	0	0	0	0	0	0	0	0
HDL	UKBB	5	58	678	5	2.63273167610168	0	0	0	0	0	0	0	0	0	0	0	0	0	0	0	0
HDL	UKBB	5	60	753	5	4.61586451530457	0	0	0	0	0	0	0	0	0	0	0	0	0	0	0	0
HDL	UKBB	5	64	1543	5	57.1288011074066	0	0	2	17	0	0	1	7	0	0	0	0	0	0	0	0
HDL	UKBB	5	66	910	5	10.7363438606262	0	0	0	0	0	0	0	0	0	0	0	0	0	0	0	0
HDL	UKBB	5	68	413	5	3.55407452583313	1	1	1	1	1	1	1	1	0	1	1	1	0	0	0	0
HDL	UKBB	5	69	603	5	3.4531557559967	0	2	2	4	0	2	2	4	0	0	0	0	0	0	0	0
HDL	UKBB	5	70	405	5	3.46159100532532	0	1	0	0	0	1	0	0	0	0	0	0	0	1	0	0
HDL	UKBB	5	71	1891	5	83.6055438518524	0	1	0	0	0	1	0	0	0	0	0	0	0	0	0	0
HDL	UKBB	5	72	1741	5	70.8408465385437	0	0	0	0	0	0	0	0	0	0	0	0	0	0	0	0
HDL	UKBB	5	75	1222	5	13.1329832077026	0	0	0	0	0	0	0	0	0	0	0	0	0	0	0	0
HDL	UKBB	5	78	385	5	3.79208636283875	0	0	0	0	0	0	0	0	0	0	0	0	0	0	0	0
HDL	UKBB	5	80	1123	5	10.2942559719086	0	0	0	0	0	0	0	0	0	0	0	0	0	0	0	0
HDL	UKBB	5	81	975	5	8.15434122085571	0	0	1	31	0	0	1	31	0	0	0	0	0	0	0	0
HDL	UKBB	5	82	680	5	2.84167551994324	0	0	1	27	0	0	1	27	0	0	0	0	0	0	0	0
HDL	UKBB	5	85	1490	5	34.8151371479034	0	1	2	16	0	1	2	16	0	0	0	0	0	0	0	0
HDL	UKBB	5	88	629	5	3.67974734306335	0	0	1	8	0	0	1	8	0	0	0	0	0	0	0	0
HDL	UKBB	5	92	934	5	5.69592952728271	0	0	0	0	0	0	0	0	0	0	0	0	0	0	0	0
HDL	UKBB	5	93	530	5	3.98496532440186	0	0	0	0	0	0	0	0	0	0	0	0	0	0	0	0
HDL	UKBB	5	96	1324	5	18.2611668109894	0	0	1	12	0	0	1	12	0	0	0	0	0	0	0	0
HDL	UKBB	5	97	954	5	7.23787760734558	1	1	1	1	1	1	1	1	0	0	0	0	0	0	0	0
HDL	UKBB	5	102	1386	5	28.6464440822601	0	0	1	14	0	0	1	14	0	0	0	0	0	0	1	14
HDL	UKBB	5	104	1155	5	14.4760391712189	0	0	0	0	0	0	0	0	0	0	0	0	0	0	0	0
HDL	UKBB	5	105	486	5	2.29792428016663	0	0	1	20	0	0	1	20	0	0	0	0	0	0	0	0
HDL	UKBB	5	108	551	5	7.87896084785461	0	0	0	0	0	0	0	0	0	0	0	0	0	0	0	0
HDL	UKBB	5	109	716	5	6.64280819892883	0	1	1	15	0	1	1	15	0	0	0	0	0	0	0	0
HDL	UKBB	5	114	3672	5	336.281286001205	0	0	1	23	0	0	1	23	0	0	1	23	0	0	0	0
HDL	UKBB	5	116	1844	5	85.1838953495026	0	0	0	0	0	0	0	0	0	0	0	0	0	0	0	0
HDL	UKBB	5	117	1118	5	12.1271216869354	0	0	0	0	0	0	0	0	0	0	0	0	0	0	0	0
HDL	UKBB	5	119	1544	5	42.0587346553802	0	0	1	16	0	0	1	16	0	0	1	16	0	0	0	0
HDL	UKBB	5	120	1605	5	60.0758452415466	0	0	0	0	0	0	0	0	0	0	0	0	0	0	0	0
HDL	UKBB	5	127	2209	5	98.6048231124878	0	1	1	5	0	1	1	5	0	0	0	0	0	0	0	0
HDL	UKBB	5	130	1887	5	40.611243724823	0	0	1	36	0	0	1	36	0	0	0	0	0	0	0	0
HDL	UKBB	5	132	688	5	5.03997302055359	0	0	1	16	0	0	1	16	0	0	0	0	0	0	0	0
HDL	UKBB	5	133	940	5	8.85935139656067	0	0	1	10	0	0	0	0	0	0	0	0	0	0	0	0
HDL	UKBB	5	134	1133	5	16.2752237319946	0	0	0	0	0	0	0	0	0	0	0	0	0	0	0	0
HDL	UKBB	5	136	1671	5	58.931542634964	0	0	1	6	0	0	1	6	0	0	0	0	0	0	0	0
HDL	UKBB	5	142	1049	5	13.4882085323334	0	1	1	4	0	1	1	4	0	0	0	0	0	0	0	0
HDL	UKBB	5	144	1219	5	15.8461530208588	0	0	1	18	0	0	1	18	0	0	0	0	0	0	0	0
HDL	UKBB	5	145	1587	5	50.6146337985992	0	0	0	0	0	0	0	0	0	0	0	0	0	0	0	0
HDL	UKBB	5	146	1346	5	24.6418836116791	0	0	0	0	0	0	0	0	0	0	0	0	0	0	0	0
HDL	UKBB	5	147	835	5	5.79828095436096	0	0	1	6	0	0	1	6	0	0	0	0	0	0	0	0
HDL	UKBB	5	151	320	5	2.42755341529846	0	0	0	0	0	0	0	0	0	0	0	0	0	0	0	0
HDL	UKBB	5	152	2062	5	121.440737724304	0	0	0	0	0	0	0	0	0	0	0	0	0	0	0	0
HDL	UKBB	5	154	926	5	8.92818689346313	0	0	0	0	0	0	0	0	0	0	0	0	0	0	0	0
HDL	UKBB	5	156	951	5	6.2688524723053	0	0	1	11	0	0	1	11	0	0	0	0	0	0	0	0
HDL	UKBB	5	158	899	5	6.0204381942749	0	0	1	6	0	0	1	6	0	0	0	0	0	0	0	0
HDL	UKBB	5	160	900	5	5.64350700378418	0	0	0	0	0	0	0	0	0	0	0	0	0	0	0	0
HDL	UKBB	5	163	823	5	9.17968702316284	0	1	2	16	0	1	2	16	0	0	0	0	0	0	0	0
HDL	UKBB	5	167	982	5	16.3635838031769	0	0	0	0	0	0	0	0	0	0	0	0	0	0	0	0
HDL	UKBB	5	168	1233	5	15.1127579212189	0	0	4	51	0	0	4	51	0	0	0	0	0	0	1	10
HDL	UKBB	5	181	411	5	1.35465288162231	0	0	1	14	0	0	0	0	0	0	0	0	0	0	0	0
HDL	UKBB	5	189	567	5	2.0368378162384	0	1	1	4	0	1	1	4	0	0	0	0	0	0	0	0
HDL	UKBB	5	191	1837	5	74.7378175258636	0	0	1	3	0	0	1	3	0	0	0	0	0	0	0	0
HDL	UKBB	5	193	403	5	5.18276238441467	0	0	0	0	0	0	0	0	0	0	0	0	0	0	0	0
HDL	UKBB	5	194	456	5	2.45799946784973	0	0	0	0	0	0	0	0	0	0	0	0	0	0	0	0
HDL	UKBB	5	202	360	5	2.19000101089478	0	0	0	0	0	0	0	0	0	0	0	0	0	0	0	0
HDL	UKBB	5	207	922	5	8.56692028045654	0	0	1	15	0	0	1	15	0	0	0	0	0	0	0	0
HDL	UKBB	5	208	714	5	4.33742475509644	0	0	0	0	0	0	0	0	0	0	0	0	0	0	0	0
HDL	UKBB	5	209	174	5	0.967569351196289	0	1	2	23	0	1	2	23	0	0	0	0	0	1	1	4
HDL	UKBB	5	210	109	5	0.548626661300659	0	1	1	2	0	1	1	2	0	0	0	0	0	0	0	0
HDL	UKBB	6	18	160	5	0.847918272018433	0	0	0	0	0	0	0	0	0	0	0	0	0	0	0	0
HDL	UKBB	6	19	1127	5	8.93390369415283	0	0	0	0	0	0	0	0	0	0	0	0	0	0	0	0
HDL	UKBB	6	21	852	5	6.4385359287262	0	0	0	0	0	0	0	0	0	0	0	0	0	0	0	0
HDL	UKBB	6	23	852	5	6.12939643859863	0	0	1	3	0	0	1	3	0	0	0	0	0	0	0	0
HDL	UKBB	6	29	1076	5	9.9832181930542	0	0	0	0	0	0	0	0	0	0	0	0	0	0	0	0
HDL	UKBB	6	34	1193	5	17.0326764583588	0	0	0	0	0	0	0	0	0	0	0	0	0	0	0	0
HDL	UKBB	6	36	432	5	2.10933375358582	0	1	1	6	0	1	1	6	0	0	0	0	0	0	0	0
HDL	UKBB	6	37	611	5	3.87898540496826	0	0	1	8	0	0	1	8	0	0	0	0	0	0	0	0
HDL	UKBB	6	38	347	5	1.50876975059509	0	1	0	0	0	1	0	0	0	0	0	0	0	0	0	0
HDL	UKBB	6	39	1901	5	92.3998422622681	0	0	0	0	0	0	0	0	0	0	0	0	0	0	0	0
HDL	UKBB	6	43	1259	5	17.0569770336151	0	0	1	15	0	0	1	15	0	0	0	0	0	0	0	0
HDL	UKBB	6	49	304	5	2.59643483161926	0	0	0	0	0	0	0	0	0	0	0	0	0	0	0	0
HDL	UKBB	6	50	1968	5	70.9287934303284	0	0	1	6	0	0	1	6	0	0	0	0	0	0	0	0
HDL	UKBB	6	51	2126	5	123.714874982834	0	1	4	44	0	1	3	38	0	0	1	6	0	0	1	13
HDL	UKBB	6	52	768	5	3.70259380340576	0	0	0	0	0	0	0	0	0	0	0	0	0	0	0	0
HDL	UKBB	6	53	659	5	4.01493644714355	0	0	1	12	0	0	1	12	0	0	0	0	0	0	0	0
HDL	UKBB	6	55	774	5	4.24446272850037	0	0	1	6	0	0	1	6	0	0	0	0	0	0	0	0
HDL	UKBB	6	57	827	5	6.00252175331116	0	0	0	0	0	0	0	0	0	0	0	0	0	0	0	0
HDL	UKBB	6	58	1243	5	13.8284676074982	0	0	0	0	0	0	0	0	0	0	0	0	0	0	0	0
HDL	UKBB	6	60	646	5	2.64354109764099	0	0	1	9	0	0	1	9	0	0	0	0	0	0	0	0
HDL	UKBB	6	63	982	5	8.44002556800842	2	3	3	12	2	3	3	12	0	0	0	0	0	0	0	0
HDL	UKBB	6	64	119	10	3.71902251243591	4	4	5	10	4	4	5	10	0	1	1	1	0	1	1	1
HDL	UKBB	6	68	273	5	1.33796072006226	0	0	0	0	0	0	0	0	0	0	0	0	0	0	0	0
HDL	UKBB	6	69	929	5	8.11219096183777	0	0	0	0	0	0	0	0	0	0	0	0	0	0	0	0
HDL	UKBB	6	71	3583	5	325.130392313004	0	0	0	0	0	0	0	0	0	0	0	0	0	0	0	0
HDL	UKBB	6	73	196	5	0.492969751358032	0	0	1	11	0	0	1	11	0	0	0	0	0	0	0	0
HDL	UKBB	6	76	2291	5	94.9765319824219	0	0	0	0	0	0	0	0	0	0	0	0	0	0	0	0
HDL	UKBB	6	84	913	5	7.50538730621338	0	0	0	0	0	0	0	0	0	0	0	0	0	0	0	0
HDL	UKBB	6	85	2421	5	168.144062042236	0	0	0	0	0	0	0	0	0	0	0	0	0	0	0	0
HDL	UKBB	6	86	2656	5	167.967823982239	0	0	0	0	0	0	0	0	0	0	0	0	0	0	0	0
HDL	UKBB	6	88	3066	5	211.13493180275	0	0	0	0	0	0	0	0	0	0	0	0	0	0	0	0
HDL	UKBB	6	90	262	5	1.33749723434448	0	0	0	0	0	0	0	0	0	0	0	0	0	0	0	0
HDL	UKBB	6	94	1814	5	96.3905031681061	0	1	2	11	0	1	2	11	0	0	0	0	0	0	1	4
HDL	UKBB	6	97	1157	5	13.5434288978577	0	0	1	28	0	0	1	28	0	0	0	0	0	0	1	28
HDL	UKBB	6	98	1275	5	19.6549491882324	0	0	1	3	0	0	1	3	0	0	0	0	0	0	0	0
HDL	UKBB	6	101	1268	5	17.8983535766602	0	0	1	32	0	0	1	32	0	0	0	0	0	0	0	0
HDL	UKBB	6	105	1309	5	18.1319813728333	0	0	1	5	0	0	1	5	0	0	0	0	0	0	0	0
HDL	UKBB	6	106	1019	5	11.7691264152527	0	0	0	0	0	0	0	0	0	0	0	0	0	0	0	0
HDL	UKBB	6	108	352	5	1.22281408309937	0	0	1	27	0	0	1	27	0	0	0	0	0	0	0	0
HDL	UKBB	6	109	1064	5	18.3741006851196	0	0	4	63	0	0	4	63	0	0	0	0	0	0	1	11
HDL	UKBB	6	115	2346	5	95.154771566391	0	0	1	4	0	0	1	4	0	0	0	0	0	0	0	0
HDL	UKBB	6	116	1537	5	25.6912906169891	0	0	0	0	0	0	0	0	0	0	0	0	0	0	0	0
HDL	UKBB	6	117	2412	5	197.705478906631	0	1	1	2	0	1	1	2	0	0	0	0	0	0	0	0
HDL	UKBB	6	118	939	5	10.85333943367	0	0	0	0	0	0	0	0	0	0	0	0	0	0	0	0
HDL	UKBB	6	124	1196	5	14.3059072494507	1	2	2	3	1	2	2	3	0	0	0	0	0	1	2	3
HDL	UKBB	6	127	815	5	5.25819611549377	0	1	0	0	0	1	0	0	0	0	0	0	0	0	0	0
HDL	UKBB	6	128	1211	5	14.0779247283936	0	0	1	4	0	0	1	4	0	0	0	0	0	0	0	0
HDL	UKBB	6	134	868	5	7.94442105293274	0	0	0	0	0	0	0	0	0	0	0	0	0	0	0	0
HDL	UKBB	6	137	482	5	2.20925879478455	1	1	1	1	1	1	1	1	1	1	1	1	0	0	0	0
HDL	UKBB	6	140	921	5	9.03585028648376	0	0	0	0	0	0	0	0	0	0	0	0	0	0	0	0
HDL	UKBB	6	146	565	5	4.45714592933655	1	1	1	1	1	1	1	1	0	0	0	0	0	0	0	0
HDL	UKBB	6	160	1363	5	32.9729127883911	1	1	3	12	1	1	3	12	0	0	0	0	0	0	0	0
HDL	UKBB	6	161	1031	5	7.42891812324524	0	0	0	0	0	0	0	0	0	0	0	0	0	0	0	0
HDL	UKBB	6	164	616	5	5.0483922958374	0	0	0	0	0	0	0	0	0	0	0	0	0	0	0	0
HDL	UKBB	6	167	726	5	2.63542532920837	0	0	0	0	0	0	0	0	0	0	0	0	0	0	0	0
HDL	UKBB	6	168	1376	5	15.829918384552	0	0	0	0	0	0	0	0	0	0	0	0	0	0	0	0
HDL	UKBB	6	169	2273	10	202.884669303894	1	2	5	35	1	2	5	35	0	0	0	0	0	0	0	0
HDL	UKBB	6	173	1499	5	19.1375730037689	0	0	0	0	0	0	0	0	0	0	0	0	0	0	0	0
HDL	UKBB	6	175	716	5	4.6381824016571	1	1	2	5	1	1	2	5	0	0	0	0	0	0	0	0
HDL	UKBB	6	179	869	5	4.66427683830261	0	0	0	0	0	0	0	0	0	0	0	0	0	0	0	0
HDL	UKBB	6	182	1113	5	8.91410732269287	0	0	1	45	0	0	0	0	0	0	0	0	0	0	0	0
HDL	UKBB	6	183	331	5	1.74615788459778	0	1	1	2	0	1	1	2	0	0	0	0	0	0	0	0
HDL	UKBB	7	1	273	5	1.37896275520325	0	0	0	0	0	0	0	0	0	0	0	0	0	0	0	0
HDL	UKBB	7	3	628	5	4.61947298049927	0	1	3	29	0	1	3	29	0	0	0	0	0	0	0	0
HDL	UKBB	7	12	1580	5	35.1440207958221	2	2	2	2	2	2	2	2	1	1	1	1	0	0	0	0
HDL	UKBB	7	13	672	5	3.63483023643494	0	0	1	29	0	0	1	29	0	0	0	0	0	0	0	0
HDL	UKBB	7	21	218	5	0.485715866088867	0	0	0	0	0	0	0	0	0	0	0	0	0	0	0	0
HDL	UKBB	7	25	2177	5	136.746601343155	0	0	0	0	0	0	0	0	0	0	0	0	0	0	0	0
HDL	UKBB	7	26	1807	5	43.8829543590546	0	0	0	0	0	0	0	0	0	0	0	0	0	0	0	0
HDL	UKBB	7	31	1457	5	20.3367533683777	0	0	2	17	0	0	2	17	0	0	0	0	0	0	0	0
HDL	UKBB	7	32	1410	5	19.4103405475616	1	1	1	1	1	1	1	1	0	0	0	0	0	0	0	0
HDL	UKBB	7	33	1781	5	67.3696343898773	0	0	2	41	0	0	2	41	0	0	0	0	0	0	0	0
HDL	UKBB	7	37	1741	5	64.2566201686859	0	0	0	0	0	0	0	0	0	0	0	0	0	0	0	0
HDL	UKBB	7	39	1071	5	10.4472239017487	0	0	0	0	0	0	0	0	0	0	0	0	0	0	0	0
HDL	UKBB	7	40	2217	5	85.6396338939667	0	0	0	0	0	0	0	0	0	0	0	0	0	0	0	0
HDL	UKBB	7	42	1375	5	26.2014474868774	0	0	2	13	0	0	2	13	0	0	0	0	0	0	0	0
HDL	UKBB	7	43	1610	5	48.9301288127899	0	0	0	0	0	0	0	0	0	0	0	0	0	0	0	0
HDL	UKBB	7	44	245	5	0.904345035552979	0	0	0	0	0	0	0	0	0	0	0	0	0	0	0	0
HDL	UKBB	7	45	591	5	2.80727076530457	0	0	1	6	0	0	1	6	0	0	0	0	0	0	0	0
HDL	UKBB	7	46	234	5	1.84891939163208	0	0	0	0	0	0	0	0	0	0	0	0	0	0	0	0
HDL	UKBB	7	48	297	5	0.94650673866272	0	0	1	11	0	0	1	11	0	0	0	0	0	0	0	0
HDL	UKBB	7	49	946	5	6.49416756629944	0	1	1	4	0	1	1	4	0	0	0	0	0	0	0	0
HDL	UKBB	7	51	937	5	5.3837730884552	0	0	0	0	0	0	0	0	0	0	0	0	0	0	0	0
HDL	UKBB	7	53	574	5	3.96812844276428	0	0	0	0	0	0	0	0	0	0	0	0	0	0	0	0
HDL	UKBB	7	58	1213	5	12.3641102313995	0	0	2	13	0	0	2	13	0	0	0	0	0	0	0	0
HDL	UKBB	7	62	750	5	2.90592646598816	1	1	1	1	1	1	1	1	1	1	1	1	0	0	0	0
HDL	UKBB	7	64	118	5	0.535494804382324	0	0	1	10	0	0	1	10	0	0	0	0	0	0	0	0
HDL	UKBB	7	67	2888	5	201.173194408417	0	0	1	5	0	0	1	5	0	0	0	0	0	0	1	5
HDL	UKBB	7	69	822	5	6.37229132652283	0	0	0	0	0	0	0	0	0	0	0	0	0	0	0	0
HDL	UKBB	7	72	1864	5	85.1011986732483	0	0	0	0	0	0	0	0	0	0	0	0	0	0	0	0
HDL	UKBB	7	73	423	5	3.51643371582031	0	1	1	7	0	1	1	7	0	1	0	0	0	0	0	0
HDL	UKBB	7	74	673	5	5.20950961112976	0	1	2	14	0	1	2	14	0	0	0	0	0	0	1	2
HDL	UKBB	7	82	1150	5	14.3455555438995	0	1	0	0	0	1	0	0	0	1	0	0	0	0	0	0
HDL	UKBB	7	85	1014	5	9.25614356994629	0	1	1	2	0	1	1	2	0	0	0	0	0	0	0	0
HDL	UKBB	7	86	328	5	2.33062076568604	0	0	0	0	0	0	0	0	0	0	0	0	0	0	0	0
HDL	UKBB	7	87	37	5	0.113508462905884	0	0	1	5	0	0	1	5	0	0	0	0	0	0	1	5
HDL	UKBB	7	88	1438	5	26.5536093711853	0	1	1	31	0	1	1	31	0	0	0	0	0	0	0	0
HDL	UKBB	7	89	1280	5	14.355966091156	0	0	0	0	0	0	0	0	0	0	0	0	0	0	0	0
HDL	UKBB	7	90	437	5	1.973952293396	0	0	0	0	0	0	0	0	0	0	0	0	0	0	0	0
HDL	UKBB	7	92	1329	5	21.4003915786743	0	0	0	0	0	0	0	0	0	0	0	0	0	0	0	0
HDL	UKBB	7	93	541	5	1.65420317649841	0	0	1	45	0	0	1	45	0	0	0	0	0	0	0	0
HDL	UKBB	7	94	793	5	8.15796756744385	0	0	0	0	0	0	0	0	0	0	0	0	0	0	0	0
HDL	UKBB	7	95	865	5	5.33022928237915	0	0	0	0	0	0	0	0	0	0	0	0	0	0	0	0
HDL	UKBB	7	99	1527	5	38.0016648769379	0	0	0	0	0	0	0	0	0	0	0	0	0	0	0	0
HDL	UKBB	7	101	1569	5	35.604118347168	0	0	0	0	0	0	0	0	0	0	0	0	0	0	0	0
HDL	UKBB	7	107	2348	5	117.098849058151	1	1	1	1	1	1	1	1	0	0	0	0	0	0	0	0
HDL	UKBB	7	111	1224	5	25.6557898521423	0	0	1	30	0	0	1	30	0	0	0	0	0	0	0	0
HDL	UKBB	7	113	1347	5	12.871297121048	0	0	1	34	0	0	1	34	0	0	0	0	0	0	0	0
HDL	UKBB	7	114	2207	5	69.5685021877289	0	0	0	0	0	0	0	0	0	0	0	0	0	0	0	0
HDL	UKBB	7	119	774	5	3.70272850990295	0	1	2	52	0	1	2	52	0	0	0	0	0	0	0	0
HDL	UKBB	7	121	1954	5	50.8523197174072	0	0	0	0	0	0	0	0	0	0	0	0	0	0	0	0
HDL	UKBB	7	127	267	5	1.47997546195984	0	1	0	0	0	1	0	0	0	0	0	0	0	1	0	0
HDL	UKBB	7	128	254	5	1.2601945400238	0	0	0	0	0	0	0	0	0	0	0	0	0	0	0	0
HDL	UKBB	7	131	2326	5	104.737302780151	0	0	0	0	0	0	0	0	0	0	0	0	0	0	0	0
HDL	UKBB	7	132	2390	5	110.411505460739	0	0	0	0	0	0	0	0	0	0	0	0	0	0	0	0
HDL	UKBB	7	133	2027	5	60.7980163097382	0	1	2	9	0	1	2	9	0	0	0	0	0	0	0	0
HDL	UKBB	7	134	682	5	3.27024698257446	0	1	0	0	0	1	0	0	0	0	0	0	0	0	0	0
HDL	UKBB	7	139	382	5	3.09483194351196	0	0	1	4	0	0	1	4	0	0	0	0	0	0	0	0
HDL	UKBB	7	141	1615	5	48.2191979885101	0	0	1	12	0	0	1	12	0	0	0	0	0	0	1	12
HDL	UKBB	7	143	386	5	1.21734404563904	0	1	0	0	0	1	0	0	0	0	0	0	0	0	0	0
HDL	UKBB	7	145	842	5	3.59929299354553	0	0	1	27	0	0	1	27	0	0	0	0	0	0	0	0
HDL	UKBB	7	146	275	5	1.72037482261658	0	0	0	0	0	0	0	0	0	0	0	0	0	0	0	0
HDL	UKBB	7	147	505	5	2.36839699745178	0	0	0	0	0	0	0	0	0	0	0	0	0	0	0	0
HDL	UKBB	7	160	624	5	3.32212328910828	0	0	0	0	0	0	0	0	0	0	0	0	0	0	0	0
HDL	UKBB	7	161	326	5	1.16374778747559	0	0	0	0	0	0	0	0	0	0	0	0	0	0	0	0
HDL	UKBB	7	162	2035	5	57.6884031295776	0	2	3	37	0	2	3	37	0	0	0	0	0	0	0	0
HDL	UKBB	7	164	223	5	0.71738862991333	0	1	1	16	0	1	1	16	0	0	0	0	0	0	0	0
HDL	UKBB	7	184	1083	5	8.90777993202209	0	0	0	0	0	0	0	0	0	0	0	0	0	0	0	0
HDL	UKBB	7	187	1743	5	48.7045547962189	0	0	0	0	0	0	0	0	0	0	0	0	0	0	0	0
HDL	UKBB	8	13	495	5	2.84327912330627	0	0	1	14	0	0	1	14	0	0	0	0	0	0	0	0
HDL	UKBB	8	17	1157	5	11.5921087265015	0	0	1	21	0	0	1	21	0	0	0	0	0	0	0	0
HDL	UKBB	8	20	1326	5	19.4148254394531	0	0	0	0	0	0	0	0	0	0	0	0	0	0	0	0
HDL	UKBB	8	21	1574	5	25.7532029151917	0	0	0	0	0	0	0	0	0	0	0	0	0	0	0	0
HDL	UKBB	8	22	2487	5	121.83686375618	0	0	0	0	0	0	0	0	0	0	0	0	0	0	0	0
HDL	UKBB	8	23	1388	5	19.239697933197	0	0	0	0	0	0	0	0	0	0	0	0	0	0	0	0
HDL	UKBB	8	24	2623	5	152.732150554657	0	0	0	0	0	0	0	0	0	0	0	0	0	0	0	0
HDL	UKBB	8	27	912	5	6.56026482582092	0	0	0	0	0	0	0	0	0	0	0	0	0	0	0	0
HDL	UKBB	8	29	2761	5	209.129196166992	0	0	1	34	0	0	1	34	0	0	0	0	0	0	0	0
HDL	UKBB	8	30	607	5	4.01237106323242	0	0	0	0	0	0	0	0	0	0	0	0	0	0	0	0
HDL	UKBB	8	31	260	5	0.773536205291748	0	0	0	0	0	0	0	0	0	0	0	0	0	0	0	0
HDL	UKBB	8	32	1520	10	104.746384620667	8	9	9	10	8	9	9	10	0	3	3	4	2	3	3	3
HDL	UKBB	8	33	1434	5	20.9899086952209	1	3	2	3	1	3	2	3	0	0	0	0	0	1	1	1
HDL	UKBB	8	34	501	5	2.63502740859985	0	1	0	0	0	1	0	0	0	0	0	0	0	0	0	0
HDL	UKBB	8	35	606	5	3.13312792778015	0	1	1	3	0	1	1	3	0	1	0	0	0	0	0	0
HDL	UKBB	8	36	368	5	2.23926424980164	0	1	0	0	0	1	0	0	0	0	0	0	0	0	0	0
HDL	UKBB	8	37	425	5	2.02734112739563	0	0	0	0	0	0	0	0	0	0	0	0	0	0	0	0
HDL	UKBB	8	39	980	5	6.86990523338318	0	0	0	0	0	0	0	0	0	0	0	0	0	0	0	0
HDL	UKBB	8	40	1223	5	17.3967459201813	0	0	0	0	0	0	0	0	0	0	0	0	0	0	0	0
HDL	UKBB	8	42	1596	5	23.9513404369354	0	1	1	4	0	1	1	4	0	0	0	0	0	0	0	0
HDL	UKBB	8	46	452	5	2.78748250007629	0	0	0	0	0	0	0	0	0	0	0	0	0	0	0	0
HDL	UKBB	8	48	1124	5	8.87839460372925	0	0	0	0	0	0	0	0	0	0	0	0	0	0	0	0
HDL	UKBB	8	51	1218	5	13.9243421554565	0	1	0	0	0	1	0	0	0	0	0	0	0	0	0	0
HDL	UKBB	8	53	691	5	3.90677070617676	0	0	0	0	0	0	0	0	0	0	0	0	0	0	0	0
HDL	UKBB	8	55	576	5	3.10586762428284	0	0	1	7	0	0	1	7	0	0	0	0	0	0	0	0
HDL	UKBB	8	69	1857	5	46.0750579833984	0	0	0	0	0	0	0	0	0	0	0	0	0	0	0	0
HDL	UKBB	8	70	2199	5	100.618813991547	0	0	0	0	0	0	0	0	0	0	0	0	0	0	0	0
HDL	UKBB	8	71	1156	5	13.0415954589844	0	0	2	51	0	0	2	51	0	0	0	0	0	0	0	0
HDL	UKBB	8	77	1030	5	9.3762047290802	0	2	2	5	0	2	2	5	0	0	1	3	0	0	0	0
HDL	UKBB	8	78	275	5	0.872497797012329	0	0	0	0	0	0	0	0	0	0	0	0	0	0	0	0
HDL	UKBB	8	80	523	5	2.38956332206726	0	0	1	4	0	0	1	4	0	0	0	0	0	0	0	0
HDL	UKBB	8	81	1300	5	12.8403382301331	0	0	1	23	0	0	1	23	0	0	0	0	0	0	0	0
HDL	UKBB	8	84	2559	5	129.492329835892	0	1	0	0	0	1	0	0	0	1	0	0	0	0	0	0
HDL	UKBB	8	88	1356	5	24.2459120750427	0	0	2	32	0	0	2	32	0	0	1	7	0	0	0	0
HDL	UKBB	8	93	1624	5	26.0489535331726	0	0	1	11	0	0	1	11	0	0	0	0	0	0	0	0
HDL	UKBB	8	94	875	5	6.37187600135803	0	0	0	0	0	0	0	0	0	0	0	0	0	0	0	0
HDL	UKBB	8	107	461	5	4.41014695167542	0	0	1	7	0	0	1	7	0	0	0	0	0	0	0	0
HDL	UKBB	8	108	2040	5	57.6756665706635	0	1	1	8	0	1	1	8	0	0	0	0	0	1	0	0
HDL	UKBB	8	109	1935	5	51.5308268070221	0	0	1	10	0	0	1	10	0	0	0	0	0	0	0	0
HDL	UKBB	8	110	1568	5	20.0492703914642	0	0	1	16	0	0	0	0	0	0	0	0	0	0	0	0
HDL	UKBB	8	112	1427	5	15.5767977237701	0	0	0	0	0	0	0	0	0	0	0	0	0	0	0	0
HDL	UKBB	8	113	745	5	2.86788964271545	0	1	2	8	0	1	2	8	0	0	0	0	0	0	0	0
HDL	UKBB	8	115	767	5	5.49130868911743	0	0	0	0	0	0	0	0	0	0	0	0	0	0	0	0
HDL	UKBB	8	118	590	5	4.35179471969604	1	1	1	1	1	1	1	1	0	0	0	0	0	0	0	0
HDL	UKBB	8	119	958	5	7.89038491249084	0	1	0	0	0	1	0	0	0	0	0	0	0	0	0	0
HDL	UKBB	8	124	746	5	4.5606210231781	0	0	0	0	0	0	0	0	0	0	0	0	0	0	0	0
HDL	UKBB	8	125	313	10	5.60990786552429	1	2	3	8	1	2	3	8	0	0	0	0	1	1	1	1
HDL	UKBB	8	127	707	5	4.15932035446167	0	0	0	0	0	0	0	0	0	0	0	0	0	0	0	0
HDL	UKBB	8	130	725	5	3.11334729194641	0	0	0	0	0	0	0	0	0	0	0	0	0	0	0	0
HDL	UKBB	8	159	665	5	5.76314663887024	1	1	3	30	1	1	3	30	0	0	0	0	0	0	0	0
HDL	UKBB	8	160	575	5	4.15364909172058	0	0	0	0	0	0	0	0	0	0	0	0	0	0	0	0
HDL	UKBB	9	1	1967	5	59.3752272129059	0	0	2	14	0	0	2	14	0	0	1	8	0	0	2	14
HDL	UKBB	9	4	1228	5	13.0148828029633	0	0	1	23	0	0	1	23	0	0	0	0	0	0	0	0
HDL	UKBB	9	9	895	5	5.10741901397705	0	0	0	0	0	0	0	0	0	0	0	0	0	0	0	0
HDL	UKBB	9	12	1133	5	10.1516404151917	0	0	0	0	0	0	0	0	0	0	0	0	0	0	0	0
HDL	UKBB	9	27	2837	5	182.059463262558	0	0	1	26	0	0	1	26	0	0	0	0	0	0	0	0
HDL	UKBB	9	31	1739	5	37.7610383033752	2	3	3	21	2	3	3	21	0	0	0	0	0	0	0	0
HDL	UKBB	9	33	1391	5	24.6605558395386	0	0	0	0	0	0	0	0	0	0	0	0	0	0	0	0
HDL	UKBB	9	36	1176	5	12.0463478565216	0	0	1	23	0	0	1	23	0	0	0	0	0	0	0	0
HDL	UKBB	9	40	2048	5	82.6688227653503	0	0	1	13	0	0	1	13	0	0	0	0	0	0	0	0
HDL	UKBB	9	48	276	5	1.24434471130371	0	0	1	6	0	0	1	6	0	0	0	0	0	0	0	0
HDL	UKBB	9	49	3144	5	242.061476230621	0	0	0	0	0	0	0	0	0	0	0	0	0	0	0	0
HDL	UKBB	9	50	1533	5	38.8917644023895	0	0	0	0	0	0	0	0	0	0	0	0	0	0	0	0
HDL	UKBB	9	51	593	5	7.39994287490845	0	1	1	13	0	1	0	0	0	0	0	0	0	0	0	0
HDL	UKBB	9	53	1788	5	53.3779354095459	0	1	1	8	0	1	1	8	0	0	0	0	0	0	0	0
HDL	UKBB	9	56	1501	5	35.5835790634155	0	0	0	0	0	0	0	0	0	0	0	0	0	0	0	0
HDL	UKBB	9	63	1721	5	43.6597661972046	0	0	0	0	0	0	0	0	0	0	0	0	0	0	0	0
HDL	UKBB	9	78	408	5	2.12045931816101	0	0	0	0	0	0	0	0	0	0	0	0	0	0	0	0
HDL	UKBB	9	84	1039	5	12.7156362533569	0	0	0	0	0	0	0	0	0	0	0	0	0	0	0	0
HDL	UKBB	9	85	1238	5	15.5869104862213	0	0	0	0	0	0	0	0	0	0	0	0	0	0	0	0
HDL	UKBB	9	88	670	5	4.54057097434998	0	0	0	0	0	0	0	0	0	0	0	0	0	0	0	0
HDL	UKBB	9	91	791	5	9.56172442436218	0	0	0	0	0	0	0	0	0	0	0	0	0	0	0	0
HDL	UKBB	9	92	155	5	0.499327898025513	0	0	0	0	0	0	0	0	0	0	0	0	0	0	0	0
HDL	UKBB	9	93	1091	5	9.49521636962891	0	0	1	16	0	0	1	16	0	0	0	0	0	0	1	16
HDL	UKBB	9	97	680	5	3.34401345252991	0	0	1	19	0	0	1	19	0	0	0	0	0	0	0	0
HDL	UKBB	9	98	1795	5	55.9500002861023	0	1	1	14	0	1	1	14	0	0	0	0	0	0	0	0
HDL	UKBB	9	100	1564	5	39.9374480247498	0	0	0	0	0	0	0	0	0	0	0	0	0	0	0	0
HDL	UKBB	9	102	1388	5	18.7499754428864	0	0	1	30	0	0	1	30	0	0	0	0	0	0	0	0
HDL	UKBB	9	103	454	5	2.90859389305115	0	0	0	0	0	0	0	0	0	0	0	0	0	0	0	0
HDL	UKBB	9	104	502	5	2.44644618034363	0	0	0	0	0	0	0	0	0	0	0	0	0	0	0	0
HDL	UKBB	9	105	325	5	1.97067761421204	0	0	0	0	0	0	0	0	0	0	0	0	0	0	0	0
HDL	UKBB	9	106	1123	5	9.46855139732361	0	1	2	16	0	1	2	16	0	0	0	0	0	0	0	0
HDL	UKBB	9	107	382	5	1.397709608078	0	0	0	0	0	0	0	0	0	0	0	0	0	0	0	0
HDL	UKBB	9	109	2006	5	60.8294882774353	0	1	0	0	0	1	0	0	0	0	0	0	0	0	0	0
HDL	UKBB	9	110	1887	5	58.8590869903564	2	4	4	7	2	4	4	7	1	1	1	1	1	2	2	2
HDL	UKBB	9	111	58	10	2.02497386932373	6	6	6	6	6	6	6	6	0	0	0	0	1	2	2	2
HDL	UKBB	9	112	1548	10	74.9856760501862	4	5	5	6	4	5	5	6	0	0	0	0	0	0	0	0
HDL	UKBB	9	113	919	5	6.6892237663269	0	0	0	0	0	0	0	0	0	0	0	0	0	0	0	0
HDL	UKBB	9	114	604	5	7.14750647544861	0	1	0	0	0	1	0	0	0	0	0	0	0	0	0	0
HDL	UKBB	9	115	2134	5	91.2155556678772	0	0	0	0	0	0	0	0	0	0	0	0	0	0	0	0
HDL	UKBB	9	116	1026	5	8.25117707252502	0	1	1	14	0	1	1	14	0	0	0	0	0	0	0	0
HDL	UKBB	9	118	2418	5	143.991233348846	0	0	1	8	0	0	1	8	0	0	0	0	0	0	0	0
HDL	UKBB	9	124	858	5	8.15736842155457	0	3	2	5	0	3	2	5	0	1	0	0	0	0	0	0
HDL	UKBB	9	129	1298	5	18.9876434803009	0	0	0	0	0	0	0	0	0	0	0	0	0	0	0	0
HDL	UKBB	9	130	1159	5	12.827782869339	0	0	0	0	0	0	0	0	0	0	0	0	0	0	0	0
HDL	UKBB	9	134	1784	5	61.6743268966675	0	1	0	0	0	1	0	0	0	1	0	0	0	0	0	0
HDL	UKBB	9	136	1100	5	8.95672965049744	0	0	1	5	0	0	1	5	0	0	0	0	0	0	0	0
HDL	UKBB	9	138	1348	5	19.1444566249847	0	0	2	74	0	0	2	74	0	0	0	0	0	0	0	0
HDL	UKBB	9	140	1791	5	47.3676514625549	0	0	1	24	0	0	1	24	0	0	0	0	0	0	0	0
HDL	UKBB	9	141	266	5	1.35808348655701	0	1	0	0	0	1	0	0	0	0	0	0	0	0	0	0
HDL	UKBB	9	144	527	5	2.74144101142883	0	0	0	0	0	0	0	0	0	0	0	0	0	0	0	0
HDL	UKBB	9	148	511	5	2.59258008003235	0	1	1	5	0	1	1	5	0	0	0	0	0	0	0	0
HDL	UKBB	9	149	590	5	5.2506856918335	0	2	1	2	0	2	1	2	0	1	1	2	0	0	0	0
HDL	UKBB	9	152	121	5	0.633557796478271	0	0	1	23	0	0	1	23	0	0	0	0	0	0	1	23
HDL	UKBB	9	153	87	5	0.23346209526062	0	0	0	0	0	0	0	0	0	0	0	0	0	0	0	0
HDL	UKBB	9	154	313	5	1.27795648574829	0	0	0	0	0	0	0	0	0	0	0	0	0	0	0	0
HDL	UKBB	9	156	548	5	1.76724052429199	0	0	0	0	0	0	0	0	0	0	0	0	0	0	0	0
HDL	UKBB	9	162	245	5	1.03114414215088	0	0	2	44	0	0	2	44	0	0	0	0	0	0	0	0
HDL	UKBB	10	1	1247	5	14.4486634731293	0	0	1	29	0	0	0	0	0	0	0	0	0	0	0	0
HDL	UKBB	10	9	109	5	0.264060020446777	0	0	0	0	0	0	0	0	0	0	0	0	0	0	0	0
HDL	UKBB	10	11	469	5	2.65498328208923	0	0	0	0	0	0	0	0	0	0	0	0	0	0	0	0
HDL	UKBB	10	13	1043	5	7.53452467918396	0	0	0	0	0	0	0	0	0	0	0	0	0	0	0	0
HDL	UKBB	10	14	1464	5	20.9799675941467	0	0	1	46	0	0	1	46	0	0	0	0	0	0	0	0
HDL	UKBB	10	20	47	5	0.14260721206665	0	0	0	0	0	0	0	0	0	0	0	0	0	0	0	0
HDL	UKBB	10	22	1189	5	10.2606198787689	0	0	0	0	0	0	0	0	0	0	0	0	0	0	0	0
HDL	UKBB	10	23	324	5	1.6122784614563	0	0	1	9	0	0	1	9	0	0	0	0	0	0	0	0
HDL	UKBB	10	33	931	5	7.58234167098999	0	0	1	9	0	0	1	9	0	0	0	0	0	0	0	0
HDL	UKBB	10	40	934	5	9.23422718048096	0	0	0	0	0	0	0	0	0	0	0	0	0	0	0	0
HDL	UKBB	10	43	1019	5	9.10244727134705	0	0	1	6	0	0	1	6	0	0	0	0	0	0	0	0
HDL	UKBB	10	46	1712	5	49.6579403877258	0	0	0	0	0	0	0	0	0	0	0	0	0	0	0	0
HDL	UKBB	10	48	1387	5	28.756382226944	0	1	1	2	0	1	1	2	0	0	0	0	0	0	0	0
HDL	UKBB	10	49	1008	5	9.41981434822083	0	0	0	0	0	0	0	0	0	0	0	0	0	0	0	0
HDL	UKBB	10	52	1372	5	26.651960849762	0	0	0	0	0	0	0	0	0	0	0	0	0	0	0	0
HDL	UKBB	10	54	2645	5	177.661541938782	0	0	0	0	0	0	0	0	0	0	0	0	0	0	0	0
HDL	UKBB	10	60	1545	5	38.1442174911499	0	1	3	22	0	1	3	22	0	0	0	0	0	0	0	0
HDL	UKBB	10	61	583	5	1.9699866771698	0	0	1	8	0	0	1	8	0	0	0	0	0	0	1	8
HDL	UKBB	10	64	275	5	1.14442229270935	0	0	1	24	0	0	1	24	0	0	0	0	0	0	0	0
HDL	UKBB	10	67	678	5	4.84204125404358	0	0	1	9	0	0	1	9	0	0	0	0	0	0	0	0
HDL	UKBB	10	68	748	5	4.80576491355896	0	0	0	0	0	0	0	0	0	0	0	0	0	0	0	0
HDL	UKBB	10	70	1234	5	15.7135972976685	0	0	0	0	0	0	0	0	0	0	0	0	0	0	0	0
HDL	UKBB	10	79	1445	5	30.4005064964294	0	1	1	5	0	1	1	5	0	0	0	0	0	0	0	0
HDL	UKBB	10	80	1157	5	10.8470847606659	0	0	0	0	0	0	0	0	0	0	0	0	0	0	0	0
HDL	UKBB	10	81	1354	5	15.8275656700134	0	0	1	8	0	0	1	8	0	0	0	0	0	0	0	0
HDL	UKBB	10	83	1562	5	26.7021617889404	0	0	0	0	0	0	0	0	0	0	0	0	0	0	0	0
HDL	UKBB	10	85	449	5	3.96176385879517	0	0	1	4	0	0	1	4	0	0	0	0	0	0	0	0
HDL	UKBB	10	87	760	5	4.13083219528198	0	0	0	0	0	0	0	0	0	0	0	0	0	0	0	0
HDL	UKBB	10	92	2096	5	86.3514809608459	0	1	3	18	0	1	3	18	0	0	1	4	0	0	0	0
HDL	UKBB	10	93	314	5	1.50071120262146	0	0	1	14	0	0	1	14	0	0	0	0	0	0	0	0
HDL	UKBB	10	100	429	5	2.2187294960022	0	1	2	17	0	1	2	17	0	0	0	0	0	0	0	0
HDL	UKBB	10	101	968	5	6.39576029777527	0	0	0	0	0	0	0	0	0	0	0	0	0	0	0	0
HDL	UKBB	10	109	1270	5	14.8502593040466	0	0	1	6	0	0	1	6	0	0	0	0	0	0	0	0
HDL	UKBB	10	113	1055	5	8.39395785331726	0	1	0	0	0	1	0	0	0	0	0	0	0	0	0	0
HDL	UKBB	10	117	1645	5	30.8154249191284	2	2	2	2	2	2	2	2	1	1	1	1	0	1	1	1
HDL	UKBB	10	124	321	5	1.15574884414673	0	0	1	4	0	0	1	4	0	0	0	0	0	0	0	0
HDL	UKBB	10	126	1517	5	36.5731720924377	0	1	1	3	0	1	1	3	0	0	0	0	0	0	0	0
HDL	UKBB	10	127	354	5	1.39551115036011	0	1	0	0	0	1	0	0	0	0	0	0	0	0	0	0
HDL	UKBB	10	128	107	5	0.477967977523804	0	1	1	2	0	1	1	2	0	0	0	0	0	0	0	0
HDL	UKBB	10	129	1633	5	43.1851456165314	0	0	1	3	0	0	1	3	0	0	1	3	0	0	0	0
HDL	UKBB	10	130	551	5	3.78708672523499	0	0	0	0	0	0	0	0	0	0	0	0	0	0	0	0
HDL	UKBB	10	137	1565	5	33.7337288856506	0	0	1	10	0	0	1	10	0	0	0	0	0	0	1	10
HDL	UKBB	10	138	280	5	2.04189372062683	0	0	2	18	0	0	2	18	0	0	0	0	0	0	0	0
HDL	UKBB	10	140	208	5	1.00164318084717	0	1	2	10	0	1	2	10	0	0	0	0	0	0	1	6
HDL	UKBB	10	141	931	5	6.72351551055908	0	0	0	0	0	0	0	0	0	0	0	0	0	0	0	0
HDL	UKBB	10	142	376	5	2.03541040420532	0	0	2	9	0	0	2	9	0	0	0	0	0	0	1	3
HDL	UKBB	10	143	1399	5	16.8531820774078	0	0	0	0	0	0	0	0	0	0	0	0	0	0	0	0
HDL	UKBB	10	144	644	5	3.44154715538025	0	0	0	0	0	0	0	0	0	0	0	0	0	0	0	0
HDL	UKBB	10	145	551	5	2.36001563072205	0	1	2	26	0	1	2	26	0	0	0	0	0	0	0	0
HDL	UKBB	10	150	1494	5	42.4580135345459	0	0	1	5	0	0	1	5	0	0	0	0	0	0	0	0
HDL	UKBB	10	152	995	10	23.5951354503632	0	0	5	65	0	0	5	65	0	0	0	0	0	0	1	9
HDL	UKBB	10	153	1060	5	8.57741832733154	0	1	1	2	0	1	1	2	0	0	0	0	0	0	0	0
HDL	UKBB	10	154	2126	5	77.7608315944672	0	0	0	0	0	0	0	0	0	0	0	0	0	0	0	0
HDL	UKBB	10	157	829	5	4.77060961723328	0	0	2	39	0	0	2	39	0	0	0	0	0	0	1	34
HDL	UKBB	10	162	727	5	3.66838932037354	1	1	1	1	1	1	1	1	0	1	1	1	0	0	0	0
HDL	UKBB	10	167	209	5	0.647881984710693	0	0	0	0	0	0	0	0	0	0	0	0	0	0	0	0
HDL	UKBB	11	2	558	5	3.20328068733215	1	1	1	1	1	1	1	1	0	0	0	0	0	1	1	1
HDL	UKBB	11	4	643	5	4.36887407302856	0	1	0	0	0	1	0	0	0	0	0	0	0	0	0	0
HDL	UKBB	11	6	122	5	0.79377007484436	0	0	1	19	0	0	1	19	0	0	0	0	0	0	0	0
HDL	UKBB	11	7	435	5	1.94809722900391	0	2	2	21	0	2	2	21	0	0	0	0	0	1	0	0
HDL	UKBB	11	11	1250	5	13.9056980609894	0	0	0	0	0	0	0	0	0	0	0	0	0	0	0	0
HDL	UKBB	11	18	2178	5	86.9632244110107	0	0	1	3	0	0	1	3	0	0	0	0	0	0	0	0
HDL	UKBB	11	19	481	5	2.02585959434509	0	0	0	0	0	0	0	0	0	0	0	0	0	0	0	0
HDL	UKBB	11	26	416	5	1.72614669799805	0	0	0	0	0	0	0	0	0	0	0	0	0	0	0	0
HDL	UKBB	11	27	1006	5	8.32138109207153	0	0	0	0	0	0	0	0	0	0	0	0	0	0	0	0
HDL	UKBB	11	28	597	5	5.45124340057373	0	1	2	21	0	1	2	21	0	0	0	0	0	0	0	0
HDL	UKBB	11	29	566	5	1.81033682823181	0	0	0	0	0	0	0	0	0	0	0	0	0	0	0	0
HDL	UKBB	11	30	629	5	2.7522554397583	0	0	0	0	0	0	0	0	0	0	0	0	0	0	0	0
HDL	UKBB	11	33	971	5	10.1198575496674	0	0	0	0	0	0	0	0	0	0	0	0	0	0	0	0
HDL	UKBB	11	51	1082	5	11.8734002113342	0	1	0	0	0	1	0	0	0	0	0	0	0	0	0	0
HDL	UKBB	11	52	560	5	2.38464665412903	0	1	1	2	0	1	1	2	0	0	0	0	0	0	0	0
HDL	UKBB	11	53	1060	5	9.07317709922791	0	0	0	0	0	0	0	0	0	0	0	0	0	0	0	0
HDL	UKBB	11	54	841	5	5.70095205307007	0	0	1	12	0	0	1	12	0	0	0	0	0	0	0	0
HDL	UKBB	11	57	758	5	5.36074328422546	0	0	0	0	0	0	0	0	0	0	0	0	0	0	0	0
HDL	UKBB	11	65	1050	5	7.96301627159119	0	0	0	0	0	0	0	0	0	0	0	0	0	0	0	0
HDL	UKBB	11	70	1746	5	48.1786074638367	0	0	1	18	0	0	1	18	0	0	0	0	0	0	0	0
HDL	UKBB	11	75	399	5	3.48587799072266	0	0	0	0	0	0	0	0	0	0	0	0	0	0	0	0
HDL	UKBB	11	76	838	5	9.88642549514771	1	3	4	14	1	3	4	14	0	0	0	0	0	1	1	1
HDL	UKBB	11	77	536	5	2.52195072174072	0	0	1	14	0	0	1	14	0	0	0	0	0	0	0	0
HDL	UKBB	11	78	635	5	6.99276494979858	0	2	4	24	0	2	4	24	0	0	0	0	0	0	0	0
HDL	UKBB	11	79	1559	5	30.2555387020111	0	2	4	24	0	2	4	24	0	1	0	0	0	1	1	5
HDL	UKBB	11	80	931	5	6.43428707122803	0	0	1	12	0	0	1	12	0	0	0	0	0	0	0	0
HDL	UKBB	11	81	839	5	6.93633937835693	1	2	2	3	1	2	2	3	0	0	0	0	0	0	0	0
HDL	UKBB	11	86	917	5	7.68129396438599	0	0	3	60	0	0	3	60	0	0	0	0	0	0	1	7
HDL	UKBB	11	88	1385	5	19.7731809616089	0	0	2	23	0	0	2	23	0	0	0	0	0	0	0	0
HDL	UKBB	11	89	236	5	1.52490949630737	0	1	0	0	0	1	0	0	0	0	0	0	0	0	0	0
HDL	UKBB	11	90	1917	5	59.4503579139709	0	0	0	0	0	0	0	0	0	0	0	0	0	0	0	0
HDL	UKBB	11	100	1258	5	11.6223781108856	0	0	0	0	0	0	0	0	0	0	0	0	0	0	0	0
HDL	UKBB	11	107	506	5	2.3714933395385698	1	1	1	1	1	1	1	1	0	0	0	0	0	0	0	0
HDL	UKBB	11	108	368	5	2.60551881790161	0	0	2	36	0	0	2	36	0	0	0	0	0	0	1	25
HDL	UKBB	11	109	369	5	1.75477075576782	0	0	0	0	0	0	0	0	0	0	0	0	0	0	0	0
HDL	UKBB	11	115	1010	5	7.88062834739685	0	0	0	0	0	0	0	0	0	0	0	0	0	0	0	0
HDL	UKBB	11	117	2043	5	77.8561131954193	0	0	1	17	0	0	1	17	0	0	0	0	0	0	0	0
HDL	UKBB	11	121	1126	5	10.0178010463715	0	0	1	10	0	0	1	10	0	0	0	0	0	0	0	0
HDL	UKBB	11	123	421	5	4.0725040435791	1	1	2	9	1	1	2	9	1	1	1	1	0	0	0	0
HDL	UKBB	11	126	2065	5	85.499297618866	0	1	1	3	0	1	1	3	0	1	1	3	0	0	0	0
HDL	UKBB	11	128	177	5	1.33853650093079	0	1	0	0	0	1	0	0	0	0	0	0	0	0	0	0
HDL	UKBB	11	129	1175	15	98.0294592380524	9	12	12	28	8	11	11	27	1	1	2	5	1	3	2	2
HDL	UKBB	11	130	681	5	5.29459643363953	1	2	3	11	1	2	3	11	0	0	1	3	0	0	0	0
HDL	UKBB	11	131	152	5	0.480505228042603	0	0	0	0	0	0	0	0	0	0	0	0	0	0	0	0
HDL	UKBB	11	132	474	5	2.29761743545532	0	0	1	13	0	0	1	13	0	0	0	0	0	0	0	0
HDL	UKBB	11	133	932	10	26.9331693649292	0	0	5	44	0	0	5	44	0	0	0	0	0	0	0	0
HDL	UKBB	11	134	1324	5	19.2500216960907	0	1	1	2	0	1	1	2	0	0	0	0	0	0	0	0
HDL	UKBB	11	138	605	5	4.93251156806946	0	0	0	0	0	0	0	0	0	0	0	0	0	0	0	0
HDL	UKBB	11	140	561	5	2.56260681152344	0	0	0	0	0	0	0	0	0	0	0	0	0	0	0	0
HDL	UKBB	11	141	197	5	1.07867765426636	0	0	0	0	0	0	0	0	0	0	0	0	0	0	0	0
HDL	UKBB	11	142	1243	5	14.3979184627533	0	0	1	17	0	0	1	17	0	0	0	0	0	0	0	0
HDL	UKBB	11	147	1954	5	65.5338280200958	0	1	2	12	0	1	2	12	0	0	0	0	0	0	0	0
HDL	UKBB	11	148	672	5	4.14636659622192	0	0	1	5	0	0	1	5	0	0	0	0	0	0	0	0
HDL	UKBB	11	149	1644	5	41.8827962875366	0	0	0	0	0	0	0	0	0	0	0	0	0	0	0	0
HDL	UKBB	12	4	622	5	3.3901481628418	0	0	0	0	0	0	0	0	0	0	0	0	0	0	0	0
HDL	UKBB	12	8	393	5	1.86435079574585	0	0	1	11	0	0	1	11	0	0	0	0	0	0	0	0
HDL	UKBB	12	9	139	5	0.382919549942017	0	0	0	0	0	0	0	0	0	0	0	0	0	0	0	0
HDL	UKBB	12	12	341	5	2.70995664596558	0	0	0	0	0	0	0	0	0	0	0	0	0	0	0	0
HDL	UKBB	12	17	381	5	1.39224553108215	0	1	2	9	0	1	2	9	0	0	1	6	0	0	0	0
HDL	UKBB	12	18	874	5	12.2450361251831	0	1	2	6	0	1	2	6	0	0	0	0	0	0	0	0
HDL	UKBB	12	23	1343	5	21.482314825058	0	0	2	12	0	0	2	12	0	0	0	0	0	0	0	0
HDL	UKBB	12	24	329	5	2.94455909729004	0	0	0	0	0	0	0	0	0	0	0	0	0	0	0	0
HDL	UKBB	12	25	1154	5	14.4335820674896	0	0	0	0	0	0	0	0	0	0	0	0	0	0	0	0
HDL	UKBB	12	31	335	5	1.11981606483459	0	0	0	0	0	0	0	0	0	0	0	0	0	0	0	0
HDL	UKBB	12	32	1260	5	17.2353494167328	0	0	0	0	0	0	0	0	0	0	0	0	0	0	0	0
HDL	UKBB	12	34	704	5	3.50423717498779	0	0	0	0	0	0	0	0	0	0	0	0	0	0	0	0
HDL	UKBB	12	35	380	5	1.4335799217224099	0	0	1	23	0	0	1	23	0	0	0	0	0	0	0	0
HDL	UKBB	12	36	382	5	1.80937910079956	0	0	0	0	0	0	0	0	0	0	0	0	0	0	0	0
HDL	UKBB	12	38	1650	5	42.1324651241302	0	0	0	0	0	0	0	0	0	0	0	0	0	0	0	0
HDL	UKBB	12	40	638	5	4.60882925987244	1	1	1	1	1	1	1	1	0	0	0	0	0	1	1	1
HDL	UKBB	12	41	337	5	1.23949098587036	1	1	2	6	1	1	2	6	0	0	0	0	0	0	0	0
HDL	UKBB	12	42	1877	5	68.1700468063354	0	0	0	0	0	0	0	0	0	0	0	0	0	0	0	0
HDL	UKBB	12	45	904	5	6.30961632728577	0	0	1	13	0	0	1	13	0	0	0	0	0	0	0	0
HDL	UKBB	12	48	1391	5	22.5995419025421	0	1	1	7	0	1	1	7	0	1	0	0	0	0	0	0
HDL	UKBB	12	49	1337	5	18.8223211765289	0	1	1	3	0	1	1	3	0	0	0	0	0	0	0	0
HDL	UKBB	12	53	1731	5	46.8545968532562	0	0	0	0	0	0	0	0	0	0	0	0	0	0	0	0
HDL	UKBB	12	59	1462	5	18.0729854106903	0	0	0	0	0	0	0	0	0	0	0	0	0	0	0	0
HDL	UKBB	12	60	755	5	4.69806146621704	0	1	0	0	0	0	0	0	0	1	0	0	0	0	0	0
HDL	UKBB	12	61	800	5	3.90607881546021	0	0	0	0	0	0	0	0	0	0	0	0	0	0	0	0
HDL	UKBB	12	62	644	5	5.71522951126099	0	1	3	19	0	1	3	19	0	0	0	0	0	1	1	3
HDL	UKBB	12	63	1089	5	10.4197676181793	0	0	1	8	0	0	1	8	0	0	0	0	0	0	0	0
HDL	UKBB	12	66	1199	5	14.6824705600739	0	0	0	0	0	0	0	0	0	0	0	0	0	0	0	0
HDL	UKBB	12	67	508	5	2.82022070884705	0	1	1	3	0	1	1	3	0	1	0	0	0	0	0	0
HDL	UKBB	12	68	261	5	0.874375581741333	0	1	1	5	0	1	0	0	0	0	0	0	0	0	0	0
HDL	UKBB	12	69	1032	5	7.40099906921387	0	1	0	0	0	1	0	0	0	1	0	0	0	0	0	0
HDL	UKBB	12	70	243	5	1.25936937332153	0	1	1	4	0	1	1	4	0	0	0	0	0	0	0	0
HDL	UKBB	12	71	1136	5	12.4317059516907	1	2	4	24	1	2	4	24	0	1	1	1	0	0	1	1
HDL	UKBB	12	72	3723	5	417.571618318558	0	0	0	0	0	0	0	0	0	0	0	0	0	0	0	0
HDL	UKBB	12	73	1071	5	10.538334608078	0	0	0	0	0	0	0	0	0	0	0	0	0	0	0	0
HDL	UKBB	12	77	597	5	3.03423976898193	0	1	2	17	0	1	2	17	0	0	0	0	0	0	1	9
HDL	UKBB	12	80	1541	5	31.9575283527374	0	2	1	26	0	2	1	26	0	0	0	0	0	1	0	0
HDL	UKBB	12	81	241	5	1.05421257019043	0	0	1	13	0	0	1	13	0	0	0	0	0	0	0	0
HDL	UKBB	12	82	1127	5	9.64870309829712	0	1	0	0	0	1	0	0	0	0	0	0	0	0	0	0
HDL	UKBB	12	94	1721	5	44.4453227519989	0	0	0	0	0	0	0	0	0	0	0	0	0	0	0	0
HDL	UKBB	12	96	611	5	3.85607647895813	0	0	0	0	0	0	0	0	0	0	0	0	0	0	0	0
HDL	UKBB	12	97	1541	5	31.0676419734955	0	0	0	0	0	0	0	0	0	0	0	0	0	0	0	0
HDL	UKBB	12	100	719	5	3.62613940238953	0	1	1	23	0	1	1	23	0	0	0	0	0	0	0	0
HDL	UKBB	12	103	267	5	0.854806900024414	0	0	0	0	0	0	0	0	0	0	0	0	0	0	0	0
HDL	UKBB	12	108	1093	5	11.2273831367493	0	1	0	0	0	1	0	0	0	0	0	0	0	0	0	0
HDL	UKBB	12	110	1384	5	19.1303017139435	0	0	0	0	0	0	0	0	0	0	0	0	0	0	0	0
HDL	UKBB	12	112	160	5	0.673978090286255	1	1	1	1	1	1	1	1	0	1	1	1	0	1	1	1
HDL	UKBB	12	119	1828	5	59.3891000747681	0	1	1	4	0	1	1	4	0	0	0	0	0	0	0	0
HDL	UKBB	12	120	517	5	4.40034866333008	0	1	0	0	0	1	0	0	0	0	0	0	0	0	0	0
HDL	UKBB	12	121	898	5	7.31024074554443	0	0	1	9	0	0	1	9	0	0	0	0	0	0	0	0
HDL	UKBB	12	122	1186	5	17.7315571308136	1	1	3	28	1	1	3	28	0	0	0	0	0	0	0	0
HDL	UKBB	12	123	513	5	3.17992854118347	0	0	0	0	0	0	0	0	0	0	0	0	0	0	0	0
HDL	UKBB	12	125	1536	5	25.6026401519775	0	1	1	7	0	1	1	7	0	0	0	0	0	0	0	0
HDL	UKBB	12	129	978	5	7.67127656936646	0	0	0	0	0	0	0	0	0	0	0	0	0	0	0	0
HDL	UKBB	12	132	1094	5	12.6160955429077	0	2	2	11	0	2	2	11	0	0	0	0	0	0	0	0
HDL	UKBB	12	138	1678	5	38.7890419960022	0	0	1	6	0	0	1	6	0	0	0	0	0	0	0	0
HDL	UKBB	12	139	2019	10	188.257999181747	2	3	7	38	2	3	7	38	0	0	0	0	0	0	1	3
HDL	UKBB	12	140	492	15	33.6296966075897	4	9	12	32	4	9	12	32	0	1	2	5	0	0	0	0
HDL	UKBB	12	141	762	10	21.3235273361206	3	7	9	24	3	7	9	24	0	1	2	3	0	1	1	1
HDL	UKBB	12	154	305	5	0.997250318527222	0	0	0	0	0	0	0	0	0	0	0	0	0	0	0	0
HDL	UKBB	12	156	335	5	1.82083177566528	0	0	0	0	0	0	0	0	0	0	0	0	0	0	0	0
HDL	UKBB	12	163	306	5	2.28181648254395	0	0	0	0	0	0	0	0	0	0	0	0	0	0	0	0
HDL	UKBB	13	1	1106	5	7.90400123596191	0	0	0	0	0	0	0	0	0	0	0	0	0	0	0	0
HDL	UKBB	13	8	1082	5	8.55620336532593	0	0	1	12	0	0	1	12	0	0	0	0	0	0	0	0
HDL	UKBB	13	16	979	5	7.23445510864258	0	0	0	0	0	0	0	0	0	0	0	0	0	0	0	0
HDL	UKBB	13	18	415	5	1.5702691078186	0	0	1	10	0	0	1	10	0	0	0	0	0	0	0	0
HDL	UKBB	13	20	1031	5	12.6288211345673	0	0	0	0	0	0	0	0	0	0	0	0	0	0	0	0
HDL	UKBB	13	21	1186	5	15.6705729961395	0	0	0	0	0	0	0	0	0	0	0	0	0	0	0	0
HDL	UKBB	13	23	413	5	1.74974918365479	0	0	0	0	0	0	0	0	0	0	0	0	0	0	0	0
HDL	UKBB	13	25	411	5	1.06873440742493	0	0	0	0	0	0	0	0	0	0	0	0	0	0	0	0
HDL	UKBB	13	38	258	5	1.07945513725281	0	0	0	0	0	0	0	0	0	0	0	0	0	0	0	0
HDL	UKBB	13	40	769	5	3.53439521789551	0	0	0	0	0	0	0	0	0	0	0	0	0	0	0	0
HDL	UKBB	13	45	968	5	9.24600386619568	0	0	0	0	0	0	0	0	0	0	0	0	0	0	0	0
HDL	UKBB	13	47	709	5	5.98710179328918	0	0	0	0	0	0	0	0	0	0	0	0	0	0	0	0
HDL	UKBB	13	50	2046	5	76.9152669906616	0	0	2	11	0	0	2	11	0	0	0	0	0	0	0	0
HDL	UKBB	13	52	1178	5	10.8887667655945	0	0	0	0	0	0	0	0	0	0	0	0	0	0	0	0
HDL	UKBB	13	54	3426	5	319.885127067566	0	0	0	0	0	0	0	0	0	0	0	0	0	0	0	0
HDL	UKBB	13	55	1510	5	32.150141954422	0	0	1	40	0	0	1	40	0	0	0	0	0	0	0	0
HDL	UKBB	13	57	2588	5	139.667349100113	0	0	0	0	0	0	0	0	0	0	0	0	0	0	0	0
HDL	UKBB	13	58	1874	5	52.8318727016449	0	0	0	0	0	0	0	0	0	0	0	0	0	0	0	0
HDL	UKBB	13	60	1227	5	17.8710527420044	0	0	0	0	0	0	0	0	0	0	0	0	0	0	0	0
HDL	UKBB	13	61	787	5	6.67778277397156	0	1	1	4	0	1	1	4	0	0	0	0	0	0	0	0
HDL	UKBB	13	70	1327	5	19.9488437175751	0	0	0	0	0	0	0	0	0	0	0	0	0	0	0	0
HDL	UKBB	13	72	878	5	5.13191437721252	0	0	0	0	0	0	0	0	0	0	0	0	0	0	0	0
HDL	UKBB	13	73	1185	5	10.3230152130127	0	0	1	19	0	0	1	19	0	0	0	0	0	0	0	0
HDL	UKBB	13	80	367	5	1.97720003128052	0	0	0	0	0	0	0	0	0	0	0	0	0	0	0	0
HDL	UKBB	13	82	1154	5	10.5214490890503	0	0	0	0	0	0	0	0	0	0	0	0	0	0	0	0
HDL	UKBB	13	88	435	5	1.99819779396057	0	0	1	12	0	0	1	12	0	0	0	0	0	0	0	0
HDL	UKBB	13	94	1126	5	12.999856710434	0	0	0	0	0	0	0	0	0	0	0	0	0	0	0	0
HDL	UKBB	13	96	478	5	2.35549306869507	0	0	0	0	0	0	0	0	0	0	0	0	0	0	0	0
HDL	UKBB	13	111	357	5	1.80292940139771	0	0	0	0	0	0	0	0	0	0	0	0	0	0	0	0
HDL	UKBB	13	119	1292	5	15.4153409004211	0	1	1	8	0	1	1	8	0	1	0	0	0	1	0	0
HDL	UKBB	13	124	84	5	0.428680181503296	1	1	1	1	1	1	1	1	0	0	0	0	0	0	0	0
HDL	UKBB	13	125	796	5	7.81536102294922	0	0	0	0	0	0	0	0	0	0	0	0	0	0	0	0
HDL	UKBB	14	1	721	5	4.27570104598999	0	1	1	4	0	1	1	4	0	0	0	0	0	0	0	0
HDL	UKBB	14	6	223	5	0.480157852172852	0	0	1	10	0	0	1	10	0	0	0	0	0	0	0	0
HDL	UKBB	14	14	1734	5	42.3985126018524	0	0	1	19	0	0	1	19	0	0	0	0	0	0	0	0
HDL	UKBB	14	19	1068	5	16.3280143737793	0	0	0	0	0	0	0	0	0	0	0	0	0	0	0	0
HDL	UKBB	14	24	539	5	2.10468602180481	1	1	2	9	1	1	2	9	0	0	0	0	0	0	0	0
HDL	UKBB	14	31	1444	5	30.268221616745	0	0	0	0	0	0	0	0	0	0	0	0	0	0	0	0
HDL	UKBB	14	35	1723	5	45.2660462856293	0	1	0	0	0	1	0	0	0	0	0	0	0	0	0	0
HDL	UKBB	14	46	765	5	6.66056871414185	0	0	1	7	0	0	1	7	0	0	0	0	0	0	0	0
HDL	UKBB	14	47	1318	5	18.342369556427	0	0	0	0	0	0	0	0	0	0	0	0	0	0	0	0
HDL	UKBB	14	49	639	5	2.77399921417236	0	0	0	0	0	0	0	0	0	0	0	0	0	0	0	0
HDL	UKBB	14	64	568	5	3.47983288764954	0	0	0	0	0	0	0	0	0	0	0	0	0	0	0	0
HDL	UKBB	14	67	1139	5	10.1763412952423	1	1	2	15	1	1	2	15	0	0	0	0	0	0	0	0
HDL	UKBB	14	68	852	5	13.2118501663208	0	0	0	0	0	0	0	0	0	0	0	0	0	0	0	0
HDL	UKBB	14	70	1629	5	30.8328268527985	0	0	0	0	0	0	0	0	0	0	0	0	0	0	0	0
HDL	UKBB	14	72	1836	5	58.930114030838	1	1	1	1	1	1	1	1	0	0	0	0	0	0	0	0
HDL	UKBB	14	73	795	5	6.55450296401978	0	0	1	12	0	0	1	12	0	0	0	0	0	0	0	0
HDL	UKBB	14	80	223	5	0.551373958587646	0	0	0	0	0	0	0	0	0	0	0	0	0	0	0	0
HDL	UKBB	14	81	1716	5	38.463907957077	0	0	0	0	0	0	0	0	0	0	0	0	0	0	0	0
HDL	UKBB	14	84	522	5	2.59474349021912	0	0	1	16	0	0	1	16	0	0	0	0	0	0	0	0
HDL	UKBB	14	86	913	5	6.08782863616943	0	0	1	17	0	0	1	17	0	0	0	0	0	0	0	0
HDL	UKBB	14	93	1366	5	13.163557767868	0	0	1	13	0	0	1	13	0	0	0	0	0	0	0	0
HDL	UKBB	14	95	451	5	1.92471265792847	0	0	1	8	0	0	1	8	0	0	0	0	0	0	0	0
HDL	UKBB	14	97	851	5	7.26002526283264	0	0	0	0	0	0	0	0	0	0	0	0	0	0	0	0
HDL	UKBB	14	100	1084	5	10.0289688110352	0	0	1	11	0	0	1	11	0	0	0	0	0	0	0	0
HDL	UKBB	14	103	1122	5	12.263313293457	1	2	2	18	1	2	2	18	0	1	1	1	0	0	0	0
HDL	UKBB	14	117	998	5	6.98625826835632	0	0	1	16	0	0	1	16	0	0	0	0	0	0	1	16
HDL	UKBB	14	121	1086	5	9.35006880760193	0	1	1	6	0	1	1	6	0	0	0	0	0	0	0	0
HDL	UKBB	14	122	247	5	1.12270307540894	0	0	0	0	0	0	0	0	0	0	0	0	0	0	0	0
HDL	UKBB	14	126	1067	5	10.3223059177399	0	0	1	14	0	0	1	14	0	0	0	0	0	0	0	0
HDL	UKBB	14	128	439	5	1.11288738250732	0	1	0	0	0	1	0	0	0	0	0	0	0	0	0	0
HDL	UKBB	14	129	564	5	7.55239343643188	2	2	3	13	2	2	3	13	0	0	0	0	0	0	0	0
HDL	UKBB	15	4	213	5	0.508453845977783	0	0	1	3	0	0	1	3	0	0	0	0	0	0	0	0
HDL	UKBB	15	10	462	5	1.99794173240662	0	1	0	0	0	1	0	0	0	0	0	0	0	0	0	0
HDL	UKBB	15	22	1257	5	17.7943623065948	0	1	1	2	0	1	1	2	0	0	0	0	0	0	0	0
HDL	UKBB	15	27	497	5	3.75653266906738	0	0	0	0	0	0	0	0	0	0	0	0	0	0	0	0
HDL	UKBB	15	28	731	5	4.95323157310486	0	0	1	17	0	0	1	17	0	0	0	0	0	0	0	0
HDL	UKBB	15	29	550	5	2.21253418922424	0	0	0	0	0	0	0	0	0	0	0	0	0	0	0	0
HDL	UKBB	15	31	1998	5	70.6048817634583	0	0	0	0	0	0	0	0	0	0	0	0	0	0	0	0
HDL	UKBB	15	34	432	5	2.75964450836182	0	0	0	0	0	0	0	0	0	0	0	0	0	0	0	0
HDL	UKBB	15	35	1170	5	12.743754863739	0	1	0	0	0	1	0	0	0	0	0	0	0	0	0	0
HDL	UKBB	15	37	1308	5	14.1795048713684	0	0	3	91	0	0	3	91	0	0	0	0	0	0	0	0
HDL	UKBB	15	38	1222	5	22.7749161720276	1	1	2	4	1	1	2	4	0	0	0	0	0	0	0	0
HDL	UKBB	15	39	1060	5	8.5205192565918	0	0	0	0	0	0	0	0	0	0	0	0	0	0	0	0
HDL	UKBB	15	40	335	5	2.98446679115295	0	1	2	26	0	1	2	26	0	0	0	0	0	0	0	0
HDL	UKBB	15	41	1431	5	18.5734601020813	0	0	0	0	0	0	0	0	0	0	0	0	0	0	0	0
HDL	UKBB	15	45	2620	5	145.755235433578	0	0	0	0	0	0	0	0	0	0	0	0	0	0	0	0
HDL	UKBB	15	46	935	5	6.5179591178894	0	0	0	0	0	0	0	0	0	0	0	0	0	0	0	0
HDL	UKBB	15	48	2763	5	159.497860908508	0	0	0	0	0	0	0	0	0	0	0	0	0	0	0	0
HDL	UKBB	15	50	1193	5	15.6847376823425	0	0	0	0	0	0	0	0	0	0	0	0	0	0	0	0
HDL	UKBB	15	51	931	5	7.76849699020386	0	0	0	0	0	0	0	0	0	0	0	0	0	0	0	0
HDL	UKBB	15	52	1047	10	31.8356449604034	5	8	8	23	5	8	8	23	0	3	3	3	2	2	2	2
HDL	UKBB	15	53	185	10	6.57060575485229	2	5	6	17	2	5	6	17	1	1	3	7	1	1	1	1
HDL	UKBB	15	54	1009	5	22.4076411724091	2	3	3	12	2	3	3	12	0	0	0	0	0	1	1	1
HDL	UKBB	15	55	605	5	5.22709131240845	0	0	0	0	0	0	0	0	0	0	0	0	0	0	0	0
HDL	UKBB	15	56	890	5	6.23770332336426	0	0	0	0	0	0	0	0	0	0	0	0	0	0	0	0
HDL	UKBB	15	59	2025	5	75.7863321304321	0	0	1	24	0	0	0	0	0	0	0	0	0	0	0	0
HDL	UKBB	15	62	1828	5	54.863213300705	0	0	3	57	0	0	3	57	0	0	0	0	0	0	0	0
HDL	UKBB	15	64	822	5	4.11980772018433	0	0	0	0	0	0	0	0	0	0	0	0	0	0	0	0
HDL	UKBB	15	66	1276	5	24.0459499359131	0	0	2	29	0	0	2	29	0	0	0	0	0	0	0	0
HDL	UKBB	15	70	593	5	4.83134055137634	0	0	0	0	0	0	0	0	0	0	0	0	0	0	0	0
HDL	UKBB	15	71	34	5	0.269445896148682	0	0	1	11	0	0	1	11	0	0	0	0	0	0	0	0
HDL	UKBB	15	73	303	5	1.04453635215759	0	0	1	27	0	0	1	27	0	0	0	0	0	0	0	0
HDL	UKBB	15	76	2588	5	156.401022672653	0	0	0	0	0	0	0	0	0	0	0	0	0	0	0	0
HDL	UKBB	15	79	1307	5	14.3484551906586	0	0	0	0	0	0	0	0	0	0	0	0	0	0	0	0
HDL	UKBB	15	86	600	5	3.08396601676941	0	1	1	2	0	1	1	2	0	0	0	0	0	0	0	0
HDL	UKBB	15	88	720	5	9.92456150054932	0	0	0	0	0	0	0	0	0	0	0	0	0	0	0	0
HDL	UKBB	15	90	1051	5	9.6260929107666	0	0	0	0	0	0	0	0	0	0	0	0	0	0	0	0
HDL	UKBB	15	98	586	5	2.31290578842163	0	0	0	0	0	0	0	0	0	0	0	0	0	0	0	0
HDL	UKBB	15	102	1001	5	8.32759404182434	1	2	1	1	1	2	1	1	0	1	1	1	0	0	0	0
HDL	UKBB	15	108	351	5	1.04235148429871	0	0	1	13	0	0	1	13	0	0	0	0	0	0	0	0
HDL	UKBB	15	111	632	5	2.58136987686157	0	1	1	17	0	1	1	17	0	1	0	0	0	0	0	0
HDL	UKBB	15	117	485	5	2.31434607505798	0	1	1	10	0	1	1	10	0	0	0	0	0	0	0	0
HDL	UKBB	15	118	342	5	2.98177456855774	0	0	0	0	0	0	0	0	0	0	0	0	0	0	0	0
HDL	UKBB	16	2	128	5	0.690407991409302	0	0	1	14	0	0	1	14	0	0	0	0	0	0	0	0
HDL	UKBB	16	4	824	5	4.83537864685059	0	0	0	0	0	0	0	0	0	0	0	0	0	0	0	0
HDL	UKBB	16	5	197	5	2.41498494148254	0	0	0	0	0	0	0	0	0	0	0	0	0	0	0	0
HDL	UKBB	16	7	874	5	6.45489192008972	0	0	0	0	0	0	0	0	0	0	0	0	0	0	0	0
HDL	UKBB	16	9	854	5	4.90090584754944	0	1	1	2	0	1	1	2	0	0	0	0	0	0	0	0
HDL	UKBB	16	10	460	5	2.31931066513062	0	0	0	0	0	0	0	0	0	0	0	0	0	0	0	0
HDL	UKBB	16	30	74	5	0.378169298171997	0	0	0	0	0	0	0	0	0	0	0	0	0	0	0	0
HDL	UKBB	16	31	1266	5	15.2001881599426	0	0	1	17	0	0	1	17	0	0	0	0	0	0	0	0
HDL	UKBB	16	33	2022	5	71.4029109477997	0	0	1	28	0	0	1	28	0	0	0	0	0	0	0	0
HDL	UKBB	16	37	1030	5	7.90270161628723	1	1	3	24	1	1	3	24	0	0	0	0	0	1	2	14
HDL	UKBB	16	41	943	5	8.87775588035583	0	0	0	0	0	0	0	0	0	0	0	0	0	0	0	0
HDL	UKBB	16	42	104	5	0.487563133239746	0	0	0	0	0	0	0	0	0	0	0	0	0	0	0	0
HDL	UKBB	16	43	765	5	4.27876901626587	0	0	0	0	0	0	0	0	0	0	0	0	0	0	0	0
HDL	UKBB	16	47	604	5	2.6399974822998	0	0	1	27	0	0	1	27	0	0	0	0	0	0	0	0
HDL	UKBB	16	49	678	5	4.44792675971985	0	0	1	48	0	0	1	48	0	0	0	0	0	0	0	0
HDL	UKBB	16	52	850	5	6.14361000061035	0	0	0	0	0	0	0	0	0	0	0	0	0	0	0	0
HDL	UKBB	16	57	161	5	0.686654329299927	0	0	1	23	0	0	1	23	0	0	0	0	0	0	0	0
HDL	UKBB	16	58	386	5	1.3466203212738	0	0	1	63	0	0	1	63	0	0	0	0	0	0	0	0
HDL	UKBB	16	59	309	5	1.92322468757629	0	0	4	48	0	0	4	48	0	0	0	0	0	0	1	14
HDL	UKBB	16	62	685	5	2.6543390750885	0	0	0	0	0	0	0	0	0	0	0	0	0	0	0	0
HDL	UKBB	16	65	602	5	4.39903879165649	0	1	1	8	0	1	1	8	0	0	0	0	0	0	0	0
HDL	UKBB	16	67	408	5	2.0439875125885	0	0	0	0	0	0	0	0	0	0	0	0	0	0	0	0
HDL	UKBB	16	68	748	5	4.90565180778503	0	0	3	49	0	0	3	49	0	0	1	4	0	0	0	0
HDL	UKBB	16	69	620	5	2.6657612323761	0	0	0	0	0	0	0	0	0	0	0	0	0	0	0	0
HDL	UKBB	16	73	626	5	7.20664048194885	0	0	0	0	0	0	0	0	0	0	0	0	0	0	0	0
HDL	UKBB	16	74	205	5	0.856647729873657	0	0	0	0	0	0	0	0	0	0	0	0	0	0	0	0
HDL	UKBB	16	75	1356	15	167.23573589325	12	13	14	28	12	13	14	28	3	3	2	2	2	3	4	7
HDL	UKBB	16	76	803	15	32.6473035812378	10	12	12	17	10	12	12	17	1	2	2	2	0	0	2	7
HDL	UKBB	16	77	366	5	2.47606754302979	0	1	1	2	0	1	1	2	0	0	0	0	0	0	0	0
HDL	UKBB	16	79	678	5	5.25776362419128	0	0	0	0	0	0	0	0	0	0	0	0	0	0	0	0
HDL	UKBB	16	86	629	5	4.5236485004425	0	0	0	0	0	0	0	0	0	0	0	0	0	0	0	0
HDL	UKBB	16	87	124	5	0.57499361038208	0	0	0	0	0	0	0	0	0	0	0	0	0	0	0	0
HDL	UKBB	16	88	1521	5	35.3331050872803	1	2	2	7	1	2	2	7	0	1	1	1	0	0	0	0
HDL	UKBB	16	89	2352	5	132.26392531395	0	1	3	62	0	1	3	62	0	0	0	0	0	0	0	0
HDL	UKBB	16	91	511	5	2.19397020339966	0	1	1	2	0	1	1	2	0	0	0	0	0	0	0	0
HDL	UKBB	16	93	2109	5	64.9305260181427	0	0	1	56	0	0	1	56	0	0	0	0	0	0	0	0
HDL	UKBB	16	94	2952	5	212.067635774612	0	0	0	0	0	0	0	0	0	0	0	0	0	0	0	0
HDL	UKBB	16	103	3374	5	289.250974416733	0	0	1	15	0	0	1	15	0	0	0	0	0	0	0	0
HDL	UKBB	16	104	993	5	10.2503864765167	0	2	2	4	0	2	2	4	0	0	0	0	0	0	0	0
HDL	UKBB	16	105	696	5	6.20002913475037	0	0	0	0	0	0	0	0	0	0	0	0	0	0	0	0
HDL	UKBB	16	106	1264	5	14.1537039279938	0	0	0	0	0	0	0	0	0	0	0	0	0	0	0	0
HDL	UKBB	16	107	1066	5	9.61477494239807	0	0	0	0	0	0	0	0	0	0	0	0	0	0	0	0
HDL	UKBB	16	111	761	5	3.86500430107117	0	0	0	0	0	0	0	0	0	0	0	0	0	0	0	0
HDL	UKBB	16	114	1092	5	6.64889430999756	1	1	1	1	1	1	1	1	0	0	0	0	0	0	0	0
HDL	UKBB	16	116	1386	5	7.91595220565796	0	0	1	3	0	0	1	3	0	0	0	0	0	0	0	0
HDL	UKBB	16	125	1114	5	6.33673882484436	0	0	1	29	0	0	1	29	0	0	0	0	0	0	0	0
HDL	UKBB	16	126	242	5	0.353816747665405	0	0	1	17	0	0	1	17	0	0	0	0	0	0	0	0
HDL	UKBB	16	128	4238	5	376.438501596451	0	0	1	5	0	0	1	5	0	0	0	0	0	0	0	0
HDL	UKBB	17	3	604	5	2.50240612030029	0	1	1	7	0	1	1	7	0	0	0	0	0	0	0	0
HDL	UKBB	17	7	367	5	1.24649500846863	0	0	1	30	0	0	1	30	0	0	0	0	0	0	0	0
HDL	UKBB	17	9	1078	5	11.0214247703552	0	0	0	0	0	0	0	0	0	0	0	0	0	0	0	0
HDL	UKBB	17	14	504	5	4.90618944168091	1	1	2	41	1	1	2	41	0	0	0	0	0	0	0	0
HDL	UKBB	17	23	347	5	2.24612164497375	0	0	0	0	0	0	0	0	0	0	0	0	0	0	0	0
HDL	UKBB	17	24	643	5	6.16648983955383	2	5	3	5	2	5	3	5	0	0	0	0	0	0	0	0
HDL	UKBB	17	25	767	5	7.18169236183167	0	0	1	12	0	0	1	12	0	0	0	0	0	0	0	0
HDL	UKBB	17	30	160	5	0.91841197013855	0	0	1	8	0	0	1	8	0	0	0	0	0	0	0	0
HDL	UKBB	17	49	504	5	2.46117186546326	0	0	0	0	0	0	0	0	0	0	0	0	0	0	0	0
HDL	UKBB	17	51	1322	5	25.5213294029236	1	3	1	1	1	3	1	1	0	0	0	0	0	0	0	0
HDL	UKBB	17	55	1437	5	22.7790343761444	0	0	2	36	0	0	2	36	0	0	0	0	0	0	0	0
HDL	UKBB	17	66	132	5	0.878641843795776	0	0	0	0	0	0	0	0	0	0	0	0	0	0	0	0
HDL	UKBB	17	68	440	5	2.51361417770386	0	0	0	0	0	0	0	0	0	0	0	0	0	0	0	0
HDL	UKBB	17	71	579	5	3.95468020439148	0	2	1	2	0	2	1	2	0	0	0	0	0	0	1	2
HDL	UKBB	17	72	1036	5	8.84257531166077	0	0	0	0	0	0	0	0	0	0	0	0	0	0	0	0
HDL	UKBB	17	73	1111	10	38.0887198448181	4	5	9	30	4	5	9	30	0	1	1	1	0	0	1	8
HDL	UKBB	17	74	1559	5	18.6083438396454	0	1	2	24	0	1	2	24	0	0	0	0	0	1	1	3
HDL	UKBB	17	75	1445	5	20.9622995853424	0	1	2	13	0	1	2	13	0	1	0	0	0	0	0	0
HDL	UKBB	17	76	584	5	3.07609939575195	0	0	1	18	0	0	1	18	0	0	0	0	0	0	0	0
HDL	UKBB	17	78	212	5	0.536393404006958	0	0	0	0	0	0	0	0	0	0	0	0	0	0	0	0
HDL	UKBB	17	85	1253	5	14.8977370262146	0	0	2	26	0	0	2	26	0	0	0	0	0	0	1	18
HDL	UKBB	17	87	481	5	2.13617920875549	0	0	0	0	0	0	0	0	0	0	0	0	0	0	0	0
HDL	UKBB	17	90	1204	5	13.6077425479889	0	1	1	11	0	1	1	11	0	0	0	0	0	0	0	0
HDL	UKBB	17	93	783	5	3.93610596656799	0	0	0	0	0	0	0	0	0	0	0	0	0	0	0	0
HDL	UKBB	17	94	625	5	4.48079943656921	0	1	0	0	0	1	0	0	0	0	0	0	0	0	0	0
HDL	UKBB	17	97	1426	5	19.6485567092896	0	0	0	0	0	0	0	0	0	0	0	0	0	0	0	0
HDL	UKBB	17	98	502	5	2.43852019309998	0	1	1	3	0	1	1	3	0	0	0	0	0	0	0	0
HDL	UKBB	17	99	117	5	0.616140365600586	0	0	0	0	0	0	0	0	0	0	0	0	0	0	0	0
HDL	UKBB	17	100	621	5	3.8445158004760698	0	0	1	25	0	0	1	25	0	0	0	0	0	0	0	0
HDL	UKBB	17	101	741	5	8.9201500415802	0	2	1	12	0	2	1	12	0	0	0	0	0	0	0	0
HDL	UKBB	17	102	378	5	4.27512097358704	0	1	1	4	0	1	1	4	0	0	1	4	0	0	0	0
HDL	UKBB	17	103	452	5	2.26280856132507	0	0	0	0	0	0	0	0	0	0	0	0	0	0	0	0
HDL	UKBB	17	105	880	5	5.02577924728394	0	0	1	17	0	0	1	17	0	0	0	0	0	0	0	0
HDL	UKBB	17	108	152	5	1.41561627388	0	0	1	4	0	0	1	4	0	0	0	0	0	0	0	0
HDL	UKBB	17	109	228	5	1.40658688545227	0	1	0	0	0	1	0	0	0	0	0	0	0	0	0	0
HDL	UKBB	17	117	686	5	6.23883533477783	0	0	0	0	0	0	0	0	0	0	0	0	0	0	0	0
HDL	UKBB	17	118	684	5	4.04046726226807	0	1	1	10	0	1	1	10	0	0	0	0	0	0	0	0
HDL	UKBB	17	125	1113	5	8.47359561920166	0	1	3	62	0	1	3	62	0	0	0	0	0	0	1	6
HDL	UKBB	17	133	364	5	1.99589562416077	0	1	2	21	0	1	2	21	0	0	0	0	0	0	1	16
HDL	UKBB	18	1	472	5	3.03564643859863	0	0	1	4	0	0	1	4	0	0	0	0	0	0	0	0
HDL	UKBB	18	7	868	5	6.38169193267822	0	0	1	18	0	0	1	18	0	0	0	0	0	0	0	0
HDL	UKBB	18	8	685	5	3.34875464439392	0	0	0	0	0	0	0	0	0	0	0	0	0	0	0	0
HDL	UKBB	18	27	404	5	1.66765546798706	0	0	0	0	0	0	0	0	0	0	0	0	0	0	0	0
HDL	UKBB	18	28	875	5	5.2263240814209	0	1	0	0	0	0	0	0	0	1	0	0	0	0	0	0
HDL	UKBB	18	39	1649	5	36.6347606182098	0	1	1	2	0	1	1	2	0	0	0	0	0	0	0	0
HDL	UKBB	18	41	1603	5	38.6928877830505	0	0	1	7	0	0	1	7	0	0	0	0	0	0	0	0
HDL	UKBB	18	42	1285	5	12.0542733669281	0	1	2	31	0	1	2	31	0	0	0	0	0	0	0	0
HDL	UKBB	18	44	1110	5	10.901563167572	0	0	0	0	0	0	0	0	0	0	0	0	0	0	0	0
HDL	UKBB	18	46	1199	5	10.4211177825928	0	0	0	0	0	0	0	0	0	0	0	0	0	0	0	0
HDL	UKBB	18	49	1403	5	16.6562652587891	0	0	0	0	0	0	0	0	0	0	0	0	0	0	0	0
HDL	UKBB	18	52	900	5	8.91906428337097	0	1	0	0	0	1	0	0	0	0	0	0	0	0	0	0
HDL	UKBB	18	53	908	5	5.73322653770447	0	0	2	34	0	0	2	34	0	0	0	0	0	0	1	15
HDL	UKBB	18	58	1129	5	9.4836106300354	0	0	1	45	0	0	1	45	0	0	0	0	0	0	0	0
HDL	UKBB	18	59	1401	5	17.9852588176727	0	0	0	0	0	0	0	0	0	0	0	0	0	0	0	0
HDL	UKBB	18	60	1368	5	14.6086134910583	0	0	1	24	0	0	1	24	0	0	0	0	0	0	0	0
HDL	UKBB	18	61	1210	5	14.4963362216949	0	0	2	46	0	0	2	46	0	0	0	0	0	0	1	7
HDL	UKBB	18	62	1483	5	27.7537705898285	0	0	0	0	0	0	0	0	0	0	0	0	0	0	0	0
HDL	UKBB	18	65	1301	5	15.3790149688721	0	0	0	0	0	0	0	0	0	0	0	0	0	0	0	0
HDL	UKBB	18	66	385	5	2.0838668346405	0	0	0	0	0	0	0	0	0	0	0	0	0	0	0	0
HDL	UKBB	18	67	484	5	2.70988774299622	0	0	0	0	0	0	0	0	0	0	0	0	0	0	0	0
HDL	UKBB	18	68	109	5	0.51326322555542	0	0	0	0	0	0	0	0	0	0	0	0	0	0	0	0
HDL	UKBB	18	69	2270	15	396.640963077545	5	9	13	31	5	9	13	31	1	3	4	9	1	3	5	12
HDL	UKBB	18	73	1810	5	52.9263710975647	0	0	2	53	0	0	2	53	0	0	0	0	0	0	1	40
HDL	UKBB	18	74	1688	5	47.2861649990082	0	0	0	0	0	0	0	0	0	0	0	0	0	0	0	0
HDL	UKBB	18	76	951	5	6.64576649665833	0	0	0	0	0	0	0	0	0	0	0	0	0	0	0	0
HDL	UKBB	18	79	481	5	2.11842703819275	0	0	1	15	0	0	1	15	0	0	0	0	0	0	0	0
HDL	UKBB	18	80	918	5	7.26285529136658	0	0	0	0	0	0	0	0	0	0	0	0	0	0	0	0
HDL	UKBB	18	82	1931	5	52.1757109165192	0	0	2	10	0	0	2	10	0	0	1	6	0	0	2	10
HDL	UKBB	18	84	299	5	1.46233487129211	0	0	0	0	0	0	0	0	0	0	0	0	0	0	0	0
HDL	UKBB	18	86	38	5	0.104695796966553	0	0	0	0	0	0	0	0	0	0	0	0	0	0	0	0
HDL	UKBB	19	5	33	5	0.0430407524108887	0	0	0	0	0	0	0	0	0	0	0	0	0	0	0	0
HDL	UKBB	19	6	94	5	0.904899597167969	0	0	0	0	0	0	0	0	0	0	0	0	0	0	0	0
HDL	UKBB	19	10	129	5	0.575908422470093	0	0	0	0	0	0	0	0	0	0	0	0	0	0	0	0
HDL	UKBB	19	11	164	5	0.885035753250122	0	0	1	7	0	0	1	7	0	0	0	0	0	0	0	0
HDL	UKBB	19	12	154	5	1.04142093658447	0	0	1	29	0	0	0	0	0	0	0	0	0	0	0	0
HDL	UKBB	19	16	84	5	0.218764305114746	1	1	1	1	1	1	1	1	0	0	0	0	0	0	0	0
HDL	UKBB	19	19	58	5	0.426871538162231	1	1	2	6	1	1	2	6	0	0	0	0	0	0	0	0
HDL	UKBB	19	22	531	5	4.26949214935303	0	1	2	11	0	1	2	11	0	1	1	4	0	0	0	0
HDL	UKBB	19	25	398	5	2.33552384376526	0	0	0	0	0	0	0	0	0	0	0	0	0	0	0	0
HDL	UKBB	19	29	502	5	4.28319311141968	0	2	1	3	0	2	1	3	0	0	0	0	0	0	0	0
HDL	UKBB	19	30	372	5	0.879661321640015	0	1	2	13	0	1	2	13	0	0	0	0	0	1	1	3
HDL	UKBB	19	32	401	5	2.02221775054932	1	2	1	1	1	2	1	1	0	0	0	0	0	0	0	0
HDL	UKBB	19	33	171	10	4.14141178131104	4	6	9	33	4	6	9	33	0	1	1	1	0	1	2	5
HDL	UKBB	19	34	285	5	1.68213963508606	0	0	0	0	0	0	0	0	0	0	0	0	0	0	0	0
HDL	UKBB	19	37	791	5	3.53049612045288	0	0	1	4	0	0	1	4	0	0	0	0	0	0	0	0
HDL	UKBB	19	38	214	5	2.17258620262146	1	3	3	5	1	3	3	5	0	1	1	2	0	0	1	2
HDL	UKBB	19	39	963	5	5.78199648857117	0	0	0	0	0	0	0	0	0	0	0	0	0	0	0	0
HDL	UKBB	19	47	579	5	2.37997484207153	0	0	0	0	0	0	0	0	0	0	0	0	0	0	0	0
HDL	UKBB	19	50	98	5	0.490018844604492	0	0	0	0	0	0	0	0	0	0	0	0	0	0	0	0
HDL	UKBB	19	51	415	5	2.55030345916748	0	1	1	7	0	1	1	7	0	0	0	0	0	0	0	0
HDL	UKBB	19	52	394	5	3.51463198661804	0	1	1	11	0	1	1	11	0	0	0	0	0	0	0	0
HDL	UKBB	19	57	1066	5	9.0866596698761	0	0	0	0	0	0	0	0	0	0	0	0	0	0	0	0
HDL	UKBB	19	58	486	5	1.94182109832764	0	0	0	0	0	0	0	0	0	0	0	0	0	0	0	0
HDL	UKBB	19	61	824	5	4.02180671691895	0	0	0	0	0	0	0	0	0	0	0	0	0	0	0	0
HDL	UKBB	19	63	474	5	2.18665337562561	2	3	3	9	2	3	3	9	0	0	0	0	0	0	0	0
HDL	UKBB	19	64	1373	5	13.0682651996613	0	0	0	0	0	0	0	0	0	0	0	0	0	0	0	0
HDL	UKBB	19	67	2221	5	94.8722567558289	0	1	1	13	0	1	1	13	0	0	0	0	0	0	0	0
HDL	UKBB	19	68	524	5	4.14221239089966	0	0	0	0	0	0	0	0	0	0	0	0	0	0	0	0
HDL	UKBB	19	70	529	5	3.77975630760193	0	0	0	0	0	0	0	0	0	0	0	0	0	0	0	0
HDL	UKBB	19	71	92	5	0.332864046096802	0	1	1	4	0	1	1	4	0	0	0	0	0	0	0	0
HDL	UKBB	19	73	175	5	2.01574683189392	0	0	2	14	0	0	2	14	0	0	0	0	0	0	0	0
HDL	UKBB	19	74	1125	5	13.4052531719208	0	1	1	2	0	1	1	2	0	0	0	0	0	0	0	0
HDL	UKBB	19	75	117	10	2.20977306365967	4	4	5	6	4	4	5	6	2	3	3	3	0	0	0	0
HDL	UKBB	19	76	837	10	16.0769157409668	1	4	5	10	1	4	5	10	0	0	0	0	0	0	1	3
HDL	UKBB	19	77	1359	5	13.2574527263641	0	2	3	21	0	2	3	21	0	0	0	0	0	0	0	0
HDL	UKBB	19	79	561	5	3.28661847114563	0	0	0	0	0	0	0	0	0	0	0	0	0	0	0	0
HDL	UKBB	19	80	135	5	0.438485622406006	0	0	0	0	0	0	0	0	0	0	0	0	0	0	0	0
HDL	UKBB	19	81	456	5	3.30772161483765	0	0	0	0	0	0	0	0	0	0	0	0	0	0	0	0
HDL	UKBB	19	89	538	5	1.70334362983704	0	0	0	0	0	0	0	0	0	0	0	0	0	0	0	0
HDL	UKBB	19	90	979	5	9.90860199928284	0	1	1	2	0	1	1	2	0	0	0	0	0	0	0	0
HDL	UKBB	19	93	268	5	1.58782958984375	0	0	0	0	0	0	0	0	0	0	0	0	0	0	0	0
HDL	UKBB	19	94	582	5	2.45737910270691	0	0	0	0	0	0	0	0	0	0	0	0	0	0	0	0
HDL	UKBB	19	98	122	5	0.698915243148804	1	3	4	15	1	3	4	15	0	0	1	3	0	0	0	0
HDL	UKBB	19	104	1072	5	4.86208462715149	1	1	2	7	1	1	2	7	0	0	0	0	0	0	0	0
HDL	UKBB	19	109	259	5	1.01491212844849	0	0	1	10	0	0	1	10	0	0	0	0	0	0	0	0
HDL	UKBB	20	1	370	5	1.32141995429993	0	0	0	0	0	0	0	0	0	0	0	0	0	0	0	0
HDL	UKBB	20	2	322	5	1.40963530540466	0	0	0	0	0	0	0	0	0	0	0	0	0	0	0	0
HDL	UKBB	20	3	156	5	0.705022811889648	0	0	0	0	0	0	0	0	0	0	0	0	0	0	0	0
HDL	UKBB	20	11	403	5	0.98664379119873	0	0	0	0	0	0	0	0	0	0	0	0	0	0	0	0
HDL	UKBB	20	22	518	5	1.94035124778748	0	0	0	0	0	0	0	0	0	0	0	0	0	0	0	0
HDL	UKBB	20	23	158	5	1.32240748405457	0	1	1	3	0	1	1	3	0	0	0	0	0	0	0	0
HDL	UKBB	20	24	93	5	0.409910202026367	0	0	0	0	0	0	0	0	0	0	0	0	0	0	0	0
HDL	UKBB	20	29	816	5	5.09486746788025	0	0	0	0	0	0	0	0	0	0	0	0	0	0	0	0
HDL	UKBB	20	40	609	5	5.48895001411438	0	0	1	8	0	0	0	0	0	0	0	0	0	0	0	0
HDL	UKBB	20	42	1464	5	20.5006332397461	0	0	1	7	0	0	1	7	0	0	0	0	0	0	0	0
HDL	UKBB	20	48	1504	5	23.8610165119171	0	0	2	12	0	0	2	12	0	0	0	0	0	0	0	0
HDL	UKBB	20	54	1259	5	18.7478952407837	0	0	1	29	0	0	1	29	0	0	0	0	0	0	0	0
HDL	UKBB	20	59	991	5	9.4779851436615	0	0	0	0	0	0	0	0	0	0	0	0	0	0	0	0
HDL	UKBB	20	62	782	5	5.90450429916382	0	0	0	0	0	0	0	0	0	0	0	0	0	0	0	0
HDL	UKBB	20	63	1988	5	66.9416675567627	0	0	0	0	0	0	0	0	0	0	0	0	0	0	0	0
HDL	UKBB	20	64	519	5	2.06328749656677	0	0	0	0	0	0	0	0	0	0	0	0	0	0	0	0
HDL	UKBB	20	65	1126	5	12.1627368927002	0	0	0	0	0	0	0	0	0	0	0	0	0	0	0	0
HDL	UKBB	20	67	659	5	4.34523987770081	0	0	2	21	0	0	2	21	0	0	0	0	0	0	0	0
HDL	UKBB	20	68	333	5	1.93757796287537	0	0	0	0	0	0	0	0	0	0	0	0	0	0	0	0
HDL	UKBB	20	69	878	5	27.1219089031219	2	2	3	4	2	2	2	3	0	0	0	0	0	0	0	0
HDL	UKBB	20	70	543	5	2.59884166717529	0	0	1	13	0	0	1	13	0	0	0	0	0	0	0	0
HDL	UKBB	20	71	939	10	11.9088480472565	4	5	5	14	4	5	5	14	1	3	3	3	1	3	3	3
HDL	UKBB	20	72	205	5	0.864951610565186	0	0	0	0	0	0	0	0	0	0	0	0	0	0	0	0
HDL	UKBB	20	73	902	5	6.33145356178284	0	0	0	0	0	0	0	0	0	0	0	0	0	0	0	0
HDL	UKBB	20	74	404	5	3.42893695831299	0	3	2	7	0	3	2	7	0	0	0	0	0	0	0	0
HDL	UKBB	20	75	722	5	4.58230662345886	0	0	1	3	0	0	1	3	0	0	0	0	0	0	0	0
HDL	UKBB	20	84	1097	5	16.1805651187897	0	1	2	34	0	1	2	34	0	0	0	0	0	0	0	0
HDL	UKBB	20	86	634	5	7.08881497383118	0	0	0	0	0	0	0	0	0	0	0	0	0	0	0	0
HDL	UKBB	20	93	1393	5	19.1772854328156	1	2	1	1	1	2	1	1	0	0	0	0	0	0	0	0
HDL	UKBB	20	99	624	5	4.71102023124695	0	1	0	0	0	1	0	0	0	0	0	0	0	0	0	0
HDL	UKBB	20	114	2107	5	52.9052076339722	0	0	0	0	0	0	0	0	0	0	0	0	0	0	0	0
HDL	UKBB	20	115	607	5	1.71534967422485	0	0	1	10	0	0	1	10	0	0	0	0	0	0	0	0
HDL	UKBB	21	2	179	5	1.09452128410339	0	1	3	23	0	1	3	23	0	0	0	0	0	0	0	0
HDL	UKBB	21	3	367	5	1.42118310928345	0	1	2	15	0	1	2	15	0	0	1	3	0	0	0	0
HDL	UKBB	21	4	186	5	0.582249402999878	0	0	1	9	0	0	1	9	0	0	0	0	0	0	0	0
HDL	UKBB	21	30	1686	5	49.3052713871002	0	0	1	29	0	0	1	29	0	0	0	0	0	0	0	0
HDL	UKBB	21	37	938	5	6.87428116798401	0	0	0	0	0	0	0	0	0	0	0	0	0	0	0	0
HDL	UKBB	21	41	1628	5	38.4943997859955	0	0	1	7	0	0	1	7	0	0	0	0	0	0	0	0
HDL	UKBB	21	45	1299	5	12.3911559581757	0	0	0	0	0	0	0	0	0	0	0	0	0	0	0	0
HDL	UKBB	21	53	631	5	4.11127948760986	0	0	0	0	0	0	0	0	0	0	0	0	0	0	0	0
HDL	UKBB	21	57	406	5	1.77924275398254	0	1	2	39	0	1	2	39	0	0	0	0	0	0	0	0
HDL	UKBB	21	62	501	5	1.39994788169861	0	2	1	2	0	2	1	2	0	0	0	0	0	0	0	0
HDL	UKBB	21	63	1045	5	3.8966908454895	0	0	0	0	0	0	0	0	0	0	0	0	0	0	0	0
HDL	UKBB	21	64	1797	5	19.1231989860535	0	0	2	52	0	0	2	52	0	0	0	0	0	0	0	0
HDL	UKBB	22	13	374	5	1.00477290153503	0	0	1	16	0	0	1	16	0	0	0	0	0	0	1	16
HDL	UKBB	22	14	352	5	1.48862504959106	0	0	0	0	0	0	0	0	0	0	0	0	0	0	0	0
HDL	UKBB	22	24	1145	5	10.078583240509	0	0	0	0	0	0	0	0	0	0	0	0	0	0	0	0
HDL	UKBB	22	26	462	5	1.70362281799316	0	0	0	0	0	0	0	0	0	0	0	0	0	0	0	0
HDL	UKBB	22	29	988	5	7.03929758071899	1	1	1	1	1	1	1	1	0	0	0	0	0	0	0	0
HDL	UKBB	22	30	3088	5	212.240604162216	0	1	3	61	0	1	3	61	0	0	0	0	0	0	0	0
HDL	UKBB	22	33	586	5	3.18439793586731	0	0	0	0	0	0	0	0	0	0	0	0	0	0	0	0
HDL	UKBB	22	37	731	5	5.30028891563416	0	0	0	0	0	0	0	0	0	0	0	0	0	0	0	0
HDL	UKBB	22	43	615	5	2.52986145019531	0	0	1	3	0	0	1	3	0	0	0	0	0	0	0	0
HDL	UKBB	22	44	433	5	1.10425353050232	0	0	1	34	0	0	1	34	0	0	0	0	0	0	0	0
HDL	UKBB	22	45	571	5	2.58287382125854	0	1	1	2	0	1	1	2	0	0	0	0	0	0	0	0
HDL	UKBB	22	46	1587	5	33.282351732254	0	0	0	0	0	0	0	0	0	0	0	0	0	0	0	0
HDL	UKBB	22	47	761	5	5.40579390525818	0	0	0	0	0	0	0	0	0	0	0	0	0	0	0	0
HDL	UKBB	22	49	169	5	0.37718677520752	0	0	0	0	0	0	0	0	0	0	0	0	0	0	0	0
HDL	UKBB	22	50	362	5	1.04581522941589	0	0	0	0	0	0	0	0	0	0	0	0	0	0	0	0
HDL	UKBB	22	54	1129	5	5.9649715423584	0	0	0	0	0	0	0	0	0	0	0	0	0	0	0	0
HDL	UKBB	22	59	1848	5	27.3307528495789	0	0	0	0	0	0	0	0	0	0	0	0	0	0	0	0
HDL	UKBB	22	62	1313	5	7.50546216964722	0	0	0	0	0	0	0	0	0	0	0	0	0	0	0	0
HDL	UKBB	22	64	834	5	2.52551174163818	0	0	1	9	0	0	1	9	0	0	0	0	0	0	0	0
HDL	UKBB	22	66	1265	5	5.7210898399353	0	0	0	0	0	0	0	0	0	0	0	0	0	0	0	0
HDL	UKBB	22	70	2005	5	45.2351932525635	0	1	1	2	0	1	1	2	0	1	1	2	0	0	0	0
