pheno	db	pid	chromosome	block	num_variants	L	time	num_variants_0.95	num_variants_0.5	num_CS95	num_variants_CS95
LDL	UKBB	EAS	1	2	92	5	0.672185182571411	0	0	0	0
LDL	UKBB	EAS	1	4	410	5	1.0836033821106	0	0	0	0
LDL	UKBB	EAS	1	17	1895	5	3.03581809997559	0	0	0	0
LDL	UKBB	EAS	1	19	1293	5	1.48007464408875	0	0	0	0
LDL	UKBB	EAS	1	23	619	5	1.69217443466187	0	0	0	0
LDL	UKBB	EAS	1	35	1520	5	2.87504744529724	0	0	0	0
LDL	UKBB	EAS	1	40	795	5	1.27677416801453	0	0	0	0
LDL	UKBB	EAS	1	48	696	5	1.41641426086426	0	0	0	0
LDL	UKBB	EAS	1	49	435	5	1.34049940109253	0	0	0	0
LDL	UKBB	EAS	1	51	609	5	1.42120504379272	0	0	0	0
LDL	UKBB	EAS	1	52	1510	5	2.44915723800659	0	0	0	0
LDL	UKBB	EAS	1	53	1301	5	1.53081512451172	0	0	0	0
LDL	UKBB	EAS	1	58	1568	5	4.15660929679871	0	0	0	0
LDL	UKBB	EAS	1	70	1504	5	2.51371645927429	0	0	0	0
LDL	UKBB	EAS	1	73	1804	5	2.79621148109436	0	0	0	0
LDL	UKBB	EAS	1	75	2597	5	5.25121855735779	0	0	0	0
LDL	UKBB	EAS	1	76	1430	5	2.87693190574646	0	0	0	0
LDL	UKBB	EAS	1	78	852	5	1.45352602005005	0	0	0	0
LDL	UKBB	EAS	1	80	892	5	1.57752084732056	0	0	0	0
LDL	UKBB	EAS	1	81	605	5	1.46894550323486	0	0	0	0
LDL	UKBB	EAS	1	82	1017	5	1.5022029876709	0	0	0	0
LDL	UKBB	EAS	1	83	1632	5	3.31770205497742	0	0	0	0
LDL	UKBB	EAS	1	84	2481	5	4.69119715690613	0	0	0	0
LDL	UKBB	EAS	1	85	957	5	1.57678174972534	0	0	0	0
LDL	UKBB	EAS	1	88	1284	5	1.83178234100342	0	0	0	0
LDL	UKBB	EAS	1	89	1333	5	2.77401280403137	0	0	0	0
LDL	UKBB	EAS	1	92	1463	5	2.40564131736755	0	0	0	0
LDL	UKBB	EAS	1	94	356	5	1.26884961128235	0	0	0	0
LDL	UKBB	EAS	1	96	1352	5	1.69373464584351	0	0	0	0
LDL	UKBB	EAS	1	97	1582	5	3.00367259979248	0	0	0	0
LDL	UKBB	EAS	1	100	1655	5	2.63335084915161	0	0	0	0
LDL	UKBB	EAS	1	109	1824	5	2.22077560424805	0	0	0	0
LDL	UKBB	EAS	1	124	2070	5	3.29826545715332	0	0	0	0
LDL	UKBB	EAS	1	125	2412	5	4.96361994743347	0	0	0	0
LDL	UKBB	EAS	1	136	1303	5	3.27260851860046	0	0	0	0
LDL	UKBB	EAS	1	138	1601	5	2.64921927452087	0	0	0	0
LDL	UKBB	EAS	1	139	433	5	1.60311245918274	0	0	0	0
LDL	UKBB	EAS	1	141	755	5	0.952423095703125	0	0	0	0
LDL	UKBB	EAS	1	145	886	5	1.67708563804626	0	0	0	0
LDL	UKBB	EAS	1	147	1273	5	1.79362368583679	0	0	0	0
LDL	UKBB	EAS	1	150	1707	5	2.46409225463867	0	0	0	0
LDL	UKBB	EAS	1	151	2374	5	4.48209571838379	0	0	0	0
LDL	UKBB	EAS	1	154	2252	5	4.1238739490509	0	0	0	0
LDL	UKBB	EAS	1	158	998	5	2.48719215393066	0	0	0	0
LDL	UKBB	EAS	1	162	1177	5	1.74474096298218	0	0	0	0
LDL	UKBB	EAS	1	163	1118	5	2.28353190422058	0	0	0	0
LDL	UKBB	EAS	1	168	1737	5	2.77467012405396	0	0	0	0
LDL	UKBB	EAS	1	169	2863	5	4.43759918212891	0	0	0	0
LDL	UKBB	EAS	1	175	2312	5	5.31071662902832	0	0	0	0
LDL	UKBB	EAS	1	182	2217	5	3.95493865013123	0	0	0	0
LDL	UKBB	EAS	1	183	2280	5	4.77626705169678	0	0	0	0
LDL	UKBB	EAS	1	187	1544	5	2.69178295135498	0	0	0	0
LDL	UKBB	EAS	1	188	1910	5	4.10719037055969	0	0	0	0
LDL	UKBB	EAS	1	189	1084	5	1.86600708961487	0	0	0	0
LDL	UKBB	EAS	1	191	1581	5	2.13820362091064	0	0	0	0
LDL	UKBB	EAS	1	192	1786	5	2.62689447402954	0	0	0	0
LDL	UKBB	EAS	1	201	1847	5	4.04695868492126	0	0	0	0
LDL	UKBB	EAS	1	202	1602	5	3.0914409160614	0	0	0	0
LDL	UKBB	EAS	1	205	652	5	0.790648698806763	0	0	0	0
LDL	UKBB	EAS	1	213	887	5	1.76572036743164	0	0	0	0
LDL	UKBB	EAS	1	214	763	5	1.70670223236084	0	0	0	0
LDL	UKBB	EAS	1	216	1645	5	3.16647219657898	0	0	0	0
LDL	UKBB	EAS	1	221	1780	5	3.10660147666931	0	0	0	0
LDL	UKBB	EAS	1	223	1818	5	3.81417417526245	0	0	0	0
LDL	UKBB	EAS	1	226	665	5	1.01667380332947	0	0	0	0
LDL	UKBB	EAS	1	233	2267	5	3.57379174232483	0	0	0	0
LDL	UKBB	EAS	1	234	2672	5	4.080411195755	0	0	0	0
LDL	UKBB	EAS	1	238	3671	5	6.15757369995117	0	0	0	0
LDL	UKBB	EAS	1	239	997	5	1.66699767112732	0	0	0	0
LDL	UKBB	EAS	1	252	732	5	1.45162296295166	0	0	0	0
LDL	UKBB	EAS	1	253	210	5	1.08919644355774	0	0	0	0
LDL	UKBB	EAS	1	254	1156	5	1.81610107421875	0	0	0	0
LDL	UKBB	EAS	1	255	930	5	1.687819480896	0	0	0	0
LDL	UKBB	EAS	1	280	3098	5	5.80272150039673	0	0	0	0
LDL	UKBB	EAS	2	6	900	5	1.57047533988953	0	0	0	0
LDL	UKBB	EAS	2	19	300	5	1.32503223419189	0	0	0	0
LDL	UKBB	EAS	2	21	351	5	1.47133016586304	0	0	0	0
LDL	UKBB	EAS	2	27	536	5	1.52464723587036	0	0	0	0
LDL	UKBB	EAS	2	34	2092	5	3.03585481643677	0	0	0	0
LDL	UKBB	EAS	2	37	714	5	1.53563594818115	0	0	0	0
LDL	UKBB	EAS	2	38	1699	5	2.38190412521362	0	0	0	0
LDL	UKBB	EAS	2	39	773	5	1.63027548789978	0	0	0	0
LDL	UKBB	EAS	2	40	2426	5	3.49625730514526	0	0	0	0
LDL	UKBB	EAS	2	41	1053	5	1.53590559959412	0	0	0	0
LDL	UKBB	EAS	2	43	198	5	1.27081298828125	0	0	0	0
LDL	UKBB	EAS	2	44	848	5	2.34866857528687	0	0	0	0
LDL	UKBB	EAS	2	45	1802	5	2.36486864089966	0	0	0	0
LDL	UKBB	EAS	2	46	879	5	1.34434986114502	0	0	0	0
LDL	UKBB	EAS	2	47	2130	5	2.2433032989502	0	0	0	0
LDL	UKBB	EAS	2	48	1195	5	2.48740077018738	0	0	0	0
LDL	UKBB	EAS	2	49	1487	5	2.990642786026	0	0	0	0
LDL	UKBB	EAS	2	50	1393	5	2.44987344741821	0	0	0	0
LDL	UKBB	EAS	2	51	1508	5	2.12410473823547	0	0	0	0
LDL	UKBB	EAS	2	53	1142	5	1.58304476737976	0	0	0	0
LDL	UKBB	EAS	2	69	1992	5	2.09287476539612	0	1	0	0
LDL	UKBB	EAS	2	71	1183	5	1.65494060516357	0	0	0	0
LDL	UKBB	EAS	2	72	2437	5	3.00449013710022	0	0	0	0
LDL	UKBB	EAS	2	74	839	5	1.64224672317505	0	0	0	0
LDL	UKBB	EAS	2	75	1174	5	1.74051547050476	0	0	0	0
LDL	UKBB	EAS	2	77	973	5	0.981774806976318	0	0	0	0
LDL	UKBB	EAS	2	84	5562	5	15.24560546875	0	0	0	0
LDL	UKBB	EAS	2	86	1886	5	2.39576315879822	0	0	0	0
LDL	UKBB	EAS	2	87	652	5	0.988659143447876	0	0	0	0
LDL	UKBB	EAS	2	88	5422	5	16.2211692333221	0	0	0	0
LDL	UKBB	EAS	2	89	1035	5	1.11997580528259	0	0	0	0
LDL	UKBB	EAS	2	97	2248	5	3.36036133766174	0	0	0	0
LDL	UKBB	EAS	2	99	1085	5	1.76163101196289	0	0	0	0
LDL	UKBB	EAS	2	100	994	5	2.46042847633362	0	0	0	0
LDL	UKBB	EAS	2	115	2671	5	3.85511708259583	0	0	0	0
LDL	UKBB	EAS	2	121	2140	5	3.31303119659424	0	0	0	0
LDL	UKBB	EAS	2	122	954	5	1.28629326820374	0	0	0	0
LDL	UKBB	EAS	2	124	1728	5	2.41199064254761	0	0	0	0
LDL	UKBB	EAS	2	127	3161	5	5.16417169570923	0	0	0	0
LDL	UKBB	EAS	2	128	2387	5	3.49857521057129	0	0	0	0
LDL	UKBB	EAS	2	130	276	5	0.650999546051025	0	0	0	0
LDL	UKBB	EAS	2	131	87	5	0.535623550415039	0	0	0	0
LDL	UKBB	EAS	2	138	2245	5	3.00982284545898	0	0	0	0
LDL	UKBB	EAS	2	145	1122	5	1.03046274185181	0	0	0	0
LDL	UKBB	EAS	2	146	2762	5	4.23788547515869	0	0	0	0
LDL	UKBB	EAS	2	147	4142	5	8.76603102684021	0	0	0	0
LDL	UKBB	EAS	2	152	1265	5	1.53069829940796	0	0	0	0
LDL	UKBB	EAS	2	162	739	5	1.70349192619324	0	0	0	0
LDL	UKBB	EAS	2	166	3739	5	7.35921335220337	0	0	0	0
LDL	UKBB	EAS	2	168	1553	5	2.7075309753418	0	0	0	0
LDL	UKBB	EAS	2	172	551	5	1.50043916702271	0	0	0	0
LDL	UKBB	EAS	2	177	2239	5	4.44878816604614	0	0	0	0
LDL	UKBB	EAS	2	181	2219	5	3.82606363296509	0	0	0	0
LDL	UKBB	EAS	2	184	3330	5	5.86644554138184	0	0	0	0
LDL	UKBB	EAS	2	192	2373	5	3.24952411651611	0	0	0	0
LDL	UKBB	EAS	2	198	1150	5	1.23692107200623	0	0	0	0
LDL	UKBB	EAS	2	199	2230	5	3.20660901069641	0	0	0	0
LDL	UKBB	EAS	2	205	978	5	1.34230589866638	0	0	0	0
LDL	UKBB	EAS	2	208	2639	5	4.25346040725708	0	0	0	0
LDL	UKBB	EAS	2	212	1817	5	3.38722562789917	0	0	0	0
LDL	UKBB	EAS	2	213	3643	5	6.49720239639282	0	0	0	0
LDL	UKBB	EAS	2	217	881	5	1.12881302833557	0	0	0	0
LDL	UKBB	EAS	2	232	983	5	1.7410728931427	0	0	0	0
LDL	UKBB	EAS	2	237	1452	5	1.76503920555115	0	0	0	0
LDL	UKBB	EAS	2	240	1469	5	1.30239605903625	0	0	0	0
LDL	UKBB	EAS	2	242	1598	5	2.02221608161926	0	0	0	0
LDL	UKBB	EAS	2	250	3445	5	5.75338411331177	0	0	0	0
LDL	UKBB	EAS	2	256	1597	5	2.05626487731934	0	0	0	0
LDL	UKBB	EAS	3	24	2007	5	2.75538802146912	0	0	0	0
LDL	UKBB	EAS	3	41	2430	5	3.64807343482971	0	0	0	0
LDL	UKBB	EAS	3	43	1621	5	2.82539534568787	0	0	0	0
LDL	UKBB	EAS	3	51	907	5	1.64033555984497	0	0	0	0
LDL	UKBB	EAS	3	56	1245	5	2.39299058914185	0	0	0	0
LDL	UKBB	EAS	3	70	2150	5	2.87390160560608	0	0	0	0
LDL	UKBB	EAS	3	71	1877	5	2.29967331886292	0	0	0	0
LDL	UKBB	EAS	3	83	3303	5	6.57508158683777	0	0	0	0
LDL	UKBB	EAS	3	88	2053	5	3.30324292182922	0	0	0	0
LDL	UKBB	EAS	3	89	1652	5	2.60680317878723	0	0	0	0
LDL	UKBB	EAS	3	104	4315	5	10.7235224246979	0	0	0	0
LDL	UKBB	EAS	3	107	1602	5	1.82492589950562	0	0	0	0
LDL	UKBB	EAS	3	109	3425	5	5.18494415283203	0	0	0	0
LDL	UKBB	EAS	3	120	1614	5	2.39197468757629	0	0	0	0
LDL	UKBB	EAS	3	121	1922	5	3.02153468132019	0	0	0	0
LDL	UKBB	EAS	3	122	493	5	1.28743743896484	0	0	0	0
LDL	UKBB	EAS	3	123	655	5	2.36785769462585	0	0	0	0
LDL	UKBB	EAS	3	125	2051	5	2.87352728843689	0	0	0	0
LDL	UKBB	EAS	3	127	2388	5	3.46456480026245	0	0	0	0
LDL	UKBB	EAS	3	128	703	5	1.3605375289917	0	0	0	0
LDL	UKBB	EAS	3	129	1107	5	1.65453171730042	0	0	0	0
LDL	UKBB	EAS	3	132	2595	5	3.23155617713928	0	0	0	0
LDL	UKBB	EAS	3	135	1926	5	2.45553803443909	0	0	0	0
LDL	UKBB	EAS	3	140	1968	5	2.5787076950073198	0	0	0	0
LDL	UKBB	EAS	3	145	2318	5	2.97847461700439	0	0	0	0
LDL	UKBB	EAS	3	148	1815	5	2.35958075523376	0	0	0	0
LDL	UKBB	EAS	3	149	1602	5	2.31742835044861	0	0	0	0
LDL	UKBB	EAS	3	150	1590	5	2.73053407669067	0	0	0	0
LDL	UKBB	EAS	3	154	575	5	1.00531554222107	0	0	0	0
LDL	UKBB	EAS	3	155	1771	5	2.21788597106934	0	0	0	0
LDL	UKBB	EAS	3	158	2350	5	3.35976481437683	0	0	0	0
LDL	UKBB	EAS	3	159	1618	5	1.85373759269714	0	0	0	0
LDL	UKBB	EAS	3	161	2536	5	3.14982843399048	0	0	0	0
LDL	UKBB	EAS	3	165	2273	5	3.65824604034424	0	0	0	0
LDL	UKBB	EAS	3	166	4193	5	11.4887218475342	0	0	0	0
LDL	UKBB	EAS	3	172	1346	5	2.18731236457825	0	0	0	0
LDL	UKBB	EAS	3	173	722	5	1.35485482215881	0	0	0	0
LDL	UKBB	EAS	3	175	606	5	1.03932571411133	0	0	0	0
LDL	UKBB	EAS	3	186	2333	5	3.93203926086426	0	0	0	0
LDL	UKBB	EAS	3	190	1220	5	1.91745066642761	0	0	0	0
LDL	UKBB	EAS	3	195	3951	5	9.22910952568054	0	0	0	0
LDL	UKBB	EAS	3	214	2108	5	2.48595452308655	0	0	0	0
LDL	UKBB	EAS	3	216	913	5	1.13054156303406	0	0	0	0
LDL	UKBB	EAS	4	1	4518	5	11.4330468177795	0	0	0	0
LDL	UKBB	EAS	4	15	768	5	1.17353129386902	0	0	0	0
LDL	UKBB	EAS	4	19	647	5	1.79746413230896	0	0	0	0
LDL	UKBB	EAS	4	21	3560	5	7.75753211975098	0	0	0	0
LDL	UKBB	EAS	4	28	1887	5	2.60043168067932	0	0	0	0
LDL	UKBB	EAS	4	30	1296	5	1.96554183959961	0	0	0	0
LDL	UKBB	EAS	4	42	324	5	0.937455892562866	0	0	0	0
LDL	UKBB	EAS	4	43	855	5	1.42775440216064	0	0	0	0
LDL	UKBB	EAS	4	55	1870	5	2.08990287780762	0	0	0	0
LDL	UKBB	EAS	4	57	241	5	1.07143616676331	0	0	0	0
LDL	UKBB	EAS	4	64	3072	5	6.26442384719849	0	0	0	0
LDL	UKBB	EAS	4	65	1235	5	2.27766799926758	0	0	0	0
LDL	UKBB	EAS	4	66	1467	5	1.86092925071716	0	0	0	0
LDL	UKBB	EAS	4	71	946	5	1.75786852836609	0	0	0	0
LDL	UKBB	EAS	4	79	1499	5	2.37298488616943	0	0	0	0
LDL	UKBB	EAS	4	80	2115	5	3.84592008590698	0	0	0	0
LDL	UKBB	EAS	4	84	1787	5	2.8475079536438	0	0	0	0
LDL	UKBB	EAS	4	85	764	5	1.35519194602966	0	0	0	0
LDL	UKBB	EAS	4	86	183	5	1.33774709701538	0	1	0	0
LDL	UKBB	EAS	4	87	2908	5	6.51126027107239	0	0	0	0
LDL	UKBB	EAS	4	90	1660	5	2.39467597007751	0	0	0	0
LDL	UKBB	EAS	4	92	1496	5	1.37633490562439	0	0	0	0
LDL	UKBB	EAS	4	101	2081	5	2.68482661247253	0	0	0	0
LDL	UKBB	EAS	4	113	1919	5	2.03510975837708	0	0	0	0
LDL	UKBB	EAS	4	115	991	5	1.29039406776428	0	0	0	0
LDL	UKBB	EAS	4	116	1376	5	2.48225402832031	0	0	0	0
LDL	UKBB	EAS	4	117	1906	5	2.29863786697388	0	0	0	0
LDL	UKBB	EAS	4	121	1720	5	1.7066788673400901	0	0	0	0
LDL	UKBB	EAS	4	122	808	5	1.55132460594177	0	0	0	0
LDL	UKBB	EAS	4	129	2162	5	3.2708888053894	0	0	0	0
LDL	UKBB	EAS	4	130	2345	5	3.14922523498535	0	0	0	0
LDL	UKBB	EAS	4	134	3520	5	6.9830482006073	0	0	0	0
LDL	UKBB	EAS	4	136	3061	5	5.74956345558167	0	0	0	0
LDL	UKBB	EAS	4	148	1308	5	1.74165797233582	0	0	0	0
LDL	UKBB	EAS	4	156	2937	5	6.44839429855347	0	0	0	0
LDL	UKBB	EAS	4	159	786	5	1.24218726158142	0	0	0	0
LDL	UKBB	EAS	4	161	617	5	0.935141563415527	0	0	0	0
LDL	UKBB	EAS	4	162	1466	5	1.95674014091492	0	0	0	0
LDL	UKBB	EAS	4	203	957	5	0.9628005027771	0	0	0	0
LDL	UKBB	EAS	5	6	891	5	1.17330145835876	0	0	0	0
LDL	UKBB	EAS	5	17	1094	5	2.02166128158569	0	0	0	0
LDL	UKBB	EAS	5	55	568	5	0.970468997955322	0	0	0	0
LDL	UKBB	EAS	5	64	2475	5	3.9014093875885	0	0	0	0
LDL	UKBB	EAS	5	69	878	5	1.08837628364563	0	0	0	0
LDL	UKBB	EAS	5	71	2858	5	4.20019149780273	0	0	0	0
LDL	UKBB	EAS	5	81	1428	5	2.47487163543701	0	0	0	0
LDL	UKBB	EAS	5	82	984	5	2.13538908958435	0	0	0	0
LDL	UKBB	EAS	5	84	365	5	2.42216777801514	0	0	0	0
LDL	UKBB	EAS	5	85	2509	5	6.43441843986511	0	0	0	0
LDL	UKBB	EAS	5	86	49	5	0.950492143630981	0	0	0	0
LDL	UKBB	EAS	5	109	1119	5	1.86512398719788	0	0	0	0
LDL	UKBB	EAS	5	127	3410	5	6.6282262802124	0	0	0	0
LDL	UKBB	EAS	5	130	2715	5	3.70450234413147	0	0	0	0
LDL	UKBB	EAS	5	134	1643	5	2.26957750320435	0	0	0	0
LDL	UKBB	EAS	5	144	1895	5	3.37930822372437	0	0	0	0
LDL	UKBB	EAS	5	146	2111	5	3.32752561569214	0	0	0	0
LDL	UKBB	EAS	5	147	1161	5	2.33979535102844	0	0	0	0
LDL	UKBB	EAS	5	156	1637	5	3.18469667434692	0	0	0	0
LDL	UKBB	EAS	5	157	886	5	1.21533751487732	0	0	0	0
LDL	UKBB	EAS	5	158	1314	5	2.13525629043579	0	0	0	0
LDL	UKBB	EAS	5	165	1169	5	1.97181820869446	0	0	0	0
LDL	UKBB	EAS	5	166	1936	5	1.99455547332764	0	0	0	0
LDL	UKBB	EAS	5	167	1341	5	2.03703856468201	0	0	0	0
LDL	UKBB	EAS	5	202	532	5	1.28074884414673	0	0	0	0
LDL	UKBB	EAS	5	207	1479	5	1.77483701705933	0	0	0	0
LDL	UKBB	EAS	6	19	1694	5	1.98815655708313	0	0	0	0
LDL	UKBB	EAS	6	20	1133	5	1.40254092216492	0	0	0	0
LDL	UKBB	EAS	6	25	1212	5	1.49399304389954	0	0	0	0
LDL	UKBB	EAS	6	27	1102	5	1.98280811309814	0	0	0	0
LDL	UKBB	EAS	6	34	1774	5	2.5476930141449	0	0	1	30
LDL	UKBB	EAS	6	35	544	5	1.34448003768921	0	0	0	0
LDL	UKBB	EAS	6	39	2821	5	3.85544896125793	0	0	0	0
LDL	UKBB	EAS	6	43	1695	5	2.5503978729248	0	0	0	0
LDL	UKBB	EAS	6	44	340	5	0.698275327682495	0	0	0	0
LDL	UKBB	EAS	6	47	2362	5	3.8419463634491	0	0	0	0
LDL	UKBB	EAS	6	51	3639	5	7.85521149635315	0	0	0	0
LDL	UKBB	EAS	6	53	991	5	1.46858286857605	0	0	0	0
LDL	UKBB	EAS	6	56	952	5	1.69549012184143	0	0	0	0
LDL	UKBB	EAS	6	58	1658	5	1.84477877616882	0	0	0	0
LDL	UKBB	EAS	6	63	1505	5	1.328284740448	0	0	0	0
LDL	UKBB	EAS	6	64	126	5	0.603155136108398	0	0	0	0
LDL	UKBB	EAS	6	65	506	5	1.0007586479187	0	0	0	0
LDL	UKBB	EAS	6	71	5462	5	17.3512649536133	0	0	0	0
LDL	UKBB	EAS	6	72	781	5	1.39306616783142	0	0	0	0
LDL	UKBB	EAS	6	73	297	5	1.64007139205933	0	0	0	0
LDL	UKBB	EAS	6	75	310	5	1.27861070632935	0	0	0	0
LDL	UKBB	EAS	6	76	3657	5	6.18391466140747	0	0	0	0
LDL	UKBB	EAS	6	87	2759	5	3.64557385444641	0	0	0	0
LDL	UKBB	EAS	6	88	5059	5	15.0537519454956	0	0	0	0
LDL	UKBB	EAS	6	100	37	5	1.28862547874451	0	0	0	0
LDL	UKBB	EAS	6	101	2058	5	2.99986886978149	0	0	1	13
LDL	UKBB	EAS	6	105	1901	5	2.52906036376953	0	0	0	0
LDL	UKBB	EAS	6	106	1726	5	2.65154457092285	0	0	0	0
LDL	UKBB	EAS	6	109	1662	5	2.41318416595459	0	0	0	0
LDL	UKBB	EAS	6	115	3781	5	7.08376884460449	0	0	0	0
LDL	UKBB	EAS	6	117	4080	5	7.95005893707275	0	0	0	0
LDL	UKBB	EAS	6	124	1893	5	2.42320704460144	0	0	0	0
LDL	UKBB	EAS	6	127	1192	5	0.995627164840698	0	0	0	0
LDL	UKBB	EAS	6	128	1930	5	3.39866971969604	0	0	0	0
LDL	UKBB	EAS	6	134	1270	5	2.18965864181519	0	0	0	0
LDL	UKBB	EAS	6	136	888	5	1.08385992050171	0	0	0	0
LDL	UKBB	EAS	6	140	1330	5	2.27812385559082	0	0	0	0
LDL	UKBB	EAS	6	154	1536	5	1.93107080459595	0	0	0	0
LDL	UKBB	EAS	6	158	1566	5	2.10264134407043	0	0	0	0
LDL	UKBB	EAS	6	160	2009	5	2.39823293685913	0	0	0	0
LDL	UKBB	EAS	6	168	2061	5	3.9227294921875	0	0	0	0
LDL	UKBB	EAS	6	169	3480	5	9.02521157264709	0	0	0	0
LDL	UKBB	EAS	6	170	708	5	0.94598913192749	0	0	0	0
LDL	UKBB	EAS	6	180	246	5	0.59118914604187	0	0	0	0
LDL	UKBB	EAS	6	183	615	5	1.28323197364807	0	0	0	0
LDL	UKBB	EAS	6	187	1325	5	4.39677238464355	0	0	0	0
LDL	UKBB	EAS	7	3	862	5	1.23391246795654	0	0	0	0
LDL	UKBB	EAS	7	5	1742	5	1.98287796974182	0	0	0	0
LDL	UKBB	EAS	7	6	730	5	1.40395617485046	0	0	0	0
LDL	UKBB	EAS	7	11	628	5	1.48113393783569	0	0	0	0
LDL	UKBB	EAS	7	12	2161	5	4.73368549346924	0	0	0	0
LDL	UKBB	EAS	7	13	886	5	1.15480399131775	0	0	0	0
LDL	UKBB	EAS	7	33	2438	5	3.42625141143799	0	0	0	0
LDL	UKBB	EAS	7	37	2313	5	4.62897729873657	0	0	0	0
LDL	UKBB	EAS	7	41	1873	5	1.84540462493896	0	0	0	0
LDL	UKBB	EAS	7	42	2010	5	3.78896713256836	0	0	0	0
LDL	UKBB	EAS	7	44	368	5	1.33891534805298	0	0	0	0
LDL	UKBB	EAS	7	50	1096	5	1.57548570632935	0	0	0	0
LDL	UKBB	EAS	7	58	1729	5	2.15330195426941	0	0	0	0
LDL	UKBB	EAS	7	66	758	5	0.901588201522827	0	0	0	0
LDL	UKBB	EAS	7	67	4235	5	11.0093815326691	0	0	0	0
LDL	UKBB	EAS	7	74	922	5	1.49712252616882	0	0	0	0
LDL	UKBB	EAS	7	85	1641	5	2.05141496658325	0	0	0	0
LDL	UKBB	EAS	7	88	2777	5	4.91320300102234	0	0	0	0
LDL	UKBB	EAS	7	89	1810	5	2.29761266708374	0	0	0	0
LDL	UKBB	EAS	7	95	1237	5	1.74870800971985	0	0	0	0
LDL	UKBB	EAS	7	99	2622	5	6.01157021522522	0	0	0	0
LDL	UKBB	EAS	7	103	1394	5	1.85952186584473	0	0	0	0
LDL	UKBB	EAS	7	109	1562	5	2.46534276008606	0	0	0	0
LDL	UKBB	EAS	7	111	1805	5	2.36737775802612	0	0	0	0
LDL	UKBB	EAS	7	112	1113	5	1.40832781791687	0	0	0	0
LDL	UKBB	EAS	7	113	2117	5	3.93674278259277	0	0	0	0
LDL	UKBB	EAS	7	114	3628	5	7.31980776786804	0	0	0	0
LDL	UKBB	EAS	7	119	1173	5	1.80322933197021	0	0	0	0
LDL	UKBB	EAS	7	132	3946	5	7.16819000244141	0	0	0	0
LDL	UKBB	EAS	7	133	2714	5	3.71263456344604	0	0	0	0
LDL	UKBB	EAS	7	134	954	5	1.59042191505432	0	0	0	0
LDL	UKBB	EAS	7	138	2672	5	5.91641688346863	0	0	0	0
LDL	UKBB	EAS	7	139	549	5	1.36418199539185	0	0	0	0
LDL	UKBB	EAS	7	141	2527	5	4.43802309036255	0	0	0	0
LDL	UKBB	EAS	7	147	680	5	0.982359409332275	0	0	0	0
LDL	UKBB	EAS	7	152	677	5	1.50968337059021	0	0	0	0
LDL	UKBB	EAS	7	162	2860	5	4.26443481445312	0	0	0	0
LDL	UKBB	EAS	7	176	359	5	1.00407862663269	0	0	0	0
LDL	UKBB	EAS	7	177	149	5	0.651912450790405	0	0	0	0
LDL	UKBB	EAS	7	187	2657	5	3.62356996536255	0	0	0	0
LDL	UKBB	EAS	8	17	1595	5	1.79502248764038	0	0	0	0
LDL	UKBB	EAS	8	29	3765	5	9.67015480995178	0	0	0	0
LDL	UKBB	EAS	8	36	430	5	0.893470287322998	0	0	0	0
LDL	UKBB	EAS	8	39	1471	5	2.23038458824158	0	0	0	0
LDL	UKBB	EAS	8	42	2241	5	3.06102442741394	0	0	0	0
LDL	UKBB	EAS	8	44	771	5	1.34115123748779	0	0	0	0
LDL	UKBB	EAS	8	45	1185	5	1.9621160030365	0	0	0	0
LDL	UKBB	EAS	8	56	1443	5	3.08667397499084	0	0	0	0
LDL	UKBB	EAS	8	57	1131	5	2.11232829093933	0	0	0	0
LDL	UKBB	EAS	8	59	886	5	1.59169244766235	0	0	0	0
LDL	UKBB	EAS	8	65	1075	5	1.33617043495178	0	0	0	0
LDL	UKBB	EAS	8	68	1657	5	1.75741386413574	0	0	0	0
LDL	UKBB	EAS	8	69	2966	5	6.4483060836792	0	0	0	0
LDL	UKBB	EAS	8	71	1855	5	2.95627546310425	0	0	0	0
LDL	UKBB	EAS	8	75	511	5	1.15639114379883	0	0	0	0
LDL	UKBB	EAS	8	78	395	5	0.756997585296631	0	0	0	0
LDL	UKBB	EAS	8	79	1197	5	1.67828893661499	0	0	0	0
LDL	UKBB	EAS	8	81	2007	5	2.63298845291138	0	0	0	0
LDL	UKBB	EAS	8	83	3095	5	6.3268768787384	0	0	0	0
LDL	UKBB	EAS	8	85	1164	5	1.61370062828064	0	0	0	0
LDL	UKBB	EAS	8	88	2009	5	2.7703800201416	0	0	0	0
LDL	UKBB	EAS	8	90	1835	5	3.06818437576294	0	0	0	0
LDL	UKBB	EAS	8	101	1476	5	2.05083751678467	0	0	0	0
LDL	UKBB	EAS	8	106	2032	5	2.44717192649841	0	0	0	0
LDL	UKBB	EAS	8	113	1189	5	2.0304217338562	0	0	0	0
LDL	UKBB	EAS	8	124	1054	5	1.53395247459412	0	0	0	0
LDL	UKBB	EAS	8	125	448	5	1.75790286064148	0	0	0	0
LDL	UKBB	EAS	8	135	1446	5	1.40898728370667	0	0	0	0
LDL	UKBB	EAS	8	153	706	5	1.87878847122192	0	0	0	0
LDL	UKBB	EAS	8	159	789	5	0.814697504043579	0	0	0	0
LDL	UKBB	EAS	8	160	852	5	1.93188762664795	0	0	0	0
LDL	UKBB	EAS	9	4	1640	5	2.03257775306702	0	0	0	0
LDL	UKBB	EAS	9	5	383	5	1.68623423576355	0	0	0	0
LDL	UKBB	EAS	9	13	2364	5	3.52133917808533	0	0	0	0
LDL	UKBB	EAS	9	33	1977	5	3.39038038253784	0	0	0	0
LDL	UKBB	EAS	9	36	1557	5	2.30984449386597	0	0	0	0
LDL	UKBB	EAS	9	39	752	5	0.89448356628418	0	0	0	0
LDL	UKBB	EAS	9	40	2883	5	4.67306852340698	0	0	0	0
LDL	UKBB	EAS	9	51	914	5	1.73810648918152	0	0	0	0
LDL	UKBB	EAS	9	53	3091	5	6.93262910842896	0	0	0	0
LDL	UKBB	EAS	9	62	2235	5	3.66733956336975	0	0	0	0
LDL	UKBB	EAS	9	69	991	5	1.55415678024292	0	0	0	0
LDL	UKBB	EAS	9	70	730	5	2.20580816268921	0	0	0	0
LDL	UKBB	EAS	9	72	415	5	1.38065934181213	0	0	0	0
LDL	UKBB	EAS	9	73	1220	5	1.74319195747375	0	0	0	0
LDL	UKBB	EAS	9	80	3549	5	6.18705630302429	0	0	0	0
LDL	UKBB	EAS	9	84	1535	5	1.75385141372681	0	0	0	0
LDL	UKBB	EAS	9	89	326	5	0.783175945281982	0	0	0	0
LDL	UKBB	EAS	9	93	1542	5	2.17880463600159	0	0	0	0
LDL	UKBB	EAS	9	99	1430	5	1.76644468307495	0	0	0	0
LDL	UKBB	EAS	9	102	2351	5	2.52994227409363	0	0	0	0
LDL	UKBB	EAS	9	104	764	5	0.758984565734863	0	0	0	0
LDL	UKBB	EAS	9	110	2963	5	4.83156609535217	0	0	0	0
LDL	UKBB	EAS	9	111	95	5	1.14295744895935	0	0	0	0
LDL	UKBB	EAS	9	112	2156	5	4.58886790275574	0	0	0	0
LDL	UKBB	EAS	9	114	713	5	1.31641721725464	0	0	0	0
LDL	UKBB	EAS	9	115	3121	5	6.6883020401001	0	0	0	0
LDL	UKBB	EAS	9	116	1513	5	2.36762380599976	0	0	0	0
LDL	UKBB	EAS	9	118	3582	5	7.68947124481201	0	0	0	0
LDL	UKBB	EAS	9	119	1383	5	1.6895809173584	0	0	0	0
LDL	UKBB	EAS	9	124	1363	5	1.046466588974	0	0	0	0
LDL	UKBB	EAS	9	125	2061	5	2.2766432762146	0	0	0	0
LDL	UKBB	EAS	9	134	2703	5	4.08643436431885	0	0	0	0
LDL	UKBB	EAS	9	140	3106	5	4.96734237670898	0	0	0	0
LDL	UKBB	EAS	9	144	722	5	1.12607455253601	0	0	0	0
LDL	UKBB	EAS	9	145	1103	5	1.28632307052612	0	0	0	0
LDL	UKBB	EAS	9	148	808	5	1.56719303131104	0	0	0	0
LDL	UKBB	EAS	9	149	769	5	1.43175339698792	0	0	0	0
LDL	UKBB	EAS	9	153	66	5	1.51275539398193	0	0	0	0
LDL	UKBB	EAS	9	160	215	5	0.995528221130371	0	0	0	0
LDL	UKBB	EAS	9	161	276	5	0.996813058853149	0	0	0	0
LDL	UKBB	EAS	10	14	2202	5	5.24451875686646	0	0	0	0
LDL	UKBB	EAS	10	22	1696	5	2.4585907459259	0	0	0	0
LDL	UKBB	EAS	10	30	640	5	0.910053014755249	0	0	0	0
LDL	UKBB	EAS	10	43	1405	5	2.11287808418274	0	0	0	0
LDL	UKBB	EAS	10	45	2350	5	4.11244487762451	0	0	0	0
LDL	UKBB	EAS	10	46	2607	5	5.81405019760132	0	0	0	0
LDL	UKBB	EAS	10	52	2054	5	4.03961491584778	0	0	0	0
LDL	UKBB	EAS	10	53	1003	5	1.79918622970581	0	0	0	0
LDL	UKBB	EAS	10	59	1247	5	2.3307626247406	0	0	0	0
LDL	UKBB	EAS	10	60	2410	5	3.87515902519226	0	0	0	0
LDL	UKBB	EAS	10	67	1411	5	3.17214560508728	0	0	0	0
LDL	UKBB	EAS	10	69	1410	5	2.49756145477295	0	0	0	0
LDL	UKBB	EAS	10	70	1924	5	1.87774181365967	0	0	0	0
LDL	UKBB	EAS	10	73	1450	5	1.61284804344177	0	0	0	0
LDL	UKBB	EAS	10	80	1747	5	1.87384700775146	0	0	0	0
LDL	UKBB	EAS	10	81	2260	5	3.35419607162476	0	0	0	0
LDL	UKBB	EAS	10	84	3093	5	7.05760812759399	0	0	0	0
LDL	UKBB	EAS	10	85	587	5	1.28022193908691	0	0	0	0
LDL	UKBB	EAS	10	92	3493	5	7.22442603111267	0	0	0	0
LDL	UKBB	EAS	10	100	509	5	1.43434977531433	0	0	0	0
LDL	UKBB	EAS	10	101	1469	5	2.35187482833862	0	0	0	0
LDL	UKBB	EAS	10	109	2012	5	2.78161549568176	0	0	0	0
LDL	UKBB	EAS	10	110	617	5	1.81277871131897	0	0	0	0
LDL	UKBB	EAS	10	112	508	5	0.742945671081543	0	0	0	0
LDL	UKBB	EAS	10	113	1566	5	1.67197299003601	0	0	0	0
LDL	UKBB	EAS	10	117	2523	5	5.20524597167969	0	0	0	0
LDL	UKBB	EAS	10	120	1878	5	2.14947438240051	0	0	0	0
LDL	UKBB	EAS	10	121	1288	5	1.68110990524292	0	0	0	0
LDL	UKBB	EAS	10	126	2448	5	3.84786915779114	0	0	0	0
LDL	UKBB	EAS	10	127	532	5	1.57006931304932	0	0	0	0
LDL	UKBB	EAS	10	128	176	5	0.654033422470093	0	0	0	0
LDL	UKBB	EAS	10	129	2698	5	4.18440246582031	0	0	0	0
LDL	UKBB	EAS	10	131	2264	5	2.37373661994934	0	0	0	0
LDL	UKBB	EAS	10	137	2493	5	3.82200884819031	0	0	0	0
LDL	UKBB	EAS	10	138	401	5	1.16299962997437	0	0	0	0
LDL	UKBB	EAS	10	142	519	5	0.895147085189819	0	0	0	0
LDL	UKBB	EAS	10	144	869	5	1.84839606285095	0	0	0	0
LDL	UKBB	EAS	10	150	2183	5	2.86183643341064	0	0	0	0
LDL	UKBB	EAS	10	152	1565	5	1.92284274101257	0	0	0	0
LDL	UKBB	EAS	10	154	3156	5	3.98642706871033	0	1	0	0
LDL	UKBB	EAS	11	2	571	5	1.53967905044556	0	0	0	0
LDL	UKBB	EAS	11	3	899	5	0.892158031463623	0	0	0	0
LDL	UKBB	EAS	11	4	709	5	1.99240732192993	0	0	0	0
LDL	UKBB	EAS	11	7	585	5	1.14947295188904	0	0	0	0
LDL	UKBB	EAS	11	12	2691	5	6.12970638275146	0	0	0	0
LDL	UKBB	EAS	11	18	3495	5	5.92322635650635	0	0	0	0
LDL	UKBB	EAS	11	22	671	5	1.80121088027954	0	0	0	0
LDL	UKBB	EAS	11	28	1028	5	1.28415703773499	0	0	0	0
LDL	UKBB	EAS	11	30	1026	5	1.84101176261902	0	0	0	0
LDL	UKBB	EAS	11	31	1183	5	1.96845293045044	0	0	0	0
LDL	UKBB	EAS	11	33	1493	5	1.83652496337891	0	0	0	0
LDL	UKBB	EAS	11	51	1601	5	2.83055686950684	0	0	0	0
LDL	UKBB	EAS	11	56	327	5	0.895084619522095	0	0	0	0
LDL	UKBB	EAS	11	75	543	5	0.713976144790649	0	0	0	0
LDL	UKBB	EAS	11	76	1276	5	1.96234035491943	0	0	0	0
LDL	UKBB	EAS	11	78	1205	5	1.20393180847168	0	0	0	0
LDL	UKBB	EAS	11	79	2873	5	3.88598895072937	0	0	0	0
LDL	UKBB	EAS	11	81	1020	5	1.90749835968018	0	0	0	0
LDL	UKBB	EAS	11	82	308	5	1.27109360694885	0	0	0	0
LDL	UKBB	EAS	11	86	1467	5	3.1836245059967	0	0	0	0
LDL	UKBB	EAS	11	90	2891	5	4.09503650665283	0	0	0	0
LDL	UKBB	EAS	11	107	734	5	0.753226041793823	0	0	0	0
LDL	UKBB	EAS	11	108	550	5	0.810458660125732	0	0	0	0
LDL	UKBB	EAS	11	115	1679	5	1.30019998550415	0	0	0	0
LDL	UKBB	EAS	11	117	3265	5	5.3177855014801	0	0	0	0
LDL	UKBB	EAS	11	123	647	5	1.41521048545837	0	0	0	0
LDL	UKBB	EAS	11	125	1219	5	1.75397610664368	0	0	0	0
LDL	UKBB	EAS	11	129	1776	5	2.15257215499878	0	0	0	0
LDL	UKBB	EAS	11	133	1654	5	2.04655361175537	0	0	0	0
LDL	UKBB	EAS	11	139	57	5	0.571434259414673	0	0	0	0
LDL	UKBB	EAS	11	140	833	5	1.41994595527649	0	0	0	0
LDL	UKBB	EAS	11	142	1879	5	1.93728566169739	0	0	0	0
LDL	UKBB	EAS	11	147	2789	5	4.19236540794373	0	0	0	0
LDL	UKBB	EAS	11	163	223	5	0.655748128890991	0	0	0	0
LDL	UKBB	EAS	12	1	910	5	1.63977432250977	0	0	0	0
LDL	UKBB	EAS	12	4	928	5	1.5218665599823	0	0	0	0
LDL	UKBB	EAS	12	12	554	5	0.856004238128662	0	0	0	0
LDL	UKBB	EAS	12	17	582	5	0.671609163284302	0	0	0	0
LDL	UKBB	EAS	12	18	1493	5	2.45716118812561	0	0	0	0
LDL	UKBB	EAS	12	23	2172	5	3.3553204536438	0	0	0	0
LDL	UKBB	EAS	12	29	236	5	0.653589487075806	0	0	0	0
LDL	UKBB	EAS	12	33	1541	5	2.15930962562561	0	0	0	0
LDL	UKBB	EAS	12	42	3141	5	4.25255537033081	0	0	0	0
LDL	UKBB	EAS	12	45	1306	5	1.26451969146729	0	0	0	0
LDL	UKBB	EAS	12	47	525	5	1.07624173164368	0	0	0	0
LDL	UKBB	EAS	12	49	2010	5	2.03925347328186	0	0	0	0
LDL	UKBB	EAS	12	51	1331	5	1.45669364929199	0	0	0	0
LDL	UKBB	EAS	12	59	2467	5	5.0665078163147	0	0	0	0
LDL	UKBB	EAS	12	61	1255	5	2.6972668170929	0	0	0	0
LDL	UKBB	EAS	12	62	851	5	1.40329790115356	0	0	0	0
LDL	UKBB	EAS	12	63	1808	5	3.05395007133484	0	0	0	0
LDL	UKBB	EAS	12	64	904	5	2.48017907142639	0	0	0	0
LDL	UKBB	EAS	12	66	1753	5	1.9206018447876	0	0	0	0
LDL	UKBB	EAS	12	67	901	5	1.44357371330261	0	0	0	0
LDL	UKBB	EAS	12	69	1753	5	1.53085541725159	0	0	0	0
LDL	UKBB	EAS	12	71	1893	5	2.71145248413086	0	0	0	0
LDL	UKBB	EAS	12	72	6236	5	17.7414393424988	0	1	0	0
LDL	UKBB	EAS	12	82	1828	5	2.3268711566925	0	0	0	0
LDL	UKBB	EAS	12	97	2483	5	4.45809578895569	0	0	0	0
LDL	UKBB	EAS	12	98	978	5	1.54432463645935	0	0	0	0
LDL	UKBB	EAS	12	110	2015	5	1.97392272949219	0	0	0	0
LDL	UKBB	EAS	12	112	209	5	0.753339529037476	0	0	0	0
LDL	UKBB	EAS	12	113	1653	5	3.64849495887756	0	0	0	0
LDL	UKBB	EAS	12	114	1568	5	1.56029391288757	0	0	0	0
LDL	UKBB	EAS	12	115	1283	5	1.64476132392883	0	0	0	0
LDL	UKBB	EAS	12	117	2016	5	2.27432227134705	0	0	0	0
LDL	UKBB	EAS	12	120	708	5	0.981519460678101	0	0	0	0
LDL	UKBB	EAS	12	121	1397	5	1.34944128990173	0	0	0	0
LDL	UKBB	EAS	12	122	2031	5	1.88982057571411	0	0	0	0
LDL	UKBB	EAS	12	127	801	5	0.968983888626099	0	0	0	0
LDL	UKBB	EAS	12	128	298	5	0.576229095458984	0	0	0	0
LDL	UKBB	EAS	12	138	2663	5	3.77226519584656	0	0	0	0
LDL	UKBB	EAS	12	139	3234	5	5.05161809921265	0	0	0	0
LDL	UKBB	EAS	12	140	644	5	1.1622371673584	0	0	0	0
LDL	UKBB	EAS	12	141	982	5	1.77692985534668	0	0	0	0
LDL	UKBB	EAS	12	164	833	5	0.785874605178833	0	0	0	0
LDL	UKBB	EAS	13	11	1020	5	1.06225538253784	0	0	0	0
LDL	UKBB	EAS	13	18	651	5	0.989975452423096	0	0	0	0
LDL	UKBB	EAS	13	21	1719	5	1.55525350570679	0	0	0	0
LDL	UKBB	EAS	13	24	1238	5	1.37080216407776	0	0	0	0
LDL	UKBB	EAS	13	25	675	5	1.41132211685181	0	0	0	0
LDL	UKBB	EAS	13	40	1391	5	2.33362174034119	0	0	0	0
LDL	UKBB	EAS	13	44	1062	5	0.925897598266602	0	0	0	0
LDL	UKBB	EAS	13	50	3016	5	4.35829019546509	0	0	0	0
LDL	UKBB	EAS	13	52	1748	5	2.41835379600525	0	0	0	0
LDL	UKBB	EAS	13	66	675	5	1.02250266075134	0	0	0	0
LDL	UKBB	EAS	13	69	3043	5	5.28689885139465	0	0	0	0
LDL	UKBB	EAS	13	84	861	5	1.01600480079651	0	0	0	0
LDL	UKBB	EAS	13	96	730	5	0.758528232574463	0	0	0	0
LDL	UKBB	EAS	13	102	678	5	1.52471280097961	0	0	0	0
LDL	UKBB	EAS	13	115	718	5	1.26694345474243	0	0	0	0
LDL	UKBB	EAS	13	116	548	5	1.59956645965576	0	0	0	0
LDL	UKBB	EAS	13	118	1266	5	1.88310289382935	0	0	0	0
LDL	UKBB	EAS	13	125	1246	5	1.88281416893005	0	0	0	0
LDL	UKBB	EAS	14	4	403	5	0.652232885360718	0	0	0	0
LDL	UKBB	EAS	14	14	2506	5	5.23225569725037	0	0	0	0
LDL	UKBB	EAS	14	23	2323	5	2.33133006095886	0	0	0	0
LDL	UKBB	EAS	14	31	2182	5	2.04926633834839	0	0	0	0
LDL	UKBB	EAS	14	35	2690	5	3.71605634689331	0	0	0	0
LDL	UKBB	EAS	14	42	1242	5	2.96122193336487	0	0	0	0
LDL	UKBB	EAS	14	43	144	5	0.704966068267822	0	0	0	0
LDL	UKBB	EAS	14	46	1056	5	1.01998901367188	0	0	0	0
LDL	UKBB	EAS	14	63	3060	5	5.50253462791443	0	0	0	0
LDL	UKBB	EAS	14	68	1171	5	0.966103792190552	0	0	0	0
LDL	UKBB	EAS	14	72	2997	5	8.52688479423523	0	0	0	0
LDL	UKBB	EAS	14	73	1177	5	1.87723231315613	0	0	0	0
LDL	UKBB	EAS	14	96	187	5	0.661746501922607	0	0	0	0
LDL	UKBB	EAS	14	105	652	5	0.755106449127197	0	0	0	0
LDL	UKBB	EAS	14	106	801	5	0.69744086265564	0	0	0	0
LDL	UKBB	EAS	14	121	1662	5	3.20169377326965	0	0	0	0
LDL	UKBB	EAS	14	126	1609	5	1.82559275627136	0	0	0	0
LDL	UKBB	EAS	14	127	1629	5	1.87411999702454	0	0	0	0
LDL	UKBB	EAS	15	3	56	5	0.830914974212646	0	0	0	0
LDL	UKBB	EAS	15	37	2034	5	2.0592348575592	0	0	0	0
LDL	UKBB	EAS	15	39	1667	5	2.11184859275818	0	0	0	0
LDL	UKBB	EAS	15	44	1008	5	1.14233136177063	0	0	0	0
LDL	UKBB	EAS	15	45	4167	5	10.1712238788605	0	0	0	0
LDL	UKBB	EAS	15	46	1376	5	1.45482134819031	0	0	0	0
LDL	UKBB	EAS	15	47	1646	5	1.5825731754303	0	0	0	0
LDL	UKBB	EAS	15	50	1754	5	2.25982427597046	0	0	0	0
LDL	UKBB	EAS	15	52	1347	5	2.19428253173828	0	0	0	0
LDL	UKBB	EAS	15	53	225	5	0.545458555221558	0	0	0	0
LDL	UKBB	EAS	15	54	1436	5	2.37023115158081	0	0	0	0
LDL	UKBB	EAS	15	56	1277	5	1.75857782363892	0	0	0	0
LDL	UKBB	EAS	15	59	2870	5	6.25351691246033	0	0	0	0
LDL	UKBB	EAS	15	62	2713	5	3.08935070037842	0	0	0	0
LDL	UKBB	EAS	15	63	793	5	0.750362873077393	0	0	0	0
LDL	UKBB	EAS	15	64	1184	5	1.17099857330322	0	0	0	0
LDL	UKBB	EAS	15	66	2041	5	1.79933929443359	0	0	0	0
LDL	UKBB	EAS	15	80	625	5	0.757769346237183	0	0	0	0
LDL	UKBB	EAS	15	83	733	5	0.814544439315796	0	0	0	0
LDL	UKBB	EAS	15	85	1798	5	1.75374579429626	0	0	0	0
LDL	UKBB	EAS	15	117	757	5	0.883007526397705	0	0	0	0
LDL	UKBB	EAS	15	118	422	5	1.3100528717041	0	0	0	0
LDL	UKBB	EAS	16	1	718	5	1.32656574249268	0	0	0	0
LDL	UKBB	EAS	16	4	1146	5	1.98222994804382	0	0	0	0
LDL	UKBB	EAS	16	5	272	5	1.03305435180664	0	0	0	0
LDL	UKBB	EAS	16	9	1190	5	1.09339070320129	0	0	0	0
LDL	UKBB	EAS	16	31	1607	5	2.67546725273132	0	0	0	0
LDL	UKBB	EAS	16	32	159	5	0.589715003967285	0	0	0	0
LDL	UKBB	EAS	16	37	1493	5	1.28344178199768	0	0	0	0
LDL	UKBB	EAS	16	38	3165	5	3.95056581497192	0	0	0	0
LDL	UKBB	EAS	16	43	1277	5	1.37354564666748	0	0	0	0
LDL	UKBB	EAS	16	59	571	5	1.7581090927124	0	0	0	0
LDL	UKBB	EAS	16	60	938	5	1.0927631855011	0	0	0	0
LDL	UKBB	EAS	16	74	287	5	0.650842905044556	0	0	0	0
LDL	UKBB	EAS	16	75	1945	5	3.26743626594543	0	0	0	0
LDL	UKBB	EAS	16	76	1153	5	1.16504168510437	0	0	0	0
LDL	UKBB	EAS	16	80	1389	5	1.81722736358643	0	0	0	0
LDL	UKBB	EAS	16	85	2866	5	5.92802143096924	0	0	0	0
LDL	UKBB	EAS	16	88	2379	5	4.03279948234558	0	0	0	0
LDL	UKBB	EAS	16	89	3739	5	4.75930380821228	0	0	0	0
LDL	UKBB	EAS	16	90	842	5	0.826664447784424	0	0	0	0
LDL	UKBB	EAS	16	94	3929	5	5.63296890258789	0	0	0	0
LDL	UKBB	EAS	16	96	3672	5	4.06894087791443	0	0	0	0
LDL	UKBB	EAS	16	99	1225	5	1.15619587898254	0	0	0	0
LDL	UKBB	EAS	16	100	150	5	0.803866147994995	0	0	0	0
LDL	UKBB	EAS	16	101	198	5	0.81451416015625	0	0	0	0
LDL	UKBB	EAS	16	103	4725	5	10.2906174659729	0	0	0	0
LDL	UKBB	EAS	16	104	1268	5	1.94003486633301	0	0	0	0
LDL	UKBB	EAS	16	110	1072	5	2.20602679252625	0	0	0	0
LDL	UKBB	EAS	16	119	1379	5	1.49881172180176	0	0	0	0
LDL	UKBB	EAS	16	120	155	5	1.39961719512939	0	0	0	0
LDL	UKBB	EAS	16	125	500	5	0.834909677505493	0	0	0	0
LDL	UKBB	EAS	16	126	89	5	1.07465529441833	0	0	1	12
LDL	UKBB	EAS	16	127	121	5	0.687071323394775	0	0	0	0
LDL	UKBB	EAS	16	128	2316	5	2.54743623733521	0	0	0	0
LDL	UKBB	EAS	17	9	1449	5	1.28055596351624	0	0	0	0
LDL	UKBB	EAS	17	14	670	5	0.958759307861328	0	0	0	0
LDL	UKBB	EAS	17	16	101	5	0.851412296295166	0	0	0	0
LDL	UKBB	EAS	17	17	2021	5	2.3398916721344	0	0	0	0
LDL	UKBB	EAS	17	22	179	5	0.600264072418213	0	0	0	0
LDL	UKBB	EAS	17	23	389	5	0.98590350151062	0	0	0	0
LDL	UKBB	EAS	17	24	931	5	1.02914643287659	0	0	0	0
LDL	UKBB	EAS	17	25	1144	5	1.29653835296631	0	0	0	0
LDL	UKBB	EAS	17	28	166	5	0.643221855163574	0	0	0	0
LDL	UKBB	EAS	17	30	228	5	1.27563977241516	0	0	0	0
LDL	UKBB	EAS	17	51	1969	5	2.80562305450439	0	0	0	0
LDL	UKBB	EAS	17	54	1300	5	1.11271643638611	0	0	0	0
LDL	UKBB	EAS	17	55	2246	5	2.35715937614441	0	0	0	0
LDL	UKBB	EAS	17	65	2152	5	2.54580593109131	0	0	0	0
LDL	UKBB	EAS	17	70	789	5	0.627068519592285	0	0	0	0
LDL	UKBB	EAS	17	71	874	5	1.12358498573303	0	0	0	0
LDL	UKBB	EAS	17	73	1810	5	2.52084565162659	0	0	0	0
LDL	UKBB	EAS	17	74	2337	5	2.7323887348175	0	0	0	0
LDL	UKBB	EAS	17	75	2403	5	3.00347137451172	0	0	0	0
LDL	UKBB	EAS	17	80	1233	5	2.5674991607666	0	0	0	0
LDL	UKBB	EAS	17	84	589	5	1.14000749588013	0	0	0	0
LDL	UKBB	EAS	17	87	707	5	1.08018946647644	0	0	0	0
LDL	UKBB	EAS	17	90	1970	5	2.61328220367432	0	0	0	0
LDL	UKBB	EAS	17	94	1058	5	1.36589646339417	0	0	0	0
LDL	UKBB	EAS	17	97	2094	5	3.24013376235962	0	0	0	0
LDL	UKBB	EAS	17	98	681	5	0.759259939193726	0	0	0	0
LDL	UKBB	EAS	17	100	998	5	0.905297994613647	0	0	0	0
LDL	UKBB	EAS	17	101	1012	5	0.845414400100708	0	0	0	0
LDL	UKBB	EAS	17	102	601	5	0.873297214508057	0	0	0	0
LDL	UKBB	EAS	17	103	673	5	1.61767745018005	0	0	0	0
LDL	UKBB	EAS	17	104	123	5	1.42903566360474	0	0	0	0
LDL	UKBB	EAS	17	105	1257	5	1.98600172996521	0	0	0	0
LDL	UKBB	EAS	17	117	985	5	0.825127840042114	0	0	0	0
LDL	UKBB	EAS	17	118	1007	5	1.01337671279907	0	0	0	0
LDL	UKBB	EAS	17	121	719	5	1.058274269104	0	0	0	0
LDL	UKBB	EAS	17	123	849	5	0.893481016159058	0	0	0	0
LDL	UKBB	EAS	17	125	1627	5	1.41722369194031	0	0	0	0
LDL	UKBB	EAS	17	130	902	5	2.06336069107056	0	0	0	0
LDL	UKBB	EAS	17	133	550	5	1.39950776100159	0	0	0	0
LDL	UKBB	EAS	17	134	1056	5	0.795891284942627	0	0	0	0
LDL	UKBB	EAS	18	31	1880	5	1.48437309265137	0	0	0	0
LDL	UKBB	EAS	18	41	2730	5	3.25946092605591	0	0	0	0
LDL	UKBB	EAS	18	61	1868	5	2.0201952457428	0	0	0	0
LDL	UKBB	EAS	18	69	3513	5	4.81595396995544	0	0	0	0
LDL	UKBB	EAS	18	77	449	5	1.34152054786682	0	0	0	0
LDL	UKBB	EAS	18	88	1229	5	1.84553241729736	0	0	0	0
LDL	UKBB	EAS	18	98	930	5	1.77758765220642	0	0	0	0
LDL	UKBB	EAS	18	119	158	5	0.733521223068237	0	0	0	0
LDL	UKBB	EAS	18	120	1191	5	1.01661801338196	0	0	0	0
LDL	UKBB	EAS	19	6	57	5	0.638501644134521	0	0	0	0
LDL	UKBB	EAS	19	12	178	5	0.774124383926392	0	0	0	0
LDL	UKBB	EAS	19	15	91	5	0.877419948577881	0	0	0	0
LDL	UKBB	EAS	19	16	90	5	0.590654850006104	0	0	0	0
LDL	UKBB	EAS	19	20	193	5	0.566299438476562	0	0	0	0
LDL	UKBB	EAS	19	21	115	5	0.709515333175659	0	0	0	0
LDL	UKBB	EAS	19	22	627	5	1.55030751228333	0	0	0	0
LDL	UKBB	EAS	19	25	588	5	0.759797096252441	0	0	0	0
LDL	UKBB	EAS	19	32	468	5	1.95671129226685	0	0	0	0
LDL	UKBB	EAS	19	33	229	5	1.96813869476318	0	0	0	0
LDL	UKBB	EAS	19	35	1038	5	0.908300399780273	0	0	0	0
LDL	UKBB	EAS	19	36	139	5	0.655643701553345	0	0	0	0
LDL	UKBB	EAS	19	37	1080	5	1.13983750343323	0	0	0	0
LDL	UKBB	EAS	19	38	254	5	0.587339162826538	0	0	0	0
LDL	UKBB	EAS	19	39	1361	5	0.928649187088013	0	0	0	0
LDL	UKBB	EAS	19	40	500	5	0.544044494628906	0	0	0	0
LDL	UKBB	EAS	19	42	140	5	0.794446229934692	0	0	0	0
LDL	UKBB	EAS	19	46	1228	5	1.60534071922302	0	0	0	0
LDL	UKBB	EAS	19	49	770	5	0.734503030776978	0	0	0	0
LDL	UKBB	EAS	19	51	508	5	0.890524625778198	0	0	0	0
LDL	UKBB	EAS	19	52	476	5	1.63912415504456	0	0	0	0
LDL	UKBB	EAS	19	53	1607	5	2.69442629814148	0	0	0	0
LDL	UKBB	EAS	19	54	3297	5	4.08161735534668	0	0	0	0
LDL	UKBB	EAS	19	62	1988	5	2.26517796516418	0	0	0	0
LDL	UKBB	EAS	19	63	635	5	1.30014729499817	0	0	0	0
LDL	UKBB	EAS	19	65	638	5	0.852393865585327	0	0	0	0
LDL	UKBB	EAS	19	67	3704	5	4.32890462875366	0	0	0	0
LDL	UKBB	EAS	19	68	767	5	1.12025713920593	0	0	0	0
LDL	UKBB	EAS	19	70	722	5	0.760953903198242	0	0	0	0
LDL	UKBB	EAS	19	71	128	5	0.659926652908325	0	0	0	0
LDL	UKBB	EAS	19	72	931	5	0.933565616607666	0	0	0	0
LDL	UKBB	EAS	19	73	246	5	0.642369985580444	0	0	0	0
LDL	UKBB	EAS	19	74	1772	5	1.41500782966614	0	0	0	0
LDL	UKBB	EAS	19	75	126	5	1.13841772079468	1	2	2	3
LDL	UKBB	EAS	19	76	894	5	1.32371258735657	0	0	0	0
LDL	UKBB	EAS	19	77	1793	5	1.61035943031311	0	0	0	0
LDL	UKBB	EAS	19	79	768	5	0.964641332626343	0	0	0	0
LDL	UKBB	EAS	19	80	153	5	1.03359985351562	0	0	0	0
LDL	UKBB	EAS	19	81	485	5	1.71768879890442	0	0	0	0
LDL	UKBB	EAS	19	98	163	5	0.648148775100708	0	0	0	0
LDL	UKBB	EAS	19	103	340	5	0.654641151428223	0	0	0	0
LDL	UKBB	EAS	19	104	583	5	0.737600326538086	0	0	0	0
LDL	UKBB	EAS	19	107	432	5	0.576928853988647	0	0	0	0
LDL	UKBB	EAS	19	110	1508	5	1.00819945335388	0	0	0	0
LDL	UKBB	EAS	19	111	873	5	1.1483793258667	0	0	0	0
LDL	UKBB	EAS	20	2	414	5	0.65698766708374	0	0	0	0
LDL	UKBB	EAS	20	10	744	5	0.970643758773804	0	0	0	0
LDL	UKBB	EAS	20	11	528	5	0.911688327789307	0	0	0	0
LDL	UKBB	EAS	20	12	927	5	2.18972873687744	0	0	0	0
LDL	UKBB	EAS	20	13	1413	5	2.01569056510925	0	0	0	0
LDL	UKBB	EAS	20	18	822	5	0.804181337356567	0	0	0	0
LDL	UKBB	EAS	20	19	215	5	0.671515226364136	0	0	0	0
LDL	UKBB	EAS	20	40	914	5	1.22593355178833	0	0	0	0
LDL	UKBB	EAS	20	48	2407	5	2.90325498580933	0	0	0	0
LDL	UKBB	EAS	20	59	1511	5	1.84860897064209	0	0	0	0
LDL	UKBB	EAS	20	60	1200	5	1.06810331344604	0	0	0	0
LDL	UKBB	EAS	20	63	2867	5	4.65019631385803	0	0	0	0
LDL	UKBB	EAS	20	64	719	5	2.10336637496948	0	0	0	0
LDL	UKBB	EAS	20	65	1631	5	1.86856508255005	0	0	0	0
LDL	UKBB	EAS	20	66	1749	5	1.33087015151978	0	0	0	0
LDL	UKBB	EAS	20	68	509	5	0.854203701019287	0	0	0	0
LDL	UKBB	EAS	20	69	1164	5	1.54160094261169	0	0	0	0
LDL	UKBB	EAS	20	70	815	5	0.872879028320312	0	0	0	0
LDL	UKBB	EAS	20	71	1517	5	1.85586047172546	0	0	0	0
LDL	UKBB	EAS	20	77	1450	5	1.90407013893127	0	0	0	0
LDL	UKBB	EAS	20	78	1619	5	2.08917689323425	0	0	0	0
LDL	UKBB	EAS	20	86	860	5	0.791561126708984	0	0	0	0
LDL	UKBB	EAS	20	87	705	5	0.790745735168457	0	0	0	0
LDL	UKBB	EAS	20	89	587	5	0.582841157913208	0	0	0	0
LDL	UKBB	EAS	20	110	793	5	0.951981782913208	0	0	0	0
LDL	UKBB	EAS	20	111	61	5	0.573216199874878	0	0	0	0
LDL	UKBB	EAS	20	112	238	5	0.579522371292114	0	0	0	0
LDL	UKBB	EAS	20	115	511	5	1.28534817695618	0	0	0	0
LDL	UKBB	EAS	21	3	538	5	1.45184206962585	0	0	0	0
LDL	UKBB	EAS	21	30	2751	5	2.99328804016113	0	0	0	0
LDL	UKBB	EAS	21	33	1301	5	1.58781218528748	0	0	0	0
LDL	UKBB	EAS	21	37	1414	5	1.17759966850281	0	0	0	0
LDL	UKBB	EAS	21	41	2166	5	2.164142370224	0	0	0	0
LDL	UKBB	EAS	21	48	2285	5	1.81243300437927	0	0	0	0
LDL	UKBB	EAS	21	53	870	5	1.20435261726379	0	0	0	0
LDL	UKBB	EAS	21	62	382	5	0.837438344955444	0	0	0	0
LDL	UKBB	EAS	21	64	1146	5	1.45753049850464	0	0	0	0
LDL	UKBB	EAS	21	65	860	5	1.0643150806427	0	0	0	0
LDL	UKBB	EAS	22	5	604	5	1.65500545501709	0	0	0	0
LDL	UKBB	EAS	22	9	762	5	0.673813343048096	0	0	0	0
LDL	UKBB	EAS	22	13	611	5	0.841665983200073	0	0	0	0
LDL	UKBB	EAS	22	29	1639	5	1.70057797431946	0	0	0	0
LDL	UKBB	EAS	22	30	4930	5	8.56486678123474	0	0	0	0
LDL	UKBB	EAS	22	36	735	5	0.920408010482788	0	0	0	0
LDL	UKBB	EAS	22	37	996	5	1.37967371940613	0	0	0	0
LDL	UKBB	EAS	22	40	410	5	1.43048405647278	0	0	0	0
LDL	UKBB	EAS	22	43	757	5	0.732176303863525	0	0	0	0
LDL	UKBB	EAS	22	46	2464	5	3.17863178253174	0	0	0	0
LDL	UKBB	EAS	22	49	253	5	0.516263961791992	0	0	0	0
LDL	UKBB	EAS	22	54	840	5	0.880027770996094	0	0	0	0
LDL	UKBB	EAS	22	55	554	5	1.02822995185852	0	0	0	0
LDL	UKBB	EAS	22	57	54	5	0.516473293304443	0	0	0	0
LDL	UKBB	EAS	22	70	794	5	0.869738101959229	0	0	0	0
