pid	chromosome	block	num_variants	L	time	num_variants_0.95	num_variants_0.5	num_CS95	num_variants_CS95
EUR	1	2	76	5	7.77234554290771	0	0	0	0
EUR	1	5	1193	5	6.38606953620911	0	0	1	5
EUR	1	15	2079	5	3.65892338752747	0	0	1	52
EUR	1	17	2665	5	3.53067994117737	0	0	0	0
EUR	1	32	714	5	7.24269437789917	0	0	0	0
EUR	1	52	2831	5	4.62273716926575	0	0	0	0
EUR	1	53	2386	5	3.06730628013611	0	0	1	14
EUR	1	55	1712	5	5.12379431724548	0	0	1	7
EUR	1	63	1412	5	6.60173726081848	0	0	0	0
EUR	1	68	861	5	7.44119644165039	0	0	0	0
EUR	1	70	2325	5	2.54425764083862	0	0	0	0
EUR	1	72	1695	5	1.5090754032135	0	0	0	0
EUR	1	74	2465	5	4.54817056655884	0	0	1	9
EUR	1	92	2152	5	5.4993851184845	0	0	0	0
EUR	1	100	2341	5	2.85425281524658	0	0	1	19
EUR	1	105	5705	5	1386.57684135437	0	0	2	188
EUR	1	115	2409	5	2.99563574790955	0	0	0	0
EUR	1	117	1409	5	3.10212588310242	0	0	0	0
EUR	1	125	4192	5	15.4514920711517	0	0	1	59
EUR	1	127	2042	5	5.95424151420593	0	0	2	42
EUR	1	128	3723	5	889.875429153442	0	0	2	114
EUR	1	129	1152	5	1.44690179824829	0	0	1	16
EUR	1	141	1474	5	2.52460813522339	0	0	0	0
EUR	1	147	2673	5	3.37726545333862	0	0	0	0
EUR	1	154	3942	5	11.6643862724304	0	0	1	133
EUR	1	156	2045	5	2.28091645240784	0	0	1	76
EUR	1	158	1720	5	10.6253089904785	0	1	0	0
EUR	1	166	671	5	0.916175603866577	0	0	1	49
EUR	1	170	2077	5	2.66707134246826	0	0	1	50
EUR	1	175	3433	5	9.27679562568665	0	0	0	0
EUR	1	183	4530	5	19.4961013793945	0	0	0	0
EUR	1	185	1185	5	5.9847104549408	0	0	0	0
EUR	1	186	2487	5	3.55462074279785	0	0	2	22
EUR	1	187	2314	5	2.56533288955688	0	1	0	0
EUR	1	188	3552	5	11.1403026580811	0	0	0	0
EUR	1	192	2649	5	6.42110347747803	0	1	0	0
EUR	1	198	6148	5	60.419985294342	0	0	0	0
EUR	1	201	2828	5	8.82849621772766	0	0	0	0
EUR	1	204	2056	5	735.334774494171	0	0	2	91
EUR	1	213	1342	5	1.4158296585083	0	0	0	0
EUR	1	216	2359	5	8.48410964012146	0	0	0	0
EUR	1	226	760	5	2.46590662002563	0	1	0	0
EUR	1	232	3636	5	22.8552219867706	0	0	0	0
EUR	1	239	1085	5	1.24112558364868	0	0	0	0
EUR	1	240	5277	5	26.0392727851868	0	0	0	0
EUR	1	243	1398	5	2.89559006690979	0	0	1	48
EUR	1	252	1169	5	2.25024557113647	0	0	0	0
EUR	1	262	2331	5	14.9574484825134	0	0	0	0
EUR	1	263	1909	5	6.52496695518494	0	0	1	2
EUR	1	274	2774	5	754.704714775085	0	0	2	79
EUR	2	4	1232	5	1.29456400871277	0	0	1	18
EUR	2	33	2697	5	14.4176983833313	0	0	1	7
EUR	2	38	2655	5	8.73667120933533	0	0	0	0
EUR	2	45	2149	5	11.9351260662079	0	0	1	72
EUR	2	48	1728	5	2.88420748710632	1	1	1	1
EUR	2	49	2595	5	1053.24213838577	0	0	0	0
EUR	2	63	1902	5	4.79877591133118	0	0	1	22
EUR	2	66	3747	5	29.0034835338593	0	0	0	0
EUR	2	79	2926	5	14.7963364124298	0	0	0	0
EUR	2	81	4029	5	21.5331227779388	0	0	0	0
EUR	2	84	6510	5	80.3696134090424	0	0	0	0
EUR	2	85	6245	5	59.8387892246246	0	1	3	86
EUR	2	87	813	5	573.581560850143	0	1	0	0
EUR	2	88	7090	5	116.60763502121	0	0	0	0
EUR	2	100	1825	5	8.08268547058105	0	1	1	10
EUR	2	101	1640	5	4.16488027572632	0	0	1	140
EUR	2	105	3506	5	19.9919385910034	0	0	1	76
EUR	2	107	4123	5	22.0140311717987	0	0	1	15
EUR	2	108	2934	5	17.731175661087	0	0	1	5
EUR	2	112	4446	5	47.1881687641144	0	0	0	0
EUR	2	116	2700	5	18.0454957485199	0	0	1	36
EUR	2	145	1438	5	4.20776343345642	0	1	0	0
EUR	2	146	2304	5	8.46098041534424	0	0	1	14
EUR	2	147	5700	5	66.6373801231384	0	0	0	0
EUR	2	152	1814	5	641.345908164978	0	0	0	0
EUR	2	153	2965	5	9.43378877639771	0	0	1	18
EUR	2	154	1169	5	2.51254606246948	0	0	0	0
EUR	2	161	4164	5	31.8447666168213	0	0	2	126
EUR	2	166	5821	5	1442.82275748253	0	0	1	21
EUR	2	171	2951	5	12.6345562934875	0	0	0	0
EUR	2	176	3308	5	16.2688505649567	0	0	1	10
EUR	2	180	2125	5	900.856431007385	0	0	0	0
EUR	2	186	3980	5	28.9103960990906	0	1	0	0
EUR	2	190	8365	5	197.015302181244	0	0	1	7
EUR	2	195	5639	5	56.1428112983704	0	0	0	0
EUR	2	196	3818	5	23.1425266265869	0	0	2	83
EUR	2	197	2828	5	13.316478729248	0	0	2	153
EUR	2	204	2169	5	4.5321033000946	0	0	0	0
EUR	2	205	1572	5	6.0908055305481	0	0	0	0
EUR	2	210	1527	5	3.95341110229492	0	0	0	0
EUR	2	211	3153	5	19.8218810558319	0	0	0	0
EUR	2	213	5271	5	60.4757342338562	0	0	1	39
EUR	2	228	1968	5	6.14262795448303	0	0	1	34
EUR	2	232	1857	5	9.60027885437012	0	0	0	0
EUR	2	234	2482	5	9.90287470817566	0	0	1	131
EUR	2	241	1434	5	6.64525628089905	0	0	1	44
EUR	2	247	735	5	3.08837556838989	0	0	1	33
EUR	3	1	8973	5	151.281087398529	0	0	1	10
EUR	3	22	1099	5	3.63948488235474	0	0	0	0
EUR	3	32	3156	5	1070.95514249802	0	0	2	453
EUR	3	35	3484	5	19.2354249954224	0	0	0	0
EUR	3	37	826	5	2.4546175003051802	0	0	0	0
EUR	3	38	2110	5	12.4503717422485	0	0	1	16
EUR	3	39	3995	5	24.4303450584412	0	0	0	0
EUR	3	40	1519	5	5.37615752220154	0	0	0	0
EUR	3	41	3447	5	21.8338215351105	0	0	0	0
EUR	3	42	2699	5	9.1532130241394	0	0	0	0
EUR	3	45	1412	5	4.71301460266113	0	0	0	0
EUR	3	48	2590	5	887.111628055573	0	0	2	85
EUR	3	49	3631	5	1090.28030586243	0	0	2	40
EUR	3	53	4415	5	826.555679798126	0	0	0	0
EUR	3	55	1472	5	3.19544649124146	0	0	1	16
EUR	3	56	1831	5	10.0799322128296	0	0	1	26
EUR	3	60	4215	5	772.741495609283	0	0	0	0
EUR	3	61	1828	5	5.89580416679382	0	0	1	15
EUR	3	63	7300	5	1179.46029186249	0	0	2	122
EUR	3	74	2248	5	10.0793375968933	0	0	1	7
EUR	3	81	1583	5	9.55768799781799	0	0	1	17
EUR	3	88	2594	5	408.523879289627	0	0	0	0
EUR	3	89	1988	5	5.77296829223633	0	0	2	95
EUR	3	96	2100	5	9.07726788520813	0	0	1	43
EUR	3	99	6234	5	43.0124270915985	0	0	1	327
EUR	3	101	10719	5	214.23740696907	0	0	0	0
EUR	3	108	2438	5	11.956207036972	0	1	0	0
EUR	3	109	6041	5	79.276136636734	0	0	0	0
EUR	3	119	4445	5	26.0209667682648	0	0	1	100
EUR	3	120	2837	5	12.8818984031677	0	0	1	48
EUR	3	131	1103	5	6.45418787002563	0	0	1	161
EUR	3	140	3450	5	835.339724779129	0	0	1	60
EUR	3	165	3137	5	20.146703004837	0	0	1	61
EUR	3	166	9826	5	144.232299089432	0	0	1	140
EUR	3	182	1072	5	4.19450688362122	0	0	0	0
EUR	3	185	1393	5	2.78020453453064	0	0	1	26
EUR	3	187	2998	5	761.302892446518	0	0	1	144
EUR	3	193	2899	5	17.7338001728058	0	0	0	0
EUR	3	195	5531	5	32.2731373310089	1	1	2	6
EUR	3	204	3241	5	20.8075590133667	0	0	0	0
EUR	3	216	1607	5	5.74828410148621	0	0	0	0
EUR	4	1	7624	5	107.739613771439	0	1	0	0
EUR	4	4	2079	5	5.87932109832764	0	0	1	24
EUR	4	33	4254	5	695.466019630432	0	0	2	219
EUR	4	36	1985	5	5.53426170349121	0	0	1	20
EUR	4	37	1364	5	7.67054557800293	0	0	0	0
EUR	4	43	1100	5	3.35470366477966	0	1	0	0
EUR	4	46	2988	5	8.77670669555664	0	0	0	0
EUR	4	48	2908	5	1111.15377688408	0	0	0	0
EUR	4	52	3629	5	18.7100765705109	0	0	1	257
EUR	4	54	6810	5	40.7052640914917	0	0	1	6
EUR	4	63	6716	5	1452.73953318596	0	0	2	144
EUR	4	64	4817	5	50.1028959751129	0	0	1	29
EUR	4	66	2056	5	776.403200387955	0	0	0	0
EUR	4	76	4281	5	355.270061016083	0	0	0	0
EUR	4	77	6720	5	61.2566077709198	0	0	0	0
EUR	4	91	1924	5	840.221880197525	0	0	1	16
EUR	4	94	1877	5	6.54456400871277	0	0	0	0
EUR	4	97	1805	5	5.30001997947693	0	1	0	0
EUR	4	101	4123	5	41.0525403022766	0	0	0	0
EUR	4	105	2592	5	7.7823920249939	0	0	0	0
EUR	4	114	3499	5	14.6702010631561	0	0	0	0
EUR	4	115	1506	5	4.24680423736572	0	1	1	2
EUR	4	116	2575	5	13.6023516654968	0	0	0	0
EUR	4	117	2957	5	9.14605689048767	0	1	0	0
EUR	4	125	914	5	5.13831400871277	0	0	0	0
EUR	4	129	3886	5	14.3298070430756	0	0	2	185
EUR	4	146	1762	5	4.41576910018921	0	0	0	0
EUR	4	150	3369	5	12.1465973854065	0	0	1	204
EUR	4	155	2799	5	15.9180839061737	0	0	0	0
EUR	4	160	1443	5	4.34628534317017	0	0	1	54
EUR	4	162	2305	5	10.3436667919159	0	0	0	0
EUR	4	173	2762	5	8.11713075637817	0	0	1	34
EUR	4	175	2310	5	10.3894355297089	0	0	0	0
EUR	4	178	1268	5	7.35774683952332	0	0	0	0
EUR	4	183	5168	5	31.240204334259	0	0	1	9
EUR	4	187	2736	5	9.48262619972229	0	1	0	0
EUR	4	199	557	5	3.34315657615662	0	0	1	11
EUR	5	17	1747	5	4.56497645378113	0	0	1	14
EUR	5	39	2032	5	6.15558671951294	0	0	0	0
EUR	5	57	2743	5	9.18769884109497	0	0	0	0
EUR	5	61	5309	5	46.8392639160156	0	0	0	0
EUR	5	63	7701	5	99.0664353370667	0	0	1	7
EUR	5	71	4496	5	25.0011332035065	0	0	0	0
EUR	5	72	4275	5	34.456826210022	0	0	1	16
EUR	5	74	5535	5	27.6735870838165	0	0	0	0
EUR	5	82	1536	5	5.37860488891602	0	1	0	0
EUR	5	85	3156	5	8.18247151374817	0	0	0	0
EUR	5	102	3291	5	834.685381174088	0	0	0	0
EUR	5	103	2202	5	9.38920974731445	0	0	1	20
EUR	5	104	2354	5	352.530169963837	0	0	2	66
EUR	5	105	996	5	2.24683690071106	0	0	1	59
EUR	5	112	7038	5	80.4735786914825	0	0	1	201
EUR	5	114	8435	5	109.234846353531	0	1	0	0
EUR	5	115	755	5	3.00727105140686	0	1	0	0
EUR	5	117	2610	5	8.40725684165955	0	0	1	83
EUR	5	119	2910	5	10.0361576080322	0	0	0	0
EUR	5	127	4425	5	29.4453167915344	0	0	0	0
EUR	5	133	1803	5	4.2089467048645	0	0	0	0
EUR	5	135	1964	5	4.56667613983154	0	0	1	145
EUR	5	144	2972	5	16.2677011489868	0	0	0	0
EUR	5	145	3716	5	28.8824586868286	0	0	2	46
EUR	5	146	3469	5	975.399899482727	0	0	0	0
EUR	5	152	4439	5	30.5671694278717	0	0	0	0
EUR	5	162	4424	5	1135.2962577343	0	0	1	58
EUR	5	163	2417	5	733.35154914856	0	0	2	238
EUR	5	166	2413	5	11.4661943912506	0	0	0	0
EUR	5	168	2613	5	12.8273539543152	0	0	1	27
EUR	5	171	4563	5	25.4003372192383	0	0	0	0
EUR	5	177	1510	5	3.02060723304749	0	0	1	5
EUR	5	191	3566	5	9.46905374526978	0	0	0	0
EUR	5	198	1093	5	5.44137716293335	0	0	0	0
EUR	6	28	1166	5	4.87495470046997	0	0	0	0
EUR	6	35	821	5	2.89371037483215	0	0	0	0
EUR	6	54	2447	5	15.2539343833923	0	0	0	0
EUR	6	57	1460	5	4.44695067405701	0	1	0	0
EUR	6	58	2580	5	17.2282555103302	0	0	0	0
EUR	6	63	1994	5	5.86115026473999	0	0	0	0
EUR	6	71	11188	5	168.731831073761	0	0	1	62
EUR	6	78	13030	5	2668.22836899757	0	0	2	608
EUR	6	80	10354	5	1719.83400082588	0	0	0	0
EUR	6	81	6155	5	49.302497625351	0	0	1	5
EUR	6	87	3762	5	28.9744601249695	0	0	2	104
EUR	6	88	9099	5	134.842638731003	0	0	0	0
EUR	6	90	514	5	1.45880794525146	0	0	1	62
EUR	6	94	4013	5	22.9078500270844	0	1	1	8
EUR	6	97	3167	5	13.4601089954376	0	0	1	41
EUR	6	104	3639	5	11.9143662452698	0	0	0	0
EUR	6	106	1792	5	4.73001646995544	0	0	1	25
EUR	6	108	703	5	3.53781747817993	0	0	0	0
EUR	6	112	2338	5	15.56658244133	0	0	0	0
EUR	6	113	2934	5	617.606368780136	0	0	2	72
EUR	6	115	6679	5	70.542028427124	0	0	0	0
EUR	6	116	3747	5	16.4940896034241	0	0	0	0
EUR	6	122	2068	5	5.82151699066162	0	0	1	20
EUR	6	124	3765	5	11.330242395401	0	0	0	0
EUR	6	144	4992	5	25.4501662254333	0	0	1	10
EUR	6	146	1074	5	4.49273443222046	0	0	1	10
EUR	6	149	3714	5	23.8933279514313	0	0	1	28
EUR	6	167	2009	5	5.41655015945435	0	0	0	0
EUR	6	169	5812	5	39.9395444393158	0	0	0	0
EUR	6	173	3087	5	10.6143319606781	0	1	0	0
EUR	6	175	1645	5	3.44175791740417	0	0	0	0
EUR	6	177	3771	5	19.7779457569122	0	0	0	0
EUR	7	5	2747	5	14.7207925319672	0	0	1	4
EUR	7	6	1504	5	4.20769095420837	0	0	2	34
EUR	7	8	4350	5	29.5809631347656	0	0	0	0
EUR	7	17	1214	5	3.42249751091003	0	0	1	20
EUR	7	19	848	5	2.5816867351532	0	0	0	0
EUR	7	37	2671	5	12.1495318412781	0	1	1	16
EUR	7	40	4095	5	41.0000822544098	0	0	1	42
EUR	7	41	2726	5	10.3755493164062	0	0	0	0
EUR	7	66	821	5	3.46414852142334	0	0	0	0
EUR	7	67	7239	5	54.9018924236298	0	0	0	0
EUR	7	68	2321	5	9.08143949508667	0	0	0	0
EUR	7	81	3223	5	15.8946177959442	0	0	0	0
EUR	7	83	2428	5	6.86150407791138	0	0	0	0
EUR	7	85	3205	5	9.19578313827515	0	0	1	49
EUR	7	92	2762	5	7.29133462905884	0	0	0	0
EUR	7	97	2568	5	11.6278233528137	0	0	1	33
EUR	7	98	3790	5	19.0269520282745	0	0	1	95
EUR	7	99	4852	5	1156.92786121368	0	1	2	30
EUR	7	111	3384	5	17.7267091274261	0	0	1	29
EUR	7	114	4397	5	21.0532119274139	0	0	1	42
EUR	7	119	1694	5	4.38493514060974	0	0	0	0
EUR	7	122	3061	5	9.12123894691467	0	0	2	42
EUR	7	124	3316	5	15.742901802063	0	0	0	0
EUR	7	131	6369	5	54.6801853179932	0	0	0	0
EUR	7	132	6591	5	74.645498752594	0	0	0	0
EUR	7	135	839	5	2.28585171699524	0	1	0	0
EUR	7	138	3768	5	24.8835515975952	0	0	0	0
EUR	7	141	3614	5	14.7585937976837	0	0	1	31
EUR	7	145	1772	5	138.968591213226	0	0	2	23
EUR	7	148	1475	5	8.75473833084106	0	1	0	0
EUR	7	170	685	5	2.59579110145569	0	1	1	2
EUR	7	185	1349	5	5.47505259513855	0	0	1	28
EUR	8	2	3101	5	10.3410577774048	0	0	1	49
EUR	8	4	872	5	2.3611421585083	0	0	1	14
EUR	8	7	2222	5	5.99798154830933	0	0	0	0
EUR	8	11	3457	5	22.6133673191071	0	0	1	15
EUR	8	19	1104	5	2.45152115821838	0	0	0	0
EUR	8	24	3595	5	21.167665719986	0	0	0	0
EUR	8	27	1601	5	5.60379004478455	0	0	1	15
EUR	8	29	3877	5	16.6808569431305	0	0	1	9
EUR	8	40	2223	5	4.87444233894348	0	0	0	0
EUR	8	42	3559	5	18.7419080734253	0	0	1	14
EUR	8	43	3436	5	13.9816977977753	0	1	1	7
EUR	8	49	2295	5	9.72229266166687	0	0	2	60
EUR	8	51	4655	5	37.4264702796936	0	0	0	0
EUR	8	55	1576	5	3.06047821044922	0	0	1	98
EUR	8	57	2177	5	8.51983499526978	0	0	0	0
EUR	8	65	1601	5	3.98065519332886	0	0	0	0
EUR	8	67	3343	5	59.3885881900787	0	0	0	0
EUR	8	69	4214	5	30.1982445716858	0	0	1	37
EUR	8	71	2810	5	492.549654722214	0	0	2	112
EUR	8	74	2008	5	3.7642993927002	0	0	0	0
EUR	8	92	3392	5	10.6964852809906	0	0	0	0
EUR	8	106	2645	5	9.02241563796997	0	0	1	12
EUR	8	107	975	5	4.47733592987061	0	0	0	0
EUR	8	108	5698	5	37.1586561203003	0	0	0	0
EUR	8	110	4772	5	36.2675065994263	0	0	0	0
EUR	8	111	6787	5	49.3190124034882	0	0	1	27
EUR	8	113	1575	5	3.77874183654785	0	0	0	0
EUR	8	135	2288	5	12.5187511444092	0	0	1	31
EUR	8	158	2794	5	645.515035152435	0	1	1	2
EUR	8	159	1661	5	5.25703430175781	0	0	2	27
EUR	9	14	1323	5	127.050912857056	0	0	0	0
EUR	9	27	5296	5	33.5989162921906	0	0	0	0
EUR	9	28	1669	5	3.71536993980408	0	1	1	2
EUR	9	38	2742	5	12.5263199806213	0	0	0	0
EUR	9	39	942	5	3.77925586700439	0	0	0	0
EUR	9	40	3284	5	13.6949183940887	1	1	1	1
EUR	9	41	232	5	6.46083307266235	0	1	0	0
EUR	9	42	2133	5	8.47134184837341	0	0	0	0
EUR	9	44	387	5	3.39963841438293	0	0	0	0
EUR	9	45	3561	5	22.4975409507751	0	0	0	0
EUR	9	50	4403	5	25.4166097640991	0	0	0	0
EUR	9	53	4359	5	29.3250045776367	0	0	0	0
EUR	9	54	1531	5	3.38120269775391	0	0	0	0
EUR	9	56	2875	5	17.0247473716736	0	0	0	0
EUR	9	68	360	5	3.09136772155762	0	0	1	4
EUR	9	78	960	5	3.75820517539978	0	0	0	0
EUR	9	80	5041	5	49.7216744422913	0	0	0	0
EUR	9	81	381	5	3.78267931938171	0	0	0	0
EUR	9	83	1798	5	4.97150945663452	0	0	1	146
EUR	9	99	2260	5	7.22489833831787	0	0	1	30
EUR	9	103	863	5	2.93493890762329	0	0	1	19
EUR	9	115	3937	5	17.8733816146851	0	0	0	0
EUR	9	119	1913	5	6.09032726287842	0	0	1	130
EUR	9	140	3682	5	16.4219121932983	0	0	0	0
EUR	9	146	666	5	3.22575426101685	0	0	0	0
EUR	9	158	177	5	2.41946291923523	1	1	1	1
EUR	10	1	2446	5	8.89396667480469	0	0	0	0
EUR	10	4	3502	5	15.7085802555084	0	0	0	0
EUR	10	8	1232	5	693.554333209991	0	0	0	0
EUR	10	9	286	5	2.07796597480774	0	0	1	3
EUR	10	24	847	5	2.30223488807678	0	0	1	40
EUR	10	28	1338	5	2.59394669532776	0	0	0	0
EUR	10	45	3459	5	7.64935684204102	0	1	3	106
EUR	10	48	2584	5	9.00089883804321	0	0	0	0
EUR	10	49	1923	5	4.39450764656067	0	1	0	0
EUR	10	60	4667	5	42.3108012676239	0	0	0	0
EUR	10	61	1480	5	3.36638259887695	0	0	0	0
EUR	10	73	1754	5	4.09557938575745	0	0	1	8
EUR	10	80	2934	5	11.3557510375977	0	0	0	0
EUR	10	81	3645	5	856.981004476547	0	0	2	30
EUR	10	82	4067	5	14.7660102844238	0	0	1	13
EUR	10	90	149	5	2.28695368766785	0	0	1	6
EUR	10	96	1696	5	8.8662896156311	0	0	0	0
EUR	10	109	2805	5	6.73566961288452	0	0	0	0
EUR	10	113	2380	5	5.76240134239197	0	0	0	0
EUR	10	114	2209	5	5.60984992980957	0	1	1	2
EUR	10	129	4218	5	860.286011219025	0	0	1	70
EUR	10	131	3508	5	17.0451366901398	0	0	0	0
EUR	10	153	2034	5	3.74531769752502	0	0	0	0
EUR	10	154	4126	5	23.3051590919495	0	0	1	6
EUR	10	162	1630	5	3.0939998626709	0	0	1	42
EUR	11	3	2406	5	6.88227868080139	0	0	1	29
EUR	11	31	1655	5	9.43094038963318	0	0	0	0
EUR	11	35	1142	5	3.99215817451477	0	0	0	0
EUR	11	48	2293	5	4.06167221069336	0	0	1	57
EUR	11	52	1476	5	4.69830393791199	0	0	1	46
EUR	11	53	2787	5	10.8232483863831	0	0	0	0
EUR	11	54	2220	5	247.342092514038	0	0	0	0
EUR	11	78	1513	5	673.081754207611	0	0	3	246
EUR	11	79	3271	5	918.976795911789	0	0	0	0
EUR	11	96	6093	5	59.2910900115967	0	0	0	0
EUR	11	97	1348	5	5.1749005317688	0	0	0	0
EUR	11	117	5381	5	45.0045034885406	0	0	0	0
EUR	11	120	857	5	5.105877161026	0	0	0	0
EUR	11	124	2203	5	900.41509771347	0	0	2	49
EUR	11	125	1987	5	54.2590034008026	0	0	1	22
EUR	11	130	847	5	2.64328265190125	0	0	0	0
EUR	11	144	404	5	2.30794382095337	0	1	1	3
EUR	11	145	2904	5	8.51432037353516	0	0	0	0
EUR	11	146	249	5	2.58451700210571	0	1	1	2
EUR	11	148	1577	5	7.70319056510925	0	0	0	0
EUR	11	151	1439	5	3.78241562843323	0	0	0	0
EUR	11	155	1144	5	5.62055730819702	0	0	0	0
EUR	11	159	3008	5	335.843813657761	0	0	2	70
EUR	11	162	1416	5	5.15529870986938	0	1	3	151
EUR	11	163	360	5	1.86481976509094	0	1	1	4
EUR	11	164	1340	5	1.03307723999023	0	1	0	0
EUR	12	6	399	5	1.78588891029358	0	0	0	0
EUR	12	7	1273	5	3.48081135749817	0	0	1	17
EUR	12	13	1384	5	2.20249581336975	0	1	0	0
EUR	12	32	2500	5	8.43910551071167	0	0	0	0
EUR	12	33	2001	5	8.66532278060913	0	1	1	10
EUR	12	44	1137	5	531.02662730217	0	0	0	0
EUR	12	52	4410	5	19.7673211097717	0	0	1	11
EUR	12	55	11167	5	267.723049640656	0	0	0	0
EUR	12	63	2204	5	8.24249601364136	0	0	0	0
EUR	12	67	1278	5	2.60448002815247	0	0	1	10
EUR	12	71	2874	5	14.0962710380554	2	2	2	2
EUR	12	75	343	5	1.57366991043091	0	1	0	0
EUR	12	77	1738	5	3.59631681442261	0	0	0	0
EUR	12	82	2866	5	4.5806999206543	0	0	1	56
EUR	12	83	6343	5	37.3215644359589	0	0	0	0
EUR	12	87	1614	5	5.65553903579712	0	0	1	3
EUR	12	88	3358	5	9.5453417301178	0	1	0	0
EUR	12	95	5900	5	40.2562336921692	0	0	0	0
EUR	12	97	4283	5	410.69725394249	0	0	2	64
EUR	12	98	1511	5	4.58915305137634	0	0	1	12
EUR	12	104	3084	5	10.8532974720001	0	0	1	15
EUR	12	109	883	5	0.779080867767334	0	0	1	85
EUR	12	114	2034	5	4.55929017066956	0	0	1	13
EUR	12	115	2143	5	6.25858902931213	0	0	1	9
EUR	12	119	4643	5	7.76948285102844	0	0	2	49
EUR	12	122	3146	5	8.90957021713257	1	1	1	1
EUR	12	132	1811	5	4.03745055198669	0	0	0	0
EUR	12	136	2436	5	5.00990605354309	0	0	0	0
EUR	12	138	4006	5	23.1609001159668	0	0	0	0
EUR	12	139	4936	5	33.8547141551971	0	0	2	99
EUR	12	144	1229	5	4.26157546043396	0	0	1	65
EUR	13	21	3128	5	12.2907109260559	0	0	0	0
EUR	13	24	2118	5	1.83478116989136	0	0	0	0
EUR	13	28	1003	5	3.17256784439087	0	0	0	0
EUR	13	35	1977	5	51.2960321903229	0	0	2	59
EUR	13	37	1391	5	1.01297903060913	0	0	0	0
EUR	13	40	1610	5	3.3038866519928	0	0	1	114
EUR	13	43	1812	5	5.23796534538269	0	0	0	0
EUR	13	50	4378	5	15.2708065509796	0	0	1	26
EUR	13	53	2589	5	9.39389204978943	0	0	0	0
EUR	13	54	10001	5	1700.72031211853	0	0	0	0
EUR	13	59	9233	5	220.81788110733	0	0	0	0
EUR	13	64	1147	5	3.04210996627808	0	1	1	3
EUR	13	72	1888	5	1.45887207984924	0	0	1	60
EUR	13	82	2329	5	5.96601724624634	0	0	1	17
EUR	13	87	4852	5	9.16879034042358	0	0	0	0
EUR	13	93	1497	5	1.46186375617981	0	0	1	37
EUR	13	113	2037	5	4.73514342308044	0	1	0	0
EUR	13	119	2435	5	12.3723230361938	0	0	0	0
EUR	13	125	2322	5	5.1088764667511	0	0	1	36
EUR	14	2	743	5	1.81749129295349	0	0	1	6
EUR	14	19	2688	5	5.58534717559814	0	0	0	0
EUR	14	20	1524	5	4.14500761032104	0	0	2	23
EUR	14	24	1095	5	3.48974823951721	0	1	1	15
EUR	14	26	894	5	0.70755672454834	0	1	0	0
EUR	14	29	867	5	3.45588231086731	0	1	1	8
EUR	14	31	3541	5	4.0646276473999	0	0	0	0
EUR	14	40	5351	5	14.4734153747559	0	0	0	0
EUR	14	44	1891	5	3.47039866447449	0	0	0	0
EUR	14	51	2701	5	18.8733401298523	0	0	0	0
EUR	14	57	5097	5	34.9890379905701	0	0	1	69
EUR	14	65	3181	5	17.9961030483246	0	0	0	0
EUR	14	68	2239	5	4.50205874443054	0	1	1	18
EUR	14	70	3091	5	21.0058870315552	0	0	2	92
EUR	14	73	1452	5	4.48644375801086	0	0	0	0
EUR	14	76	1791	5	1.40692472457886	0	0	0	0
EUR	14	90	3309	5	18.8888585567474	0	0	0	0
EUR	14	94	1467	5	1.12171077728271	0	0	0	0
EUR	14	120	864	5	1.76790571212769	0	1	0	0
EUR	14	127	2211	5	638.827345132828	0	0	1	34
EUR	15	13	726	5	3.45018172264099	0	0	1	42
EUR	15	27	1319	5	500.019888401031	1	1	2	25
EUR	15	31	4222	5	22.2914419174194	0	0	0	0
EUR	15	36	67	5	1.06115412712097	0	1	0	0
EUR	15	37	2826	5	16.02010679245	0	0	1	4
EUR	15	38	3094	5	10.7462997436523	0	0	1	95
EUR	15	44	1567	5	1.17516613006592	0	0	0	0
EUR	15	45	5767	5	38.4761908054352	0	0	0	0
EUR	15	47	1841	5	1.38834357261658	0	1	0	0
EUR	15	54	1542	5	5.62452960014343	0	0	2	117
EUR	15	59	3433	5	12.0074255466461	0	0	1	24
EUR	15	66	2550	5	13.8411960601807	0	0	0	0
EUR	15	72	1005	5	2.39176511764526	0	0	1	7
EUR	15	75	12043	5	61.879531621933	0	0	1	22
EUR	15	76	4647	5	17.8068540096283	0	0	0	0
EUR	15	78	12318	5	899.699902772903	0	0	2	203
EUR	15	79	2259	5	13.0166463851929	0	0	0	0
EUR	15	82	1443	5	1.09204077720642	0	0	0	0
EUR	15	86	1563	5	3.74790906906128	1	1	1	1
EUR	15	90	1789	5	1.29792761802673	0	0	0	0
EUR	15	102	1725	5	1.73688983917236	0	0	0	0
EUR	15	107	966	5	3.48462152481079	0	0	0	0
EUR	16	9	1875	5	5.26492476463318	0	0	1	96
EUR	16	17	778	5	2.13490653038025	0	0	1	36
EUR	16	18	2380	5	2.11781454086304	0	1	1	12
EUR	16	19	2389	5	2.1652193069458	0	0	0	0
EUR	16	21	1796	5	1.82098197937012	0	0	1	8
EUR	16	26	2380	5	16.9014995098114	0	0	1	93
EUR	16	36	2634	5	5.09727358818054	0	0	1	9
EUR	16	41	2075	5	4.46101927757263	0	0	1	55
EUR	16	47	1483	5	1.26873397827148	0	1	0	0
EUR	16	59	1218	5	1.01687788963318	0	0	1	38
EUR	16	63	1997	5	3.09217524528503	0	0	1	16
EUR	16	79	1547	5	7.3338942527771	0	0	1	56
EUR	16	84	799	5	1.95252275466919	0	0	1	21
EUR	16	85	4643	5	7.12071132659912	0	0	0	0
EUR	16	88	4110	5	6.1113977432251	0	0	0	0
EUR	16	89	4990	5	8.55336403846741	0	0	0	0
EUR	16	106	2149	5	9.85189318656921	0	1	0	0
EUR	16	128	3168	5	3.48014307022095	0	0	0	0
EUR	17	7	952	5	2.77608370780945	0	0	0	0
EUR	17	9	2551	5	2.47114539146423	0	0	1	79
EUR	17	17	2870	5	2.83348202705383	0	0	0	0
EUR	17	40	1669	5	4.81569004058838	0	1	0	0
EUR	17	51	3738	5	24.1407990455627	0	0	1	209
EUR	17	53	2482	5	5.70845293998718	0	0	2	39
EUR	17	55	4197	5	80.1789519786835	0	0	2	119
EUR	17	56	1803	5	1.37835049629211	0	0	0	0
EUR	17	66	351	5	0.604480504989624	0	0	0	0
EUR	17	71	1816	5	10.9207770824432	0	0	0	0
EUR	17	74	5768	5	141.881855010986	0	0	0	0
EUR	17	75	3788	5	17.1666927337646	0	0	0	0
EUR	17	88	877	5	0.835614204406738	0	0	1	13
EUR	17	90	3355	5	3.48767280578613	0	0	0	0
EUR	17	94	1877	5	5.38671207427979	0	0	1	18
EUR	17	99	303	5	2.53591775894165	0	0	1	21
EUR	17	100	1624	5	3.08141183853149	0	0	0	0
EUR	17	118	1546	5	2.40030431747437	0	0	0	0
EUR	17	130	1775	5	1.43517684936523	0	0	0	0
EUR	17	132	898	5	0.774052858352661	0	0	0	0
EUR	18	16	1010	5	6.51764559745789	0	0	0	0
EUR	18	23	636	5	0.612723112106323	0	0	1	10
EUR	18	46	2153	5	5.89080667495728	0	0	1	52
EUR	18	49	3888	5	4.80833077430725	0	0	0	0
EUR	18	50	3199	5	3.36592864990234	0	0	1	9
EUR	18	73	3875	5	14.2993817329407	0	0	0	0
EUR	18	74	5397	5	1166.40719461441	0	0	2	25
EUR	18	75	817	5	2.45976591110229	0	0	1	6
EUR	18	88	2125	5	3.00202941894531	0	0	0	0
EUR	18	98	1562	5	1.19194722175598	0	0	0	0
EUR	18	102	767	5	0.690846920013428	0	0	0	0
EUR	18	120	1760	5	566.36198091507	0	0	2	31
EUR	19	22	1843	5	1.48646807670593	0	0	1	8
EUR	19	25	1139	5	2.17973327636719	0	0	1	7
EUR	19	32	1643	5	1.26372718811035	0	0	0	0
EUR	19	38	505	5	0.580548763275146	0	0	1	6
EUR	19	39	2733	5	9.3004744052887	1	1	1	1
EUR	19	52	1219	5	5.43699860572815	0	1	0	0
EUR	19	53	2713	5	5.59469032287598	0	0	1	62
EUR	19	57	2015	5	1.74621295928955	0	0	0	0
EUR	19	59	227	5	0.618699550628662	0	0	0	0
EUR	19	62	2790	5	17.8670659065247	0	0	0	0
EUR	19	63	1354	5	4.54100370407104	0	0	0	0
EUR	19	67	5583	5	10.2453348636627	0	0	0	0
EUR	19	80	775	5	1.69370269775391	0	0	1	53
EUR	19	81	1562	5	5.95276641845703	0	0	1	11
EUR	19	83	783	5	0.707421064376831	0	0	1	2
EUR	19	103	921	5	4.47591352462769	0	0	0	0
EUR	19	108	672	5	2.048912525177	0	0	1	10
EUR	19	111	1149	5	3.22700071334839	0	0	0	0
EUR	20	7	1737	5	1.221755027771	0	0	0	0
EUR	20	9	1053	5	0.791792154312134	0	1	0	0
EUR	20	47	2155	5	1.85231614112854	0	0	0	0
EUR	20	53	530	5	1.94378519058228	0	0	1	9
EUR	20	61	5202	5	8.18899393081665	0	0	0	0
EUR	20	63	3648	5	18.0500710010529	0	0	1	18
EUR	20	66	2313	5	2.11329293251038	0	0	0	0
EUR	20	67	1434	5	2.5727698802948	0	0	2	22
EUR	20	70	1254	5	3.1942310333252	0	0	0	0
EUR	20	71	1937	5	12.0626299381256	0	0	1	16
EUR	20	77	2169	5	8.29984545707703	0	0	1	27
EUR	20	80	102	5	0.549340724945068	0	0	0	0
EUR	20	96	1426	5	1.0340211391449	0	1	0	0
EUR	20	114	1969	5	1.56007742881775	0	0	1	44
EUR	21	2	352	5	2.4512414932251	0	0	0	0
EUR	21	16	1555	5	1.12054371833801	0	0	0	0
EUR	21	21	488	5	2.63474917411804	0	0	0	0
EUR	21	37	1885	5	1.50584578514099	0	0	0	0
EUR	21	64	1939	5	2.6095278263092	0	0	0	0
EUR	22	9	1353	5	5.642014503479	0	0	0	0
EUR	22	13	934	5	4.89886951446533	0	0	0	0
EUR	22	24	2378	5	5.48953294754028	0	0	0	0
EUR	22	29	2082	5	1.71397185325623	0	0	0	0
EUR	22	32	1375	5	1.03109860420227	0	1	0	0
EUR	22	44	944	5	0.848608016967773	0	1	0	0
EUR	22	45	1553	5	491.644444465637	0	0	0	0
EUR	22	46	3912	5	32.1727406978607	0	1	2	30
EUR	22	54	1267	5	3.1547863483429	0	0	1	44
EUR	22	57	770	5	0.729600429534912	0	1	1	3
EUR	22	61	887	5	1.10024499893188	0	0	0	0
EUR	22	69	1375	5	3.7750780582428	0	0	1	87
