chromosome	block	num_variants	num_variants.EUR	num_variants.AFR	num_variants.EAS	nlog10minP.EUR	nlog10minP.AFR	nlog10minP.EAS
1	2	1793	820	1472	92	5.231179350358624	2.650995381114289	0.8721986091865871
1	4	2423	1277	1992	410	12.909309811423082	2.8272170597083632	2.6067762643249557
1	17	7402	3343	6619	1895	5.041036513914438	3.665208309054846	2.1143828409399656
1	19	6286	2679	5388	1293	6.394647312429712	3.1449434897275217	2.6155043562395446
1	23	2057	994	1856	619	6.396393320267547	2.480712701565862	2.0073122669317636
1	35	7590	3121	6558	1520	19.402809122669	3.771601913155748	4.669325069237741
1	40	2409	1268	2184	795	10.703718579997933	2.125095286851261	1.8430742935551985
1	48	2934	1233	2575	696	13.57005233035642	2.8914762105236393	2.486107063973229
1	49	2772	1066	2481	435	5.170372830615802	2.5917260479386703	1.6466600882303946
1	51	2761	1253	2317	609	68.99849316125733	3.770036100022757	7.027459037114644
1	52	7683	3176	6619	1510	65.1407155221496	3.660659929599582	3.274500928151613
1	53	6796	3012	5723	1301	6.889542391341487	4.941354653692014	2.3462031639120693
1	58	7990	3188	6819	1568	7.827371853874371	3.5011985815328988	2.8420433266679774
1	70	5202	2543	4511	1504	7.348704124117691	3.380883388569079	2.4565566247932145
1	73	7320	3261	6384	1804	6.774402402971691	4.822455253288429	3.4036652332845465
1	75	9247	4012	7752	2597	15.723577245223488	3.4706032805543185	4.271422875413599
1	76	4568	1869	3972	1430	5.125000984079918	5.243682430185519	3.3658309473179946
1	78	2805	1244	2455	852	5.788077810294817	3.795609021028264	2.927646174551498
1	80	2654	1184	2349	892	2.6318883119297927	6.932151730587136	3.1423248573152263
1	81	1905	889	1666	605	5.298612566934317	7.54533052848217	2.5436782382998873
1	82	4188	1970	3622	1017	6.306021024654593	5.164388053841138	2.094454145022352
1	83	4847	2368	4259	1632	300.99834671504095	37.77184519844214	3.737294442927386
1	84	7675	3556	6650	2481	1251.04174470393	317.4355424250289	19.071073555200183
1	85	2222	1239	1976	957	24.86952145310899	5.816843867831203	2.4990399788441593
1	88	3976	1969	3502	1284	3.165268201401458	5.33143744550406	2.193990634402081
1	89	4271	1959	3798	1333	3.488826291053986	5.293075126394959	2.5790083107219446
1	92	5104	2564	4457	1463	2.504001741855241	5.2966062421562405	1.9745650517879445
1	94	1213	675	1059	356	9.92677432446616	5.712938511014811	4.0277978020471155
1	96	4597	2274	4153	1352	6.69038879916072	4.373141875467181	3.1128669497177865
1	97	5763	2748	5112	1582	158.22154252468457	20.71262146273136	4.995076855334713
1	100	4621	2143	4064	1655	6.74248717106397	3.838291561100696	4.1691961689098305
1	109	6500	2991	5577	1824	7.7032323011598445	2.68982738152914	3.973287603292897
1	124	7852	3741	6844	2070	7.316800763206266	3.227832210481759	3.363924630613657
1	125	10115	4466	8668	2412	37.4824834854728	23.106709461904792	4.551383923518102
1	136	5824	2553	5068	1303	14.576835937176932	4.739647454192026	2.780892654834266
1	138	7648	3465	6689	1601	1543.08567170487	166.96190423267143	73.9610588703
1	139	1747	893	1513	433	7.19172554276411	2.5033528910434044	2.621471246897116
1	141	2966	1476	2563	755	7.977948261065665	3.866248726016132	2.5928610538057857
1	145	3370	1711	2809	886	6.994624537889909	3.6614386790655726	1.857155073946571
1	147	5393	2696	4581	1273	5.175113916118164	2.8926032306964315	1.8480287756693723
1	150	5702	2630	4926	1707	5.973796290665153	3.006752019070526	2.1403023346181307
1	151	7563	3285	6645	2374	5.38153609554241	2.5918652463635152	2.518418384376772
1	154	10142	3946	8722	2252	19.97639956623097	3.8421514448643	2.8489220942164883
1	158	6406	2620	5387	998	15.625075169065491	3.474484303622373	2.660258263008658
1	162	4873	2107	4256	1177	9.888044402244445	4.703315756232852	6.741649034818343
1	163	3911	1937	3284	1118	6.708492853505681	2.9513783854693463	2.0598424328864486
1	168	6267	2971	5337	1737	10.922527908950611	5.011275811296032	3.112458910801312
1	169	8051	4058	7103	2863	5.128245712168034	3.783079127839404	2.251262718002545
1	175	8167	3927	7083	2312	5.934142795565537	2.9714391979039525	3.304384642305517
1	182	8629	3512	7601	2217	7.919389334880266	2.95892357437337	3.0835086719915754
1	183	8259	3699	7176	2280	9.30550811665565	3.4327952167269284	1.882561680098429
1	187	5534	2531	4677	1544	11.288610455051842	3.8839617070313057	2.109927806672949
1	188	6034	2838	5325	1910	5.0122747748300185	2.9373433285504933	1.9641484866848464
1	189	4304	1966	3739	1084	5.2206716525719825	4.0466661106511665	2.512573398804658
1	191	5904	2690	5189	1581	19.67704142314239	2.9166802608157294	1.8137601051847576
1	192	6096	2752	5202	1786	13.655265979057193	3.5421199022963763	2.4968456700172945
1	201	7461	2900	6278	1847	6.311474159105045	4.175490014794689	5.165884098165466
1	202	5922	2869	5171	1602	10.435160255100016	3.549262019590042	2.576750826882046
1	205	2262	1048	2040	652	2.854132415429826	5.168282967501637	1.987924531852231
1	213	3221	1537	2803	887	6.559297865916244	3.007317217723188	3.1454871771439725
1	214	2762	1378	2494	763	6.28155233881062	2.6513996309743884	3.292266404940809
1	216	6526	2890	5669	1645	5.090660553678623	3.098389542462596	3.205843078151413
1	221	5563	2474	4849	1780	6.04631187385896	3.5998259933569257	2.2640977806489593
1	223	6333	3129	5525	1818	5.374622223750896	2.7405801481880427	2.349519901566362
1	226	2335	1276	1984	665	5.703207250085855	2.3714401736844666	2.674248838834667
1	233	7457	3391	6542	2267	5.51158786582135	4.048688219995217	2.7239366601674915
1	234	8672	3921	7505	2672	62.66366843242535	6.69541365921321	12.227810689178462
1	238	11474	4968	9842	3671	9.597832120265055	3.447091353047848	3.266394301453081
1	239	2757	1376	2309	997	6.272660386087188	3.3117324326581947	2.377695070796807
1	252	2532	1272	2316	732	163.49809412215032	10.319890141908427	10.87355780342577
1	253	918	580	822	210	27.305812671050692	3.6999371237406105	2.1029745928654124
1	254	4618	2227	3999	1156	21.882059760683124	3.107622435840267	3.481140008006385
1	255	2794	1251	2519	930	5.200794778993037	3.6311606240017142	2.0892986738259007
1	280	11414	5124	10099	3098	8.890359576825068	3.4082424120005004	2.7544232173021532
2	6	3100	1476	2716	900	17.07391674788779	2.9592895755133504	3.714550351696377
2	19	885	473	825	300	5.573996100726735	2.306089048628845	1.5244753527445885
2	21	1934	950	1674	351	9.447764698094735	3.2445146012204646	2.128940045497876
2	27	2501	1184	2245	536	5.928774638534507	3.0499065104695364	2.455216208373054
2	34	7090	3502	6265	2092	4.035282086111838	6.707562803869712	2.0877830447317582
2	37	2594	1298	2303	714	3.2452634957852102	8.490307213910425	1.5293849405852051
2	38	5647	2763	4925	1699	9.864457549450064	7.301092348076593	3.0241865024484227
2	39	2529	1208	2296	773	3.232563687380938	6.9785900472466835	2.2429981712728515
2	40	7962	3805	7094	2426	4.342321307736857	8.792959261296676	2.2863254534393804
2	41	3625	1710	3250	1053	25.788790384592048	7.668050722447976	3.566510752018458
2	42	332	198	298	0	5.652391812212391	9.519806582333931	-Inf
2	43	782	394	714	198	18.229380468562383	6.477231782530892	1.2534426971760546
2	44	3836	1686	3342	848	831.5229911934966	61.32707932029185	48.973341671563695
2	45	6906	3325	5978	1802	52.56039264622185	15.203261874316274	3.175248131819276
2	46	3008	1560	2604	879	3.4889546893625507	8.793498624075527	2.326613689467069
2	47	8530	4003	7471	2130	7.42683288729212	9.651318354691142	3.9382673324932225
2	48	5283	2433	4608	1195	11.064096549321096	7.559647415012075	1.9283522063348937
2	49	8341	3445	7290	1487	92.76204772450444	10.521957625903498	6.572320311313693
2	50	4700	2194	4163	1393	4.452456802261134	5.799661417581963	2.5782387389376185
2	51	5322	2709	4755	1508	3.2261997953765102	6.68320709409193	3.524200903239654
2	53	3487	1766	3091	1142	6.0972127010836	3.618237235148558	2.8478475899881386
2	69	6357	3007	5620	1992	8.339508238620793	3.3886782030122085	3.021752929727515
2	71	4968	2355	4440	1183	427.71245875400416	28.17548325198403	2.767859076434532
2	72	8263	4068	7365	2437	50.18321436693151	12.66955517640668	3.3626338356156475
2	74	2763	1444	2491	839	7.130598296342062	3.851705856481603	1.4083784842654066
2	75	3335	1976	2977	1174	14.206284307198231	3.351713414587618	3.767039178855492
2	77	3256	1733	2882	973	6.290480127871059	3.221912697363397	1.8944324950240408
2	84	16536	8205	14498	5562	5.1571597808463	3.0105919373798065	3.5339717315992263
2	86	6476	3207	5708	1886	4.670846495227955	4.1543839884835005	5.937166560840426
2	87	2311	1205	2015	652	6.541523989897306	3.524423448001973	2.7143739813157044
2	88	19849	9816	16740	5422	44.63687119559959	3.7915943159607934	10.160987785236836
2	89	4770	2245	4268	1035	7.410154828842219	3.13552761227402	3.839089571508675
2	97	7289	2906	6392	2248	11.869586103791242	5.845834530563208	3.0130833960718313
2	99	4184	2022	3744	1085	6.562709800724951	4.1010460165082705	3.938931080239235
2	100	5832	2583	5073	994	6.04381208829808	4.220156506872603	3.2567536617506687
2	115	9633	4037	8462	2671	17.036594798800973	3.934287230391848	3.0705870785652727
2	121	8649	3932	7623	2140	25.150293375451536	4.144348287131849	2.741553209161713
2	122	3920	1828	3357	954	5.656995507682964	3.646628469602405	2.5791378196757204
2	124	7100	2897	6304	1728	9.467025679305884	3.6327117652387457	3.13921142930377
2	127	12043	5656	10494	3161	9.681376370503871	4.321553588476058	2.627143289405556
2	128	10283	4728	8920	2387	62.99609965979785	3.4438110035815632	3.750290192546901
2	130	1132	655	972	276	7.633903277617231	4.340193181085215	2.6026596693069566
2	131	290	131	267	87	51.779036329338624	3.6713847264588657	1.8183687404973408
2	138	8695	4124	7521	2245	5.299369622944237	2.979540387701702	3.843793193953308
2	145	3025	1531	2691	1122	2.1706538237579696	5.05450585337705	2.3771847483394533
2	146	8188	2937	7338	2762	19.31710705877936	3.4698547938919564	4.623260242198696
2	147	13401	5711	11956	4142	7.376303583966474	3.384399329778618	3.8686622694621193
2	152	4881	2457	4175	1265	7.886227418805575	2.9160127952318926	1.607706750552079
2	162	3151	1314	2765	739	7.0136111859461625	3.467051549353931	2.5730029650537225
2	163	379	178	346	0	21.008845748953856	4.871778042564246	-Inf
2	166	13723	6414	11540	3739	5.351239221261096	4.406079461908328	1.8716235415551497
2	168	5988	2674	5132	1553	11.767698543534374	4.1072171226162535	2.1158612034532123
2	172	1765	874	1571	551	47.96445550129566	2.7871326848161293	3.905932678597167
2	177	6384	3199	5697	2239	6.310429051130023	2.3672746649716148	3.3984255718568797
2	181	8326	3917	7110	2219	5.077072418556955	4.636899482297178	2.666949603543618
2	184	11099	4850	9623	3330	5.588772826363679	4.954553474305135	2.2920780370641474
2	192	8071	3478	7048	2373	6.2087185682270825	3.1103678319357195	2.655564055120476
2	198	5364	2362	4605	1150	6.702422475088978	3.3346580155648957	1.5072920654083235
2	199	8960	4041	7545	2230	35.839504907895154	3.342689926246491	3.4439311500451386
2	205	4133	1964	3574	978	4.710026353909734	2.450512390892676	5.418943054065018
2	208	12679	5164	11091	2639	5.6092288335264	2.973497582755092	2.0649015794559813
2	212	6489	3197	5673	1817	5.100492350223291	2.2053499262237333	2.9969184020231485
2	213	14110	6541	12646	3643	25.099216052815063	3.5497171435421366	3.673121886725219
2	217	3955	1515	3417	881	7.522892403556507	3.0527599158669294	2.164620812925298
2	232	3022	1571	2710	983	7.288501380010943	4.25973869512269	3.790132369408204
2	237	5602	2726	4890	1452	5.229565954666607	4.123877492452694	2.4980447316356083
2	240	5106	2608	4368	1469	6.589245237107547	2.933303689732727	2.5535681212263825
2	242	4656	2219	4041	1598	23.447398405016735	3.1326024766134126	2.442851644185372
2	250	10275	5026	9156	3445	5.808475908891556	3.808578344606043	3.4312117095062225
2	256	6481	2597	5481	1597	5.306459456123138	3.3550308038451235	4.191449167854059
3	24	7108	3320	6107	2007	47.171158018082416	4.247187706311091	2.6778173231573743
3	41	8406	4295	7590	2430	20.11401238249211	3.5613261447890854	4.190145975783085
3	43	5220	2472	4631	1621	5.788815059179832	4.630299859084734	2.073078879200823
3	51	2814	1299	2523	907	37.93637353745606	7.352454480216121	2.027819815990117
3	56	5511	2485	4792	1245	5.535881514820112	3.471367660819729	3.1670063932779997
3	70	6467	2948	5844	2150	5.132311258973857	2.5892041457994655	2.608736712784581
3	71	8523	3642	7615	1877	45.56712463845038	3.948991335407947	2.249435979134476
3	83	9447	4815	8358	3303	6.511666897579167	2.8747323514543064	2.7853926785966654
3	88	5852	2985	5089	2053	15.39605186371532	3.487873591247765	3.6026932139635166
3	89	6609	3069	5797	1652	6.704480674458442	3.7011141104324023	2.7218646029996556
3	104	14056	5996	12234	4315	7.858978144511059	3.5096331093922752	3.3322886970839156
3	107	5722	2592	5065	1602	5.159129927973362	3.772828701799813	2.723202565912038
3	109	12936	5518	11353	3425	5.47333751668138	3.879425536550567	2.825233396904503
3	120	6151	2789	5358	1614	17.02467846401496	3.172519704866384	3.0439373907385714
3	121	7540	3467	6403	1922	20.396672430648103	3.402173191487441	4.103602822727231
3	122	1608	727	1429	493	6.804369018023624	4.487504027683903	2.626589051449717
3	123	2507	1188	2258	655	8.25240674841347	2.6236034435358286	2.362932880321053
3	125	6541	3025	5709	2051	2.574342499645957	5.161408094624853	2.5434008842141074
3	127	7837	3298	6931	2388	14.058421458492916	4.808829446250091	2.575202968125885
3	128	3199	1646	2851	703	5.153547705263728	3.2947396539679294	1.995814521147429
3	129	3632	1819	3235	1107	8.989659532718825	3.8801995234957154	3.5898243394382945
3	132	10361	4214	9026	2595	15.583156488611026	4.176573980531372	4.062887188965948
3	135	6139	2636	5546	1926	35.49365704092158	4.081995457989057	3.1510435503531427
3	140	8056	3739	6801	1968	14.074389439023534	3.814150156942661	2.4490293766733724
3	145	7802	3426	6700	2318	16.567366092274575	3.05758886496875	2.4901959150534743
3	148	6788	2962	5962	1815	5.120098007920678	3.1118131279640133	1.8352224466910545
3	149	5433	2341	4927	1602	5.4638369958829545	3.3059027057981876	2.6984940228526693
3	150	6507	3378	5539	1590	6.534696233847886	3.3565133560269342	1.9767632489122744
3	154	1539	928	1407	575	5.45244678203117	3.1136821007357245	2.259422440297748
3	155	6234	3060	5451	1771	5.256684757717712	2.945144930363342	3.063713858441682
3	158	7676	3501	6737	2350	5.268194254606061	2.6535619281271527	2.741145513186503
3	159	6359	2829	5503	1618	5.414453754512721	2.8564484741993352	2.058012152835226
3	161	9038	4120	7943	2536	9.0138010811135	4.0727183657665655	2.80941106309
3	165	7122	2967	6166	2273	16.52266977803884	3.6794239464356	2.756634679899221
3	166	14371	6191	12444	4193	2.960583128372972	4.129507173545414	5.0401378910843535
3	172	4925	2211	4335	1346	7.092441798939188	4.197407117045175	3.0744891210480563
3	173	2881	1416	2587	722	11.197927925721244	2.1652509142983107	2.382637345328344
3	175	1968	1096	1755	606	6.010032518577007	2.9363021847764452	3.63004274129533
3	186	8557	4056	7418	2333	6.76032372592041	3.9257227634547704	2.3684482532039626
3	190	4046	1713	3623	1220	5.278950223475746	3.999885581399393	2.691229797861649
3	195	12884	6658	11407	3951	7.89894795534721	3.923208960236082	4.261279700374179
3	214	8719	3905	7491	2108	7.674255018585229	4.284024280606079	2.8319530327696296
3	216	4428	2031	3834	913	5.098105533197481	2.924963988799965	2.609119060597807
4	1	20952	9631	18183	4518	32.03464041891589	3.582336016077888	8.943493238883862
4	15	3050	1533	2772	768	13.070859435205808	3.067905377970279	2.728252523292515
4	19	3105	1640	2793	647	5.747810111364837	2.8397574091562285	1.804814783875476
4	21	11406	5123	10021	3560	6.716676776263955	3.6585831620358618	2.565959683763165
4	28	5853	2771	5101	1887	7.887742348979119	3.5359448265230053	3.774649133836139
4	30	3399	1777	3052	1296	5.050227560960841	2.4836305673861077	2.4956662567119103
4	42	1015	524	894	324	7.368512610052719	2.785206275732397	1.7075822795738085
4	43	3496	1710	3026	855	6.882464945750011	3.4038432204720426	2.6149717923767435
4	55	6135	2595	5412	1870	8.96010508379453	2.5377356342089725	3.422879986626888
4	57	1312	656	1167	241	8.689597469765706	1.8890876417312517	2.504883720744528
4	64	10750	4843	8992	3072	6.846222539797091	4.794761183729462	3.241857454194457
4	65	4126	1895	3570	1235	9.236748871193583	3.1793013874377625	3.1698340732804473
4	66	5528	2428	4811	1467	5.133705550070421	3.308268932400208	4.5902772259536135
4	71	2611	1295	2357	946	8.114333193084624	2.7060356220006643	3.1008496543436115
4	79	5387	2385	4772	1499	5.207066640458021	5.991842014302244	1.309571762127147
4	80	8020	3396	6787	2115	62.88008556875356	5.283623643371721	5.5634748962778895
4	84	7441	2890	6625	1787	13.492410858026432	3.965308515537465	3.618320034755232
4	85	2473	1240	2127	764	11.205278722818822	4.0158649488823315	1.6445481529980257
4	86	527	269	464	183	5.554173585887175	2.9265041635845086	1.8207629855781051
4	87	10401	4477	9146	2908	8.816906538071384	3.893449729779361	4.285370748357454
4	90	7095	2920	6228	1660	5.587947058105618	3.667423135271119	3.8169037190128776
4	92	5743	2401	5146	1496	5.779955392288067	4.202325161624161	1.5800800457747728
4	101	8625	3603	7532	2081	10.951130548493037	3.01164167953019	2.709973897467017
4	113	8226	3912	7040	1919	24.719823206343303	2.7443401702132366	5.3352825807639706
4	115	3418	1507	2991	991	16.917171791866277	2.741048703824594	1.8947109693129145
4	116	6543	2686	5697	1376	5.640959418847092	3.8078903516585783	2.873662690760634
4	117	7532	3442	6420	1906	13.212798921263106	3.044044566055617	4.281216265830017
4	121	6054	2434	5308	1720	8.771561641408498	3.2959520551652006	2.8658573873140063
4	122	2284	1057	2045	808	5.012476265638433	5.141023130877767	1.9822586891291871
4	129	8423	3449	7572	2162	7.276620893461866	3.8742619862165246	2.5150877273017156
4	130	7644	3105	6734	2345	10.60924197969551	3.0611050554802937	2.1758714872832914
4	134	11597	5256	10283	3520	7.3037097064229215	3.697078205262125	2.8403021574445417
4	136	10857	4773	9190	3061	6.703923151916584	4.889070723215235	3.87427452437214
4	148	4770	1997	4312	1308	5.38052490904395	3.2466823446944963	1.86809564752683
4	156	10587	4562	9122	2937	9.792742509010946	3.1148862282187975	3.1285530565693973
4	159	2788	1296	2533	786	14.117464027184898	2.1731751683452316	4.059660509649618
4	161	2736	1241	2367	617	28.611885486087704	2.809659103478889	2.1881163201902
4	162	4775	2258	4199	1466	11.25380986216551	3.015927481050974	1.8527548119860549
4	203	3314	1735	2966	957	9.05766080279955	2.331737566743562	2.3239402283764803
5	6	2263	1206	2028	891	5.450174671522253	4.5228789084661685	1.938660132796696
5	17	4368	1947	3936	1094	2.8400149428047547	2.879040132810709	5.029503028364243
5	55	1531	738	1422	568	5.740420408871447	2.77510324678922	2.3275688138439112
5	64	8138	3938	6972	2475	14.036470589752597	3.3217613261620587	2.3930060526179937
5	69	2714	1349	2397	878	16.77497953528625	2.504944261241642	2.2505781760786037
5	71	8910	4171	7801	2858	7.281331096086913	3.4212627600410466	3.000675391656115
5	81	5096	2409	4440	1428	23.756438652725866	3.430939453161548	2.389769334019471
5	82	3457	1584	3086	984	5.875225204512885	3.240277768634515	1.9885101372943557
5	84	981	488	871	365	9.516304058628869	2.814469922946712	1.6589761215221024
5	85	7460	3363	6561	2509	481.4763447786784	13.966018980040664	53.29072002330203
5	86	91	62	83	49	5.340935380093397	1.924483648024654	0.6744423544193987
5	109	3744	1724	3336	1119	7.9348246149631745	2.717560613757291	2.4290062049955887
5	127	12642	5539	11072	3410	5.516788531682419	3.670947157037948	2.1752080306404253
5	130	8900	4176	7783	2715	29.1373637465604	3.259533675894802	3.571949378303561
5	134	4678	2227	4128	1643	4.037387939149514	6.527016667478511	2.8297799801672587
5	144	6559	3203	5662	1895	6.838195956263856	2.866976856544498	2.200669239825402
5	146	8948	4116	7648	2111	9.79979328160712	3.1890515229607144	3.4849789611013673
5	147	3429	1742	3097	1161	19.427792763597903	2.867699261253636	2.4253141638664593
5	148	107	90	94	0	5.179415833538622	2.3075121130065837	-Inf
5	156	5210	2116	4575	1637	5.868338472239427	3.001020429401948	2.8906359732832008
5	157	3052	1506	2662	886	5.985912420318585	2.6924384338972356	2.4929649707155814
5	158	4483	1971	3934	1314	5.3280612321149015	2.5064547315067025	2.670270415250529
5	165	3619	1906	3077	1169	3.532362416990675	5.173495173911301	1.923055285584868
5	166	6900	3313	6099	1936	119.75379391773906	17.514070655568492	19.38228494601633
5	167	5592	2440	4973	1341	9.60972709093927	3.854774185514529	2.8128033553272447
5	202	4472	1867	3745	532	9.02100317848758	3.0780682091746088	1.700565937171459
5	207	5715	2599	4845	1479	7.057702015542099	3.686137700901684	2.0591060998078117
6	19	5261	2620	4685	1694	8.145097006416478	2.5932944467083026	2.832850221390322
6	20	3471	1676	3079	1133	5.2569012743091035	3.227182101999402	2.3820715451442194
6	25	5233	2473	4625	1212	6.05327773882956	3.553835037965841	2.1420915088095622
6	27	3287	1544	2939	1102	15.105469670244856	3.0653275502051605	4.624799569586295
6	34	6169	3003	5438	1774	18.51974182299377	4.243468890756737	3.550862236673303
6	35	2257	1186	1961	544	90.89415431343632	3.0870715592399223	3.960012211045563
6	39	9662	4567	8602	2821	8.190081694707013	4.5029987368847815	3.2002609833897764
6	43	6128	2936	5409	1695	8.483631685025797	3.510963784354187	2.8107966581163373
6	44	1100	536	995	340	9.076841214658804	2.408646726134131	2.1341170516291905
6	47	7681	3743	6811	2362	10.70377204538548	3.4811434800082184	3.0156332018118435
6	51	12492	5691	10938	3639	26.68087155994941	3.1911193226205135	3.59229129047625
6	53	3738	1638	3305	991	13.875898985818203	3.0154721133854796	2.6076493046710048
6	56	3603	1767	3174	952	9.239787046513609	2.8086739148683586	1.3618006995602865
6	58	6118	3103	5359	1658	6.085893055345672	3.027154558794821	3.7225967465262415
6	63	6090	2662	5242	1505	19.095823194881927	3.107557601232691	2.757806934426574
6	64	639	291	584	126	9.501775722569247	2.805300909223251	1.8005465922243142
6	65	1667	856	1517	506	8.186549919822946	3.824206059855664	2.0940418310797844
6	71	23573	9843	20696	5462	5.378988181317877	3.77799897553203	3.2100941159433907
6	72	2350	1150	2114	781	21.58468425848666	4.092733263555559	2.5449303833865713
6	73	912	445	809	297	11.302016458117937	3.914048985452558	1.4593926045767758
6	75	869	422	756	310	19.2959155330877	2.9626677160424197	1.55872580599293
6	76	11614	4912	10261	3657	5.60797926719397	3.438657283731227	4.014937397430107
6	87	10229	4174	8807	2759	5.250568577029913	5.137708752452576	2.0644528491621728
6	88	18856	8297	15999	5059	5.567465839299569	3.9543908457982297	3.143413192628522
6	100	92	66	74	37	33.00241429689679	2.519472548192496	0.6997452461260023
6	101	6445	3046	5427	2058	15.608263593277067	4.277849223287504	6.383209403108804
6	105	5694	2840	5063	1901	13.537334326254795	2.4071553078090595	3.171750364025568
6	106	4848	2234	4217	1726	5.269465802057805	3.001613159448459	2.9178235753507575
6	109	5459	2379	4835	1662	10.112775956386196	3.9925291845521023	2.021246666167372
6	115	14201	6242	12197	3781	29.244240710721172	4.980470454575273	2.8879054951089964
6	117	11924	5305	10303	4080	5.108603713113501	3.3585293943234116	2.161684640463735
6	124	9551	4273	8229	1893	13.552400944005536	3.345733697924502	2.081006413308188
6	127	4581	2166	4140	1192	10.578131079506669	4.583108967635812	2.112452686060359
6	128	6604	2946	5865	1930	6.301853596000544	3.410688832648067	2.654147098408855
6	134	4606	2033	4084	1270	52.22718144141163	3.867630362205014	10.737255294705228
6	136	2899	1154	2567	888	6.003818840732224	5.805306856220752	1.778729521579628
6	140	3907	1868	3506	1330	26.785548218012504	4.984056256727403	2.903613132163572
6	154	4310	2078	3903	1536	10.469185675153726	3.200277359858002	3.0979832776407026
6	158	5155	2352	4514	1566	16.68919578057798	3.8522027882199	3.636309689943976
6	160	6330	2990	5628	2009	7.363654985769687	2.565731392629561	3.091858826817228
6	168	7866	3738	6860	2061	6.532440272585807	2.861522684318881	2.7600535334669423
6	169	12981	5975	11513	3480	339.0223002518965	31.200404141125297	14.772199904182097
6	170	2444	1166	2171	708	5.767984220493505	3.456064323531785	2.246982242453184
6	180	712	343	642	246	5.522938622644063	2.301360102994387	2.758925792851027
6	183	3581	1537	3292	615	5.157369816878935	2.8589653172517866	2.1555521799636477
6	187	4077	1896	3719	1325	3.8278664851740274	5.114088122812989	2.37686771237217
7	3	5292	2264	4576	862	34.47175378573285	7.001475106437471	3.2352895272932303
7	5	8557	3856	7295	1742	5.303051097219193	3.918755369543207	3.658781032178741
7	6	4334	2111	3813	730	6.013059725244398	3.145399838459827	2.9521910022683415
7	11	5655	2673	4977	628	3.378831790617854	5.237133704105884	1.881851921089791
7	12	9999	4760	8755	2161	5.576646481933556	4.249282862318314	2.477788880310671
7	13	3942	1867	3555	886	5.3946933050582535	2.920739658313606	3.7117026820147103
7	33	8323	4014	7276	2438	5.076686109690928	4.343506564266929	2.9284426747803294
7	37	6570	3477	5774	2313	99.52745000055036	4.578185961985135	3.69023275281972
7	41	6097	3054	5445	1873	5.251188392976802	3.7713175996966743	2.8701917580987213
7	42	6185	3110	5383	2010	74.77292461323393	8.439710665962453	9.884875542708352
7	44	1264	579	1131	368	7.056236500216629	4.2048510529336225	5.299180613037538
7	50	4335	2109	3872	1096	5.039670895093855	4.427994438515132	2.550071830622802
7	58	6115	3096	5367	1729	21.623891848594635	3.824082360888901	5.3434246931988705
7	66	2748	1416	2336	758	10.266645029025874	3.338504355641942	3.565721540063276
7	67	16354	7625	14085	4235	116.19457669419808	8.82383618839135	3.0412632846824175
7	74	2807	1376	2473	922	5.15134793364851	5.472110591795813	2.6101446309879033
7	85	8515	3527	7189	1641	14.37615361691569	3.4530024518987967	3.1781413332560473
7	88	9979	4012	8808	2777	13.107687491265484	5.133650603973143	2.9816766154426686
7	89	4968	2570	4350	1810	5.314419073899713	4.14594778630484	2.412043952655644
7	95	3794	1940	3291	1237	6.124077004263018	3.363484653110781	3.0451151346851217
7	99	9742	4030	8507	2622	12.191481446388512	3.379350358442134	3.8906461213845662
7	103	5032	2432	4146	1394	6.3756284643156524	2.903894308020011	2.6815813196172673
7	109	5408	2272	4707	1562	19.91292016659892	3.2490172102129113	3.424620262095059
7	111	9651	4010	8158	1805	30.816466255227496	4.93325195807536	3.3008617804888183
7	112	4076	1865	3672	1113	6.40676724408522	3.821415389632618	1.859430458197615
7	113	7827	3253	6938	2117	7.997411306187554	5.063146182368672	2.5152739050955857
7	114	10938	4842	9495	3628	7.014757445868429	4.395886836836509	2.927949777836224
7	119	4340	2158	3646	1173	14.298797413678235	4.525710498306331	3.2903450444521805
7	132	14069	5913	12280	3946	9.387228243381603	3.1907824788804326	3.903030034268103
7	133	12637	5947	11013	2714	11.826660279572764	2.7490621415798917	2.0653856379209823
7	134	3550	1837	3163	954	5.064115558020724	2.5545957399688466	2.655490655645643
7	138	9196	4134	7908	2672	6.984525422727371	3.4875080360420947	2.731095713097259
7	139	1912	970	1616	549	6.188035683332724	2.113368714743501	3.982142609977041
7	141	9344	4443	8185	2527	3.359721068586224	20.24298665627511	2.220512179060192
7	147	2977	1388	2655	680	5.587885772784038	2.8323472657432727	1.8949167259156812
7	152	3304	1321	2961	677	8.409240271780071	3.977262498188895	2.8671397289981027
7	162	12316	5319	10902	2860	6.052837650849967	3.507845307944659	4.07451473330121
7	176	1237	704	1091	359	12.913314240471726	2.492643758136542	2.216746880530662
7	177	1958	1028	1763	149	6.262589715730429	2.106722297278023	2.1306718879121593
7	187	9878	3900	8681	2657	7.409599094398759	2.9973902106740695	3.6901104639222337
8	17	6204	2981	5540	1595	13.794056254566296	4.209177759876497	1.953349272808754
8	29	10605	5291	9680	3765	35.6158342265067	4.705764127405915	3.777959163241648
8	36	2052	1006	1815	430	22.45411437609756	5.856450891612953	1.9040514816431775
8	39	4565	2298	3964	1471	6.086462029880851	3.253753100240605	2.699968930062951
8	42	7475	3833	6598	2241	7.010063052980646	3.033905996406073	2.9944297815381304
8	44	2285	1171	1977	771	5.484548755177645	3.114462613644362	2.525477432183222
8	45	4896	2217	4296	1185	25.14884219193413	2.8854201410123923	1.9616114225632948
8	56	5663	2479	4884	1443	5.511321693145727	3.748088082268907	4.37119581709956
8	57	3903	1833	3464	1131	2.535030150367581	5.040597461459152	2.974994140712041
8	59	3531	1643	3075	886	8.165136817952629	3.3564656451036727	3.6717369956790176
8	65	3789	1816	3275	1075	41.71421835604491	3.5160640945160684	2.8634656980327704
8	68	5027	2407	4334	1657	116.3146520209875	7.637888895620093	8.403074972439347
8	69	10476	4801	9028	2966	10.907187550468093	3.5876351376183817	4.1584737981542235
8	71	6855	3183	5815	1855	5.088561293722072	3.1171907194278003	3.2632389357196354
8	75	1670	790	1495	511	5.639843631774257	2.7386536251879683	2.057546620524445
8	78	1251	645	1104	395	6.6866658108363985	2.5982011169595864	1.6408584307250809
8	79	4146	2125	3659	1197	5.838454850084678	2.9793978708711504	3.107481583464144
8	81	6517	3035	5715	2007	19.736269328468943	2.9678818340060644	3.703643141874283
8	83	11221	4789	9665	3095	7.950703079238849	3.7960526404357697	2.9519775887233912
8	85	5825	2550	5074	1164	9.605968132817445	2.570280400642667	1.9797690424423275
8	88	7081	3259	6083	2009	5.494434305843718	2.6703282694953105	2.2223126151707513
8	90	8792	3634	7690	1835	6.272113934366556	3.4504992267572696	2.7055179361105703
8	101	4841	2080	4298	1476	5.193264262076657	3.3926285197243327	2.7507431260485804
8	106	6228	3267	5377	2032	6.577808311301078	3.0478328793013985	2.8413379298961186
8	113	4528	2176	3762	1189	53.555568507365315	3.2619081261906966	6.833749955232905
8	124	3794	1812	3305	1054	11.03026354479766	5.022625366017805	2.4955178983825164
8	125	1605	814	1434	448	414.3878423132639	5.38130373460317	15.698601940313145
8	135	4856	2430	4245	1446	6.456800755050481	4.2261375707515185	2.942456785721199
8	153	2827	1452	2405	706	6.92043832118882	3.5847716870425756	2.282756380547733
8	159	5082	2188	4397	789	5.036616002964609	3.2930570417178937	2.4429418694063845
8	160	5474	2068	4742	852	50.35794219135056	3.869332431925487	2.64268936425812
9	4	5019	2656	4547	1640	34.15104296316585	9.752939566393724	2.742037764419885
9	5	1293	553	1171	383	5.272249208377192	2.3602696531755134	2.9796184378074195
9	13	9815	4364	8695	2364	6.65163552448251	3.2239067342752095	2.991073477350097
9	33	5369	2499	4894	1977	17.99364258288241	4.00400924649517	2.523880775099593
9	36	5052	2503	4545	1557	35.295634590420256	4.524327533119734	2.652201360252921
9	39	2362	1089	2031	752	17.057767602287363	2.1481328286129573	2.213281418903414
9	40	9751	4668	8635	2883	5.7809287699846905	3.5784364260162493	3.904291268748221
9	51	3065	1445	2722	914	7.1434648869893325	3.092140643016867	2.409837613933512
9	53	10359	4656	8737	3091	5.914282523097142	3.427141090479519	3.3270717404706756
9	62	7425	3171	6852	2235	5.797385662261337	3.898393082151703	2.597621887075009
9	69	3623	1791	3205	991	21.166306574279012	3.395066153521277	3.903780831959237
9	70	2249	1266	1989	730	5.366694308011419	2.3180085480525205	2.6296017756070467
9	72	1473	799	1344	415	19.31850916173138	3.0599206951972016	2.6231721218547883
9	73	3906	1843	3467	1220	12.02827092307714	5.361324210856735	2.019330632543473
9	80	10695	5272	9353	3549	5.6353886419355	2.7766807218814025	2.7206923609045557
9	84	4879	2359	4231	1535	3.556885829888935	2.755958744693806	5.003118611048411
9	89	1511	708	1368	326	5.442380806301853	2.6814355547808932	1.7795483592603618
9	93	6318	3025	5615	1542	10.775878298928673	3.981715224086658	3.2236950512323213
9	99	4399	2108	3825	1430	5.5077647614677705	3.010933961476828	1.8910197574335104
9	102	8471	3575	7288	2351	7.232232125789939	3.5542324499779587	2.1774945926348863
9	104	2102	1127	1842	764	5.3535285999257045	2.2005371107696066	1.7029342173358355
9	110	9705	4308	8514	2963	19.639933868839588	8.472595958688625	4.313442731863852
9	111	345	188	323	95	49.776806400115476	2.868563627215062	9.825449292218345
9	112	8378	4161	7391	2156	4.968963421499463	6.9834037787246555	2.750599133305928
9	114	2802	1492	2476	713	5.5152034801636685	3.282206063582879	2.354184294564744
9	115	8624	4317	7700	3121	3.889079242913394	5.002054131793605	2.3627027275904915
9	116	4254	2261	3663	1513	6.4907847407775785	4.704767070624232	3.347135750332901
9	118	10679	5125	9347	3582	5.509288013204223	4.438741877292636	2.652229518551763
9	119	4183	1867	3647	1383	6.172822524944188	5.727352887624725	2.1984136586954603
9	124	3977	1967	3488	1363	10.57017158657517	5.125556283370436	2.2296260245226205
9	125	5480	2709	4830	2061	5.602470202076965	4.310995969295931	2.779025986922044
9	134	11120	4838	9747	2703	7.897320783545462	4.094781460613198	3.8242232813106063
9	140	12051	5136	10124	3106	40.05955564922946	5.842790997352615	8.092244178447388
9	144	3989	1990	3524	722	5.961270150584918	3.5864832306454937	2.8203889105723814
9	145	4659	2294	3946	1103	6.119915544052752	3.080050867074741	2.6358492576200367
9	148	3006	1435	2621	808	5.949078684647282	3.626029992132941	1.6913447969975612
9	149	4072	1805	3570	769	334.615715532067	15.785797523645815	41.06607343047426
9	153	308	207	280	66	5.191616079510087	2.5051531068979993	1.577450593703404
9	160	1627	842	1404	215	13.524988325298462	2.761410071397407	1.8562619267823952
9	161	1601	879	1290	276	20.763956026178143	2.16622393818213	3.99383067432717
10	14	6272	3236	5554	2202	5.496500143185112	3.755784096968086	2.3166108704548645
10	22	5333	2664	4782	1696	8.116806812557611	3.7165638107339807	2.881048381447483
10	30	1554	860	1380	640	2.3173564422291784	5.7233013080871835	3.110029913780038
10	43	4414	2273	3973	1405	27.497497744726076	3.2746213259465944	3.235563692061202
10	45	7144	3441	6405	2350	5.4286705921520575	2.9244083728958183	2.0471012735650853
10	46	7459	3567	6778	2607	7.156986324698897	3.847750078437627	2.2771294415034222
10	52	7525	3561	6542	2054	6.856947839905689	3.6332586342710314	2.652548022565954
10	53	3841	1731	3489	1003	5.051158023595047	2.407297595493584	2.0796448892491153
10	59	4922	1871	4346	1247	5.113734155876231	3.0729282134599374	2.191524624093536
10	60	9030	4081	7936	2410	5.085269494041012	3.765359675005357	2.1662878909796315
10	67	4921	1845	4310	1411	7.958276298304124	3.6866398976619097	2.8247930685984945
10	69	6587	2775	5933	1410	6.2689801114302846	2.686236898679673	2.0334350288900462
10	70	7087	3212	6209	1924	10.507479369003674	4.017726573578955	3.041844634231309
10	73	4234	1935	3755	1450	8.159951717986717	2.6664609340843297	2.330817782886781
10	80	7223	3670	6005	1747	5.187912802223561	3.881209438719343	2.895972991879225
10	81	8346	3739	7078	2260	21.108940692290233	3.301092216308804	3.7120252017800577
10	84	12746	5216	11182	3093	5.97484638216357	4.405010558800565	3.561602686854766
10	85	2080	1044	1896	587	27.041799800920906	2.7288809306814894	1.7688836640073735
10	92	12544	4938	10840	3493	8.69336718375477	3.241656857095038	18.382161415790623
10	100	1927	1060	1749	509	7.613041363594842	3.156965723692468	1.9154487648330507
10	101	6062	2649	5465	1469	9.14935300932618	2.6412947896062793	1.8530132403711996
10	109	7596	3249	6726	2012	5.729567382745556	2.8479806512797707	2.341513401558084
10	110	2360	1115	2032	617	9.465180819391293	3.1765062545438565	2.650844965895661
10	112	1443	799	1281	508	8.461969875541236	2.5530736433963024	1.3098355257733256
10	113	4887	2601	4246	1566	6.313355077077181	2.7927629630747552	2.6133850246900985
10	117	9200	4263	7935	2523	34.108038596249884	5.102349559719405	2.9344714838823456
10	120	6709	3087	5587	1878	9.435284775338346	3.222706779711991	3.496708947958352
10	121	4009	2132	3453	1288	5.757971945452946	2.6280807074282695	3.7780857888695447
10	126	8228	3514	7177	2448	14.965434401708166	3.92992976534593	2.6145756128593463
10	127	2676	1148	2357	532	5.8057323665273435	4.76614155722998	2.4251296338899997
10	128	688	303	605	176	5.047792675145009	2.034430476427917	1.9781244991567024
10	129	9768	4669	8132	2698	8.776898780806464	3.4934247068712274	3.151583994120091
10	131	8666	3984	7402	2264	5.536385914093845	2.753005295076511	2.4774584496333607
10	137	8039	3617	6987	2493	48.842637536182934	5.422002594307633	9.562963586528712
10	138	1369	696	1225	401	23.452549217930663	3.721162408004246	10.775849276361766
10	142	2657	1168	2361	519	11.548068310259632	2.4714477072651686	1.802636608757315
10	144	3093	1406	2769	869	26.578398245853435	3.1836438083818583	2.6009614854249503
10	150	6732	3027	6001	2183	5.8863662818323474	3.3577480437647615	3.534363987662487
10	152	4342	2103	3853	1565	5.741255260109103	3.7042560705866903	2.946682515234475
10	154	9991	4986	8821	3156	44.97763594043824	3.789838672179466	4.013988301968383
11	2	5052	2420	4307	571	8.684765624918558	3.834717489171523	1.8224571228691815
11	3	5088	2539	4367	899	13.441163120565884	3.74356110918232	1.8743418210890563
11	4	3708	1612	3345	709	5.939227472645276	3.430405520324001	2.850100186726497
11	7	2855	1394	2487	585	8.796276770918354	2.5690155505488272	2.2250168145369744
11	12	7995	3578	7202	2691	21.05810215148244	6.856044276657981	9.301856952861293
11	18	11970	5720	10414	3495	7.818702570233304	3.57506847644081	2.6613262925130883
11	22	2424	1276	2157	671	8.643919031664149	2.9686879792435414	2.2672457555804155
11	28	4146	1996	3437	1028	6.367354900379787	3.4476287048381695	2.895877026297133
11	30	3943	1788	3407	1026	7.996926255518253	4.856406734987543	2.091031215954149
11	31	3654	1700	3226	1183	7.191261103454159	2.7476855862287177	2.3260789137941207
11	33	4853	2303	4167	1493	36.234528146695304	2.5502682136225125	3.316918851941114
11	51	5424	2557	4832	1601	6.604229162403197	2.690780371221631	2.345736980748568
11	56	1129	578	1001	327	7.454288755753185	2.571131903325486	2.2100471840817986
11	75	3974	1704	3576	543	10.20570706871371	2.716177143521849	1.2971869128423574
11	76	4759	2067	4249	1276	172.1690730735449	3.7352666635163025	9.670433495741324
11	78	5298	2124	4471	1205	12.98730677701673	3.1942506110905375	2.368227199055722
11	79	11579	4524	9695	2873	17.099162667197042	2.874453416787801	4.901155820643431
11	81	4469	2043	3986	1020	5.5485756562612405	3.25402359082626	2.285942461774912
11	82	1279	661	1138	308	9.218815892024375	2.242022962698691	2.438405974496688
11	86	6838	2914	5914	1467	4.186222177893262	5.352948476375024	2.6137608141410635
11	90	11534	4821	10084	2891	8.708191396965145	3.390026184409107	3.3806587822931995
11	107	2100	1105	1829	734	5.458497138813439	3.05658163444444	2.4854447492311973
11	108	1931	958	1720	550	7.071534832732506	2.147191457561873	3.709874082953306
11	115	6807	3006	5952	1679	5.802675750543867	2.943230779530597	2.5825135302967537
11	117	12131	4952	10692	3265	13.271177980541708	2.616970991661276	1.980047370408102
11	123	3446	1466	3009	647	5.7863885625921805	3.97260322582252	1.6076409951769692
11	125	4668	2204	4153	1219	6.1980570715282015	3.807800891678206	2.772353207894317
11	129	5177	2510	4585	1776	148.08878409636236	5.814202517810976	3.1025768550030617
11	133	5481	2215	4776	1654	17.203761086427168	3.787054710817628	7.2811053787545506
11	139	217	104	184	57	5.165553488904546	1.4490564273906053	1.8316475883397156
11	140	2886	1400	2539	833	10.42679794531778	3.60045969418013	2.2989319391144103
11	142	6185	3110	5491	1879	24.68589493675173	4.322331316668572	2.464636091864296
11	147	9888	4882	8728	2789	105.5750811826593	5.043553973602302	8.421456090039575
11	163	838	501	755	223	6.916464147384292	4.2120094481654045	2.84847632667896
12	1	3228	1583	2836	910	25.871132419815872	3.0491098982155584	2.030121138790576
12	4	3572	1489	3223	928	5.4847772741696135	2.3465730181610014	2.080569131675378
12	12	1887	967	1658	554	19.48073194076369	3.24046154062221	2.2492594290184686
12	17	2457	1105	2149	582	6.951097192718108	2.605299990719395	1.852524874762658
12	18	5043	2150	4432	1493	9.022423852105147	3.129402997470324	2.739877261910551
12	23	6882	2889	6211	2172	25.711162566962177	3.861281194218724	5.034398967481168
12	29	725	358	641	236	6.594123131123173	2.149593227855915	1.2836154187903084
12	33	4767	2229	4172	1541	5.253592115917905	3.046490709373344	2.135476153261693
12	42	10716	4607	9608	3141	7.820471774669501	4.691018015988025	2.358282853663706
12	45	4280	2354	3750	1306	5.31411729992697	3.906743226828304	3.215790765046048
12	47	1710	881	1512	525	23.356534228104294	3.011381938352833	1.9309800945062396
12	49	6521	3186	5817	2010	7.593803007419681	3.5481087199641888	2.5479208485509175
12	51	3873	1810	3456	1331	8.688509727105322	3.2599851523813776	2.2664386399217955
12	59	7889	3362	6839	2467	5.553686785869912	4.3136826887524204	2.4789624701801696
12	61	4279	1921	3781	1255	6.294271672654823	5.002968838182649	1.8487524793184544
12	62	4760	2099	4136	851	6.149228098808563	6.020567640214327	4.330794357274631
12	63	5616	2166	5032	1808	25.761109413561886	5.419133951724712	1.6291245165195374
12	64	3768	1716	3343	904	18.23012721318474	7.144069828313914	3.090194443337584
12	66	6229	2711	5580	1753	8.54767855285725	8.271622470941809	4.513326621492509
12	67	3397	1361	3004	901	13.17156958096292	4.9890353016067515	2.803620892109378
12	69	6451	2577	5657	1753	5.491222266545058	6.8347121997784095	3.20366852010098
12	71	7719	3196	6653	1893	15.438117600280435	2.904780855208323	3.021671542579937
12	72	20342	8797	17737	6236	6.458869495685392	3.9300559751920834	3.0414609164896462
12	82	6681	3149	5805	1828	12.639803717499944	3.3186042743987363	3.149363061794776
12	97	9650	4261	8335	2483	13.279051746960365	4.159936425764934	2.878595905662797
12	98	3858	1797	3513	978	9.665879079879616	3.9944889730602537	2.333543795961346
12	110	7736	3720	6793	2015	12.23170741579546	5.862001597390972	8.100061354208787
12	112	699	417	622	209	1.868189582862861	5.088782767350727	2.261100298343434
12	113	5566	2735	4919	1653	12.086279668600394	4.00984538493888	3.146440932347071
12	114	5414	2609	4788	1568	7.806353921983916	2.855762902337593	2.292424598805971
12	115	4068	2022	3574	1283	5.568419773648784	3.1081145975773845	1.77423503124607
12	117	5982	2784	5352	2016	14.311095355132425	3.9281949252611	3.242938734123599
12	120	2878	1449	2438	708	16.113005426127614	2.998807017310907	3.4327985638623533
12	121	4104	1968	3614	1397	9.187915064901585	3.831865986601114	3.655542652978503
12	122	10222	4098	8973	2031	56.48790274911807	2.935194038551008	8.109296726103908
12	127	2519	1300	2229	801	6.620193651650367	3.997149574694939	1.704601179187314
12	128	936	483	817	298	7.477864813362892	3.370289816028971	1.420546045752996
12	138	10058	4362	8954	2663	114.59681503421857	3.5922802245478014	6.382476691722324
12	139	14097	5982	12319	3234	15.410430800447164	4.9014949387931965	4.118658304440897
12	140	2379	1250	2151	644	24.39084808734765	9.051792463249276	1.86376892036658
12	141	3429	1719	3057	982	5.130277568519387	4.620557161443303	3.094712496986415
12	164	3171	394	3126	833	7.846109805269539	3.2546279680473313	1.7520003803931608
13	11	3368	1546	3137	1020	5.120022399908745	3.351697913134259	2.453705259648052
13	18	1677	846	1505	651	7.315608825726085	2.5265305838326295	4.132567688345245
13	21	6642	3268	5987	1719	8.233693737236036	4.248458984232334	2.307262102074767
13	24	4599	2120	4124	1238	9.292426129065772	3.5448491680355576	2.952015696068809
13	25	2956	1198	2672	675	40.94319087629021	13.550882997380834	14.457501619960889
13	40	4548	1936	3873	1391	10.89388696034607	3.042269653586886	3.169169526073024
13	44	3640	1745	3233	1062	5.108398244771948	3.950785126520088	1.8490931645051392
13	50	10097	4830	8720	3016	8.537849662317958	2.9257785863268095	5.221602380761275
13	52	7775	3325	6733	1748	8.52643003432437	3.6568056189651297	3.151358438213027
13	66	2297	1155	2019	675	9.73738225570738	2.692012556262511	2.2245073551716086
13	69	9584	4263	8587	3043	7.328340079791053	2.9600667050741243	2.433544842179546
13	84	3523	1569	3140	861	16.51751985203293	2.7814355511661497	2.438460245943914
13	96	2251	1105	2032	730	5.571815728336292	2.4326533840325837	3.1773490099238204
13	102	2490	1345	2238	678	2.6971884772563013	2.895233976568056	5.093004341892349
13	115	2050	1088	1837	718	5.91896752746988	2.6946935899598015	1.9084091839410031
13	116	1724	959	1580	548	8.87644818219146	2.6612894308754527	2.2838206390462163
13	118	3652	1840	3281	1266	19.714858669261066	4.640944159336604	5.812099905134269
13	125	5755	2458	5141	1246	40.759118676489614	4.5360554774939645	2.2741261456224096
14	4	1669	853	1418	403	7.176107009940138	2.7813466212522258	4.839473074066943
14	14	8359	4111	7462	2506	48.50137808493032	3.09964057722277	3.0736221131165475
14	23	8282	3686	7343	2323	11.25368480130213	3.517616439536985	6.069020566175015
14	31	7977	3402	7061	2182	16.111530751577778	3.16612811360289	3.7898694753764506
14	35	8119	3442	7234	2690	6.068587227696992	3.585621030090749	2.7119356979825966
14	42	4572	2098	3980	1242	5.0287146445119255	3.505770430923596	2.00531825317887
14	43	360	185	336	144	8.612557430548545	1.4622967275265777	2.907570098861536
14	46	3647	1764	3337	1056	5.2612265215315785	2.627614438870935	2.235717916056732
14	63	9725	4184	8551	3060	14.058323073704427	5.070053911090657	2.9632111824717944
14	68	4470	2114	4012	1171	32.77787997435072	4.99095815814722	2.101800636935681
14	72	9444	4036	8363	2997	22.98903660776407	4.122912298105212	3.5957735964566613
14	73	4559	2037	3978	1177	10.353904908352169	3.5625559843446974	2.6175413661589717
14	96	698	402	606	187	9.805621947136752	2.375486159509137	2.1427144727405785
14	105	2978	1462	2644	652	38.57950637106265	3.097032032027843	2.319757828766621
14	106	2613	1402	2344	801	15.190214060984705	2.691615410587006	3.620136892199302
14	121	6907	3098	6064	1662	7.568448232714617	3.530685192132268	3.032316366124268
14	126	8413	3821	7235	1609	6.560678335345631	5.151262653900648	3.634328177860046
14	127	5761	2529	4980	1629	6.271901849404358	3.2392451449666195	2.32090902901697
15	3	298	164	253	56	5.8318896491183	1.6100626868242784	0.913250787201676
15	37	7847	3548	6805	2034	5.899478250372219	4.130897447599123	4.500361783827259
15	39	6705	2732	6044	1667	5.02042983694597	3.1264769567275583	1.7373854750100697
15	44	3557	1595	3095	1008	18.108305162572886	2.7993572165447045	2.1152901796143375
15	45	13525	6114	11863	4167	7.603353386135987	3.945728579137659	2.8036707323348367
15	46	4061	1813	3654	1376	8.99597866969675	4.485127066834786	7.917910374989263
15	47	4361	2293	3898	1646	29.531683240942492	2.5153461830638584	2.987392323872503
15	50	6016	2761	5301	1754	21.935782911997684	2.452429075583197	1.4046521702149104
15	52	3938	1949	3612	1347	11.96815039499656	3.373633661193337	2.287588256565185
15	53	753	379	693	225	14.471836015065586	3.4255176489461636	1.8701863507277663
15	54	4745	2113	4234	1436	5.461588996245582	2.346784168211327	3.40009951986576
15	56	5215	2289	4683	1277	5.32858093851546	3.949252762798342	2.0523891510645056
15	59	9300	4715	8118	2870	6.789773361035557	3.7065647498448246	2.211460083601968
15	62	12124	5408	10457	2713	18.16298254342772	3.0359480585564262	2.538454227550345
15	63	3339	1605	2856	793	6.185836165373638	2.874894700737993	1.4962167313134271
15	64	3432	1692	3040	1184	7.153872198797253	2.033164733923956	2.529122551003528
15	66	6673	2926	5820	2041	6.668401875900664	3.561051838407498	2.429697803228745
15	80	2779	1311	2469	625	8.592072050558919	2.6944492828968696	1.7321124192026391
15	83	2638	1224	2311	733	5.997550861747482	3.976142147624535	1.739216361525937
15	85	5542	2159	4984	1798	5.313384706121401	3.199031383804957	2.177419394532345
15	117	2104	1028	1860	757	8.853105979065946	3.34315440828508	2.540367552325461
15	118	1310	684	1205	422	8.31726752493996	1.9606063285192803	3.4088528148785
16	1	4830	2115	4170	718	5.615691328486796	2.3286296173237373	3.129079130670517
16	4	6390	3057	5228	1146	6.915046126837936	4.6501694637403865	2.0766727761626846
16	5	2856	1220	2196	272	5.604181791264236	3.532657623143441	0.9009949182751325
16	9	6430	2833	5561	1190	7.318408201631175	2.9766680089354347	1.5665390353061623
16	31	5849	2609	5305	1607	16.03114504992326	3.993932166267699	5.033243964239847
16	32	801	387	737	159	30.21337604112163	2.3186352962400227	3.041735031776183
16	37	6818	3155	5959	1493	8.626571190834026	3.9659987772715417	2.162150000746278
16	38	11183	5206	10119	3165	5.6896988624075	4.0888196769646115	2.9678846105214984
16	43	4466	1902	3974	1277	6.531711577889092	3.4826096395944077	1.515513805290165
16	59	4684	1712	4058	571	14.510274867176424	2.8104901323694373	1.6769524325189875
16	60	7562	3060	6555	938	5.773193137473191	4.189376989944165	2.018532526384525
16	74	1100	496	991	287	6.856743815932859	6.059491122610736	3.0383215265011354
16	75	6435	3053	5618	1945	121.20309734347424	9.558707957974768	2.8658014652363337
16	76	4232	2097	3806	1153	7.933134842374338	3.5453825914155104	2.3776522636098214
16	80	4197	2092	3583	1389	3.9823621643236056	5.02833531992917	2.117604616480844
16	85	10851	5119	9499	2866	7.051758438051442	8.871097721186997	3.77245183526053
16	88	10778	5194	8788	2379	7.902095557983027	5.715939599216361	2.5736347179886403
16	89	13690	6555	11535	3739	208.29302571047245	75.76449529140419	25.108171817481363
16	90	3033	1649	2695	842	5.665156016715323	5.0188575963153435	2.526922863573739
16	94	11237	5625	9947	3929	5.105776749766038	3.5670733679324007	3.2961102803071745
16	96	12335	6273	10977	3672	3.52684674358136	5.353613307941735	2.273705573008688
16	99	3525	1739	3167	1225	11.63409259522058	3.4692133198534374	2.699271391328623
16	100	722	354	636	150	9.584692967477956	4.408158320259648	1.3876426778246411
16	101	678	421	616	198	8.156701007020764	3.2880854453410695	2.553633585398068
16	103	14418	6943	12889	4725	4.787747006827357	5.224831650330588	2.7405966016504086
16	104	3936	2090	3568	1268	5.118829693848735	3.4285370932646355	3.068457436128248
16	110	3240	1681	2930	1072	31.847825660603213	3.102864678480478	5.055305338388585
16	119	4134	2232	3814	1379	5.633921687009631	3.2775450638927297	3.659079528067358
16	120	743	327	688	155	2.394298753477644	5.9664261972611055	1.3390445178416115
16	125	3764	1680	3238	500	5.450162345725121	3.3907488513932313	2.8967941726275814
16	126	743	396	588	89	14.152853553848338	2.190676887421114	0.6571951653625944
16	127	1092	673	860	121	15.179777606117096	3.437817800803493	2.6173596280208247
16	128	12995	5659	11555	2316	6.351278293902335	4.579041522038872	3.2421050103765654
17	9	6560	3243	5570	1449	8.128758341721475	3.506238138334054	4.461411328011826
17	14	3561	1643	3017	670	5.905782569493983	2.9746857798213786	3.101240682424373
17	16	1277	657	1104	101	11.829389882449362	6.478638634813193	2.78249793434084
17	17	6604	3164	5669	2021	19.99145378655749	11.933289946795922	3.177522206096961
17	22	1239	521	1112	179	10.121037985586096	2.60257516935274	2.498436295279579
17	23	2376	1087	2060	389	185.5483875186135	4.6955076678891885	3.084326092609418
17	24	4002	1967	3507	931	18.05992113311791	4.284098578992457	3.679663596718985
17	25	4430	1962	3851	1144	21.079456024381564	2.656230812416371	2.128659531716393
17	28	796	429	680	166	6.3574103435984	2.923246003526845	1.5823541184338257
17	30	819	423	753	228	8.64483041968412	3.871795861824084	1.5722107158652958
17	51	9704	4039	8770	1969	11.33003965259392	4.7949918228819275	2.545364531243512
17	54	5071	2468	4501	1300	7.841911999373084	3.2533251046804805	1.986849413828663
17	55	12811	5107	10994	2246	37.42665896733779	5.974461059500852	8.668445505950903
17	65	7722	3513	6639	2152	8.520981749952233	2.697876524922873	2.0658844949279977
17	70	3949	1698	3459	789	10.053989906776216	3.3501402187352483	2.546701436644914
17	71	5410	2351	4628	874	10.389028406729093	3.1681384660032874	1.8368218416997033
17	73	9910	3870	8549	1810	11.59426087802905	3.9734276494810024	3.149547253997639
17	74	10591	4535	9253	2337	6.468422254566097	5.110421925356054	3.613848775092755
17	75	7986	3537	6904	2403	70.0039115695682	9.509950719444207	10.719697938337967
17	80	4341	2128	3820	1233	6.442522503358903	4.088040052011837	1.7961263339264195
17	84	1774	835	1563	589	5.180793804777146	3.4415245395576983	1.486516739433616
17	87	2874	1441	2525	707	5.561329026689376	2.8167394222319615	2.826565890977267
17	90	9930	3697	8570	1970	10.836318500904014	3.493081688779834	3.514015021506105
17	94	5277	2206	4410	1058	7.51034196946952	3.013603181673663	1.8286792374948515
17	97	6719	3150	6024	2094	89.46104778469505	3.638912713159894	2.8123694212067973
17	98	3518	1677	3097	681	16.382449343326062	3.8157730621933297	2.0731699678484494
17	100	4455	1792	3933	998	18.283570017924912	2.7331121195311345	2.9062306685243193
17	101	3107	1373	2826	1012	26.81432870748719	5.357947215853154	1.9310824030592584
17	102	2598	965	2335	601	255.9839338917313	8.44821327955967	9.672156493256278
17	103	2574	1221	2207	673	32.762876534798586	3.0056002627400566	2.1824738808497317
17	104	382	231	320	123	11.124830246728918	1.499872543185732	1.61895852689882
17	105	4280	2112	3820	1257	5.952318320524607	2.8160876928383947	2.3288281335635825
17	117	5552	2228	4892	985	6.02288613086155	4.190086080619368	2.3090885690985385
17	118	4782	2099	4071	1007	26.785683903678173	3.2474406304684416	3.0317327147262625
17	121	2688	1387	2383	719	5.8865432741610295	2.865548586261557	1.970913361145158
17	123	4375	2260	3912	849	6.023661773033195	2.997958196012443	3.143338620645655
17	125	6584	3102	5781	1627	32.83085123216932	3.3335077770943995	3.6617293169410647
17	130	3855	1749	3368	902	7.031221192694135	2.718552931282052	2.1591726246427365
17	133	3305	1807	2416	550	5.592163119644002	2.924589338451763	1.6519390637955078
17	134	4054	1820	3576	1056	9.327895341622083	2.6552938158978563	1.7796550565048692
18	31	6263	3389	5549	1880	9.167793157408726	3.6995443367338736	2.229012182783396
18	41	12467	4508	11224	2730	8.001202445394167	3.0966606992609425	2.5763874806484774
18	61	6719	3301	5645	1868	7.570466104270912	3.7258498662664192	2.7584791696263076
18	69	10853	5083	9419	3513	26.05817586032806	3.938094285802172	5.946477104281758
18	77	1531	705	1361	449	9.911048762961505	3.1282383259406212	1.7956832396865734
18	88	4221	1867	3694	1229	8.912955334509258	3.4228479088857617	3.088356151540125
18	98	3041	1564	2703	930	3.1050790847395917	5.16037006685244	2.5705723378618335
18	119	1795	863	1547	158	7.560213849017969	1.9598079628935952	2.3017625867421683
18	120	3424	932	3253	1191	7.573230326094034	3.1214671231332756	3.0892185694746623
19	5	289	276	45	0	9.509958121318329	1.3550726958643928	-Inf
19	6	2431	1485	1730	57	9.93917319365494	2.6396908332824247	1.7815928361257898
19	12	2091	934	1798	178	21.65515450233946	4.0520257370663	1.259284083494472
19	15	1220	721	984	91	5.063161377679276	2.424593043965128	1.4117633878715012
19	16	1153	828	731	90	5.144319799709686	2.2833914253994516	3.19658113004198
19	20	1962	1026	1464	193	14.152254885375632	2.516840144561292	1.3454435066704022
19	21	1168	590	922	115	6.380626793316395	2.542512779242225	1.1310605279535442
19	22	4459	2372	3863	627	8.178441024527748	4.312748481929081	2.0718104352968902
19	25	3244	1578	2790	588	10.809279408392385	5.569377804150132	2.306223233459414
19	32	3451	1761	2908	468	11.85307399293748	6.622331764519096	2.1170202870845576
19	33	1764	802	1510	229	8.17544112570388	4.655567132760595	1.4375563655388237
19	35	4578	1817	4017	1038	7.1347393015214	3.8370071549467903	2.9212429792919705
19	36	1124	628	973	139	9.42473376255083	3.232571159622739	2.507206446904099
19	37	5612	2520	4778	1080	1882.4984786869968	227.4114783306096	22.96931344818739
19	38	1258	593	1093	254	98.01305694488812	35.97125175104536	24.02607872712244
19	39	8073	3423	6791	1361	17.163875922973432	12.681140488300432	2.0839843260758455
19	40	1811	926	1586	500	5.654524956135066	3.311855870516153	2.856312175706301
19	42	2398	1218	1690	140	11.732879519066408	4.844478252013715	1.8773432412270237
19	46	4406	1935	4042	1228	11.419296186851374	3.3430849528092694	3.4432441220277656
19	49	4277	2266	3701	770	11.526821540356428	3.0122705296435988	3.347167520240308
19	51	2625	1295	2299	508	16.93813564617984	2.6795493487678814	4.5839056951489505
19	52	3123	1597	2607	476	13.097539595875498	4.2138673304319605	2.340893933172898
19	53	6430	2969	5469	1607	349.3154798816835	2.747793379479534	2.8190664273475843
19	54	10458	4148	9452	3297	13.794515459858737	3.5469409495402666	2.6830924617120013
19	62	6611	2979	5935	1988	5.238802373699026	3.444971776487373	3.5669135953191327
19	63	2744	1405	2447	635	10.412659909718473	2.791171619579938	2.1814092161888134
19	65	2610	1374	2326	638	10.102148444196976	2.9397353319786887	5.264340286187599
19	67	13038	5769	11045	3704	9.318479239485695	3.401662378059953	3.728708340433891
19	68	3325	1393	2977	767	4.228590334774923	6.915379453614821	2.56387254540924
19	70	4398	1809	3911	722	20.062684548682192	4.893994549845112	2.9046555644135914
19	71	654	322	549	128	10.17933266787217	3.1850513060091425	2.1617815322175375
19	72	8471	2677	7357	931	8.932267583779554	5.210629841510896	1.7754554421573312
19	73	1038	470	902	246	8.498139151676664	3.312231972161719	2.834130274354765
19	74	6467	2804	5738	1772	516.126080386359	11.536913581950746	5.976154893086275
19	75	1450	742	1280	126	7367.438217856089	769.6544428525431	250.1484464546691
19	76	6076	2801	5234	894	1187.5026130704173	45.348653198524765	10.53828369951636
19	77	9854	4930	8243	1793	13.078004737154831	5.087208800496916	2.4470326464501433
19	79	3483	1514	3082	768	9.5833044927756	3.278260572510666	1.1438692387049398
19	80	1740	853	1444	153	87.76446144228552	7.584303792073727	1.993527775685092
19	81	4740	1997	3996	485	17.89490427293617	3.7967772770479273	3.1017552232996457
19	98	1998	1050	1522	163	7.583531254483271	2.604759780783699	1.5158003384366765
19	103	2707	1275	2300	340	5.913451516826567	3.633525294288723	4.2897293608301545
19	104	2879	1434	2484	583	5.050313158167458	3.029954413409418	2.4986020219007137
19	107	2015	1000	1776	432	13.33536968626547	4.330555059070278	3.2339120102447345
19	110	6201	2769	5442	1508	12.895306901699204	3.5782704870664923	2.6559968856895715
19	111	3051	1227	2702	873	51.20463666544085	3.245483777374618	2.491733160884688
20	2	2121	1183	1872	414	8.299566983902864	2.229324681247366	1.714213303793479
20	10	2220	1072	2007	744	6.271731264099226	3.970704828634651	2.617022726608613
20	11	2085	996	1813	528	5.116734498144614	2.684269801608391	2.3080829624578034
20	12	4098	2000	3605	927	6.959169276841709	3.12363219921441	3.0954675979273008
20	13	3827	2080	3421	1413	7.013208450275995	3.739654715186568	2.8867180794966987
20	18	2154	1278	1915	822	20.99777602951938	3.497625519728458	1.965923719718114
20	19	723	353	658	215	7.54851802715411	2.6925015974809487	0.9738342973632804
20	40	2623	1508	2377	914	18.849116780641495	3.1746346061168493	2.327865484742257
20	48	7702	3816	6698	2407	145.97327021786626	3.8569671413955122	4.731877380793038
20	59	9567	3811	8546	1511	11.3882724999752	3.1674407051154385	2.773203634747427
20	60	5187	2346	4604	1200	5.984427027592233	4.652073363357068	2.6129270451685667
20	63	9708	4665	8564	2867	21.29712316004238	3.6414529553931527	2.165652118103522
20	64	2464	1406	2172	719	194.43303050096287	5.376297461439235	4.961391800571954
20	65	5314	2582	4620	1631	93.71633796159708	9.614353966743188	6.6977879998742464
20	66	5700	2901	5065	1749	6.63133749166304	4.639899450590101	2.770425542949634
20	68	2051	1074	1768	509	8.836322151908428	4.568815941987521	2.806977105022921
20	69	4063	2047	3613	1164	41.14701703498938	3.3428227364222405	2.712705596360081
20	70	3314	1475	2897	815	7.13692382183596	2.8892191141529677	2.8317891294163124
20	71	4915	2305	4277	1517	12.579412106356912	3.2255420324565884	3.7999471517745977
20	77	4477	2178	3792	1450	12.31730713538952	3.4465542174700023	2.8673345030644537
20	78	5918	2830	5162	1619	6.50499516903352	4.399478900512752	2.4689494811784587
20	86	3505	1781	3107	860	8.288653603287987	3.9216944124563953	2.367261615721718
20	87	1837	1097	1672	705	14.318939581884356	3.837293075681096	2.6384403315510183
20	89	2566	1141	2370	587	2.732995046395161	5.386046507571555	2.498101691822078
20	110	4450	2039	3966	793	5.305615777635244	2.9226033236820728	2.145214533182124
20	111	997	519	866	61	5.595426261290433	2.549876382263737	3.7095459483678033
20	112	1085	521	963	238	15.431874736573477	3.267689137471543	2.579318798572811
20	113	386	219	351	0	7.332474963158396	2.00297779922903	-Inf
20	115	3727	1012	3445	511	18.134869566793977	4.037785473117606	2.4978366600147535
21	3	1860	970	1592	538	9.434685510068409	3.1146132010364376	1.7194947004528225
21	30	9124	3560	8321	2751	5.190450173578232	3.9148240594242303	2.7533668712488737
21	33	4524	2226	4068	1301	19.860172157031155	3.683466164037211	3.935574281444061
21	37	5694	2611	4901	1414	5.666367749694234	3.3541276814062124	2.416506935834923
21	41	8713	4339	7888	2166	6.637291939262158	2.9532502903756535	2.336357571903176
21	48	7214	3341	6520	2285	21.006751809789392	4.584136747426864	4.990950890700679
21	53	2831	1507	2525	870	6.315063335069954	3.103068696077539	2.943294412020648
21	62	1290	631	1147	382	5.1896360841319105	2.1764206825777177	1.861757641413757
21	64	5137	2442	4508	1146	6.035966937519102	4.513453096178903	1.7894947047694036
21	65	3184	699	3129	860	5.924628738500687	2.3923295336766337	1.6179720077240352
22	5	2281	1086	2097	604	13.16691373505539	3.056184618543748	1.6753986339623113
22	9	3514	1719	3098	762	9.228727475914006	2.7937823393457686	2.3032960407408396
22	13	2487	1005	2271	611	12.307646047841583	4.858954576742038	1.6244872962907682
22	29	5003	2413	4272	1639	5.647693342292788	3.311306516136425	3.63505079105704
22	30	16495	7767	14112	4930	11.424439386409285	3.8863901894481447	5.244043860580273
22	36	2622	1266	2265	735	18.458523176348457	2.263241871978585	1.913186886731586
22	37	4051	1958	3549	996	11.053280873456607	3.588174218283194	2.204937180056787
22	40	1958	1033	1762	410	10.054911578519526	2.23234990674262	2.2000463389815965
22	43	4235	1868	3650	757	6.48706319098312	2.6977344330616337	2.338124578587938
22	46	10626	4590	8954	2464	18.34957156430177	3.3057761469086837	13.295032834285989
22	49	854	579	771	253	14.62261994681735	2.9106717611362067	1.593887207810587
22	54	3028	1477	2650	840	10.13303347513629	3.3737088314917236	3.1340473510690994
22	55	2352	1353	1881	554	14.848512591919755	2.9516925510599417	1.8301933838613111
22	56	337	244	184	0	5.988888810572285	2.951176731170027	-Inf
22	57	2228	980	1972	54	11.642456759136191	2.1862227755282233	1.706125679131109
22	70	5805	2717	5104	794	13.102511979377253	3.4215780648285268	1.963164092742414
