pheno	db	pid	chromosome	block	num_variants	L	time	num_variants_0.95	num_variants_0.5	num_CS95	num_variants_CS95
LDL	META	AFR	1	2	1472	5	1.58080244064331	0	0	0	0
LDL	META	AFR	1	4	1992	5	1.77462220191956	0	0	0	0
LDL	META	AFR	1	17	6619	5	17.1531574726105	0	0	0	0
LDL	META	AFR	1	19	5388	5	19.1525797843933	0	0	0	0
LDL	META	AFR	1	23	1856	5	1.57951712608337	0	0	0	0
LDL	META	AFR	1	35	6558	5	16.2197597026825	0	0	0	0
LDL	META	AFR	1	40	2184	5	2.2513599395752	0	0	0	0
LDL	META	AFR	1	48	2575	5	2.81172490119934	0	0	0	0
LDL	META	AFR	1	49	2481	5	2.73111724853516	0	0	0	0
LDL	META	AFR	1	51	2317	5	2.47316980361938	0	0	0	0
LDL	META	AFR	1	52	6619	5	16.7530152797699	0	0	0	0
LDL	META	AFR	1	53	5723	5	18.2554366588593	0	0	0	0
LDL	META	AFR	1	58	6819	5	20.1540260314941	0	0	0	0
LDL	META	AFR	1	70	4511	5	10.7070367336273	0	0	0	0
LDL	META	AFR	1	73	6384	5	15.8303935527802	0	0	0	0
LDL	META	AFR	1	75	7752	5	37.1458909511566	0	0	0	0
LDL	META	AFR	1	76	3972	5	6.73564505577087	0	0	0	0
LDL	META	AFR	1	78	2455	5	3.27594661712646	0	0	0	0
LDL	META	AFR	1	80	2349	5	2.45924282073975	0	0	1	6
LDL	META	AFR	1	81	1666	5	1.44548678398132	0	0	0	0
LDL	META	AFR	1	82	3622	5	5.08747935295105	0	0	0	0
LDL	META	AFR	1	83	4259	5	50.5289521217346	3	3	3	3
LDL	META	AFR	1	84	6650	10	1435.8406560421	3	3	4	6
LDL	META	AFR	1	85	1976	5	2.14366149902344	0	0	0	0
LDL	META	AFR	1	88	3502	5	4.64197897911072	0	0	0	0
LDL	META	AFR	1	89	3798	5	5.99068665504456	0	0	0	0
LDL	META	AFR	1	92	4457	5	10.3132963180542	0	0	0	0
LDL	META	AFR	1	94	1059	5	0.826857566833496	0	0	0	0
LDL	META	AFR	1	96	4153	5	8.3123505115509	0	0	0	0
LDL	META	AFR	1	97	5112	5	16.349976301193198	1	1	1	1
LDL	META	AFR	1	100	4064	5	10.4583716392517	0	0	0	0
LDL	META	AFR	1	109	5577	5	14.5598192214966	0	0	0	0
LDL	META	AFR	1	124	6844	5	30.1314287185669	0	0	0	0
LDL	META	AFR	1	125	8668	5	1541.99026703835	1	1	1	1
LDL	META	AFR	1	136	5068	5	15.5608220100403	0	0	0	0
LDL	META	AFR	1	138	6689	5	36.9277510643005	1	1	1	1
LDL	META	AFR	1	139	1513	5	1.34711337089539	0	0	0	0
LDL	META	AFR	1	141	2563	5	5.13790893554688	0	0	0	0
LDL	META	AFR	1	145	2809	5	6.40591502189636	0	0	0	0
LDL	META	AFR	1	147	4581	5	16.6716573238373	0	0	0	0
LDL	META	AFR	1	150	4926	5	13.9660108089447	0	0	0	0
LDL	META	AFR	1	151	6645	5	28.7454209327698	0	0	0	0
LDL	META	AFR	1	154	8722	5	71.9361848831177	0	0	0	0
LDL	META	AFR	1	158	5387	5	12.3827073574066	0	0	0	0
LDL	META	AFR	1	162	4256	5	12.5692403316498	0	0	0	0
LDL	META	AFR	1	163	3284	5	6.76258087158203	0	0	0	0
LDL	META	AFR	1	168	5337	5	20.4016373157501	0	0	0	0
LDL	META	AFR	1	169	7103	5	32.9924764633179	0	0	0	0
LDL	META	AFR	1	175	7083	5	31.9101934432983	0	0	0	0
LDL	META	AFR	1	182	7601	5	36.1223752498627	0	0	0	0
LDL	META	AFR	1	183	7176	5	33.3095524311066	0	0	0	0
LDL	META	AFR	1	187	4677	5	9.99037575721741	0	0	0	0
LDL	META	AFR	1	188	5325	5	18.8296129703522	0	0	0	0
LDL	META	AFR	1	189	3739	5	5.16119694709778	0	0	0	0
LDL	META	AFR	1	191	5189	5	17.2834248542786	0	0	0	0
LDL	META	AFR	1	192	5202	5	19.1300268173218	0	0	0	0
LDL	META	AFR	1	201	6278	5	27.7079410552979	0	0	0	0
LDL	META	AFR	1	202	5171	5	17.085083723068198	0	0	0	0
LDL	META	AFR	1	205	2040	5	4.29859948158264	0	0	0	0
LDL	META	AFR	1	213	2803	5	6.23452973365784	0	0	0	0
LDL	META	AFR	1	214	2494	5	4.68411111831665	0	0	0	0
LDL	META	AFR	1	216	5669	5	23.7959666252136	0	0	0	0
LDL	META	AFR	1	221	4849	5	37.0613827705383	0	0	0	0
LDL	META	AFR	1	223	5525	5	21.7681756019592	0	0	0	0
LDL	META	AFR	1	226	1984	5	2.629807472229	0	0	0	0
LDL	META	AFR	1	233	6542	5	68.2452297210693	0	0	0	0
LDL	META	AFR	1	234	7505	5	95.2358901500702	0	0	0	0
LDL	META	AFR	1	238	9842	5	205.904165506363	0	0	0	0
LDL	META	AFR	1	239	2309	5	6.04788446426392	0	0	0	0
LDL	META	AFR	1	252	2316	5	4.14005637168884	1	1	2	5
LDL	META	AFR	1	253	822	5	2.2282726764679	0	0	0	0
LDL	META	AFR	1	254	3999	5	9.61662650108337	0	0	0	0
LDL	META	AFR	1	255	2519	5	2.45496892929077	0	0	0	0
LDL	META	AFR	1	280	10099	5	219.050481081009	0	0	0	0
LDL	META	AFR	2	6	2716	5	6.23092794418335	0	0	0	0
LDL	META	AFR	2	19	825	5	1.90931582450867	0	0	0	0
LDL	META	AFR	2	21	1674	5	3.2474365234375	0	0	0	0
LDL	META	AFR	2	27	2245	5	2.01166796684265	0	0	0	0
LDL	META	AFR	2	34	6265	5	51.6088020801544	0	0	0	0
LDL	META	AFR	2	37	2303	5	2.83683657646179	0	0	0	0
LDL	META	AFR	2	38	4925	5	39.9558861255646	0	0	0	0
LDL	META	AFR	2	39	2296	5	3.76963424682617	0	0	0	0
LDL	META	AFR	2	40	7094	5	60.9261775016785	0	0	1	3
LDL	META	AFR	2	41	3250	5	3.80468606948853	0	0	0	0
LDL	META	AFR	2	42	298	5	2.15629982948303	0	1	0	0
LDL	META	AFR	2	43	714	5	7.05677914619446	0	0	0	0
LDL	META	AFR	2	44	3342	10	1032.439265728	4	5	6	11
LDL	META	AFR	2	45	5978	10	1010.69163322449	1	4	5	31
LDL	META	AFR	2	46	2604	5	6.97745299339294	0	1	0	0
LDL	META	AFR	2	47	7471	5	138.509751319885	0	0	0	0
LDL	META	AFR	2	48	4608	5	14.7710754871368	0	1	0	0
LDL	META	AFR	2	49	7290	5	95.1444311141968	0	0	0	0
LDL	META	AFR	2	50	4163	5	31.5092086791992	0	0	0	0
LDL	META	AFR	2	51	4755	5	32.9231317043304	0	0	0	0
LDL	META	AFR	2	53	3091	5	11.6187407970428	0	0	0	0
LDL	META	AFR	2	69	5620	5	10.2771716117859	0	0	0	0
LDL	META	AFR	2	71	4440	5	702.466704368591	1	1	1	1
LDL	META	AFR	2	72	7365	5	32.8807110786438	1	1	1	1
LDL	META	AFR	2	74	2491	5	11.0050749778748	0	0	0	0
LDL	META	AFR	2	75	2977	5	13.4635055065155	0	0	0	0
LDL	META	AFR	2	77	2882	5	5.76244449615479	0	0	0	0
LDL	META	AFR	2	84	14498	5	218.618006467819	0	0	0	0
LDL	META	AFR	2	86	5708	5	48.124320268631	0	0	0	0
LDL	META	AFR	2	87	2015	5	6.57109475135803	0	0	0	0
LDL	META	AFR	2	88	16740	5	224.819750070572	0	0	0	0
LDL	META	AFR	2	89	4268	5	11.9343559741974	0	0	0	0
LDL	META	AFR	2	97	6392	5	58.3594410419464	0	0	0	0
LDL	META	AFR	2	99	3744	5	8.80889105796814	0	0	0	0
LDL	META	AFR	2	100	5073	5	29.7288808822632	0	0	0	0
LDL	META	AFR	2	115	8462	5	34.0865364074707	0	0	0	0
LDL	META	AFR	2	121	7623	5	21.5377621650696	0	0	0	0
LDL	META	AFR	2	122	3357	5	11.8684592247009	0	0	0	0
LDL	META	AFR	2	124	6304	5	61.7831490039825	0	0	0	0
LDL	META	AFR	2	127	10494	5	211.991643428802	0	0	0	0
LDL	META	AFR	2	128	8920	5	117.837421655655	0	0	0	0
LDL	META	AFR	2	130	972	5	3.48365068435669	0	1	0	0
LDL	META	AFR	2	131	267	5	2.28499579429626	0	1	0	0
LDL	META	AFR	2	138	7521	5	98.126570224762	0	0	0	0
LDL	META	AFR	2	145	2691	5	5.57755303382874	0	1	0	0
LDL	META	AFR	2	146	7338	5	66.4973497390747	0	0	0	0
LDL	META	AFR	2	147	11956	5	63.9887573719025	0	0	0	0
LDL	META	AFR	2	152	4175	5	7.63311672210693	0	0	0	0
LDL	META	AFR	2	162	2765	5	11.6773567199707	0	0	0	0
LDL	META	AFR	2	163	346	5	2.90673446655273	0	1	0	0
LDL	META	AFR	2	166	11540	5	131.421180963516	0	0	0	0
LDL	META	AFR	2	168	5132	5	10.2173027992249	0	0	0	0
LDL	META	AFR	2	172	1571	5	4.1970112323761	0	0	0	0
LDL	META	AFR	2	177	5697	5	62.3808038234711	0	0	0	0
LDL	META	AFR	2	181	7110	5	75.5052812099457	0	0	0	0
LDL	META	AFR	2	184	9623	5	67.7289671897888	0	0	0	0
LDL	META	AFR	2	192	7048	5	75.6890060901642	0	0	0	0
LDL	META	AFR	2	198	4605	5	42.4564166069031	0	0	0	0
LDL	META	AFR	2	199	7545	5	82.4219233989716	0	0	0	0
LDL	META	AFR	2	205	3574	5	13.2804574966431	0	0	0	0
LDL	META	AFR	2	208	11091	5	102.939873933792	0	0	0	0
LDL	META	AFR	2	212	5673	5	28.6733930110931	0	0	0	0
LDL	META	AFR	2	213	12646	5	107.72369146347	0	0	0	0
LDL	META	AFR	2	217	3417	5	12.517751455307	0	0	0	0
LDL	META	AFR	2	232	2710	5	8.6499137878418	0	0	0	0
LDL	META	AFR	2	237	4890	5	39.023574590683	0	0	0	0
LDL	META	AFR	2	240	4368	5	24.2080516815186	0	0	0	0
LDL	META	AFR	2	242	4041	5	23.9700653553009	0	0	0	0
LDL	META	AFR	2	250	9156	5	181.320186376572	0	0	0	0
LDL	META	AFR	2	256	5481	5	43.1218225955963	0	0	0	0
LDL	META	AFR	3	24	6107	5	37.7567887306213	0	0	0	0
LDL	META	AFR	3	41	7590	5	56.4635565280914	0	0	0	0
LDL	META	AFR	3	43	4631	5	37.7911660671234	0	0	0	0
LDL	META	AFR	3	51	2523	5	12.1337225437164	0	0	1	4
LDL	META	AFR	3	56	4792	5	9.18068933486938	0	0	0	0
LDL	META	AFR	3	70	5844	5	11.6149282455444	0	0	0	0
LDL	META	AFR	3	71	7615	5	19.7084913253784	0	0	0	0
LDL	META	AFR	3	83	8358	5	87.5152683258057	0	0	0	0
LDL	META	AFR	3	88	5089	5	43.2650015354156	0	0	0	0
LDL	META	AFR	3	89	5797	5	15.3584213256836	0	0	0	0
LDL	META	AFR	3	104	12234	5	150.090532302856	0	0	0	0
LDL	META	AFR	3	107	5065	5	37.3605580329895	0	0	0	0
LDL	META	AFR	3	109	11353	5	203.633885145187	0	0	0	0
LDL	META	AFR	3	120	5358	5	17.7290499210358	0	0	0	0
LDL	META	AFR	3	121	6403	5	15.3425226211548	0	0	0	0
LDL	META	AFR	3	122	1429	5	4.14666438102722	0	0	0	0
LDL	META	AFR	3	123	2258	5	6.34244322776794	0	0	0	0
LDL	META	AFR	3	125	5709	5	58.9534442424774	0	0	0	0
LDL	META	AFR	3	127	6931	5	45.4018239974976	0	0	0	0
LDL	META	AFR	3	128	2851	5	8.74065256118774	0	0	0	0
LDL	META	AFR	3	129	3235	5	17.4783728122711	0	0	0	0
LDL	META	AFR	3	132	9026	5	85.2891268730164	0	0	0	0
LDL	META	AFR	3	135	5546	5	38.1778430938721	0	0	0	0
LDL	META	AFR	3	140	6801	5	53.2205736637115	0	0	0	0
LDL	META	AFR	3	145	6700	5	63.8429863452911	0	0	0	0
LDL	META	AFR	3	148	5962	5	26.8852095603943	0	0	0	0
LDL	META	AFR	3	149	4927	5	12.0763804912567	0	0	0	0
LDL	META	AFR	3	150	5539	5	28.4080152511597	0	0	0	0
LDL	META	AFR	3	154	1407	5	3.9683952331543	0	0	0	0
LDL	META	AFR	3	155	5451	5	45.6145718097687	0	0	0	0
LDL	META	AFR	3	158	6737	5	66.8177399635315	0	0	0	0
LDL	META	AFR	3	159	5503	5	12.3052494525909	0	0	0	0
LDL	META	AFR	3	161	7943	5	31.7385559082031	0	0	0	0
LDL	META	AFR	3	165	6166	5	14.0477504730225	0	0	0	0
LDL	META	AFR	3	166	12444	5	88.0684015750885	0	0	0	0
LDL	META	AFR	3	172	4335	5	28.0266993045807	0	0	0	0
LDL	META	AFR	3	173	2587	5	3.28950929641724	0	0	0	0
LDL	META	AFR	3	175	1755	5	1.33416700363159	0	0	0	0
LDL	META	AFR	3	186	7418	5	39.9541833400726	0	0	0	0
LDL	META	AFR	3	190	3623	5	17.3250949382782	0	0	0	0
LDL	META	AFR	3	195	11407	5	115.33348917961101	0	0	0	0
LDL	META	AFR	3	214	7491	5	54.0543012619019	0	0	0	0
LDL	META	AFR	3	216	3834	5	13.7397348880768	0	0	0	0
LDL	META	AFR	4	1	18183	5	365.801794528961	0	0	0	0
LDL	META	AFR	4	15	2772	5	10.5896153450012	0	0	0	0
LDL	META	AFR	4	19	2793	5	5.54697251319885	0	0	0	0
LDL	META	AFR	4	21	10021	5	49.3492877483368	0	0	0	0
LDL	META	AFR	4	28	5101	5	34.9699704647064	0	0	0	0
LDL	META	AFR	4	30	3052	5	12.7965970039368	0	0	0	0
LDL	META	AFR	4	42	894	5	2.78184986114502	0	0	0	0
LDL	META	AFR	4	43	3026	5	5.05145645141602	0	0	0	0
LDL	META	AFR	4	55	5412	5	28.4401507377625	0	0	0	0
LDL	META	AFR	4	57	1167	5	3.13091945648193	0	0	0	0
LDL	META	AFR	4	64	8992	5	118.05174279213	0	0	0	0
LDL	META	AFR	4	65	3570	5	19.1874196529388	0	0	0	0
LDL	META	AFR	4	66	4811	5	9.90488696098328	0	0	0	0
LDL	META	AFR	4	71	2357	5	4.80529308319092	0	0	0	0
LDL	META	AFR	4	79	4772	5	12.2728838920593	0	1	0	0
LDL	META	AFR	4	80	6787	5	33.2051773071289	0	0	0	0
LDL	META	AFR	4	84	6625	5	41.8387281894684	0	0	0	0
LDL	META	AFR	4	85	2127	5	3.07617235183716	0	0	0	0
LDL	META	AFR	4	86	464	5	0.646689176559448	0	0	0	0
LDL	META	AFR	4	87	9146	5	79.7955203056335	0	0	0	0
LDL	META	AFR	4	90	6228	5	13.6783337593079	0	0	0	0
LDL	META	AFR	4	92	5146	5	36.0549867153168	0	0	0	0
LDL	META	AFR	4	101	7532	5	37.06778383255	0	0	0	0
LDL	META	AFR	4	113	7040	5	94.9017100334167	0	0	0	0
LDL	META	AFR	4	115	2991	5	6.97026610374451	0	0	0	0
LDL	META	AFR	4	116	5697	5	11.0172472000122	0	0	0	0
LDL	META	AFR	4	117	6420	5	48.7451431751251	0	0	0	0
LDL	META	AFR	4	121	5308	5	34.6633138656616	0	0	0	0
LDL	META	AFR	4	122	2045	5	2.0225145816803	0	0	0	0
LDL	META	AFR	4	129	7572	5	23.7105801105499	0	0	0	0
LDL	META	AFR	4	130	6734	5	16.1011343002319	0	0	0	0
LDL	META	AFR	4	134	10283	5	45.5185928344727	0	0	0	0
LDL	META	AFR	4	136	9190	5	101.886446237564	0	0	0	0
LDL	META	AFR	4	148	4312	5	11.8620355129242	0	0	0	0
LDL	META	AFR	4	156	9122	5	38.9409441947937	0	0	0	0
LDL	META	AFR	4	159	2533	5	13.2244868278503	0	0	0	0
LDL	META	AFR	4	161	2367	5	8.31620073318481	0	0	0	0
LDL	META	AFR	4	162	4199	5	12.3892455101013	0	0	0	0
LDL	META	AFR	4	203	2966	5	5.30859589576721	0	0	0	0
LDL	META	AFR	5	6	2028	5	5.85312461853027	0	0	0	0
LDL	META	AFR	5	17	3936	5	12.0648956298828	0	0	0	0
LDL	META	AFR	5	55	1422	5	2.81880640983582	0	0	0	0
LDL	META	AFR	5	64	6972	5	36.7896735668182	0	0	0	0
LDL	META	AFR	5	69	2397	5	4.04427647590637	0	0	0	0
LDL	META	AFR	5	71	7801	5	52.0906300544739	0	0	0	0
LDL	META	AFR	5	81	4440	5	28.377117395401	0	0	0	0
LDL	META	AFR	5	82	3086	5	8.16663575172424	0	0	0	0
LDL	META	AFR	5	84	871	5	0.783535957336426	0	0	0	0
LDL	META	AFR	5	85	6561	5	62.7328441143036	0	1	1	4
LDL	META	AFR	5	86	83	5	1.65218710899353	0	0	0	0
LDL	META	AFR	5	109	3336	5	3.98824548721313	0	0	0	0
LDL	META	AFR	5	127	11072	5	74.3206770420074	0	0	0	0
LDL	META	AFR	5	130	7783	5	26.7610075473785	0	0	0	0
LDL	META	AFR	5	134	4128	5	7.25361728668213	0	0	1	15
LDL	META	AFR	5	144	5662	5	34.5496063232422	0	0	0	0
LDL	META	AFR	5	146	7648	5	35.0167446136475	0	0	0	0
LDL	META	AFR	5	147	3097	5	6.1593177318573	0	0	0	0
LDL	META	AFR	5	148	94	5	0.548301935195923	0	0	0	0
LDL	META	AFR	5	156	4575	5	22.4572818279266	0	0	0	0
LDL	META	AFR	5	157	2662	5	7.31358790397644	0	0	0	0
LDL	META	AFR	5	158	3934	5	6.47082185745239	0	0	0	0
LDL	META	AFR	5	165	3077	5	3.27508330345154	0	0	1	19
LDL	META	AFR	5	166	6099	5	54.0149536132812	1	2	2	3
LDL	META	AFR	5	167	4973	5	25.3812220096588	0	0	0	0
LDL	META	AFR	5	202	3745	5	4.6129207611084	0	0	0	0
LDL	META	AFR	5	207	4845	5	34.7999501228333	0	0	0	0
LDL	META	AFR	6	19	4685	5	21.7384960651398	0	0	0	0
LDL	META	AFR	6	20	3079	5	4.02510595321655	0	0	0	0
LDL	META	AFR	6	25	4625	5	13.7862324714661	0	0	0	0
LDL	META	AFR	6	27	2939	5	3.80026173591614	0	0	0	0
LDL	META	AFR	6	34	5438	5	13.587917804718	0	0	0	0
LDL	META	AFR	6	35	1961	5	4.7362585067749	0	0	0	0
LDL	META	AFR	6	39	8602	5	35.8227214813232	0	0	0	0
LDL	META	AFR	6	43	5409	5	21.5577666759491	0	0	0	0
LDL	META	AFR	6	44	995	5	0.879831075668335	0	0	0	0
LDL	META	AFR	6	47	6811	5	18.7770855426788	0	0	0	0
LDL	META	AFR	6	51	10938	5	53.4337618350983	0	0	0	0
LDL	META	AFR	6	53	3305	5	8.49295687675476	0	0	0	0
LDL	META	AFR	6	56	3174	5	7.0047652721405	0	0	0	0
LDL	META	AFR	6	58	5359	5	27.7031509876251	0	0	0	0
LDL	META	AFR	6	63	5242	5	24.3749160766602	0	0	0	0
LDL	META	AFR	6	64	584	5	1.9091658592224099	0	0	0	0
LDL	META	AFR	6	65	1517	5	1.4305214881897	0	0	0	0
LDL	META	AFR	6	71	20696	5	775.323295593262	0	0	0	0
LDL	META	AFR	6	72	2114	5	6.79380464553833	0	0	0	0
LDL	META	AFR	6	73	809	5	2.94040393829346	0	0	0	0
LDL	META	AFR	6	75	756	5	0.796415328979492	0	0	0	0
LDL	META	AFR	6	76	10261	5	110.350516796112	0	0	0	0
LDL	META	AFR	6	87	8807	5	44.1500408649445	0	0	0	0
LDL	META	AFR	6	88	15999	5	113.920236825943	0	0	0	0
LDL	META	AFR	6	100	74	5	0.546996593475342	0	0	0	0
LDL	META	AFR	6	101	5427	5	15.265734910965	0	0	0	0
LDL	META	AFR	6	105	5063	5	15.0941231250763	0	0	0	0
LDL	META	AFR	6	106	4217	5	22.8018639087677	0	0	0	0
LDL	META	AFR	6	109	4835	5	8.65689373016357	0	0	0	0
LDL	META	AFR	6	115	12197	5	215.780340433121	0	0	0	0
LDL	META	AFR	6	117	10303	5	74.70547914505	0	0	0	0
LDL	META	AFR	6	124	8229	5	43.1699481010437	0	0	0	0
LDL	META	AFR	6	127	4140	5	16.5175626277924	0	0	0	0
LDL	META	AFR	6	128	5865	5	14.4301536083221	0	0	0	0
LDL	META	AFR	6	134	4084	5	10.7640674114227	0	0	0	0
LDL	META	AFR	6	136	2567	5	4.53109693527222	0	0	0	0
LDL	META	AFR	6	140	3506	5	4.90048933029175	0	0	0	0
LDL	META	AFR	6	154	3903	5	10.3775904178619	0	0	0	0
LDL	META	AFR	6	158	4514	5	8.98470234870911	0	0	0	0
LDL	META	AFR	6	160	5628	5	16.5102791786194	0	0	0	0
LDL	META	AFR	6	168	6860	5	42.4834129810333	0	0	0	0
LDL	META	AFR	6	169	11513	10	1584.34460258484	2	4	5	16
LDL	META	AFR	6	170	2171	5	6.66496682167053	0	0	0	0
LDL	META	AFR	6	180	642	5	1.96432900428772	0	0	0	0
LDL	META	AFR	6	183	3292	5	3.71787571907043	0	0	0	0
LDL	META	AFR	6	187	3719	5	9.67951321601868	0	1	0	0
LDL	META	AFR	7	3	4576	5	11.9661147594452	0	0	0	0
LDL	META	AFR	7	5	7295	5	30.6681702136993	0	0	0	0
LDL	META	AFR	7	6	3813	5	9.61177134513855	0	0	0	0
LDL	META	AFR	7	11	4977	5	9.31351852416992	0	0	0	0
LDL	META	AFR	7	12	8755	5	45.3346707820892	0	0	0	0
LDL	META	AFR	7	13	3555	5	6.36526370048523	0	0	0	0
LDL	META	AFR	7	33	7276	5	30.6351935863495	0	0	0	0
LDL	META	AFR	7	37	5774	5	30.5401763916016	0	0	0	0
LDL	META	AFR	7	41	5445	5	18.261932849884	0	0	0	0
LDL	META	AFR	7	42	5383	5	19.2431371212006	1	1	2	8
LDL	META	AFR	7	44	1131	5	1.75200009346008	0	0	0	0
LDL	META	AFR	7	50	3872	5	7.57331728935242	0	0	0	0
LDL	META	AFR	7	58	5367	5	16.4012296199799	0	0	0	0
LDL	META	AFR	7	66	2336	5	5.20484852790833	0	0	0	0
LDL	META	AFR	7	67	14085	5	1503.8885383606	0	0	0	0
LDL	META	AFR	7	74	2473	5	2.28845715522766	0	0	0	0
LDL	META	AFR	7	85	7189	5	32.1810941696167	0	0	0	0
LDL	META	AFR	7	88	8808	5	56.2389047145844	0	0	0	0
LDL	META	AFR	7	89	4350	5	8.12882018089294	0	0	0	0
LDL	META	AFR	7	95	3291	5	6.06503820419312	0	0	0	0
LDL	META	AFR	7	99	8507	5	37.2994146347046	0	0	0	0
LDL	META	AFR	7	103	4146	5	8.93662118911743	0	0	0	0
LDL	META	AFR	7	109	4707	5	13.832692861557	0	0	0	0
LDL	META	AFR	7	111	8158	5	64.7415816783905	0	0	0	0
LDL	META	AFR	7	112	3672	5	6.2266538143158	0	0	0	0
LDL	META	AFR	7	113	6938	5	27.6569578647614	0	1	0	0
LDL	META	AFR	7	114	9495	5	59.87855219841	0	0	0	0
LDL	META	AFR	7	119	3646	5	9.70516443252563	0	0	0	0
LDL	META	AFR	7	132	12280	5	182.373940467834	0	0	0	0
LDL	META	AFR	7	133	11013	5	99.3002123832703	0	0	0	0
LDL	META	AFR	7	134	3163	5	7.08024930953979	0	0	0	0
LDL	META	AFR	7	138	7908	5	36.1832749843597	0	0	0	0
LDL	META	AFR	7	139	1616	5	4.37702798843384	0	0	0	0
LDL	META	AFR	7	141	8185	5	47.0892324447632	0	1	1	3
LDL	META	AFR	7	147	2655	5	5.16424942016602	0	0	0	0
LDL	META	AFR	7	152	2961	5	11.1665940284729	0	0	0	0
LDL	META	AFR	7	162	10902	5	129.309054374695	0	0	0	0
LDL	META	AFR	7	176	1091	5	3.26680445671082	0	0	0	0
LDL	META	AFR	7	177	1763	5	4.86494755744934	0	0	0	0
LDL	META	AFR	7	187	8681	5	63.0895130634308	0	0	0	0
LDL	META	AFR	8	17	5540	5	23.4371271133423	0	0	0	0
LDL	META	AFR	8	29	9680	5	97.9999558925629	0	0	0	0
LDL	META	AFR	8	36	1815	5	1.74958777427673	0	1	1	1
LDL	META	AFR	8	39	3964	5	6.63200879096985	0	0	0	0
LDL	META	AFR	8	42	6598	5	26.2348322868347	0	0	0	0
LDL	META	AFR	8	44	1977	5	1.52013921737671	0	0	0	0
LDL	META	AFR	8	45	4296	5	10.6822872161865	0	0	0	0
LDL	META	AFR	8	56	4884	5	14.535936832428	0	0	0	0
LDL	META	AFR	8	57	3464	5	17.0547420978546	0	0	0	0
LDL	META	AFR	8	59	3075	5	3.39669322967529	0	0	0	0
LDL	META	AFR	8	65	3275	5	8.98978590965271	0	0	0	0
LDL	META	AFR	8	68	4334	5	9.80176043510437	0	0	1	7
LDL	META	AFR	8	69	9028	5	40.2791695594788	0	0	0	0
LDL	META	AFR	8	71	5815	5	20.7371926307678	0	0	0	0
LDL	META	AFR	8	75	1495	5	3.64939737319946	0	0	0	0
LDL	META	AFR	8	78	1104	5	2.1278963088989302	0	0	0	0
LDL	META	AFR	8	79	3659	5	6.78761219978333	0	0	0	0
LDL	META	AFR	8	81	5715	5	19.6201167106628	0	0	0	0
LDL	META	AFR	8	83	9665	5	41.6746408939362	0	0	0	0
LDL	META	AFR	8	85	5074	5	13.2392942905426	0	0	0	0
LDL	META	AFR	8	88	6083	5	20.8583559989929	0	0	0	0
LDL	META	AFR	8	90	7690	5	29.6777815818787	0	0	0	0
LDL	META	AFR	8	101	4298	5	11.3451142311096	0	0	0	0
LDL	META	AFR	8	106	5377	5	23.1075661182404	0	0	0	0
LDL	META	AFR	8	113	3762	5	11.7990589141846	0	0	0	0
LDL	META	AFR	8	124	3305	5	8.14740777015686	0	0	0	0
LDL	META	AFR	8	125	1434	5	4.90126323699951	0	0	0	0
LDL	META	AFR	8	135	4245	5	15.4710175991058	0	0	0	0
LDL	META	AFR	8	153	2405	5	2.41548991203308	0	0	0	0
LDL	META	AFR	8	159	4397	5	15.1350328922272	0	0	0	0
LDL	META	AFR	8	160	4742	5	13.5888271331787	0	0	0	0
LDL	META	AFR	9	4	4547	5	13.7677707672119	1	1	1	1
LDL	META	AFR	9	5	1171	5	4.50630211830139	0	0	0	0
LDL	META	AFR	9	13	8695	5	56.7888705730438	0	0	0	0
LDL	META	AFR	9	33	4894	5	9.24351143836975	0	0	0	0
LDL	META	AFR	9	36	4545	5	17.1526050567627	0	0	0	0
LDL	META	AFR	9	39	2031	5	2.91789078712463	0	0	0	0
LDL	META	AFR	9	40	8635	5	67.7923755645752	0	0	0	0
LDL	META	AFR	9	51	2722	5	6.13653230667114	0	0	0	0
LDL	META	AFR	9	53	8737	5	63.9952170848846	0	0	0	0
LDL	META	AFR	9	62	6852	5	17.5294413566589	0	0	0	0
LDL	META	AFR	9	69	3205	5	4.7762279510498	0	0	0	0
LDL	META	AFR	9	70	1989	5	1.79446315765381	0	0	0	0
LDL	META	AFR	9	72	1344	5	1.21920585632324	0	0	0	0
LDL	META	AFR	9	73	3467	5	15.107896566391	0	1	0	0
LDL	META	AFR	9	80	9353	5	61.3017342090607	0	0	0	0
LDL	META	AFR	9	84	4231	5	7.97861194610596	0	0	0	0
LDL	META	AFR	9	89	1368	5	3.55047082901001	0	0	0	0
LDL	META	AFR	9	93	5615	5	15.1817760467529	0	0	0	0
LDL	META	AFR	9	99	3825	5	9.31322646141052	0	0	0	0
LDL	META	AFR	9	102	7288	5	35.5772097110748	0	0	0	0
LDL	META	AFR	9	104	1842	5	4.42777347564697	0	0	0	0
LDL	META	AFR	9	110	8514	5	51.1241517066956	0	1	1	4
LDL	META	AFR	9	111	323	5	0.658405780792236	0	0	0	0
LDL	META	AFR	9	112	7391	5	36.9013056755066	0	0	1	5
LDL	META	AFR	9	114	2476	5	5.85208988189697	0	0	0	0
LDL	META	AFR	9	115	7700	5	40.1125450134277	0	0	0	0
LDL	META	AFR	9	116	3663	5	12.465341091156	0	0	0	0
LDL	META	AFR	9	118	9347	5	34.1017894744873	0	0	0	0
LDL	META	AFR	9	119	3647	5	5.61287045478821	0	1	0	0
LDL	META	AFR	9	124	3488	5	10.5103406906128	0	0	0	0
LDL	META	AFR	9	125	4830	5	22.5197825431824	0	0	0	0
LDL	META	AFR	9	134	9747	5	75.6737508773804	0	0	0	0
LDL	META	AFR	9	140	10124	5	73.1689581871033	0	0	0	0
LDL	META	AFR	9	144	3524	5	9.43107151985168	0	0	0	0
LDL	META	AFR	9	145	3946	5	13.0121977329254	0	0	0	0
LDL	META	AFR	9	148	2621	5	4.36043167114258	0	0	0	0
LDL	META	AFR	9	149	3570	5	4.03603196144104	0	0	1	4
LDL	META	AFR	9	153	280	5	0.746358633041382	0	0	0	0
LDL	META	AFR	9	160	1404	5	1.15070009231567	0	0	0	0
LDL	META	AFR	9	161	1290	5	3.74396896362305	0	0	0	0
LDL	META	AFR	10	14	5554	5	36.3903949260712	0	0	0	0
LDL	META	AFR	10	22	4782	5	17.5383455753326	0	0	0	0
LDL	META	AFR	10	30	1380	5	3.32802033424377	1	1	1	1
LDL	META	AFR	10	43	3973	5	21.9401550292969	0	0	0	0
LDL	META	AFR	10	45	6405	5	26.1595940589905	0	0	0	0
LDL	META	AFR	10	46	6778	5	17.1016504764557	0	0	0	0
LDL	META	AFR	10	52	6542	5	18.9273309707642	0	0	0	0
LDL	META	AFR	10	53	3489	5	4.08657479286194	0	0	0	0
LDL	META	AFR	10	59	4346	5	14.2688562870026	0	0	0	0
LDL	META	AFR	10	60	7936	5	34.0989310741425	0	0	0	0
LDL	META	AFR	10	67	4310	5	7.13334965705872	0	0	0	0
LDL	META	AFR	10	69	5933	5	26.7556979656219	0	0	0	0
LDL	META	AFR	10	70	6209	5	13.2110171318054	0	0	0	0
LDL	META	AFR	10	73	3755	5	4.72587561607361	0	0	0	0
LDL	META	AFR	10	80	6005	5	40.7296047210693	0	0	0	0
LDL	META	AFR	10	81	7078	5	56.3054120540619	0	0	0	0
LDL	META	AFR	10	84	11182	5	114.748460769653	0	0	0	0
LDL	META	AFR	10	85	1896	5	1.57681679725647	0	0	0	0
LDL	META	AFR	10	92	10840	5	168.18576669693	0	0	0	0
LDL	META	AFR	10	100	1749	5	3.80172038078308	0	0	0	0
LDL	META	AFR	10	101	5465	5	15.8171806335449	0	0	0	0
LDL	META	AFR	10	109	6726	5	33.2675266265869	0	0	0	0
LDL	META	AFR	10	110	2032	5	3.29194045066833	0	0	0	0
LDL	META	AFR	10	112	1281	5	4.19507813453674	0	0	0	0
LDL	META	AFR	10	113	4246	5	10.2716562747955	0	0	0	0
LDL	META	AFR	10	117	7935	5	46.5086798667908	0	0	0	0
LDL	META	AFR	10	120	5587	5	22.6119608879089	0	0	0	0
LDL	META	AFR	10	121	3453	5	9.62181186676025	0	0	0	0
LDL	META	AFR	10	126	7177	5	38.7303149700165	0	0	0	0
LDL	META	AFR	10	127	2357	5	6.6704523563385	0	0	0	0
LDL	META	AFR	10	128	605	5	1.47005200386047	0	0	0	0
LDL	META	AFR	10	129	8132	5	85.3762209415436	0	0	0	0
LDL	META	AFR	10	131	7402	5	32.5868248939514	0	0	0	0
LDL	META	AFR	10	137	6987	5	16.6423590183258	0	1	0	0
LDL	META	AFR	10	138	1225	5	1.51995897293091	0	0	0	0
LDL	META	AFR	10	142	2361	5	6.64493942260742	0	0	0	0
LDL	META	AFR	10	144	2769	5	6.29056525230408	0	0	0	0
LDL	META	AFR	10	150	6001	5	25.9112963676453	0	0	0	0
LDL	META	AFR	10	152	3853	5	9.254723072052	0	0	0	0
LDL	META	AFR	10	154	8821	5	29.7905445098877	0	0	0	0
LDL	META	AFR	11	2	4307	5	19.4919335842133	0	0	0	0
LDL	META	AFR	11	3	4367	5	8.15978407859802	0	0	0	0
LDL	META	AFR	11	4	3345	5	18.1992988586426	0	0	0	0
LDL	META	AFR	11	7	2487	5	5.98261308670044	0	0	0	0
LDL	META	AFR	11	12	7202	5	23.719874382019	0	1	1	3
LDL	META	AFR	11	18	10414	5	42.6767609119415	0	0	0	0
LDL	META	AFR	11	22	2157	5	2.27117824554443	0	0	0	0
LDL	META	AFR	11	28	3437	5	22.318158864975	0	0	0	0
LDL	META	AFR	11	30	3407	5	7.4949471950531	0	0	0	0
LDL	META	AFR	11	31	3226	5	8.23999905586243	0	0	0	0
LDL	META	AFR	11	33	4167	5	13.1594846248627	0	0	0	0
LDL	META	AFR	11	51	4832	5	15.5486402511597	0	0	0	0
LDL	META	AFR	11	56	1001	5	2.43378448486328	0	0	0	0
LDL	META	AFR	11	75	3576	5	9.33127474784851	0	0	0	0
LDL	META	AFR	11	76	4249	5	15.6417458057404	0	0	0	0
LDL	META	AFR	11	78	4471	5	6.42845034599304	0	0	0	0
LDL	META	AFR	11	79	9695	5	103.404648303986	0	0	0	0
LDL	META	AFR	11	81	3986	5	12.2396275997162	0	0	0	0
LDL	META	AFR	11	82	1138	5	1.09385943412781	0	0	0	0
LDL	META	AFR	11	86	5914	5	17.0333797931671	0	0	0	0
LDL	META	AFR	11	90	10084	5	47.3599753379822	0	0	0	0
LDL	META	AFR	11	107	1829	5	1.4077787399292	0	0	0	0
LDL	META	AFR	11	108	1720	5	1.3616681098938	0	0	0	0
LDL	META	AFR	11	115	5952	5	29.8965752124786	0	0	0	0
LDL	META	AFR	11	117	10692	5	124.538212060928	0	0	0	0
LDL	META	AFR	11	123	3009	5	4.43533277511597	0	0	0	0
LDL	META	AFR	11	125	4153	5	14.263471364975	0	0	0	0
LDL	META	AFR	11	129	4585	5	20.4772429466248	0	0	0	0
LDL	META	AFR	11	133	4776	5	18.2582926750183	0	0	0	0
LDL	META	AFR	11	139	184	5	1.02718877792358	0	0	0	0
LDL	META	AFR	11	140	2539	5	2.95317602157593	0	0	0	0
LDL	META	AFR	11	142	5491	5	22.9384818077087	0	0	0	0
LDL	META	AFR	11	147	8728	5	62.9304003715515	0	0	0	0
LDL	META	AFR	11	163	755	5	1.77436423301697	0	1	0	0
LDL	META	AFR	12	1	2836	5	6.05755639076233	0	0	0	0
LDL	META	AFR	12	4	3223	5	12.8450770378113	0	0	0	0
LDL	META	AFR	12	12	1658	5	7.33761501312256	0	0	0	0
LDL	META	AFR	12	17	2149	5	3.58361482620239	0	0	0	0
LDL	META	AFR	12	18	4432	5	17.1505360603333	0	0	0	0
LDL	META	AFR	12	23	6211	5	12.8237400054932	0	0	0	0
LDL	META	AFR	12	29	641	5	0.745414018630981	0	0	0	0
LDL	META	AFR	12	33	4172	5	14.0797355175018	0	0	0	0
LDL	META	AFR	12	42	9608	5	83.959210395813	0	0	0	0
LDL	META	AFR	12	45	3750	5	4.44240164756775	0	0	0	0
LDL	META	AFR	12	47	1512	5	1.22829604148865	0	0	0	0
LDL	META	AFR	12	49	5817	5	24.5761337280273	0	0	0	0
LDL	META	AFR	12	51	3456	5	14.1839482784271	0	0	0	0
LDL	META	AFR	12	59	6839	5	50.6362833976746	0	0	0	0
LDL	META	AFR	12	61	3781	5	14.8551163673401	0	0	0	0
LDL	META	AFR	12	62	4136	5	26.8526244163513	0	0	0	0
LDL	META	AFR	12	63	5032	5	35.467376947403	0	0	0	0
LDL	META	AFR	12	64	3343	5	7.88615036010742	0	1	0	0
LDL	META	AFR	12	66	5580	5	10.3184313774109	0	1	1	2
LDL	META	AFR	12	67	3004	5	7.62577891349792	0	0	0	0
LDL	META	AFR	12	69	5657	5	29.9451384544373	0	1	1	2
LDL	META	AFR	12	71	6653	5	46.1800420284271	0	0	0	0
LDL	META	AFR	12	72	17737	5	275.413018226624	0	0	0	0
LDL	META	AFR	12	82	5805	5	11.7232995033264	0	0	0	0
LDL	META	AFR	12	97	8335	5	35.5579950809479	0	0	0	0
LDL	META	AFR	12	98	3513	5	9.95256686210632	0	0	0	0
LDL	META	AFR	12	110	6793	5	52.2943577766418	0	0	0	0
LDL	META	AFR	12	112	622	5	1.88323402404785	0	0	1	4
LDL	META	AFR	12	113	4919	5	8.94117951393127	0	0	0	0
LDL	META	AFR	12	114	4788	5	29.3430662155151	0	0	0	0
LDL	META	AFR	12	115	3574	5	8.76980948448181	0	0	0	0
LDL	META	AFR	12	117	5352	5	27.8503420352936	0	0	0	0
LDL	META	AFR	12	120	2438	5	3.70274305343628	0	0	0	0
LDL	META	AFR	12	121	3614	5	13.2239711284637	0	0	0	0
LDL	META	AFR	12	122	8973	5	33.0727241039276	0	0	0	0
LDL	META	AFR	12	127	2229	5	1.86343240737915	0	0	0	0
LDL	META	AFR	12	128	817	5	0.734536409378052	0	0	0	0
LDL	META	AFR	12	138	8954	5	79.8145627975464	0	0	0	0
LDL	META	AFR	12	139	12319	5	156.785264015198	0	0	0	0
LDL	META	AFR	12	140	2151	5	6.40565514564514	0	1	0	0
LDL	META	AFR	12	141	3057	5	13.2504947185516	0	0	0	0
LDL	META	AFR	12	164	3126	5	3.42442917823792	0	0	0	0
LDL	META	AFR	13	11	3137	5	5.7509651184082	0	0	0	0
LDL	META	AFR	13	18	1505	5	1.29083037376404	0	0	0	0
LDL	META	AFR	13	21	5987	5	12.2821431159973	0	0	0	0
LDL	META	AFR	13	24	4124	5	8.55913662910461	0	0	0	0
LDL	META	AFR	13	25	2672	5	2.76165413856506	1	1	1	1
LDL	META	AFR	13	40	3873	5	4.65515923500061	0	0	0	0
LDL	META	AFR	13	44	3233	5	11.8591241836548	0	0	0	0
LDL	META	AFR	13	50	8720	5	97.9397051334381	0	0	0	0
LDL	META	AFR	13	52	6733	5	30.3624610900879	0	0	0	0
LDL	META	AFR	13	66	2019	5	3.99097180366516	0	0	0	0
LDL	META	AFR	13	69	8587	5	106.301791191101	0	0	0	0
LDL	META	AFR	13	84	3140	5	3.26526069641113	0	0	0	0
LDL	META	AFR	13	96	2032	5	5.23413228988647	0	0	0	0
LDL	META	AFR	13	102	2238	5	7.69673299789429	0	0	0	0
LDL	META	AFR	13	115	1837	5	4.70024609565735	0	0	0	0
LDL	META	AFR	13	116	1580	5	3.11670327186584	0	0	0	0
LDL	META	AFR	13	118	3281	5	3.60848331451416	0	0	0	0
LDL	META	AFR	13	125	5141	5	20.4725155830383	0	0	0	0
LDL	META	AFR	14	4	1418	5	1.04108691215515	0	0	0	0
LDL	META	AFR	14	14	7462	5	70.8247773647308	0	0	0	0
LDL	META	AFR	14	23	7343	5	36.6028335094452	0	0	0	0
LDL	META	AFR	14	31	7061	5	16.5563306808472	0	0	0	0
LDL	META	AFR	14	35	7234	5	20.3476383686066	0	0	0	0
LDL	META	AFR	14	42	3980	5	5.11212754249573	0	0	0	0
LDL	META	AFR	14	43	336	5	1.81706762313843	0	0	0	0
LDL	META	AFR	14	46	3337	5	13.1118831634521	0	0	0	0
LDL	META	AFR	14	63	8551	5	125.166142463684	0	0	0	0
LDL	META	AFR	14	68	4012	5	14.1114239692688	0	0	0	0
LDL	META	AFR	14	72	8363	5	102.766211032867	0	0	0	0
LDL	META	AFR	14	73	3978	5	15.3781630992889	0	0	0	0
LDL	META	AFR	14	96	606	5	1.60219478607178	0	0	0	0
LDL	META	AFR	14	105	2644	5	5.47376036643982	0	0	0	0
LDL	META	AFR	14	106	2344	5	2.15569710731506	0	0	0	0
LDL	META	AFR	14	121	6064	5	38.4274437427521	0	0	0	0
LDL	META	AFR	14	126	7235	5	52.396106958389304	0	0	0	0
LDL	META	AFR	14	127	4980	5	7.99909234046936	0	0	0	0
LDL	META	AFR	15	3	253	5	1.13783407211304	0	0	0	0
LDL	META	AFR	15	37	6805	5	15.4831004142761	0	0	0	0
LDL	META	AFR	15	39	6044	5	21.0912284851074	0	0	0	0
LDL	META	AFR	15	44	3095	5	3.31531763076782	0	0	0	0
LDL	META	AFR	15	45	11863	5	145.216022491455	0	0	0	0
LDL	META	AFR	15	46	3654	5	4.67721962928772	0	0	0	0
LDL	META	AFR	15	47	3898	5	14.0092797279358	0	0	0	0
LDL	META	AFR	15	50	5301	5	21.1831059455872	0	0	0	0
LDL	META	AFR	15	52	3612	5	3.93905901908875	0	0	0	0
LDL	META	AFR	15	53	693	5	2.49573636054993	0	0	0	0
LDL	META	AFR	15	54	4234	5	12.6804552078247	0	0	0	0
LDL	META	AFR	15	56	4683	5	16.5368959903717	0	0	0	0
LDL	META	AFR	15	59	8118	5	55.1504518985748	0	0	0	0
LDL	META	AFR	15	62	10457	5	176.256006479263	0	0	0	0
LDL	META	AFR	15	63	2856	5	2.78217482566833	0	0	0	0
LDL	META	AFR	15	64	3040	5	2.96513271331787	0	0	0	0
LDL	META	AFR	15	66	5820	5	15.2447679042816	0	0	0	0
LDL	META	AFR	15	80	2469	5	7.16361331939697	0	0	0	0
LDL	META	AFR	15	83	2311	5	7.69614624977112	0	0	0	0
LDL	META	AFR	15	85	4984	5	29.2197768688202	0	0	0	0
LDL	META	AFR	15	117	1860	5	3.33337450027466	0	0	0	0
LDL	META	AFR	15	118	1205	5	2.79658174514771	0	0	0	0
LDL	META	AFR	16	1	4170	5	16.5450122356415	0	0	0	0
LDL	META	AFR	16	4	5228	5	9.09353303909302	0	0	0	0
LDL	META	AFR	16	5	2196	5	4.03333258628845	0	0	0	0
LDL	META	AFR	16	9	5561	5	10.7570712566376	0	0	0	0
LDL	META	AFR	16	31	5305	5	26.7230620384216	0	0	0	0
LDL	META	AFR	16	32	737	5	2.1959969997406	0	0	0	0
LDL	META	AFR	16	37	5959	5	11.5107002258301	0	0	0	0
LDL	META	AFR	16	38	10119	5	54.5084319114685	0	0	0	0
LDL	META	AFR	16	43	3974	5	5.01759362220764	0	0	0	0
LDL	META	AFR	16	59	4058	5	5.78313565254211	0	0	0	0
LDL	META	AFR	16	60	6555	5	32.1373035907745	0	0	0	0
LDL	META	AFR	16	74	991	5	2.82233738899231	0	1	0	0
LDL	META	AFR	16	75	5618	5	10.0384609699249	0	1	1	3
LDL	META	AFR	16	76	3806	5	12.2222077846527	0	0	0	0
LDL	META	AFR	16	80	3583	5	14.7823493480682	0	0	0	0
LDL	META	AFR	16	85	9499	5	143.750287771225	0	1	1	2
LDL	META	AFR	16	88	8788	5	143.593216657639	0	0	0	0
LDL	META	AFR	16	89	11535	5	402.285344362259	1	2	2	4
LDL	META	AFR	16	90	2695	5	2.59877872467041	0	0	0	0
LDL	META	AFR	16	94	9947	5	75.0477013587952	0	0	0	0
LDL	META	AFR	16	96	10977	5	51.2105374336243	0	0	0	0
LDL	META	AFR	16	99	3167	5	11.2882690429688	0	0	0	0
LDL	META	AFR	16	100	636	5	2.77987217903137	0	0	0	0
LDL	META	AFR	16	101	616	5	2.47257876396179	0	0	0	0
LDL	META	AFR	16	103	12889	5	208.502863645554	0	0	0	0
LDL	META	AFR	16	104	3568	5	9.53326964378357	0	0	0	0
LDL	META	AFR	16	110	2930	5	9.7011353969574	0	0	0	0
LDL	META	AFR	16	119	3814	5	4.91336607933044	0	0	0	0
LDL	META	AFR	16	120	688	5	15.0804069042206	0	0	0	0
LDL	META	AFR	16	125	3238	5	3.51188898086548	0	0	0	0
LDL	META	AFR	16	126	588	5	1.86130738258362	0	0	0	0
LDL	META	AFR	16	127	860	5	4.11047458648682	0	0	0	0
LDL	META	AFR	16	128	11555	5	67.3900153636932	0	0	0	0
LDL	META	AFR	17	9	5570	5	12.6192598342896	0	0	0	0
LDL	META	AFR	17	14	3017	5	3.0871467590332	0	0	0	0
LDL	META	AFR	17	16	1104	5	2.79543280601501	0	1	1	5
LDL	META	AFR	17	17	5669	5	23.0301213264465	1	1	1	1
LDL	META	AFR	17	22	1112	5	3.27873206138611	0	0	0	0
LDL	META	AFR	17	23	2060	5	1.66346311569214	0	0	0	0
LDL	META	AFR	17	24	3507	5	6.31681036949158	0	0	0	0
LDL	META	AFR	17	25	3851	5	9.05684638023376	0	0	0	0
LDL	META	AFR	17	28	680	5	1.95714950561523	0	0	0	0
LDL	META	AFR	17	30	753	5	2.71360611915588	0	0	0	0
LDL	META	AFR	17	51	8770	5	33.3909909725189	0	0	0	0
LDL	META	AFR	17	54	4501	5	6.57415437698364	0	0	0	0
LDL	META	AFR	17	55	10994	5	48.233496427536	0	0	0	0
LDL	META	AFR	17	65	6639	5	14.6227827072144	0	0	0	0
LDL	META	AFR	17	70	3459	5	10.8823304176331	0	0	0	0
LDL	META	AFR	17	71	4628	5	16.6221387386322	0	0	0	0
LDL	META	AFR	17	73	8549	5	65.0881035327911	0	0	0	0
LDL	META	AFR	17	74	9253	5	107.978828191757	0	0	0	0
LDL	META	AFR	17	75	6904	5	32.0849361419678	0	0	1	23
LDL	META	AFR	17	80	3820	5	22.4683339595795	0	0	0	0
LDL	META	AFR	17	84	1563	5	1.15287327766418	0	0	0	0
LDL	META	AFR	17	87	2525	5	5.84360861778259	0	0	0	0
LDL	META	AFR	17	90	8570	5	61.5596323013306	0	0	0	0
LDL	META	AFR	17	94	4410	5	24.2626705169678	0	0	0	0
LDL	META	AFR	17	97	6024	5	12.6670796871185	0	0	0	0
LDL	META	AFR	17	98	3097	5	5.90888857841492	0	0	0	0
LDL	META	AFR	17	100	3933	5	4.78458595275879	0	0	0	0
LDL	META	AFR	17	101	2826	5	4.56189036369324	0	0	0	0
LDL	META	AFR	17	102	2335	5	529.453235864639	0	1	0	0
LDL	META	AFR	17	103	2207	5	3.27981472015381	0	0	0	0
LDL	META	AFR	17	104	320	5	1.55803251266479	0	0	0	0
LDL	META	AFR	17	105	3820	5	16.7868673801422	0	0	0	0
LDL	META	AFR	17	117	4892	5	25.7032039165497	0	0	0	0
LDL	META	AFR	17	118	4071	5	4.97661304473877	0	0	0	0
LDL	META	AFR	17	121	2383	5	4.39251613616943	0	0	0	0
LDL	META	AFR	17	123	3912	5	10.0972919464111	0	0	0	0
LDL	META	AFR	17	125	5781	5	29.1581287384033	0	0	0	0
LDL	META	AFR	17	130	3368	5	18.6331143379211	0	0	0	0
LDL	META	AFR	17	133	2416	5	2.16464924812317	0	0	0	0
LDL	META	AFR	17	134	3576	5	4.37698817253113	0	0	0	0
LDL	META	AFR	18	31	5549	5	18.8796091079712	0	0	0	0
LDL	META	AFR	18	41	11224	5	80.8135333061218	0	0	0	0
LDL	META	AFR	18	61	5645	5	29.0542147159576	0	0	0	0
LDL	META	AFR	18	69	9419	5	80.299834728241	0	0	0	0
LDL	META	AFR	18	77	1361	5	2.47211194038391	0	0	0	0
LDL	META	AFR	18	88	3694	5	4.64872026443481	0	0	0	0
LDL	META	AFR	18	98	2703	5	7.78550004959106	0	0	0	0
LDL	META	AFR	18	119	1547	5	1.28354668617249	0	0	0	0
LDL	META	AFR	18	120	3253	5	3.82239246368408	0	0	0	0
LDL	META	AFR	19	5	45	5	0.759869575500488	0	0	0	0
LDL	META	AFR	19	6	1730	5	1.32177639007568	0	0	0	0
LDL	META	AFR	19	12	1798	5	6.64036059379578	0	0	0	0
LDL	META	AFR	19	15	984	5	2.90695858001709	0	0	0	0
LDL	META	AFR	19	16	731	5	1.87314605712891	0	0	0	0
LDL	META	AFR	19	20	1464	5	1.05141353607178	0	0	0	0
LDL	META	AFR	19	21	922	5	2.47278714179993	0	0	0	0
LDL	META	AFR	19	22	3863	5	14.9510033130646	0	0	0	0
LDL	META	AFR	19	25	2790	5	7.36843419075012	0	1	0	0
LDL	META	AFR	19	32	2908	5	2.80034041404724	0	0	1	3
LDL	META	AFR	19	33	1510	5	1.21259737014771	0	0	0	0
LDL	META	AFR	19	35	4017	5	4.80713868141174	0	0	0	0
LDL	META	AFR	19	36	973	5	0.844614267349243	0	0	0	0
LDL	META	AFR	19	37	4778	5	274.623135328293	0	1	1	2
LDL	META	AFR	19	38	1093	5	7.90191602706909	0	1	0	0
LDL	META	AFR	19	39	6791	5	18.9395544528961	0	1	1	2
LDL	META	AFR	19	40	1586	5	1.23076629638672	0	0	0	0
LDL	META	AFR	19	42	1690	5	4.96994256973267	0	0	0	0
LDL	META	AFR	19	46	4042	5	6.31577324867249	0	0	0	0
LDL	META	AFR	19	49	3701	5	18.2914638519287	0	0	0	0
LDL	META	AFR	19	51	2299	5	5.52705001831055	0	0	0	0
LDL	META	AFR	19	52	2607	5	2.54180073738098	0	0	0	0
LDL	META	AFR	19	53	5469	5	23.052417755127	0	0	0	0
LDL	META	AFR	19	54	9452	5	37.505434513092	0	0	0	0
LDL	META	AFR	19	62	5935	5	29.3069422245026	0	0	0	0
LDL	META	AFR	19	63	2447	5	2.20445108413696	0	0	0	0
LDL	META	AFR	19	65	2326	5	3.15541481971741	0	0	0	0
LDL	META	AFR	19	67	11045	5	47.7000994682312	0	0	0	0
LDL	META	AFR	19	68	2977	5	4.59818816184998	0	1	1	2
LDL	META	AFR	19	70	3911	5	5.19289040565491	0	0	0	0
LDL	META	AFR	19	71	549	5	2.13272476196289	0	0	0	0
LDL	META	AFR	19	72	7357	5	38.890144109726	0	0	0	0
LDL	META	AFR	19	73	902	5	2.30346465110779	0	0	0	0
LDL	META	AFR	19	74	5738	10	137.424799919128	2	4	5	10
LDL	META	AFR	19	75	1280	10	548.587337970734	5	8	8	14
LDL	META	AFR	19	76	5234	10	829.346545219421	3	4	4	5
LDL	META	AFR	19	77	8243	5	34.6079163551331	0	0	0	0
LDL	META	AFR	19	79	3082	5	9.11942529678345	0	0	0	0
LDL	META	AFR	19	80	1444	5	1.21204519271851	0	0	0	0
LDL	META	AFR	19	81	3996	5	4.85989308357239	0	0	0	0
LDL	META	AFR	19	98	1522	5	1.12442016601562	0	0	0	0
LDL	META	AFR	19	103	2300	5	2.05850052833557	0	0	0	0
LDL	META	AFR	19	104	2484	5	2.2578489780426	0	0	0	0
LDL	META	AFR	19	107	1776	5	1.54285383224487	0	0	0	0
LDL	META	AFR	19	110	5442	5	13.3072504997253	0	0	0	0
LDL	META	AFR	19	111	2702	5	6.48632097244263	0	0	0	0
LDL	META	AFR	20	2	1872	5	3.30942749977112	0	0	0	0
LDL	META	AFR	20	10	2007	5	4.45413970947266	0	0	0	0
LDL	META	AFR	20	11	1813	5	1.41193509101868	0	0	0	0
LDL	META	AFR	20	12	3605	5	9.68886756896973	0	0	0	0
LDL	META	AFR	20	13	3421	5	3.99330759048462	0	0	0	0
LDL	META	AFR	20	18	1915	5	3.8146538734436	0	0	0	0
LDL	META	AFR	20	19	658	5	0.701096057891846	0	0	0	0
LDL	META	AFR	20	40	2377	5	2.14550280570984	0	0	0	0
LDL	META	AFR	20	48	6698	5	14.3618764877319	0	0	0	0
LDL	META	AFR	20	59	8546	5	29.1972000598907	0	0	0	0
LDL	META	AFR	20	60	4604	5	27.9545390605927	0	0	0	0
LDL	META	AFR	20	63	8564	5	30.0298736095428	0	0	0	0
LDL	META	AFR	20	64	2172	5	5.04624819755554	0	0	0	0
LDL	META	AFR	20	65	4620	5	13.3578636646271	0	0	1	33
LDL	META	AFR	20	66	5065	5	9.60870790481567	0	0	0	0
LDL	META	AFR	20	68	1768	5	1.93226647377014	0	0	0	0
LDL	META	AFR	20	69	3613	5	6.02826619148254	0	0	0	0
LDL	META	AFR	20	70	2897	5	8.61062169075012	0	0	0	0
LDL	META	AFR	20	71	4277	5	6.21399688720703	0	0	0	0
LDL	META	AFR	20	77	3792	5	4.6403694152832	0	0	0	0
LDL	META	AFR	20	78	5162	5	8.66712427139282	0	0	0	0
LDL	META	AFR	20	86	3107	5	3.55014681816101	0	0	0	0
LDL	META	AFR	20	87	1672	5	1.40091371536255	0	0	0	0
LDL	META	AFR	20	89	2370	5	8.45925235748291	0	1	0	0
LDL	META	AFR	20	110	3966	5	5.37078952789307	0	0	0	0
LDL	META	AFR	20	111	866	5	2.08801913261414	0	0	0	0
LDL	META	AFR	20	112	963	5	3.11678147315979	0	0	0	0
LDL	META	AFR	20	113	351	5	0.51335072517395	0	0	0	0
LDL	META	AFR	20	115	3445	5	8.45925045013428	0	0	0	0
LDL	META	AFR	21	3	1592	5	1.31972026824951	0	0	0	0
LDL	META	AFR	21	30	8321	5	27.339298248291	0	0	0	0
LDL	META	AFR	21	33	4068	5	4.80457639694214	0	0	0	0
LDL	META	AFR	21	37	4901	5	7.86078000068665	0	0	0	0
LDL	META	AFR	21	41	7888	5	24.9144375324249	0	0	0	0
LDL	META	AFR	21	48	6520	5	13.9285960197449	0	0	0	0
LDL	META	AFR	21	53	2525	5	13.9537336826324	0	0	0	0
LDL	META	AFR	21	62	1147	5	0.906083345413208	0	0	0	0
LDL	META	AFR	21	64	4508	5	29.3354120254517	0	0	0	0
LDL	META	AFR	21	65	3129	5	3.38681697845459	0	0	0	0
LDL	META	AFR	22	5	2097	5	1.79963207244873	0	0	0	0
LDL	META	AFR	22	9	3098	5	4.52390480041504	0	0	0	0
LDL	META	AFR	22	13	2271	5	1.96875858306885	0	0	0	0
LDL	META	AFR	22	29	4272	5	17.9620487689972	0	0	0	0
LDL	META	AFR	22	30	14112	5	76.8758823871613	0	0	0	0
LDL	META	AFR	22	36	2265	5	1.7772479057312	0	0	0	0
LDL	META	AFR	22	37	3549	5	3.8066418170929	0	0	0	0
LDL	META	AFR	22	40	1762	5	1.37242293357849	0	0	0	0
LDL	META	AFR	22	43	3650	5	5.63036727905273	0	0	0	0
LDL	META	AFR	22	46	8954	5	64.6881818771362	0	0	0	0
LDL	META	AFR	22	49	771	5	0.707822799682617	0	0	0	0
LDL	META	AFR	22	54	2650	5	2.71126270294189	0	0	0	0
LDL	META	AFR	22	55	1881	5	8.58135080337524	0	0	0	0
LDL	META	AFR	22	56	184	5	2.60177993774414	0	0	0	0
LDL	META	AFR	22	57	1972	5	1.60832715034485	0	0	0	0
LDL	META	AFR	22	70	5104	5	31.1500453948975	0	0	0	0
