pheno	db	pid	chromosome	block	num_variants	time	num_variants_0.95	num_variants_0.5	num_CS95	num_variants_CS95
TG	META	EAS	1	3	156	14.9083995819092	0	0	0	0
TG	META	EAS	1	4	407	69.0586814880371	0	0	0	0
TG	META	EAS	1	5	488	99.8731005191803	0	0	0	0
TG	META	EAS	1	15	1437	349.621900320053	0	0	0	0
TG	META	EAS	1	17	1882	526.735787153244	0	0	0	0
TG	META	EAS	1	18	790	127.04892039299	0	0	0	0
TG	META	EAS	1	19	1298	301.691285610199	0	0	0	0
TG	META	EAS	1	21	1080	226.46603679657	0	0	0	0
TG	META	EAS	1	23	620	129.339460849762	0	0	0	0
TG	META	EAS	1	32	511	93.0775270462036	0	0	0	0
TG	META	EAS	1	35	1512	415.931664466858	0	0	0	0
TG	META	EAS	1	43	471	96.7552309036255	0	0	0	0
TG	META	EAS	1	48	691	144.274921894073	0	0	0	0
TG	META	EAS	1	50	951	94.2560410499573	0	0	0	0
TG	META	EAS	1	51	611	112.081563711166	0	0	0	0
TG	META	EAS	1	52	1510	433.32617354393	0	0	0	0
TG	META	EAS	1	53	1289	337.911732912064	0	0	0	0
TG	META	EAS	1	58	1575	151.55993103981	0	0	0	0
TG	META	EAS	1	63	1610	507.572961807251	0	1	0	0
TG	META	EAS	1	67	1234	308.509202480316	0	0	0	0
TG	META	EAS	1	70	1507	413.602813482285	0	0	0	0
TG	META	EAS	1	71	1654	403.134568691254	0	0	0	0
TG	META	EAS	1	83	1626	467.414929628372	0	0	0	0
TG	META	EAS	1	85	958	216.73237657547	0	0	0	0
TG	META	EAS	1	94	353	63.0427904129028	0	0	0	0
TG	META	EAS	1	96	1350	263.062946081161	0	0	0	0
TG	META	EAS	1	97	1570	106.571814537048	0	0	1	19
TG	META	EAS	1	100	1650	457.018355846405	0	0	0	0
TG	META	EAS	1	101	1289	321.249760150909	0	0	0	0
TG	META	EAS	1	105	3215	1129.14820671082	0	0	0	0
TG	META	EAS	1	124	2078	602.628358840942	0	0	0	0
TG	META	EAS	1	125	2416	794.287784814835	0	0	0	0
TG	META	EAS	1	127	1325	321.733018636703	0	0	0	0
TG	META	EAS	1	129	581	87.4672975540161	0	0	0	0
TG	META	EAS	1	132	1723	394.988471508026	0	0	0	0
TG	META	EAS	1	135	2230	721.452499389648	0	0	0	0
TG	META	EAS	1	138	1597	336.032307863235	0	0	0	0
TG	META	EAS	1	139	430	48.2174112796783	0	0	0	0
TG	META	EAS	1	143	1210	279.149609565735	0	0	0	0
TG	META	EAS	1	144	749	131.804584264755	0	0	0	0
TG	META	EAS	1	150	1696	377.922496795654	0	0	0	0
TG	META	EAS	1	154	2237	756.53505730629	0	0	0	0
TG	META	EAS	1	155	1128	211.746199846268	0	0	0	0
TG	META	EAS	1	156	1411	365.626368522644	0	0	0	0
TG	META	EAS	1	158	993	207.617037773132	0	0	0	0
TG	META	EAS	1	168	1730	444.801917791367	0	0	0	0
TG	META	EAS	1	182	2209	611.596932888031	0	0	0	0
TG	META	EAS	1	183	2279	783.79981803894	0	0	0	0
TG	META	EAS	1	184	525	87.0143971443176	0	0	0	0
TG	META	EAS	1	187	1542	440.113141536713	0	0	0	0
TG	META	EAS	1	192	1790	480.201235294342	0	0	0	0
TG	META	EAS	1	193	1989	429.730419874191	0	0	0	0
TG	META	EAS	1	201	1846	494.734731435776	0	0	0	0
TG	META	EAS	1	202	1600	454.25373339653	0	0	0	0
TG	META	EAS	1	203	1530	329.735736131668	0	0	0	0
TG	META	EAS	1	207	972	198.303833723068	0	0	0	0
TG	META	EAS	1	208	1263	269.763302087784	0	0	0	0
TG	META	EAS	1	209	541	37.8331091403961	0	0	0	0
TG	META	EAS	1	211	771	118.758672952652	0	0	0	0
TG	META	EAS	1	212	1163	260.171837806702	0	0	0	0
TG	META	EAS	1	213	881	142.038612127304	0	0	0	0
TG	META	EAS	1	214	756	134.312891244888	0	0	0	0
TG	META	EAS	1	217	737	121.605099439621	0	0	0	0
TG	META	EAS	1	219	1622	388.817203521729	0	0	0	0
TG	META	EAS	1	221	1783	395.281560182571	0	0	0	0
TG	META	EAS	1	226	672	115.810883283615	0	0	0	0
TG	META	EAS	1	228	894	185.801035165787	0	0	0	0
TG	META	EAS	1	233	2269	692.221287488937	0	0	0	0
TG	META	EAS	1	234	2668	499.548709630966	0	0	0	0
TG	META	EAS	1	235	1504	264.138561487198	0	0	0	0
TG	META	EAS	1	238	3673	1106.81769037247	0	0	0	0
TG	META	EAS	1	239	994	128.501572608948	0	0	0	0
TG	META	EAS	1	240	3916	1228.44268608093	0	0	0	0
TG	META	EAS	1	242	606	80.3439540863037	0	0	0	0
TG	META	EAS	1	243	927	97.0530579090118	0	0	0	0
TG	META	EAS	1	244	2078	292.997247457504	0	0	0	0
TG	META	EAS	1	248	1132	103.555201768875	0	0	0	0
TG	META	EAS	1	252	730	107.598477602005	0	0	0	0
TG	META	EAS	1	254	1159	109.470907926559	0	0	0	0
TG	META	EAS	1	255	920	184.209924221039	0	0	0	0
TG	META	EAS	1	257	1136	267.650880336761	0	0	0	0
TG	META	EAS	1	264	894	185.09242105484	0	0	0	0
TG	META	EAS	1	274	1896	366.615909099579	0	0	0	0
TG	META	EAS	1	277	352	46.1193284988403	0	0	0	0
TG	META	EAS	1	280	3083	1145.52760386467	0	0	0	0
TG	META	EAS	2	1	541	91.0905771255493	0	0	0	0
TG	META	EAS	2	2	3005	947.566942691803	0	0	0	0
TG	META	EAS	2	6	901	181.088227272034	0	0	0	0
TG	META	EAS	2	7	670	115.138142347336	0	0	0	0
TG	META	EAS	2	21	349	47.342476606369	0	0	0	0
TG	META	EAS	2	34	2097	608.732992649078	0	0	0	0
TG	META	EAS	2	41	1052	91.1681568622589	0	0	0	0
TG	META	EAS	2	43	198	21.2717115879059	0	0	0	0
TG	META	EAS	2	44	842	196.909190416336	0	1	2	26
TG	META	EAS	2	45	1785	398.005079269409	0	0	0	0
TG	META	EAS	2	47	2124	554.021959066391	0	0	0	0
TG	META	EAS	2	48	1188	233.40549659729	0	0	0	0
TG	META	EAS	2	49	1484	716.977245330811	1	2	2	23
TG	META	EAS	2	50	1391	372.687949180603	0	0	0	0
TG	META	EAS	2	55	2789	721.087511062622	0	0	0	0
TG	META	EAS	2	63	1275	265.396445989609	0	0	0	0
TG	META	EAS	2	66	3593	894.990225791931	0	0	0	0
TG	META	EAS	2	69	1980	526.468700170517	0	0	0	0
TG	META	EAS	2	71	1182	290.291754484177	0	0	0	0
TG	META	EAS	2	72	2429	794.896407604218	0	0	0	0
TG	META	EAS	2	74	836	163.55013012886	0	0	0	0
TG	META	EAS	2	76	1161	259.192003011703	0	0	0	0
TG	META	EAS	2	79	1438	179.554162025452	0	0	0	0
TG	META	EAS	2	80	3931	1096.73885035515	0	0	0	0
TG	META	EAS	2	84	5569	1967.88402485847	0	0	0	0
TG	META	EAS	2	85	5454	2127.40246772766	0	0	0	0
TG	META	EAS	2	86	1889	391.526907205582	0	0	0	0
TG	META	EAS	2	87	653	116.275559902191	0	0	0	0
TG	META	EAS	2	88	5432	2134.3939409256	0	0	0	0
TG	META	EAS	2	89	1036	208.504718780518	0	0	0	0
TG	META	EAS	2	90	1250	295.840838670731	0	0	0	0
TG	META	EAS	2	95	1313	302.873245477676	0	0	0	0
TG	META	EAS	2	99	1082	197.848417758942	0	0	0	0
TG	META	EAS	2	115	2652	835.812097787857	0	0	0	0
TG	META	EAS	2	117	1250	272.421183109283	0	0	0	0
TG	META	EAS	2	122	954	170.400596857071	0	0	0	0
TG	META	EAS	2	123	54	5.17178916931152	0	0	0	0
TG	META	EAS	2	124	1715	353.276351451874	0	0	0	0
TG	META	EAS	2	125	1569	416.759922981262	0	0	0	0
TG	META	EAS	2	128	2399	799.28976559639	0	0	0	0
TG	META	EAS	2	131	83	7.63175702095032	0	0	0	0
TG	META	EAS	2	132	283	35.6391689777374	0	0	0	0
TG	META	EAS	2	138	2235	469.400356292725	0	0	0	0
TG	META	EAS	2	153	1814	422.402609586716	0	0	0	0
TG	META	EAS	2	159	3979	1369.10870981216	0	0	0	0
TG	META	EAS	2	161	2516	802.852333068848	0	0	0	0
TG	META	EAS	2	164	402	55.5055060386658	0	0	0	0
TG	META	EAS	2	166	3733	1205.45511341095	0	0	0	0
TG	META	EAS	2	168	1554	368.856401920319	0	0	0	0
TG	META	EAS	2	169	2100	656.138562440872	0	0	0	0
TG	META	EAS	2	171	2541	806.197421550751	0	0	0	0
TG	META	EAS	2	174	707	134.304204463959	0	0	0	0
TG	META	EAS	2	176	2565	467.326008081436	0	0	0	0
TG	META	EAS	2	180	1515	387.051340579987	0	0	0	0
TG	META	EAS	2	181	2213	630.377589464188	0	0	0	0
TG	META	EAS	2	184	3316	1101.09174370766	0	0	0	0
TG	META	EAS	2	186	2424	602.922379016876	0	0	0	0
TG	META	EAS	2	195	3986	287.825511455536	0	0	0	0
TG	META	EAS	2	197	1975	537.591590642929	0	0	0	0
TG	META	EAS	2	198	1147	98.7905247211456	0	0	0	0
TG	META	EAS	2	199	2235	492.719703197479	0	0	0	0
TG	META	EAS	2	201	1907	533.325996637344	0	0	0	0
TG	META	EAS	2	202	249	31.4288609027863	0	0	0	0
TG	META	EAS	2	205	967	181.086693048477	0	0	0	0
TG	META	EAS	2	210	1272	299.364107847214	0	0	0	0
TG	META	EAS	2	211	1675	188.871875524521	0	0	0	0
TG	META	EAS	2	213	3632	1315.25974202156	0	0	0	0
TG	META	EAS	2	214	908	179.844384431839	0	0	0	0
TG	META	EAS	2	217	879	158.140100002289	0	0	0	0
TG	META	EAS	2	218	734	140.918934345245	0	0	0	0
TG	META	EAS	2	230	1119	251.015258789062	0	0	0	0
TG	META	EAS	2	231	549	64.1464631557465	0	0	0	0
TG	META	EAS	2	235	757	136.485055446625	0	0	0	0
TG	META	EAS	2	237	1448	378.473148107529	0	0	0	0
TG	META	EAS	2	240	1471	376.910088777542	0	0	0	0
TG	META	EAS	2	242	1608	416.302271127701	0	0	0	0
TG	META	EAS	2	250	3431	1138.403226614	0	0	0	0
TG	META	EAS	2	251	894	64.6872735023499	0	0	0	0
TG	META	EAS	2	256	1583	444.95152592659	0	0	0	0
TG	META	EAS	3	1	6691	2275.63660311699	0	0	0	0
TG	META	EAS	3	8	478	51.1511332988739	0	0	0	0
TG	META	EAS	3	9	543	78.8099846839905	0	0	0	0
TG	META	EAS	3	20	1853	473.663352489471	0	0	0	0
TG	META	EAS	3	23	1185	194.549444198608	0	0	0	0
TG	META	EAS	3	24	2011	532.895304441452	0	0	1	89
TG	META	EAS	3	30	1895	330.505595207214	0	0	0	0
TG	META	EAS	3	31	1071	217.048852443695	0	0	0	0
TG	META	EAS	3	33	563	67.6542181968689	0	0	0	0
TG	META	EAS	3	35	2312	667.818668365479	0	0	0	0
TG	META	EAS	3	39	3330	582.972288131714	0	0	0	0
TG	META	EAS	3	40	1470	336.019098520279	0	0	0	0
TG	META	EAS	3	41	2429	471.972429990768	0	0	0	0
TG	META	EAS	3	49	3126	1121.80868124962	0	0	0	0
TG	META	EAS	3	55	843	131.913746356964	0	0	0	0
TG	META	EAS	3	57	1232	178.946763038635	0	0	0	0
TG	META	EAS	3	60	2743	931.175008535385	0	0	0	0
TG	META	EAS	3	62	1236	116.382603406906	0	0	0	0
TG	META	EAS	3	65	868	161.499366521835	0	0	0	0
TG	META	EAS	3	70	2150	663.100456237793	0	0	0	0
TG	META	EAS	3	71	1877	509.808511734009	0	0	0	0
TG	META	EAS	3	77	3555	1005.44950938225	0	0	0	0
TG	META	EAS	3	83	3298	1218.37503623962	0	0	0	0
TG	META	EAS	3	85	1564	268.462811231613	0	0	0	0
TG	META	EAS	3	88	2047	595.793971776962	0	0	0	0
TG	META	EAS	3	89	1645	171.959280967712	0	0	0	0
TG	META	EAS	3	114	1105	201.245733737946	0	0	0	0
TG	META	EAS	3	115	1722	469.886612653732	0	0	0	0
TG	META	EAS	3	120	1615	404.476713895798	0	0	0	0
TG	META	EAS	3	121	1917	466.959214925766	0	0	0	0
TG	META	EAS	3	124	298	26.0713732242584	0	0	0	0
TG	META	EAS	3	132	2587	828.067567110062	0	0	0	0
TG	META	EAS	3	133	1524	388.107430696487	0	0	0	0
TG	META	EAS	3	136	926	150.77180480957	0	0	0	0
TG	META	EAS	3	140	1961	442.94836974144	0	0	0	0
TG	META	EAS	3	145	2316	580.980828285217	0	0	0	0
TG	META	EAS	3	150	1599	153.866436719894	0	0	0	0
TG	META	EAS	3	155	1767	511.060781240463	0	0	0	0
TG	META	EAS	3	161	2548	835.819494724274	0	0	0	0
TG	META	EAS	3	162	3192	791.196033239365	0	0	0	0
TG	META	EAS	3	172	1347	281.59491276741	0	0	0	0
TG	META	EAS	3	173	728	124.356484174728	0	0	0	0
TG	META	EAS	3	174	398	60.7280042171478	0	0	0	0
TG	META	EAS	3	175	600	91.3561856746674	0	0	0	0
TG	META	EAS	3	186	2335	451.746878623962	0	0	0	0
TG	META	EAS	3	191	1401	353.614170074463	0	0	0	0
TG	META	EAS	3	193	2086	198.679966449738	0	0	0	0
TG	META	EAS	3	196	261	31.1466422080994	0	0	0	0
TG	META	EAS	3	214	2108	563.109268426895	0	0	0	0
TG	META	EAS	4	1	4516	570.913597345352	0	1	1	8
TG	META	EAS	4	4	1604	398.303053379059	0	0	0	0
TG	META	EAS	4	19	645	107.183264255524	0	0	0	0
TG	META	EAS	4	21	3556	1164.34925055504	0	0	0	0
TG	META	EAS	4	28	1873	572.067737102509	0	0	0	0
TG	META	EAS	4	32	2310	431.376789808273	0	0	0	0
TG	META	EAS	4	42	323	44.0893807411194	0	0	0	0
TG	META	EAS	4	43	851	114.020008563995	0	0	0	0
TG	META	EAS	4	48	2013	432.993364095688	0	0	0	0
TG	META	EAS	4	54	4982	1947.76940321922	0	0	0	0
TG	META	EAS	4	55	1857	441.1352186203	0	0	0	0
TG	META	EAS	4	64	3064	1211.73939299583	0	0	0	0
TG	META	EAS	4	66	1472	397.869470119476	0	0	0	0
TG	META	EAS	4	74	2261	795.044370889664	0	0	0	0
TG	META	EAS	4	80	2129	330.203246116638	0	1	0	0
TG	META	EAS	4	82	797	154.309205293655	0	0	0	0
TG	META	EAS	4	84	1785	454.428730010986	0	0	0	0
TG	META	EAS	4	87	2896	1009.62688398361	0	0	0	0
TG	META	EAS	4	90	1656	371.899355649948	0	0	0	0
TG	META	EAS	4	95	795	46.2827162742615	0	0	0	0
TG	META	EAS	4	97	1060	166.644465446472	0	0	0	0
TG	META	EAS	4	101	2078	430.546941280365	0	0	1	24
TG	META	EAS	4	102	1374	343.932486057281	0	0	0	0
TG	META	EAS	4	103	1099	251.837496757507	0	0	0	0
TG	META	EAS	4	109	889	156.266696691513	0	0	0	0
TG	META	EAS	4	112	2783	837.022545814514	0	0	0	0
TG	META	EAS	4	113	1919	222.013543844223	0	0	0	0
TG	META	EAS	4	114	2139	648.53809762001	0	0	0	0
TG	META	EAS	4	115	992	187.907350301743	0	0	0	0
TG	META	EAS	4	116	1363	318.172495126724	0	0	0	0
TG	META	EAS	4	117	1912	557.017736911774	0	0	0	0
TG	META	EAS	4	121	1719	467.374346256256	0	0	0	0
TG	META	EAS	4	122	807	148.685809850693	0	0	0	0
TG	META	EAS	4	133	1710	332.248042821884	0	0	0	0
TG	META	EAS	4	134	3496	1289.41621565819	0	0	0	0
TG	META	EAS	4	136	3074	1054.58089995384	0	0	0	0
TG	META	EAS	4	139	3664	1394.8502664566	0	0	0	0
TG	META	EAS	4	147	857	166.500858306885	0	0	0	0
TG	META	EAS	4	148	1306	128.535176277161	0	0	0	0
TG	META	EAS	4	149	1898	320.338145971298	0	0	0	0
TG	META	EAS	4	150	1949	584.083713293076	0	0	0	0
TG	META	EAS	4	153	2095	407.755061149597	0	0	0	0
TG	META	EAS	4	154	898	143.317753791809	0	0	0	0
TG	META	EAS	4	156	2926	1040.3964009285	0	0	0	0
TG	META	EAS	4	159	793	125.290919303894	0	0	0	0
TG	META	EAS	4	161	618	81.5549008846283	0	0	0	0
TG	META	EAS	4	162	1463	307.752019643784	0	0	0	0
TG	META	EAS	4	165	1470	139.781926870346	0	0	0	0
TG	META	EAS	4	180	2055	483.08190369606	0	0	0	0
TG	META	EAS	4	184	1068	237.557319879532	0	0	0	0
TG	META	EAS	4	199	385	50.7081286907196	0	0	0	0
TG	META	EAS	5	27	3600	1126.17705273628	0	0	0	0
TG	META	EAS	5	33	1072	194.31644821167	0	0	0	0
TG	META	EAS	5	49	572	91.5929222106934	0	0	0	0
TG	META	EAS	5	64	2480	726.038643360138	0	0	0	0
TG	META	EAS	5	66	1428	255.952150821686	0	0	0	0
TG	META	EAS	5	68	496	20.2583351135254	0	0	0	0
TG	META	EAS	5	69	876	11.8525829315186	0	0	1	8
TG	META	EAS	5	71	2865	692.687792778015	0	0	0	0
TG	META	EAS	5	72	2762	296.087695837021	0	0	0	0
TG	META	EAS	5	74	3392	1074.71453595161	0	0	0	0
TG	META	EAS	5	78	532	85.6335775852203	0	0	0	0
TG	META	EAS	5	81	1419	328.48326921463	0	0	0	0
TG	META	EAS	5	85	2503	719.806216716766	0	0	0	0
TG	META	EAS	5	88	846	154.745960235596	0	0	0	0
TG	META	EAS	5	92	1474	329.011958122253	0	0	0	0
TG	META	EAS	5	96	1847	496.888358592987	0	0	0	0
TG	META	EAS	5	97	1529	388.212318658829	0	0	0	0
TG	META	EAS	5	102	2227	426.112573385239	0	0	0	0
TG	META	EAS	5	103	1600	344.445856571198	0	0	0	0
TG	META	EAS	5	108	822	119.366932153702	0	0	0	0
TG	META	EAS	5	109	1120	211.714048147202	0	0	0	0
TG	META	EAS	5	111	2582	723.949460029602	0	0	0	0
TG	META	EAS	5	114	5433	2165.59430861473	0	0	0	0
TG	META	EAS	5	116	2653	830.716516971588	0	0	0	0
TG	META	EAS	5	120	2525	513.937388181686	0	0	0	0
TG	META	EAS	5	127	3422	1200.40473198891	0	0	0	0
TG	META	EAS	5	130	2746	1242.99319124222	1	2	2	65
TG	META	EAS	5	136	2489	759.138459205627	0	0	0	0
TG	META	EAS	5	142	1516	252.988917589188	0	0	0	0
TG	META	EAS	5	145	2541	806.887561798096	0	0	0	0
TG	META	EAS	5	146	2114	558.260929822922	0	0	0	0
TG	META	EAS	5	147	1157	263.444622039795	0	0	0	0
TG	META	EAS	5	152	3335	1356.39977836609	0	0	0	0
TG	META	EAS	5	156	1640	412.001226902008	0	0	0	0
TG	META	EAS	5	158	1297	310.592449188232	0	0	0	0
TG	META	EAS	5	159	242	28.1794230937958	0	0	0	0
TG	META	EAS	5	164	1293	308.250780344009	0	0	0	0
TG	META	EAS	5	166	1939	287.427095890045	0	1	1	4
TG	META	EAS	5	167	1337	311.332487344742	0	0	0	0
TG	META	EAS	5	168	1769	146.08909368515	0	0	0	0
TG	META	EAS	5	174	1898	620.027483701706	0	0	0	0
TG	META	EAS	5	177	1260	273.500494480133	0	0	0	0
TG	META	EAS	5	181	572	86.7497766017914	0	0	0	0
TG	META	EAS	5	182	807	149.868135452271	0	0	0	0
TG	META	EAS	5	191	2518	856.121020078659	0	0	0	0
TG	META	EAS	5	192	393	53.6923217773438	0	0	0	0
TG	META	EAS	5	193	618	95.7738945484161	0	0	0	0
TG	META	EAS	5	194	623	96.7559189796448	0	0	0	0
TG	META	EAS	5	202	524	76.4101395606995	0	0	0	0
TG	META	EAS	5	205	955	197.746576070786	0	0	0	0
TG	META	EAS	6	3	365	52.2345352172852	0	0	0	0
TG	META	EAS	6	19	1691	336.149303913116	0	0	0	0
TG	META	EAS	6	21	1274	191.93147277832	0	0	0	0
TG	META	EAS	6	27	1100	238.283573627472	0	0	0	0
TG	META	EAS	6	29	1626	387.262633800507	0	0	0	0
TG	META	EAS	6	32	575	36.6033453941345	0	0	0	0
TG	META	EAS	6	39	2821	774.595680952072	0	0	0	0
TG	META	EAS	6	43	1686	339.962836503983	0	0	0	0
TG	META	EAS	6	46	173	18.9598631858826	0	0	0	0
TG	META	EAS	6	47	2347	440.260689020157	0	0	0	0
TG	META	EAS	6	51	3622	421.58958029747	0	0	1	65
TG	META	EAS	6	52	1151	117.848529815674	0	0	0	0
TG	META	EAS	6	53	982	203.747463226318	0	0	0	0
TG	META	EAS	6	56	963	193.78145909309401	0	0	0	0
TG	META	EAS	6	57	1168	251.090674877167	0	0	0	0
TG	META	EAS	6	58	1660	182.789811611176	0	0	0	0
TG	META	EAS	6	60	866	143.939161777496	0	0	0	0
TG	META	EAS	6	63	1509	394.603532552719	0	0	0	0
TG	META	EAS	6	64	128	27.1619527339935	1	1	1	1
TG	META	EAS	6	73	297	42.3952903747559	0	0	1	62
TG	META	EAS	6	74	923	188.956292867661	0	0	0	0
TG	META	EAS	6	75	307	31.9339821338654	0	0	0	0
TG	META	EAS	6	76	3661	1368.41709804535	0	0	0	0
TG	META	EAS	6	81	3381	1399.88261890411	0	0	0	0
TG	META	EAS	6	88	5034	1439.31599664688	0	0	0	0
TG	META	EAS	6	94	2667	821.039395332336	0	0	0	0
TG	META	EAS	6	97	1728	321.245270967484	0	0	0	0
TG	META	EAS	6	98	2012	581.62964487075806	0	0	0	0
TG	META	EAS	6	99	2174	630.779256343842	0	0	0	0
TG	META	EAS	6	100	37	2.87203907966614	0	0	0	0
TG	META	EAS	6	105	1883	423.434575796127	0	0	0	0
TG	META	EAS	6	106	1723	324.810419082642	0	0	0	0
TG	META	EAS	6	108	542	78.7512125968933	0	0	0	0
TG	META	EAS	6	109	1658	415.499203205109	0	0	0	0
TG	META	EAS	6	111	1192	244.07805109024	0	0	0	0
TG	META	EAS	6	112	1708	442.558223962784	0	0	0	0
TG	META	EAS	6	116	2412	704.675878286362	0	0	0	0
TG	META	EAS	6	124	1887	470.760538816452	0	0	0	0
TG	META	EAS	6	125	1053	241.67493057251	0	0	0	0
TG	META	EAS	6	127	1189	269.72573018074	0	0	0	0
TG	META	EAS	6	130	2445	644.287858009338	0	0	0	0
TG	META	EAS	6	140	1329	324.484828710556	0	0	0	0
TG	META	EAS	6	146	905	172.32029914856	0	0	0	0
TG	META	EAS	6	149	2758	1024.05170512199	0	0	0	0
TG	META	EAS	6	154	1531	370.672334194183	0	0	0	0
TG	META	EAS	6	157	793	142.941169261932	0	0	0	0
TG	META	EAS	6	158	1566	400.343372344971	0	0	0	0
TG	META	EAS	6	160	2007	228.833707094193	0	0	0	0
TG	META	EAS	6	161	1467	355.382632017136	0	0	0	0
TG	META	EAS	6	169	3456	608.532242059708	0	0	0	0
TG	META	EAS	6	173	2203	744.637397766113	0	0	0	0
TG	META	EAS	6	175	944	132.826891422272	0	0	0	0
TG	META	EAS	6	178	728	123.928054571152	0	0	0	0
TG	META	EAS	6	179	1219	280.824508666992	0	0	0	0
TG	META	EAS	6	182	1768	355.961413383484	0	0	0	0
TG	META	EAS	7	3	864	20.788910150528	0	0	0	0
TG	META	EAS	7	8	2988	588.745141983032	0	0	0	0
TG	META	EAS	7	11	624	99.084450244903607	0	0	0	0
TG	META	EAS	7	12	2161	591.343347787857	0	0	0	0
TG	META	EAS	7	13	885	153.358677148819	0	0	0	0
TG	META	EAS	7	25	2912	1050.99500894547	0	0	0	0
TG	META	EAS	7	26	2475	714.53434753418	0	0	0	0
TG	META	EAS	7	29	1717	396.224371194839	0	0	0	0
TG	META	EAS	7	30	1762	499.431729316711	0	0	0	0
TG	META	EAS	7	31	1933	542.279820680618	0	0	0	0
TG	META	EAS	7	32	1951	318.9343085289	0	0	0	0
TG	META	EAS	7	33	2427	671.820463418961	0	0	0	0
TG	META	EAS	7	35	2480	845.3641705513	0	0	0	0
TG	META	EAS	7	37	2293	749.58353304863	0	0	0	0
TG	META	EAS	7	41	1869	399.09649515152	0	0	0	0
TG	META	EAS	7	42	2014	319.227558612823	0	0	0	0
TG	META	EAS	7	43	2336	664.039149999619	0	0	0	0
TG	META	EAS	7	44	363	42.9384777545929	0	0	0	0
TG	META	EAS	7	45	781	143.935212135315	0	0	0	0
TG	META	EAS	7	48	400	50.8479475975037	0	0	0	0
TG	META	EAS	7	50	1099	21.4569342136383	0	1	0	0
TG	META	EAS	7	54	2381	541.037541627884	0	0	0	0
TG	META	EAS	7	58	1730	415.514657020569	0	0	0	0
TG	META	EAS	7	64	171	18.0594627857208	0	0	0	0
TG	META	EAS	7	66	766	142.195805311203	0	0	0	0
TG	META	EAS	7	67	4217	675.814352035522	0	0	0	0
TG	META	EAS	7	69	1133	250.323284864426	0	0	0	0
TG	META	EAS	7	73	654	101.984001159668	0	0	0	0
TG	META	EAS	7	74	929	160.759231567383	0	0	0	0
TG	META	EAS	7	85	1621	422.817103385925	1	1	2	18
TG	META	EAS	7	86	511	61.3095872402191	0	0	0	0
TG	META	EAS	7	88	2765	695.777459383011	0	0	0	0
TG	META	EAS	7	93	938	130.328295707703	0	0	0	0
TG	META	EAS	7	95	1241	269.172255992889	0	0	0	0
TG	META	EAS	7	103	1378	334.448826789856	0	0	0	0
TG	META	EAS	7	109	1571	408.72616314888	0	0	0	0
TG	META	EAS	7	114	3618	580.739609956741	0	0	0	0
TG	META	EAS	7	118	647	107.583215236664	0	0	0	0
TG	META	EAS	7	119	1168	263.245464801788	0	0	0	0
TG	META	EAS	7	120	236	26.3759603500366	0	0	0	0
TG	META	EAS	7	121	2813	847.272775650024	0	0	0	0
TG	META	EAS	7	125	1386	274.135716199875	0	0	0	0
TG	META	EAS	7	127	384	52.5508074760437	0	0	0	0
TG	META	EAS	7	128	386	54.9025197029114	0	0	0	0
TG	META	EAS	7	132	3951	1111.05963277817	0	0	0	0
TG	META	EAS	7	133	2700	179.339093208313	0	0	0	0
TG	META	EAS	7	143	474	74.3248898983002	0	0	0	0
TG	META	EAS	7	145	1165	263.605913162231	0	0	0	0
TG	META	EAS	7	147	673	101.899097442627	0	0	0	0
TG	META	EAS	7	148	836	163.43594121933	0	0	0	0
TG	META	EAS	7	161	459	73.126754283905	0	0	0	0
TG	META	EAS	7	162	2845	956.998131752014	0	0	0	0
TG	META	EAS	7	169	415	61.9976933002472	0	0	0	0
TG	META	EAS	7	177	147	15.3640592098236	0	0	0	0
TG	META	EAS	7	184	1637	343.253739356995	0	0	0	0
TG	META	EAS	8	13	670	117.430672883987	0	0	0	0
TG	META	EAS	8	17	1580	420.284494400024	0	0	0	0
TG	META	EAS	8	20	1833	170.65994977951	0	0	0	0
TG	META	EAS	8	21	2129	627.725927352905	0	0	0	0
TG	META	EAS	8	24	3985	1509.02786898613	0	0	0	0
TG	META	EAS	8	27	1246	98.1213157176971	0	0	0	0
TG	META	EAS	8	28	968	197.913150072098	0	0	0	0
TG	META	EAS	8	29	3750	369.952123403549	0	0	1	9
TG	META	EAS	8	31	294	36.5308794975281	0	0	0	0
TG	META	EAS	8	32	1908	420.923219680786	1	1	2	14
TG	META	EAS	8	33	1904	162.747153282166	0	0	0	0
TG	META	EAS	8	34	704	128.522878408432	0	0	0	0
TG	META	EAS	8	35	758	100.442155838013	0	0	0	0
TG	META	EAS	8	38	591	39.6884500980377	0	0	0	0
TG	META	EAS	8	39	1464	372.453547000885	0	0	0	0
TG	META	EAS	8	40	1685	385.671311855316	0	0	0	0
TG	META	EAS	8	41	1191	106.855023145676	0	0	0	0
TG	META	EAS	8	42	2243	470.777849197388	0	0	0	0
TG	META	EAS	8	46	618	104.825338363647	0	0	0	0
TG	META	EAS	8	48	1751	485.980129241943	0	0	0	0
TG	META	EAS	8	51	1968	524.146512269974	0	0	0	0
TG	META	EAS	8	53	1091	200.814533233643	0	0	0	0
TG	META	EAS	8	54	314	21.4201214313507	0	0	0	0
TG	META	EAS	8	55	798	157.856005430222	0	0	0	0
TG	META	EAS	8	65	1075	99.4718163013458	0	0	0	0
TG	META	EAS	8	66	2154	600.476788759232	0	0	0	0
TG	META	EAS	8	68	1652	194.18523979187	0	0	1	13
TG	META	EAS	8	69	2954	963.326905250549	0	0	0	0
TG	META	EAS	8	71	1849	208.341315031052	0	0	0	0
TG	META	EAS	8	77	1527	402.513672113419	0	0	0	0
TG	META	EAS	8	78	391	40.27259516716	0	0	0	0
TG	META	EAS	8	80	756	101.034788370132	0	0	0	0
TG	META	EAS	8	83	3100	814.80522465705894	0	0	0	0
TG	META	EAS	8	84	3880	983.641731500626	0	0	0	0
TG	META	EAS	8	85	1173	235.085544347763	0	0	0	0
TG	META	EAS	8	86	136	14.233630657196	0	0	0	0
TG	META	EAS	8	88	1997	439.692885160446	0	0	0	0
TG	META	EAS	8	92	2169	255.803083896637	0	0	0	0
TG	META	EAS	8	107	643	90.9360368251801	0	0	0	0
TG	META	EAS	8	108	3178	868.07258105278	0	0	0	0
TG	META	EAS	8	113	1184	265.953650474548	0	0	0	0
TG	META	EAS	8	114	1094	207.576607465744	0	0	0	0
TG	META	EAS	8	124	1050	216.3332862854	0	0	0	0
TG	META	EAS	8	125	447	66.2304546833038	0	2	2	6
TG	META	EAS	8	126	166	17.1560277938843	0	0	0	0
TG	META	EAS	8	130	959	160.82917714119	0	0	0	0
TG	META	EAS	8	133	1739	410.342000246048	0	0	0	0
TG	META	EAS	8	141	979	174.581673383713	0	0	0	0
TG	META	EAS	8	154	849	65.1933386325836	0	0	0	0
TG	META	EAS	8	159	790	117.655804872513	0	0	0	0
TG	META	EAS	9	1	2816	650.478922367096	0	0	0	0
TG	META	EAS	9	4	1636	296.060116291046	0	0	0	0
TG	META	EAS	9	9	1232	271.027129650116	0	0	0	0
TG	META	EAS	9	13	2361	477.580546855927	0	0	0	0
TG	META	EAS	9	27	3873	746.30853843689	0	0	0	0
TG	META	EAS	9	28	1342	309.065828561783	0	0	0	0
TG	META	EAS	9	31	2389	726.978138923645	0	0	0	0
TG	META	EAS	9	32	843	144.618122816086	0	0	0	0
TG	META	EAS	9	33	1971	529.321314096451	0	0	0	0
TG	META	EAS	9	39	750	131.10973906517	0	0	0	0
TG	META	EAS	9	41	203	22.8910636901855	0	0	0	0
TG	META	EAS	9	48	427	62.8363826274872	0	0	0	0
TG	META	EAS	9	50	2523	789.197470664978	0	0	0	0
TG	META	EAS	9	53	3107	490.949868917465	0	0	0	0
TG	META	EAS	9	71	162	16.9583051204681	0	0	0	0
TG	META	EAS	9	72	410	54.9302508831024	0	0	0	0
TG	META	EAS	9	77	995	207.446234703064	0	0	0	0
TG	META	EAS	9	84	1517	315.43301320076	0	0	0	0
TG	META	EAS	9	93	1538	224.434954881668	0	1	1	24
TG	META	EAS	9	97	998	195.21097946167	0	0	0	0
TG	META	EAS	9	98	2676	346.19878077507	0	0	0	0
TG	META	EAS	9	100	2572	333.165898084641	0	0	0	0
TG	META	EAS	9	102	2349	559.798387289047	0	0	0	0
TG	META	EAS	9	105	501	63.1283411979675	0	0	0	0
TG	META	EAS	9	106	1780	185.567743778229	0	0	0	0
TG	META	EAS	9	107	579	98.957249879837	0	0	0	0
TG	META	EAS	9	110	2952	672.344978570938	0	0	0	0
TG	META	EAS	9	111	95	3.05699634552002	0	0	1	23
TG	META	EAS	9	112	2148	242.505944490433	0	0	0	0
TG	META	EAS	9	114	712	120.968224525452	0	0	0	0
TG	META	EAS	9	115	3125	900.298711061478	0	0	0	0
TG	META	EAS	9	116	1530	269.698730230331	0	0	0	0
TG	META	EAS	9	118	3584	651.454037427902	0	0	0	0
TG	META	EAS	9	124	1370	322.213485479355	0	0	0	0
TG	META	EAS	9	128	97	5.00520801544189	0	0	0	0
TG	META	EAS	9	129	1970	461.89667391777	0	0	0	0
TG	META	EAS	9	134	2705	538.575828790665	0	0	0	0
TG	META	EAS	9	135	1147	204.274616956711	0	0	0	0
TG	META	EAS	9	136	1597	335.082327127457	0	0	0	0
TG	META	EAS	9	138	2336	696.00243139267	0	0	0	0
TG	META	EAS	9	140	3094	726.997364759445	0	0	0	0
TG	META	EAS	9	142	918	174.952344179153	0	0	0	0
TG	META	EAS	9	149	763	71.8528504371643	0	0	0	0
TG	META	EAS	9	160	211	24.3343110084534	0	0	0	0
TG	META	EAS	9	161	277	32.4799792766571	0	0	0	0
TG	META	EAS	10	13	1631	266.195225000381	0	0	0	0
TG	META	EAS	10	14	2195	546.61443901062	0	0	0	0
TG	META	EAS	10	20	69	4.53825736045837	0	0	0	0
TG	META	EAS	10	22	1697	350.465696811676	0	0	0	0
TG	META	EAS	10	26	1946	494.206434965134	0	0	0	0
TG	META	EAS	10	34	662	107.636751174927	0	0	0	0
TG	META	EAS	10	43	1398	340.548696279526	0	0	0	0
TG	META	EAS	10	44	987	180.874580621719	0	0	0	0
TG	META	EAS	10	45	2345	439.054380178452	0	0	0	0
TG	META	EAS	10	48	1935	532.256998062134	0	0	0	0
TG	META	EAS	10	49	1741	377.259532690048	0	0	0	0
TG	META	EAS	10	59	1251	256.301111936569	0	0	0	0
TG	META	EAS	10	60	2404	655.366969823837	0	0	0	0
TG	META	EAS	10	61	845	145.353425502777	0	0	0	0
TG	META	EAS	10	64	332	43.2519931793213	0	0	0	0
TG	META	EAS	10	70	1918	486.400533914566	0	0	0	0
TG	META	EAS	10	76	4127	1222.35468840599	0	0	0	0
TG	META	EAS	10	78	1021	211.764226675034	0	0	0	0
TG	META	EAS	10	79	2127	291.851561546326	0	0	0	0
TG	META	EAS	10	80	1747	394.29970407486	0	0	0	0
TG	META	EAS	10	81	2263	467.608966350555	0	0	1	90
TG	META	EAS	10	84	3091	516.8941655159	0	0	0	0
TG	META	EAS	10	85	584	97.1645791530609	0	0	0	0
TG	META	EAS	10	92	3493	510.71070432663	0	0	0	0
TG	META	EAS	10	93	510	78.5757503509521	0	0	0	0
TG	META	EAS	10	99	144	12.4196565151215	0	0	0	0
TG	META	EAS	10	100	506	64.5183238983154	0	0	0	0
TG	META	EAS	10	109	2004	421.593273162842	0	0	0	0
TG	META	EAS	10	110	619	78.901047706604	0	0	0	0
TG	META	EAS	10	111	1258	309.760683059692	0	0	0	0
TG	META	EAS	10	112	513	80.4535419940948	0	0	0	0
TG	META	EAS	10	117	2518	558.87851023674	0	1	1	6
TG	META	EAS	10	120	1897	428.945635318756	0	0	0	0
TG	META	EAS	10	123	1687	335.229588270187	0	0	0	0
TG	META	EAS	10	124	472	49.8571603298187	0	0	0	0
TG	META	EAS	10	126	2444	397.448720693588	0	0	0	0
TG	META	EAS	10	129	2684	719.709302186966	0	0	0	0
TG	META	EAS	10	131	2270	684.08295083046	0	0	0	0
TG	META	EAS	10	136	3064	66.8119742870331	0	0	0	0
TG	META	EAS	10	137	2488	559.010092258453	0	0	0	0
TG	META	EAS	10	138	395	15.3040223121643	0	0	1	47
TG	META	EAS	10	140	305	38.1431176662445	0	0	0	0
TG	META	EAS	10	142	518	51.1041486263275	0	0	0	0
TG	META	EAS	10	144	868	172.549451828003	0	0	0	0
TG	META	EAS	10	145	867	163.22430729866	0	0	0	0
TG	META	EAS	10	148	1318	289.91728925705	0	0	0	0
TG	META	EAS	10	152	1556	143.928822517395	0	0	1	14
TG	META	EAS	10	167	318	42.0421116352081	0	0	0	0
TG	META	EAS	10	176	896	175.220642328262	0	0	0	0
TG	META	EAS	10	177	562	93.4334094524384	0	0	0	0
TG	META	EAS	11	2	573	90.3497517108917	0	0	0	0
TG	META	EAS	11	4	703	115.62902712822	0	0	0	0
TG	META	EAS	11	7	585	90.1445076465607	0	0	0	0
TG	META	EAS	11	11	1920	445.207340717316	0	0	0	0
TG	META	EAS	11	14	1490	371.741072416306	0	0	0	0
TG	META	EAS	11	19	662	111.955327272415	0	0	0	0
TG	META	EAS	11	22	660	106.018250465393	0	0	0	0
TG	META	EAS	11	27	1484	229.404700517654	0	0	0	0
TG	META	EAS	11	28	1031	214.04465174675	0	0	0	0
TG	META	EAS	11	29	827	134.661658763885	0	0	0	0
TG	META	EAS	11	33	1486	266.604588508606	0	0	0	0
TG	META	EAS	11	51	1597	400.002535820007	0	0	0	0
TG	META	EAS	11	52	900	173.952485322952	0	0	0	0
TG	META	EAS	11	53	1825	428.738020896912	0	0	0	0
TG	META	EAS	11	54	1418	327.543367147446	0	0	0	0
TG	META	EAS	11	56	326	42.7134447097778	0	0	0	0
TG	META	EAS	11	57	1172	277.294093847275	0	0	0	0
TG	META	EAS	11	65	1495	374.788188457489	0	0	0	0
TG	META	EAS	11	70	2952	1049.02046704292	0	0	0	0
TG	META	EAS	11	75	539	74.3615047931671	0	0	0	0
TG	META	EAS	11	76	1276	15.7330706119537	0	1	1	2
TG	META	EAS	11	77	892	168.939525842667	0	0	0	0
TG	META	EAS	11	78	1204	200.183440446854	0	0	0	0
TG	META	EAS	11	79	2866	790.077654123306	0	0	0	0
TG	META	EAS	11	80	1332	307.884678125381	0	0	0	0
TG	META	EAS	11	81	1023	130.071407079697	0	0	0	0
TG	META	EAS	11	83	935	163.159142017365	0	0	0	0
TG	META	EAS	11	89	317	35.4560346603394	0	0	0	0
TG	META	EAS	11	90	2897	991.507148981094	0	0	0	0
TG	META	EAS	11	104	3118	866.020796775818	0	0	0	0
TG	META	EAS	11	108	543	42.3458933830261	0	0	0	0
TG	META	EAS	11	112	2298	713.255077123642	0	0	0	0
TG	META	EAS	11	114	1099	172.564123630524	0	0	0	0
TG	META	EAS	11	117	3270	1291.16269135475	0	0	0	0
TG	META	EAS	11	121	1677	427.476283550262	0	0	0	0
TG	META	EAS	11	123	653	82.4771411418915	0	0	0	0
TG	META	EAS	11	125	1211	200.349056959152	0	0	0	0
TG	META	EAS	11	126	2925	548.600244045258	0	0	0	0
TG	META	EAS	11	127	280	33.2457768917084	0	0	0	0
TG	META	EAS	11	128	230	12.5622503757477	0	0	1	23
TG	META	EAS	11	129	1763	4336.63457512856	6	10	10	16
TG	META	EAS	11	130	988	147.977261543274	0	0	0	0
TG	META	EAS	11	131	212	25.237086057663	0	0	0	0
TG	META	EAS	11	133	1650	278.886723041534	0	0	0	0
TG	META	EAS	11	134	2063	619.218817234039	0	0	0	0
TG	META	EAS	11	138	807	143.69389796257	0	0	0	0
TG	META	EAS	11	140	836	177.311732053757	0	0	0	0
TG	META	EAS	11	147	2780	673.550538778305	0	0	0	0
TG	META	EAS	11	149	2280	501.635971784592	0	0	0	0
TG	META	EAS	11	151	1059	151.682734489441	0	0	0	0
TG	META	EAS	11	162	979	142.506274700165	0	0	0	0
TG	META	EAS	12	1	917	145.549093961716	0	0	0	0
TG	META	EAS	12	4	938	131.509445667267	0	0	0	0
TG	META	EAS	12	12	545	83.4035527706146	0	0	0	0
TG	META	EAS	12	13	1056	178.974446296692	0	0	0	0
TG	META	EAS	12	17	579	83.9372749328613	0	0	0	0
TG	META	EAS	12	18	1483	303.835355520248	0	0	0	0
TG	META	EAS	12	23	2169	686.923867464066	0	0	0	0
TG	META	EAS	12	26	374	20.7242226600647	0	0	0	0
TG	META	EAS	12	28	1165	240.640226364136	0	0	0	0
TG	META	EAS	12	29	235	21.5250997543335	0	0	0	0
TG	META	EAS	12	31	489	78.1587481498718	0	0	0	0
TG	META	EAS	12	32	1680	452.828153371811	0	0	0	0
TG	META	EAS	12	33	1543	405.313821554184	0	0	0	0
TG	META	EAS	12	34	1271	297.368042945862	0	0	0	0
TG	META	EAS	12	35	723	113.141755580902	0	0	0	0
TG	META	EAS	12	38	2338	401.065224409103	0	0	0	0
TG	META	EAS	12	40	788	134.725807666779	0	0	0	0
TG	META	EAS	12	41	448	66.4805946350098	0	0	0	0
TG	META	EAS	12	42	3134	744.526916980743	0	0	0	0
TG	META	EAS	12	45	1300	209.72155213356	0	0	0	0
TG	META	EAS	12	47	523	44.7691707611084	0	0	0	0
TG	META	EAS	12	48	2027	607.584491014481	0	0	0	0
TG	META	EAS	12	49	2015	505.727235078812	0	0	0	0
TG	META	EAS	12	51	1334	249.56641125679	0	0	0	0
TG	META	EAS	12	57	2493	642.285663843155	0	0	0	0
TG	META	EAS	12	58	1554	374.286389350891	0	0	0	0
TG	META	EAS	12	59	2458	593.680035829544	0	0	0	0
TG	META	EAS	12	60	1099	210.334333658218	0	0	0	0
TG	META	EAS	12	62	856	151.977578639984	0	0	0	0
TG	META	EAS	12	63	1804	473.086164951324	0	0	0	0
TG	META	EAS	12	64	900	150.030786514282	0	0	0	0
TG	META	EAS	12	66	1741	496.294771671295	0	0	0	0
TG	META	EAS	12	67	898	140.531040668488	0	0	0	0
TG	META	EAS	12	68	447	49.6162805557251	0	0	0	0
TG	META	EAS	12	69	1754	444.603090047836	0	0	0	0
TG	META	EAS	12	70	448	66.3142528533936	0	0	0	0
TG	META	EAS	12	71	1894	489.468417167664	0	0	0	0
TG	META	EAS	12	72	6259	2507.12007808685	0	0	0	0
TG	META	EAS	12	73	1640	419.974981784821	0	0	0	0
TG	META	EAS	12	74	1799	271.139297246933	0	0	0	0
TG	META	EAS	12	75	272	23.6346471309662	0	0	0	0
TG	META	EAS	12	76	1204	118.748565673828	0	0	0	0
TG	META	EAS	12	77	907	157.441803455353	0	0	0	0
TG	META	EAS	12	80	2227	656.53315782547	0	0	0	0
TG	META	EAS	12	88	2040	599.0789270401	0	0	0	0
TG	META	EAS	12	92	2960	723.33030295372	0	0	0	0
TG	META	EAS	12	94	2620	395.569240570068	0	0	0	0
TG	META	EAS	12	102	702	27.6456015110016	0	0	1	5
TG	META	EAS	12	103	329	10.5836224555969	0	0	0	0
TG	META	EAS	12	104	2004	415.492121458054	0	0	0	0
TG	META	EAS	12	113	1649	286.317093133926	0	0	0	0
TG	META	EAS	12	114	1565	255.33322429657	0	0	0	0
TG	META	EAS	12	117	2031	154.457443237305	0	1	0	0
TG	META	EAS	12	119	2877	791.825033903122	0	0	0	0
TG	META	EAS	12	120	708	105.0042719841	0	0	0	0
TG	META	EAS	12	121	1397	64.7070860862732	0	0	1	14
TG	META	EAS	12	122	2020	242.845458507538	0	0	0	0
TG	META	EAS	12	125	2224	470.414778232574	0	0	0	0
TG	META	EAS	12	128	296	23.3358418941498	0	0	0	0
TG	META	EAS	12	132	1533	323.255491733551	0	0	0	0
TG	META	EAS	12	138	2656	720.303152561188	0	0	0	0
TG	META	EAS	12	139	3228	959.771285533905	0	0	0	0
TG	META	EAS	12	140	642	110.40958070755	0	0	0	0
TG	META	EAS	12	141	976	154.737221002579	0	0	0	0
TG	META	EAS	13	8	1612	262.803896427155	0	0	0	0
TG	META	EAS	13	13	914	187.464483976364	0	0	0	0
TG	META	EAS	13	16	1412	325.525924444199	0	0	0	0
TG	META	EAS	13	20	1494	198.128153562546	0	0	0	0
TG	META	EAS	13	21	1710	450.166057348251	0	0	0	0
TG	META	EAS	13	36	1235	287.041304588318	0	0	0	0
TG	META	EAS	13	40	1375	279.710759878159	0	0	0	0
TG	META	EAS	13	45	1511	376.884918212891	0	0	0	0
TG	META	EAS	13	47	1014	155.803463220596	0	0	0	0
TG	META	EAS	13	50	2999	747.052571058273	0	0	0	0
TG	META	EAS	13	53	1541	380.814018011093	0	0	0	0
TG	META	EAS	13	54	5691	1967.6748509407	0	0	0	0
TG	META	EAS	13	55	2213	659.643864870071	0	0	0	0
TG	META	EAS	13	58	3023	1152.88742661476	0	0	0	0
TG	META	EAS	13	60	1803	461.691623687744	0	0	0	0
TG	META	EAS	13	64	800	78.2699131965637	0	0	0	0
TG	META	EAS	13	70	1959	314.173542261124	0	0	0	0
TG	META	EAS	13	72	1249	300.941044092178	0	0	0	0
TG	META	EAS	13	84	857	132.322769880295	0	0	0	0
TG	META	EAS	13	88	583	91.4797165393829	0	0	0	0
TG	META	EAS	13	90	2233	504.230753898621	0	0	0	0
TG	META	EAS	13	95	567	32.0215280056	0	0	1	78
TG	META	EAS	13	96	732	123.980174779892	0	0	0	0
TG	META	EAS	13	108	438	55.3848783969879	0	0	0	0
TG	META	EAS	13	115	720	120.272174596786	0	0	0	0
TG	META	EAS	13	118	1256	265.408281087875	0	0	0	0
TG	META	EAS	13	125	1251	257.090919017792	0	0	0	0
TG	META	EAS	14	11	497	60.3980443477631	0	0	1	48
TG	META	EAS	14	13	208	25.0988123416901	0	0	0	0
TG	META	EAS	14	14	2502	664.63791847229	0	0	0	0
TG	META	EAS	14	19	1553	282.449610948563	0	0	0	0
TG	META	EAS	14	24	717	133.16984462738	0	0	0	0
TG	META	EAS	14	31	2171	690.074762821198	0	0	0	0
TG	META	EAS	14	35	2687	756.464123010635	0	0	0	0
TG	META	EAS	14	42	1241	287.427945613861	0	0	0	0
TG	META	EAS	14	44	1494	255.979078531265	0	0	0	0
TG	META	EAS	14	46	1061	177.9763007164	0	0	0	0
TG	META	EAS	14	47	2029	591.05985045433	0	0	0	0
TG	META	EAS	14	51	2045	507.456892728806	0	0	0	0
TG	META	EAS	14	56	455	62.3300495147705	0	0	0	0
TG	META	EAS	14	57	3666	1381.18155002594	0	0	0	0
TG	META	EAS	14	63	3051	1051.59850549698	0	0	0	0
TG	META	EAS	14	64	963	197.641913175583	0	0	0	0
TG	META	EAS	14	66	1420	329.620484352112	0	0	0	0
TG	META	EAS	14	67	1693	352.826560497284	0	0	0	0
TG	META	EAS	14	70	2382	605.123804569244	0	0	0	0
TG	META	EAS	14	72	2984	690.227316856384	0	0	0	0
TG	META	EAS	14	80	339	45.8605649471283	0	0	0	0
TG	META	EAS	14	81	2540	677.23912858963	0	0	0	0
TG	META	EAS	14	84	848	147.214160919189	0	0	0	0
TG	META	EAS	14	95	602	77.5278511047363	0	0	0	0
TG	META	EAS	14	96	188	20.0677759647369	0	0	0	0
TG	META	EAS	14	105	649	114.888682603836	0	0	0	0
TG	META	EAS	14	106	796	137.365304470062	0	0	0	0
TG	META	EAS	14	120	550	87.6740748882294	0	0	0	0
TG	META	EAS	14	121	1667	313.882215976715	0	0	0	0
TG	META	EAS	14	126	1613	321.323140144348	0	0	0	0
TG	META	EAS	14	127	1631	437.257567644119	0	0	0	0
TG	META	EAS	14	129	668	114.609496116638	0	0	0	0
TG	META	EAS	15	22	1976	513.669375419617	0	0	0	0
TG	META	EAS	15	28	1034	162.929260492325	0	0	0	0
TG	META	EAS	15	34	694	128.564303636551	0	0	0	0
TG	META	EAS	15	35	1811	519.417676925659	0	0	0	0
TG	META	EAS	15	37	2023	533.757993221283	0	0	0	0
TG	META	EAS	15	38	2607	826.456510543823	0	0	0	0
TG	META	EAS	15	39	1667	388.259239196777	0	0	0	0
TG	META	EAS	15	41	2065	568.428697347641	0	0	0	0
TG	META	EAS	15	45	4161	1163.22516822815	0	0	0	0
TG	META	EAS	15	48	3917	1428.00406503677	0	0	0	0
TG	META	EAS	15	49	436	54.347222328186	0	0	0	0
TG	META	EAS	15	50	1765	468.557633876801	0	0	0	0
TG	META	EAS	15	52	1349	462.949671268463	0	0	2	24
TG	META	EAS	15	53	226	30.9438285827637	1	3	3	5
TG	META	EAS	15	54	1433	342.17525267601	0	0	0	0
TG	META	EAS	15	56	1276	240.497583389282	0	0	0	0
TG	META	EAS	15	59	2851	314.103663921356	0	0	0	0
TG	META	EAS	15	62	2713	816.508543491364	0	0	0	0
TG	META	EAS	15	64	1180	232.013725757599	0	0	0	0
TG	META	EAS	15	66	2042	344.088574886322	0	0	0	0
TG	META	EAS	15	71	38	2.41285014152527	0	0	0	0
TG	META	EAS	15	72	614	106.095029592514	0	0	0	0
TG	META	EAS	15	73	430	65.0358397960663	0	0	0	0
TG	META	EAS	15	85	1805	380.098896980286	0	0	0	0
TG	META	EAS	15	99	229	23.4585802555084	0	0	0	0
TG	META	EAS	15	108	510	73.8360664844513	0	0	0	0
TG	META	EAS	15	111	840	127.520896434784	0	0	0	0
TG	META	EAS	15	117	758	107.722006797791	0	0	0	0
TG	META	EAS	15	118	418	49.4926021099091	0	0	0	0
TG	META	EAS	16	1	713	127.920928955078	0	0	0	0
TG	META	EAS	16	2	155	15.4686987400055	0	0	0	0
TG	META	EAS	16	4	1144	250.692964792252	0	0	0	0
TG	META	EAS	16	5	273	36.5372529029846	0	0	0	0
TG	META	EAS	16	7	1091	222.788338184357	0	0	0	0
TG	META	EAS	16	9	1177	161.989608764648	0	0	1	100
TG	META	EAS	16	17	612	94.53480052948	0	0	0	0
TG	META	EAS	16	24	665	117.902505874634	0	0	0	0
TG	META	EAS	16	25	1356	311.206775903702	0	0	0	0
TG	META	EAS	16	33	2937	559.290503978729	0	0	0	0
TG	META	EAS	16	37	1489	253.563964605331	0	0	0	0
TG	META	EAS	16	59	570	91.5347833633423	0	0	0	0
TG	META	EAS	16	62	979	121.829002141953	0	0	0	0
TG	META	EAS	16	64	288	15.0677335262299	0	0	0	0
TG	META	EAS	16	68	1141	196.277896642685	0	0	0	0
TG	META	EAS	16	75	1947	211.091164588928	0	1	1	7
TG	META	EAS	16	76	1149	242.068250417709	0	0	0	0
TG	META	EAS	16	85	2858	280.436390399933	0	0	0	0
TG	META	EAS	16	88	2372	438.364000082016	0	0	0	0
TG	META	EAS	16	89	3741	776.243325233459	0	0	1	19
TG	META	EAS	16	90	834	132.077268362045	0	0	0	0
TG	META	EAS	16	93	2851	399.379642009735	0	0	0	0
TG	META	EAS	16	94	3918	1248.42002439499	0	0	0	0
TG	META	EAS	16	100	149	15.9652881622314	0	0	0	0
TG	META	EAS	16	103	4710	1860.49275517464	0	0	0	0
TG	META	EAS	16	104	1265	76.4972574710846	0	0	0	0
TG	META	EAS	16	105	917	183.468734264374	0	0	0	0
TG	META	EAS	16	107	1341	289.655466079712	0	0	0	0
TG	META	EAS	16	110	1062	166.148644685745	0	0	0	0
TG	META	EAS	16	114	209	22.6546289920807	0	0	0	0
TG	META	EAS	16	116	848	173.399811029434	0	0	0	0
TG	META	EAS	16	119	1365	306.664550542831	0	0	0	0
TG	META	EAS	16	125	500	69.3603248596191	0	0	0	0
TG	META	EAS	16	128	2312	679.249306201935	0	0	0	0
TG	META	EAS	17	3	868	142.723045110703	0	0	0	0
TG	META	EAS	17	8	39	1.83180809020996	0	0	0	0
TG	META	EAS	17	9	1433	345.362136363983	0	0	0	0
TG	META	EAS	17	16	100	8.07059836387634	0	0	0	0
TG	META	EAS	17	17	2012	473.483425617218	0	0	0	0
TG	META	EAS	17	23	397	54.3767416477203	0	0	0	0
TG	META	EAS	17	24	937	45.8628995418549	0	0	0	0
TG	META	EAS	17	51	1962	409.481863021851	0	0	0	0
TG	META	EAS	17	55	2235	515.846323728561	0	0	0	0
TG	META	EAS	17	66	232	27.3569459915161	0	0	0	0
TG	META	EAS	17	73	1802	396.475826263428	0	0	0	0
TG	META	EAS	17	74	2329	609.257066726685	0	0	0	0
TG	META	EAS	17	75	2388	487.125318050385	0	0	0	0
TG	META	EAS	17	76	989	20.7406554222107	0	0	0	0
TG	META	EAS	17	79	873	127.492319107056	0	0	0	0
TG	META	EAS	17	80	1228	276.65774679184	0	0	0	0
TG	META	EAS	17	87	713	21.3654305934906	0	0	0	0
TG	META	EAS	17	90	1959	382.029995918274	0	0	0	0
TG	META	EAS	17	94	1050	137.027153253555	0	0	0	0
TG	META	EAS	17	97	2082	403.298971414566	0	0	0	0
TG	META	EAS	17	98	675	106.328477144241	0	0	0	0
TG	META	EAS	17	99	185	19.9354517459869	0	0	0	0
TG	META	EAS	17	100	1004	161.276402950287	0	0	1	54
TG	META	EAS	17	101	1009	190.210865259171	0	0	0	0
TG	META	EAS	17	102	603	86.27476978302	0	0	0	0
TG	META	EAS	17	103	676	114.282601833344	0	0	0	0
TG	META	EAS	17	105	1255	249.674366235733	0	0	0	0
TG	META	EAS	17	108	200	22.1114766597748	0	0	0	0
TG	META	EAS	17	117	985	166.251884698868	0	0	0	0
TG	META	EAS	17	118	995	197.046590089798	0	0	0	0
TG	META	EAS	17	123	845	140.529531955719	0	0	0	0
TG	META	EAS	17	125	1613	188.742785930634	0	0	0	0
TG	META	EAS	17	133	552	49.0221722126007	0	0	0	0
TG	META	EAS	18	1	597	91.6926958560944	0	0	0	0
TG	META	EAS	18	6	514	71.800253868103	0	0	0	0
TG	META	EAS	18	7	1227	264.376516342163	0	0	0	0
TG	META	EAS	18	22	485	57.4460420608521	0	0	0	0
TG	META	EAS	18	23	494	71.8477447032928	0	0	0	0
TG	META	EAS	18	28	1235	262.558354854584	0	0	0	0
TG	META	EAS	18	39	2522	577.079725503922	0	0	0	0
TG	META	EAS	18	41	2723	707.237507820129	0	0	0	0
TG	META	EAS	18	42	1968	63.307407617569	0	0	0	0
TG	META	EAS	18	52	1351	271.489170312881	0	0	0	0
TG	META	EAS	18	60	1928	365.865985870361	0	0	0	0
TG	META	EAS	18	61	1873	361.670152902603	0	0	0	0
TG	META	EAS	18	65	1987	468.317742347717	0	0	0	0
TG	META	EAS	18	69	3507	134.849156618118	0	0	0	0
TG	META	EAS	18	74	2447	701.881750822067	0	0	0	0
TG	META	EAS	18	77	451	64.1524910926819	0	0	0	0
TG	META	EAS	18	79	702	121.809577465057	0	0	0	0
TG	META	EAS	18	80	1249	273.418612241745	0	0	0	0
TG	META	EAS	18	82	2824	567.683470964432	0	0	0	0
TG	META	EAS	18	85	1766	484.114193201065	0	0	0	0
TG	META	EAS	18	86	57	3.96116948127747	0	0	0	0
TG	META	EAS	18	87	175	13.1564111709595	0	0	0	0
TG	META	EAS	18	120	1171	263.967346429825	0	0	0	0
TG	META	EAS	19	1	116	10.8029894828796	0	0	0	0
TG	META	EAS	19	6	57	3.81895923614502	0	0	0	0
TG	META	EAS	19	10	121	11.5278611183167	0	0	0	0
TG	META	EAS	19	15	91	7.41417455673218	0	0	0	0
TG	META	EAS	19	16	90	6.76933884620667	0	0	0	0
TG	META	EAS	19	19	64	5.09292387962341	0	0	0	0
TG	META	EAS	19	20	192	12.4304347038269	0	0	1	28
TG	META	EAS	19	21	115	11.7742652893066	0	0	0	0
TG	META	EAS	19	22	623	94.1887016296387	0	0	0	0
TG	META	EAS	19	29	745	18.4774668216705	0	1	0	0
TG	META	EAS	19	30	616	4.83354449272156	0	1	1	3
TG	META	EAS	19	32	472	67.6059758663177	0	0	0	0
TG	META	EAS	19	33	223	1.75817608833313	0	0	0	0
TG	META	EAS	19	34	461	66.1468434333801	0	0	0	0
TG	META	EAS	19	35	1036	205.602261781693	0	0	0	0
TG	META	EAS	19	37	1069	160.179579496384	0	0	0	0
TG	META	EAS	19	38	249	11.11847615242	0	0	1	12
TG	META	EAS	19	39	1365	229.680666208267	0	0	0	0
TG	META	EAS	19	45	279	33.8211619853973	0	0	0	0
TG	META	EAS	19	51	508	71.7128520011902	0	0	0	0
TG	META	EAS	19	52	472	55.9696850776672	0	0	0	0
TG	META	EAS	19	53	1604	207.585548400879	1	1	2	16
TG	META	EAS	19	54	3301	808.313878297806	0	0	0	0
TG	META	EAS	19	62	1979	463.099511384964	0	0	0	0
TG	META	EAS	19	63	625	66.0410599708557	0	0	0	0
TG	META	EAS	19	64	2050	141.405442237854	0	0	0	0
TG	META	EAS	19	65	633	77.4607059955597	0	0	0	0
TG	META	EAS	19	67	3708	484.931787967682	0	0	0	0
TG	META	EAS	19	69	1330	290.448518753052	0	0	0	0
TG	META	EAS	19	70	715	122.98487496376	0	0	0	0
TG	META	EAS	19	71	127	11.2573044300079	0	0	0	0
TG	META	EAS	19	72	929	183.119903802872	0	0	0	0
TG	META	EAS	19	74	1753	320.167630910873	0	0	0	0
TG	META	EAS	19	75	128	26.571878194809	2	3	3	7
TG	META	EAS	19	76	888	119.258112668991	0	0	0	0
TG	META	EAS	19	77	1790	302.259447574615	0	0	0	0
TG	META	EAS	19	79	768	138.183330774307	0	0	0	0
TG	META	EAS	19	80	153	16.6881427764893	0	0	0	0
TG	META	EAS	19	81	486	70.3716940879822	0	0	0	0
TG	META	EAS	19	90	1335	275.477077007294	0	0	0	0
TG	META	EAS	19	93	341	38.4160373210907	0	0	0	0
TG	META	EAS	19	98	165	17.5366892814636	0	0	0	0
TG	META	EAS	19	104	579	48.3461961746216	0	0	0	0
TG	META	EAS	19	106	325	1.89405131340027	0	0	1	5
TG	META	EAS	19	109	162	16.6401145458221	0	0	0	0
TG	META	EAS	19	110	1501	354.832442998886	0	0	0	0
TG	META	EAS	20	2	414	54.0275361537933	0	0	0	0
TG	META	EAS	20	7	853	126.054574966431	0	0	0	0
TG	META	EAS	20	18	814	149.889632225037	0	0	0	0
TG	META	EAS	20	19	213	21.5820174217224	0	0	0	0
TG	META	EAS	20	23	209	23.7731606960297	0	0	0	0
TG	META	EAS	20	34	1153	252.116496324539	0	0	0	0
TG	META	EAS	20	40	908	165.672522068024	0	0	0	0
TG	META	EAS	20	47	1535	346.978127717972	0	0	0	0
TG	META	EAS	20	48	2403	526.774891853333	0	0	0	0
TG	META	EAS	20	59	1520	312.54065656662	0	0	0	0
TG	META	EAS	20	60	1204	193.076369762421	0	0	0	0
TG	META	EAS	20	62	1083	229.39723062515299	0	0	0	0
TG	META	EAS	20	63	2862	515.186239242554	0	0	0	0
TG	META	EAS	20	64	723	114.394966840744	0	0	0	0
TG	META	EAS	20	65	1635	143.674168109894	0	0	0	0
TG	META	EAS	20	68	511	67.8044900894165	0	0	0	0
TG	META	EAS	20	69	1164	162.786029338837	0	0	0	0
TG	META	EAS	20	70	815	162.726270198822	0	0	0	0
TG	META	EAS	20	71	1523	262.477410078049	0	0	1	12
TG	META	EAS	20	73	1194	87.4052782058716	0	0	0	0
TG	META	EAS	20	84	1580	162.332311153412	0	0	0	0
TG	META	EAS	20	86	849	142.728227853775	0	0	0	0
TG	META	EAS	20	87	700	114.166330099106	0	0	0	0
TG	META	EAS	20	91	874	136.728879928589	0	0	0	0
TG	META	EAS	20	93	1961	493.398228645325	0	0	0	0
TG	META	EAS	20	99	952	176.181976079941	0	0	0	0
TG	META	EAS	20	115	509	71.4652988910675	0	0	0	0
TG	META	EAS	21	2	296	30.4730460643768	0	0	0	0
TG	META	EAS	21	4	232	21.5241739749908	0	0	0	0
TG	META	EAS	21	5	700	116.86595749855	0	0	0	0
TG	META	EAS	21	48	2284	533.086778640747	0	0	0	0
TG	META	EAS	21	53	874	157.480952262878	0	0	0	0
TG	META	EAS	21	63	700	112.667419433594	0	0	0	0
TG	META	EAS	21	64	1138	254.752928256989	0	0	0	0
TG	META	EAS	21	65	845	146.508826255798	0	0	0	0
TG	META	EAS	22	1	790	129.986915826797	0	0	0	0
TG	META	EAS	22	7	339	39.3005337715149	0	0	0	0
TG	META	EAS	22	13	610	93.3386759757996	0	0	0	0
TG	META	EAS	22	19	758	76.7021226882935	0	0	1	53
TG	META	EAS	22	29	1642	353.059908151627	0	0	0	0
TG	META	EAS	22	30	4914	765.949809551239	0	0	0	0
TG	META	EAS	22	37	993	161.792151212692	0	0	0	0
TG	META	EAS	22	40	408	47.4402167797089	0	0	0	0
TG	META	EAS	22	43	754	125.088170289993	0	0	0	0
TG	META	EAS	22	44	620	97.4592387676239	0	0	1	59
TG	META	EAS	22	45	782	109.025986909866	0	0	0	0
TG	META	EAS	22	46	2464	613.191480398178	0	0	0	0
TG	META	EAS	22	49	255	19.0501797199249	0	0	0	0
TG	META	EAS	22	54	835	140.365759372711	0	0	0	0
TG	META	EAS	22	57	54	2.61385917663574	0	0	0	0
TG	META	EAS	22	64	602	87.6317472457886	0	0	0	0
TG	META	EAS	22	69	882	155.38415646553	0	0	0	0
TG	META	EAS	22	70	791	110.549118041992	0	0	0	0
