pheno	db	pid	chromosome	block	num_variants	time	num_variants_0.95	num_variants_0.5	num_CS95	num_variants_CS95
TC	META	EAS	1	1	81	5.96821522712708	0	0	0	0
TC	META	EAS	1	2	130	18.5801901817322	0	0	0	0
TC	META	EAS	1	4	446	36.8627753257751	0	0	0	0
TC	META	EAS	1	17	1843	683.037030696869	0	0	0	0
TC	META	EAS	1	19	1424	446.937411785126	0	0	0	0
TC	META	EAS	1	35	1476	147.096512317657	0	0	1	17
TC	META	EAS	1	40	721	168.232919692993	0	0	0	0
TC	META	EAS	1	48	664	107.13391494751	0	0	0	0
TC	META	EAS	1	49	514	80.3164608478546	0	0	0	0
TC	META	EAS	1	51	582	137.060437917709	0	0	1	34
TC	META	EAS	1	52	1614	262.142091035843	0	0	0	0
TC	META	EAS	1	53	1238	99.1586573123932	0	0	1	10
TC	META	EAS	1	58	1604	419.80646944046	0	0	0	0
TC	META	EAS	1	67	1285	335.281546831131	0	0	0	0
TC	META	EAS	1	70	1434	356.869202613831	0	0	0	0
TC	META	EAS	1	73	1710	327.1863925457	0	0	0	0
TC	META	EAS	1	74	1519	456.51634979248	0	0	0	0
TC	META	EAS	1	75	2502	924.351323604584	0	0	0	0
TC	META	EAS	1	76	1364	447.874001264572	0	0	0	0
TC	META	EAS	1	80	855	141.031822443008	0	0	0	0
TC	META	EAS	1	81	557	119.207983255386	0	0	0	0
TC	META	EAS	1	82	967	206.863883972168	0	0	0	0
TC	META	EAS	1	83	1594	722.102110624313	1	2	3	40
TC	META	EAS	1	84	2380	7892.15680766106	3	4	3	3
TC	META	EAS	1	85	799	88.00386095047	0	0	0	0
TC	META	EAS	1	89	1230	282.24595952034	0	0	0	0
TC	META	EAS	1	92	1453	437.69233417511	0	0	0	0
TC	META	EAS	1	94	306	39.8678417205811	0	0	0	0
TC	META	EAS	1	95	317	49.8013558387756	0	0	0	0
TC	META	EAS	1	96	1287	373.873516559601	0	0	0	0
TC	META	EAS	1	97	1460	130.850286722183	0	0	1	21
TC	META	EAS	1	100	1545	192.147955656052	0	0	0	0
TC	META	EAS	1	109	1716	168.584017753601	0	0	1	38
TC	META	EAS	1	124	2075	791.959862232208	0	0	0	0
TC	META	EAS	1	125	2314	314.469270944595	0	0	1	23
TC	META	EAS	1	127	1265	364.129039049149	0	0	0	0
TC	META	EAS	1	136	1306	316.279249668121	0	0	0	0
TC	META	EAS	1	138	1529	409.606334209442	0	2	2	4
TC	META	EAS	1	139	354	40.06782579422	0	0	0	0
TC	META	EAS	1	140	699	138.760414361954	0	0	0	0
TC	META	EAS	1	141	765	59.5312883853912	0	0	0	0
TC	META	EAS	1	144	759	147.860818147659	0	0	0	0
TC	META	EAS	1	145	857	214.324509382248	0	0	0	0
TC	META	EAS	1	150	1536	448.675303220749	0	0	0	0
TC	META	EAS	1	151	2238	931.993224143982	0	0	0	0
TC	META	EAS	1	153	1674	529.108620166779	0	0	0	0
TC	META	EAS	1	154	2213	524.843318939209	0	0	0	0
TC	META	EAS	1	156	1278	209.284167528152	0	0	0	0
TC	META	EAS	1	158	942	186.117709159851	0	0	0	0
TC	META	EAS	1	162	1113	202.107624292374	0	0	0	0
TC	META	EAS	1	168	1564	421.498987197876	0	0	0	0
TC	META	EAS	1	169	2617	1070.18012952805	0	0	0	0
TC	META	EAS	1	175	2085	539.254745006561	0	0	0	0
TC	META	EAS	1	182	2046	531.215008497238	0	0	0	0
TC	META	EAS	1	183	2136	759.275339126587	0	0	0	0
TC	META	EAS	1	185	579	95.0796694755554	0	0	0	0
TC	META	EAS	1	187	1445	498.810755729675	0	0	0	0
TC	META	EAS	1	188	1835	465.157122850418	0	0	0	0
TC	META	EAS	1	192	1664	497.316219091415	0	0	0	0
TC	META	EAS	1	201	1726	354.918521881104	0	0	0	0
TC	META	EAS	1	202	1526	399.279402256012	0	0	0	0
TC	META	EAS	1	205	630	147.23660993576	0	0	0	0
TC	META	EAS	1	209	498	25.2848398685455	0	0	0	0
TC	META	EAS	1	213	865	187.759299039841	0	0	0	0
TC	META	EAS	1	221	1649	367.664511203766	0	0	0	0
TC	META	EAS	1	223	1710	516.026659488678	0	0	0	0
TC	META	EAS	1	224	1119	241.200822353363	0	0	0	0
TC	META	EAS	1	226	665	141.365482330322	0	0	0	0
TC	META	EAS	1	229	1438	368.136342763901	0	0	0	0
TC	META	EAS	1	233	2143	745.733756780624	0	0	0	0
TC	META	EAS	1	234	2539	633.237635850906	1	1	1	1
TC	META	EAS	1	235	1542	354.804095983505	0	0	0	0
TC	META	EAS	1	238	3472	608.781387329102	0	0	0	0
TC	META	EAS	1	239	979	212.623091936111	0	0	0	0
TC	META	EAS	1	240	3791	1321.53411388397	0	0	0	0
TC	META	EAS	1	252	662	792.552761077881	0	2	3	18
TC	META	EAS	1	253	176	5.88679027557373	0	0	0	0
TC	META	EAS	1	254	1130	31.8234126567841	0	0	1	5
TC	META	EAS	1	255	808	183.445283889771	0	0	0	0
TC	META	EAS	1	257	1008	285.721477031708	0	0	0	0
TC	META	EAS	1	280	2869	1125.13265657425	0	0	0	0
TC	META	EAS	1	281	1751	482.384350061417	0	0	0	0
TC	META	EAS	2	6	929	49.4895489215851	0	0	0	0
TC	META	EAS	2	21	333	41.0957975387573	0	0	0	0
TC	META	EAS	2	31	425	73.6564829349518	0	0	0	0
TC	META	EAS	2	32	654	155.977184534073	0	0	0	0
TC	META	EAS	2	37	672	131.460659742355	0	0	0	0
TC	META	EAS	2	38	1629	326.729714155197	0	0	0	0
TC	META	EAS	2	39	735	151.370218515396	0	0	0	0
TC	META	EAS	2	40	2233	515.344428300858	0	0	0	0
TC	META	EAS	2	41	962	360.284066438675	0	0	2	46
TC	META	EAS	2	42	73	4.79167294502258	0	1	1	2
TC	META	EAS	2	43	183	14.2687013149261	0	1	1	2
TC	META	EAS	2	44	721	913.857172250748	1	3	3	14
TC	META	EAS	2	45	1688	810.889190912247	1	3	3	6
TC	META	EAS	2	46	855	63.6882655620575	0	0	0	0
TC	META	EAS	2	47	2182	569.114823579788	0	0	0	0
TC	META	EAS	2	48	1172	326.118878602982	0	0	0	0
TC	META	EAS	2	49	1348	613.601569414139	0	1	1	4
TC	META	EAS	2	50	1271	299.219906806946	0	0	0	0
TC	META	EAS	2	51	1408	401.904631853104	0	0	0	0
TC	META	EAS	2	53	1072	304.413862228394	0	0	0	0
TC	META	EAS	2	55	2707	975.979157924652	0	0	0	0
TC	META	EAS	2	56	135	9.40055179595947	0	0	0	0
TC	META	EAS	2	66	3282	900.873873472214	0	0	0	0
TC	META	EAS	2	69	1883	350.093931913376	0	0	0	0
TC	META	EAS	2	71	1203	248.851357460022	0	0	0	0
TC	META	EAS	2	72	2370	460.410754919052	0	0	0	0
TC	META	EAS	2	74	744	173.149519205093	0	0	0	0
TC	META	EAS	2	75	983	263.44780087471	0	0	0	0
TC	META	EAS	2	77	870	163.240515232086	0	0	0	0
TC	META	EAS	2	84	5250	2234.64378643036	0	0	0	0
TC	META	EAS	2	88	5283	766.871245861053	0	0	1	28
TC	META	EAS	2	89	983	125.380085945129	0	0	0	0
TC	META	EAS	2	97	2180	583.890136003494	0	0	0	0
TC	META	EAS	2	99	889	234.41087436676	0	0	0	0
TC	META	EAS	2	100	945	217.787124872208	0	0	0	0
TC	META	EAS	2	102	806	128.445089578629	0	0	0	0
TC	META	EAS	2	107	2962	1000.56909179688	0	0	0	0
TC	META	EAS	2	115	2468	1035.0323536396	0	0	0	0
TC	META	EAS	2	121	2235	818.927202701569	0	0	0	0
TC	META	EAS	2	122	974	50.104725122451804	0	0	0	0
TC	META	EAS	2	124	1561	531.49947977066	0	0	0	0
TC	META	EAS	2	125	1561	452.337404251099	0	0	0	0
TC	META	EAS	2	127	3094	1165.62930703163	0	0	0	0
TC	META	EAS	2	128	2234	294.371683359146	0	0	0	0
TC	META	EAS	2	130	336	46.6904482841492	0	0	0	0
TC	META	EAS	2	131	73	1.94687056541443	0	0	0	0
TC	META	EAS	2	138	2170	768.560871124268	0	0	0	0
TC	META	EAS	2	146	2626	1095.50281953812	0	0	0	0
TC	META	EAS	2	147	4071	668.186722040176	0	0	0	0
TC	META	EAS	2	152	1219	244.039616584778	0	0	0	0
TC	META	EAS	2	153	1781	416.377346992493	0	0	0	0
TC	META	EAS	2	155	1340	371.042369604111	0	0	0	0
TC	META	EAS	2	162	727	153.002113103867	0	0	0	0
TC	META	EAS	2	163	97	3.28336763381958	0	1	1	5
TC	META	EAS	2	164	382	58.5667722225189	0	0	0	0
TC	META	EAS	2	166	3626	601.144330024719	0	0	0	0
TC	META	EAS	2	168	1579	412.24688076973	0	0	0	0
TC	META	EAS	2	171	2376	676.058538198471	0	0	0	0
TC	META	EAS	2	172	468	22.1214642524719	0	0	1	10
TC	META	EAS	2	177	2091	413.265399456024	0	0	0	0
TC	META	EAS	2	180	1402	302.195421695709	0	0	0	0
TC	META	EAS	2	181	1926	356.14834690094	0	0	0	0
TC	META	EAS	2	192	2235	655.973370313644	0	0	0	0
TC	META	EAS	2	196	2464	929.664347887039	0	0	0	0
TC	META	EAS	2	198	1047	290.652478933334	0	0	0	0
TC	META	EAS	2	199	2106	662.464008331299	0	0	0	0
TC	META	EAS	2	205	924	143.551462888718	0	0	1	48
TC	META	EAS	2	208	2549	818.58362865448	0	0	0	0
TC	META	EAS	2	210	1145	311.172526836395	0	0	0	0
TC	META	EAS	2	211	1775	451.216109514236	0	0	0	0
TC	META	EAS	2	212	1778	364.542022228241	0	0	0	0
TC	META	EAS	2	213	3250	536.579392433167	0	0	0	0
TC	META	EAS	2	217	821	143.189295768738	0	0	0	0
TC	META	EAS	2	218	717	114.885432958603	0	0	0	0
TC	META	EAS	2	228	1150	338.376724004745	0	0	0	0
TC	META	EAS	2	232	981	250.138123512268	0	0	0	0
TC	META	EAS	2	233	491	87.9734935760498	0	0	0	0
TC	META	EAS	2	241	987	220.770814180374	0	0	0	0
TC	META	EAS	2	242	1446	349.769159793854	0	0	0	0
TC	META	EAS	2	250	3292	1242.82187771797	0	0	0	0
TC	META	EAS	2	255	1403	324.36661863327	0	0	0	0
TC	META	EAS	3	24	1897	423.189419984818	0	0	0	0
TC	META	EAS	3	41	2229	581.475773096085	0	0	0	0
TC	META	EAS	3	45	1034	276.28987121582	0	0	0	0
TC	META	EAS	3	51	777	175.090052604675	0	0	0	0
TC	META	EAS	3	56	1163	302.344281435013	0	0	0	0
TC	META	EAS	3	70	2100	743.297247886658	0	0	0	0
TC	META	EAS	3	71	1808	508.000426530838	0	0	0	0
TC	META	EAS	3	83	3067	1250.95761227608	0	0	0	0
TC	META	EAS	3	88	1944	561.466393947601	0	0	0	0
TC	META	EAS	3	89	1621	358.537690877914	0	0	0	0
TC	META	EAS	3	104	4193	532.082047939301	0	0	0	0
TC	META	EAS	3	107	1520	355.227852106094	0	0	0	0
TC	META	EAS	3	112	1824	608.678047180176	0	0	0	0
TC	META	EAS	3	113	634	103.561000823975	0	0	0	0
TC	META	EAS	3	120	1509	148.857533454895	0	0	1	45
TC	META	EAS	3	121	1786	436.824070692062	0	0	0	0
TC	META	EAS	3	122	427	60.4155888557434	0	0	0	0
TC	META	EAS	3	123	679	127.61615395546	0	0	0	0
TC	META	EAS	3	127	2228	696.8015396595	0	0	0	0
TC	META	EAS	3	128	675	53.7013537883759	0	0	0	0
TC	META	EAS	3	129	1104	166.915380001068	0	0	0	0
TC	META	EAS	3	131	501	80.5172502994537	0	0	0	0
TC	META	EAS	3	132	2533	337.301558732986	0	0	0	0
TC	META	EAS	3	135	1797	244.65006518364	0	0	0	0
TC	META	EAS	3	136	904	187.887872219086	0	0	0	0
TC	META	EAS	3	140	1887	497.532202243805	0	0	0	0
TC	META	EAS	3	145	2255	694.235456943512	0	0	0	0
TC	META	EAS	3	149	1542	434.396730422974	0	0	0	0
TC	META	EAS	3	150	1631	410.007759809494	0	0	0	0
TC	META	EAS	3	154	566	108.621599197388	0	0	0	0
TC	META	EAS	3	158	2250	585.80232334137	0	0	0	0
TC	META	EAS	3	161	2435	709.236876487732	0	0	0	0
TC	META	EAS	3	165	2178	520.93870973587	0	0	0	0
TC	META	EAS	3	170	1417	398.754390478134	0	0	0	0
TC	META	EAS	3	172	1275	284.525684356689	0	0	0	0
TC	META	EAS	3	173	639	106.257538557053	0	0	0	0
TC	META	EAS	3	175	501	80.7315392494202	0	0	0	0
TC	META	EAS	3	190	1086	208.143324136734	0	0	0	0
TC	META	EAS	3	191	1210	196.992641448975	0	0	0	0
TC	META	EAS	3	193	2073	660.379665136337	0	0	0	0
TC	META	EAS	3	195	3672	935.749873161316	0	0	0	0
TC	META	EAS	3	214	2241	335.42234992981	0	0	0	0
TC	META	EAS	3	216	927	117.121293544769	0	0	0	0
TC	META	EAS	4	1	4650	419.351895093918	0	0	1	5
TC	META	EAS	4	15	692	136.616353988647	0	0	0	0
TC	META	EAS	4	19	600	109.15222120285	0	0	0	0
TC	META	EAS	4	21	3405	1218.35546016693	0	0	0	0
TC	META	EAS	4	28	1795	190.7820353508	0	0	0	0
TC	META	EAS	4	42	278	40.5224285125732	0	0	0	0
TC	META	EAS	4	54	4860	1493.72227549553	0	0	0	0
TC	META	EAS	4	55	1960	360.824044704437	0	0	0	0
TC	META	EAS	4	57	283	31.5331118106842	0	0	0	0
TC	META	EAS	4	64	2955	964.905141592026	0	0	0	0
TC	META	EAS	4	65	1169	79.0945332050323	0	0	0	0
TC	META	EAS	4	66	1315	299.885465621948	0	0	0	0
TC	META	EAS	4	71	850	43.989875793457	0	0	0	0
TC	META	EAS	4	79	1423	316.173683166504	0	0	0	0
TC	META	EAS	4	80	1963	106.946362495422	0	0	1	21
TC	META	EAS	4	84	1725	522.226104736328	0	0	0	0
TC	META	EAS	4	85	752	151.802143573761	0	0	0	0
TC	META	EAS	4	86	171	18.7118918895721	0	0	0	0
TC	META	EAS	4	87	2755	635.951635837555	0	0	0	0
TC	META	EAS	4	90	1570	267.96489906311	0	0	0	0
TC	META	EAS	4	92	1469	316.977162599564	0	0	0	0
TC	META	EAS	4	101	2099	662.659716367722	0	0	0	0
TC	META	EAS	4	113	1833	246.89370059967	0	0	1	22
TC	META	EAS	4	114	1999	670.190910577774	0	0	0	0
TC	META	EAS	4	115	993	227.671814680099	0	0	0	0
TC	META	EAS	4	116	1293	287.834471702576	0	0	0	0
TC	META	EAS	4	117	1731	414.767353534698	0	0	0	0
TC	META	EAS	4	121	1659	263.852829694748	0	0	0	0
TC	META	EAS	4	129	2195	654.293333053589	0	0	0	0
TC	META	EAS	4	130	2271	365.473176002502	0	0	0	0
TC	META	EAS	4	134	3463	1097.45067214966	0	0	0	0
TC	META	EAS	4	136	2925	955.652252435684	0	0	0	0
TC	META	EAS	4	148	1297	316.952139139175	0	0	0	0
TC	META	EAS	4	150	1848	534.672721385956	0	0	0	0
TC	META	EAS	4	151	585	107.427842140198	0	0	0	0
TC	META	EAS	4	156	2725	886.641326665878	0	0	0	0
TC	META	EAS	4	159	791	90.9154613018036	0	0	0	0
TC	META	EAS	4	161	657	122.343267440796	0	0	0	0
TC	META	EAS	4	162	1381	399.779769182205	0	0	0	0
TC	META	EAS	4	203	896	184.792471647263	0	0	0	0
TC	META	EAS	5	6	800	178.702740907669	0	0	0	0
TC	META	EAS	5	28	726	135.1402759552	0	0	0	0
TC	META	EAS	5	43	1561	362.097984790802	0	0	0	0
TC	META	EAS	5	56	2737	755.906320095062	0	0	0	0
TC	META	EAS	5	57	1653	341.450276374817	0	0	0	0
TC	META	EAS	5	64	2280	647.084265470505	0	0	0	0
TC	META	EAS	5	68	510	89.1701862812042	0	0	0	0
TC	META	EAS	5	69	793	146.479099273682	0	0	0	0
TC	META	EAS	5	71	2688	859.770580053329	0	0	0	0
TC	META	EAS	5	74	3258	1123.5056142807	0	0	0	0
TC	META	EAS	5	81	1314	351.983268022537	0	0	0	0
TC	META	EAS	5	84	344	47.0529248714447	0	0	0	0
TC	META	EAS	5	85	2343	507.111812591553	0	0	2	71
TC	META	EAS	5	92	1357	285.523295640945	0	0	0	0
TC	META	EAS	5	109	1067	268.236038923264	0	0	0	0
TC	META	EAS	5	130	2600	781.670727491379	0	0	0	0
TC	META	EAS	5	134	1610	188.679861783981	0	0	0	0
TC	META	EAS	5	136	2417	556.675590753555	0	0	0	0
TC	META	EAS	5	146	1922	480.524730205536	0	0	0	0
TC	META	EAS	5	147	1086	255.845078468323	0	0	0	0
TC	META	EAS	5	154	1348	361.309454917908	0	0	0	0
TC	META	EAS	5	156	1504	372.599878072739	0	0	0	0
TC	META	EAS	5	158	1266	326.67185997963	0	0	0	0
TC	META	EAS	5	165	1095	243.212433576584	0	0	0	0
TC	META	EAS	5	166	1772	40.6819157600403	0	0	1	5
TC	META	EAS	5	167	1311	203.625787496567	0	0	0	0
TC	META	EAS	5	168	1678	509.591835260391	0	0	0	0
TC	META	EAS	5	191	2336	408.236733675003	0	0	0	0
TC	META	EAS	5	202	753	89.3938748836517	0	0	0	0
TC	META	EAS	5	207	1325	309.510711431503	0	0	0	0
TC	META	EAS	5	210	199	26.2865462303162	0	0	0	0
TC	META	EAS	5	211	468	83.6463809013367	0	0	0	0
TC	META	EAS	6	1	1715	141.157251119614	0	0	1	16
TC	META	EAS	6	19	1548	345.100397586823	0	0	0	0
TC	META	EAS	6	20	1036	208.233020782471	0	0	0	0
TC	META	EAS	6	25	1151	225.633387088776	0	0	0	0
TC	META	EAS	6	27	1016	105.292941570282	0	0	1	18
TC	META	EAS	6	30	200	24.1885466575623	0	0	0	0
TC	META	EAS	6	34	1626	274.576955080032	0	0	0	0
TC	META	EAS	6	35	529	30.2694969177246	0	0	0	0
TC	META	EAS	6	39	2672	1000.99835920334	0	0	0	0
TC	META	EAS	6	43	1621	141.403037071228	0	0	0	0
TC	META	EAS	6	44	291	37.393767118454	0	0	0	0
TC	META	EAS	6	47	2299	577.657233953476	0	0	0	0
TC	META	EAS	6	51	3561	982.293580532074	0	0	0	0
TC	META	EAS	6	52	1111	274.082454204559	0	0	0	0
TC	META	EAS	6	53	908	158.636974096298	0	0	0	0
TC	META	EAS	6	56	908	165.199221134186	0	0	0	0
TC	META	EAS	6	58	1550	394.646184444427	0	0	0	0
TC	META	EAS	6	63	1506	450.116037130356	0	0	0	0
TC	META	EAS	6	64	147	15.6861591339111	0	0	0	0
TC	META	EAS	6	65	441	32.9200031757355	0	0	0	0
TC	META	EAS	6	69	1194	237.794893503189	0	0	0	0
TC	META	EAS	6	72	724	118.207391023636	0	0	0	0
TC	META	EAS	6	73	274	31.0190446376801	0	0	0	0
TC	META	EAS	6	75	265	32.8106701374054	0	0	0	0
TC	META	EAS	6	76	3553	1023.19984006882	0	0	0	0
TC	META	EAS	6	85	3985	1369.13189458847	0	0	0	0
TC	META	EAS	6	87	2623	376.718753814697	0	0	0	0
TC	META	EAS	6	88	4916	1802.5471162796	0	0	0	0
TC	META	EAS	6	94	2730	953.347321510315	0	0	0	0
TC	META	EAS	6	99	2079	677.3384745121	0	0	0	0
TC	META	EAS	6	100	35	2.04756379127502	0	0	0	0
TC	META	EAS	6	101	1934	393.64969420433	0	0	1	53
TC	META	EAS	6	105	1809	545.477192163467	0	0	0	0
TC	META	EAS	6	109	1642	447.048746585846	0	0	0	0
TC	META	EAS	6	115	3724	590.315185070038	0	0	0	0
TC	META	EAS	6	116	2325	731.076506853104	0	0	0	0
TC	META	EAS	6	117	3990	1506.98395967484	0	0	0	0
TC	META	EAS	6	124	1803	509.629918575287	0	0	0	0
TC	META	EAS	6	127	1090	304.206429243088	0	0	0	0
TC	META	EAS	6	128	1826	496.624462366104	0	0	0	0
TC	META	EAS	6	130	2337	737.241159200668	0	0	0	0
TC	META	EAS	6	134	1175	29.1250178813934	0	1	1	6
TC	META	EAS	6	135	597	93.55437541008	0	0	0	0
TC	META	EAS	6	137	725	138.581807136536	0	0	0	0
TC	META	EAS	6	138	974	205.874547481537	0	0	0	0
TC	META	EAS	6	140	1238	219.8627576828	0	0	0	0
TC	META	EAS	6	146	905	163.503071308136	0	0	0	0
TC	META	EAS	6	148	714	131.839095830917	0	0	0	0
TC	META	EAS	6	154	1449	312.764552593231	0	0	0	0
TC	META	EAS	6	158	1549	432.500096082687	0	0	0	0
TC	META	EAS	6	160	1890	490.572577953339	0	0	0	0
TC	META	EAS	6	168	1966	425.289291143417	0	0	0	0
TC	META	EAS	6	169	3248	1293.57263493538	1	1	1	1
TC	META	EAS	6	183	773	111.8286049366	0	0	0	0
TC	META	EAS	7	3	961	144.569823503494	0	0	0	0
TC	META	EAS	7	5	1770	365.505670070648	0	0	0	0
TC	META	EAS	7	6	763	149.156907558441	0	0	0	0
TC	META	EAS	7	11	947	183.408242464066	0	0	0	0
TC	META	EAS	7	12	2223	652.140444040298	0	0	0	0
TC	META	EAS	7	28	586	107.432424545288	0	0	0	0
TC	META	EAS	7	33	2309	392.796783208847	0	0	1	28
TC	META	EAS	7	37	2370	209.794240236282	0	0	1	7
TC	META	EAS	7	40	3095	1051.5372068882	0	0	0	0
TC	META	EAS	7	41	1689	429.532442808151	0	0	0	0
TC	META	EAS	7	42	1921	528.49686384201	0	0	1	5
TC	META	EAS	7	44	328	18.8505792617798	0	0	1	54
TC	META	EAS	7	50	1019	182.990013599396	0	0	0	0
TC	META	EAS	7	51	1243	245.655198812485	0	0	0	0
TC	META	EAS	7	58	1578	123.690165042877	0	0	0	0
TC	META	EAS	7	66	685	108.572847366333	0	0	0	0
TC	META	EAS	7	67	4250	1211.85712885857	0	0	0	0
TC	META	EAS	7	73	635	22.1079559326172	0	0	1	9
TC	META	EAS	7	85	1590	254.537530183792	0	0	0	0
TC	META	EAS	7	87	78	3.89147520065308	0	0	0	0
TC	META	EAS	7	88	2339	614.908245325089	0	0	0	0
TC	META	EAS	7	89	1754	261.017231464386	0	0	0	0
TC	META	EAS	7	95	1266	199.260849237442	0	0	0	0
TC	META	EAS	7	99	2436	718.717417955399	0	0	0	0
TC	META	EAS	7	103	1308	110.223284959793	0	0	0	0
TC	META	EAS	7	107	3181	1078.92073535919	0	0	0	0
TC	META	EAS	7	109	1375	73.831148147583	0	0	0	0
TC	META	EAS	7	111	2041	284.415863513947	0	0	0	0
TC	META	EAS	7	112	1125	190.131482362747	0	0	0	0
TC	META	EAS	7	113	2109	729.679188966751	0	0	0	0
TC	META	EAS	7	119	1108	245.2889752388	0	0	0	0
TC	META	EAS	7	125	1402	373.65528345108	0	0	0	0
TC	META	EAS	7	127	390	49.4880845546722	0	0	0	0
TC	META	EAS	7	131	3434	1119.70269036293	0	0	0	0
TC	META	EAS	7	132	3768	989.700552940369	0	0	0	0
TC	META	EAS	7	133	2953	838.620315551758	0	0	0	0
TC	META	EAS	7	134	903	163.947900295258	0	0	0	0
TC	META	EAS	7	138	2652	396.971478939056	0	0	0	0
TC	META	EAS	7	139	492	63.426842212677	0	0	0	0
TC	META	EAS	7	140	1389	305.207865953445	0	0	0	0
TC	META	EAS	7	141	2372	431.014405250549	0	0	0	0
TC	META	EAS	7	142	347	19.5203549861908	0	0	0	0
TC	META	EAS	7	147	734	121.840448141098	0	0	0	0
TC	META	EAS	7	152	641	114.458096981049	0	0	0	0
TC	META	EAS	7	159	828	59.2290787696838	0	0	0	0
TC	META	EAS	7	162	2861	897.876716375351	0	0	0	0
TC	META	EAS	7	176	311	12.6138327121735	0	0	0	0
TC	META	EAS	7	177	247	13.8398520946503	0	0	0	0
TC	META	EAS	7	187	2802	432.412058353424	0	0	1	38
TC	META	EAS	8	17	1401	284.379889249802	0	0	0	0
TC	META	EAS	8	29	3527	222.903250217438	0	0	1	22
TC	META	EAS	8	32	1827	348.099693059921	0	0	0	0
TC	META	EAS	8	36	494	70.6285638809204	0	0	0	0
TC	META	EAS	8	39	1443	279.51494884491	0	0	0	0
TC	META	EAS	8	41	1058	55.4784858226776	0	0	0	0
TC	META	EAS	8	42	2160	654.448325157166	0	0	0	0
TC	META	EAS	8	43	1993	570.644039392471	0	0	0	0
TC	META	EAS	8	44	667	116.838475942612	0	0	0	0
TC	META	EAS	8	45	1165	282.097479343414	0	0	0	0
TC	META	EAS	8	57	1013	214.966433525085	0	0	0	0
TC	META	EAS	8	59	813	148.659185171127	0	0	0	0
TC	META	EAS	8	65	1031	57.597177028656	0	0	1	19
TC	META	EAS	8	68	1521	2134.48750185966	0	4	5	24
TC	META	EAS	8	69	2776	657.450114011765	0	0	0	0
TC	META	EAS	8	78	369	49.1357555389404	0	0	0	0
TC	META	EAS	8	81	1907	488.416266441345	0	0	0	0
TC	META	EAS	8	83	3020	889.533766031265	0	0	0	0
TC	META	EAS	8	84	3733	884.775361299515	0	0	0	0
TC	META	EAS	8	85	1052	231.556120634079	0	0	0	0
TC	META	EAS	8	88	1941	481.047590494156	0	0	0	0
TC	META	EAS	8	106	2046	656.537061214447	0	0	0	0
TC	META	EAS	8	109	2752	828.207826852798	0	0	0	0
TC	META	EAS	8	110	2406	628.114684343338	0	0	0	0
TC	META	EAS	8	113	1075	26.2114691734314	0	0	1	6
TC	META	EAS	8	118	829	22.9400908946991	0	0	1	5
TC	META	EAS	8	121	214	23.3360869884491	0	0	0	0
TC	META	EAS	8	124	989	185.321794033051	0	0	0	0
TC	META	EAS	8	125	406	11.4481568336487	0	1	1	2
TC	META	EAS	8	126	138	12.8668479919434	0	0	0	0
TC	META	EAS	8	135	1357	292.867081403732	0	0	0	0
TC	META	EAS	8	153	738	135.248134851456	0	0	0	0
TC	META	EAS	8	159	936	174.601552009583	0	0	0	0
TC	META	EAS	8	160	915	175.564358711243	0	0	0	0
TC	META	EAS	9	4	1495	211.122046470642	0	0	0	0
TC	META	EAS	9	5	331	41.1743350028992	0	0	0	0
TC	META	EAS	9	9	1119	129.919168710709	0	0	0	0
TC	META	EAS	9	12	1477	339.984493732452	0	0	0	0
TC	META	EAS	9	13	2100	474.00653219223	0	0	0	0
TC	META	EAS	9	31	2311	673.999414682388	0	0	0	0
TC	META	EAS	9	33	1863	521.737291097641	0	0	0	0
TC	META	EAS	9	36	1521	397.898817539215	0	0	0	0
TC	META	EAS	9	39	655	117.27302646637	0	0	0	0
TC	META	EAS	9	40	2845	985.120784521103	0	0	0	0
TC	META	EAS	9	51	854	95.2579715251923	0	0	0	0
TC	META	EAS	9	53	2984	378.256906270981	0	0	0	0
TC	META	EAS	9	69	935	101.948594808578	0	0	0	0
TC	META	EAS	9	70	685	106.276440143585	0	0	0	0
TC	META	EAS	9	72	350	41.1601331233978	0	0	0	0
TC	META	EAS	9	73	1090	148.300335884094	0	0	0	0
TC	META	EAS	9	89	293	35.7580642700195	0	0	0	0
TC	META	EAS	9	93	1466	246.257508993149	0	0	0	0
TC	META	EAS	9	99	1427	296.292330741882	0	0	0	0
TC	META	EAS	9	100	2533	429.090144872665	0	0	0	0
TC	META	EAS	9	102	2121	579.270097494125	0	0	0	0
TC	META	EAS	9	103	581	101.416687250137	0	0	0	0
TC	META	EAS	9	104	674	112.012633562088	0	0	0	0
TC	META	EAS	9	105	457	64.6593000888824	0	0	0	0
TC	META	EAS	9	106	1720	120.821898460388	0	0	0	0
TC	META	EAS	9	107	527	35.0471391677856	0	0	0	0
TC	META	EAS	9	109	2872	846.333950996399	0	0	0	0
TC	META	EAS	9	110	2879	429.875414133072	0	2	2	7
TC	META	EAS	9	111	71	11.6136384010315	0	3	2	6
TC	META	EAS	9	112	2108	555.970051288605	0	0	0	0
TC	META	EAS	9	113	1263	128.443439006805	0	0	0	0
TC	META	EAS	9	114	722	108.818519592285	0	0	0	0
TC	META	EAS	9	115	2870	1120.39237976074	0	0	0	0
TC	META	EAS	9	116	1377	101.922501802444	0	0	1	10
TC	META	EAS	9	118	3451	545.055142879486	0	0	0	0
TC	META	EAS	9	119	1322	333.265293359756	0	0	0	0
TC	META	EAS	9	121	684	124.414035558701	0	0	0	0
TC	META	EAS	9	124	1245	266.939126729965	0	0	0	0
TC	META	EAS	9	125	1957	351.550977706909	0	0	0	0
TC	META	EAS	9	134	2529	427.993301153183	0	0	0	0
TC	META	EAS	9	140	3120	230.878480911255	0	0	1	9
TC	META	EAS	9	142	937	190.51215672493	0	0	0	0
TC	META	EAS	9	144	704	58.4608297348022	0	0	1	33
TC	META	EAS	9	145	1028	223.940800666809	0	0	0	0
TC	META	EAS	9	149	821	1318.91389656067	2	3	5	18
TC	META	EAS	9	153	108	8.22332954406738	0	0	0	0
TC	META	EAS	9	160	269	14.3968455791473	0	0	0	0
TC	META	EAS	9	161	282	37.6464879512787	0	0	0	0
TC	META	EAS	10	13	1519	255.30965089798	0	0	0	0
TC	META	EAS	10	22	1665	267.671728849411	0	0	0	0
TC	META	EAS	10	43	1345	215.361859560013	0	0	0	0
TC	META	EAS	10	44	970	158.429147720337	0	0	0	0
TC	META	EAS	10	46	2479	723.165967226028	0	0	0	0
TC	META	EAS	10	52	2049	563.787146091461	0	0	0	0
TC	META	EAS	10	53	955	206.685381889343	0	0	0	0
TC	META	EAS	10	58	447	66.7373037338257	0	0	0	0
TC	META	EAS	10	59	1196	175.029397010803	0	0	0	0
TC	META	EAS	10	67	1418	217.187995433807	0	0	0	0
TC	META	EAS	10	69	1354	304.104788541794	0	0	0	0
TC	META	EAS	10	70	1821	455.951560020447	0	0	0	0
TC	META	EAS	10	73	1324	240.182096481323	0	0	0	0
TC	META	EAS	10	77	3997	1500.56319689751	0	0	0	0
TC	META	EAS	10	80	1683	497.676915884018	0	0	0	0
TC	META	EAS	10	81	2152	509.919218301773	0	0	0	0
TC	META	EAS	10	84	2877	862.082882404327	0	0	0	0
TC	META	EAS	10	85	611	88.1822807788849	0	0	0	0
TC	META	EAS	10	92	3286	266.927490711212	0	0	1	2
TC	META	EAS	10	100	510	71.8661849498749	0	0	0	0
TC	META	EAS	10	101	1373	319.554147720337	0	0	0	0
TC	META	EAS	10	109	1942	444.732769727707	0	0	0	0
TC	META	EAS	10	110	595	81.2265026569366	0	0	0	0
TC	META	EAS	10	112	489	83.1053447723389	0	0	0	0
TC	META	EAS	10	113	1480	401.979869127274	0	0	0	0
TC	META	EAS	10	117	2475	780.459986686707	0	0	0	0
TC	META	EAS	10	120	1735	181.137590646744	0	0	0	0
TC	META	EAS	10	121	1184	231.899520158768	0	0	0	0
TC	META	EAS	10	123	1450	321.047466278076	0	0	0	0
TC	META	EAS	10	126	2288	777.705021619797	0	0	0	0
TC	META	EAS	10	127	477	71.4907219409943	0	0	0	0
TC	META	EAS	10	129	2565	713.805949211121	0	0	0	0
TC	META	EAS	10	130	768	154.925682783127	0	0	0	0
TC	META	EAS	10	131	2138	619.348462820053	0	0	0	0
TC	META	EAS	10	137	2330	288.869403600693	0	0	1	19
TC	META	EAS	10	138	323	132.050691604614	0	1	1	26
TC	META	EAS	10	140	318	29.5655434131622	0	0	0	0
TC	META	EAS	10	144	865	84.1552209854126	0	0	0	0
TC	META	EAS	10	150	2110	506.975227117538	0	0	0	0
TC	META	EAS	10	152	1429	292.055689573288	0	0	0	0
TC	META	EAS	10	154	2851	733.178722858429	0	0	0	0
TC	META	EAS	10	176	1029	145.129940986633	0	0	0	0
TC	META	EAS	10	177	625	103.32471704483	0	0	0	0
TC	META	EAS	11	2	709	114.378773927689	0	0	0	0
TC	META	EAS	11	3	914	185.047763109207	0	0	0	0
TC	META	EAS	11	4	977	219.239537715912	0	0	0	0
TC	META	EAS	11	7	593	93.43709897995	0	0	0	0
TC	META	EAS	11	11	1747	528.372106790543	0	0	0	0
TC	META	EAS	11	12	2490	533.94708776474	0	0	0	0
TC	META	EAS	11	22	612	111.340892076492	0	0	0	0
TC	META	EAS	11	28	886	123.911393880844	0	0	0	0
TC	META	EAS	11	30	932	163.385043382645	0	0	0	0
TC	META	EAS	11	31	1064	160.046066045761	0	0	0	0
TC	META	EAS	11	33	1342	174.84543299675	0	0	0	0
TC	META	EAS	11	56	302	26.3556938171387	0	0	0	0
TC	META	EAS	11	57	1091	229.109430074692	0	0	0	0
TC	META	EAS	11	75	539	77.0900948047638	0	0	0	0
TC	META	EAS	11	76	1275	407.782407522202	1	2	2	44
TC	META	EAS	11	78	1259	58.2237324714661	0	0	1	50
TC	META	EAS	11	79	2733	1007.98528862	0	0	0	0
TC	META	EAS	11	80	1464	288.061128139496	0	0	0	0
TC	META	EAS	11	81	1106	209.717118740082	0	0	0	0
TC	META	EAS	11	82	344	46.1296401023865	0	0	0	0
TC	META	EAS	11	86	1456	389.625300884247	0	0	0	0
TC	META	EAS	11	88	1958	282.373940229416	0	0	1	74
TC	META	EAS	11	90	2642	951.628740310669	0	0	0	0
TC	META	EAS	11	107	736	128.349182128906	0	0	0	0
TC	META	EAS	11	108	480	26.6047511100769	0	0	0	0
TC	META	EAS	11	117	3190	1059.94076418877	0	0	0	0
TC	META	EAS	11	121	1513	92.6324093341827	0	0	0	0
TC	META	EAS	11	125	1125	198.166871547699	0	0	0	0
TC	META	EAS	11	128	204	20.4179208278656	0	0	0	0
TC	META	EAS	11	129	1643	716.311365365982	0	3	3	31
TC	META	EAS	11	133	1553	260.630532026291	0	0	1	16
TC	META	EAS	11	140	801	142.812094926834	0	0	0	0
TC	META	EAS	11	142	1801	295.999146699905	0	0	0	0
TC	META	EAS	11	147	2655	139.179398059845	0	1	1	2
TC	META	EAS	11	163	239	25.2645390033722	0	0	0	0
TC	META	EAS	12	1	892	174.950901031494	0	0	0	0
TC	META	EAS	12	12	471	75.7355606555939	0	0	0	0
TC	META	EAS	12	13	943	75.4774613380432	0	0	0	0
TC	META	EAS	12	17	541	78.9191584587097	0	0	0	0
TC	META	EAS	12	18	1471	373.570479154587	0	0	0	0
TC	META	EAS	12	23	1995	222.853625297546	0	0	1	9
TC	META	EAS	12	26	337	45.1467161178589	0	0	0	0
TC	META	EAS	12	27	166	12.8505258560181	0	0	0	0
TC	META	EAS	12	29	232	25.6136567592621	0	0	0	0
TC	META	EAS	12	42	2946	915.162853479385	0	0	0	0
TC	META	EAS	12	45	1196	255.746509552002	0	0	0	0
TC	META	EAS	12	47	502	85.3495895862579	0	0	0	0
TC	META	EAS	12	48	1964	507.126039028168	0	0	0	0
TC	META	EAS	12	49	1912	449.416967630386	0	0	0	0
TC	META	EAS	12	51	1298	93.8838927745819	0	0	0	0
TC	META	EAS	12	52	2631	921.797825574875	0	0	0	0
TC	META	EAS	12	59	2254	767.88027882576	0	0	0	0
TC	META	EAS	12	60	1035	233.82536315918	0	0	0	0
TC	META	EAS	12	61	1207	197.093061923981	0	0	0	0
TC	META	EAS	12	62	906	107.952294826508	0	0	1	31
TC	META	EAS	12	63	1707	417.963210344315	0	0	0	0
TC	META	EAS	12	64	787	155.930402517319	0	0	0	0
TC	META	EAS	12	66	1668	303.322762966156	0	0	0	0
TC	META	EAS	12	67	812	159.565050363541	0	0	0	0
TC	META	EAS	12	69	1725	340.967421293259	0	0	0	0
TC	META	EAS	12	71	1766	433.839065790176	0	0	0	0
TC	META	EAS	12	72	6033	2167.97666764259	0	0	0	0
TC	META	EAS	12	82	1725	396.333544254303	0	0	0	0
TC	META	EAS	12	97	2470	629.040108680725	0	0	0	0
TC	META	EAS	12	98	944	197.044549465179	0	0	0	0
TC	META	EAS	12	106	1959	529.366708993912	0	0	0	0
TC	META	EAS	12	110	2020	130.570502281189	0	0	1	8
TC	META	EAS	12	113	1577	384.544038295746	0	0	0	0
TC	META	EAS	12	116	582	49.4151523113251	0	0	0	0
TC	META	EAS	12	117	1901	484.6096534729	0	0	0	0
TC	META	EAS	12	119	2660	812.165699243546	0	0	0	0
TC	META	EAS	12	120	726	80.0342233181	0	0	0	0
TC	META	EAS	12	121	1325	77.6841950416565	0	0	1	20
TC	META	EAS	12	122	1647	162.114790678024	0	0	0	0
TC	META	EAS	12	123	798	119.775294303894	0	0	0	0
TC	META	EAS	12	127	735	113.366339206696	0	0	0	0
TC	META	EAS	12	128	281	39.0024039745331	0	0	0	0
TC	META	EAS	12	129	1251	301.416501760483	0	0	0	0
TC	META	EAS	12	138	2482	389.229737997055	0	1	1	16
TC	META	EAS	12	139	3243	866.378619670868	0	0	1	24
TC	META	EAS	12	140	627	44.86297082901	1	2	1	1
TC	META	EAS	12	141	1042	11.6746611595154	0	0	1	5
TC	META	EAS	13	18	589	90.60631275177	0	0	0	0
TC	META	EAS	13	21	1584	340.074554920197	0	0	0	0
TC	META	EAS	13	24	1199	227.691673755646	0	0	0	0
TC	META	EAS	13	25	632	135.306550979614	0	0	2	37
TC	META	EAS	13	40	1353	217.668172597885	0	0	0	0
TC	META	EAS	13	44	1036	170.498761177063	0	0	0	0
TC	META	EAS	13	45	1450	363.530489206314	0	0	0	0
TC	META	EAS	13	50	2945	363.958000183105	0	0	0	0
TC	META	EAS	13	66	677	74.5135242938995	0	0	0	0
TC	META	EAS	13	69	2941	622.915704727173	0	0	0	0
TC	META	EAS	13	70	1836	526.124614477158	0	0	0	0
TC	META	EAS	13	84	796	145.61750292778	0	0	0	0
TC	META	EAS	13	95	536	71.2223982810974	0	0	0	0
TC	META	EAS	13	96	608	86.9681956768036	0	0	0	0
TC	META	EAS	13	111	437	58.3339686393738	0	0	0	0
TC	META	EAS	13	115	683	102.055396080017	0	0	0	0
TC	META	EAS	13	116	589	29.9729208946228	0	0	0	0
TC	META	EAS	13	118	1197	171.733517408371	0	0	0	0
TC	META	EAS	13	124	186	21.2598099708557	0	0	0	0
TC	META	EAS	13	125	1474	58.9581146240234	0	0	0	0
TC	META	EAS	14	4	401	36.2603678703308	1	1	1	1
TC	META	EAS	14	10	343	48.6166491508484	0	0	0	0
TC	META	EAS	14	11	505	75.5930695533752	0	0	0	0
TC	META	EAS	14	14	2384	683.604585647583	0	0	0	0
TC	META	EAS	14	23	2249	203.294205188751	0	0	1	22
TC	META	EAS	14	31	2242	767.225227117538	0	0	0	0
TC	META	EAS	14	35	2552	640.394015550613	0	0	0	0
TC	META	EAS	14	43	129	13.0589597225189	0	0	0	0
TC	META	EAS	14	63	2857	968.658503293991	0	0	0	0
TC	META	EAS	14	67	1565	343.060440778732	0	0	0	0
TC	META	EAS	14	68	1114	180.485210895538	0	0	0	0
TC	META	EAS	14	72	2763	921.685683012009	0	0	0	0
TC	META	EAS	14	73	1068	73.1109337806702	0	0	0	0
TC	META	EAS	14	93	1928	503.57625412941	0	0	0	0
TC	META	EAS	14	96	163	14.9354357719421	0	0	0	0
TC	META	EAS	14	105	657	99.2918479442596	0	0	0	0
TC	META	EAS	14	106	746	118.562465429306	0	0	0	0
TC	META	EAS	14	120	478	55.8981285095215	0	0	0	0
TC	META	EAS	14	121	1603	148.851268053055	0	0	0	0
TC	META	EAS	14	126	1681	348.792953014374	0	0	0	0
TC	META	EAS	14	127	1566	462.573937416077	0	0	0	0
TC	META	EAS	14	129	826	98.0881178379059	0	0	0	0
TC	META	EAS	15	37	2025	116.116869449615	0	0	0	0
TC	META	EAS	15	44	941	154.396403312683	0	0	0	0
TC	META	EAS	15	45	3915	1227.36223173141	0	0	0	0
TC	META	EAS	15	46	1262	68.8981423377991	0	0	1	10
TC	META	EAS	15	47	1583	364.986663103104	0	0	0	0
TC	META	EAS	15	50	1766	450.293673276901	0	0	0	0
TC	META	EAS	15	52	1259	3900.19447040558	1	6	6	18
TC	META	EAS	15	53	209	15.0528247356415	2	3	3	4
TC	META	EAS	15	54	1403	313.263546228409	0	0	0	0
TC	META	EAS	15	59	2743	866.986952066422	0	0	0	0
TC	META	EAS	15	62	2786	980.48112487793	0	0	0	0
TC	META	EAS	15	63	769	102.41021490097	0	0	0	0
TC	META	EAS	15	64	1046	208.069301366806	0	0	0	0
TC	META	EAS	15	66	1906	469.519553184509	0	0	0	0
TC	META	EAS	15	80	567	82.3773562908173	0	0	0	0
TC	META	EAS	15	83	664	108.554844617844	0	0	0	0
TC	META	EAS	15	85	1624	314.026255846024	0	0	0	0
TC	META	EAS	15	88	895	180.09725356102	0	0	0	0
TC	META	EAS	15	102	1334	262.231737136841	0	0	0	0
TC	META	EAS	15	111	776	132.053443908691	0	0	0	0
TC	META	EAS	15	117	679	104.497633695602	0	0	0	0
TC	META	EAS	16	1	841	140.063739776611	0	0	0	0
TC	META	EAS	16	2	194	21.9391114711761	0	0	0	0
TC	META	EAS	16	4	1274	236.741110563278	0	0	0	0
TC	META	EAS	16	5	296	41.7455325126648	0	0	0	0
TC	META	EAS	16	6	751	147.975619792938	0	0	0	0
TC	META	EAS	16	9	1095	226.449547052383	0	0	0	0
TC	META	EAS	16	31	1460	88.9060230255127	0	0	1	24
TC	META	EAS	16	32	208	16.6289539337158	0	0	1	22
TC	META	EAS	16	33	2750	797.965707063675	0	0	0	0
TC	META	EAS	16	37	1468	315.246845006943	0	0	0	0
TC	META	EAS	16	41	1352	224.193275690079	0	0	0	0
TC	META	EAS	16	43	1148	239.357018232346	0	0	0	0
TC	META	EAS	16	58	776	76.981917142868	0	0	0	0
TC	META	EAS	16	59	556	88.0466122627258	0	0	0	0
TC	META	EAS	16	63	1271	232.845305681229	0	0	0	0
TC	META	EAS	16	70	472	56.2366425991058	0	0	0	0
TC	META	EAS	16	74	247	26.3932843208313	0	0	0	0
TC	META	EAS	16	75	1882	627.524940013885	1	2	2	6
TC	META	EAS	16	76	1079	40.9518523216248	1	1	1	1
TC	META	EAS	16	79	1122	215.478053331375	0	0	0	0
TC	META	EAS	16	83	1359	322.11073923111	0	0	0	0
TC	META	EAS	16	85	2734	941.343935251236	0	0	0	0
TC	META	EAS	16	88	2316	463.373054027557	0	0	1	87
TC	META	EAS	16	89	3744	3673.11292076111	2	3	4	142
TC	META	EAS	16	90	768	129.457685947418	0	0	0	0
TC	META	EAS	16	91	686	115.088724136353	0	0	0	0
TC	META	EAS	16	94	3769	655.356818437576	0	0	0	0
TC	META	EAS	16	99	1095	197.129078388214	0	0	0	0
TC	META	EAS	16	100	129	11.6912143230438	0	0	0	0
TC	META	EAS	16	101	180	15.8993139266968	0	0	0	0
TC	META	EAS	16	103	4470	981.219531774521	0	0	0	0
TC	META	EAS	16	104	1194	297.038162708282	0	0	0	0
TC	META	EAS	16	110	983	139.645013093948	0	0	0	0
TC	META	EAS	16	113	962	170.815689086914	0	0	0	0
TC	META	EAS	17	9	1549	143.783663749695	0	0	0	0
TC	META	EAS	17	16	141	13.4685459136963	0	0	0	0
TC	META	EAS	17	17	2110	363.614545822144	0	0	0	0
TC	META	EAS	17	22	228	23.4472348690033	0	0	0	0
TC	META	EAS	17	23	559	49.1268601417542	0	0	0	0
TC	META	EAS	17	24	904	107.711996793747	0	0	0	0
TC	META	EAS	17	25	1034	212.010534524918	0	0	0	0
TC	META	EAS	17	28	188	20.5323047637939	0	0	0	0
TC	META	EAS	17	30	254	27.4729747772217	0	0	0	0
TC	META	EAS	17	49	655	110.118587017059	0	0	0	0
TC	META	EAS	17	51	2111	286.325983524323	0	0	0	0
TC	META	EAS	17	53	1777	442.445330381393	0	0	0	0
TC	META	EAS	17	54	1239	342.596193313599	0	0	0	0
TC	META	EAS	17	55	2390	1774.38318729401	0	0	1	29
TC	META	EAS	17	65	2156	611.981918096542	0	0	0	0
TC	META	EAS	17	70	987	169.710915565491	0	0	0	0
TC	META	EAS	17	71	861	160.254192352295	0	0	0	0
TC	META	EAS	17	73	1763	400.877033472061	0	0	0	0
TC	META	EAS	17	74	2242	287.175054073334	0	0	1	51
TC	META	EAS	17	75	2269	337.42974448204	0	0	1	33
TC	META	EAS	17	76	921	186.310492038727	0	0	0	0
TC	META	EAS	17	78	266	30.8517730236053	0	0	0	0
TC	META	EAS	17	80	1116	215.578980445862	0	0	0	0
TC	META	EAS	17	85	1740	444.125708341599	0	0	0	0
TC	META	EAS	17	87	670	90.1329061985016	0	0	0	0
TC	META	EAS	17	90	1999	491.11222410202	0	0	0	0
TC	META	EAS	17	94	993	152.588512897491	0	0	0	0
TC	META	EAS	17	95	864	158.553629636765	0	0	0	0
TC	META	EAS	17	97	1888	370.605013132095	0	0	0	0
TC	META	EAS	17	98	657	117.858578205109	0	0	0	0
TC	META	EAS	17	100	952	159.399346351624	0	0	0	0
TC	META	EAS	17	101	950	213.151369333267	0	0	0	0
TC	META	EAS	17	102	572	5.63573169708252	0	0	1	5
TC	META	EAS	17	103	640	88.7015206813812	0	0	0	0
TC	META	EAS	17	104	103	9.36381983757019	0	0	0	0
TC	META	EAS	17	105	1167	214.781172275543	0	0	0	0
TC	META	EAS	17	109	286	38.4197700023651	0	0	0	0
TC	META	EAS	17	116	692	54.1046559810638	0	0	0	0
TC	META	EAS	17	117	1173	190.124594926834	0	0	0	0
TC	META	EAS	17	118	1015	65.1842751502991	0	0	0	0
TC	META	EAS	17	121	827	133.645880937576	0	0	0	0
TC	META	EAS	17	123	1042	67.9937415122986	0	0	0	0
TC	META	EAS	17	125	1623	324.100809574127	0	0	0	0
TC	META	EAS	17	128	253	17.3516380786896	0	0	0	0
TC	META	EAS	17	130	879	156.69157743454	0	0	0	0
TC	META	EAS	17	133	560	90.9605655670166	0	0	0	0
TC	META	EAS	17	134	1101	238.249670743942	0	0	0	0
TC	META	EAS	18	8	888	61.3514857292175	0	0	0	0
TC	META	EAS	18	9	141	13.9414014816284	0	0	0	0
TC	META	EAS	18	31	1731	380.971638202667	0	0	0	0
TC	META	EAS	18	35	506	34.990570306778	0	0	0	0
TC	META	EAS	18	39	2282	445.985382556915	0	0	0	0
TC	META	EAS	18	41	2479	364.560575723648	0	0	0	0
TC	META	EAS	18	42	1839	348.43594789505	0	0	0	0
TC	META	EAS	18	52	1279	270.066307783127	0	0	0	0
TC	META	EAS	18	61	1768	380.427617311478	0	0	0	0
TC	META	EAS	18	68	135	11.0213503837585	0	0	0	0
TC	META	EAS	18	69	3315	8947.23292660713	0	3	5	66
TC	META	EAS	18	74	2396	483.005019664764	0	0	0	0
TC	META	EAS	18	77	423	59.7266900539398	0	0	0	0
TC	META	EAS	18	78	525	78.2430818080902	0	0	0	0
TC	META	EAS	18	81	1427	317.116934299469	0	0	0	0
TC	META	EAS	18	85	1626	111.188335895538	0	0	0	0
TC	META	EAS	18	88	1151	154.751541852951	0	0	0	0
TC	META	EAS	18	119	186	20.232056379318198	0	0	0	0
TC	META	EAS	19	6	115	10.0549471378326	0	0	0	0
TC	META	EAS	19	12	196	19.4600982666016	0	0	0	0
TC	META	EAS	19	15	158	16.9123206138611	0	0	0	0
TC	META	EAS	19	16	139	14.6808896064758	0	0	0	0
TC	META	EAS	19	19	113	5.40388083457947	0	0	0	0
TC	META	EAS	19	20	238	24.0932421684265	0	0	0	0
TC	META	EAS	19	21	142	13.0560464859009	0	0	0	0
TC	META	EAS	19	22	964	210.073744773865	0	0	0	0
TC	META	EAS	19	25	575	76.1170601844788	0	0	0	0
TC	META	EAS	19	30	596	82.1348414421082	0	0	0	0
TC	META	EAS	19	32	662	95.2390851974487	0	0	0	0
TC	META	EAS	19	33	268	30.8618166446686	0	0	0	0
TC	META	EAS	19	35	1177	186.232881546021	0	0	0	0
TC	META	EAS	19	36	210	10.2651524543762	0	0	0	0
TC	META	EAS	19	37	1299	1126.36010622978	4	5	6	10
TC	META	EAS	19	38	326	109.279726266861	1	3	3	8
TC	META	EAS	19	39	1621	351.707323551178	0	0	0	0
TC	META	EAS	19	42	292	35.1986558437347	0	0	0	0
TC	META	EAS	19	46	1217	172.099611997604	0	0	0	0
TC	META	EAS	19	49	995	139.301528453827	0	0	0	0
TC	META	EAS	19	51	624	101.696256637573	0	0	0	0
TC	META	EAS	19	52	622	55.7113749980927	0	0	0	0
TC	META	EAS	19	53	1628	25.4026248455048	0	0	1	4
TC	META	EAS	19	54	3103	754.970698356628	0	0	0	0
TC	META	EAS	19	63	617	88.4893314838409	0	0	0	0
TC	META	EAS	19	64	1964	404.953452110291	0	1	1	4
TC	META	EAS	19	65	782	58.3287596702576	0	1	0	0
TC	META	EAS	19	67	3881	1126.40475821495	0	0	0	0
TC	META	EAS	19	70	923	182.162642002106	0	0	0	0
TC	META	EAS	19	71	123	10.1633820533752	0	0	0	0
TC	META	EAS	19	72	922	141.0619328022	0	0	0	0
TC	META	EAS	19	73	273	38.5318508148193	0	0	0	0
TC	META	EAS	19	74	1638	431.064971923828	0	0	0	0
TC	META	EAS	19	75	191	400.294765472412	3	8	7	14
TC	META	EAS	19	76	1341	173.886452436447	0	0	0	0
TC	META	EAS	19	77	2124	470.655091524124	0	0	0	0
TC	META	EAS	19	79	828	149.238104343414	0	0	0	0
TC	META	EAS	19	80	283	35.7229645252228	0	0	0	0
TC	META	EAS	19	81	900	627.618270635605	1	1	2	7
TC	META	EAS	19	89	783	88.9030623435974	0	0	0	0
TC	META	EAS	19	90	1413	297.387238740921	0	0	0	0
TC	META	EAS	19	98	329	38.2016892433167	0	0	0	0
TC	META	EAS	20	2	403	56.3873236179352	0	0	0	0
TC	META	EAS	20	10	676	110.347269535065	0	0	0	0
TC	META	EAS	20	12	859	74.1910259723663	0	0	0	0
TC	META	EAS	20	18	815	128.736440420151	0	0	0	0
TC	META	EAS	20	19	194	21.6379859447479	0	0	0	0
TC	META	EAS	20	40	820	81.051197052002	0	0	0	0
TC	META	EAS	20	48	2152	381.145553350449	0	0	0	0
TC	META	EAS	20	55	434	54.6281397342682	0	0	0	0
TC	META	EAS	20	59	1513	233.859910726547	0	0	0	0
TC	META	EAS	20	60	1218	226.088376283646	0	0	0	0
TC	META	EAS	20	63	2628	471.323975563049	0	0	0	0
TC	META	EAS	20	64	658	267.679540872574	0	1	1	17
TC	META	EAS	20	65	1603	46.091057062149	0	0	1	20
TC	META	EAS	20	66	1513	286.148001670837	0	0	0	0
TC	META	EAS	20	67	874	114.064599275589	0	0	0	0
TC	META	EAS	20	68	427	47.5462250709534	0	1	0	0
TC	META	EAS	20	69	1200	215.41108417511	0	0	0	0
TC	META	EAS	20	70	707	110.219507217407	0	0	0	0
TC	META	EAS	20	71	1473	126.82763504982	0	0	1	34
TC	META	EAS	20	77	1366	386.048095703125	0	0	0	0
TC	META	EAS	20	78	1635	374.826320409775	0	0	0	0
TC	META	EAS	20	86	829	108.859029769897	0	0	0	0
TC	META	EAS	20	87	653	72.6079092025757	0	0	0	0
TC	META	EAS	20	89	552	64.641797542572	0	0	0	0
TC	META	EAS	21	3	476	58.517347574234	0	0	0	0
TC	META	EAS	21	5	662	116.804760932922	0	0	0	0
TC	META	EAS	21	30	2579	373.974219322205	0	0	0	0
TC	META	EAS	21	33	1244	259.111624956131	0	0	0	0
TC	META	EAS	21	37	1312	231.942938566208	0	0	0	0
TC	META	EAS	21	41	2007	490.202759504318	0	0	0	0
TC	META	EAS	21	48	2025	218.656382322311	0	0	1	61
TC	META	EAS	21	53	788	135.686989784241	0	0	0	0
TC	META	EAS	22	1	748	81.8868060112	0	0	0	0
TC	META	EAS	22	5	557	51.9417309761047	0	0	0	0
TC	META	EAS	22	9	768	130.345283508301	0	0	0	0
TC	META	EAS	22	13	568	71.6091639995575	0	0	1	26
TC	META	EAS	22	29	1633	239.120687246323	0	0	0	0
TC	META	EAS	22	30	4955	3603.9966378212	1	1	1	1
TC	META	EAS	22	36	721	72.5685248374939	0	0	1	41
TC	META	EAS	22	37	1037	193.87540435791	0	0	0	0
TC	META	EAS	22	40	428	52.506484746933	0	0	0	0
TC	META	EAS	22	43	917	162.69550037384	0	0	0	0
TC	META	EAS	22	45	858	163.407086849213	0	0	0	0
TC	META	EAS	22	46	2535	239.013435602188	0	0	1	6
TC	META	EAS	22	47	1110	168.152835130692	0	0	0	0
TC	META	EAS	22	49	211	8.57784295082092	0	0	1	7
