pheno	chromosome	block	num_variants_0.9.UKBB.EUR	num_variants_0.9.UKBB_0.1.GLGC.EUR	num_variants_0.9.UKBB.AFR	num_variants_0.9.UKBB_0.1.GLGC.AFR	num_variants_0.9.UKBB.EAS	num_variants_0.9.UKBB_0.1.GLGC.EAS
HDL	1	1	0	0	0	0	0	0
HDL	1	2	0	0	0	0	0	0
HDL	1	3	0	0	0	0	0	0
HDL	1	5	0	0	0	0	0	0
HDL	1	15	0	0	0	0	0	0
HDL	1	17	0	0	0	0	0	0
HDL	1	18	0	0	0	0	0	0
HDL	1	19	0	0	0	0	0	0
HDL	1	21	0	0	0	0	0	0
HDL	1	23	0	0	0	0	0	0
HDL	1	24	0	0	0	0	0	0
HDL	1	35	0	0	0	0	0	0
HDL	1	40	0	0	0	0	0	0
HDL	1	43	0	0	0	0	0	0
HDL	1	44	0	0	0	0	0	0
HDL	1	46	0	0	0	0	0	0
HDL	1	48	0	0	0	0	0	0
HDL	1	49	0	0	0	0	0	0
HDL	1	50	0	0	0	0	0	0
HDL	1	51	0	0	0	0	0	0
HDL	1	52	0	0	0	0	0	0
HDL	1	53	0	0	0	0	0	0
HDL	1	57	0	0	0	0	0	0
HDL	1	63	0	0	0	0	0	0
HDL	1	70	0	0	0	0	0	0
HDL	1	71	0	0	0	0	0	0
HDL	1	73	0	0	0	0	0	0
HDL	1	74	0	0	0	0	0	0
HDL	1	75	0	0	0	0	0	0
HDL	1	76	0	0	0	0	0	0
HDL	1	80	0	0	0	0	0	0
HDL	1	85	0	0	0	0	0	0
HDL	1	87	0	0	0	0	0	0
HDL	1	90	0	0	0	0	0	0
HDL	1	92	0	0	0	0	0	0
HDL	1	94	0	0	0	0	0	0
HDL	1	96	0	0	0	0	0	0
HDL	1	97	0	0	0	0	0	0
HDL	1	98	0	0	0	0	0	0
HDL	1	100	0	0	0	0	0	0
HDL	1	102	0	0	0	0	0	0
HDL	1	105	0	0	0	0	0	0
HDL	1	110	0	0	0	0	0	0
HDL	1	113	0	0	0	0	0	0
HDL	1	117	0	0	0	0	0	0
HDL	1	122	0	0	0	0	0	0
HDL	1	124	0	0	0	0	0	0
HDL	1	125	0	0	0	0	0	0
HDL	1	128	0	0	0	0	0	0
HDL	1	129	0	0	0	0	0	0
HDL	1	132	0	0	0	0	0	0
HDL	1	136	0	0	0	0	0	0
HDL	1	138	0	0	0	0	0	0
HDL	1	139	1	0	0	0	0	0
HDL	1	143	0	0	0	0	0	0
HDL	1	153	0	0	0	0	0	0
HDL	1	154	0	0	0	0	0	0
HDL	1	156	0	0	0	0	0	0
HDL	1	158	0	0	0	0	0	0
HDL	1	159	0	0	0	0	0	0
HDL	1	160	0	0	0	0	0	0
HDL	1	168	0	0	0	0	0	0
HDL	1	173	0	0	0	0	0	0
HDL	1	181	0	0	0	0	0	0
HDL	1	182	0	0	0	0	0	0
HDL	1	183	0	0	0	0	0	0
HDL	1	187	0	0	0	0	0	0
HDL	1	189	0	0	0	0	0	0
HDL	1	191	0	0	0	0	0	0
HDL	1	192	0	0	0	0	0	0
HDL	1	193	0	0	0	0	0	0
HDL	1	201	0	0	0	0	0	0
HDL	1	202	1	0	0	0	0	0
HDL	1	203	0	0	0	0	0	0
HDL	1	204	0	0	0	0	0	0
HDL	1	207	0	0	0	0	0	0
HDL	1	208	0	0	0	0	0	0
HDL	1	209	0	0	0	0	0	0
HDL	1	211	0	0	0	0	0	0
HDL	1	213	0	0	0	0	0	0
HDL	1	214	0	0	0	0	0	0
HDL	1	215	0	0	0	0	0	0
HDL	1	216	0	0	0	0	0	0
HDL	1	218	0	0	0	0	0	0
HDL	1	221	0	0	0	0	0	0
HDL	1	224	0	0	0	0	0	0
HDL	1	228	0	0	0	0	0	0
HDL	1	233	0	0	0	0	0	0
HDL	1	234	0	0	0	0	0	0
HDL	1	235	0	0	0	0	0	0
HDL	1	238	0	0	0	0	0	0
HDL	1	239	0	0	0	0	0	0
HDL	1	240	0	0	0	0	0	0
HDL	1	242	0	0	0	0	0	0
HDL	1	243	0	0	0	0	0	0
HDL	1	244	0	0	0	0	0	0
HDL	1	252	0	0	0	0	0	0
HDL	1	253	0	0	0	0	0	0
HDL	1	254	0	0	0	0	0	0
HDL	1	255	0	0	0	0	0	0
HDL	1	257	0	0	0	0	0	0
HDL	1	264	0	0	0	0	0	0
HDL	1	275	0	0	0	0	0	0
HDL	2	1	0	0	0	0	0	0
HDL	2	2	0	0	0	0	0	0
HDL	2	3	0	0	0	0	0	0
HDL	2	4	0	0	0	0	0	0
HDL	2	6	0	0	0	0	0	0
HDL	2	13	0	0	0	0	0	0
HDL	2	28	0	0	0	0	0	0
HDL	2	40	0	0	0	0	0	0
HDL	2	41	0	0	0	0	0	0
HDL	2	44	0	0	0	0	0	0
HDL	2	45	1	0	0	0	0	0
HDL	2	46	0	0	0	0	0	0
HDL	2	47	0	0	0	0	0	0
HDL	2	48	0	0	0	0	0	0
HDL	2	49	0	0	0	0	0	0
HDL	2	50	0	0	0	0	0	0
HDL	2	51	0	0	0	0	0	0
HDL	2	53	0	0	0	0	0	0
HDL	2	55	0	0	0	0	0	0
HDL	2	60	0	0	0	0	0	0
HDL	2	62	0	0	0	0	0	0
HDL	2	63	0	0	0	0	0	0
HDL	2	66	0	0	0	0	0	0
HDL	2	67	0	0	0	0	0	0
HDL	2	68	0	0	0	0	0	0
HDL	2	69	0	0	0	0	0	0
HDL	2	79	0	0	0	0	0	0
HDL	2	80	0	0	0	0	0	0
HDL	2	84	0	0	0	0	0	0
HDL	2	85	0	0	0	0	0	0
HDL	2	86	0	0	0	0	0	0
HDL	2	87	0	0	0	0	0	0
HDL	2	88	0	0	0	0	0	0
HDL	2	89	0	0	0	0	0	0
HDL	2	90	0	0	0	0	0	0
HDL	2	97	0	0	0	0	0	0
HDL	2	99	0	0	0	0	0	0
HDL	2	100	0	0	0	0	0	0
HDL	2	115	0	0	0	0	0	0
HDL	2	117	0	0	0	0	0	0
HDL	2	122	0	0	0	0	0	0
HDL	2	124	0	0	0	0	0	0
HDL	2	125	0	0	0	0	0	0
HDL	2	128	1	0	0	0	0	0
HDL	2	130	0	0	0	0	0	0
HDL	2	131	0	0	0	0	0	0
HDL	2	132	0	0	0	0	0	0
HDL	2	138	0	0	0	0	0	0
HDL	2	146	0	0	0	0	0	0
HDL	2	147	0	0	0	0	0	0
HDL	2	151	0	0	0	0	0	0
HDL	2	153	0	0	0	0	0	0
HDL	2	154	0	0	0	0	0	0
HDL	2	159	0	0	0	0	0	0
HDL	2	163	0	0	0	0	0	0
HDL	2	164	0	0	0	0	0	0
HDL	2	166	0	0	0	0	0	0
HDL	2	168	0	0	0	0	0	0
HDL	2	171	0	0	0	0	0	0
HDL	2	175	0	0	0	0	0	0
HDL	2	176	0	0	0	0	0	0
HDL	2	177	0	0	0	0	0	0
HDL	2	180	0	0	0	0	0	0
HDL	2	181	0	0	0	0	0	0
HDL	2	183	0	0	0	0	0	0
HDL	2	184	0	0	0	0	0	0
HDL	2	185	0	0	0	0	0	0
HDL	2	186	0	0	0	0	0	0
HDL	2	191	0	0	0	0	0	0
HDL	2	195	0	0	0	0	0	0
HDL	2	197	0	0	0	0	0	0
HDL	2	199	0	0	0	0	0	0
HDL	2	202	0	0	0	0	0	0
HDL	2	205	0	0	0	0	0	0
HDL	2	208	0	0	0	0	0	0
HDL	2	209	0	0	0	0	0	0
HDL	2	210	0	0	0	0	0	0
HDL	2	213	0	0	0	0	0	0
HDL	2	215	0	0	0	0	0	0
HDL	2	217	0	0	0	0	0	0
HDL	2	218	0	0	0	0	0	0
HDL	2	221	0	0	0	0	0	0
HDL	2	227	0	0	0	0	0	0
HDL	2	228	0	0	0	0	0	0
HDL	2	230	0	0	0	0	0	0
HDL	2	232	0	0	0	0	0	0
HDL	2	233	0	0	0	0	0	0
HDL	2	234	0	0	0	0	0	0
HDL	2	235	0	0	0	0	0	0
HDL	2	237	0	0	0	0	0	0
HDL	2	240	0	0	0	0	0	0
HDL	2	247	0	0	0	0	0	0
HDL	2	250	0	0	0	0	0	0
HDL	2	251	0	0	0	0	0	0
HDL	2	256	0	0	0	0	0	0
HDL	3	8	0	0	0	0	0	0
HDL	3	9	0	0	0	0	0	0
HDL	3	20	0	0	0	0	0	0
HDL	3	23	0	0	0	0	0	0
HDL	3	24	0	0	0	0	0	0
HDL	3	25	0	0	0	0	0	0
HDL	3	28	0	0	0	0	0	0
HDL	3	30	0	0	0	0	0	0
HDL	3	32	0	0	0	0	0	0
HDL	3	34	0	0	0	0	0	0
HDL	3	35	0	0	0	0	0	0
HDL	3	39	0	0	0	0	0	0
HDL	3	40	0	0	0	0	0	0
HDL	3	41	0	0	0	0	0	0
HDL	3	42	0	0	0	0	0	0
HDL	3	55	0	0	0	0	0	0
HDL	3	59	0	0	0	0	0	0
HDL	3	60	0	0	0	0	0	0
HDL	3	64	0	0	0	0	0	0
HDL	3	65	0	0	0	0	0	0
HDL	3	71	0	0	0	0	0	0
HDL	3	77	0	0	0	0	0	0
HDL	3	81	0	0	0	0	0	0
HDL	3	83	0	0	0	0	0	0
HDL	3	84	0	0	0	0	0	0
HDL	3	85	0	0	0	0	0	0
HDL	3	88	0	0	0	0	0	0
HDL	3	89	0	0	0	0	0	0
HDL	3	90	0	0	0	0	0	0
HDL	3	105	0	0	0	0	0	0
HDL	3	106	0	0	0	0	0	0
HDL	3	108	0	0	0	0	0	0
HDL	3	109	0	0	0	0	0	0
HDL	3	112	0	0	0	0	0	0
HDL	3	114	0	0	0	0	0	0
HDL	3	119	0	0	0	0	0	0
HDL	3	120	0	0	0	0	0	0
HDL	3	121	0	0	0	0	0	0
HDL	3	123	0	0	0	0	0	0
HDL	3	124	0	0	0	0	0	0
HDL	3	125	0	0	0	0	0	0
HDL	3	127	0	0	0	0	0	0
HDL	3	128	0	0	0	0	0	0
HDL	3	129	0	0	0	0	0	0
HDL	3	132	0	0	0	0	0	0
HDL	3	134	0	0	0	0	0	0
HDL	3	135	0	0	0	0	0	0
HDL	3	136	0	0	0	0	0	0
HDL	3	140	0	0	0	0	0	0
HDL	3	144	0	0	0	0	0	0
HDL	3	145	0	0	0	0	0	0
HDL	3	146	0	0	0	0	0	0
HDL	3	155	1	1	0	0	0	0
HDL	3	158	0	0	0	0	0	0
HDL	3	159	0	0	0	0	0	0
HDL	3	161	0	0	0	0	0	0
HDL	3	162	0	0	0	0	0	0
HDL	3	165	0	0	0	0	0	0
HDL	3	170	0	0	0	0	0	0
HDL	3	171	0	0	0	0	0	0
HDL	3	174	0	0	0	0	0	0
HDL	3	175	0	0	0	0	0	0
HDL	3	179	0	0	0	0	0	0
HDL	3	183	0	0	0	0	0	0
HDL	3	184	0	0	0	0	0	0
HDL	3	186	0	0	0	0	0	0
HDL	3	191	0	0	0	0	0	0
HDL	3	193	0	0	0	0	0	0
HDL	3	195	0	0	0	0	0	0
HDL	3	212	0	0	0	0	0	0
HDL	3	214	0	0	0	0	0	0
HDL	3	216	0	0	0	0	0	0
HDL	4	1	0	0	0	0	0	0
HDL	4	4	0	0	0	0	0	0
HDL	4	10	0	0	0	0	0	0
HDL	4	21	0	0	0	0	0	0
HDL	4	32	0	0	0	0	0	0
HDL	4	33	0	0	0	0	0	0
HDL	4	37	0	0	0	0	0	0
HDL	4	39	0	0	0	0	0	0
HDL	4	42	0	0	0	0	0	0
HDL	4	54	0	0	0	0	0	0
HDL	4	55	0	0	0	0	0	0
HDL	4	63	0	0	0	0	0	0
HDL	4	64	0	0	0	0	0	0
HDL	4	66	0	0	0	0	0	0
HDL	4	67	0	0	0	0	0	0
HDL	4	71	0	0	0	0	0	0
HDL	4	79	0	0	0	0	0	0
HDL	4	80	0	0	0	0	0	0
HDL	4	87	0	0	0	0	0	0
HDL	4	94	0	0	0	0	0	0
HDL	4	95	0	0	0	0	0	0
HDL	4	101	0	0	0	0	0	0
HDL	4	102	0	0	0	0	0	0
HDL	4	103	0	0	0	0	0	0
HDL	4	109	0	0	0	0	0	0
HDL	4	113	0	0	0	0	0	0
HDL	4	114	1	0	0	0	0	0
HDL	4	115	1	0	0	0	0	0
HDL	4	116	0	0	0	0	0	0
HDL	4	117	0	0	0	0	0	0
HDL	4	121	0	0	0	0	0	0
HDL	4	122	0	0	0	0	0	0
HDL	4	123	0	0	0	0	0	0
HDL	4	124	0	0	0	0	0	0
HDL	4	129	0	0	0	0	0	0
HDL	4	130	0	0	0	0	0	0
HDL	4	134	0	0	0	0	0	0
HDL	4	136	0	0	0	0	0	0
HDL	4	146	0	0	0	0	0	0
HDL	4	147	0	0	0	0	0	0
HDL	4	149	0	0	0	0	0	0
HDL	4	150	0	0	0	0	0	0
HDL	4	151	0	0	0	0	0	0
HDL	4	152	1	0	0	0	0	0
HDL	4	153	0	0	0	0	0	0
HDL	4	154	0	0	0	0	0	0
HDL	4	156	0	0	0	0	0	0
HDL	4	159	0	0	0	0	0	0
HDL	4	164	0	0	0	0	0	0
HDL	4	165	0	0	0	0	0	0
HDL	4	168	0	0	0	0	0	0
HDL	4	180	0	0	0	0	0	0
HDL	4	182	0	0	0	0	0	0
HDL	4	184	0	0	0	0	0	0
HDL	4	205	0	0	0	0	0	0
HDL	4	209	0	0	0	0	0	0
HDL	5	1	0	0	0	0	0	0
HDL	5	2	0	0	0	0	0	0
HDL	5	9	0	0	0	0	0	0
HDL	5	27	0	0	0	0	0	0
HDL	5	56	0	0	0	0	0	0
HDL	5	57	0	0	0	0	0	0
HDL	5	58	0	0	0	0	0	0
HDL	5	60	0	0	0	0	0	0
HDL	5	64	0	0	0	0	0	0
HDL	5	66	0	0	0	0	0	0
HDL	5	68	0	0	0	0	0	0
HDL	5	69	0	0	0	0	0	0
HDL	5	70	0	0	0	0	0	0
HDL	5	71	0	0	0	0	0	0
HDL	5	72	0	0	0	0	0	0
HDL	5	75	0	0	0	0	0	0
HDL	5	78	1	0	0	0	0	0
HDL	5	80	0	0	0	0	0	0
HDL	5	81	0	0	0	0	0	0
HDL	5	82	0	0	0	0	0	0
HDL	5	85	0	0	0	0	0	0
HDL	5	88	0	0	0	0	0	0
HDL	5	92	0	0	0	0	0	0
HDL	5	93	0	0	0	0	0	0
HDL	5	96	0	0	0	0	0	0
HDL	5	97	0	0	0	0	0	0
HDL	5	102	0	0	0	0	0	0
HDL	5	104	0	0	0	0	0	0
HDL	5	105	0	0	0	0	0	0
HDL	5	108	0	0	0	0	0	0
HDL	5	109	0	0	0	0	0	0
HDL	5	114	0	0	0	0	0	0
HDL	5	116	0	0	0	0	0	0
HDL	5	117	0	0	0	0	0	0
HDL	5	119	0	0	0	0	0	0
HDL	5	120	0	0	0	0	0	0
HDL	5	127	0	0	0	0	0	0
HDL	5	130	0	0	0	0	0	0
HDL	5	132	0	0	0	0	0	0
HDL	5	133	0	0	0	0	0	0
HDL	5	134	0	0	0	0	0	0
HDL	5	136	0	0	0	0	0	0
HDL	5	142	0	0	0	0	0	0
HDL	5	144	0	0	0	0	0	0
HDL	5	145	0	0	0	0	0	0
HDL	5	146	0	0	0	0	0	0
HDL	5	147	0	0	0	0	0	0
HDL	5	151	0	0	0	0	0	0
HDL	5	152	0	0	0	0	0	0
HDL	5	154	0	0	0	0	0	0
HDL	5	156	2	1	0	0	0	0
HDL	5	158	0	0	0	0	0	0
HDL	5	160	0	0	0	0	0	0
HDL	5	163	0	0	0	0	0	0
HDL	5	167	0	0	0	0	0	0
HDL	5	168	0	0	0	0	0	0
HDL	5	181	0	0	0	0	0	0
HDL	5	189	0	0	0	0	0	0
HDL	5	191	0	0	0	0	0	0
HDL	5	193	0	0	0	0	0	0
HDL	5	194	0	0	0	0	0	0
HDL	5	202	0	0	0	0	0	0
HDL	5	207	0	0	0	0	0	0
HDL	5	208	0	0	0	0	0	0
HDL	5	209	0	0	0	0	0	0
HDL	5	210	0	0	0	0	0	0
HDL	6	18	0	0	0	0	0	0
HDL	6	19	0	0	0	0	0	0
HDL	6	21	0	0	0	0	0	0
HDL	6	23	0	0	0	0	0	0
HDL	6	29	0	0	0	0	0	0
HDL	6	34	0	0	0	0	0	0
HDL	6	36	0	0	0	0	0	0
HDL	6	37	0	0	0	0	0	0
HDL	6	38	0	0	0	0	0	0
HDL	6	39	0	0	0	0	0	0
HDL	6	43	0	0	0	0	0	0
HDL	6	49	0	0	0	0	0	0
HDL	6	50	0	0	0	0	0	0
HDL	6	51	0	0	0	0	0	0
HDL	6	52	0	0	0	0	0	0
HDL	6	53	0	0	0	0	0	0
HDL	6	55	0	0	0	0	0	0
HDL	6	57	0	0	0	0	0	0
HDL	6	58	0	0	0	0	0	0
HDL	6	60	0	0	0	0	0	0
HDL	6	63	0	0	0	0	0	0
HDL	6	64	0	0	0	0	0	0
HDL	6	68	0	0	0	0	0	0
HDL	6	69	0	0	0	0	0	0
HDL	6	71	0	0	0	0	0	0
HDL	6	73	0	0	0	0	0	0
HDL	6	76	0	0	0	0	0	0
HDL	6	84	0	0	0	0	0	0
HDL	6	85	0	0	0	0	0	0
HDL	6	86	0	0	0	0	0	0
HDL	6	88	0	0	0	0	0	0
HDL	6	90	0	0	0	0	0	0
HDL	6	94	0	0	0	0	0	0
HDL	6	97	0	0	0	0	0	0
HDL	6	98	0	0	0	0	0	0
HDL	6	101	0	0	0	0	0	0
HDL	6	105	0	0	0	0	0	0
HDL	6	106	0	0	0	0	0	0
HDL	6	108	0	0	0	0	0	0
HDL	6	109	0	0	0	0	0	0
HDL	6	115	0	0	0	0	0	0
HDL	6	116	0	0	0	0	0	0
HDL	6	117	0	0	0	0	0	0
HDL	6	118	0	0	0	0	0	0
HDL	6	124	0	0	0	0	0	0
HDL	6	127	0	0	0	0	0	0
HDL	6	128	0	0	0	0	0	0
HDL	6	134	0	0	0	0	0	0
HDL	6	137	0	0	0	0	0	0
HDL	6	140	0	0	0	0	0	0
HDL	6	146	0	0	0	0	0	0
HDL	6	160	0	0	0	0	0	0
HDL	6	161	0	0	0	0	0	0
HDL	6	164	0	0	0	0	0	0
HDL	6	167	1	1	0	0	0	0
HDL	6	168	0	0	0	0	0	0
HDL	6	169	2	0	0	0	0	0
HDL	6	173	0	0	0	0	0	0
HDL	6	175	0	0	0	0	0	0
HDL	6	179	0	0	0	0	0	0
HDL	6	182	0	0	0	0	0	0
HDL	6	183	0	0	0	0	0	0
HDL	7	1	0	0	0	0	0	0
HDL	7	3	0	0	0	0	0	0
HDL	7	12	1	0	0	0	0	0
HDL	7	13	0	0	0	0	0	0
HDL	7	21	0	0	0	0	0	0
HDL	7	25	0	0	0	0	0	0
HDL	7	26	0	0	0	0	0	0
HDL	7	31	0	0	0	0	0	0
HDL	7	32	0	0	0	0	0	0
HDL	7	33	0	0	0	0	0	0
HDL	7	37	0	0	0	0	0	0
HDL	7	39	0	0	0	0	0	0
HDL	7	40	0	0	0	0	0	0
HDL	7	42	0	0	0	0	0	0
HDL	7	43	0	0	0	0	0	0
HDL	7	44	0	0	0	0	0	0
HDL	7	45	0	0	0	0	0	0
HDL	7	46	0	0	0	0	0	0
HDL	7	48	0	0	0	0	0	0
HDL	7	49	0	0	0	0	0	0
HDL	7	51	0	0	0	0	0	0
HDL	7	53	0	0	0	0	0	0
HDL	7	58	0	0	0	0	0	0
HDL	7	62	0	0	0	0	0	0
HDL	7	64	0	0	0	0	0	0
HDL	7	67	0	0	0	0	0	0
HDL	7	69	0	0	0	0	0	0
HDL	7	72	0	0	0	0	0	0
HDL	7	73	0	0	0	0	0	0
HDL	7	74	0	0	0	0	0	0
HDL	7	82	0	0	0	0	0	0
HDL	7	85	1	0	0	0	0	0
HDL	7	86	0	0	0	0	0	0
HDL	7	87	0	0	0	0	0	0
HDL	7	88	0	0	0	0	0	0
HDL	7	89	0	0	0	0	0	0
HDL	7	90	0	0	0	0	0	0
HDL	7	92	0	0	0	0	0	0
HDL	7	93	0	0	0	0	0	0
HDL	7	94	0	0	0	0	0	0
HDL	7	95	0	0	0	0	0	0
HDL	7	99	0	0	0	0	0	0
HDL	7	101	0	0	0	0	0	0
HDL	7	107	1	0	0	0	0	0
HDL	7	111	0	0	0	0	0	0
HDL	7	113	0	0	0	0	0	0
HDL	7	114	0	0	0	0	0	0
HDL	7	119	0	0	0	0	0	0
HDL	7	121	0	0	0	0	0	0
HDL	7	127	0	0	0	0	0	0
HDL	7	128	0	0	0	0	0	0
HDL	7	131	0	0	0	0	0	0
HDL	7	132	0	0	0	0	0	0
HDL	7	133	0	0	0	0	0	0
HDL	7	134	0	0	0	0	0	0
HDL	7	139	0	0	0	0	0	0
HDL	7	141	0	0	0	0	0	0
HDL	7	143	0	0	0	0	0	0
HDL	7	145	0	0	0	0	0	0
HDL	7	146	0	0	0	0	0	0
HDL	7	147	0	0	0	0	0	0
HDL	7	160	0	0	0	0	0	0
HDL	7	161	0	0	0	0	0	0
HDL	7	162	0	0	0	0	0	0
HDL	7	164	0	0	0	0	0	0
HDL	7	184	0	0	0	0	0	0
HDL	7	187	0	0	0	0	0	0
HDL	8	13	0	0	0	0	0	0
HDL	8	17	0	0	0	0	0	0
HDL	8	20	0	0	0	0	0	0
HDL	8	21	0	0	0	0	0	0
HDL	8	22	0	0	0	0	0	0
HDL	8	23	0	0	0	0	0	0
HDL	8	24	0	0	0	0	0	0
HDL	8	27	0	0	0	0	0	0
HDL	8	29	0	0	0	0	0	0
HDL	8	30	0	0	0	0	0	0
HDL	8	31	0	0	0	0	0	0
HDL	8	32	1	0	0	0	0	0
HDL	8	33	0	0	0	0	0	0
HDL	8	34	0	0	0	0	0	0
HDL	8	35	0	0	0	0	0	0
HDL	8	36	0	0	0	0	0	0
HDL	8	37	0	0	0	0	0	0
HDL	8	39	0	0	0	0	0	0
HDL	8	40	0	0	0	0	0	0
HDL	8	42	0	0	0	0	0	0
HDL	8	46	0	0	0	0	0	0
HDL	8	48	0	0	0	0	0	0
HDL	8	51	0	0	0	0	0	0
HDL	8	53	0	0	0	0	0	0
HDL	8	55	0	0	0	0	0	0
HDL	8	69	0	0	0	0	0	0
HDL	8	70	0	0	0	0	0	0
HDL	8	71	0	0	0	0	0	0
HDL	8	77	0	0	0	0	0	0
HDL	8	78	0	0	0	0	0	0
HDL	8	80	0	0	0	0	0	0
HDL	8	81	0	0	0	0	0	0
HDL	8	84	0	0	0	0	0	0
HDL	8	88	0	0	0	0	0	0
HDL	8	93	0	0	0	0	0	0
HDL	8	94	0	0	0	0	0	0
HDL	8	107	0	0	0	0	0	0
HDL	8	108	0	0	0	0	0	0
HDL	8	109	0	0	0	0	0	0
HDL	8	110	0	0	0	0	0	0
HDL	8	112	0	0	0	0	0	0
HDL	8	113	0	0	0	0	0	0
HDL	8	115	0	0	0	0	0	0
HDL	8	118	1	0	0	0	0	0
HDL	8	119	0	0	0	0	0	0
HDL	8	124	0	0	0	0	0	0
HDL	8	125	0	0	0	0	0	0
HDL	8	127	0	0	0	0	0	0
HDL	8	130	0	0	0	0	0	0
HDL	8	159	0	0	0	0	0	0
HDL	8	160	0	0	0	0	0	0
HDL	9	1	0	0	0	0	0	0
HDL	9	4	0	0	0	0	0	0
HDL	9	9	0	0	0	0	0	0
HDL	9	12	0	0	0	0	0	0
HDL	9	27	0	0	0	0	0	0
HDL	9	31	0	0	0	0	0	0
HDL	9	33	0	0	0	0	0	0
HDL	9	36	0	0	0	0	0	0
HDL	9	40	0	0	0	0	0	0
HDL	9	48	0	0	0	0	0	0
HDL	9	49	0	0	0	0	0	0
HDL	9	50	0	0	0	0	0	0
HDL	9	51	0	0	0	0	0	0
HDL	9	53	0	0	0	0	0	0
HDL	9	56	0	0	0	0	0	0
HDL	9	63	0	0	0	0	0	0
HDL	9	78	0	0	0	0	0	0
HDL	9	84	0	0	0	0	0	0
HDL	9	85	0	0	0	0	0	0
HDL	9	88	1	0	0	0	0	0
HDL	9	91	0	0	0	0	0	0
HDL	9	92	0	0	0	0	0	0
HDL	9	93	0	0	0	0	0	0
HDL	9	97	0	0	0	0	0	0
HDL	9	98	0	0	0	0	0	0
HDL	9	100	0	0	0	0	0	0
HDL	9	102	0	0	0	0	0	0
HDL	9	103	0	0	0	0	0	0
HDL	9	104	1	0	0	0	0	0
HDL	9	105	0	0	0	0	0	0
HDL	9	106	0	0	0	0	0	0
HDL	9	107	0	0	0	0	0	0
HDL	9	109	0	0	0	0	0	0
HDL	9	110	5	0	1	0	0	0
HDL	9	111	0	0	0	0	0	0
HDL	9	112	0	0	0	0	0	0
HDL	9	113	0	0	0	0	0	0
HDL	9	114	0	0	0	0	0	0
HDL	9	115	0	0	0	0	0	0
HDL	9	116	0	0	0	0	0	0
HDL	9	118	0	0	0	0	0	0
HDL	9	124	0	0	0	0	0	0
HDL	9	129	0	0	0	0	0	0
HDL	9	130	0	0	0	0	0	0
HDL	9	134	0	0	0	0	0	0
HDL	9	136	0	0	0	0	0	0
HDL	9	138	0	0	0	0	0	0
HDL	9	140	0	0	0	0	0	0
HDL	9	141	0	0	0	0	0	0
HDL	9	144	0	0	0	0	0	0
HDL	9	148	0	0	0	0	0	0
HDL	9	149	0	0	0	0	0	0
HDL	9	152	0	0	0	0	0	0
HDL	9	153	0	0	0	0	0	0
HDL	9	154	0	0	0	0	0	0
HDL	9	156	0	0	0	0	0	0
HDL	9	162	0	0	0	0	0	0
HDL	10	1	0	0	0	0	0	0
HDL	10	9	0	0	0	0	0	0
HDL	10	11	0	0	0	0	0	0
HDL	10	13	0	0	0	0	0	0
HDL	10	14	0	0	0	0	0	0
HDL	10	20	0	0	0	0	0	0
HDL	10	22	0	0	0	0	0	0
HDL	10	23	0	0	0	0	0	0
HDL	10	33	0	0	0	0	0	0
HDL	10	40	0	0	0	0	0	0
HDL	10	43	0	0	0	0	0	0
HDL	10	46	0	0	0	0	0	0
HDL	10	48	0	0	0	0	0	0
HDL	10	49	0	0	0	0	0	0
HDL	10	52	0	0	0	0	0	0
HDL	10	54	0	0	0	0	0	0
HDL	10	60	0	0	0	0	0	0
HDL	10	61	0	0	0	0	0	0
HDL	10	64	0	0	0	0	0	0
HDL	10	67	0	0	0	0	0	0
HDL	10	68	0	0	0	0	0	0
HDL	10	70	0	0	0	0	0	0
HDL	10	79	0	0	0	0	0	0
HDL	10	80	0	0	0	0	0	0
HDL	10	81	0	0	0	0	0	0
HDL	10	83	0	0	0	0	0	0
HDL	10	85	0	0	0	0	0	0
HDL	10	87	0	0	0	0	0	0
HDL	10	92	0	0	0	0	0	0
HDL	10	93	0	0	0	0	0	0
HDL	10	100	0	0	0	0	0	0
HDL	10	101	0	0	0	0	0	0
HDL	10	109	0	0	0	0	0	0
HDL	10	113	0	0	0	0	0	0
HDL	10	117	0	0	0	0	0	0
HDL	10	124	0	0	0	0	0	0
HDL	10	126	0	0	0	0	0	0
HDL	10	127	0	0	0	0	0	0
HDL	10	128	0	0	0	0	0	0
HDL	10	129	0	0	0	0	0	0
HDL	10	130	0	0	0	0	0	0
HDL	10	137	0	0	0	0	0	0
HDL	10	138	0	0	0	0	0	0
HDL	10	140	0	0	0	0	0	0
HDL	10	141	0	0	0	0	0	0
HDL	10	142	0	0	0	0	0	0
HDL	10	143	0	0	0	0	0	0
HDL	10	144	0	0	0	0	0	0
HDL	10	145	0	0	0	0	0	0
HDL	10	150	0	0	0	0	0	0
HDL	10	152	0	0	0	0	0	0
HDL	10	153	0	0	0	0	0	0
HDL	10	154	0	0	0	0	0	0
HDL	10	157	0	0	0	0	0	0
HDL	10	162	0	0	0	0	0	0
HDL	10	167	0	0	0	0	0	0
HDL	11	2	1	0	0	0	0	0
HDL	11	4	0	0	0	0	0	0
HDL	11	6	0	0	0	0	0	0
HDL	11	7	0	0	0	0	0	0
HDL	11	11	0	0	0	0	0	0
HDL	11	18	0	0	0	0	0	0
HDL	11	19	0	0	0	0	0	0
HDL	11	26	0	0	0	0	0	0
HDL	11	27	0	0	0	0	0	0
HDL	11	28	0	0	0	0	0	0
HDL	11	29	0	0	0	0	0	0
HDL	11	30	0	0	0	0	0	0
HDL	11	33	0	0	0	0	0	0
HDL	11	51	0	0	0	0	0	0
HDL	11	52	0	0	0	0	0	0
HDL	11	53	0	0	0	0	0	0
HDL	11	54	0	0	0	0	0	0
HDL	11	57	0	0	0	0	0	0
HDL	11	65	0	0	0	0	0	0
HDL	11	70	0	0	0	0	0	0
HDL	11	75	0	0	0	0	0	0
HDL	11	76	0	0	0	0	0	0
HDL	11	77	0	0	0	0	0	0
HDL	11	78	1	0	0	0	0	0
HDL	11	79	0	0	0	0	0	0
HDL	11	80	0	0	0	0	0	0
HDL	11	81	0	0	0	0	0	0
HDL	11	86	0	0	0	0	0	0
HDL	11	88	0	0	0	0	0	0
HDL	11	89	0	0	0	0	0	0
HDL	11	90	0	0	0	0	0	0
HDL	11	100	0	0	0	0	0	0
HDL	11	107	0	0	0	0	0	0
HDL	11	108	0	0	0	0	0	0
HDL	11	109	0	0	0	0	0	0
HDL	11	115	0	0	0	0	0	0
HDL	11	117	0	0	0	0	0	0
HDL	11	121	0	0	0	0	0	0
HDL	11	123	0	0	0	0	0	0
HDL	11	126	0	0	0	0	0	0
HDL	11	128	0	0	0	0	0	0
HDL	11	129	0	0	0	0	0	0
HDL	11	130	1	0	0	0	0	0
HDL	11	131	1	0	0	0	0	0
HDL	11	132	0	0	0	0	0	0
HDL	11	133	0	0	0	0	0	0
HDL	11	134	0	0	0	0	0	0
HDL	11	138	0	0	0	0	0	0
HDL	11	140	0	0	0	0	0	0
HDL	11	141	0	0	0	0	0	0
HDL	11	142	0	0	0	0	0	0
HDL	11	147	0	0	0	0	0	0
HDL	11	148	0	0	0	0	0	0
HDL	11	149	0	0	0	0	0	0
HDL	12	4	0	0	0	0	0	0
HDL	12	8	0	0	0	0	0	0
HDL	12	9	0	0	0	0	0	0
HDL	12	12	0	0	0	0	0	0
HDL	12	17	0	0	0	0	0	0
HDL	12	18	0	0	0	0	0	0
HDL	12	23	0	0	0	0	0	0
HDL	12	24	0	0	0	0	0	0
HDL	12	25	0	0	0	0	0	0
HDL	12	31	0	0	0	0	0	0
HDL	12	32	0	0	0	0	0	0
HDL	12	34	0	0	0	0	0	0
HDL	12	35	0	0	0	0	0	0
HDL	12	36	0	0	0	0	0	0
HDL	12	38	0	0	0	0	0	0
HDL	12	40	0	0	0	0	0	0
HDL	12	41	1	0	0	0	0	0
HDL	12	42	0	0	0	0	0	0
HDL	12	45	0	0	0	0	0	0
HDL	12	48	0	0	0	0	0	0
HDL	12	49	0	0	0	0	0	0
HDL	12	53	0	0	0	0	0	0
HDL	12	59	0	0	0	0	0	0
HDL	12	60	0	0	0	0	0	0
HDL	12	61	0	0	0	0	0	0
HDL	12	62	0	0	0	0	0	0
HDL	12	63	0	0	0	0	0	0
HDL	12	66	0	0	0	0	0	0
HDL	12	67	0	0	0	0	0	0
HDL	12	68	0	0	0	0	0	0
HDL	12	69	0	0	0	0	0	0
HDL	12	70	0	0	0	0	0	0
HDL	12	71	1	0	0	0	0	0
HDL	12	72	0	0	0	0	0	0
HDL	12	73	0	0	0	0	0	0
HDL	12	77	0	0	0	0	0	0
HDL	12	80	0	0	0	0	0	0
HDL	12	81	0	0	0	0	0	0
HDL	12	82	0	0	0	0	0	0
HDL	12	94	0	0	0	0	0	0
HDL	12	96	0	0	0	0	0	0
HDL	12	97	0	0	0	0	0	0
HDL	12	100	0	0	0	0	0	0
HDL	12	103	0	0	0	0	0	0
HDL	12	108	0	0	0	0	0	0
HDL	12	110	0	0	0	0	0	0
HDL	12	112	0	0	0	0	0	0
HDL	12	119	1	0	0	0	0	0
HDL	12	120	0	0	0	0	0	0
HDL	12	121	0	0	0	0	0	0
HDL	12	122	2	1	0	0	0	0
HDL	12	123	0	0	0	0	0	0
HDL	12	125	0	0	0	0	0	0
HDL	12	129	0	0	0	0	0	0
HDL	12	132	1	0	0	0	0	0
HDL	12	138	0	0	0	0	0	0
HDL	12	139	0	0	0	0	0	0
HDL	12	140	0	0	0	0	0	0
HDL	12	141	1	0	1	0	0	0
HDL	12	154	0	0	0	0	0	0
HDL	12	156	0	0	0	0	0	0
HDL	12	163	0	0	0	0	0	0
HDL	13	1	0	0	0	0	0	0
HDL	13	8	0	0	0	0	0	0
HDL	13	16	0	0	0	0	0	0
HDL	13	18	0	0	0	0	0	0
HDL	13	20	0	0	0	0	0	0
HDL	13	21	0	0	0	0	0	0
HDL	13	23	0	0	0	0	0	0
HDL	13	25	0	0	0	0	0	0
HDL	13	38	0	0	0	0	0	0
HDL	13	40	0	0	0	0	0	0
HDL	13	45	0	0	0	0	0	0
HDL	13	47	0	0	0	0	0	0
HDL	13	50	0	0	0	0	0	0
HDL	13	52	0	0	0	0	0	0
HDL	13	54	0	0	0	0	0	0
HDL	13	55	0	0	0	0	0	0
HDL	13	57	0	0	0	0	0	0
HDL	13	58	0	0	0	0	0	0
HDL	13	60	0	0	0	0	0	0
HDL	13	61	0	0	0	0	0	0
HDL	13	70	0	0	0	0	0	0
HDL	13	72	0	0	0	0	0	0
HDL	13	73	0	0	0	0	0	0
HDL	13	80	0	0	0	0	0	0
HDL	13	82	0	0	0	0	0	0
HDL	13	88	0	0	0	0	0	0
HDL	13	94	0	0	0	0	0	0
HDL	13	96	0	0	0	0	0	0
HDL	13	111	1	0	0	0	0	0
HDL	13	119	0	0	0	0	0	0
HDL	13	124	1	0	0	0	0	0
HDL	13	125	0	0	0	0	0	0
HDL	14	1	0	0	0	0	0	0
HDL	14	6	0	0	0	0	0	0
HDL	14	14	0	0	0	0	0	0
HDL	14	19	0	0	0	0	0	0
HDL	14	24	0	0	0	0	0	0
HDL	14	31	0	0	0	0	0	0
HDL	14	35	0	0	0	0	0	0
HDL	14	46	0	0	0	0	0	0
HDL	14	47	0	0	0	0	0	0
HDL	14	49	0	0	0	0	0	0
HDL	14	64	0	0	0	0	0	0
HDL	14	67	0	0	0	0	0	0
HDL	14	68	0	0	0	0	0	0
HDL	14	70	0	0	0	0	0	0
HDL	14	72	0	0	0	0	0	0
HDL	14	73	0	0	0	0	0	0
HDL	14	80	0	0	0	0	0	0
HDL	14	81	0	0	0	0	0	0
HDL	14	84	0	0	0	0	0	0
HDL	14	86	0	0	0	0	0	0
HDL	14	93	0	0	0	0	0	0
HDL	14	95	0	0	0	0	0	0
HDL	14	97	0	0	0	0	0	0
HDL	14	100	0	0	0	0	0	0
HDL	14	103	0	0	0	0	0	0
HDL	14	117	0	0	0	0	0	0
HDL	14	121	0	0	0	0	0	0
HDL	14	122	0	0	0	0	0	0
HDL	14	126	0	0	0	0	0	0
HDL	14	128	0	0	0	0	0	0
HDL	14	129	0	0	0	0	0	0
HDL	15	4	0	0	0	0	0	0
HDL	15	10	0	0	0	0	0	0
HDL	15	22	0	0	0	0	0	0
HDL	15	27	0	0	0	0	0	0
HDL	15	28	0	0	0	0	0	0
HDL	15	29	0	0	0	0	0	0
HDL	15	31	0	0	0	0	0	0
HDL	15	34	0	0	0	0	0	0
HDL	15	35	0	0	0	0	0	0
HDL	15	37	0	0	0	0	0	0
HDL	15	38	0	0	0	0	0	0
HDL	15	39	0	0	0	0	0	0
HDL	15	40	0	0	0	0	0	0
HDL	15	41	0	0	0	0	0	0
HDL	15	45	1	0	0	0	0	0
HDL	15	46	0	0	0	0	0	0
HDL	15	48	0	0	0	0	0	0
HDL	15	50	0	0	0	0	0	0
HDL	15	51	0	0	0	0	0	0
HDL	15	52	0	0	1	0	0	0
HDL	15	53	1	0	1	0	0	0
HDL	15	54	1	0	0	0	0	0
HDL	15	55	0	0	0	0	0	0
HDL	15	56	0	0	0	0	0	0
HDL	15	59	0	0	0	0	0	0
HDL	15	62	0	0	0	0	0	0
HDL	15	64	0	0	0	0	0	0
HDL	15	66	0	0	0	0	0	0
HDL	15	70	0	0	0	0	0	0
HDL	15	71	0	0	0	0	0	0
HDL	15	73	0	0	0	0	0	0
HDL	15	76	0	0	0	0	0	0
HDL	15	79	0	0	0	0	0	0
HDL	15	86	0	0	0	0	0	0
HDL	15	88	0	0	0	0	0	0
HDL	15	90	0	0	0	0	0	0
HDL	15	98	0	0	0	0	0	0
HDL	15	102	0	0	0	0	0	0
HDL	15	108	0	0	0	0	0	0
HDL	15	111	0	0	0	0	0	0
HDL	15	117	0	0	0	0	0	0
HDL	15	118	0	0	0	0	0	0
HDL	16	2	0	0	0	0	0	0
HDL	16	4	1	0	0	0	0	0
HDL	16	5	0	0	0	0	0	0
HDL	16	7	0	0	0	0	0	0
HDL	16	9	0	0	0	0	0	0
HDL	16	10	0	0	0	0	0	0
HDL	16	30	0	0	0	0	0	0
HDL	16	31	0	0	0	0	0	0
HDL	16	33	0	0	0	0	0	0
HDL	16	37	0	0	0	0	0	0
HDL	16	41	0	0	0	0	0	0
HDL	16	42	0	0	0	0	0	0
HDL	16	43	0	0	0	0	0	0
HDL	16	47	0	0	0	0	0	0
HDL	16	49	0	0	0	0	0	0
HDL	16	52	0	0	0	0	0	0
HDL	16	57	0	0	0	0	0	0
HDL	16	58	0	0	0	0	0	0
HDL	16	59	0	0	0	0	0	0
HDL	16	62	0	0	0	0	0	0
HDL	16	65	0	0	0	0	0	0
HDL	16	67	0	0	0	0	0	0
HDL	16	68	0	0	0	0	0	0
HDL	16	69	0	0	0	0	0	0
HDL	16	73	0	0	0	0	0	0
HDL	16	74	0	0	0	0	0	0
HDL	16	75	1	0	2	0	0	0
HDL	16	76	2	0	0	0	0	0
HDL	16	77	0	0	0	0	0	0
HDL	16	79	0	0	0	0	0	0
HDL	16	86	0	0	0	0	0	0
HDL	16	87	0	0	0	0	0	0
HDL	16	88	1	0	0	0	0	0
HDL	16	89	0	0	0	0	0	0
HDL	16	91	0	0	0	0	0	0
HDL	16	93	0	0	0	0	0	0
HDL	16	94	0	0	0	0	0	0
HDL	16	103	0	0	0	0	0	0
HDL	16	104	1	0	0	0	0	0
HDL	16	105	0	0	0	0	0	0
HDL	16	106	0	0	0	0	0	0
HDL	16	107	0	0	0	0	0	0
HDL	16	111	0	0	0	0	0	0
HDL	16	114	0	0	0	0	0	0
HDL	16	116	0	0	0	0	0	0
HDL	16	125	0	0	0	0	0	0
HDL	16	126	0	0	0	0	0	0
HDL	16	128	0	0	0	0	0	0
HDL	17	3	0	0	0	0	0	0
HDL	17	7	0	0	0	0	0	0
HDL	17	9	0	0	0	0	0	0
HDL	17	14	0	0	0	0	0	0
HDL	17	23	0	0	0	0	0	0
HDL	17	24	0	0	0	0	0	0
HDL	17	25	0	0	0	0	0	0
HDL	17	30	0	0	0	0	0	0
HDL	17	49	0	0	0	0	0	0
HDL	17	51	0	0	0	0	0	0
HDL	17	55	0	0	0	0	0	0
HDL	17	66	0	0	0	0	0	0
HDL	17	68	0	0	0	0	0	0
HDL	17	71	1	0	0	0	0	0
HDL	17	72	0	0	0	0	0	0
HDL	17	73	1	0	0	0	0	0
HDL	17	74	0	0	0	0	0	0
HDL	17	75	0	0	0	0	0	0
HDL	17	76	0	0	0	0	0	0
HDL	17	78	0	0	0	0	0	0
HDL	17	85	0	0	0	0	0	0
HDL	17	87	0	0	0	0	0	0
HDL	17	90	0	0	0	0	0	0
HDL	17	93	0	0	0	0	0	0
HDL	17	94	0	0	0	0	0	0
HDL	17	97	0	0	0	0	0	0
HDL	17	98	0	0	0	0	0	0
HDL	17	99	0	0	0	0	0	0
HDL	17	100	0	0	0	0	0	0
HDL	17	101	1	0	0	0	0	0
HDL	17	102	0	0	0	0	0	0
HDL	17	103	0	0	0	0	0	0
HDL	17	105	0	0	0	0	0	0
HDL	17	108	0	0	0	0	0	0
HDL	17	109	0	0	0	0	0	0
HDL	17	117	0	0	0	0	0	0
HDL	17	118	0	0	0	0	0	0
HDL	17	125	0	0	0	0	0	0
HDL	17	133	0	0	0	0	0	0
HDL	18	1	0	0	0	0	0	0
HDL	18	7	0	0	0	0	0	0
HDL	18	8	0	0	0	0	0	0
HDL	18	27	0	0	0	0	0	0
HDL	18	28	0	0	0	0	0	0
HDL	18	39	0	0	0	0	0	0
HDL	18	41	0	0	0	0	0	0
HDL	18	42	0	0	0	0	0	0
HDL	18	44	0	0	0	0	0	0
HDL	18	46	0	0	0	0	0	0
HDL	18	49	0	0	0	0	0	0
HDL	18	52	0	0	0	0	0	0
HDL	18	53	0	0	0	0	0	0
HDL	18	58	0	0	0	0	0	0
HDL	18	59	0	0	0	0	0	0
HDL	18	60	0	0	0	0	0	0
HDL	18	61	0	0	0	0	0	0
HDL	18	62	0	0	0	0	0	0
HDL	18	65	0	0	0	0	0	0
HDL	18	66	0	0	0	0	0	0
HDL	18	67	0	0	0	0	0	0
HDL	18	68	0	0	0	0	0	0
HDL	18	69	2	0	0	0	0	0
HDL	18	73	0	0	0	0	0	0
HDL	18	74	0	0	0	0	0	0
HDL	18	76	0	0	0	0	0	0
HDL	18	79	0	0	0	0	0	0
HDL	18	80	0	0	0	0	0	0
HDL	18	82	0	0	0	0	0	0
HDL	18	84	0	0	0	0	0	0
HDL	18	86	0	0	0	0	0	0
HDL	19	5	0	0	0	0	0	0
HDL	19	6	0	0	0	0	0	0
HDL	19	10	0	0	0	0	0	0
HDL	19	11	0	0	0	0	0	0
HDL	19	12	0	0	0	0	0	0
HDL	19	16	0	0	0	0	0	0
HDL	19	19	0	0	0	0	0	0
HDL	19	22	0	0	0	0	0	0
HDL	19	25	0	0	0	0	0	0
HDL	19	29	0	0	0	0	0	0
HDL	19	30	0	0	0	0	0	0
HDL	19	32	0	0	0	0	0	0
HDL	19	33	1	0	0	0	0	0
HDL	19	34	0	0	0	0	0	0
HDL	19	37	0	0	0	0	0	0
HDL	19	38	0	0	0	0	0	0
HDL	19	39	0	0	0	0	0	0
HDL	19	47	0	0	0	0	0	0
HDL	19	50	0	0	0	0	0	0
HDL	19	51	0	0	0	0	0	0
HDL	19	52	0	0	0	0	0	0
HDL	19	57	0	0	0	0	0	0
HDL	19	58	0	0	0	0	0	0
HDL	19	61	0	0	0	0	0	0
HDL	19	63	0	0	0	0	0	0
HDL	19	64	0	0	0	0	0	0
HDL	19	67	0	0	0	0	0	0
HDL	19	68	0	0	0	0	0	0
HDL	19	70	0	0	0	0	0	0
HDL	19	71	0	0	0	0	0	0
HDL	19	73	1	0	0	0	0	0
HDL	19	74	0	0	0	0	0	0
HDL	19	75	1	0	0	0	0	0
HDL	19	76	0	0	0	0	0	0
HDL	19	77	0	0	0	0	0	0
HDL	19	79	0	0	0	0	0	0
HDL	19	80	0	0	0	0	0	0
HDL	19	81	1	0	0	0	0	0
HDL	19	89	0	0	0	0	0	0
HDL	19	90	0	0	0	0	0	0
HDL	19	93	0	0	0	0	0	0
HDL	19	94	0	0	0	0	0	0
HDL	19	98	1	0	0	0	0	0
HDL	19	104	0	0	0	0	0	0
HDL	19	109	0	0	0	0	0	0
HDL	20	1	0	0	0	0	0	0
HDL	20	2	1	0	0	0	0	0
HDL	20	3	0	0	0	0	0	0
HDL	20	11	0	0	0	0	0	0
HDL	20	22	0	0	0	0	0	0
HDL	20	23	0	0	0	0	0	0
HDL	20	24	0	0	0	0	0	0
HDL	20	29	0	0	0	0	0	0
HDL	20	40	0	0	0	0	0	0
HDL	20	42	0	0	0	0	0	0
HDL	20	48	0	0	0	0	0	0
HDL	20	54	0	0	0	0	0	0
HDL	20	59	0	0	0	0	0	0
HDL	20	62	0	0	0	0	0	0
HDL	20	63	0	0	0	0	0	0
HDL	20	64	0	0	0	0	0	0
HDL	20	65	0	0	0	0	0	0
HDL	20	67	0	0	0	0	0	0
HDL	20	68	0	0	0	0	0	0
HDL	20	69	1	0	0	0	0	0
HDL	20	70	0	0	0	0	0	0
HDL	20	71	0	0	0	0	0	0
HDL	20	72	1	0	0	0	0	0
HDL	20	73	0	0	0	0	0	0
HDL	20	74	0	0	0	0	0	0
HDL	20	75	0	0	0	0	0	0
HDL	20	84	0	0	0	0	0	0
HDL	20	86	0	0	0	0	0	0
HDL	20	93	1	0	0	0	0	0
HDL	20	99	0	0	0	0	0	0
HDL	20	114	0	0	0	0	0	0
HDL	20	115	0	0	0	0	0	0
HDL	21	2	0	0	0	0	0	0
HDL	21	3	0	0	0	0	0	0
HDL	21	4	0	0	0	0	0	0
HDL	21	30	0	0	0	0	0	0
HDL	21	37	0	0	0	0	0	0
HDL	21	41	0	0	0	0	0	0
HDL	21	45	0	0	0	0	0	0
HDL	21	53	0	0	0	0	0	0
HDL	21	57	0	0	0	0	0	0
HDL	21	62	0	0	0	0	0	0
HDL	21	63	0	0	0	0	0	0
HDL	21	64	0	0	0	0	0	0
HDL	22	13	0	0	0	0	0	0
HDL	22	14	0	0	0	0	0	0
HDL	22	24	0	0	0	0	0	0
HDL	22	26	0	0	0	0	0	0
HDL	22	29	0	0	0	0	0	0
HDL	22	30	0	0	0	0	0	0
HDL	22	33	0	0	0	0	0	0
HDL	22	37	0	0	0	0	0	0
HDL	22	43	0	0	0	0	0	0
HDL	22	44	0	0	0	0	0	0
HDL	22	45	0	0	0	0	0	0
HDL	22	46	0	0	0	0	0	0
HDL	22	47	0	0	0	0	0	0
HDL	22	49	0	0	0	0	0	0
HDL	22	50	0	0	0	0	0	0
HDL	22	54	0	0	0	0	0	0
HDL	22	59	0	0	0	0	0	0
HDL	22	62	0	0	0	0	0	0
HDL	22	64	0	0	0	0	0	0
HDL	22	66	0	0	0	0	0	0
HDL	22	70	0	0	0	0	0	0
