pheno	db	pid	chromosome	block	num_variants	time	num_variants_0.95	num_variants_0.5	num_CS95	num_variants_CS95
LDL	META	EUR	1	2	820	177.798158407211	0	0	0	0
LDL	META	EUR	1	4	1277	129.386307239532	0	0	1	4
LDL	META	EUR	1	17	3343	315.493433952332	0	0	0	0
LDL	META	EUR	1	19	2679	552.114140033722	0	0	0	0
LDL	META	EUR	1	23	994	194.835616827011	0	0	1	58
LDL	META	EUR	1	35	3121	1661.94807386398	1	1	2	4
LDL	META	EUR	1	40	1268	64.2543156147003	0	0	1	8
LDL	META	EUR	1	48	1233	871.274574041367	0	2	2	12
LDL	META	EUR	1	49	1066	109.406678199768	0	0	0	0
LDL	META	EUR	1	51	1253	514.255823135376	0	0	2	17
LDL	META	EUR	1	52	3176	6464.93618249893	2	2	3	16
LDL	META	EUR	1	53	3012	642.494717597961	0	1	1	6
LDL	META	EUR	1	58	3188	442.76654624939	0	1	1	2
LDL	META	EUR	1	70	2543	528.999720096588	0	0	1	22
LDL	META	EUR	1	73	3261	370.182716608047	0	0	1	15
LDL	META	EUR	1	75	4012	4800.22105121613	0	1	2	7
LDL	META	EUR	1	76	1869	224.324824810028	0	0	0	0
LDL	META	EUR	1	78	1244	83.1569700241089	0	0	1	6
LDL	META	EUR	1	80	1184	302.163775920868	0	0	0	0
LDL	META	EUR	1	81	889	23.2933824062347	0	0	0	0
LDL	META	EUR	1	82	1970	389.999161481857	2	2	2	2
LDL	META	EUR	1	83	2368	14473.1884925365	7	10	10	14
LDL	META	EUR	1	84	3556	12027.9085900784	7	10	10	16
LDL	META	EUR	1	85	1239	573.483366012573	1	3	1	1
LDL	META	EUR	1	88	1969	463.880312919617	0	0	0	0
LDL	META	EUR	1	89	1959	529.114387989044	0	0	0	0
LDL	META	EUR	1	92	2564	736.967842578888	0	0	0	0
LDL	META	EUR	1	94	675	452.258586645126	0	1	3	25
LDL	META	EUR	1	96	2274	282.780665874481	0	1	1	3
LDL	META	EUR	1	97	2748	526.041279554367	0	0	1	3
LDL	META	EUR	1	100	2143	132.68036699295	0	0	1	31
LDL	META	EUR	1	109	2991	589.101783752441	0	0	1	29
LDL	META	EUR	1	124	3741	334.031658411026	0	0	1	7
LDL	META	EUR	1	125	4466	5372.17952060699	1	1	3	12
LDL	META	EUR	1	136	2553	205.072885274887	0	0	1	13
LDL	META	EUR	1	138	3465	914.594934225082	2	4	3	4
LDL	META	EUR	1	139	893	952.314489841461	0	5	2	8
LDL	META	EUR	1	141	1476	239.701377391815	0	1	0	0
LDL	META	EUR	1	145	1711	290.721680164337	0	0	1	21
LDL	META	EUR	1	147	2696	175.571308374405	0	0	0	0
LDL	META	EUR	1	150	2630	412.336322546005	0	1	0	0
LDL	META	EUR	1	151	3285	536.883699655533	0	0	0	0
LDL	META	EUR	1	154	3946	3198.59952306747	1	2	2	3
LDL	META	EUR	1	158	2620	746.141758680344	0	0	1	2
LDL	META	EUR	1	162	2107	254.881508588791	0	0	1	21
LDL	META	EUR	1	163	1937	228.855368852615	0	0	1	19
LDL	META	EUR	1	168	2971	750.285959243774	0	3	3	17
LDL	META	EUR	1	169	4058	294.134998083115	0	0	0	0
LDL	META	EUR	1	175	3927	257.96303319931	0	0	0	0
LDL	META	EUR	1	182	3512	2542.33247685432	0	0	2	58
LDL	META	EUR	1	183	3699	821.503728628159	0	0	1	20
LDL	META	EUR	1	187	2531	1276.16375279427	1	1	1	1
LDL	META	EUR	1	188	2838	423.107780694962	0	0	0	0
LDL	META	EUR	1	189	1966	284.527373313904	0	0	0	0
LDL	META	EUR	1	191	2690	209.438933849335	0	0	1	10
LDL	META	EUR	1	192	2752	357.718226671219	0	0	1	26
LDL	META	EUR	1	201	2900	488.087537765503	0	0	2	18
LDL	META	EUR	1	202	2869	805.038831710815	0	1	1	3
LDL	META	EUR	1	205	1048	89.9398882389069	0	0	0	0
LDL	META	EUR	1	213	1537	31.0976912975311	0	0	1	5
LDL	META	EUR	1	214	1378	22.5665514469147	0	1	1	3
LDL	META	EUR	1	216	2890	269.507361888885	0	0	0	0
LDL	META	EUR	1	221	2474	138.32391500473	0	0	0	0
LDL	META	EUR	1	223	3129	144.230422019958	0	0	0	0
LDL	META	EUR	1	226	1276	827.732918262482	0	1	2	29
LDL	META	EUR	1	233	3391	648.124796628952	0	0	0	0
LDL	META	EUR	1	234	3921	915.803088665009	1	2	2	4
LDL	META	EUR	1	238	4968	697.302063465118	0	1	2	25
LDL	META	EUR	1	239	1376	279.115112543106	0	0	1	8
LDL	META	EUR	1	252	1272	2913.20140719414	1	4	5	13
LDL	META	EUR	1	253	580	128.228827476501	1	3	2	3
LDL	META	EUR	1	254	2227	104.093502044678	0	0	1	5
LDL	META	EUR	1	255	1251	28.3610653877258	0	0	0	0
LDL	META	EUR	1	280	5124	1150.99898791313	0	0	1	23
LDL	META	EUR	2	6	1476	63.3235640525818	0	1	1	5
LDL	META	EUR	2	19	473	23.0163481235504	0	0	1	13
LDL	META	EUR	2	21	950	74.6290166378021	1	1	2	6
LDL	META	EUR	2	27	1184	159.658918142319	0	0	1	31
LDL	META	EUR	2	34	3502	910.278865814209	0	0	0	0
LDL	META	EUR	2	37	1298	273.165638923645	0	0	0	0
LDL	META	EUR	2	38	2763	371.800351142883	0	0	0	0
LDL	META	EUR	2	39	1208	240.439205408096	0	0	0	0
LDL	META	EUR	2	40	3805	835.095932006836	0	0	0	0
LDL	META	EUR	2	41	1710	747.734434127808	1	1	2	17
LDL	META	EUR	2	42	198	32.0444118976593	0	1	1	3
LDL	META	EUR	2	43	394	1649.22066164017	6	11	7	8
LDL	META	EUR	2	44	1686	2617.89201927185	7	10	10	15
LDL	META	EUR	2	45	3325	4168.18166995049	8	11	9	10
LDL	META	EUR	2	46	1560	284.675389289856	0	0	0	0
LDL	META	EUR	2	47	4003	650.131165981293	0	0	0	0
LDL	META	EUR	2	48	2433	1508.49053883553	0	2	3	45
LDL	META	EUR	2	49	3445	11543.402523756	1	3	3	13
LDL	META	EUR	2	50	2194	320.838537216187	0	0	0	0
LDL	META	EUR	2	51	2709	853.881663322449	0	0	0	0
LDL	META	EUR	2	53	1766	143.832073450089	0	0	1	25
LDL	META	EUR	2	69	3007	991.817682504654	0	2	2	10
LDL	META	EUR	2	71	2355	12947.7202527523	8	10	9	11
LDL	META	EUR	2	72	4068	12692.2721703053	7	11	10	13
LDL	META	EUR	2	74	1444	141.899251937866	1	1	1	1
LDL	META	EUR	2	75	1976	26.9820218086243	0	1	1	3
LDL	META	EUR	2	77	1733	95.8950097560883	0	0	0	0
LDL	META	EUR	2	84	8205	2027.68449234962	0	0	0	0
LDL	META	EUR	2	86	3207	749.150311231613	0	0	0	0
LDL	META	EUR	2	87	1205	178.003268241882	0	0	1	5
LDL	META	EUR	2	88	9816	19470.1876881123	0	3	5	64
LDL	META	EUR	2	89	2245	174.262448310852	0	0	1	52
LDL	META	EUR	2	97	2906	165.052110671997	0	0	1	13
LDL	META	EUR	2	99	2022	228.546854972839	0	0	1	22
LDL	META	EUR	2	100	2583	317.455386161804	0	0	1	65
LDL	META	EUR	2	115	4037	193.732011795044	0	1	1	2
LDL	META	EUR	2	121	3932	494.698244571686	0	0	1	25
LDL	META	EUR	2	122	1828	354.173538923264	0	0	0	0
LDL	META	EUR	2	124	2897	334.583551883698	0	0	1	11
LDL	META	EUR	2	127	5656	255.807688713074	0	1	1	2
LDL	META	EUR	2	128	4728	916.780165672302	1	1	2	3
LDL	META	EUR	2	130	655	26.0101916790009	0	0	1	6
LDL	META	EUR	2	131	131	12.955169916153	1	1	1	1
LDL	META	EUR	2	138	4124	536.922415971756	0	0	0	0
LDL	META	EUR	2	145	1531	390.751152992249	0	0	0	0
LDL	META	EUR	2	146	2937	1014.70216035843	1	1	3	10
LDL	META	EUR	2	147	5711	1562.59655189514	0	1	1	2
LDL	META	EUR	2	152	2457	99.581535577774	0	0	1	24
LDL	META	EUR	2	162	1314	177.650385856628	0	1	1	20
LDL	META	EUR	2	163	178	57.9978647232056	0	1	3	18
LDL	META	EUR	2	166	6414	1951.28485679626	0	0	0	0
LDL	META	EUR	2	168	2674	371.627437591553	0	1	1	3
LDL	META	EUR	2	172	874	27.1487102508545	0	0	1	8
LDL	META	EUR	2	177	3199	439.084137916565	0	1	1	10
LDL	META	EUR	2	181	3917	383.249755144119	0	0	0	0
LDL	META	EUR	2	184	4850	603.126322746277	0	0	0	0
LDL	META	EUR	2	192	3478	187.390780925751	0	0	1	50
LDL	META	EUR	2	198	2362	346.917242050171	0	0	1	29
LDL	META	EUR	2	199	4041	1266.6355240345	0	1	3	19
LDL	META	EUR	2	205	1964	216.972645998001	0	0	0	0
LDL	META	EUR	2	208	5164	900.264393091202	0	0	0	0
LDL	META	EUR	2	212	3197	587.500825405121	0	0	0	0
LDL	META	EUR	2	213	6541	1623.61463737488	1	2	3	19
LDL	META	EUR	2	217	1515	1005.49356222153	0	0	2	97
LDL	META	EUR	2	232	1571	296.34475851059	1	1	1	1
LDL	META	EUR	2	237	2726	219.678070783615	0	0	0	0
LDL	META	EUR	2	240	2608	327.410415887833	0	0	1	20
LDL	META	EUR	2	242	2219	934.073633432388	0	1	2	14
LDL	META	EUR	2	250	5026	109.635799884796	0	0	0	0
LDL	META	EUR	2	256	2597	378.369830608368	0	0	0	0
LDL	META	EUR	3	24	3320	9061.49491596222	2	4	5	55
LDL	META	EUR	3	41	4295	1103.25170111656	1	1	1	1
LDL	META	EUR	3	43	2472	290.702702999115	0	0	1	67
LDL	META	EUR	3	51	1299	152.286545753479	0	1	1	4
LDL	META	EUR	3	56	2485	189.849368333817	0	0	0	0
LDL	META	EUR	3	70	2948	269.843632698059	0	0	0	0
LDL	META	EUR	3	71	3642	2373.22182106972	0	0	2	15
LDL	META	EUR	3	83	4815	425.879181623459	0	0	1	24
LDL	META	EUR	3	88	2985	256.35499382019	0	1	1	4
LDL	META	EUR	3	89	3069	862.671586513519	0	0	1	93
LDL	META	EUR	3	104	5996	702.42344379425	0	0	1	37
LDL	META	EUR	3	107	2592	509.263648033142	0	0	0	0
LDL	META	EUR	3	109	5518	617.801188707352	0	0	0	0
LDL	META	EUR	3	120	2789	648.163916110992	0	1	1	15
LDL	META	EUR	3	121	3467	509.656074285507	0	0	2	29
LDL	META	EUR	3	122	727	135.896855115891	0	0	1	29
LDL	META	EUR	3	123	1188	85.5428996086121	0	0	1	7
LDL	META	EUR	3	125	3025	833.430227041245	0	0	0	0
LDL	META	EUR	3	127	3298	1923.17638492584	0	3	3	32
LDL	META	EUR	3	128	1646	462.238760709763	0	0	0	0
LDL	META	EUR	3	129	1819	113.554175376892	0	0	1	11
LDL	META	EUR	3	132	4214	438.870028972626	0	0	1	11
LDL	META	EUR	3	135	2636	958.031879425049	0	1	3	11
LDL	META	EUR	3	140	3739	1946.0655362606	0	1	2	64
LDL	META	EUR	3	145	3426	1410.48318099976	0	1	1	5
LDL	META	EUR	3	148	2962	294.30083823204	0	0	0	0
LDL	META	EUR	3	149	2341	137.353484869003	0	1	0	0
LDL	META	EUR	3	150	3378	129.011981725693	0	1	0	0
LDL	META	EUR	3	154	928	171.246097564697	0	0	0	0
LDL	META	EUR	3	155	3060	633.908781290054	0	0	0	0
LDL	META	EUR	3	158	3501	240.793546676636	0	0	0	0
LDL	META	EUR	3	159	2829	168.159865140915	0	1	0	0
LDL	META	EUR	3	161	4120	788.802727222443	0	0	1	10
LDL	META	EUR	3	165	2967	507.397668600082	0	0	1	14
LDL	META	EUR	3	166	6191	2051.95902943611	0	0	0	0
LDL	META	EUR	3	172	2211	245.016083240509	0	0	1	24
LDL	META	EUR	3	173	1416	54.107519865036	0	1	1	3
LDL	META	EUR	3	175	1096	49.3014464378357	0	0	0	0
LDL	META	EUR	3	186	4056	133.614971637726	0	0	1	3
LDL	META	EUR	3	190	1713	207.743028879166	0	0	0	0
LDL	META	EUR	3	195	6658	3689.55270028114	0	0	1	5
LDL	META	EUR	3	214	3905	1130.35180521011	1	1	1	1
LDL	META	EUR	3	216	2031	229.378109455109	0	0	0	0
LDL	META	EUR	4	1	9631	32284.720600605	3	4	3	3
LDL	META	EUR	4	15	1533	145.286768913269	0	0	1	4
LDL	META	EUR	4	19	1640	79.5146980285645	0	0	1	18
LDL	META	EUR	4	21	5123	391.261004686356	0	0	1	75
LDL	META	EUR	4	28	2771	767.830547809601	0	0	1	35
LDL	META	EUR	4	30	1777	126.702288150787	0	0	0	0
LDL	META	EUR	4	42	524	52.5038349628448	0	1	1	13
LDL	META	EUR	4	43	1710	149.136475801468	0	0	1	10
LDL	META	EUR	4	55	2595	1006.37517595291	0	0	2	25
LDL	META	EUR	4	57	656	271.179671525955	0	1	2	19
LDL	META	EUR	4	64	4843	875.215840101242	0	0	1	33
LDL	META	EUR	4	65	1895	633.590574502945	0	0	2	36
LDL	META	EUR	4	66	2428	233.499245405197	0	0	0	0
LDL	META	EUR	4	71	1295	49.013206243515	0	0	1	6
LDL	META	EUR	4	79	2385	221.960567235947	0	0	0	0
LDL	META	EUR	4	80	3396	2201.35722661018	4	7	7	12
LDL	META	EUR	4	84	2890	404.374072551727	2	4	4	10
LDL	META	EUR	4	85	1240	252.206201076508	1	2	2	3
LDL	META	EUR	4	86	269	1.77857446670532	1	2	1	1
LDL	META	EUR	4	87	4477	3051.25811719894	0	1	2	15
LDL	META	EUR	4	90	2920	162.18580698967	0	0	0	0
LDL	META	EUR	4	92	2401	422.449826717377	0	1	0	0
LDL	META	EUR	4	101	3603	570.3797519207	0	0	1	12
LDL	META	EUR	4	113	3912	1646.25356793404	1	2	3	16
LDL	META	EUR	4	115	1507	637.178760051727	1	1	1	1
LDL	META	EUR	4	116	2686	305.700053453445	0	0	1	61
LDL	META	EUR	4	117	3442	331.703994035721	0	1	1	4
LDL	META	EUR	4	121	2434	271.176796674728	0	0	1	29
LDL	META	EUR	4	122	1057	29.638710975647	0	1	0	0
LDL	META	EUR	4	129	3449	441.607758045197	0	0	1	54
LDL	META	EUR	4	130	3105	62.5363998413086	0	0	1	8
LDL	META	EUR	4	134	5256	961.485261440277	0	0	0	0
LDL	META	EUR	4	136	4773	770.447352409363	0	0	1	64
LDL	META	EUR	4	148	1997	259.775198936462	0	0	0	0
LDL	META	EUR	4	156	4562	2038.6211950779	1	1	2	8
LDL	META	EUR	4	159	1296	63.2094287872314	0	1	1	2
LDL	META	EUR	4	161	1241	689.960315942764	1	1	1	1
LDL	META	EUR	4	162	2258	1228.90745162964	1	1	1	1
LDL	META	EUR	4	203	1735	82.5264465808868	0	1	1	3
LDL	META	EUR	5	6	1206	25.815833568573	0	0	0	0
LDL	META	EUR	5	17	1947	469.655518293381	0	0	0	0
LDL	META	EUR	5	55	738	96.5968034267426	0	1	1	3
LDL	META	EUR	5	64	3938	584.299618721008	1	1	2	5
LDL	META	EUR	5	69	1349	50.6469292640686	0	0	1	5
LDL	META	EUR	5	71	4171	729.98793721199	0	1	0	0
LDL	META	EUR	5	81	2409	2482.26960945129	0	1	3	47
LDL	META	EUR	5	82	1584	18.2404901981354	0	0	0	0
LDL	META	EUR	5	84	488	145.742381811142	2	5	2	2
LDL	META	EUR	5	85	3363	12478.9263353348	2	2	6	37
LDL	META	EUR	5	86	62	2.05943036079407	0	1	1	5
LDL	META	EUR	5	109	1724	164.666443109512	0	0	1	19
LDL	META	EUR	5	127	5539	709.463020324707	0	0	0	0
LDL	META	EUR	5	130	4176	393.346441030502	0	0	1	3
LDL	META	EUR	5	134	2227	488.858861684799	0	0	0	0
LDL	META	EUR	5	144	3203	252.706717729568	0	0	1	23
LDL	META	EUR	5	146	4116	223.068327903748	0	0	1	20
LDL	META	EUR	5	147	1742	129.494715929031	0	0	1	9
LDL	META	EUR	5	148	90	1.06759715080261	0	1	1	2
LDL	META	EUR	5	156	2116	94.8335771560669	0	1	0	0
LDL	META	EUR	5	157	1506	81.2405247688293	0	0	1	16
LDL	META	EUR	5	158	1971	132.727799415588	0	0	0	0
LDL	META	EUR	5	165	1906	451.533988714218	0	0	0	0
LDL	META	EUR	5	166	3313	13946.9427301884	2	3	5	52
LDL	META	EUR	5	167	2440	1651.4124288559	1	3	3	19
LDL	META	EUR	5	202	1867	244.109670877457	0	0	1	8
LDL	META	EUR	5	207	2599	111.80721116066	0	1	1	3
LDL	META	EUR	6	19	2620	468.009605407715	0	0	1	13
LDL	META	EUR	6	20	1676	33.5845928192139	0	0	0	0
LDL	META	EUR	6	25	2473	169.06529545784	0	0	1	35
LDL	META	EUR	6	27	1544	449.778871059418	0	1	2	16
LDL	META	EUR	6	34	3003	778.654686689377	2	3	3	4
LDL	META	EUR	6	35	1186	503.958320856094	0	2	2	6
LDL	META	EUR	6	39	4567	1797.2727971077	0	1	2	26
LDL	META	EUR	6	43	2936	71.0196943283081	0	0	1	5
LDL	META	EUR	6	44	536	14.6248486042023	0	0	1	8
LDL	META	EUR	6	47	3743	182.795358896255	0	1	1	2
LDL	META	EUR	6	51	5691	8828.54758048058	0	1	3	77
LDL	META	EUR	6	53	1638	203.226065158844	0	0	1	19
LDL	META	EUR	6	56	1767	128.625628709793	0	0	1	13
LDL	META	EUR	6	58	3103	258.363181829453	0	0	0	0
LDL	META	EUR	6	63	2662	266.98369717598	0	0	1	10
LDL	META	EUR	6	64	291	58.7791101932526	0	1	1	11
LDL	META	EUR	6	65	856	36.8954770565033	0	0	1	5
LDL	META	EUR	6	71	9843	3701.28807520866	0	0	0	0
LDL	META	EUR	6	72	1150	681.014586448669	0	1	2	17
LDL	META	EUR	6	73	445	76.0016298294067	0	0	1	34
LDL	META	EUR	6	75	422	166.082371711731	0	1	2	9
LDL	META	EUR	6	76	4912	1195.11732959747	0	0	0	0
LDL	META	EUR	6	87	4174	798.175418376923	0	0	0	0
LDL	META	EUR	6	88	8297	542.240114450455	0	0	0	0
LDL	META	EUR	6	100	66	1.8513388633728	0	0	1	4
LDL	META	EUR	6	101	3046	676.256285190582	0	1	1	7
LDL	META	EUR	6	105	2840	221.304780483246	0	1	1	11
LDL	META	EUR	6	106	2234	117.377515792847	0	0	0	0
LDL	META	EUR	6	109	2379	478.395350217819	0	0	1	26
LDL	META	EUR	6	115	6242	748.304370164871	0	0	1	7
LDL	META	EUR	6	117	5305	1693.55222463608	0	0	0	0
LDL	META	EUR	6	124	4273	3428.2234749794	1	4	3	5
LDL	META	EUR	6	127	2166	307.448081731796	0	1	1	8
LDL	META	EUR	6	128	2946	327.653819084167	0	0	1	43
LDL	META	EUR	6	134	2033	427.394077539444	0	0	2	47
LDL	META	EUR	6	136	1154	85.0054659843445	0	0	1	33
LDL	META	EUR	6	140	1868	1162.80693030357	0	1	2	15
LDL	META	EUR	6	154	2078	223.147843599319	0	0	1	6
LDL	META	EUR	6	158	2352	293.96960568428	1	1	1	1
LDL	META	EUR	6	160	2990	105.02597618103	0	1	1	3
LDL	META	EUR	6	168	3738	381.856881380081	0	0	1	20
LDL	META	EUR	6	169	5975	23310.3716847897	7	8	10	18
LDL	META	EUR	6	170	1166	24.8956084251404	0	1	0	0
LDL	META	EUR	6	180	343	1.62197303771973	0	1	1	3
LDL	META	EUR	6	183	1537	158.157200574875	0	0	0	0
LDL	META	EUR	6	187	1896	254.753541231155	0	0	0	0
LDL	META	EUR	7	3	2264	585.906101703644	0	1	2	51
LDL	META	EUR	7	5	3856	282.683032274246	0	0	0	0
LDL	META	EUR	7	6	2111	244.422901153564	0	0	1	51
LDL	META	EUR	7	11	2673	803.633333444595	0	0	0	0
LDL	META	EUR	7	12	4760	1005.57082986832	0	0	0	0
LDL	META	EUR	7	13	1867	197.302866458893	0	0	1	37
LDL	META	EUR	7	33	4014	316.51979136467	0	0	0	0
LDL	META	EUR	7	37	3477	1136.51773738861	2	2	3	13
LDL	META	EUR	7	41	3054	315.604166507721	0	0	0	0
LDL	META	EUR	7	42	3110	2804.46467328072	4	5	5	10
LDL	META	EUR	7	44	579	33.5790433883667	0	0	1	13
LDL	META	EUR	7	50	2109	35.9220309257507	0	0	0	0
LDL	META	EUR	7	58	3096	1582.56676387787	0	2	2	15
LDL	META	EUR	7	66	1416	82.0148210525513	0	1	1	3
LDL	META	EUR	7	67	7625	8348.93739509583	1	5	3	5
LDL	META	EUR	7	74	1376	158.028236627579	0	0	0	0
LDL	META	EUR	7	85	3527	712.386339902878	0	1	1	2
LDL	META	EUR	7	88	4012	856.99779009819	0	0	2	42
LDL	META	EUR	7	89	2570	249.26624917984	0	0	0	0
LDL	META	EUR	7	95	1940	77.5264794826508	0	0	0	0
LDL	META	EUR	7	99	4030	610.045761823654	0	0	1	21
LDL	META	EUR	7	103	2432	290.105836391449	0	0	1	26
LDL	META	EUR	7	109	2272	144.908178329468	0	0	1	7
LDL	META	EUR	7	111	4010	10450.5977089405	2	3	4	112
LDL	META	EUR	7	112	1865	88.6376581192017	0	0	1	8
LDL	META	EUR	7	113	3253	43.69486784935	0	1	1	2
LDL	META	EUR	7	114	4842	278.580234766006	0	0	1	47
LDL	META	EUR	7	119	2158	1641.51258897781	0	0	2	126
LDL	META	EUR	7	132	5913	1166.56375074387	1	1	1	1
LDL	META	EUR	7	133	5947	1284.1641061306	0	0	1	6
LDL	META	EUR	7	134	1837	206.587852954865	0	0	0	0
LDL	META	EUR	7	138	4134	149.802018165588	0	0	1	6
LDL	META	EUR	7	139	970	241.355231285095	0	0	0	0
LDL	META	EUR	7	141	4443	1169.59492921829	0	0	0	0
LDL	META	EUR	7	147	1388	79.7378556728363	0	0	0	0
LDL	META	EUR	7	152	1321	63.4347546100616	1	1	1	1
LDL	META	EUR	7	162	5319	1510.79611039162	0	1	0	0
LDL	META	EUR	7	176	704	104.766252279282	0	0	2	15
LDL	META	EUR	7	177	1028	126.362423658371	0	0	0	0
LDL	META	EUR	7	187	3900	1334.60628080368	0	0	0	0
LDL	META	EUR	8	17	2981	786.554852247238	0	0	1	23
LDL	META	EUR	8	29	5291	178.293900489807	0	1	1	2
LDL	META	EUR	8	36	1006	48.9453823566437	0	0	1	5
LDL	META	EUR	8	39	2298	1464.47010755539	0	1	2	52
LDL	META	EUR	8	42	3833	372.485894441605	0	0	1	9
LDL	META	EUR	8	44	1171	48.4407863616943	0	0	1	16
LDL	META	EUR	8	45	2217	1060.76490426064	1	1	2	4
LDL	META	EUR	8	56	2479	435.54719376564	0	0	0	0
LDL	META	EUR	8	57	1833	372.220658063889	0	0	0	0
LDL	META	EUR	8	59	1643	113.446466684341	1	1	2	4
LDL	META	EUR	8	65	1816	32.0768547058105	0	0	1	5
LDL	META	EUR	8	68	2407	283.473230361938	1	1	2	4
LDL	META	EUR	8	69	4801	245.849989175797	0	0	1	23
LDL	META	EUR	8	71	3183	151.420701503754	0	0	0	0
LDL	META	EUR	8	75	790	25.3309276103973	0	0	1	7
LDL	META	EUR	8	78	645	62.9076783657074	0	0	1	34
LDL	META	EUR	8	79	2125	36.2019035816193	0	1	0	0
LDL	META	EUR	8	81	3035	224.605311155319	0	0	1	7
LDL	META	EUR	8	83	4789	319.717830657959	0	1	1	5
LDL	META	EUR	8	85	2550	426.611684799194	0	1	1	4
LDL	META	EUR	8	88	3259	346.676478147507	0	1	0	0
LDL	META	EUR	8	90	3634	478.841373205185	0	0	1	44
LDL	META	EUR	8	101	2080	155.595954418182	0	0	0	0
LDL	META	EUR	8	106	3267	494.455731630325	0	0	1	13
LDL	META	EUR	8	113	2176	665.911421060562	0	2	1	3
LDL	META	EUR	8	124	1812	332.568870067596	1	2	2	5
LDL	META	EUR	8	125	814	1278.82073712349	2	3	5	11
LDL	META	EUR	8	135	2430	177.721864461899	0	1	1	19
LDL	META	EUR	8	153	1452	239.330032110214	0	0	1	68
LDL	META	EUR	8	159	2188	344.342281103134	0	0	0	0
LDL	META	EUR	8	160	2068	149.303735971451	0	0	1	3
LDL	META	EUR	9	4	2656	1342.75802850723	1	1	1	1
LDL	META	EUR	9	5	553	8.31420946121216	0	1	0	0
LDL	META	EUR	9	13	4364	567.133968830109	0	0	1	134
LDL	META	EUR	9	33	2499	157.357144355774	0	0	1	7
LDL	META	EUR	9	36	2503	1319.10202336311	0	2	2	28
LDL	META	EUR	9	39	1089	346.264587402344	0	0	2	33
LDL	META	EUR	9	40	4668	438.574836730957	0	0	0	0
LDL	META	EUR	9	51	1445	290.478766441345	0	2	1	3
LDL	META	EUR	9	53	4656	469.415799379349	0	0	0	0
LDL	META	EUR	9	62	3171	402.291320085526	0	1	0	0
LDL	META	EUR	9	69	1791	385.117897510529	0	1	2	14
LDL	META	EUR	9	70	1266	61.9561288356781	0	1	0	0
LDL	META	EUR	9	72	799	96.4549915790558	1	2	2	3
LDL	META	EUR	9	73	1843	143.160128355026	0	1	1	4
LDL	META	EUR	9	80	5272	505.768849611282	0	0	1	68
LDL	META	EUR	9	84	2359	609.383761405945	0	0	0	0
LDL	META	EUR	9	89	708	38.4328100681305	0	0	1	24
LDL	META	EUR	9	93	3025	647.55762553215	0	0	1	26
LDL	META	EUR	9	99	2108	200.935030460358	0	0	0	0
LDL	META	EUR	9	102	3575	394.835387229919	0	0	1	10
LDL	META	EUR	9	104	1127	21.8082354068756	0	1	0	0
LDL	META	EUR	9	110	4308	3496.59379172325	1	4	4	16
LDL	META	EUR	9	111	188	77.9373741149902	1	3	3	8
LDL	META	EUR	9	112	4161	571.948810100555	0	0	0	0
LDL	META	EUR	9	114	1492	160.424424648285	0	0	1	35
LDL	META	EUR	9	115	4317	1571.84359097481	0	0	0	0
LDL	META	EUR	9	116	2261	514.047732591629	0	1	1	14
LDL	META	EUR	9	118	5125	738.386734724045	0	1	0	0
LDL	META	EUR	9	119	1867	314.142261266708	0	0	1	69
LDL	META	EUR	9	124	1967	67.9302473068237	0	1	1	2
LDL	META	EUR	9	125	2709	304.144200563431	0	0	0	0
LDL	META	EUR	9	134	4838	790.551253080368	0	0	1	5
LDL	META	EUR	9	140	5136	1695.95521330833	1	1	1	1
LDL	META	EUR	9	144	1990	244.963837862015	0	0	0	0
LDL	META	EUR	9	145	2294	126.606836795807	0	1	0	0
LDL	META	EUR	9	148	1435	51.8505132198334	0	1	0	0
LDL	META	EUR	9	149	1805	1726.31794691086	0	3	3	8
LDL	META	EUR	9	153	207	19.871851682663	0	0	0	0
LDL	META	EUR	9	160	842	31.8675191402435	0	1	1	4
LDL	META	EUR	9	161	879	53.0926189422607	0	0	1	16
LDL	META	EUR	10	14	3236	248.488178014755	0	0	1	73
LDL	META	EUR	10	22	2664	276.829651594162	0	0	1	6
LDL	META	EUR	10	30	860	151.245908975601	0	0	0	0
LDL	META	EUR	10	43	2273	200.092616319656	0	1	1	4
LDL	META	EUR	10	45	3441	507.39266705513	0	0	0	0
LDL	META	EUR	10	46	3567	278.685522794724	0	1	1	9
LDL	META	EUR	10	52	3561	275.153488397598	0	0	1	23
LDL	META	EUR	10	53	1731	117.537441730499	0	0	0	0
LDL	META	EUR	10	59	1871	156.127803087234	0	0	0	0
LDL	META	EUR	10	60	4081	1154.07743287086	0	0	0	0
LDL	META	EUR	10	67	1845	183.682173013687	0	0	1	19
LDL	META	EUR	10	69	2775	92.1955902576447	0	0	1	33
LDL	META	EUR	10	70	3212	981.882074356079	0	2	1	2
LDL	META	EUR	10	73	1935	97.4704322814941	0	0	1	5
LDL	META	EUR	10	80	3670	593.302202939987	0	0	0	0
LDL	META	EUR	10	81	3739	525.500779628754	0	0	1	6
LDL	META	EUR	10	84	5216	664.720468044281	0	0	0	0
LDL	META	EUR	10	85	1044	123.12785243988	1	1	1	1
LDL	META	EUR	10	92	4938	584.64888048172	0	0	1	25
LDL	META	EUR	10	100	1060	44.9335689544678	0	1	1	2
LDL	META	EUR	10	101	2649	383.311755180359	0	0	1	13
LDL	META	EUR	10	109	3249	345.137708902359	0	1	0	0
LDL	META	EUR	10	110	1115	20.4484350681305	0	0	1	5
LDL	META	EUR	10	112	799	30.6587266921997	0	0	1	6
LDL	META	EUR	10	113	2601	299.695999860764	0	0	1	16
LDL	META	EUR	10	117	4263	2470.83939695358	1	2	3	12
LDL	META	EUR	10	120	3087	1012.08176136017	2	2	2	2
LDL	META	EUR	10	121	2132	447.077199935913	0	0	0	0
LDL	META	EUR	10	126	3514	1129.5157430172	1	1	2	8
LDL	META	EUR	10	127	1148	162.774960756302	0	0	0	0
LDL	META	EUR	10	128	303	21.1329252719879	0	0	0	0
LDL	META	EUR	10	129	4669	326.202753543854	0	0	1	17
LDL	META	EUR	10	131	3984	429.329733848572	0	0	0	0
LDL	META	EUR	10	137	3617	514.345019340515	0	0	1	12
LDL	META	EUR	10	138	696	307.755538702011	0	0	1	7
LDL	META	EUR	10	142	1168	58.6420333385468	0	1	1	5
LDL	META	EUR	10	144	1406	14.8010172843933	0	1	1	2
LDL	META	EUR	10	150	3027	195.63555932045	0	1	0	0
LDL	META	EUR	10	152	2103	359.980194091797	0	0	1	38
LDL	META	EUR	10	154	4986	839.766288518906	0	1	2	8
LDL	META	EUR	11	2	2420	517.798116445541	1	1	1	1
LDL	META	EUR	11	3	2539	186.912488460541	0	0	1	3
LDL	META	EUR	11	4	1612	288.63014793396	0	0	0	0
LDL	META	EUR	11	7	1394	460.209767580032	0	2	1	2
LDL	META	EUR	11	12	3578	5940.0908575058	1	3	3	7
LDL	META	EUR	11	18	5720	568.840372800827	0	0	1	41
LDL	META	EUR	11	22	1276	33.324120759964	0	1	1	3
LDL	META	EUR	11	28	1996	107.195855140686	0	0	1	13
LDL	META	EUR	11	30	1788	208.556415319443	0	0	1	3
LDL	META	EUR	11	31	1700	96.271995306015	0	1	1	3
LDL	META	EUR	11	33	2303	456.012088775635	1	1	1	1
LDL	META	EUR	11	51	2557	294.220620632172	0	0	1	44
LDL	META	EUR	11	56	578	55.3776819705963	0	0	1	29
LDL	META	EUR	11	75	1704	43.2041015625	0	1	1	2
LDL	META	EUR	11	76	2067	4360.72837591171	0	1	4	31
LDL	META	EUR	11	78	2124	768.358346939087	0	1	1	10
LDL	META	EUR	11	79	4524	4586.71159362793	1	2	2	27
LDL	META	EUR	11	81	2043	177.129580259323	0	0	0	0
LDL	META	EUR	11	82	661	100.738471269608	1	2	1	1
LDL	META	EUR	11	86	2914	722.116961479187	0	0	0	0
LDL	META	EUR	11	90	4821	732.839513540268	0	0	1	91
LDL	META	EUR	11	107	1105	289.673036575317	0	0	1	27
LDL	META	EUR	11	108	958	88.1168808937073	0	0	1	15
LDL	META	EUR	11	115	3006	481.595685005188	0	0	0	0
LDL	META	EUR	11	117	4952	548.633694410324	0	0	1	4
LDL	META	EUR	11	123	1466	106.375734090805	0	0	0	0
LDL	META	EUR	11	125	2204	306.847352266312	0	0	0	0
LDL	META	EUR	11	129	2510	608.970371723175	3	4	4	5
LDL	META	EUR	11	133	2215	431.482683181763	1	2	2	18
LDL	META	EUR	11	139	104	4.00421833992004	0	0	0	0
LDL	META	EUR	11	140	1400	219.467359542847	0	1	1	12
LDL	META	EUR	11	142	3110	686.293079853058	0	0	1	18
LDL	META	EUR	11	147	4882	1657.17539548874	2	4	5	19
LDL	META	EUR	11	163	501	62.1669418811798	0	0	1	26
LDL	META	EUR	12	1	1583	274.635848522186	0	1	1	2
LDL	META	EUR	12	4	1489	87.5543565750122	0	0	0	0
LDL	META	EUR	12	12	967	349.920950174332	1	1	1	1
LDL	META	EUR	12	17	1105	73.3219387531281	0	0	1	6
LDL	META	EUR	12	18	2150	479.457985162735	0	1	2	18
LDL	META	EUR	12	23	2889	248.929030418396	1	1	2	10
LDL	META	EUR	12	29	358	85.1029052734375	1	1	1	1
LDL	META	EUR	12	33	2229	361.080294132233	0	0	1	33
LDL	META	EUR	12	42	4607	1565.7350461483	0	0	2	33
LDL	META	EUR	12	45	2354	204.824903249741	0	0	0	0
LDL	META	EUR	12	47	881	13.7522075176239	0	0	1	4
LDL	META	EUR	12	49	3186	1051.94631099701	0	1	1	4
LDL	META	EUR	12	51	1810	47.309371471405	0	0	1	4
LDL	META	EUR	12	59	3362	244.757965326309	0	0	0	0
LDL	META	EUR	12	61	1921	276.505434036255	0	0	0	0
LDL	META	EUR	12	62	2099	579.606833457947	0	0	1	50
LDL	META	EUR	12	63	2166	306.904998064041	0	0	1	15
LDL	META	EUR	12	64	1716	469.963437318802	0	0	1	4
LDL	META	EUR	12	66	2711	140.451791524887	0	0	1	11
LDL	META	EUR	12	67	1361	63.8997054100037	0	0	1	7
LDL	META	EUR	12	69	2577	258.389398336411	0	0	0	0
LDL	META	EUR	12	71	3196	5829.83041071892	0	1	2	35
LDL	META	EUR	12	72	8797	922.620140075684	0	0	1	25
LDL	META	EUR	12	82	3149	416.4993288517	0	1	1	2
LDL	META	EUR	12	97	4261	772.646172761917	0	0	1	5
LDL	META	EUR	12	98	1797	172.982264757156	0	0	1	14
LDL	META	EUR	12	110	3720	1326.26834750175	0	3	2	6
LDL	META	EUR	12	112	417	56.0147902965546	0	0	0	0
LDL	META	EUR	12	113	2735	458.589886665344	0	0	1	10
LDL	META	EUR	12	114	2609	174.568790912628	0	0	1	12
LDL	META	EUR	12	115	2022	328.291650772095	0	0	0	0
LDL	META	EUR	12	117	2784	57.205952167511	0	1	1	2
LDL	META	EUR	12	120	1449	21.1397619247437	0	0	1	26
LDL	META	EUR	12	121	1968	311.242858409882	0	1	1	52
LDL	META	EUR	12	122	4098	1685.14520120621	1	1	2	66
LDL	META	EUR	12	127	1300	158.844994068146	0	1	1	3
LDL	META	EUR	12	128	483	92.321081161499	1	1	1	1
LDL	META	EUR	12	138	4362	2417.49409508705	1	2	2	3
LDL	META	EUR	12	139	5982	29520.5451831818	1	3	5	31
LDL	META	EUR	12	140	1250	476.867738723755	0	0	1	4
LDL	META	EUR	12	141	1719	235.443822622299	0	0	0	0
LDL	META	EUR	12	164	394	202.315478563309	0	0	1	5
LDL	META	EUR	13	11	1546	130.972629070282	0	0	0	0
LDL	META	EUR	13	18	846	330.227630615234	1	1	2	16
LDL	META	EUR	13	21	3268	856.921841859818	0	0	1	3
LDL	META	EUR	13	24	2120	155.045887470245	0	0	1	7
LDL	META	EUR	13	25	1198	3048.99138569832	1	3	5	25
LDL	META	EUR	13	40	1936	126.695534229279	0	0	1	6
LDL	META	EUR	13	44	1745	95.5492424964905	0	0	0	0
LDL	META	EUR	13	50	4830	7217.62323045731	0	1	2	31
LDL	META	EUR	13	52	3325	325.474838972092	0	0	1	14
LDL	META	EUR	13	66	1155	117.68422794342	0	1	1	4
LDL	META	EUR	13	69	4263	633.633361101151	0	0	1	7
LDL	META	EUR	13	84	1569	110.332153081894	0	0	1	9
LDL	META	EUR	13	96	1105	76.9883193969727	0	0	0	0
LDL	META	EUR	13	102	1345	300.354991912842	0	0	0	0
LDL	META	EUR	13	115	1088	91.7404952049255	0	1	0	0
LDL	META	EUR	13	116	959	14.64621758461	0	0	1	4
LDL	META	EUR	13	118	1840	39.0891714096069	0	0	1	8
LDL	META	EUR	13	125	2458	530.856629133224	1	2	2	7
LDL	META	EUR	14	4	853	89.8194086551666	0	2	2	9
LDL	META	EUR	14	14	4111	1141.85106348991	2	4	2	2
LDL	META	EUR	14	23	3686	603.818663597107	1	1	1	1
LDL	META	EUR	14	31	3402	66.2354393005371	0	1	1	2
LDL	META	EUR	14	35	3442	435.547295570374	0	0	1	27
LDL	META	EUR	14	42	2098	69.1048762798309	0	0	0	0
LDL	META	EUR	14	43	185	8.97580766677856	0	0	1	9
LDL	META	EUR	14	46	1764	24.0029036998749	0	0	0	0
LDL	META	EUR	14	63	4184	292.359279632568	0	0	1	4
LDL	META	EUR	14	68	2114	631.393450975418	0	1	2	14
LDL	META	EUR	14	72	4036	1315.15163087845	0	1	2	57
LDL	META	EUR	14	73	2037	130.0054666996	0	0	1	12
LDL	META	EUR	14	96	402	3.24589085578918	0	0	1	5
LDL	META	EUR	14	105	1462	67.2950320243835	1	2	2	3
LDL	META	EUR	14	106	1402	279.071801662445	1	2	1	1
LDL	META	EUR	14	121	3098	705.849706411362	0	0	2	32
LDL	META	EUR	14	126	3821	3184.85688257217	0	1	3	54
LDL	META	EUR	14	127	2529	236.484440803528	0	0	1	14
LDL	META	EUR	15	3	164	3.42719841003418	1	1	1	1
LDL	META	EUR	15	37	3548	252.593420267105	0	0	0	0
LDL	META	EUR	15	39	2732	170.500284194946	0	0	0	0
LDL	META	EUR	15	44	1595	257.794100046158	0	0	1	30
LDL	META	EUR	15	45	6114	483.446262121201	1	1	1	1
LDL	META	EUR	15	46	1813	544.564271688461	0	3	1	10
LDL	META	EUR	15	47	2293	263.172851085663	1	1	1	1
LDL	META	EUR	15	50	2761	152.45698261261	0	1	1	4
LDL	META	EUR	15	52	1949	329.996935606003	0	0	1	8
LDL	META	EUR	15	53	379	9.80416536331177	0	1	1	4
LDL	META	EUR	15	54	2113	81.1229829788208	0	1	0	0
LDL	META	EUR	15	56	2289	520.577545881271	0	0	0	0
LDL	META	EUR	15	59	4715	805.285499095917	0	0	1	106
LDL	META	EUR	15	62	5408	2558.45879626274	0	0	2	38
LDL	META	EUR	15	63	1605	142.559128522873	0	0	1	34
LDL	META	EUR	15	64	1692	52.5074374675751	0	0	1	5
LDL	META	EUR	15	66	2926	409.061921596527	0	1	0	0
LDL	META	EUR	15	80	1311	262.661020755768	0	0	1	41
LDL	META	EUR	15	83	1224	96.0941107273102	0	0	0	0
LDL	META	EUR	15	85	2159	183.736883878708	0	0	0	0
LDL	META	EUR	15	117	1028	223.744338274002	0	1	2	16
LDL	META	EUR	15	118	684	65.3476703166962	0	1	1	3
LDL	META	EUR	16	1	2115	293.5661277771	0	0	0	0
LDL	META	EUR	16	4	3057	286.834937810898	0	1	0	0
LDL	META	EUR	16	5	1220	67.9730792045593	0	0	1	30
LDL	META	EUR	16	9	2833	399.276279687881	0	0	1	18
LDL	META	EUR	16	31	2609	561.520978450775	0	0	1	9
LDL	META	EUR	16	32	387	26.0977690219879	1	3	2	6
LDL	META	EUR	16	37	3155	1182.7507455349	0	1	3	29
LDL	META	EUR	16	38	5206	330.238483905792	0	0	0	0
LDL	META	EUR	16	43	1902	202.55256152153	0	0	1	6
LDL	META	EUR	16	59	1712	497.148139476776	0	0	2	68
LDL	META	EUR	16	60	3060	194.285264253616	0	0	1	115
LDL	META	EUR	16	74	496	281.593435525894	0	0	2	22
LDL	META	EUR	16	75	3053	707.467216491699	2	3	3	4
LDL	META	EUR	16	76	2097	974.41139793396	1	4	1	1
LDL	META	EUR	16	80	2092	471.597042322159	0	0	0	0
LDL	META	EUR	16	85	5119	263.5983543396	0	0	1	8
LDL	META	EUR	16	88	5194	1300.26978302002	0	3	0	0
LDL	META	EUR	16	89	6555	26495.3716378212	3	5	6	26
LDL	META	EUR	16	90	1649	122.3771443367	0	0	0	0
LDL	META	EUR	16	94	5625	1629.3898859024	0	0	0	0
LDL	META	EUR	16	96	6273	1589.42141389847	0	0	0	0
LDL	META	EUR	16	99	1739	409.073297739029	1	1	1	1
LDL	META	EUR	16	100	354	36.2943482398987	1	1	1	1
LDL	META	EUR	16	101	421	57.8844883441925	0	0	1	12
LDL	META	EUR	16	103	6943	1316.09770488739	0	0	0	0
LDL	META	EUR	16	104	2090	270.641812086105	0	0	1	19
LDL	META	EUR	16	110	1681	79.9797959327698	0	1	1	2
LDL	META	EUR	16	119	2232	345.383944511414	0	0	0	0
LDL	META	EUR	16	120	327	37.4644696712494	0	0	0	0
LDL	META	EUR	16	125	1680	280.177846908569	0	0	1	130
LDL	META	EUR	16	126	396	17.6760478019714	0	1	1	4
LDL	META	EUR	16	127	673	118.310152292252	0	2	1	7
LDL	META	EUR	16	128	5659	563.598174571991	0	0	0	0
LDL	META	EUR	17	9	3243	2215.15561246872	0	1	2	49
LDL	META	EUR	17	14	1643	79.5437121391296	0	0	1	71
LDL	META	EUR	17	16	657	217.342604875565	1	1	1	1
LDL	META	EUR	17	17	3164	1622.88666367531	1	3	4	20
LDL	META	EUR	17	22	521	79.7094669342041	1	1	1	1
LDL	META	EUR	17	23	1087	466.412272930145	2	3	4	10
LDL	META	EUR	17	24	1967	1466.49494242668	1	4	4	10
LDL	META	EUR	17	25	1962	24.8998780250549	0	0	1	3
LDL	META	EUR	17	28	429	24.9961264133453	0	0	1	19
LDL	META	EUR	17	30	423	18.71945977211	0	0	1	13
LDL	META	EUR	17	51	4039	8330.21057915688	0	3	3	44
LDL	META	EUR	17	54	2468	284.171629905701	0	1	1	7
LDL	META	EUR	17	55	5107	10057.2501449585	2	2	5	44
LDL	META	EUR	17	65	3513	337.380840063095	1	1	1	1
LDL	META	EUR	17	70	1698	131.229111671448	0	1	1	7
LDL	META	EUR	17	71	2351	772.63768863678	0	1	1	8
LDL	META	EUR	17	73	3870	2698.20040464401	1	2	2	8
LDL	META	EUR	17	74	4535	718.950230121613	0	1	1	3
LDL	META	EUR	17	75	3537	7048.27069616318	0	3	4	32
LDL	META	EUR	17	80	2128	174.945284366608	0	0	1	12
LDL	META	EUR	17	84	835	66.4407544136047	0	0	0	0
LDL	META	EUR	17	87	1441	186.798315763474	0	0	1	40
LDL	META	EUR	17	90	3697	775.931165218353	0	0	1	12
LDL	META	EUR	17	94	2206	488.95593380928	0	0	1	27
LDL	META	EUR	17	97	3150	57.1600115299225	0	1	1	2
LDL	META	EUR	17	98	1677	778.975945711136	0	0	2	20
LDL	META	EUR	17	100	1792	495.815626144409	0	1	1	6
LDL	META	EUR	17	101	1373	2586.61974000931	2	5	5	24
LDL	META	EUR	17	102	965	727.05247926712	2	2	2	2
LDL	META	EUR	17	103	1221	729.835387706757	1	3	3	25
LDL	META	EUR	17	104	231	6.24081134796143	0	0	1	6
LDL	META	EUR	17	105	2112	297.057343244553	0	0	0	0
LDL	META	EUR	17	117	2228	547.030151605606	0	0	1	10
LDL	META	EUR	17	118	2099	96.5631206035614	1	1	1	1
LDL	META	EUR	17	121	1387	66.8117642402649	0	0	1	13
LDL	META	EUR	17	123	2260	102.727319002151	0	0	0	0
LDL	META	EUR	17	125	3102	700.500541687012	0	2	2	19
LDL	META	EUR	17	130	1749	162.444999933243	0	0	0	0
LDL	META	EUR	17	133	1807	171.749114990234	0	0	1	46
LDL	META	EUR	17	134	1820	209.515023708344	0	0	1	9
LDL	META	EUR	18	31	3389	248.219784498215	0	0	1	31
LDL	META	EUR	18	41	4508	1161.77442240715	0	0	1	18
LDL	META	EUR	18	61	3301	396.235431909561	0	0	1	24
LDL	META	EUR	18	69	5083	12488.9924352169	2	3	4	22
LDL	META	EUR	18	77	705	77.7901635169983	0	0	1	3
LDL	META	EUR	18	88	1867	253.733390569687	1	1	2	13
LDL	META	EUR	18	98	1564	243.141582727432	0	0	0	0
LDL	META	EUR	18	119	863	16.962450504303	0	1	1	3
LDL	META	EUR	18	120	932	173.201680660248	0	0	1	5
LDL	META	EUR	19	5	276	17.2443656921387	0	0	1	11
LDL	META	EUR	19	6	1485	147.534200906754	0	2	2	7
LDL	META	EUR	19	12	934	157.188768386841	0	0	1	21
LDL	META	EUR	19	15	721	46.8186810016632	0	1	0	0
LDL	META	EUR	19	16	828	88.9887216091156	0	1	0	0
LDL	META	EUR	19	20	1026	275.099889993668	1	1	2	19
LDL	META	EUR	19	21	590	12.8370568752289	0	1	1	6
LDL	META	EUR	19	22	2372	520.137125492096	0	1	2	58
LDL	META	EUR	19	25	1578	152.435047864914	0	1	0	0
LDL	META	EUR	19	32	1761	374.904423952103	0	3	2	10
LDL	META	EUR	19	33	802	142.074642419815	0	0	2	28
LDL	META	EUR	19	35	1817	29.0665230751038	0	1	1	2
LDL	META	EUR	19	36	628	471.385455369949	1	4	3	6
LDL	META	EUR	19	37	2520	2258.68976044655	10	11	11	12
LDL	META	EUR	19	38	593	3122.26314496994	7	10	10	15
LDL	META	EUR	19	39	3423	21658.1627779007	7	8	9	19
LDL	META	EUR	19	40	926	12.0961046218872	0	1	0	0
LDL	META	EUR	19	42	1218	33.5771305561066	0	0	1	3
LDL	META	EUR	19	46	1935	123.031383514404	0	0	2	9
LDL	META	EUR	19	49	2266	2004.26844954491	0	2	2	12
LDL	META	EUR	19	51	1295	55.5717680454254	0	1	1	5
LDL	META	EUR	19	52	1597	1308.23034620285	1	2	3	23
LDL	META	EUR	19	53	2969	6909.78503870964	5	6	6	7
LDL	META	EUR	19	54	4148	334.379016399384	0	1	1	4
LDL	META	EUR	19	62	2979	304.616500139236	0	0	0	0
LDL	META	EUR	19	63	1405	948.792011499405	0	0	2	18
LDL	META	EUR	19	65	1374	433.152781963348	0	1	2	8
LDL	META	EUR	19	67	5769	630.400655269623	0	0	1	16
LDL	META	EUR	19	68	1393	113.440877914429	0	0	0	0
LDL	META	EUR	19	70	1809	474.938751935959	1	1	1	1
LDL	META	EUR	19	71	322	8.38427972793579	0	1	1	2
LDL	META	EUR	19	72	2677	505.553325414658	1	1	1	1
LDL	META	EUR	19	73	470	951.899324417114	2	3	2	2
LDL	META	EUR	19	74	2804	1502.60606002808	9	10	9	9
LDL	META	EUR	19	75	742	435.368118047714	9	11	9	9
LDL	META	EUR	19	76	2801	2313.32530283928	11	11	11	11
LDL	META	EUR	19	77	4930	6661.16333842278	3	5	5	10
LDL	META	EUR	19	79	1514	633.756087303162	1	1	1	1
LDL	META	EUR	19	80	853	167.927277803421	0	2	2	7
LDL	META	EUR	19	81	1997	1081.0173459053	1	4	2	6
LDL	META	EUR	19	98	1050	85.4301700592041	0	0	1	5
LDL	META	EUR	19	103	1275	185.315631151199	0	1	0	0
LDL	META	EUR	19	104	1434	97.4576597213745	0	0	0	0
LDL	META	EUR	19	107	1000	71.0652914047241	0	0	1	9
LDL	META	EUR	19	110	2769	1347.5292942524	0	1	2	24
LDL	META	EUR	19	111	1227	1047.75684714317	0	1	3	18
LDL	META	EUR	20	2	1183	46.5646359920502	0	0	0	0
LDL	META	EUR	20	10	1072	8.257084608078	0	1	1	2
LDL	META	EUR	20	11	996	48.3098509311676	0	0	0	0
LDL	META	EUR	20	12	2000	305.741889238358	0	1	1	6
LDL	META	EUR	20	13	2080	166.537054300308	0	1	1	9
LDL	META	EUR	20	18	1278	270.792711496353	0	1	2	9
LDL	META	EUR	20	19	353	1.68262505531311	0	1	1	3
LDL	META	EUR	20	40	1508	51.2965323925018	0	0	1	5
LDL	META	EUR	20	48	3816	3993.44330883026	2	3	5	22
LDL	META	EUR	20	59	3811	401.513893127441	0	0	1	8
LDL	META	EUR	20	60	2346	582.659507036209	0	0	0	0
LDL	META	EUR	20	63	4665	265.984222888947	1	2	2	4
LDL	META	EUR	20	64	1406	4304.39224720001	3	4	5	14
LDL	META	EUR	20	65	2582	916.30690574646	0	2	3	31
LDL	META	EUR	20	66	2901	61.9825029373169	0	1	1	3
LDL	META	EUR	20	68	1074	26.7181031703949	0	0	1	6
LDL	META	EUR	20	69	2047	981.781502485275	1	1	1	1
LDL	META	EUR	20	70	1475	22.615841627121	0	0	1	3
LDL	META	EUR	20	71	2305	2091.15828537941	0	1	2	18
LDL	META	EUR	20	77	2178	362.378034353256	0	0	1	16
LDL	META	EUR	20	78	2830	231.126108884811	0	0	0	0
LDL	META	EUR	20	86	1781	181.590121269226	0	0	1	4
LDL	META	EUR	20	87	1097	9.78498387336731	0	1	1	2
LDL	META	EUR	20	89	1141	246.510896921158	0	0	0	0
LDL	META	EUR	20	110	2039	308.203345298767	0	1	1	45
LDL	META	EUR	20	111	519	3.59524512290955	0	1	0	0
LDL	META	EUR	20	112	521	6.12913227081299	1	2	2	3
LDL	META	EUR	20	113	219	1.18486714363098	0	1	1	2
LDL	META	EUR	20	115	1012	449.488928079605	1	2	2	10
LDL	META	EUR	21	3	970	38.6591119766235	0	1	1	5
LDL	META	EUR	21	30	3560	609.625017166138	0	0	0	0
LDL	META	EUR	21	33	2226	260.119877099991	0	0	1	26
LDL	META	EUR	21	37	2611	349.165572881699	0	0	0	0
LDL	META	EUR	21	41	4339	196.917367696762	0	0	1	6
LDL	META	EUR	21	48	3341	1133.85941123962	0	1	2	24
LDL	META	EUR	21	53	1507	181.24797129631	0	0	1	17
LDL	META	EUR	21	62	631	44.2785205841064	0	0	0	0
LDL	META	EUR	21	64	2442	303.076199531555	0	0	1	52
LDL	META	EUR	21	65	699	41.3510797023773	0	0	1	36
LDL	META	EUR	22	5	1086	146.257434368134	0	1	1	47
LDL	META	EUR	22	9	1719	67.6571214199066	0	0	1	4
LDL	META	EUR	22	13	1005	138.989325761795	0	0	1	17
LDL	META	EUR	22	29	2413	347.777523517609	0	0	0	0
LDL	META	EUR	22	30	7767	8308.97521018982	0	2	1	5
LDL	META	EUR	22	36	1266	189.322682142258	0	0	1	15
LDL	META	EUR	22	37	1958	585.503193855286	1	1	2	11
LDL	META	EUR	22	40	1033	29.987447977066	0	0	1	6
LDL	META	EUR	22	43	1868	184.384917736053	0	0	1	17
LDL	META	EUR	22	46	4590	3241.57051181793	0	1	1	3
LDL	META	EUR	22	49	579	4.05424213409424	0	1	1	3
LDL	META	EUR	22	54	1477	183.902074813843	0	0	1	9
LDL	META	EUR	22	55	1353	738.327314138412	1	1	1	1
LDL	META	EUR	22	56	244	11.090149641037	0	1	1	7
LDL	META	EUR	22	57	980	774.657006025314	0	1	3	32
LDL	META	EUR	22	70	2717	2572.81486535072	0	0	2	21
