pheno	db	pid	chromosome	block	num_variants	L	time	num_variants_0.95	num_variants_0.5	num_CS95	num_variants_CS95
TC	META	AFR	1	1	1401	5	1.14884448051453	0	0	0	0
TC	META	AFR	1	2	1463	5	1.55126452445984	0	0	0	0
TC	META	AFR	1	4	1983	5	2.1259548664093	0	0	0	0
TC	META	AFR	1	17	6673	5	17.3521435260773	0	0	0	0
TC	META	AFR	1	19	5446	5	18.5190532207489	0	0	0	0
TC	META	AFR	1	35	6606	5	15.5567667484283	0	0	0	0
TC	META	AFR	1	40	2215	5	2.80088019371033	0	0	0	0
TC	META	AFR	1	48	2605	5	3.02493047714233	0	0	0	0
TC	META	AFR	1	49	2515	5	2.83983945846558	0	0	0	0
TC	META	AFR	1	51	2339	5	2.78797769546509	0	0	0	0
TC	META	AFR	1	52	6681	5	17.2015407085419	0	0	0	0
TC	META	AFR	1	53	5745	5	19.7991495132446	0	0	0	0
TC	META	AFR	1	58	6876	5	19.8356459140778	0	0	0	0
TC	META	AFR	1	67	4462	5	10.3709683418274	0	0	0	0
TC	META	AFR	1	70	4545	5	11.176910161972	0	0	0	0
TC	META	AFR	1	73	6461	5	15.5411396026611	0	0	0	0
TC	META	AFR	1	74	6203	5	16.5356366634369	0	0	0	0
TC	META	AFR	1	75	7814	5	36.0724034309387	0	0	0	0
TC	META	AFR	1	76	4022	5	8.99653291702271	0	0	0	0
TC	META	AFR	1	80	2388	5	2.57924151420593	0	0	1	5
TC	META	AFR	1	81	1684	5	1.76859450340271	0	1	0	0
TC	META	AFR	1	82	3661	5	9.21397495269775	0	0	0	0
TC	META	AFR	1	83	4307	5	53.8350703716278	3	3	3	3
TC	META	AFR	1	84	6738	10	1952.65197038651	3	3	4	6
TC	META	AFR	1	85	2030	5	2.90285849571228	0	0	0	0
TC	META	AFR	1	89	3876	5	9.72542214393616	0	0	0	0
TC	META	AFR	1	92	4539	5	14.6280121803284	0	0	0	0
TC	META	AFR	1	94	1062	5	1.19584727287292	0	0	0	0
TC	META	AFR	1	95	1028	5	0.892107486724854	0	1	0	0
TC	META	AFR	1	96	4172	5	13.3845064640045	0	0	0	0
TC	META	AFR	1	97	5194	5	17.9759731292725	1	1	1	1
TC	META	AFR	1	100	4171	5	12.1146373748779	0	0	0	0
TC	META	AFR	1	109	5653	5	13.3796715736389	0	0	0	0
TC	META	AFR	1	124	6943	5	29.9636991024017	0	0	0	0
TC	META	AFR	1	125	8752	5	1542.37807488441	0	1	2	26
TC	META	AFR	1	127	3748	5	8.28558278083801	0	0	0	0
TC	META	AFR	1	136	5116	5	23.4581081867218	0	0	0	0
TC	META	AFR	1	138	6746	5	28.4182620048523	1	1	1	1
TC	META	AFR	1	139	1521	5	1.41163992881775	0	0	0	0
TC	META	AFR	1	140	2156	5	1.98468589782715	0	0	0	0
TC	META	AFR	1	141	2605	5	6.05661559104919	0	0	0	0
TC	META	AFR	1	144	3689	5	5.98944211006165	0	0	0	0
TC	META	AFR	1	145	2854	5	6.24611735343933	0	0	0	0
TC	META	AFR	1	150	4985	5	8.67173337936401	0	0	0	0
TC	META	AFR	1	151	6771	5	29.1545705795288	0	0	0	0
TC	META	AFR	1	153	5273	5	16.6412630081177	0	0	0	0
TC	META	AFR	1	154	8827	5	79.3526904582977	0	0	0	0
TC	META	AFR	1	156	4660	5	12.4445700645447	0	0	0	0
TC	META	AFR	1	158	5394	5	18.9439716339111	0	0	0	0
TC	META	AFR	1	162	4315	5	15.0924994945526	0	0	0	0
TC	META	AFR	1	168	5378	5	23.3867907524109	0	0	0	0
TC	META	AFR	1	169	7264	5	89.3107671737671	0	0	0	0
TC	META	AFR	1	175	7195	5	60.6493501663208	0	0	0	0
TC	META	AFR	1	182	7706	5	38.549459695816	0	0	0	0
TC	META	AFR	1	183	7267	5	53.4401853084564	0	0	0	0
TC	META	AFR	1	185	2393	5	4.58262324333191	0	0	0	0
TC	META	AFR	1	187	4746	5	15.4089870452881	0	0	0	0
TC	META	AFR	1	188	5430	5	28.3549191951752	0	0	0	0
TC	META	AFR	1	192	5275	5	16.9052226543427	0	0	0	0
TC	META	AFR	1	201	6319	5	67.813939332962	0	0	0	0
TC	META	AFR	1	202	5225	5	35.9713263511658	0	0	0	0
TC	META	AFR	1	205	2069	5	4.5386483669281	0	1	1	4
TC	META	AFR	1	209	1295	5	2.21418738365173	0	0	0	0
TC	META	AFR	1	213	2836	5	3.71325588226318	0	0	0	0
TC	META	AFR	1	221	4896	5	11.6170670986176	0	0	0	0
TC	META	AFR	1	223	5603	5	23.5188267230988	0	0	0	0
TC	META	AFR	1	224	3371	5	4.49989938735962	0	0	0	0
TC	META	AFR	1	226	2006	5	1.80263423919678	0	0	0	0
TC	META	AFR	1	229	4337	5	11.4410529136658	0	0	0	0
TC	META	AFR	1	233	6644	5	54.9363360404968	0	0	0	0
TC	META	AFR	1	234	7611	5	48.3286247253418	0	1	0	0
TC	META	AFR	1	235	5308	5	38.6913492679596	0	0	0	0
TC	META	AFR	1	238	9991	5	182.757530450821	0	0	0	0
TC	META	AFR	1	239	2352	5	3.89811229705811	0	0	0	0
TC	META	AFR	1	240	10317	5	240.362919092178	0	0	0	0
TC	META	AFR	1	252	2341	5	4.8498911857605	0	1	2	6
TC	META	AFR	1	253	834	5	3.75273036956787	0	0	0	0
TC	META	AFR	1	254	4020	5	12.8026676177979	0	0	0	0
TC	META	AFR	1	255	2547	5	8.61630296707153	0	0	0	0
TC	META	AFR	1	257	2617	5	4.55792737007141	0	0	0	0
TC	META	AFR	1	280	10183	5	204.63317322731	0	0	0	0
TC	META	AFR	1	281	7475	5	97.7108051776886	0	0	0	0
TC	META	AFR	2	6	2729	5	8.0164783000946	0	0	0	0
TC	META	AFR	2	21	1697	5	4.2326500415802	0	0	0	0
TC	META	AFR	2	31	1598	5	4.23684406280518	0	0	0	0
TC	META	AFR	2	32	2234	5	6.65055799484253	0	0	0	0
TC	META	AFR	2	37	2336	5	5.47769165039062	0	0	0	0
TC	META	AFR	2	38	4970	5	14.8543660640717	0	0	0	0
TC	META	AFR	2	39	2321	5	3.96634840965271	0	0	0	0
TC	META	AFR	2	40	7198	5	46.4446935653687	0	1	1	2
TC	META	AFR	2	41	3303	5	630.91778421402	0	2	2	11
TC	META	AFR	2	42	298	5	0.694493055343628	1	1	2	4
TC	META	AFR	2	43	718	5	9.5894250869751	0	0	0	0
TC	META	AFR	2	44	3345	10	1072.292709589	5	6	7	11
TC	META	AFR	2	45	6028	5	1402.58360362053	1	1	1	1
TC	META	AFR	2	46	2651	5	9.67060852050781	0	0	0	0
TC	META	AFR	2	47	7567	5	114.75878214836101	0	0	1	5
TC	META	AFR	2	48	4621	5	34.6138429641724	0	0	0	0
TC	META	AFR	2	49	7325	5	55.1405403614044	1	1	1	1
TC	META	AFR	2	50	4213	5	34.1759834289551	0	0	0	0
TC	META	AFR	2	51	4790	5	42.8748002052307	0	0	1	9
TC	META	AFR	2	53	3128	5	22.401947259903	0	0	0	0
TC	META	AFR	2	55	11061	5	52.9053516387939	0	0	0	0
TC	META	AFR	2	56	526	5	1.63438367843628	0	0	0	0
TC	META	AFR	2	66	10564	5	219.177344560623	0	0	0	0
TC	META	AFR	2	69	5645	5	58.0135607719421	0	0	0	0
TC	META	AFR	2	71	4477	5	18.2662472724915	1	1	1	1
TC	META	AFR	2	72	7393	5	98.4759137630463	0	1	1	5
TC	META	AFR	2	74	2489	5	11.6136467456818	0	0	0	0
TC	META	AFR	2	75	2975	5	10.2112534046173	0	0	0	0
TC	META	AFR	2	77	2896	5	6.23552227020264	0	0	0	0
TC	META	AFR	2	84	14595	5	263.064748764038	0	0	0	0
TC	META	AFR	2	88	16823	5	194.279848098755	0	0	0	0
TC	META	AFR	2	89	4321	5	11.4194383621216	0	0	0	0
TC	META	AFR	2	97	6469	5	26.4267160892487	0	0	1	15
TC	META	AFR	2	99	3770	5	20.3883085250854	0	0	0	0
TC	META	AFR	2	100	5070	5	53.4788312911987	0	0	0	0
TC	META	AFR	2	102	3683	5	4.88313484191895	0	1	0	0
TC	META	AFR	2	107	7942	5	83.4839832782745	0	0	0	0
TC	META	AFR	2	115	8548	5	31.5221996307373	0	0	0	0
TC	META	AFR	2	121	7707	5	75.8199415206909	0	0	0	0
TC	META	AFR	2	122	3370	5	12.8147864341736	0	0	0	0
TC	META	AFR	2	124	6381	5	58.4027364253998	0	0	0	0
TC	META	AFR	2	125	5255	5	39.3333623409271	0	0	0	0
TC	META	AFR	2	127	10601	5	246.348064899445	0	0	0	0
TC	META	AFR	2	128	8987	5	154.260171413422	0	0	0	0
TC	META	AFR	2	130	988	5	0.893162727355957	0	0	0	0
TC	META	AFR	2	131	270	5	1.06721377372742	0	0	0	0
TC	META	AFR	2	138	7590	5	88.2378714084625	0	0	0	0
TC	META	AFR	2	146	7475	5	113.609339952469	0	0	0	0
TC	META	AFR	2	147	12158	5	280.594420433044	0	0	0	0
TC	META	AFR	2	152	4208	5	24.0189533233643	0	0	0	0
TC	META	AFR	2	153	7068	5	87.3950662612915	0	0	0	0
TC	META	AFR	2	155	4406	5	50.157163143158	0	0	0	0
TC	META	AFR	2	162	2783	5	4.81132435798645	0	0	0	0
TC	META	AFR	2	163	356	5	2.56996464729309	0	1	0	0
TC	META	AFR	2	164	1472	5	1.679682970047	0	0	0	0
TC	META	AFR	2	166	11660	5	123.989043712616	0	0	0	0
TC	META	AFR	2	168	5176	5	22.539014339447	0	0	0	0
TC	META	AFR	2	171	7590	5	98.9633176326752	0	0	0	0
TC	META	AFR	2	172	1586	5	4.11196708679199	0	0	0	0
TC	META	AFR	2	177	5759	5	12.126608133316	0	0	0	0
TC	META	AFR	2	180	4686	5	17.0384018421173	0	0	0	0
TC	META	AFR	2	181	7131	5	56.3845105171204	0	0	0	0
TC	META	AFR	2	192	7139	5	62.9452133178711	0	0	0	0
TC	META	AFR	2	196	8929	5	112.397906303406	0	0	0	0
TC	META	AFR	2	198	4625	5	51.7237854003906	0	0	0	0
TC	META	AFR	2	199	7627	5	90.6292440891266	0	0	0	0
TC	META	AFR	2	205	3614	5	20.2080264091492	0	0	0	0
TC	META	AFR	2	208	11200	5	58.1227195262909	0	0	0	0
TC	META	AFR	2	210	3903	5	27.7897074222565	0	1	0	0
TC	META	AFR	2	211	5679	5	11.6637029647827	0	0	0	0
TC	META	AFR	2	212	5720	5	20.4055624008179	0	0	0	0
TC	META	AFR	2	213	12754	5	78.0073835849762	0	0	0	0
TC	META	AFR	2	217	3460	5	19.2096180915833	0	0	0	0
TC	META	AFR	2	218	2684	5	13.5418493747711	0	0	0	0
TC	META	AFR	2	228	3904	5	26.406014919281	0	0	0	0
TC	META	AFR	2	232	2738	5	11.0029149055481	0	1	1	4
TC	META	AFR	2	233	1320	5	4.77470207214355	0	0	0	0
TC	META	AFR	2	241	2830	5	14.7464294433594	0	0	0	0
TC	META	AFR	2	242	4113	5	6.88643455505371	0	0	0	0
TC	META	AFR	2	250	9223	5	132.201685667038	0	0	0	0
TC	META	AFR	2	255	4801	5	8.60807728767395	0	0	0	0
TC	META	AFR	3	24	6158	5	62.7521317005157	0	0	0	0
TC	META	AFR	3	41	7666	5	26.2747797966003	0	0	0	0
TC	META	AFR	3	45	3115	5	6.232825756073	0	0	0	0
TC	META	AFR	3	51	2544	5	2.42620873451233	0	1	1	4
TC	META	AFR	3	56	4803	5	31.8740062713623	0	0	0	0
TC	META	AFR	3	70	5899	5	12.5689449310303	0	0	0	0
TC	META	AFR	3	71	7674	5	90.3280663490295	0	0	0	0
TC	META	AFR	3	83	8408	5	123.399709939957	0	0	0	0
TC	META	AFR	3	88	5134	5	34.0177149772644	0	0	0	0
TC	META	AFR	3	89	5808	5	11.7683460712433	0	0	0	0
TC	META	AFR	3	104	12417	5	75.1502223014832	0	0	0	0
TC	META	AFR	3	107	5125	5	11.2205119132996	0	0	0	0
TC	META	AFR	3	112	5577	5	43.8778140544891	0	0	0	0
TC	META	AFR	3	113	1928	5	10.7525737285614	0	0	0	0
TC	META	AFR	3	120	5437	5	21.1703195571899	0	0	0	0
TC	META	AFR	3	121	6511	5	52.6557102203369	0	0	0	0
TC	META	AFR	3	122	1447	5	5.90138936042786	0	0	0	0
TC	META	AFR	3	123	2279	5	8.53815984725952	0	0	0	0
TC	META	AFR	3	127	7015	5	22.8461399078369	0	0	0	0
TC	META	AFR	3	128	2876	5	9.59526920318604	0	0	0	0
TC	META	AFR	3	129	3287	5	4.35514330863953	0	0	0	0
TC	META	AFR	3	131	1984	5	1.68586444854736	0	0	0	0
TC	META	AFR	3	132	9106	5	71.0480103492737	0	0	0	0
TC	META	AFR	3	135	5639	5	42.1736791133881	0	0	0	0
TC	META	AFR	3	136	2871	5	12.8816630840302	0	0	0	0
TC	META	AFR	3	140	6894	5	61.9569773674011	0	0	0	0
TC	META	AFR	3	145	6796	5	66.0506815910339	0	0	0	0
TC	META	AFR	3	149	4998	5	9.65682458877563	0	0	0	0
TC	META	AFR	3	150	5607	5	11.3072390556335	0	0	0	0
TC	META	AFR	3	154	1430	5	5.26000952720642	0	0	0	0
TC	META	AFR	3	158	6809	5	55.0798637866974	0	0	0	0
TC	META	AFR	3	161	8045	5	29.7426474094391	0	0	0	0
TC	META	AFR	3	165	6297	5	14.3698425292969	0	0	0	0
TC	META	AFR	3	170	3862	5	7.40727972984314	0	0	0	0
TC	META	AFR	3	172	4379	5	36.6412687301636	0	0	0	0
TC	META	AFR	3	173	2623	5	4.67954397201538	0	0	0	0
TC	META	AFR	3	175	1763	5	6.2824387550354	0	0	0	0
TC	META	AFR	3	190	3664	5	5.0273277759552	0	0	0	0
TC	META	AFR	3	191	4275	5	20.4466588497162	0	0	0	0
TC	META	AFR	3	193	6819	5	90.8688011169434	0	0	0	0
TC	META	AFR	3	195	11532	5	146.968896389008	0	0	0	0
TC	META	AFR	3	214	7524	5	36.7777800559998	0	0	0	0
TC	META	AFR	3	216	3829	5	8.41436147689819	0	0	0	0
TC	META	AFR	4	1	18227	5	240.985998392105	0	0	0	0
TC	META	AFR	4	15	2778	5	14.4233853816986	0	0	0	0
TC	META	AFR	4	19	2789	5	13.5283119678497	0	0	0	0
TC	META	AFR	4	21	9990	5	48.066882610321	0	0	0	0
TC	META	AFR	4	28	5176	5	9.50163793563843	0	0	0	0
TC	META	AFR	4	42	901	5	0.797965288162231	0	0	0	0
TC	META	AFR	4	54	13668	5	158.75000834465	0	0	0	0
TC	META	AFR	4	55	5470	5	12.0043687820435	0	0	0	0
TC	META	AFR	4	57	1163	5	0.967315912246704	0	0	0	0
TC	META	AFR	4	64	9067	5	42.0611946582794	0	0	0	0
TC	META	AFR	4	65	3601	5	8.46623539924622	0	0	0	0
TC	META	AFR	4	66	4853	5	18.0388877391815	0	0	0	0
TC	META	AFR	4	71	2380	5	4.44548082351685	0	0	0	0
TC	META	AFR	4	79	4845	5	55.2570428848267	0	0	0	0
TC	META	AFR	4	80	6862	5	16.6482834815979	1	1	1	1
TC	META	AFR	4	84	6683	5	15.6637053489685	0	0	0	0
TC	META	AFR	4	85	2175	5	8.31737947463989	0	0	0	0
TC	META	AFR	4	86	473	5	2.24322462081909	0	0	0	0
TC	META	AFR	4	87	9226	5	39.9101893901825	0	0	0	0
TC	META	AFR	4	90	6305	5	14.5333387851715	0	0	0	0
TC	META	AFR	4	92	5187	5	63.4731020927429	0	0	0	0
TC	META	AFR	4	101	7641	5	20.5554676055908	0	0	0	0
TC	META	AFR	4	113	7142	5	21.0562646389008	0	0	0	0
TC	META	AFR	4	114	6572	5	15.2348732948303	0	0	0	0
TC	META	AFR	4	115	3030	5	3.21114444732666	0	0	0	0
TC	META	AFR	4	116	5734	5	41.6327965259552	0	0	0	0
TC	META	AFR	4	117	6485	5	67.7861430644989	0	0	0	0
TC	META	AFR	4	121	5330	5	38.2628724575043	0	0	0	0
TC	META	AFR	4	129	7659	5	37.5856304168701	0	0	0	0
TC	META	AFR	4	130	6835	5	25.1521401405334	0	0	0	0
TC	META	AFR	4	134	10444	5	195.858383655548	0	0	0	0
TC	META	AFR	4	136	9288	5	50.3704245090485	0	0	0	0
TC	META	AFR	4	148	4362	5	28.2777659893036	0	0	0	0
TC	META	AFR	4	150	6788	5	21.2866179943085	0	0	0	0
TC	META	AFR	4	151	2998	5	3.30889654159546	0	0	0	0
TC	META	AFR	4	156	9220	5	38.8461792469025	0	0	0	0
TC	META	AFR	4	159	2548	5	2.31515860557556	0	0	0	0
TC	META	AFR	4	161	2408	5	3.0746750831604	0	0	0	0
TC	META	AFR	4	162	4284	5	13.4926424026489	0	0	0	0
TC	META	AFR	4	203	2982	5	3.66592645645142	0	0	0	0
TC	META	AFR	5	6	2066	5	6.03806352615356	0	0	0	0
TC	META	AFR	5	28	2027	5	1.88032960891724	0	0	0	0
TC	META	AFR	5	43	6516	5	34.2824029922485	0	1	0	0
TC	META	AFR	5	56	8459	5	34.4817454814911	0	0	0	0
TC	META	AFR	5	57	5620	5	16.1120438575745	0	0	0	0
TC	META	AFR	5	64	7054	5	35.8182859420776	0	0	0	0
TC	META	AFR	5	68	1697	5	4.83097720146179	0	0	0	0
TC	META	AFR	5	69	2437	5	8.94019246101379	0	0	0	0
TC	META	AFR	5	71	7951	5	80.4065754413605	0	0	0	0
TC	META	AFR	5	74	11296	5	104.555447101593	0	0	0	0
TC	META	AFR	5	81	4509	5	15.7155010700226	0	0	0	0
TC	META	AFR	5	84	878	5	0.829161882400513	0	0	0	0
TC	META	AFR	5	85	6654	5	18.6198627948761	0	0	1	5
TC	META	AFR	5	92	4151	5	26.7824456691742	0	0	0	0
TC	META	AFR	5	109	3394	5	5.19275736808777	0	0	0	0
TC	META	AFR	5	130	7829	5	22.9138236045837	0	0	0	0
TC	META	AFR	5	134	4194	5	6.7730438709259	0	0	1	19
TC	META	AFR	5	136	7468	5	20.390704870224	0	0	0	0
TC	META	AFR	5	146	7721	5	25.4933013916016	0	0	0	0
TC	META	AFR	5	147	3144	5	3.84017205238342	0	0	0	0
TC	META	AFR	5	154	4822	5	12.8033759593964	0	0	0	0
TC	META	AFR	5	156	4705	5	9.32365298271179	0	0	0	0
TC	META	AFR	5	158	4033	5	7.71714282035828	0	0	0	0
TC	META	AFR	5	165	3126	5	3.21990776062012	0	0	1	16
TC	META	AFR	5	166	6157	5	993.985673189163	1	2	2	3
TC	META	AFR	5	167	5057	5	38.8672745227814	0	0	0	0
TC	META	AFR	5	168	5790	5	33.2490727901459	0	0	0	0
TC	META	AFR	5	191	8031	5	31.473819732666	0	0	0	0
TC	META	AFR	5	202	3846	5	5.58692049980164	0	0	0	0
TC	META	AFR	5	207	4954	5	27.9493515491486	0	0	0	0
TC	META	AFR	5	210	668	5	0.778627872467041	0	0	0	0
TC	META	AFR	5	211	1167	5	0.972951650619507	0	0	0	0
TC	META	AFR	6	1	5963	5	13.4266686439514	0	0	0	0
TC	META	AFR	6	19	4719	5	18.4521818161011	0	0	0	0
TC	META	AFR	6	20	3115	5	3.2232723236084	0	0	0	0
TC	META	AFR	6	25	4643	5	23.5696582794189	0	0	0	0
TC	META	AFR	6	27	2986	5	4.0527868270874	0	0	0	0
TC	META	AFR	6	30	740	5	0.751063585281372	0	0	0	0
TC	META	AFR	6	34	5435	5	32.6715753078461	0	0	0	0
TC	META	AFR	6	35	1980	5	1.58896470069885	0	0	0	0
TC	META	AFR	6	39	8669	5	33.573292016983	0	0	0	0
TC	META	AFR	6	43	5471	5	15.5449883937836	0	0	0	0
TC	META	AFR	6	44	1001	5	0.827698230743408	0	0	0	0
TC	META	AFR	6	47	6929	5	33.3054523468018	0	0	0	0
TC	META	AFR	6	51	11018	5	69.1525304317474	0	0	0	0
TC	META	AFR	6	52	3626	5	4.53105926513672	0	0	0	0
TC	META	AFR	6	53	3339	5	4.71950626373291	0	0	0	0
TC	META	AFR	6	56	3222	5	17.5216248035431	0	0	0	0
TC	META	AFR	6	58	5441	5	11.6298966407776	0	0	0	0
TC	META	AFR	6	63	5267	5	12.0761182308197	0	0	0	0
TC	META	AFR	6	64	590	5	2.35067772865295	0	0	0	0
TC	META	AFR	6	65	1531	5	4.23353695869446	0	0	0	0
TC	META	AFR	6	69	5094	5	10.8140797615051	0	0	0	0
TC	META	AFR	6	72	2149	5	1.89113736152649	0	0	0	0
TC	META	AFR	6	73	823	5	3.20345973968506	0	0	0	0
TC	META	AFR	6	75	777	5	0.727183818817139	0	0	0	0
TC	META	AFR	6	76	10410	5	64.8623087406158	0	0	0	0
TC	META	AFR	6	85	12679	5	70.0327208042145	0	0	0	0
TC	META	AFR	6	87	8926	5	41.4855742454529	0	0	0	0
TC	META	AFR	6	88	16223	5	190.440045595169	0	0	0	0
TC	META	AFR	6	94	7971	5	25.7589957714081	0	1	0	0
TC	META	AFR	6	99	6872	5	16.8091526031494	0	0	0	0
TC	META	AFR	6	100	76	5	1.54023337364197	0	1	1	2
TC	META	AFR	6	101	5475	5	14.6667380332947	0	0	0	0
TC	META	AFR	6	105	5131	5	10.2555110454559	0	0	0	0
TC	META	AFR	6	109	4903	5	9.41408705711365	0	1	0	0
TC	META	AFR	6	115	12341	5	74.9294099807739	0	0	0	0
TC	META	AFR	6	116	7191	5	21.042192697525	0	0	0	0
TC	META	AFR	6	117	10465	5	103.001855611801	0	0	0	0
TC	META	AFR	6	124	8293	5	61.1813657283783	0	0	0	0
TC	META	AFR	6	127	4185	5	6.93625926971436	0	0	0	0
TC	META	AFR	6	128	5932	5	16.9444563388824	0	0	0	0
TC	META	AFR	6	130	6764	5	30.4668018817902	0	0	0	0
TC	META	AFR	6	134	4122	5	6.93265986442566	0	0	0	0
TC	META	AFR	6	135	2825	5	3.86879992485046	0	0	0	0
TC	META	AFR	6	137	2348	5	2.98733735084534	0	0	0	0
TC	META	AFR	6	138	3245	5	13.4186375141144	0	0	0	0
TC	META	AFR	6	140	3548	5	10.1763937473297	0	0	0	0
TC	META	AFR	6	146	2770	5	3.14337539672852	0	0	0	0
TC	META	AFR	6	148	2369	5	6.31690549850464	0	0	0	0
TC	META	AFR	6	154	3943	5	6.64078235626221	0	0	0	0
TC	META	AFR	6	158	4581	5	7.36272501945496	0	0	0	0
TC	META	AFR	6	160	5706	5	12.7276294231415	0	0	0	0
TC	META	AFR	6	168	6933	5	19.749222278595	0	0	0	0
TC	META	AFR	6	169	11668	5	563.457436800003	2	3	4	14
TC	META	AFR	6	183	3305	5	7.07868266105652	0	0	0	0
TC	META	AFR	7	3	4591	5	82.621258020401	0	0	0	0
TC	META	AFR	7	5	7298	5	63.0435645580292	0	0	0	0
TC	META	AFR	7	6	3827	5	4.81882858276367	0	0	0	0
TC	META	AFR	7	11	4978	5	10.9555191993713	0	0	0	0
TC	META	AFR	7	12	8736	5	54.3620700836182	0	0	0	0
TC	META	AFR	7	28	2017	5	1.62968707084656	0	0	0	0
TC	META	AFR	7	33	7297	5	20.4163632392883	0	0	0	0
TC	META	AFR	7	37	5826	5	13.3388643264771	0	0	0	0
TC	META	AFR	7	40	8568	5	41.0516159534454	0	0	0	0
TC	META	AFR	7	41	5472	5	13.6630523204803	0	0	0	0
TC	META	AFR	7	42	5444	5	19.5228488445282	0	1	0	0
TC	META	AFR	7	44	1141	5	0.954721927642822	0	0	0	0
TC	META	AFR	7	50	3911	5	9.59465861320496	0	0	0	0
TC	META	AFR	7	51	3855	5	10.0053539276123	0	0	0	0
TC	META	AFR	7	58	5455	5	14.3276362419128	0	0	0	0
TC	META	AFR	7	66	2351	5	3.14079904556274	0	0	0	0
TC	META	AFR	7	67	14283	5	113.304799795151	2	3	3	4
TC	META	AFR	7	73	2027	5	1.73445153236389	0	0	0	0
TC	META	AFR	7	85	7211	5	18.1121580600739	0	0	0	0
TC	META	AFR	7	87	684	5	0.727390289306641	0	0	0	0
TC	META	AFR	7	88	8793	5	34.8946352005005	0	0	0	0
TC	META	AFR	7	89	4394	5	7.71867275238037	0	0	0	0
TC	META	AFR	7	95	3326	5	4.51395463943481	0	0	0	0
TC	META	AFR	7	99	8667	5	33.1828293800354	0	0	0	0
TC	META	AFR	7	103	4213	5	6.51796412467957	0	0	0	0
TC	META	AFR	7	107	10345	5	56.3802533149719	0	0	0	0
TC	META	AFR	7	109	4765	5	13.2026829719543	0	0	0	0
TC	META	AFR	7	111	8178	5	34.3807556629181	0	0	0	0
TC	META	AFR	7	112	3705	5	5.3061957359314	0	0	0	0
TC	META	AFR	7	113	6992	5	20.1509182453156	0	0	0	0
TC	META	AFR	7	119	3681	5	4.52818369865417	0	0	0	0
TC	META	AFR	7	125	6409	5	14.5799324512482	0	0	0	0
TC	META	AFR	7	127	1724	5	1.43189287185669	0	0	0	0
TC	META	AFR	7	131	11394	5	67.1157603263855	0	0	0	0
TC	META	AFR	7	132	12436	5	97.1582882404327	0	0	0	0
TC	META	AFR	7	133	11115	5	64.1743512153625	0	0	0	0
TC	META	AFR	7	134	3203	5	3.69390416145325	0	0	0	0
TC	META	AFR	7	138	7987	5	21.1536042690277	0	0	0	0
TC	META	AFR	7	139	1613	5	3.16850399971008	0	0	0	0
TC	META	AFR	7	140	3837	5	8.19708490371704	0	0	0	0
TC	META	AFR	7	141	8231	5	36.4020433425903	0	1	1	2
TC	META	AFR	7	142	1521	5	1.3130407333374	0	0	0	0
TC	META	AFR	7	147	2679	5	3.33761954307556	0	0	0	0
TC	META	AFR	7	152	2992	5	3.08761358261108	0	0	0	0
TC	META	AFR	7	159	2901	5	5.50641536712646	0	0	0	0
TC	META	AFR	7	162	10942	5	52.3395798206329	0	0	0	0
TC	META	AFR	7	176	1099	5	0.906022548675537	0	0	0	0
TC	META	AFR	7	177	1760	5	1.75495934486389	0	0	0	0
TC	META	AFR	7	187	8691	5	59.0509023666382	0	0	0	0
TC	META	AFR	8	17	5543	5	18.5942556858063	0	0	0	0
TC	META	AFR	8	29	9760	5	50.4263491630554	0	1	0	0
TC	META	AFR	8	32	6681	5	16.1484470367432	0	0	0	0
TC	META	AFR	8	36	1826	5	2.35587382316589	1	1	1	1
TC	META	AFR	8	39	4006	5	7.22378587722778	0	0	0	0
TC	META	AFR	8	41	3730	5	4.56589698791504	0	0	0	0
TC	META	AFR	8	42	6683	5	16.4149301052094	0	0	0	0
TC	META	AFR	8	43	6262	5	17.1933090686798	0	0	0	0
TC	META	AFR	8	44	2012	5	1.6569561958313	0	0	0	0
TC	META	AFR	8	45	4330	5	10.303938627243	0	0	0	0
TC	META	AFR	8	57	3523	5	11.0367696285248	0	0	1	6
TC	META	AFR	8	59	3094	5	7.11119246482849	0	0	0	0
TC	META	AFR	8	65	3326	5	4.53621459007263	0	0	0	0
TC	META	AFR	8	68	4407	5	14.3596332073212	0	0	2	6
TC	META	AFR	8	69	9146	5	63.7779529094696	0	0	0	0
TC	META	AFR	8	78	1110	5	2.08470940589905	0	0	0	0
TC	META	AFR	8	81	5770	5	26.7505819797516	0	0	0	0
TC	META	AFR	8	83	9787	5	99.1574590206146	0	0	0	0
TC	META	AFR	8	84	12737	5	80.1917352676392	0	0	0	0
TC	META	AFR	8	85	5101	5	9.76449537277222	0	0	0	0
TC	META	AFR	8	88	6167	5	14.7814729213715	0	0	0	0
TC	META	AFR	8	106	5451	5	10.5769879817963	0	0	0	0
TC	META	AFR	8	109	8936	5	48.2888607978821	0	0	0	0
TC	META	AFR	8	110	9370	5	67.4664287567139	0	0	0	0
TC	META	AFR	8	113	3803	5	5.99064874649048	0	0	0	0
TC	META	AFR	8	118	2668	5	2.90793633460999	0	0	0	0
TC	META	AFR	8	121	862	5	0.805252075195312	0	0	0	0
TC	META	AFR	8	124	3349	5	4.52270221710205	0	0	0	0
TC	META	AFR	8	125	1446	5	1.41452646255493	0	0	2	7
TC	META	AFR	8	126	419	5	0.651286363601685	0	0	0	0
TC	META	AFR	8	135	4253	5	6.57663750648499	0	0	0	0
TC	META	AFR	8	153	2416	5	5.93999314308167	0	0	0	0
TC	META	AFR	8	159	4386	5	17.7491533756256	0	0	0	0
TC	META	AFR	8	160	4702	5	8.81428074836731	0	0	0	0
TC	META	AFR	9	4	4588	5	7.56756401062012	1	1	1	1
TC	META	AFR	9	5	1174	5	0.977862596511841	0	0	0	0
TC	META	AFR	9	9	3490	5	6.44275307655334	0	0	0	0
TC	META	AFR	9	12	4601	5	11.8047006130219	0	0	0	0
TC	META	AFR	9	13	8708	5	36.6575458049774	0	0	0	0
TC	META	AFR	9	31	7016	5	19.7898788452148	0	0	0	0
TC	META	AFR	9	33	4928	5	17.9401772022247	0	0	0	0
TC	META	AFR	9	36	4573	5	11.8306155204773	0	0	0	0
TC	META	AFR	9	39	2034	5	2.44145178794861	0	0	0	0
TC	META	AFR	9	40	8662	5	30.6657094955444	0	0	0	0
TC	META	AFR	9	51	2755	5	4.14253306388855	0	0	0	0
TC	META	AFR	9	53	8810	5	41.913257598877	0	0	0	0
TC	META	AFR	9	69	3253	5	7.71615147590637	0	0	0	0
TC	META	AFR	9	70	2004	5	3.94688415527344	0	0	0	0
TC	META	AFR	9	72	1350	5	1.24767518043518	0	0	0	0
TC	META	AFR	9	73	3513	5	4.5340895652771	0	0	0	0
TC	META	AFR	9	89	1382	5	2.15433311462402	0	0	0	0
TC	META	AFR	9	93	5640	5	14.0883550643921	0	0	0	0
TC	META	AFR	9	99	3894	5	5.03957104682922	0	0	0	0
TC	META	AFR	9	100	6528	5	16.6469280719757	0	0	0	0
TC	META	AFR	9	102	7359	5	19.7703976631165	0	0	0	0
TC	META	AFR	9	103	1676	5	3.62808680534363	0	0	0	0
TC	META	AFR	9	104	1871	5	3.77699565887451	0	0	0	0
TC	META	AFR	9	105	1359	5	4.05176639556885	0	1	0	0
TC	META	AFR	9	106	6293	5	19.5961263179779	0	0	0	0
TC	META	AFR	9	107	1679	5	1.54640460014343	0	1	1	2
TC	META	AFR	9	109	7771	5	21.6567893028259	0	1	1	3
TC	META	AFR	9	110	8614	5	53.8199207782745	2	2	4	12
TC	META	AFR	9	111	328	5	8.51147985458374	1	2	3	11
TC	META	AFR	9	112	7451	5	242.920619010925	0	1	2	31
TC	META	AFR	9	113	4343	5	7.89873361587524	0	0	0	0
TC	META	AFR	9	114	2508	5	6.58981943130493	0	0	0	0
TC	META	AFR	9	115	7798	5	21.5243258476257	0	0	0	0
TC	META	AFR	9	116	3736	5	4.70010471343994	0	0	0	0
TC	META	AFR	9	118	9501	5	37.1355910301208	0	0	0	0
TC	META	AFR	9	119	3689	5	4.75766611099243	0	1	0	0
TC	META	AFR	9	121	2193	5	2.42448830604553	0	1	0	0
TC	META	AFR	9	124	3529	5	4.80663108825684	0	0	0	0
TC	META	AFR	9	125	4942	5	11.0235683917999	0	0	0	0
TC	META	AFR	9	134	9859	5	48.6501152515411	0	0	0	0
TC	META	AFR	9	140	10184	5	47.1826484203339	0	0	0	0
TC	META	AFR	9	142	3183	5	6.27022337913513	0	0	0	0
TC	META	AFR	9	144	3536	5	4.95820879936218	0	0	0	0
TC	META	AFR	9	145	3976	5	5.00729727745056	0	0	0	0
TC	META	AFR	9	149	3596	5	5.64140009880066	0	0	1	5
TC	META	AFR	9	153	282	5	0.617541551589966	0	0	0	0
TC	META	AFR	9	160	1399	5	2.80043864250183	0	0	0	0
TC	META	AFR	9	161	1305	5	0.976832151412964	0	0	0	0
TC	META	AFR	10	13	4494	5	15.4385273456573	0	0	0	0
TC	META	AFR	10	22	4837	5	8.23580646514893	0	0	0	0
TC	META	AFR	10	43	4011	5	6.6365339756012	0	0	0	0
TC	META	AFR	10	44	2260	5	2.2550208568573	0	0	0	0
TC	META	AFR	10	46	6815	5	19.0989787578583	0	0	0	0
TC	META	AFR	10	52	6611	5	14.7923030853271	0	0	0	0
TC	META	AFR	10	53	3552	5	5.91481947898865	0	0	0	0
TC	META	AFR	10	58	1374	5	1.12302923202515	0	0	0	0
TC	META	AFR	10	59	4377	5	6.8589174747467	0	0	0	0
TC	META	AFR	10	67	4328	5	7.84512948989868	0	0	1	11
TC	META	AFR	10	69	6006	5	16.6968557834625	0	0	0	0
TC	META	AFR	10	70	6274	5	17.9975235462189	0	0	0	0
TC	META	AFR	10	73	3817	5	6.44229888916016	0	0	0	0
TC	META	AFR	10	77	15941	5	229.119980573654	0	0	0	0
TC	META	AFR	10	80	6094	5	16.5789952278137	0	0	0	0
TC	META	AFR	10	81	7182	5	37.5265502929688	0	0	0	0
TC	META	AFR	10	84	11279	5	59.8316848278046	0	0	0	0
TC	META	AFR	10	85	1931	5	1.80724692344666	0	0	0	0
TC	META	AFR	10	92	10956	5	64.5808482170105	0	0	0	0
TC	META	AFR	10	100	1764	5	1.45176076889038	0	0	0	0
TC	META	AFR	10	101	5521	5	13.8470919132233	0	0	0	0
TC	META	AFR	10	109	6772	5	16.8498713970184	0	0	0	0
TC	META	AFR	10	110	2058	5	2.35178875923157	0	0	0	0
TC	META	AFR	10	112	1312	5	1.28018569946289	0	0	0	0
TC	META	AFR	10	113	4307	5	14.204315662384	0	0	0	0
TC	META	AFR	10	117	8052	5	29.3878262042999	0	0	1	8
TC	META	AFR	10	120	5662	5	12.5188949108124	0	0	0	0
TC	META	AFR	10	121	3497	5	4.94738268852234	0	0	0	0
TC	META	AFR	10	123	5358	5	10.2613770961761	0	0	0	0
TC	META	AFR	10	126	7319	5	21.9593925476074	0	0	0	0
TC	META	AFR	10	127	2371	5	2.47384142875671	0	0	0	0
TC	META	AFR	10	129	8229	5	30.7560789585114	0	0	0	0
TC	META	AFR	10	130	2846	5	3.03169131278992	0	0	0	0
TC	META	AFR	10	131	7494	5	20.8810257911682	0	0	0	0
TC	META	AFR	10	137	7039	5	18.5772066116333	0	1	0	0
TC	META	AFR	10	138	1231	5	1.72832298278809	0	0	0	0
TC	META	AFR	10	140	1530	5	1.45061635971069	0	0	0	0
TC	META	AFR	10	144	2823	5	3.87048172950745	0	0	0	0
TC	META	AFR	10	150	6084	5	14.313916683197	0	0	0	0
TC	META	AFR	10	152	3904	5	5.8153715133667	0	0	0	0
TC	META	AFR	10	154	8935	5	34.7371406555176	0	0	0	0
TC	META	AFR	10	176	5608	5	13.1064250469208	0	0	0	0
TC	META	AFR	10	177	3475	5	4.39467215538025	0	0	0	0
TC	META	AFR	11	2	4274	5	9.07337069511414	0	0	0	0
TC	META	AFR	11	3	4371	5	7.46206116676331	0	0	0	0
TC	META	AFR	11	4	3372	5	5.14829874038696	0	0	0	0
TC	META	AFR	11	7	2475	5	3.65248584747314	0	0	0	0
TC	META	AFR	11	11	6134	5	20.396735906601	0	0	1	10
TC	META	AFR	11	12	7290	5	36.3831160068512	0	1	1	3
TC	META	AFR	11	22	2182	5	4.84243965148926	0	0	0	0
TC	META	AFR	11	28	3489	5	5.05173969268799	0	0	0	0
TC	META	AFR	11	30	3441	5	4.56346654891968	0	0	0	0
TC	META	AFR	11	31	3293	5	4.02273988723755	0	0	0	0
TC	META	AFR	11	33	4226	5	9.04250764846802	0	0	0	0
TC	META	AFR	11	56	1022	5	2.71499729156494	0	0	0	0
TC	META	AFR	11	57	4377	5	11.2322914600372	0	0	0	0
TC	META	AFR	11	75	3597	5	4.85391783714294	0	0	0	0
TC	META	AFR	11	76	4291	5	8.06990504264832	0	0	0	0
TC	META	AFR	11	78	4499	5	10.7445421218872	0	0	0	0
TC	META	AFR	11	79	9766	5	55.0702867507935	0	0	0	0
TC	META	AFR	11	80	6664	5	16.7542366981506	0	0	0	0
TC	META	AFR	11	81	4035	5	4.95640516281128	0	0	0	0
TC	META	AFR	11	82	1161	5	0.928135633468628	0	0	0	0
TC	META	AFR	11	86	5908	5	11.772031545639	0	0	0	0
TC	META	AFR	11	88	6375	5	24.1178069114685	0	0	0	0
TC	META	AFR	11	90	10109	5	48.2214267253876	0	0	0	0
TC	META	AFR	11	107	1869	5	3.50057888031006	0	0	0	0
TC	META	AFR	11	108	1733	5	3.00525426864624	0	0	0	0
TC	META	AFR	11	117	10814	5	58.2394411563873	0	0	0	0
TC	META	AFR	11	121	4676	5	8.03151750564575	0	0	0	0
TC	META	AFR	11	125	4203	5	6.63215970993042	0	0	0	0
TC	META	AFR	11	128	613	5	2.80536007881165	0	0	0	0
TC	META	AFR	11	129	4634	5	54.619499206543	1	2	4	12
TC	META	AFR	11	133	4805	5	10.6442079544067	0	0	0	0
TC	META	AFR	11	140	2580	5	2.47524762153625	0	0	0	0
TC	META	AFR	11	142	5556	5	11.1505544185638	0	0	0	0
TC	META	AFR	11	147	8832	5	38.0633187294006	0	0	0	0
TC	META	AFR	11	163	765	5	0.932788372039795	0	0	0	0
TC	META	AFR	12	1	2830	5	3.42885780334473	0	0	0	0
TC	META	AFR	12	12	1668	5	1.54255104064941	0	0	0	0
TC	META	AFR	12	13	3117	5	3.38169956207275	0	1	0	0
TC	META	AFR	12	17	2174	5	2.11984014511108	0	0	0	0
TC	META	AFR	12	18	4467	5	8.95710182189941	0	0	0	0
TC	META	AFR	12	23	6274	5	23.7826671600342	0	0	0	0
TC	META	AFR	12	26	923	5	0.812323331832886	0	0	0	0
TC	META	AFR	12	27	573	5	1.08090949058533	0	0	0	0
TC	META	AFR	12	29	645	5	0.694875717163086	0	0	0	0
TC	META	AFR	12	42	9735	5	43.3586075305939	0	0	0	0
TC	META	AFR	12	45	3753	5	8.91614556312561	0	0	0	0
TC	META	AFR	12	47	1535	5	2.1539478302002	0	0	0	0
TC	META	AFR	12	48	5386	5	17.4895961284637	0	0	0	0
TC	META	AFR	12	49	5896	5	12.8198900222778	0	0	0	0
TC	META	AFR	12	51	3526	5	5.20740485191345	0	0	0	0
TC	META	AFR	12	52	7707	5	29.3908693790436	0	0	0	0
TC	META	AFR	12	59	6923	5	21.1582293510437	0	0	0	0
TC	META	AFR	12	60	3249	5	3.43870186805725	0	0	0	0
TC	META	AFR	12	61	3824	5	7.81512880325317	0	0	0	0
TC	META	AFR	12	62	4158	5	5.83621072769165	0	0	0	0
TC	META	AFR	12	63	5085	5	9.16330027580261	0	0	0	0
TC	META	AFR	12	64	3376	5	3.73102831840515	0	0	0	0
TC	META	AFR	12	66	5678	5	12.7783200740814	0	1	0	0
TC	META	AFR	12	67	3054	5	3.7382698059082	0	1	0	0
TC	META	AFR	12	69	5691	5	14.8858542442322	0	0	0	0
TC	META	AFR	12	71	6694	5	15.1527454853058	0	0	0	0
TC	META	AFR	12	72	17970	5	404.270754814148	0	0	0	0
TC	META	AFR	12	82	5866	5	18.6250538825989	0	0	0	0
TC	META	AFR	12	97	8475	5	37.2753131389618	0	0	0	0
TC	META	AFR	12	98	3544	5	5.49049758911133	0	0	0	0
TC	META	AFR	12	106	6242	5	21.567037820816	0	0	0	0
TC	META	AFR	12	110	6879	5	17.3700413703918	0	1	0	0
TC	META	AFR	12	113	4982	5	18.72896027565	0	0	0	0
TC	META	AFR	12	116	1609	5	3.37385487556458	0	0	0	0
TC	META	AFR	12	117	5426	5	13.3046958446503	0	0	0	0
TC	META	AFR	12	119	9646	5	55.7445666790009	0	0	0	0
TC	META	AFR	12	120	2491	5	3.82685041427612	0	0	0	0
TC	META	AFR	12	121	3634	5	4.70643472671509	0	0	0	0
TC	META	AFR	12	122	9007	5	89.2860989570618	0	0	0	0
TC	META	AFR	12	123	2784	5	4.22554278373718	0	0	0	0
TC	META	AFR	12	127	2263	5	1.95450758934021	0	0	0	0
TC	META	AFR	12	128	839	5	1.02874398231506	0	0	0	0
TC	META	AFR	12	129	3704	5	4.32704257965088	0	0	0	0
TC	META	AFR	12	138	9017	5	46.8738384246826	0	0	0	0
TC	META	AFR	12	139	12419	5	143.81059217453	0	0	0	0
TC	META	AFR	12	140	2144	5	1.94256567955017	1	1	1	1
TC	META	AFR	12	141	3084	5	4.3950822353363	0	0	0	0
TC	META	AFR	13	18	1545	5	1.37273287773132	0	0	0	0
TC	META	AFR	13	21	6050	5	14.0994114875793	0	0	0	0
TC	META	AFR	13	24	4192	5	9.85739517211914	0	0	0	0
TC	META	AFR	13	25	2721	5	2.63139843940735	1	1	1	1
TC	META	AFR	13	40	3906	5	5.18389391899109	0	0	0	0
TC	META	AFR	13	44	3269	5	3.48285818099976	0	0	0	0
TC	META	AFR	13	45	4828	5	9.87133026123047	0	0	0	0
TC	META	AFR	13	50	8848	5	36.6979279518127	0	0	0	0
TC	META	AFR	13	66	2056	5	1.81821727752686	0	0	0	0
TC	META	AFR	13	69	8704	5	62.6581318378448	0	0	0	0
TC	META	AFR	13	70	5805	5	14.4830536842346	0	0	0	0
TC	META	AFR	13	84	3187	5	8.2629873752594	0	0	0	0
TC	META	AFR	13	95	1926	5	1.79162573814392	0	0	0	0
TC	META	AFR	13	96	2062	5	1.71485018730164	0	0	0	0
TC	META	AFR	13	111	1536	5	4.86901235580444	0	0	0	0
TC	META	AFR	13	115	1871	5	1.55083537101746	0	0	0	0
TC	META	AFR	13	116	1603	5	1.1819589138031	0	0	0	0
TC	META	AFR	13	118	3302	5	5.26771664619446	0	0	0	0
TC	META	AFR	13	124	700	5	0.735490083694458	0	0	0	0
TC	META	AFR	13	125	5151	5	13.3917722702026	0	0	0	0
TC	META	AFR	14	4	1416	5	1.20860862731934	0	0	0	0
TC	META	AFR	14	10	1710	5	2.76270842552185	0	0	0	0
TC	META	AFR	14	11	2211	5	2.47639799118042	0	0	0	0
TC	META	AFR	14	14	7585	5	18.3335497379303	0	0	0	0
TC	META	AFR	14	23	7409	5	17.8707590103149	0	0	0	0
TC	META	AFR	14	31	7144	5	22.7713620662689	0	0	0	0
TC	META	AFR	14	35	7315	5	20.2173547744751	0	0	0	0
TC	META	AFR	14	43	346	5	0.754595994949341	0	0	0	0
TC	META	AFR	14	63	8625	5	42.2314386367798	0	0	0	0
TC	META	AFR	14	67	5506	5	12.1679413318634	0	0	0	0
TC	META	AFR	14	68	4072	5	7.71886563301086	0	0	0	0
TC	META	AFR	14	72	8455	5	40.2080066204071	0	0	0	0
TC	META	AFR	14	73	3984	5	6.478431224823	0	0	0	0
TC	META	AFR	14	93	5622	5	12.848575592041	0	0	0	0
TC	META	AFR	14	96	613	5	0.620811700820923	0	0	0	0
TC	META	AFR	14	105	2661	5	3.80982255935669	0	0	0	0
TC	META	AFR	14	106	2381	5	3.90298223495483	0	0	0	0
TC	META	AFR	14	120	1934	5	1.83098268508911	0	0	0	0
TC	META	AFR	14	121	6090	5	24.6934757232666	0	0	0	0
TC	META	AFR	14	126	7246	5	17.3239495754242	0	0	0	0
TC	META	AFR	14	127	5013	5	8.8557026386261	0	0	0	0
TC	META	AFR	14	129	3493	5	4.68385624885559	0	0	0	0
TC	META	AFR	15	37	6785	5	18.7152719497681	0	0	0	0
TC	META	AFR	15	44	3138	5	3.60469126701355	0	0	0	0
TC	META	AFR	15	45	11910	5	133.220161437988	0	0	0	0
TC	META	AFR	15	46	3693	5	4.56625199317932	0	0	0	0
TC	META	AFR	15	47	3936	5	7.54259824752808	0	0	0	0
TC	META	AFR	15	50	5309	5	23.0006928443909	0	0	0	0
TC	META	AFR	15	52	3656	5	32.8893921375275	0	1	0	0
TC	META	AFR	15	53	697	5	1.17637157440186	0	1	1	2
TC	META	AFR	15	54	4250	5	11.583131313324	0	0	0	0
TC	META	AFR	15	59	8157	5	28.6751847267151	0	0	0	0
TC	META	AFR	15	62	10440	5	63.9070584774017	0	0	0	0
TC	META	AFR	15	63	2836	5	3.07677531242371	0	0	0	0
TC	META	AFR	15	64	3061	5	6.14784407615662	0	0	0	0
TC	META	AFR	15	66	5848	5	15.857394695282	0	0	0	0
TC	META	AFR	15	80	2438	5	2.87646293640137	0	0	0	0
TC	META	AFR	15	83	2272	5	2.22238826751709	0	0	0	0
TC	META	AFR	15	85	5000	5	8.27644681930542	0	0	0	0
TC	META	AFR	15	88	2982	5	5.39708733558655	0	0	0	0
TC	META	AFR	15	102	3743	5	4.34170913696289	0	0	0	0
TC	META	AFR	15	111	3121	5	4.02931499481201	0	0	0	0
TC	META	AFR	15	117	1844	5	1.77713847160339	0	0	0	0
TC	META	AFR	16	1	4147	5	6.81682252883911	0	0	0	0
TC	META	AFR	16	2	1046	5	0.915204286575317	0	0	0	0
TC	META	AFR	16	4	5240	5	15.2753727436066	0	0	0	0
TC	META	AFR	16	5	2180	5	1.80669569969177	0	0	0	0
TC	META	AFR	16	6	3363	5	3.95838236808777	0	0	0	0
TC	META	AFR	16	9	5554	5	17.5805568695068	0	0	0	0
TC	META	AFR	16	31	5327	5	10.2756371498108	0	0	0	0
TC	META	AFR	16	32	752	5	0.764953136444092	0	0	0	0
TC	META	AFR	16	33	8204	5	45.4117505550385	0	0	0	0
TC	META	AFR	16	37	5974	5	13.5153203010559	0	0	0	0
TC	META	AFR	16	41	4244	5	6.93960785865784	0	0	0	0
TC	META	AFR	16	43	4021	5	4.8973650932312	0	0	0	0
TC	META	AFR	16	58	3814	5	12.4287056922913	0	0	0	0
TC	META	AFR	16	59	4068	5	5.05588960647583	0	0	0	0
TC	META	AFR	16	63	5250	5	10.8798203468323	0	0	0	0
TC	META	AFR	16	70	1462	5	2.06216478347778	0	0	0	0
TC	META	AFR	16	74	997	5	1.35657262802124	0	1	0	0
TC	META	AFR	16	75	5668	5	11.1683354377747	1	2	3	8
TC	META	AFR	16	76	3836	5	5.90067529678345	0	0	0	0
TC	META	AFR	16	79	2730	5	4.35826253890991	0	0	0	0
TC	META	AFR	16	83	4227	5	8.57185292243958	0	0	0	0
TC	META	AFR	16	85	9614	5	63.1835408210754	0	0	0	0
TC	META	AFR	16	88	8852	5	57.3397927284241	0	1	2	14
TC	META	AFR	16	89	11620	5	223.879154443741	1	1	1	1
TC	META	AFR	16	90	2697	5	4.61677074432373	0	0	0	0
TC	META	AFR	16	91	3185	5	4.9263002872467	0	0	0	0
TC	META	AFR	16	94	10038	5	49.6456305980682	0	0	0	0
TC	META	AFR	16	99	3172	5	4.86468577384949	0	0	0	0
TC	META	AFR	16	100	639	5	0.669590473175049	0	0	0	0
TC	META	AFR	16	101	623	5	0.662164926528931	0	0	0	0
TC	META	AFR	16	103	12935	5	73.8438532352448	0	0	0	0
TC	META	AFR	16	104	3600	5	5.14665412902832	0	0	0	0
TC	META	AFR	16	110	2927	5	8.14648962020874	0	0	0	0
TC	META	AFR	16	113	4513	5	6.92307639122009	0	0	0	0
TC	META	AFR	16	116	2643	5	2.48433685302734	0	0	0	0
TC	META	AFR	16	119	3765	5	4.46772646903992	0	0	0	0
TC	META	AFR	16	120	683	5	3.96236395835876	0	1	0	0
TC	META	AFR	16	125	3191	5	10.2241024971008	0	0	0	0
TC	META	AFR	16	126	577	5	1.5655210018158	0	0	0	0
TC	META	AFR	16	127	850	5	1.07528352737427	0	0	0	0
TC	META	AFR	16	128	11387	5	61.6762230396271	0	0	0	0
TC	META	AFR	17	9	5605	5	14.7439820766449	0	0	0	0
TC	META	AFR	17	15	295	5	0.628378629684448	0	0	0	0
TC	META	AFR	17	16	1110	5	0.873882293701172	0	1	1	3
TC	META	AFR	17	17	5732	5	15.3758099079132	1	1	1	1
TC	META	AFR	17	22	1121	5	1.82278490066528	0	0	0	0
TC	META	AFR	17	23	2067	5	1.70040988922119	0	1	1	4
TC	META	AFR	17	24	3535	5	3.87357926368713	0	0	0	0
TC	META	AFR	17	25	3872	5	10.7677810192108	0	0	0	0
TC	META	AFR	17	28	683	5	0.717682600021362	0	0	0	0
TC	META	AFR	17	30	771	5	0.897326231002808	0	0	0	0
TC	META	AFR	17	49	2042	5	2.81108498573303	0	0	0	0
TC	META	AFR	17	51	8837	5	51.0393307209015	0	0	0	0
TC	META	AFR	17	53	7204	5	19.7263205051422	0	0	0	0
TC	META	AFR	17	54	4545	5	20.2111585140228	0	0	0	0
TC	META	AFR	17	55	11034	5	48.9496288299561	0	0	0	0
TC	META	AFR	17	65	6706	5	16.2127332687378	0	0	0	0
TC	META	AFR	17	70	3469	5	4.98483180999756	0	0	0	0
TC	META	AFR	17	71	4656	5	7.40643286705017	0	0	0	0
TC	META	AFR	17	73	8594	5	72.1517698764801	0	0	1	9
TC	META	AFR	17	74	9266	5	36.3267688751221	0	0	0	0
TC	META	AFR	17	75	6941	5	17.9034550189972	0	0	1	42
TC	META	AFR	17	76	3430	5	4.07150340080261	0	0	0	0
TC	META	AFR	17	78	1225	5	1.03258681297302	0	1	0	0
TC	META	AFR	17	80	3837	5	9.9700779914856	0	0	0	0
TC	META	AFR	17	85	5884	5	12.8825759887695	0	0	0	0
TC	META	AFR	17	87	2543	5	4.21390414237976	0	0	0	0
TC	META	AFR	17	90	8641	5	35.4768681526184	0	0	0	0
TC	META	AFR	17	94	4440	5	13.3618793487549	0	0	0	0
TC	META	AFR	17	95	3120	5	4.00998711585999	0	0	0	0
TC	META	AFR	17	97	6094	5	12.760404586792	0	0	0	0
TC	META	AFR	17	98	3122	5	7.4194278717041	0	0	0	0
TC	META	AFR	17	100	3933	5	5.78725028038025	0	0	0	0
TC	META	AFR	17	101	2868	5	4.06523609161377	0	1	0	0
TC	META	AFR	17	102	2356	5	2.41949009895325	1	1	1	1
TC	META	AFR	17	103	2220	5	5.01489925384521	0	0	0	0
TC	META	AFR	17	104	327	5	0.503236770629883	0	0	0	0
TC	META	AFR	17	105	3855	5	5.52250218391418	0	0	0	0
TC	META	AFR	17	109	917	5	2.97765326499939	0	0	0	0
TC	META	AFR	17	116	2119	5	2.4335150718689	0	0	0	0
TC	META	AFR	17	117	4911	5	12.5233669281006	0	0	0	0
TC	META	AFR	17	118	4082	5	12.9657719135284	0	0	0	0
TC	META	AFR	17	121	2414	5	1.99512600898743	0	0	0	0
TC	META	AFR	17	123	3915	5	4.85167074203491	0	0	0	0
TC	META	AFR	17	125	5800	5	13.8051204681396	0	0	0	0
TC	META	AFR	17	128	1527	5	1.90298771858215	0	0	0	0
TC	META	AFR	17	130	3374	5	4.49286532402039	0	0	0	0
TC	META	AFR	17	133	2422	5	8.33978796005249	0	0	0	0
TC	META	AFR	17	134	3578	5	6.01395535469055	0	0	0	0
TC	META	AFR	18	8	3372	5	4.05412697792053	0	0	0	0
TC	META	AFR	18	9	790	5	0.633298397064209	0	0	0	0
TC	META	AFR	18	31	5604	5	13.6013786792755	0	0	0	0
TC	META	AFR	18	35	1830	5	3.05066609382629	0	0	0	0
TC	META	AFR	18	39	7670	5	21.4651210308075	0	0	0	0
TC	META	AFR	18	41	11138	5	56.8592286109924	0	0	0	0
TC	META	AFR	18	42	6227	5	16.6132504940033	0	0	0	0
TC	META	AFR	18	52	4395	5	8.92092299461365	0	0	0	0
TC	META	AFR	18	61	5697	5	23.9958171844482	0	0	0	0
TC	META	AFR	18	68	530	5	0.774639368057251	0	0	0	0
TC	META	AFR	18	69	9495	5	46.1898057460785	1	2	2	2
TC	META	AFR	18	74	9053	5	31.4436237812042	0	0	0	0
TC	META	AFR	18	77	1367	5	1.03471112251282	0	0	0	0
TC	META	AFR	18	78	2144	5	1.72494673728943	0	0	0	0
TC	META	AFR	18	81	3765	5	12.1605088710785	0	0	0	0
TC	META	AFR	18	85	6013	5	16.2512803077698	0	0	0	0
TC	META	AFR	18	88	3756	5	12.3660609722137	0	0	0	0
TC	META	AFR	18	119	1551	5	1.2076301574707	0	0	0	0
TC	META	AFR	19	2	444	5	0.614230394363403	0	0	0	0
TC	META	AFR	19	5	45	5	0.500365495681763	0	0	0	0
TC	META	AFR	19	6	1727	5	1.35399603843689	0	0	0	0
TC	META	AFR	19	12	1803	5	1.83704900741577	0	0	0	0
TC	META	AFR	19	15	985	5	4.35817217826843	0	0	0	0
TC	META	AFR	19	16	725	5	1.73357319831848	0	0	0	0
TC	META	AFR	19	19	471	5	0.61969780921936	0	0	0	0
TC	META	AFR	19	20	1460	5	1.15400338172913	0	0	0	0
TC	META	AFR	19	21	932	5	0.968868970870972	0	0	0	0
TC	META	AFR	19	22	3869	5	5.61287474632263	0	0	0	0
TC	META	AFR	19	25	2782	5	2.85908031463623	0	0	0	0
TC	META	AFR	19	30	2386	5	2.34225583076477	0	0	0	0
TC	META	AFR	19	32	2924	5	3.86228728294373	0	0	0	0
TC	META	AFR	19	33	1503	5	1.19755291938782	0	0	0	0
TC	META	AFR	19	35	4057	5	7.43594527244568	0	0	0	0
TC	META	AFR	19	36	978	5	0.968957901000977	0	0	0	0
TC	META	AFR	19	37	4801	5	67.410459280014	1	1	1	1
TC	META	AFR	19	38	1109	5	53.7837042808533	0	1	1	4
TC	META	AFR	19	39	6852	5	15.3615863323212	0	1	1	2
TC	META	AFR	19	42	1690	5	1.43570590019226	0	0	0	0
TC	META	AFR	19	46	4122	5	5.48893737792969	0	0	0	0
TC	META	AFR	19	49	3724	5	12.4423439502716	0	0	0	0
TC	META	AFR	19	51	2309	5	1.99806261062622	0	0	0	0
TC	META	AFR	19	52	2611	5	3.31254911422729	0	0	0	0
TC	META	AFR	19	53	5530	5	26.3011720180511	0	0	0	0
TC	META	AFR	19	54	9536	5	65.5104901790619	0	0	0	0
TC	META	AFR	19	63	2461	5	6.27111005783081	0	0	0	0
TC	META	AFR	19	64	7054	5	16.4042367935181	0	0	0	0
TC	META	AFR	19	65	2346	5	2.34093117713928	0	0	0	0
TC	META	AFR	19	67	11139	5	88.9523727893829	0	0	0	0
TC	META	AFR	19	70	3930	5	5.12066650390625	0	1	1	2
TC	META	AFR	19	71	557	5	2.63165688514709	0	0	0	0
TC	META	AFR	19	72	7233	5	17.2554125785828	0	0	0	0
TC	META	AFR	19	73	919	5	0.83639121055603	0	0	0	0
TC	META	AFR	19	74	5802	5	34.1244626045227	0	1	1	3
TC	META	AFR	19	75	1279	5	17.2261698246002	3	3	3	3
TC	META	AFR	19	76	5227	5	215.471739053726	0	0	0	0
TC	META	AFR	19	77	8291	5	29.4771099090576	0	0	0	0
TC	META	AFR	19	79	3113	5	5.40218710899353	0	0	0	0
TC	META	AFR	19	80	1453	5	1.61351561546326	0	1	2	11
TC	META	AFR	19	81	4025	5	9.26389145851135	0	0	0	0
TC	META	AFR	19	89	1932	5	1.48892688751221	0	0	0	0
TC	META	AFR	19	90	4232	5	11.992486000061	0	0	0	0
TC	META	AFR	19	98	1525	5	1.91347885131836	0	0	0	0
TC	META	AFR	19	103	2279	5	1.92325019836426	0	0	0	0
TC	META	AFR	19	104	2448	5	4.03073525428772	0	0	0	0
TC	META	AFR	19	107	1739	5	1.3453841209411599	0	0	0	0
TC	META	AFR	19	110	5366	5	11.2751495838165	0	0	0	0
TC	META	AFR	19	111	2667	5	2.45827651023865	0	0	0	0
TC	META	AFR	20	2	1858	5	4.19478273391724	0	0	0	0
TC	META	AFR	20	10	2041	5	1.58883810043335	0	0	0	0
TC	META	AFR	20	12	3609	5	4.53442883491516	0	0	0	0
TC	META	AFR	20	18	1935	5	1.67743468284607	0	0	0	0
TC	META	AFR	20	19	661	5	1.45640063285828	0	0	0	0
TC	META	AFR	20	40	2415	5	2.17459678649902	0	0	0	0
TC	META	AFR	20	48	6802	5	37.1947863101959	0	0	0	0
TC	META	AFR	20	55	1550	5	1.24654603004456	0	0	0	0
TC	META	AFR	20	59	8550	5	35.9625515937805	0	0	0	0
TC	META	AFR	20	60	4624	5	12.2853806018829	0	0	0	0
TC	META	AFR	20	63	8601	5	53.6836030483246	0	0	0	0
TC	META	AFR	20	64	2204	5	2.14413142204285	0	0	0	0
TC	META	AFR	20	65	4665	5	10.1392707824707	0	0	1	35
TC	META	AFR	20	66	5098	5	13.4854004383087	0	0	0	0
TC	META	AFR	20	67	3882	5	5.13508915901184	0	0	1	7
TC	META	AFR	20	68	1775	5	2.132643699646	0	0	0	0
TC	META	AFR	20	69	3641	5	7.51392388343811	0	0	0	0
TC	META	AFR	20	70	2950	5	6.94399428367615	0	0	0	0
TC	META	AFR	20	71	4344	5	7.8833646774292	0	0	0	0
TC	META	AFR	20	77	3863	5	5.36004590988159	0	0	0	0
TC	META	AFR	20	78	5204	5	24.0406873226166	0	0	0	0
TC	META	AFR	20	86	3122	5	3.36252355575562	0	0	0	0
TC	META	AFR	20	87	1707	5	3.16596698760986	0	0	0	0
TC	META	AFR	20	89	2388	5	2.2253406047821	0	1	0	0
TC	META	AFR	20	112	950	5	1.84513020515442	0	0	0	0
TC	META	AFR	20	115	3349	5	3.83607721328735	0	0	0	0
TC	META	AFR	21	3	1601	5	2.25998520851135	0	0	0	0
TC	META	AFR	21	5	2561	5	7.69197750091553	0	0	0	0
TC	META	AFR	21	30	8386	5	28.9130163192749	0	0	0	0
TC	META	AFR	21	33	4099	5	5.93063473701477	0	0	0	0
TC	META	AFR	21	37	4920	5	13.1377074718475	0	0	0	0
TC	META	AFR	21	41	7910	5	34.8965935707092	0	0	0	0
TC	META	AFR	21	48	6582	5	20.7195203304291	0	0	0	0
TC	META	AFR	21	53	2532	5	4.51461052894592	0	0	0	0
TC	META	AFR	21	64	4259	5	6.55547332763672	0	1	1	5
TC	META	AFR	22	1	2260	5	1.87848258018494	0	0	0	0
TC	META	AFR	22	5	2098	5	1.83330345153809	0	0	0	0
TC	META	AFR	22	9	3119	5	3.22679471969604	0	0	0	0
TC	META	AFR	22	13	2286	5	1.97119665145874	0	1	0	0
TC	META	AFR	22	29	4325	5	6.33398652076721	0	0	0	0
TC	META	AFR	22	30	14277	5	101.009192943573	0	0	0	0
TC	META	AFR	22	36	2286	5	2.03613615036011	0	0	0	0
TC	META	AFR	22	37	3586	5	9.96973586082458	0	0	0	0
TC	META	AFR	22	40	1780	5	1.7742006778717	0	0	0	0
TC	META	AFR	22	43	3658	5	4.31637215614319	0	0	0	0
TC	META	AFR	22	45	3946	5	8.81691312789917	0	0	0	0
TC	META	AFR	22	46	9015	5	32.2465543746948	0	0	0	0
TC	META	AFR	22	47	4747	5	17.7957799434662	0	0	0	0
TC	META	AFR	22	49	786	5	1.96132302284241	0	0	0	0
TC	META	AFR	22	54	2617	5	3.64647603034973	0	0	0	0
TC	META	AFR	22	55	1837	5	4.09726476669312	0	0	0	0
TC	META	AFR	22	56	184	5	2.24821805953979	0	0	0	0
TC	META	AFR	22	57	1959	5	5.19625401496887	0	0	0	0
TC	META	AFR	22	69	3005	5	3.5936062335968	0	0	0	0
TC	META	AFR	22	70	5033	5	7.7919921875	0	0	0	0
