pheno	db	pid	chromosome	block	num_variants	L	time	num_variants_0.95	num_variants_0.5	num_CS95	num_variants_CS95
TC	UKBB	EAS	1	1	81	5	0.596866130828857	0	0	0	0
TC	UKBB	EAS	1	2	130	5	0.612027168273926	0	0	0	0
TC	UKBB	EAS	1	4	446	5	1.63431644439697	0	0	0	0
TC	UKBB	EAS	1	17	1843	5	3.68414568901062	0	0	0	0
TC	UKBB	EAS	1	19	1424	5	2.19283270835876	0	0	0	0
TC	UKBB	EAS	1	35	1476	5	2.21858525276184	0	0	0	0
TC	UKBB	EAS	1	40	721	5	1.75166964530945	0	0	0	0
TC	UKBB	EAS	1	48	664	5	1.49250245094299	0	0	0	0
TC	UKBB	EAS	1	49	514	5	1.3213906288147	0	0	0	0
TC	UKBB	EAS	1	51	582	5	1.49958419799805	0	0	0	0
TC	UKBB	EAS	1	52	1614	5	3.36738395690918	0	0	0	0
TC	UKBB	EAS	1	53	1238	5	1.75013184547424	0	0	0	0
TC	UKBB	EAS	1	58	1604	5	3.26029133796692	0	0	0	0
TC	UKBB	EAS	1	67	1285	5	1.6906304359436	0	0	0	0
TC	UKBB	EAS	1	70	1434	5	2.37240052223206	0	0	0	0
TC	UKBB	EAS	1	73	1710	5	2.83222079277039	0	0	0	0
TC	UKBB	EAS	1	74	1519	5	2.92906999588013	0	0	0	0
TC	UKBB	EAS	1	75	2502	5	4.96927356719971	0	0	0	0
TC	UKBB	EAS	1	76	1364	5	2.8073878288269	0	0	0	0
TC	UKBB	EAS	1	80	855	5	1.48787069320679	0	0	0	0
TC	UKBB	EAS	1	81	557	5	1.29611206054688	0	0	0	0
TC	UKBB	EAS	1	82	967	5	1.44243192672729	0	0	0	0
TC	UKBB	EAS	1	83	1594	5	3.32015681266785	0	0	0	0
TC	UKBB	EAS	1	84	2380	5	4.21450924873352	0	0	0	0
TC	UKBB	EAS	1	85	799	5	1.57127356529236	0	0	0	0
TC	UKBB	EAS	1	89	1230	5	2.32760834693909	0	0	0	0
TC	UKBB	EAS	1	92	1453	5	2.5638370513916	0	0	0	0
TC	UKBB	EAS	1	94	306	5	1.73788380622864	0	0	0	0
TC	UKBB	EAS	1	95	317	5	1.28092193603516	0	0	0	0
TC	UKBB	EAS	1	96	1287	5	2.10521960258484	0	0	0	0
TC	UKBB	EAS	1	97	1460	5	2.52815723419189	0	0	0	0
TC	UKBB	EAS	1	100	1545	5	2.81341314315796	0	0	0	0
TC	UKBB	EAS	1	109	1716	5	2.70426464080811	0	0	0	0
TC	UKBB	EAS	1	124	2075	5	4.49679732322693	0	0	0	0
TC	UKBB	EAS	1	125	2314	5	4.88130474090576	0	0	0	0
TC	UKBB	EAS	1	127	1265	5	1.91699647903442	0	0	0	0
TC	UKBB	EAS	1	136	1306	5	1.29222774505615	0	0	0	0
TC	UKBB	EAS	1	138	1529	5	2.27890133857727	0	0	0	0
TC	UKBB	EAS	1	139	354	5	1.11156249046326	0	0	0	0
TC	UKBB	EAS	1	140	699	5	1.45145273208618	0	0	0	0
TC	UKBB	EAS	1	141	765	5	1.63962483406067	0	0	0	0
TC	UKBB	EAS	1	144	759	5	2.0510778427124	0	0	0	0
TC	UKBB	EAS	1	145	857	5	1.62419676780701	0	0	0	0
TC	UKBB	EAS	1	150	1536	5	2.60666418075562	0	0	0	0
TC	UKBB	EAS	1	151	2238	5	4.10347843170166	0	0	0	0
TC	UKBB	EAS	1	153	1674	5	3.39641976356506	0	0	0	0
TC	UKBB	EAS	1	154	2213	5	3.79908156394958	0	0	0	0
TC	UKBB	EAS	1	156	1278	5	1.85738682746887	0	0	0	0
TC	UKBB	EAS	1	158	942	5	1.27578616142273	0	0	0	0
TC	UKBB	EAS	1	162	1113	5	1.50144577026367	0	0	0	0
TC	UKBB	EAS	1	168	1564	5	2.30979466438293	0	0	0	0
TC	UKBB	EAS	1	169	2617	5	3.91727089881897	0	0	0	0
TC	UKBB	EAS	1	175	2085	5	3.13180661201477	0	0	0	0
TC	UKBB	EAS	1	182	2046	5	3.13307619094849	0	0	0	0
TC	UKBB	EAS	1	183	2136	5	4.30264449119568	0	0	0	0
TC	UKBB	EAS	1	185	579	5	0.901499271392822	0	0	0	0
TC	UKBB	EAS	1	187	1445	5	2.66120171546936	0	0	0	0
TC	UKBB	EAS	1	188	1835	5	2.51088809967041	0	0	0	0
TC	UKBB	EAS	1	192	1664	5	2.3007025718689	0	0	0	0
TC	UKBB	EAS	1	201	1726	5	3.12920069694519	0	0	0	0
TC	UKBB	EAS	1	202	1526	5	2.317227602005	0	0	0	0
TC	UKBB	EAS	1	205	630	5	1.47463178634644	0	0	0	0
TC	UKBB	EAS	1	209	498	5	1.14515209197998	0	0	0	0
TC	UKBB	EAS	1	213	865	5	1.8603036403656	0	0	0	0
TC	UKBB	EAS	1	221	1649	5	2.53333735466003	0	0	0	0
TC	UKBB	EAS	1	223	1710	5	3.69699859619141	0	0	0	0
TC	UKBB	EAS	1	224	1119	5	1.50443124771118	0	0	0	0
TC	UKBB	EAS	1	226	665	5	1.7954239845275901	0	0	0	0
TC	UKBB	EAS	1	229	1438	5	2.48150181770325	0	0	0	0
TC	UKBB	EAS	1	233	2143	5	3.70571732521057	0	0	0	0
TC	UKBB	EAS	1	234	2539	5	4.82919454574585	0	0	0	0
TC	UKBB	EAS	1	235	1542	5	1.61275267601013	0	0	0	0
TC	UKBB	EAS	1	238	3472	5	6.77151155471802	0	0	0	0
TC	UKBB	EAS	1	239	979	5	1.42383003234863	0	0	0	0
TC	UKBB	EAS	1	240	3791	5	6.30726432800293	0	0	0	0
TC	UKBB	EAS	1	252	662	5	1.31295037269592	0	0	0	0
TC	UKBB	EAS	1	253	176	5	0.74112868309021	0	0	0	0
TC	UKBB	EAS	1	254	1130	5	1.93867754936218	0	0	0	0
TC	UKBB	EAS	1	255	808	5	1.62407398223877	0	0	0	0
TC	UKBB	EAS	1	257	1008	5	2.36247277259827	0	0	0	0
TC	UKBB	EAS	1	280	2869	5	4.83527708053589	0	0	0	0
TC	UKBB	EAS	1	281	1751	5	2.12848043441772	0	0	0	0
TC	UKBB	EAS	2	6	929	5	1.23006820678711	0	0	0	0
TC	UKBB	EAS	2	21	333	5	0.9835045337677	0	0	0	0
TC	UKBB	EAS	2	31	425	5	1.43397879600525	0	0	0	0
TC	UKBB	EAS	2	32	654	5	1.47137427330017	0	0	0	0
TC	UKBB	EAS	2	37	672	5	1.58639025688171	0	0	0	0
TC	UKBB	EAS	2	38	1629	5	2.56073188781738	0	0	0	0
TC	UKBB	EAS	2	39	735	5	1.10703992843628	0	0	0	0
TC	UKBB	EAS	2	40	2233	5	4.13528227806091	0	0	0	0
TC	UKBB	EAS	2	41	962	5	1.70340132713318	0	0	0	0
TC	UKBB	EAS	2	42	73	5	0.725162982940674	0	0	0	0
TC	UKBB	EAS	2	43	183	5	0.894534826278687	0	0	0	0
TC	UKBB	EAS	2	44	721	5	1.8993284702301	0	0	0	0
TC	UKBB	EAS	2	45	1688	5	1.82330298423767	0	0	0	0
TC	UKBB	EAS	2	46	855	5	1.10995650291443	0	0	0	0
TC	UKBB	EAS	2	47	2182	5	3.67944407463074	0	0	0	0
TC	UKBB	EAS	2	48	1172	5	1.4122166633606	0	0	0	0
TC	UKBB	EAS	2	49	1348	5	2.19148445129395	0	0	0	0
TC	UKBB	EAS	2	50	1271	5	1.39551162719727	0	0	0	0
TC	UKBB	EAS	2	51	1408	5	2.53131771087646	0	0	0	0
TC	UKBB	EAS	2	53	1072	5	2.00511693954468	0	0	0	0
TC	UKBB	EAS	2	55	2707	5	4.04955530166626	0	0	0	0
TC	UKBB	EAS	2	56	135	5	1.08525705337524	0	0	0	0
TC	UKBB	EAS	2	66	3282	5	7.42159605026245	0	0	0	0
TC	UKBB	EAS	2	69	1883	5	2.45359063148499	0	1	0	0
TC	UKBB	EAS	2	71	1203	5	2.32086849212646	0	0	0	0
TC	UKBB	EAS	2	72	2370	5	3.90721249580383	0	0	0	0
TC	UKBB	EAS	2	74	744	5	1.1298201084137	0	0	0	0
TC	UKBB	EAS	2	75	983	5	1.18430399894714	0	0	0	0
TC	UKBB	EAS	2	77	870	5	1.32995915412903	0	0	0	0
TC	UKBB	EAS	2	84	5250	5	19.9164316654205	0	0	0	0
TC	UKBB	EAS	2	88	5283	5	19.4249544143677	0	0	0	0
TC	UKBB	EAS	2	89	983	5	1.46732521057129	0	0	0	0
TC	UKBB	EAS	2	97	2180	5	3.88145995140076	0	0	0	0
TC	UKBB	EAS	2	99	889	5	1.11168479919434	0	0	0	0
TC	UKBB	EAS	2	100	945	5	1.18188309669495	0	0	0	0
TC	UKBB	EAS	2	102	806	5	1.28866481781006	0	0	0	0
TC	UKBB	EAS	2	107	2962	5	5.59123182296753	0	0	0	0
TC	UKBB	EAS	2	115	2468	5	3.19036817550659	0	0	0	0
TC	UKBB	EAS	2	121	2235	5	4.53008389472961	0	0	0	0
TC	UKBB	EAS	2	122	974	5	1.77907133102417	0	0	0	0
TC	UKBB	EAS	2	124	1561	5	2.15467286109924	0	0	0	0
TC	UKBB	EAS	2	125	1561	5	1.95152831077576	0	0	0	0
TC	UKBB	EAS	2	127	3094	5	7.1292507648468	0	0	0	0
TC	UKBB	EAS	2	128	2234	5	3.21992349624634	0	0	0	0
TC	UKBB	EAS	2	130	336	5	0.730777502059937	0	0	0	0
TC	UKBB	EAS	2	131	73	5	0.834586143493652	0	0	0	0
TC	UKBB	EAS	2	138	2170	5	3.85463929176331	0	0	0	0
TC	UKBB	EAS	2	146	2626	5	4.64188146591187	0	0	0	0
TC	UKBB	EAS	2	147	4071	5	8.96059846878052	0	0	0	0
TC	UKBB	EAS	2	152	1219	5	1.43068933486938	0	0	0	0
TC	UKBB	EAS	2	153	1781	5	2.95746088027954	0	0	0	0
TC	UKBB	EAS	2	155	1340	5	1.54126381874084	0	0	0	0
TC	UKBB	EAS	2	162	727	5	1.46331214904785	0	0	0	0
TC	UKBB	EAS	2	163	97	5	0.647990703582764	0	0	0	0
TC	UKBB	EAS	2	164	382	5	1.86512660980225	0	0	0	0
TC	UKBB	EAS	2	166	3626	5	7.99319672584534	0	0	0	0
TC	UKBB	EAS	2	168	1579	5	1.83298826217651	0	0	0	0
TC	UKBB	EAS	2	171	2376	5	3.67203092575073	0	0	0	0
TC	UKBB	EAS	2	172	468	5	0.702212333679199	0	0	0	0
TC	UKBB	EAS	2	177	2091	5	3.16966319084167	0	0	0	0
TC	UKBB	EAS	2	180	1402	5	1.74745273590088	0	0	0	0
TC	UKBB	EAS	2	181	1926	5	2.20044255256653	0	0	0	0
TC	UKBB	EAS	2	192	2235	5	2.77143001556396	0	0	0	0
TC	UKBB	EAS	2	196	2464	5	3.33745074272156	0	0	0	0
TC	UKBB	EAS	2	198	1047	5	1.55423831939697	0	0	0	0
TC	UKBB	EAS	2	199	2106	5	2.79371666908264	0	0	0	0
TC	UKBB	EAS	2	205	924	5	1.06170058250427	0	0	0	0
TC	UKBB	EAS	2	208	2549	5	4.31047415733337	0	0	0	0
TC	UKBB	EAS	2	210	1145	5	1.58466386795044	0	0	0	0
TC	UKBB	EAS	2	211	1775	5	2.17925071716309	0	0	0	0
TC	UKBB	EAS	2	212	1778	5	2.64915466308594	0	0	0	0
TC	UKBB	EAS	2	213	3250	5	7.97135543823242	0	0	0	0
TC	UKBB	EAS	2	217	821	5	0.971783399581909	0	0	0	0
TC	UKBB	EAS	2	218	717	5	1.30283784866333	0	0	0	0
TC	UKBB	EAS	2	228	1150	5	1.38773083686829	0	0	0	0
TC	UKBB	EAS	2	232	981	5	1.23832607269287	0	0	0	0
TC	UKBB	EAS	2	233	491	5	0.831108331680298	0	0	0	0
TC	UKBB	EAS	2	241	987	5	1.05960202217102	0	0	0	0
TC	UKBB	EAS	2	242	1446	5	1.6371591091156	0	0	0	0
TC	UKBB	EAS	2	250	3292	5	6.6585738658905	0	0	0	0
TC	UKBB	EAS	2	255	1403	5	1.85181522369385	0	0	0	0
TC	UKBB	EAS	3	24	1897	5	3.67566800117493	0	0	0	0
TC	UKBB	EAS	3	41	2229	5	3.62497472763062	0	0	0	0
TC	UKBB	EAS	3	45	1034	5	1.25217461585999	0	0	0	0
TC	UKBB	EAS	3	51	777	5	1.56893515586853	0	0	0	0
TC	UKBB	EAS	3	56	1163	5	1.43721628189087	0	0	0	0
TC	UKBB	EAS	3	70	2100	5	4.01775979995728	0	0	0	0
TC	UKBB	EAS	3	71	1808	5	2.44005155563354	0	0	0	0
TC	UKBB	EAS	3	83	3067	5	5.04523062705994	0	0	0	0
TC	UKBB	EAS	3	88	1944	5	3.45427322387695	0	0	0	0
TC	UKBB	EAS	3	89	1621	5	2.95128798484802	0	0	0	0
TC	UKBB	EAS	3	104	4193	5	10.3649804592133	0	0	0	0
TC	UKBB	EAS	3	107	1520	5	1.98760437965393	0	0	0	0
TC	UKBB	EAS	3	112	1824	5	2.09893560409546	0	0	0	0
TC	UKBB	EAS	3	113	634	5	1.08682894706726	0	0	0	0
TC	UKBB	EAS	3	120	1509	5	2.48278045654297	0	0	0	0
TC	UKBB	EAS	3	121	1786	5	2.1048743724823	0	0	0	0
TC	UKBB	EAS	3	122	427	5	1.09339570999146	0	0	0	0
TC	UKBB	EAS	3	123	679	5	1.64370059967041	0	0	0	0
TC	UKBB	EAS	3	127	2228	5	4.45620393753052	0	0	0	0
TC	UKBB	EAS	3	128	675	5	1.65015339851379	0	0	0	0
TC	UKBB	EAS	3	129	1104	5	1.98990488052368	0	0	0	0
TC	UKBB	EAS	3	131	501	5	0.727099895477295	0	0	0	0
TC	UKBB	EAS	3	132	2533	5	4.38423013687134	0	0	0	0
TC	UKBB	EAS	3	135	1797	5	2.89511775970459	0	0	0	0
TC	UKBB	EAS	3	136	904	5	1.34671568870544	0	0	0	0
TC	UKBB	EAS	3	140	1887	5	2.26534652709961	0	0	0	0
TC	UKBB	EAS	3	145	2255	5	5.11077404022217	0	0	0	0
TC	UKBB	EAS	3	149	1542	5	2.02788424491882	0	0	0	0
TC	UKBB	EAS	3	150	1631	5	3.21723222732544	0	0	0	0
TC	UKBB	EAS	3	154	566	5	1.0917501449585	0	0	0	0
TC	UKBB	EAS	3	158	2250	5	3.77228736877441	0	0	0	0
TC	UKBB	EAS	3	161	2435	5	3.60087752342224	0	0	0	0
TC	UKBB	EAS	3	165	2178	5	3.81719541549683	0	0	0	0
TC	UKBB	EAS	3	170	1417	5	2.23523807525635	0	0	0	0
TC	UKBB	EAS	3	172	1275	5	1.35246872901917	0	0	0	0
TC	UKBB	EAS	3	173	639	5	0.845273971557617	0	0	0	0
TC	UKBB	EAS	3	175	501	5	0.824006795883179	0	0	0	0
TC	UKBB	EAS	3	190	1086	5	2.04236602783203	0	0	0	0
TC	UKBB	EAS	3	191	1210	5	1.26769924163818	0	0	0	0
TC	UKBB	EAS	3	193	2073	5	3.55669212341309	0	0	0	0
TC	UKBB	EAS	3	195	3672	5	7.70975089073181	0	0	0	0
TC	UKBB	EAS	3	214	2241	5	3.64342474937439	0	0	0	0
TC	UKBB	EAS	3	216	927	5	1.60025405883789	0	0	0	0
TC	UKBB	EAS	4	1	4650	5	14.2023131847382	0	0	0	0
TC	UKBB	EAS	4	15	692	5	1.31310200691223	0	0	0	0
TC	UKBB	EAS	4	19	600	5	0.975472927093506	0	0	0	0
TC	UKBB	EAS	4	21	3405	5	7.84979176521301	0	0	0	0
TC	UKBB	EAS	4	28	1795	5	2.32762145996094	0	0	0	0
TC	UKBB	EAS	4	42	278	5	0.995481491088867	0	0	0	0
TC	UKBB	EAS	4	54	4860	5	15.5650472640991	0	0	0	0
TC	UKBB	EAS	4	55	1960	5	4.41175627708435	0	0	0	0
TC	UKBB	EAS	4	57	283	5	1.18835210800171	0	0	0	0
TC	UKBB	EAS	4	64	2955	5	5.26119136810303	0	0	0	0
TC	UKBB	EAS	4	65	1169	5	2.01147413253784	0	0	0	0
TC	UKBB	EAS	4	66	1315	5	1.72680687904358	0	0	0	0
TC	UKBB	EAS	4	71	850	5	1.14157176017761	0	0	0	0
TC	UKBB	EAS	4	79	1423	5	1.5014169216156	0	0	0	0
TC	UKBB	EAS	4	80	1963	5	2.41531372070312	0	0	0	0
TC	UKBB	EAS	4	84	1725	5	2.16127777099609	0	0	0	0
TC	UKBB	EAS	4	85	752	5	1.53866815567017	0	0	0	0
TC	UKBB	EAS	4	86	171	5	1.17952466011047	0	1	0	0
TC	UKBB	EAS	4	87	2755	5	3.7850878238678	0	0	0	0
TC	UKBB	EAS	4	90	1570	5	2.30941963195801	0	0	0	0
TC	UKBB	EAS	4	92	1469	5	2.40578365325928	0	0	0	0
TC	UKBB	EAS	4	101	2099	5	4.64778256416321	0	0	0	0
TC	UKBB	EAS	4	113	1833	5	2.7066376209259	0	0	0	0
TC	UKBB	EAS	4	114	1999	5	3.17368412017822	0	0	0	0
TC	UKBB	EAS	4	115	993	5	1.02525877952576	0	0	0	0
TC	UKBB	EAS	4	116	1293	5	1.57588744163513	0	0	0	0
TC	UKBB	EAS	4	117	1731	5	2.00966048240662	0	0	0	0
TC	UKBB	EAS	4	121	1659	5	2.24598240852356	0	0	0	0
TC	UKBB	EAS	4	129	2195	5	4.35130643844604	0	0	0	0
TC	UKBB	EAS	4	130	2271	5	4.22173857688904	0	0	0	0
TC	UKBB	EAS	4	134	3463	5	8.19437551498413	0	0	0	0
TC	UKBB	EAS	4	136	2925	5	6.16344332695007	0	0	0	0
TC	UKBB	EAS	4	148	1297	5	1.27136707305908	0	0	0	0
TC	UKBB	EAS	4	150	1848	5	3.11630415916443	0	0	0	0
TC	UKBB	EAS	4	151	585	5	1.02984166145325	0	0	0	0
TC	UKBB	EAS	4	156	2725	5	4.15024018287659	0	0	0	0
TC	UKBB	EAS	4	159	791	5	1.28360557556152	0	0	0	0
TC	UKBB	EAS	4	161	657	5	0.739503622055054	0	0	0	0
TC	UKBB	EAS	4	162	1381	5	2.27758073806763	0	0	0	0
TC	UKBB	EAS	4	203	896	5	1.21388053894043	0	0	0	0
TC	UKBB	EAS	5	6	800	5	1.25633120536804	0	0	0	0
TC	UKBB	EAS	5	28	726	5	1.5319766998291	0	0	0	0
TC	UKBB	EAS	5	43	1561	5	2.09468936920166	0	0	0	0
TC	UKBB	EAS	5	56	2737	5	5.14922714233398	0	0	0	0
TC	UKBB	EAS	5	57	1653	5	2.0921688079834	0	0	0	0
TC	UKBB	EAS	5	64	2280	5	4.55856895446777	0	0	0	0
TC	UKBB	EAS	5	68	510	5	1.17338633537292	0	0	0	0
TC	UKBB	EAS	5	69	793	5	0.923954248428345	0	0	0	0
TC	UKBB	EAS	5	71	2688	5	4.50942993164062	0	0	0	0
TC	UKBB	EAS	5	74	3258	5	5.33395981788635	0	0	0	0
TC	UKBB	EAS	5	81	1314	5	1.2516016960144	0	0	0	0
TC	UKBB	EAS	5	84	344	5	1.80602741241455	0	0	0	0
TC	UKBB	EAS	5	85	2343	5	3.79154229164124	0	0	0	0
TC	UKBB	EAS	5	92	1357	5	2.13686156272888	0	0	0	0
TC	UKBB	EAS	5	109	1067	5	1.67625665664673	0	0	0	0
TC	UKBB	EAS	5	130	2600	5	5.81895136833191	0	0	0	0
TC	UKBB	EAS	5	134	1610	5	1.83756303787231	0	0	0	0
TC	UKBB	EAS	5	136	2417	5	4.24405026435852	0	0	0	0
TC	UKBB	EAS	5	146	1922	5	2.42275094985962	0	0	0	0
TC	UKBB	EAS	5	147	1086	5	2.02492237091064	0	0	0	0
TC	UKBB	EAS	5	154	1348	5	1.92486047744751	0	0	0	0
TC	UKBB	EAS	5	156	1504	5	2.66386842727661	0	0	0	0
TC	UKBB	EAS	5	158	1266	5	1.37951850891113	0	0	0	0
TC	UKBB	EAS	5	165	1095	5	1.93876647949219	0	0	0	0
TC	UKBB	EAS	5	166	1772	5	3.34366059303284	0	0	0	0
TC	UKBB	EAS	5	167	1311	5	2.17430377006531	0	0	0	0
TC	UKBB	EAS	5	168	1678	5	3.42459964752197	0	0	0	0
TC	UKBB	EAS	5	191	2336	5	3.23922753334045	0	0	0	0
TC	UKBB	EAS	5	202	753	5	1.81683731079102	0	0	0	0
TC	UKBB	EAS	5	207	1325	5	1.76619362831116	0	0	0	0
TC	UKBB	EAS	5	210	199	5	0.845318555831909	0	0	0	0
TC	UKBB	EAS	5	211	468	5	0.974142074584961	0	0	0	0
TC	UKBB	EAS	6	1	1715	5	2.311363697052	0	0	0	0
TC	UKBB	EAS	6	19	1548	5	2.8427460193634	0	0	0	0
TC	UKBB	EAS	6	20	1036	5	2.09883594512939	0	0	0	0
TC	UKBB	EAS	6	25	1151	5	1.81048178672791	0	0	0	0
TC	UKBB	EAS	6	27	1016	5	1.55761051177979	0	0	0	0
TC	UKBB	EAS	6	30	200	5	1.23756003379822	0	0	0	0
TC	UKBB	EAS	6	34	1626	5	2.27695727348328	0	0	0	0
TC	UKBB	EAS	6	35	529	5	1.17010974884033	0	0	0	0
TC	UKBB	EAS	6	39	2672	5	4.77197647094727	0	0	0	0
TC	UKBB	EAS	6	43	1621	5	2.91241025924683	0	0	0	0
TC	UKBB	EAS	6	44	291	5	1.17889809608459	0	0	0	0
TC	UKBB	EAS	6	47	2299	5	3.12542080879211	0	0	0	0
TC	UKBB	EAS	6	51	3561	5	6.79575753211975	0	0	0	0
TC	UKBB	EAS	6	52	1111	5	2.25342345237732	0	0	0	0
TC	UKBB	EAS	6	53	908	5	1.49790525436401	0	0	0	0
TC	UKBB	EAS	6	56	908	5	1.29363369941711	0	0	0	0
TC	UKBB	EAS	6	58	1550	5	2.23649096488953	0	0	0	0
TC	UKBB	EAS	6	63	1506	5	2.11078000068665	0	0	0	0
TC	UKBB	EAS	6	64	147	5	0.792185306549072	0	0	0	0
TC	UKBB	EAS	6	65	441	5	0.707253456115723	0	0	0	0
TC	UKBB	EAS	6	69	1194	5	1.3597252368927	0	0	0	0
TC	UKBB	EAS	6	72	724	5	1.08543086051941	0	0	0	0
TC	UKBB	EAS	6	73	274	5	1.28265595436096	0	0	0	0
TC	UKBB	EAS	6	75	265	5	1.19070029258728	0	0	0	0
TC	UKBB	EAS	6	76	3553	5	7.24781274795532	0	0	0	0
TC	UKBB	EAS	6	85	3985	5	8.20162510871887	0	0	0	0
TC	UKBB	EAS	6	87	2623	5	5.40337252616882	0	0	0	0
TC	UKBB	EAS	6	88	4916	5	16.3507876396179	0	0	0	0
TC	UKBB	EAS	6	94	2730	5	5.43863463401794	0	0	0	0
TC	UKBB	EAS	6	99	2079	5	2.63527631759644	0	0	0	0
TC	UKBB	EAS	6	100	35	5	0.598678827285767	0	0	0	0
TC	UKBB	EAS	6	101	1934	5	2.71571326255798	0	0	0	0
TC	UKBB	EAS	6	105	1809	5	3.15811681747437	0	0	0	0
TC	UKBB	EAS	6	109	1642	5	2.46969223022461	0	0	0	0
TC	UKBB	EAS	6	115	3724	5	7.23163056373596	0	0	0	0
TC	UKBB	EAS	6	116	2325	5	3.78269386291504	0	0	0	0
TC	UKBB	EAS	6	117	3990	5	8.24431610107422	0	0	0	0
TC	UKBB	EAS	6	124	1803	5	2.02181029319763	0	0	0	0
TC	UKBB	EAS	6	127	1090	5	1.80373215675354	0	0	0	0
TC	UKBB	EAS	6	128	1826	5	2.73359894752502	0	0	0	0
TC	UKBB	EAS	6	130	2337	5	4.47403407096863	0	0	0	0
TC	UKBB	EAS	6	134	1175	5	1.81790637969971	0	0	0	0
TC	UKBB	EAS	6	135	597	5	0.939277172088623	0	0	0	0
TC	UKBB	EAS	6	137	725	5	1.7721049785614	0	0	0	0
TC	UKBB	EAS	6	138	974	5	1.23970818519592	0	0	0	0
TC	UKBB	EAS	6	140	1238	5	2.0416362285614	0	0	0	0
TC	UKBB	EAS	6	146	905	5	1.24243974685669	0	0	0	0
TC	UKBB	EAS	6	148	714	5	1.56450533866882	0	0	0	0
TC	UKBB	EAS	6	154	1449	5	1.7988760471344	0	0	0	0
TC	UKBB	EAS	6	158	1549	5	2.72022557258606	0	0	0	0
TC	UKBB	EAS	6	160	1890	5	2.76258063316345	0	0	0	0
TC	UKBB	EAS	6	168	1966	5	2.98047280311584	0	0	0	0
TC	UKBB	EAS	6	169	3248	5	7.64144802093506	0	0	0	0
TC	UKBB	EAS	6	183	773	5	1.48803734779358	0	0	0	0
TC	UKBB	EAS	7	3	961	5	1.47432923316956	0	0	0	0
TC	UKBB	EAS	7	5	1770	5	2.76773524284363	0	0	0	0
TC	UKBB	EAS	7	6	763	5	1.48260545730591	0	0	0	0
TC	UKBB	EAS	7	11	947	5	1.09180617332458	0	0	0	0
TC	UKBB	EAS	7	12	2223	5	3.14430665969849	0	0	0	0
TC	UKBB	EAS	7	28	586	5	1.00882339477539	0	0	0	0
TC	UKBB	EAS	7	33	2309	5	3.51778841018677	0	0	0	0
TC	UKBB	EAS	7	37	2370	5	4.29684019088745	0	0	1	12
TC	UKBB	EAS	7	40	3095	5	5.69025540351868	0	0	0	0
TC	UKBB	EAS	7	41	1689	5	2.41722011566162	0	0	0	0
TC	UKBB	EAS	7	42	1921	5	2.72155714035034	0	0	0	0
TC	UKBB	EAS	7	44	328	5	1.04938006401062	0	0	0	0
TC	UKBB	EAS	7	50	1019	5	1.99700665473938	0	0	0	0
TC	UKBB	EAS	7	51	1243	5	1.79398488998413	0	0	0	0
TC	UKBB	EAS	7	58	1578	5	1.81344747543335	0	0	0	0
TC	UKBB	EAS	7	66	685	5	1.83446860313416	0	0	0	0
TC	UKBB	EAS	7	67	4250	5	9.69856905937195	0	0	0	0
TC	UKBB	EAS	7	73	635	5	1.04610085487366	0	0	0	0
TC	UKBB	EAS	7	85	1590	5	2.98969841003418	0	0	0	0
TC	UKBB	EAS	7	87	78	5	0.664383888244629	0	0	0	0
TC	UKBB	EAS	7	88	2339	5	4.71583366394043	0	0	0	0
TC	UKBB	EAS	7	89	1754	5	2.62762713432312	0	0	0	0
TC	UKBB	EAS	7	95	1266	5	1.8908314704895	0	0	0	0
TC	UKBB	EAS	7	99	2436	5	4.64408874511719	0	0	0	0
TC	UKBB	EAS	7	103	1308	5	1.85554981231689	0	0	0	0
TC	UKBB	EAS	7	107	3181	5	5.54797792434692	0	0	0	0
TC	UKBB	EAS	7	109	1375	5	1.47893023490906	0	0	0	0
TC	UKBB	EAS	7	111	2041	5	2.00266265869141	0	0	0	0
TC	UKBB	EAS	7	112	1125	5	1.45070862770081	0	0	0	0
TC	UKBB	EAS	7	113	2109	5	3.80379939079285	0	0	0	0
TC	UKBB	EAS	7	119	1108	5	1.20063853263855	0	0	0	0
TC	UKBB	EAS	7	125	1402	5	2.14473032951355	0	0	0	0
TC	UKBB	EAS	7	127	390	5	1.32578492164612	0	0	0	0
TC	UKBB	EAS	7	131	3434	5	7.4105007648468	0	0	0	0
TC	UKBB	EAS	7	132	3768	5	9.07208657264709	0	0	0	0
TC	UKBB	EAS	7	133	2953	5	5.01871776580811	0	0	0	0
TC	UKBB	EAS	7	134	903	5	1.31295680999756	0	0	0	0
TC	UKBB	EAS	7	138	2652	5	5.85364103317261	0	0	0	0
TC	UKBB	EAS	7	139	492	5	0.952069282531738	0	0	0	0
TC	UKBB	EAS	7	140	1389	5	3.3056857585907	0	0	0	0
TC	UKBB	EAS	7	141	2372	5	4.62864685058594	0	0	0	0
TC	UKBB	EAS	7	142	347	5	1.05731153488159	0	0	0	0
TC	UKBB	EAS	7	147	734	5	1.29691934585571	0	0	0	0
TC	UKBB	EAS	7	152	641	5	1.15752291679382	0	0	0	0
TC	UKBB	EAS	7	159	828	5	1.38157415390015	0	0	0	0
TC	UKBB	EAS	7	162	2861	5	3.85317254066467	0	0	0	0
TC	UKBB	EAS	7	176	311	5	0.805973052978516	0	0	0	0
TC	UKBB	EAS	7	177	247	5	0.777485609054565	0	0	0	0
TC	UKBB	EAS	7	187	2802	5	4.35408139228821	0	0	0	0
TC	UKBB	EAS	8	17	1401	5	1.99774146080017	0	0	0	0
TC	UKBB	EAS	8	29	3527	5	7.26747107505798	0	0	0	0
TC	UKBB	EAS	8	32	1827	5	2.23100399971008	0	0	0	0
TC	UKBB	EAS	8	36	494	5	1.49144911766052	0	0	0	0
TC	UKBB	EAS	8	39	1443	5	1.36691832542419	0	0	0	0
TC	UKBB	EAS	8	41	1058	5	1.97265434265137	0	0	0	0
TC	UKBB	EAS	8	42	2160	5	4.0864999294281	0	0	0	0
TC	UKBB	EAS	8	43	1993	5	3.30685973167419	0	0	0	0
TC	UKBB	EAS	8	44	667	5	1.08586049079895	0	0	0	0
TC	UKBB	EAS	8	45	1165	5	1.81142640113831	0	0	0	0
TC	UKBB	EAS	8	57	1013	5	1.34482884407043	0	0	0	0
TC	UKBB	EAS	8	59	813	5	1.35565900802612	0	0	0	0
TC	UKBB	EAS	8	65	1031	5	0.948530197143555	0	0	0	0
TC	UKBB	EAS	8	68	1521	5	2.76212501525879	0	0	0	0
TC	UKBB	EAS	8	69	2776	5	6.40620136260986	0	0	0	0
TC	UKBB	EAS	8	78	369	5	1.33806681632996	0	0	0	0
TC	UKBB	EAS	8	81	1907	5	2.7843351364135698	0	0	0	0
TC	UKBB	EAS	8	83	3020	5	6.32196736335754	0	0	0	0
TC	UKBB	EAS	8	84	3733	5	9.29108119010925	0	0	0	0
TC	UKBB	EAS	8	85	1052	5	1.77433156967163	0	0	0	0
TC	UKBB	EAS	8	88	1941	5	3.87951374053955	0	0	0	0
TC	UKBB	EAS	8	106	2046	5	3.45305299758911	0	0	0	0
TC	UKBB	EAS	8	109	2752	5	4.23902630805969	0	0	0	0
TC	UKBB	EAS	8	110	2406	5	4.7794508934021	0	0	0	0
TC	UKBB	EAS	8	113	1075	5	1.24344420433044	0	0	0	0
TC	UKBB	EAS	8	118	829	5	1.3971085548400901	0	0	0	0
TC	UKBB	EAS	8	121	214	5	0.690595626831055	0	0	0	0
TC	UKBB	EAS	8	124	989	5	1.57721638679504	0	0	0	0
TC	UKBB	EAS	8	125	406	5	0.779982328414917	0	0	0	0
TC	UKBB	EAS	8	126	138	5	0.770748853683472	0	0	0	0
TC	UKBB	EAS	8	135	1357	5	1.68556976318359	0	0	0	0
TC	UKBB	EAS	8	153	738	5	1.13674473762512	0	0	0	0
TC	UKBB	EAS	8	159	936	5	1.48058176040649	0	0	0	0
TC	UKBB	EAS	8	160	915	5	1.37536406517029	0	0	0	0
TC	UKBB	EAS	9	4	1495	5	1.72526955604553	0	0	0	0
TC	UKBB	EAS	9	5	331	5	1.37938046455383	0	0	0	0
TC	UKBB	EAS	9	9	1119	5	1.71217966079712	0	0	0	0
TC	UKBB	EAS	9	12	1477	5	1.80644512176514	0	0	0	0
TC	UKBB	EAS	9	13	2100	5	3.47918105125427	0	0	0	0
TC	UKBB	EAS	9	31	2311	5	4.61115550994873	0	0	0	0
TC	UKBB	EAS	9	33	1863	5	1.99121236801147	0	0	0	0
TC	UKBB	EAS	9	36	1521	5	2.49476838111877	0	0	0	0
TC	UKBB	EAS	9	39	655	5	0.802477359771729	0	0	0	0
TC	UKBB	EAS	9	40	2845	5	4.63126468658447	0	0	0	0
TC	UKBB	EAS	9	51	854	5	1.71529698371887	0	0	0	0
TC	UKBB	EAS	9	53	2984	5	6.35785222053528	0	0	0	0
TC	UKBB	EAS	9	69	935	5	1.70863080024719	0	0	0	0
TC	UKBB	EAS	9	70	685	5	1.35302877426147	0	0	0	0
TC	UKBB	EAS	9	72	350	5	1.29480123519897	0	0	0	0
TC	UKBB	EAS	9	73	1090	5	1.36276650428772	0	0	0	0
TC	UKBB	EAS	9	89	293	5	1.37521433830261	0	0	0	0
TC	UKBB	EAS	9	93	1466	5	2.36800265312195	0	0	0	0
TC	UKBB	EAS	9	99	1427	5	1.24621605873108	0	0	0	0
TC	UKBB	EAS	9	100	2533	5	3.37824678421021	0	0	0	0
TC	UKBB	EAS	9	102	2121	5	4.42546534538269	0	0	0	0
TC	UKBB	EAS	9	103	581	5	1.04291892051697	0	0	0	0
TC	UKBB	EAS	9	104	674	5	1.00134611129761	0	0	0	0
TC	UKBB	EAS	9	105	457	5	1.16447472572327	0	1	0	0
TC	UKBB	EAS	9	106	1720	5	2.50165700912476	0	0	0	0
TC	UKBB	EAS	9	107	527	5	0.93993616104126	0	0	0	0
TC	UKBB	EAS	9	109	2872	5	5.73278713226318	0	0	0	0
TC	UKBB	EAS	9	110	2879	5	4.73960995674133	0	0	0	0
TC	UKBB	EAS	9	111	71	5	1.14219832420349	0	0	0	0
TC	UKBB	EAS	9	112	2108	5	3.1709566116333	0	0	0	0
TC	UKBB	EAS	9	113	1263	5	1.95678544044495	0	0	0	0
TC	UKBB	EAS	9	114	722	5	1.00960898399353	0	0	0	0
TC	UKBB	EAS	9	115	2870	5	5.50684380531311	0	0	0	0
TC	UKBB	EAS	9	116	1377	5	1.80849647521973	0	0	0	0
TC	UKBB	EAS	9	118	3451	5	4.43946409225464	0	0	0	0
TC	UKBB	EAS	9	119	1322	5	2.16501259803772	0	0	0	0
TC	UKBB	EAS	9	121	684	5	1.98811078071594	0	0	0	0
TC	UKBB	EAS	9	124	1245	5	2.12678909301758	0	0	0	0
TC	UKBB	EAS	9	125	1957	5	2.32586288452148	0	0	0	0
TC	UKBB	EAS	9	134	2529	5	4.40993785858154	0	0	0	0
TC	UKBB	EAS	9	140	3120	5	5.12004566192627	0	0	0	0
TC	UKBB	EAS	9	142	937	5	1.25427484512329	0	0	0	0
TC	UKBB	EAS	9	144	704	5	0.814183950424194	0	0	0	0
TC	UKBB	EAS	9	145	1028	5	1.80298829078674	0	0	0	0
TC	UKBB	EAS	9	149	821	5	1.12674283981323	0	0	0	0
TC	UKBB	EAS	9	153	108	5	0.67744779586792	0	0	0	0
TC	UKBB	EAS	9	160	269	5	0.847860097885132	0	0	0	0
TC	UKBB	EAS	9	161	282	5	0.618653297424316	0	0	0	0
TC	UKBB	EAS	10	13	1519	5	2.20915484428406	0	0	0	0
TC	UKBB	EAS	10	22	1665	5	2.4807345867157	0	0	0	0
TC	UKBB	EAS	10	43	1345	5	2.3881676197052	0	0	0	0
TC	UKBB	EAS	10	44	970	5	1.45539855957031	0	0	0	0
TC	UKBB	EAS	10	46	2479	5	4.85572195053101	0	0	0	0
TC	UKBB	EAS	10	52	2049	5	2.29506206512451	0	0	0	0
TC	UKBB	EAS	10	53	955	5	1.41934013366699	0	0	0	0
TC	UKBB	EAS	10	58	447	5	0.594116687774658	0	0	0	0
TC	UKBB	EAS	10	59	1196	5	2.33137035369873	0	0	0	0
TC	UKBB	EAS	10	67	1418	5	2.3653347492218	0	0	0	0
TC	UKBB	EAS	10	69	1354	5	2.0925018787384	0	0	0	0
TC	UKBB	EAS	10	70	1821	5	2.27091813087463	0	0	0	0
TC	UKBB	EAS	10	73	1324	5	1.67768931388855	0	0	0	0
TC	UKBB	EAS	10	77	3997	5	8.34388041496277	0	0	0	0
TC	UKBB	EAS	10	80	1683	5	2.09843301773071	0	0	0	0
TC	UKBB	EAS	10	81	2152	5	3.51280736923218	0	0	0	0
TC	UKBB	EAS	10	84	2877	5	5.79569864273071	0	0	0	0
TC	UKBB	EAS	10	85	611	5	0.673770666122437	0	0	0	0
TC	UKBB	EAS	10	92	3286	5	7.31233549118042	0	0	0	0
TC	UKBB	EAS	10	100	510	5	0.791510105133057	0	0	0	0
TC	UKBB	EAS	10	101	1373	5	1.94112730026245	0	0	0	0
TC	UKBB	EAS	10	109	1942	5	2.95687389373779	0	0	0	0
TC	UKBB	EAS	10	110	595	5	1.37374377250671	0	0	0	0
TC	UKBB	EAS	10	112	489	5	0.733453750610352	0	0	0	0
TC	UKBB	EAS	10	113	1480	5	2.51221036911011	0	0	0	0
TC	UKBB	EAS	10	117	2475	5	4.13089728355408	0	0	0	0
TC	UKBB	EAS	10	120	1735	5	2.89453983306885	0	0	0	0
TC	UKBB	EAS	10	121	1184	5	1.90537881851196	0	0	0	0
TC	UKBB	EAS	10	123	1450	5	2.23875212669373	0	0	0	0
TC	UKBB	EAS	10	126	2288	5	4.67388725280762	0	0	0	0
TC	UKBB	EAS	10	127	477	5	0.705366849899292	0	0	0	0
TC	UKBB	EAS	10	129	2565	5	4.38727593421936	0	0	0	0
TC	UKBB	EAS	10	130	768	5	0.750641107559204	0	0	0	0
TC	UKBB	EAS	10	131	2138	5	2.67215394973755	0	0	0	0
TC	UKBB	EAS	10	137	2330	5	2.70033311843872	0	0	0	0
TC	UKBB	EAS	10	138	323	5	1.86891961097717	0	0	0	0
TC	UKBB	EAS	10	140	318	5	1.9373505115509	0	0	0	0
TC	UKBB	EAS	10	144	865	5	1.49090790748596	0	0	0	0
TC	UKBB	EAS	10	150	2110	5	3.90315961837769	0	0	0	0
TC	UKBB	EAS	10	152	1429	5	2.0726318359375	0	0	0	0
TC	UKBB	EAS	10	154	2851	5	4.81772804260254	0	0	0	0
TC	UKBB	EAS	10	176	1029	5	1.99764394760132	0	0	0	0
TC	UKBB	EAS	10	177	625	5	0.738828420639038	0	0	0	0
TC	UKBB	EAS	11	2	709	5	1.26263570785522	0	0	0	0
TC	UKBB	EAS	11	3	914	5	0.888864994049072	0	0	0	0
TC	UKBB	EAS	11	4	977	5	1.21058082580566	0	0	0	0
TC	UKBB	EAS	11	7	593	5	1.17813324928284	0	0	0	0
TC	UKBB	EAS	11	11	1747	5	2.3306200504303	0	0	0	0
TC	UKBB	EAS	11	12	2490	5	3.93073344230652	0	0	0	0
TC	UKBB	EAS	11	22	612	5	0.801138401031494	0	0	0	0
TC	UKBB	EAS	11	28	886	5	1.68791508674622	0	0	0	0
TC	UKBB	EAS	11	30	932	5	1.71944308280945	0	0	0	0
TC	UKBB	EAS	11	31	1064	5	1.42512249946594	0	0	0	0
TC	UKBB	EAS	11	33	1342	5	2.68461680412292	0	0	0	0
TC	UKBB	EAS	11	56	302	5	1.10209941864014	0	0	0	0
TC	UKBB	EAS	11	57	1091	5	2.41571474075317	0	0	0	0
TC	UKBB	EAS	11	75	539	5	0.982083082199097	0	0	0	0
TC	UKBB	EAS	11	76	1275	5	1.80632281303406	0	0	0	0
TC	UKBB	EAS	11	78	1259	5	2.86569333076477	0	0	0	0
TC	UKBB	EAS	11	79	2733	5	5.09345388412476	0	0	0	0
TC	UKBB	EAS	11	80	1464	5	2.00538396835327	0	0	0	0
TC	UKBB	EAS	11	81	1106	5	0.995273351669312	0	0	0	0
TC	UKBB	EAS	11	82	344	5	1.01017045974731	0	0	0	0
TC	UKBB	EAS	11	86	1456	5	1.190598487854	0	0	0	0
TC	UKBB	EAS	11	88	1958	5	2.37804174423218	0	0	0	0
TC	UKBB	EAS	11	90	2642	5	4.88092350959778	0	0	0	0
TC	UKBB	EAS	11	107	736	5	1.92255926132202	0	0	0	0
TC	UKBB	EAS	11	108	480	5	0.877835512161255	0	0	0	0
TC	UKBB	EAS	11	117	3190	5	5.36661863327026	0	0	0	0
TC	UKBB	EAS	11	121	1513	5	2.29015731811523	0	0	0	0
TC	UKBB	EAS	11	125	1125	5	1.66728854179382	0	0	0	0
TC	UKBB	EAS	11	128	204	5	0.77689003944397	0	0	0	0
TC	UKBB	EAS	11	129	1643	5	2.06948399543762	0	0	0	0
TC	UKBB	EAS	11	133	1553	5	2.29217529296875	0	0	0	0
TC	UKBB	EAS	11	140	801	5	0.737867593765259	0	0	0	0
TC	UKBB	EAS	11	142	1801	5	1.59856963157654	0	0	0	0
TC	UKBB	EAS	11	147	2655	5	2.92542314529419	0	0	0	0
TC	UKBB	EAS	11	163	239	5	0.867876291275024	0	0	0	0
TC	UKBB	EAS	12	1	892	5	1.58911633491516	0	1	0	0
TC	UKBB	EAS	12	12	471	5	0.856562852859497	0	0	0	0
TC	UKBB	EAS	12	13	943	5	0.772628307342529	0	0	0	0
TC	UKBB	EAS	12	17	541	5	1.48406839370728	0	0	0	0
TC	UKBB	EAS	12	18	1471	5	1.58843350410461	0	0	0	0
TC	UKBB	EAS	12	23	1995	5	2.60309767723083	0	0	0	0
TC	UKBB	EAS	12	26	337	5	0.6457359790802	0	0	0	0
TC	UKBB	EAS	12	27	166	5	0.706790924072266	0	0	0	0
TC	UKBB	EAS	12	29	232	5	0.589062690734863	0	0	0	0
TC	UKBB	EAS	12	42	2946	5	5.78555130958557	0	0	0	0
TC	UKBB	EAS	12	45	1196	5	1.18327021598816	0	0	0	0
TC	UKBB	EAS	12	47	502	5	0.792338132858276	0	0	0	0
TC	UKBB	EAS	12	48	1964	5	2.68948221206665	0	0	0	0
TC	UKBB	EAS	12	49	1912	5	2.78802227973938	0	0	0	0
TC	UKBB	EAS	12	51	1298	5	1.47045397758484	0	0	0	0
TC	UKBB	EAS	12	52	2631	5	4.856036901474	0	0	0	0
TC	UKBB	EAS	12	59	2254	5	3.37297415733337	0	0	0	0
TC	UKBB	EAS	12	60	1035	5	0.982711315155029	0	0	0	0
TC	UKBB	EAS	12	61	1207	5	1.32269239425659	0	0	0	0
TC	UKBB	EAS	12	62	906	5	0.92841362953186	0	0	0	0
TC	UKBB	EAS	12	63	1707	5	1.87343692779541	0	0	0	0
TC	UKBB	EAS	12	64	787	5	1.27807450294495	0	0	0	0
TC	UKBB	EAS	12	66	1668	5	1.8474133014679	0	0	0	0
TC	UKBB	EAS	12	67	812	5	1.09016180038452	0	0	0	0
TC	UKBB	EAS	12	69	1725	5	2.19887042045593	0	0	0	0
TC	UKBB	EAS	12	71	1766	5	1.5738697052002	0	0	0	0
TC	UKBB	EAS	12	72	6033	5	21.2647068500519	0	1	0	0
TC	UKBB	EAS	12	82	1725	5	2.38162589073181	0	0	0	0
TC	UKBB	EAS	12	97	2470	5	2.60947012901306	0	0	0	0
TC	UKBB	EAS	12	98	944	5	1.9160270690918	0	0	0	0
TC	UKBB	EAS	12	106	1959	5	2.52168989181519	0	0	0	0
TC	UKBB	EAS	12	110	2020	5	2.71672582626343	0	0	0	0
TC	UKBB	EAS	12	113	1577	5	2.64702248573303	0	0	0	0
TC	UKBB	EAS	12	116	582	5	1.64128661155701	0	0	0	0
TC	UKBB	EAS	12	117	1901	5	2.37252473831177	0	0	0	0
TC	UKBB	EAS	12	119	2660	5	5.15020871162415	0	0	0	0
TC	UKBB	EAS	12	120	726	5	0.890539407730103	0	0	0	0
TC	UKBB	EAS	12	121	1325	5	1.91638731956482	0	0	0	0
TC	UKBB	EAS	12	122	1647	5	1.57786917686462	0	0	0	0
TC	UKBB	EAS	12	123	798	5	0.863138198852539	0	0	0	0
TC	UKBB	EAS	12	127	735	5	0.732673168182373	0	0	0	0
TC	UKBB	EAS	12	128	281	5	1.18263483047485	0	0	0	0
TC	UKBB	EAS	12	129	1251	5	0.998863458633423	0	0	0	0
TC	UKBB	EAS	12	138	2482	5	5.07234477996826	0	0	0	0
TC	UKBB	EAS	12	139	3243	5	5.03375673294067	0	0	0	0
TC	UKBB	EAS	12	140	627	5	1.05761981010437	0	0	0	0
TC	UKBB	EAS	12	141	1042	5	1.53688526153564	0	0	0	0
TC	UKBB	EAS	13	18	589	5	1.43885803222656	0	0	0	0
TC	UKBB	EAS	13	21	1584	5	2.00166654586792	0	0	0	0
TC	UKBB	EAS	13	24	1199	5	1.35167527198792	0	0	0	0
TC	UKBB	EAS	13	25	632	5	1.22148370742798	0	0	0	0
TC	UKBB	EAS	13	40	1353	5	1.14331793785095	0	0	0	0
TC	UKBB	EAS	13	44	1036	5	0.969258546829224	0	0	0	0
TC	UKBB	EAS	13	45	1450	5	1.73342704772949	0	0	0	0
TC	UKBB	EAS	13	50	2945	5	4.84889817237854	0	0	0	0
TC	UKBB	EAS	13	66	677	5	1.1514880657196	0	0	0	0
TC	UKBB	EAS	13	69	2941	5	5.04853081703186	0	0	0	0
TC	UKBB	EAS	13	70	1836	5	2.37679243087769	0	0	0	0
TC	UKBB	EAS	13	84	796	5	1.07876300811768	0	0	0	0
TC	UKBB	EAS	13	95	536	5	1.23319411277771	0	0	0	0
TC	UKBB	EAS	13	96	608	5	0.555920600891113	0	0	0	0
TC	UKBB	EAS	13	111	437	5	0.914954900741577	0	0	0	0
TC	UKBB	EAS	13	115	683	5	1.0278754234314	0	0	0	0
TC	UKBB	EAS	13	116	589	5	1.61778879165649	0	0	0	0
TC	UKBB	EAS	13	118	1197	5	1.77923107147217	0	0	0	0
TC	UKBB	EAS	13	124	186	5	0.615491628646851	0	1	0	0
TC	UKBB	EAS	13	125	1474	5	2.25276923179626	0	0	0	0
TC	UKBB	EAS	14	4	401	5	1.41632533073425	0	0	0	0
TC	UKBB	EAS	14	10	343	5	0.79543399810791	0	0	0	0
TC	UKBB	EAS	14	11	505	5	0.911213874816895	0	0	0	0
TC	UKBB	EAS	14	14	2384	5	2.26329684257507	0	0	0	0
TC	UKBB	EAS	14	23	2249	5	2.28694939613342	0	0	0	0
TC	UKBB	EAS	14	31	2242	5	3.53597235679626	0	0	0	0
TC	UKBB	EAS	14	35	2552	5	3.88099122047424	0	0	0	0
TC	UKBB	EAS	14	43	129	5	0.930892467498779	0	0	0	0
TC	UKBB	EAS	14	63	2857	5	6.45675754547119	0	0	0	0
TC	UKBB	EAS	14	67	1565	5	1.2980968952179	0	0	0	0
TC	UKBB	EAS	14	68	1114	5	1.41238403320312	0	0	0	0
TC	UKBB	EAS	14	72	2763	5	4.65768504142761	0	0	0	0
TC	UKBB	EAS	14	73	1068	5	0.882002830505371	0	0	0	0
TC	UKBB	EAS	14	93	1928	5	2.49070978164673	0	0	0	0
TC	UKBB	EAS	14	96	163	5	0.4945387840271	0	0	0	0
TC	UKBB	EAS	14	105	657	5	1.22146201133728	0	0	0	0
TC	UKBB	EAS	14	106	746	5	1.50305366516113	0	0	0	0
TC	UKBB	EAS	14	120	478	5	0.592132806777954	0	0	0	0
TC	UKBB	EAS	14	121	1603	5	2.14659214019775	0	0	0	0
TC	UKBB	EAS	14	126	1681	5	1.50937914848328	0	0	0	0
TC	UKBB	EAS	14	127	1566	5	1.76479744911194	0	0	0	0
TC	UKBB	EAS	14	129	826	5	1.03351545333862	0	0	0	0
TC	UKBB	EAS	15	37	2025	5	3.16995692253113	0	0	0	0
TC	UKBB	EAS	15	44	941	5	0.924107313156128	0	0	0	0
TC	UKBB	EAS	15	45	3915	5	6.2281494140625	0	0	0	0
TC	UKBB	EAS	15	46	1262	5	0.972412347793579	0	0	0	0
TC	UKBB	EAS	15	47	1583	5	1.93460035324097	0	0	0	0
TC	UKBB	EAS	15	50	1766	5	1.56625938415527	0	0	0	0
TC	UKBB	EAS	15	52	1259	5	1.97841119766235	0	0	0	0
TC	UKBB	EAS	15	53	209	5	1.13753056526184	0	0	0	0
TC	UKBB	EAS	15	54	1403	5	1.6116042137146	0	0	0	0
TC	UKBB	EAS	15	59	2743	5	4.34807562828064	0	0	0	0
TC	UKBB	EAS	15	62	2786	5	6.25406217575073	0	0	0	0
TC	UKBB	EAS	15	63	769	5	1.4149169921875	0	0	0	0
TC	UKBB	EAS	15	64	1046	5	1.12767958641052	0	0	0	0
TC	UKBB	EAS	15	66	1906	5	2.41874241828918	0	0	0	0
TC	UKBB	EAS	15	80	567	5	0.661301851272583	0	0	0	0
TC	UKBB	EAS	15	83	664	5	1.04853200912476	0	0	0	0
TC	UKBB	EAS	15	85	1624	5	1.3026065826416	0	0	0	0
TC	UKBB	EAS	15	88	895	5	1.547043800354	0	0	0	0
TC	UKBB	EAS	15	102	1334	5	1.3165078163147	0	0	0	0
TC	UKBB	EAS	15	111	776	5	0.935269355773926	0	0	0	0
TC	UKBB	EAS	15	117	679	5	1.09231328964233	0	0	0	0
TC	UKBB	EAS	16	1	841	5	1.73156023025513	0	0	0	0
TC	UKBB	EAS	16	2	194	5	0.893923282623291	0	0	0	0
TC	UKBB	EAS	16	4	1274	5	2.14954733848572	0	0	0	0
TC	UKBB	EAS	16	5	296	5	0.678974390029907	0	0	0	0
TC	UKBB	EAS	16	6	751	5	1.03757405281067	0	0	0	0
TC	UKBB	EAS	16	9	1095	5	1.45191955566406	0	0	0	0
TC	UKBB	EAS	16	31	1460	5	2.35396003723145	0	0	0	0
TC	UKBB	EAS	16	32	208	5	0.855865240097046	0	0	0	0
TC	UKBB	EAS	16	33	2750	5	5.1906590461731	0	0	0	0
TC	UKBB	EAS	16	37	1468	5	1.03777885437012	0	0	0	0
TC	UKBB	EAS	16	41	1352	5	1.03110480308533	0	0	0	0
TC	UKBB	EAS	16	43	1148	5	1.03306460380554	0	0	0	0
TC	UKBB	EAS	16	58	776	5	0.893558979034424	0	0	0	0
TC	UKBB	EAS	16	59	556	5	1.58333492279053	0	0	0	0
TC	UKBB	EAS	16	63	1271	5	1.54888439178467	0	0	0	0
TC	UKBB	EAS	16	70	472	5	0.792041540145874	0	0	0	0
TC	UKBB	EAS	16	74	247	5	1.48121213912964	0	0	0	0
TC	UKBB	EAS	16	75	1882	5	1.77268934249878	0	0	0	0
TC	UKBB	EAS	16	76	1079	5	1.56966876983643	0	0	0	0
TC	UKBB	EAS	16	79	1122	5	1.09747409820557	0	0	0	0
TC	UKBB	EAS	16	83	1359	5	2.07051062583923	0	0	0	0
TC	UKBB	EAS	16	85	2734	5	2.52757787704468	0	0	0	0
TC	UKBB	EAS	16	88	2316	5	2.7352933883667	0	0	0	0
TC	UKBB	EAS	16	89	3744	5	5.30826330184937	0	0	0	0
TC	UKBB	EAS	16	90	768	5	0.982010841369629	0	0	0	0
TC	UKBB	EAS	16	91	686	5	1.61742568016052	0	0	0	0
TC	UKBB	EAS	16	94	3769	5	7.89339113235474	0	0	0	0
TC	UKBB	EAS	16	99	1095	5	1.37218499183655	0	0	0	0
TC	UKBB	EAS	16	100	129	5	0.667969226837158	0	0	0	0
TC	UKBB	EAS	16	101	180	5	0.937871694564819	0	0	0	0
TC	UKBB	EAS	16	103	4470	5	13.0610151290894	0	0	0	0
TC	UKBB	EAS	16	104	1194	5	1.34503841400146	0	0	0	0
TC	UKBB	EAS	16	110	983	5	1.42299270629883	0	0	0	0
TC	UKBB	EAS	16	113	962	5	0.785096645355225	0	0	0	0
TC	UKBB	EAS	17	9	1549	5	1.20518517494202	0	0	0	0
TC	UKBB	EAS	17	16	141	5	0.596396923065186	0	0	0	0
TC	UKBB	EAS	17	17	2110	5	1.892986536026	0	0	0	0
TC	UKBB	EAS	17	22	228	5	1.05398488044739	0	0	0	0
TC	UKBB	EAS	17	23	559	5	1.26781988143921	0	0	0	0
TC	UKBB	EAS	17	24	904	5	2.04821443557739	0	0	0	0
TC	UKBB	EAS	17	25	1034	5	1.00356340408325	0	0	0	0
TC	UKBB	EAS	17	28	188	5	1.23120713233948	0	0	0	0
TC	UKBB	EAS	17	30	254	5	0.821787595748901	0	0	0	0
TC	UKBB	EAS	17	49	655	5	0.766059875488281	0	0	0	0
TC	UKBB	EAS	17	51	2111	5	3.32362604141235	0	0	0	0
TC	UKBB	EAS	17	53	1777	5	1.49189519882202	0	0	0	0
TC	UKBB	EAS	17	54	1239	5	1.57259345054626	0	0	0	0
TC	UKBB	EAS	17	55	2390	5	2.0499210357666	0	0	0	0
TC	UKBB	EAS	17	65	2156	5	4.51958966255188	0	0	0	0
TC	UKBB	EAS	17	70	987	5	1.0518000125885	0	0	0	0
TC	UKBB	EAS	17	71	861	5	1.44402098655701	0	0	0	0
TC	UKBB	EAS	17	73	1763	5	2.591068983078	0	0	0	0
TC	UKBB	EAS	17	74	2242	5	3.63310933113098	0	0	0	0
TC	UKBB	EAS	17	75	2269	5	2.72714042663574	0	0	0	0
TC	UKBB	EAS	17	76	921	5	0.804807424545288	0	0	0	0
TC	UKBB	EAS	17	78	266	5	0.870038032531738	0	0	0	0
TC	UKBB	EAS	17	80	1116	5	1.92642545700073	0	0	0	0
TC	UKBB	EAS	17	85	1740	5	2.515864610672	0	0	0	0
TC	UKBB	EAS	17	87	670	5	1.20870995521545	0	0	0	0
TC	UKBB	EAS	17	90	1999	5	1.68760132789612	0	0	0	0
TC	UKBB	EAS	17	94	993	5	0.837998628616333	0	0	0	0
TC	UKBB	EAS	17	95	864	5	1.2394380569458	0	0	0	0
TC	UKBB	EAS	17	97	1888	5	2.46606850624084	0	0	0	0
TC	UKBB	EAS	17	98	657	5	0.640697717666626	0	0	0	0
TC	UKBB	EAS	17	100	952	5	1.4986264705658	0	0	0	0
TC	UKBB	EAS	17	101	950	5	1.27842831611633	0	0	0	0
TC	UKBB	EAS	17	102	572	5	1.14976525306702	0	0	0	0
TC	UKBB	EAS	17	103	640	5	0.928468704223633	0	0	0	0
TC	UKBB	EAS	17	104	103	5	0.816136837005615	0	0	0	0
TC	UKBB	EAS	17	105	1167	5	1.59980154037476	0	0	0	0
TC	UKBB	EAS	17	109	286	5	0.733578205108643	0	0	0	0
TC	UKBB	EAS	17	116	692	5	0.74378776550293	0	0	0	0
TC	UKBB	EAS	17	117	1173	5	1.00812339782715	0	0	0	0
TC	UKBB	EAS	17	118	1015	5	1.54941058158875	0	0	0	0
TC	UKBB	EAS	17	121	827	5	0.716218948364258	0	0	0	0
TC	UKBB	EAS	17	123	1042	5	1.36804437637329	0	0	0	0
TC	UKBB	EAS	17	125	1623	5	1.50620198249817	0	0	0	0
TC	UKBB	EAS	17	128	253	5	0.68513560295105	0	0	0	0
TC	UKBB	EAS	17	130	879	5	1.84435391426086	0	0	0	0
TC	UKBB	EAS	17	133	560	5	0.894773244857788	0	0	0	0
TC	UKBB	EAS	17	134	1101	5	1.45854520797729	0	0	0	0
TC	UKBB	EAS	18	8	888	5	1.09399247169495	0	0	0	0
TC	UKBB	EAS	18	9	141	5	0.509768962860107	0	0	0	0
TC	UKBB	EAS	18	31	1731	5	1.77997350692749	0	0	0	0
TC	UKBB	EAS	18	35	506	5	1.65400123596191	0	0	0	0
TC	UKBB	EAS	18	39	2282	5	3.10863780975342	0	0	0	0
TC	UKBB	EAS	18	41	2479	5	4.87592148780823	0	0	0	0
TC	UKBB	EAS	18	42	1839	5	1.81790208816528	0	0	0	0
TC	UKBB	EAS	18	52	1279	5	0.959266662597656	0	0	0	0
TC	UKBB	EAS	18	61	1768	5	1.43727660179138	0	0	0	0
TC	UKBB	EAS	18	68	135	5	0.711271286010742	0	0	0	0
TC	UKBB	EAS	18	69	3315	5	4.0779402256012	0	0	0	0
TC	UKBB	EAS	18	74	2396	5	3.3319368362426802	0	0	0	0
TC	UKBB	EAS	18	77	423	5	1.16198301315308	0	0	0	0
TC	UKBB	EAS	18	78	525	5	1.67477917671204	0	0	0	0
TC	UKBB	EAS	18	81	1427	5	1.23222255706787	0	0	0	0
TC	UKBB	EAS	18	85	1626	5	2.13018751144409	0	0	0	0
TC	UKBB	EAS	18	88	1151	5	1.09636545181274	0	0	0	0
TC	UKBB	EAS	18	119	186	5	0.497197389602661	0	0	0	0
TC	UKBB	EAS	19	6	115	5	1.09756875038147	0	0	0	0
TC	UKBB	EAS	19	12	196	5	0.529340744018555	0	0	0	0
TC	UKBB	EAS	19	15	158	5	0.959414482116699	0	0	0	0
TC	UKBB	EAS	19	16	139	5	0.720255136489868	0	0	0	0
TC	UKBB	EAS	19	19	113	5	0.737711191177368	0	0	0	0
TC	UKBB	EAS	19	20	238	5	0.815142154693604	0	0	0	0
TC	UKBB	EAS	19	21	142	5	0.553189992904663	0	0	0	0
TC	UKBB	EAS	19	22	964	5	0.837930679321289	0	0	0	0
TC	UKBB	EAS	19	25	575	5	0.881352663040161	0	0	0	0
TC	UKBB	EAS	19	30	596	5	1.02444314956665	0	0	0	0
TC	UKBB	EAS	19	32	662	5	1.63430976867676	0	0	0	0
TC	UKBB	EAS	19	33	268	5	1.51534056663513	0	0	0	0
TC	UKBB	EAS	19	35	1177	5	0.919922113418579	0	0	0	0
TC	UKBB	EAS	19	36	210	5	0.650278806686401	0	0	0	0
TC	UKBB	EAS	19	37	1299	5	1.04215955734253	0	0	0	0
TC	UKBB	EAS	19	38	326	5	1.75286841392517	0	0	0	0
TC	UKBB	EAS	19	39	1621	5	1.40131378173828	0	0	0	0
TC	UKBB	EAS	19	42	292	5	0.637085676193237	0	0	0	0
TC	UKBB	EAS	19	46	1217	5	1.32355356216431	0	0	0	0
TC	UKBB	EAS	19	49	995	5	1.8784236907959	0	0	0	0
TC	UKBB	EAS	19	51	624	5	0.940916299819946	0	0	0	0
TC	UKBB	EAS	19	52	622	5	0.782084941864014	0	0	0	0
TC	UKBB	EAS	19	53	1628	5	2.74628949165344	0	0	0	0
TC	UKBB	EAS	19	54	3103	5	6.11753940582275	0	0	0	0
TC	UKBB	EAS	19	63	617	5	0.940808534622192	0	0	0	0
TC	UKBB	EAS	19	64	1964	5	1.49507856369019	0	0	0	0
TC	UKBB	EAS	19	65	782	5	1.70778489112854	0	0	0	0
TC	UKBB	EAS	19	67	3881	5	4.47901678085327	0	0	0	0
TC	UKBB	EAS	19	70	923	5	0.723234176635742	0	0	0	0
TC	UKBB	EAS	19	71	123	5	0.604456901550293	0	0	0	0
TC	UKBB	EAS	19	72	922	5	1.35863184928894	0	0	0	0
TC	UKBB	EAS	19	73	273	5	1.10074877738953	0	0	0	0
TC	UKBB	EAS	19	74	1638	5	2.53565812110901	0	0	0	0
TC	UKBB	EAS	19	75	191	5	6.37783098220825	1	2	2	2
TC	UKBB	EAS	19	76	1341	5	1.05568504333496	0	0	0	0
TC	UKBB	EAS	19	77	2124	5	2.57469177246094	0	0	0	0
TC	UKBB	EAS	19	79	828	5	1.22353768348694	0	0	0	0
TC	UKBB	EAS	19	80	283	5	1.24045133590698	0	0	0	0
TC	UKBB	EAS	19	81	900	5	1.47245192527771	0	0	0	0
TC	UKBB	EAS	19	89	783	5	1.23348188400269	0	0	0	0
TC	UKBB	EAS	19	90	1413	5	1.0233039855957	0	0	0	0
TC	UKBB	EAS	19	98	329	5	0.765129804611206	0	0	0	0
TC	UKBB	EAS	20	2	403	5	0.586191177368164	0	0	0	0
TC	UKBB	EAS	20	10	676	5	1.21896314620972	0	0	0	0
TC	UKBB	EAS	20	12	859	5	0.939979314804077	0	0	0	0
TC	UKBB	EAS	20	18	815	5	1.76304507255554	0	0	0	0
TC	UKBB	EAS	20	19	194	5	1.02106380462646	0	0	0	0
TC	UKBB	EAS	20	40	820	5	2.39916133880615	0	0	0	0
TC	UKBB	EAS	20	48	2152	5	3.29140472412109	0	0	0	0
TC	UKBB	EAS	20	55	434	5	0.743832349777222	0	0	0	0
TC	UKBB	EAS	20	59	1513	5	2.88529348373413	0	0	0	0
TC	UKBB	EAS	20	60	1218	5	0.915904760360718	0	0	0	0
TC	UKBB	EAS	20	63	2628	5	3.21556067466736	0	0	0	0
TC	UKBB	EAS	20	64	658	5	0.669774293899536	0	0	0	0
TC	UKBB	EAS	20	65	1603	5	1.58397340774536	0	0	0	0
TC	UKBB	EAS	20	66	1513	5	1.09443831443787	0	0	0	0
TC	UKBB	EAS	20	67	874	5	1.58463096618652	0	0	0	0
TC	UKBB	EAS	20	68	427	5	0.919626474380493	0	0	0	0
TC	UKBB	EAS	20	69	1200	5	0.961158275604248	0	0	0	0
TC	UKBB	EAS	20	70	707	5	1.40535140037537	0	0	0	0
TC	UKBB	EAS	20	71	1473	5	1.19373869895935	0	0	0	0
TC	UKBB	EAS	20	77	1366	5	1.05373096466064	0	0	0	0
TC	UKBB	EAS	20	78	1635	5	1.53145289421082	0	0	0	0
TC	UKBB	EAS	20	86	829	5	1.22890424728394	0	0	0	0
TC	UKBB	EAS	20	87	653	5	0.933308839797974	0	0	0	0
TC	UKBB	EAS	20	89	552	5	1.05699110031128	0	0	0	0
TC	UKBB	EAS	21	3	476	5	0.619817495346069	0	0	0	0
TC	UKBB	EAS	21	5	662	5	1.17263698577881	0	0	0	0
TC	UKBB	EAS	21	30	2579	5	5.28010129928589	0	0	0	0
TC	UKBB	EAS	21	33	1244	5	1.62557363510132	0	0	0	0
TC	UKBB	EAS	21	37	1312	5	1.01267218589783	0	0	0	0
TC	UKBB	EAS	21	41	2007	5	2.85260343551636	0	0	0	0
TC	UKBB	EAS	21	48	2025	5	2.65996193885803	0	0	0	0
TC	UKBB	EAS	21	53	788	5	0.734680652618408	0	0	0	0
TC	UKBB	EAS	22	1	748	5	0.702686071395874	0	0	0	0
TC	UKBB	EAS	22	5	557	5	1.37309527397156	0	0	0	0
TC	UKBB	EAS	22	9	768	5	0.667743682861328	0	0	0	0
TC	UKBB	EAS	22	13	568	5	0.739077091217041	0	0	0	0
TC	UKBB	EAS	22	29	1633	5	1.26827025413513	0	0	0	0
TC	UKBB	EAS	22	30	4955	5	13.8539266586304	0	0	0	0
TC	UKBB	EAS	22	36	721	5	1.02098298072815	0	0	0	0
TC	UKBB	EAS	22	37	1037	5	1.36828684806824	0	0	0	0
TC	UKBB	EAS	22	40	428	5	0.667918682098389	0	0	0	0
TC	UKBB	EAS	22	43	917	5	0.727224826812744	0	0	0	0
TC	UKBB	EAS	22	45	858	5	0.763783931732178	0	0	0	0
TC	UKBB	EAS	22	46	2535	5	3.11437845230103	0	0	0	0
TC	UKBB	EAS	22	47	1110	5	2.37634706497192	0	0	0	0
TC	UKBB	EAS	22	49	211	5	1.62493777275085	0	0	0	0
