chromosome	block	num_variants	num_variants.EUR	num_variants.AFR	num_variants.EAS	nlog10minP.EUR	nlog10minP.AFR	nlog10minP.EAS
1	1	1555	475	1401	79	6.909	2.671	0.6097
1	2	1768	805	1463	125	3.29	3.179	0.9758
1	3	1087	507	827	185	8.116	3.603	2.33
1	5	4196	1967	3605	706	6.486	4.369	2.321
1	15	5982	2777	5267	1491	5.131	3.676	1.949
1	17	7449	3413	6661	1897	3.851	3.021	3.82
1	18	2815	1470	2519	764	5.952	3.361	2.243
1	19	6349	2744	5432	1408	4.662	3.701	2.735
1	21	4171	1765	3702	1162	7.895	4.534	2.588
1	23	2090	1028	1888	687	4.58	3.197	2.314
1	24	2192	1164	1883	410	6.187	4.95	2.61
1	35	7638	3193	6594	1503	7.196	5.424	3.207
1	40	2446	1290	2211	763	4.839	2.76	2.67
1	43	1585	901	1399	434	3.824	3.566	2.576
1	44	1435	697	1277	461	6.363	3.458	1.939
1	46	4867	2423	4373	1305	5.974	3.211	2.991
1	48	2955	1267	2597	670	10.55	2.423	2.939
1	49	2793	1100	2499	467	5.66	2.99	2.344
1	50	4096	1895	3596	975	7.874	3.48	2.426
1	51	2792	1277	2354	593	5.749	3.499	1.842
1	52	7738	3236	6665	1588	49.68	3.497	2.304
1	53	6806	3055	5740	1255	8.45	2.911	3.091
1	57	4453	2050	3923	1409	4.355	2.771	2.083
1	63	6073	2132	5261	1603	5.386	3.46	2.805
1	70	5261	2607	4570	1467	82.07	3.579	2.768
1	71	5491	2526	4715	1609	15.06	4.945	1.859
1	73	7390	3340	6447	1742	8.319	3.751	2.092
1	74	7083	3101	6189	1570	5.229	3.485	3.94
1	75	9312	4105	7792	2538	7.296	4.458	2.698
1	76	4605	1916	4017	1397	4.367	4.028	3.679
1	80	2694	1227	2382	877	4.162	3.199	2.102
1	85	2257	1278	2008	864	5.077	3.435	2.125
1	87	2894	1475	2528	736	3.37	3.025	2.986
1	90	567	302	517	183	3.395	2.406	1.266
1	92	5201	2654	4539	1472	5.655	3.602	2.257
1	94	1218	681	1062	315	8.809	3.005	1.53
1	96	4609	2307	4165	1336	10.14	2.794	2.408
1	97	5840	2826	5170	1543	12.35	4.341	2.264
1	98	5248	2436	4661	1352	4.317	4.205	2.18
1	100	4724	2249	4166	1601	10.5	4.518	2.958
1	102	4469	2085	3984	1084	5.941	3.822	1.547
1	105	13481	5965	11654	3186	8.021	4.072	3.51
1	110	2284	1108	2039	567	6.043	3.475	3.515
1	113	3748	1888	3295	1198	8.216	3.588	2.877
1	117	2857	1444	2520	957	8.735	2.702	2.195
1	122	9460	4195	8187	2436	6.137	4.32	3.58
1	124	7961	3865	6941	2163	6.981	3.537	2.44
1	125	10197	4578	8753	2333	37.8	4.666	3.894
1	128	8266	4125	7018	2148	4.664	3.542	2.144
1	129	2808	1493	2240	528	7.353	3.213	2.25
1	132	5265	2639	4627	1620	4.878	3.092	2.229
1	136	5868	2621	5109	1302	6.169	3.437	3.106
1	138	7694	3541	6730	1511	32.99	4.817	2.636
1	139	1761	912	1528	404	18.59	3.542	2.698
1	143	4610	2254	4059	1088	6.068	3.683	3.117
1	153	5812	2542	5251	1690	6.214	4.302	1.935
1	154	10244	4038	8796	2238	19.06	4.396	2.473
1	156	5588	2514	4659	1318	6.16	4.127	2.678
1	158	6410	2657	5382	972	12.21	4.266	1.724
1	159	1328	568	1169	244	5.189	5.7	2.831
1	160	4561	2231	4017	1181	5.008	2.767	3.224
1	168	6281	3013	5355	1652	9.055	3.1	1.795
1	173	4445	2436	3876	1318	6.168	3.028	3.982
1	181	8203	3786	7175	2184	4.696	3.121	3.322
1	182	8755	3638	7710	2121	10.36	4.125	3.413
1	183	8356	3781	7261	2195	5.803	4.178	2.711
1	187	5580	2604	4726	1469	23.56	4.906	2.712
1	189	4322	1990	3758	1035	8.954	2.776	2.892
1	191	5963	2762	5232	1476	31.81	3.272	2.15
1	192	6158	2843	5272	1721	9.485	4.373	2.64
1	193	7114	3226	6096	1979	7.24	3.826	4.184
1	201	7484	2958	6303	1770	6.459	4.689	1.971
1	202	5974	2929	5235	1551	8.622	3.398	3.096
1	203	4929	2277	4459	1474	5.062	3.826	2.852
1	204	4905	2293	4317	1393	6.299	5.204	2.122
1	207	3598	1727	3140	962	5.973	3.232	3.136
1	208	4431	2038	3772	1320	5.912	3.567	3.841
1	209	1498	808	1297	522	5.483	2.141	1.747
1	211	3209	1439	2811	769	6.28	3.732	1.9
1	213	3245	1578	2831	860	6.727	3.425	2.947
1	214	2785	1412	2519	698	13.03	2.879	2.59
1	215	1546	685	1305	283	6.283	3.477	1.355
1	216	6578	2969	5721	1555	5.561	3.981	3.454
1	218	1152	566	1028	271	5.336	3.488	1.532
1	221	5619	2537	4891	1701	6.278	3.976	3.026
1	224	3788	1806	3377	1161	10.71	2.837	3.637
1	228	3162	1428	2827	842	4.783	2.825	2.163
1	233	7556	3506	6622	2215	11.73	3.595	2.838
1	234	8763	4037	7584	2592	48.29	3.62	3.865
1	235	6055	2641	5297	1543	6.964	3.166	3.98
1	238	11626	5124	9961	3544	7.923	3.437	3.018
1	239	2806	1422	2353	1000	3.627	2.582	1.763
1	240	11893	5344	10273	3844	12.8	4.619	3.5
1	242	2844	1366	2480	578	13.36	3.588	1.847
1	243	3162	1636	2815	912	243.2	3.78	2.214
1	244	6897	3432	6077	2001	11.42	3.318	2.508
1	252	2549	1296	2334	678	18.33	3.402	1.809
1	253	924	591	830	195	9.9	2.933	1.898
1	254	4636	2253	4018	1131	5.755	4.672	2.053
1	255	2803	1271	2540	857	6.102	2.714	2.583
1	257	2923	1483	2617	1056	4.09	3.685	3.176
1	264	3256	1616	2815	872	3.261	2.836	2.248
1	275	1158	776	1006	431	5.566	3.622	1.23
2	1	1560	677	1424	500	13.77	2.966	1.625
2	2	10057	4278	9065	2996	4.549	3.105	3.381
2	3	3671	1721	3280	947	5.339	3.179	2.364
2	4	3005	1552	2656	733	5.434	2.937	2.253
2	6	3114	1496	2729	961	27.12	2.602	3.142
2	13	6977	3796	6214	1971	5.893	4.075	4.65
2	28	1404	678	1234	322	4.916	3.049	1.992
2	40	8061	3933	7181	2287	6.713	4.364	3.362
2	41	3661	1765	3284	990	28.45	3.384	2.611
2	44	3860	1710	3354	771	93.41	5.796	2.572
2	45	6937	3368	5997	1738	10.58	4.174	2.482
2	46	3059	1609	2649	887	4.772	3.346	2.768
2	47	8609	4094	7547	2226	5.567	3.224	2.605
2	48	5305	2464	4607	1204	4.978	3.861	3.209
2	49	8379	3517	7319	1381	6.02	3.685	2.11
2	50	4735	2239	4208	1317	6.978	3.571	2.412
2	51	5356	2752	4786	1426	5.878	4.096	3.545
2	53	3538	1812	3137	1099	6.112	3.145	2.342
2	55	12520	6372	11051	2764	6.059	3.832	3.162
2	60	4895	2429	4307	1681	4.696	3.745	2.312
2	62	2771	1338	2508	865	8.107	2.84	3.682
2	63	5093	2406	4478	1242	4.793	3.716	3.922
2	66	11991	5573	10542	3397	6.131	4.45	3.808
2	67	10743	5325	9577	3664	6.044	3.18	2.975
2	68	1780	909	1655	591	6.795	3.582	3.635
2	69	6381	3039	5641	1987	6.21	3.667	3.552
2	79	7636	3859	6471	1481	15.99	3.819	2.347
2	80	12327	6125	10936	3732	5.559	6.203	2.143
2	84	16606	8313	14552	5318	6.579	3.401	3.272
2	85	15986	7488	13936	5200	9.335	4.38	3.117
2	86	6484	3244	5711	1820	7.819	3.995	3.091
2	87	2338	1230	2034	642	6.158	2.854	2.756
2	88	19969	9952	16811	5381	7.08	4.512	3.292
2	89	4815	2298	4311	1018	10.6	3.99	2.794
2	90	4057	2008	3602	1201	7.976	3.566	2.438
2	97	7367	2993	6439	2242	4.775	5.054	2.786
2	99	4183	2040	3759	998	7.414	4.58	3.483
2	100	5832	2606	5063	946	4.414	3.071	2.151
2	115	9753	4151	8552	2598	5.721	4.699	3.82
2	117	5155	2315	4548	1185	3.799	4.049	2.835
2	122	3934	1858	3364	958	11.22	3.636	1.852
2	124	7171	2981	6376	1661	6.811	4.458	2.959
2	125	5911	2496	5236	1580	5.762	4.3	1.952
2	128	10364	4829	9003	2313	6.606	5.198	3.565
2	130	1152	672	988	328	6.784	2.561	3.673
2	131	293	133	270	85	8.589	2.432	1.075
2	132	1125	539	996	270	4.24	2.043	2.358
2	138	8776	4227	7593	2247	8.583	3.698	3.722
2	146	8323	3041	7454	2696	9.087	3.208	3.004
2	147	13601	5921	12131	4114	5.186	5.413	3.297
2	151	5661	2626	4912	1386	6.304	2.993	3.833
2	153	8328	3944	7084	1807	6.935	3.904	4.264
2	154	4004	1700	3472	1152	7.89	3.009	2.573
2	159	11769	5511	10318	3794	5.411	3.395	2.618
2	163	386	183	351	62	6.432	2.249	1.203
2	164	1698	835	1476	406	4.066	2.854	2.413
2	166	13886	6593	11661	3675	10.35	4.413	5.228
2	168	6034	2735	5161	1587	57.85	2.777	3.421
2	171	8608	4167	7566	2469	8.434	3.262	2.798
2	175	250	165	218	94	2.598	2.377	1.536
2	176	8249	3878	7131	2589	6.428	3.811	1.983
2	177	6435	3260	5757	2152	13.05	3.616	3.797
2	180	5344	2595	4669	1461	5.229	3.562	2.937
2	181	8366	3981	7140	2105	5.787	3.993	2.653
2	183	3455	1721	3080	771	6.073	4.641	1.786
2	184	11187	4994	9686	3170	7.612	2.955	2.662
2	185	2742	1496	2447	824	4.907	2.997	2.437
2	186	8244	4321	7050	2360	4.538	3.424	4.661
2	191	2168	1009	1885	554	5.577	2.226	3.818
2	195	15737	6741	13282	3948	5.278	4.682	2.142
2	197	7309	3407	6266	1899	5.905	2.808	2.945
2	199	9024	4138	7599	2179	18.96	6.983	3.802
2	202	1177	631	1028	224	3.756	3.516	2.69
2	205	4180	2016	3621	936	10.76	3.646	2.733
2	208	12780	5299	11186	2585	9.42	4.085	3.182
2	209	1896	1040	1710	556	8.187	3.658	1.753
2	210	4294	1939	3898	1200	5.286	2.597	1.409
2	213	14232	6677	12763	3410	7.047	4.481	3.15
2	215	4538	2090	4147	1340	4.39	3.847	2.759
2	217	3999	1565	3457	821	16.45	3.311	2.734
2	218	3078	1276	2665	735	13.82	3.94	2.041
2	221	4829	2472	4223	1446	5.99	4.079	2.602
2	227	3263	1387	2924	1009	4.249	3.677	2.614
2	228	4541	2122	3905	1194	3.552	3.569	2.346
2	230	4179	1962	3605	1067	105.7	4.268	2.346
2	232	3046	1616	2732	1014	6.834	3.047	2.668
2	233	1492	773	1312	449	4.764	2.77	2.075
2	234	5614	2689	4848	1360	4.782	4.318	2.121
2	235	2524	1452	2190	723	11.7	3.115	3.034
2	237	5670	2797	4951	1423	5.059	2.86	2.125
2	240	5139	2646	4386	1496	7.298	3.858	1.983
2	247	2334	1110	1988	590	5.3	3.245	1.874
2	250	10319	5095	9198	3462	6.378	3.868	2.849
2	251	3561	1953	3136	995	6.8	4.094	3.121
2	256	6447	2615	5440	1541	15.81	3.932	2.329
3	8	1593	969	1388	431	5.981	2.342	2.97
3	9	1674	906	1482	526	5.359	2.856	2.941
3	20	6664	3306	5701	1822	5.507	4.341	2.897
3	23	4418	2024	3926	1230	4.511	3.036	2.095
3	24	7165	3407	6144	1939	17.47	3.233	2.833
3	25	807	498	725	251	3.788	2.49	2.296
3	28	428	221	391	95	6.537	3.335	1.883
3	30	7048	3355	5958	1900	17.05	3.264	2.248
3	32	8407	4121	7176	2540	5.115	2.921	2.879
3	34	2899	1422	2390	729	4.489	4.813	3.311
3	35	6889	3479	6142	2352	6.712	3.233	2.235
3	39	9136	4431	8079	3318	3.568	3.229	3.285
3	40	4564	2119	3961	1422	5.163	4.635	3.816
3	41	8489	4368	7652	2365	5.274	3.486	5.092
3	42	7285	3164	6385	1728	6.32	3.25	2.58
3	55	3760	1712	3267	801	10.53	3.658	2.283
3	59	7372	3159	6464	2180	4.658	4.326	2.773
3	60	12286	5643	10451	2630	6.767	4.537	3.251
3	64	305	166	257	109	4.373	4.035	2.551
3	65	2986	1391	2636	840	6.579	3.833	4.092
3	71	8554	3710	7644	1849	6.623	3.97	2.324
3	77	12745	6378	11304	3478	7.442	3.896	3.333
3	81	4306	2178	3751	1257	5.764	4.196	2.556
3	83	9522	4890	8409	3188	4.645	4.393	3.287
3	84	4631	2296	4048	1261	6.321	4.143	2.571
3	85	4537	2063	4112	1478	5.572	3.26	2.852
3	88	5895	3030	5121	1986	6.11	4.525	2.741
3	89	6647	3110	5810	1685	11.55	3.697	3.232
3	90	3299	1837	2967	1084	6.079	3.287	1.982
3	105	5266	2332	4479	1484	4.941	3.449	5.322
3	106	16756	8149	14562	4681	5.326	3.824	3.06
3	108	6361	3061	5535	1328	5.679	2.912	3.163
3	109	13062	5706	11493	3318	9.502	3.445	2.581
3	112	6304	3029	5583	1860	4.507	4.068	2.123
3	114	4594	2342	3940	1095	7.813	3.436	3.076
3	119	9948	4798	8800	3363	5.677	4.301	3.035
3	120	6228	2885	5430	1560	14.65	4.698	3.589
3	121	7616	3572	6475	1844	4.243	3.671	3.234
3	123	2526	1202	2278	661	6.547	3.145	3.581
3	124	1379	563	1216	289	6.491	3.408	1.879
3	125	6639	3127	5805	1990	5.552	3.401	2.323
3	127	7948	3392	7018	2401	5.29	4.292	2.519
3	128	3236	1684	2880	688	5.635	3.796	1.834
3	129	3679	1872	3269	1098	10.93	2.928	2.347
3	132	10459	4330	9097	2583	5.053	4.494	2.814
3	134	2746	1409	2508	1071	8.451	3.191	2.542
3	135	6227	2732	5633	1828	9.564	3.591	1.994
3	136	3258	1720	2878	924	12.34	3.559	3.399
3	140	8125	3826	6862	1903	32.92	4.783	2.702
3	144	2008	872	1762	537	5.135	2.832	2.393
3	145	7913	3522	6795	2307	3.965	3.165	3.412
3	146	2653	1421	2402	684	5.337	3.825	1.835
3	155	6295	3136	5504	1789	24.93	3.78	1.75
3	158	7770	3605	6804	2340	9.78	4.03	3.041
3	159	6411	2895	5532	1604	11.65	3.631	3.062
3	161	9114	4215	8000	2486	7.313	2.983	3.221
3	162	11171	4728	9860	3088	23.08	3.507	2.84
3	165	7248	3097	6290	2211	7.891	2.735	3.764
3	170	4385	2191	3859	1474	4.632	3.759	3.767
3	171	5372	2220	4731	1511	4.21	3.594	2.187
3	174	1601	899	1405	392	6.98	3.255	3.144
3	175	1976	1113	1768	575	6.343	3.198	1.887
3	179	4362	2008	3904	1295	6.761	2.654	3.14
3	183	3350	1480	2959	994	4.133	3.526	2.47
3	184	4314	1960	3850	1141	4.809	3.931	4.168
3	186	8617	4150	7475	2270	5.263	3.534	2.786
3	191	4937	2202	4271	1290	7.406	3.426	2.5
3	193	7695	3496	6811	2154	30.42	3.761	3.832
3	195	13019	6818	11514	3888	5.676	5.065	3.785
3	212	2386	1210	2172	753	4.987	3.356	2.397
3	214	8721	3940	7503	2164	12.32	3.258	2.445
3	216	4411	2042	3820	880	5.342	2.703	2.369
4	1	21056	9736	18282	4743	10.91	4.354	2.996
4	4	4994	2520	4430	1513	6.416	3.586	3.194
4	10	1290	563	1192	205	3.454	3.066	1.154
4	21	11421	5219	9995	3477	4.938	3.852	2.918
4	32	8260	3816	7270	2317	7.368	4.024	3.732
4	33	7954	3820	6741	2313	5.785	3.879	2.34
4	37	3482	1871	3058	1241	4.991	3.281	2.245
4	39	4016	1952	3619	1303	5.412	4.177	4.217
4	42	1023	533	901	286	22.49	3.959	2.317
4	54	15133	7305	13657	5052	7.647	4.799	5.161
4	55	6195	2676	5466	1981	14.25	3.835	2.639
4	63	14990	6857	12737	3469	5.129	6.146	3.789
4	64	10842	4971	9047	2985	6.592	3.978	2.949
4	66	5581	2487	4859	1408	12.42	3.515	2.908
4	67	1272	739	1127	322	4.372	2.221	2.052
4	71	2644	1330	2389	917	7.493	4.092	2.787
4	79	5439	2472	4812	1486	5.844	3.564	1.897
4	80	8055	3472	6835	2007	11.35	3.37	2.755
4	87	10510	4616	9244	2833	7.852	4.189	2.194
4	94	3951	1899	3576	1154	4.032	3.829	2.584
4	95	2594	1195	2345	736	10.29	3.566	1.968
4	101	8731	3721	7637	2127	27.54	3.362	2.257
4	102	4641	2174	4186	1344	6.22	3.179	2.865
4	103	3516	1615	3159	1057	29.89	3.174	2.243
4	109	3359	1493	3027	859	9.284	3.359	3.632
4	113	8334	4040	7130	1885	13.22	4.59	2.592
4	114	7611	3621	6548	2105	20.52	2.938	2.278
4	115	3459	1565	3029	1013	130.8	3.564	3.279
4	116	6571	2736	5711	1297	15.35	4.677	2.843
4	117	7576	3505	6458	1846	6.842	4.818	2.469
4	121	6094	2497	5333	1718	32.63	4.56	2.155
4	122	2303	1079	2063	803	3.953	4.813	2.496
4	123	1751	743	1555	433	4.005	5.261	1.804
4	124	8883	4008	7835	2637	4.359	3.993	2.566
4	129	8507	3568	7638	2206	6.794	3.439	2.143
4	130	7726	3208	6820	2288	7.149	4.922	3.088
4	134	11751	5424	10410	3543	4.747	3.084	4.371
4	136	10943	4883	9263	2991	3.644	4.887	2.648
4	146	4907	2274	4300	1337	4.36	4.484	2.571
4	147	2842	1447	2550	815	5.78	3.183	2.92
4	149	6324	2897	5576	1810	5.753	3.753	2.197
4	150	7782	2998	6780	1929	6.626	3.094	3.4
4	151	3496	1460	2986	604	8.666	3.384	1.708
4	152	3050	1369	2695	774	10.77	4.237	6.511
4	153	7431	3273	6404	2071	5.094	4.052	2.649
4	154	3147	1277	2738	870	3.603	4.131	1.631
4	156	10655	4680	9179	2835	7.614	3.864	3.287
4	159	2811	1316	2550	839	5.398	3.071	2.115
4	164	5111	2585	4566	1787	4.954	3.814	1.826
4	165	5269	2469	4552	1430	9.094	2.824	3.102
4	168	9629	4523	8487	3105	5.948	3.938	2.932
4	180	8250	3256	7461	2124	4.783	4.229	2.986
4	182	1296	755	1159	461	4.075	4.14	1.782
4	184	3310	1628	2994	1054	4.874	3.719	2.065
4	205	1915	879	1744	428	4.393	3.081	1.49
4	209	3632	1770	3296	1238	4.434	3.286	2.059
5	1	7225	3216	6287	1251	5.106	3.194	2.448
5	2	2026	1003	1789	356	8.785	3.139	1.742
5	9	3811	1932	3454	1024	5.711	3.307	3.056
5	27	12146	5391	10688	3475	4.476	4.09	3.238
5	56	9571	4089	8453	2781	5.385	4.383	3.438
5	57	6558	3050	5627	1717	4.987	5.1	2.604
5	58	2596	1379	2341	926	3.966	3.364	2.054
5	60	3746	1683	3263	1155	4.521	3.372	3.541
5	64	8234	4036	7036	2390	15.31	3.853	2.759
5	66	6254	2628	5516	1396	6.101	4.345	2.465
5	68	1899	997	1697	540	44.62	3.602	2.796
5	69	2759	1396	2439	849	38.7	3.719	1.937
5	70	2677	1369	2248	636	4.282	2.199	2.941
5	71	9094	4343	7955	2803	5.97	3.642	2.627
5	72	10427	4643	9053	2666	7.457	4.512	2.89
5	75	7228	3111	6318	1908	4.542	3.562	2.809
5	78	2196	1166	1914	506	9.094	3.498	2.701
5	80	5740	2571	5151	1705	4.562	2.88	1.455
5	81	5166	2477	4512	1378	5.122	3.347	2.26
5	82	3513	1629	3140	960	5.926	2.734	1.948
5	85	7545	3467	6633	2418	25.44	3.177	1.841
5	88	2785	1488	2490	828	6.124	2.664	1.763
5	92	4762	2158	4140	1448	6.628	4.025	1.802
5	93	2321	1166	2067	728	3.889	3.81	2.109
5	96	7167	3423	6306	1824	9.185	3.993	2.71
5	97	4533	2070	3985	1537	12.35	3.533	2.559
5	102	9698	4591	8156	2276	8.628	4.022	2.521
5	104	6073	2791	5209	1741	7.809	3.439	3.628
5	105	2934	1366	2532	744	5.985	3.987	2.676
5	108	3155	1370	2759	786	5.086	2.776	1.615
5	109	3799	1787	3382	1093	7.829	3.272	2.676
5	114	20865	9541	18542	5334	8.844	3.204	3.125
5	116	8615	3972	7670	2545	5.864	4.006	1.821
5	117	5711	2852	4956	1511	5.097	3.633	2.713
5	119	7279	3567	6438	2116	7.953	4.479	2.965
5	120	8048	3931	6969	2476	6.281	4.167	3.727
5	127	12680	5610	11081	3422	16.41	4.205	3.332
5	130	8946	4239	7825	2683	7.158	4.369	2.759
5	132	3655	1801	3260	883	6.097	4.563	1.595
5	133	4010	2223	3577	1270	5.688	2.973	1.915
5	134	4731	2286	4176	1639	4.665	2.791	3.196
5	136	8607	4002	7436	2469	12.24	3.757	2.903
5	142	6111	2852	5343	1449	11.93	2.592	2.516
5	144	6657	3308	5751	1786	7.456	3.6	2.314
5	145	10863	5023	9120	2437	5.126	3.934	3.319
5	146	9015	4200	7698	2015	5.533	4.316	3.075
5	147	3469	1785	3140	1137	6.769	3.687	2.641
5	151	1846	891	1576	487	5.848	3.082	2.689
5	152	11079	4922	9651	3202	5.678	3.246	2.858
5	154	5524	2461	4847	1424	5.499	5.383	2.848
5	156	5306	2214	4721	1582	8.543	3.514	2.588
5	158	4556	2032	4049	1326	12.15	3.501	2.664
5	160	4559	1986	4079	1287	4.554	4.22	3.269
5	163	4514	2201	3959	1221	11.38	3.409	2.442
5	167	5669	2520	5073	1350	5.932	3.409	2.375
5	168	6673	3146	5812	1718	17.32	3.962	2.577
5	181	1893	989	1702	511	7.844	3.286	2.873
5	189	3446	1589	2956	841	10.35	3.048	2.57
5	191	8942	4409	8049	2455	7.69	3.617	3.218
5	193	1964	983	1771	520	3.708	3.073	2.178
5	194	2445	1243	2227	578	4.514	5.042	2.667
5	202	4538	1904	3870	627	5.172	3.082	2.128
5	207	5763	2649	4981	1447	6.265	3.355	2.427
5	208	3637	1921	3054	1210	7.268	3.067	2.66
5	209	1047	494	953	263	10.31	2.284	2.144
5	210	743	310	672	202	15.11	2.802	0.8964
6	18	729	519	636	212	3.253	2.301	2.331
6	19	5279	2661	4710	1597	6.636	3.95	2.652
6	21	3933	1829	3547	1292	7.758	3.101	3.01
6	23	3973	2241	3496	1129	8.038	3.691	2.124
6	29	5722	2542	5137	1551	4.616	3.361	2.84
6	34	6213	3063	5475	1700	4.451	3.885	2.229
6	36	1670	1019	1496	549	6.404	2.853	2.833
6	37	3059	1401	2717	864	8.124	2.605	1.606
6	38	2103	990	1802	570	5.344	2.701	2.73
6	39	9705	4668	8647	2714	4.981	3.922	3.048
6	43	6198	3006	5476	1681	8.078	4.828	3.293
6	49	1248	640	1136	391	3.456	2.231	2.102
6	50	9658	4720	8705	2859	6.479	4.322	3.363
6	51	12567	5797	11010	3578	40.16	3.678	2.519
6	52	4016	1845	3621	1104	5.602	3.904	2.346
6	53	3774	1679	3342	946	6.552	3.121	2.633
6	55	3464	1605	3069	1093	8.931	3.323	2.474
6	57	3676	1842	3224	1155	6.11	3.43	2.789
6	58	6166	3177	5402	1587	5.181	4.339	2.429
6	60	3403	1711	3053	911	20.94	4.648	2.937
6	63	6129	2725	5262	1528	23.51	2.98	2.721
6	64	648	298	592	144	74.32	4.353	0.978
6	68	1476	678	1301	397	3.15	4.75	1.94
6	69	5848	2777	5086	1289	4.835	3.994	4.294
6	71	23823	10085	20928	5371	6.068	4.163	3.023
6	73	925	459	821	276	6.495	2.117	1.211
6	76	11771	5101	10396	3619	6.551	4.311	2.238
6	84	6191	2529	5138	1739	5.4	4.057	1.862
6	85	14608	6251	12657	4009	5.479	4.647	2.909
6	86	13952	5993	12186	4388	4.52	3.081	3.703
6	88	19092	8583	16205	5023	5.059	4.339	3.306
6	90	1301	692	1146	378	4.424	2.917	1.61
6	94	9243	4318	7949	2728	6.852	3.216	2.387
6	97	5781	2797	5071	1697	8.051	5.337	3.644
6	98	7546	3487	6491	1976	12.41	3.43	2.163
6	101	6488	3123	5473	1983	8.427	4.46	3.384
6	105	5764	2926	5125	1864	8.851	4.221	3.828
6	106	4905	2288	4279	1679	7.27	3.825	4.209
6	108	1927	908	1681	522	5.049	2.572	1.82
6	109	5527	2459	4888	1676	24.67	3.016	2.482
6	115	14358	6423	12317	3730	16.27	3.731	2.306
6	116	8358	4015	7206	2346	5.963	3.561	2.468
6	117	12083	5487	10440	4056	9.89	3.994	2.614
6	118	5207	2402	4360	1554	5.658	4.362	2.293
6	124	9584	4335	8247	1783	30.63	3.874	2.199
6	127	4602	2207	4155	1129	7.581	3.576	2.32
6	128	6659	3027	5900	1886	15.31	3.186	3.159
6	134	4636	2088	4107	1204	4.788	3.255	2.437
6	137	2677	1261	2340	759	12.39	4.197	1.887
6	140	3957	1925	3553	1306	8.5	4.101	1.898
6	146	3180	1497	2766	907	9.023	3.776	2.708
6	160	6410	3092	5703	1947	16.85	3.698	2.318
6	161	5559	2467	5040	1433	5.386	2.751	2.994
6	164	2933	1471	2671	823	5.982	2.981	3.287
6	167	6174	2775	5441	991	7.13	2.994	1.778
6	168	7922	3828	6897	2010	5.324	3.825	2.688
6	169	13142	6165	11664	3308	75.94	3.336	2.535
6	173	6217	3068	5416	2215	4.896	3.845	2.484
6	175	3222	1886	2851	917	12.14	4.114	1.995
6	179	3377	1770	3016	1186	4.355	3.178	3.63
6	182	5302	2301	4803	1754	6.364	4.532	2.611
6	183	3577	1540	3289	619	5.894	3.327	2.079
7	1	1570	944	1312	371	3.189	2.772	1.109
7	3	5273	2245	4567	968	22.18	3.219	2.113
7	12	9967	4770	8716	2208	27.23	3.979	2.379
7	13	3920	1869	3515	907	5.572	3.018	2.191
7	21	1166	664	1046	302	5.351	2.608	1.302
7	25	7737	3982	7013	2877	5.842	2.874	3.293
7	26	7442	3822	6724	2411	7.298	3.739	2.32
7	31	5690	2785	5014	1989	7.756	3.8	2.656
7	32	6260	3241	5580	1874	7.952	3.371	2.161
7	33	8364	4057	7298	2424	47.64	4.076	3.13
7	37	6646	3537	5835	2430	4.532	4.448	3.1
7	39	3972	2054	3574	1388	4.426	3.766	2.132
7	40	9790	4761	8542	3194	5.521	2.819	3.141
7	42	6263	3185	5450	1984	11.21	3.048	2.075
7	43	8981	4179	7910	2344	5.898	3.187	2.451
7	44	1269	584	1141	352	5.97	4.018	2.091
7	45	2475	1344	2251	740	6.983	3.106	2.109
7	46	1053	582	931	324	3.683	2.84	1.941
7	48	1283	651	1167	377	7.687	2.002	2.748
7	49	4336	2078	3925	1423	5.916	4.014	2.493
7	51	4251	2152	3845	1294	6.061	3.299	2.194
7	53	2870	1314	2637	760	4.406	4.792	3.387
7	58	6232	3206	5485	1662	11.02	3.878	4.702
7	62	3125	1560	2799	1074	9.604	6.163	2.028
7	64	493	260	460	165	6.246	3.127	0.7677
7	67	16507	7818	14239	4229	9.223	6.203	3.438
7	69	3920	2140	3381	1094	5.725	3.739	2.645
7	72	10441	5005	8958	2732	4.307	3.751	3.62
7	73	2371	1099	2032	655	15.93	3.229	4.01
7	74	2842	1409	2499	926	6.032	3.636	4.372
7	82	6655	3240	5543	1789	5.632	4.127	2.326
7	85	8558	3583	7216	1661	69.66	3.717	4.518
7	86	2480	1233	2025	511	4.195	2.73	1.665
7	87	871	386	688	56	13.32	2.193	1.844
7	88	9967	4074	8797	2400	9.857	3.81	2.674
7	89	5023	2630	4382	1795	4.999	3.121	3.252
7	90	1298	818	1198	549	4.495	3.578	2.473
7	92	6620	3030	5769	2028	5.376	3.295	2.572
7	93	2741	1308	2476	921	5.036	5.653	1.709
7	94	3714	1818	3234	1134	3.937	4.392	2.735
7	95	3832	1991	3316	1292	3.783	2.784	3.413
7	99	9880	4186	8648	2505	4.468	3.33	2.732
7	101	8560	4149	7529	2461	5.085	3.232	3.199
7	107	11921	5761	10323	3369	15.98	3.535	2.464
7	111	9726	4103	8182	1956	5.889	4.699	2.362
7	113	7874	3333	6970	2110	6.628	3.466	2.83
7	114	10991	4938	9545	3560	5.653	4.138	2.32
7	119	4380	2203	3680	1139	11.71	2.847	1.398
7	121	12023	5422	10701	2691	6.515	3.709	2.636
7	127	2086	1008	1726	405	5.162	2.958	2.637
7	128	2184	1041	1914	364	4.424	3.172	2.545
7	131	13370	6152	11402	3557	5.902	3.917	2.779
7	132	14216	6103	12408	3880	4.85	4.375	2.349
7	133	12737	6062	11093	2977	74.6	5.191	3.39
7	134	3581	1880	3194	923	5.518	2.945	3.486
7	139	1904	980	1607	502	9.53	3.218	2.364
7	141	9400	4535	8220	2437	6.788	3.262	2.662
7	143	1978	1057	1772	523	7.653	2.295	2.491
7	145	4558	2058	4059	1191	6.903	3.35	3.895
7	146	2358	1202	2017	354	3.491	2.867	2.235
7	147	2998	1412	2669	738	3.962	3.745	2.122
7	160	4423	1973	3872	927	5.241	3.512	2.167
7	161	1546	746	1300	466	6.132	3.354	3.386
7	162	12350	5389	10933	2918	17.5	2.963	3.488
7	164	1522	548	1332	345	6.062	2.287	2.841
7	184	5590	2682	4848	1690	4.831	4.484	2.992
7	187	9910	3955	8705	2915	4.605	3.974	4.616
8	13	1976	1007	1819	661	8.626	2.922	2.675
8	17	6195	2977	5543	1546	6.742	3.313	3.817
8	20	5022	2522	4572	1720	5.466	3.187	2.85
8	21	5273	2776	4672	2106	6.185	3.563	2.526
8	22	9136	4739	8102	3319	6.772	3.911	3.666
8	23	5106	2500	4644	1751	3.507	5.141	3.02
8	24	12174	5390	10983	3776	4.381	4.47	2.685
8	27	3951	2103	3524	1263	4.769	3.372	2.608
8	29	10718	5390	9775	3620	7.216	3.547	2.412
8	30	2313	1165	2122	808	3.614	3.427	2.246
8	31	1341	672	1229	321	7.334	3.534	2.83
8	32	7418	3733	6677	1857	762.6	4.88	5.565
8	33	6149	3138	5478	1803	23.52	3.673	3.081
8	34	3050	1633	2706	654	5.062	3.666	3.253
8	35	2484	1393	2105	802	7.925	3.772	2.505
8	36	2076	1030	1834	504	7.086	3.466	2.784
8	37	2894	1430	2489	638	5.139	3.495	2.453
8	39	4621	2368	4011	1437	4.259	4.585	2.273
8	40	6574	3008	5770	1645	5.524	5.668	2.585
8	42	7565	3931	6663	2200	8.228	4.612	2.373
8	46	2423	1175	2192	588	4.537	3.275	3.066
8	48	6323	2796	5561	1675	8.418	4.641	1.885
8	51	10231	4306	8805	1964	8.99	4.212	1.731
8	53	5442	2454	4528	1046	6.03	3.954	3.039
8	55	4746	2255	3912	848	8.341	3.497	1.985
8	69	10603	4924	9126	2870	6.539	3.595	2.163
8	70	11535	5066	10160	3265	5.291	4.535	2.444
8	71	6931	3268	5871	1806	14.05	4.444	2.757
8	77	6047	2964	5211	1489	14.33	3.576	3.074
8	78	1262	661	1112	373	6.586	3.25	2.996
8	80	2718	1396	2344	705	8.176	3.353	2.156
8	81	6596	3108	5774	1947	7.3	3.578	3.283
8	84	14907	6852	12707	3834	6.225	3.482	3.205
8	88	7183	3369	6173	1999	5.103	3.622	2.54
8	93	9688	4143	8337	2502	7.106	3.866	2.493
8	94	5723	2882	4886	1254	4.332	3.346	3.408
8	107	2154	1071	1855	640	16.51	3.455	2.016
8	108	11309	5242	9624	3089	7.806	4.134	4.28
8	109	10216	4795	8932	2794	7.134	4.737	3.462
8	110	10740	4638	9349	2447	5.541	5.484	3.499
8	112	6769	3004	6003	2143	3.909	3.87	2.835
8	113	4565	2229	3798	1114	51.61	3.61	2.422
8	115	3725	1833	3247	1184	4.166	3.694	2.768
8	118	3024	1366	2675	868	19.07	4.095	2.147
8	119	4734	2173	4168	1388	5.726	3.499	3.517
8	124	3842	1865	3344	1028	7.725	4.459	2.239
8	125	1611	828	1444	418	72.14	2.921	3.705
8	127	4336	1992	3852	956	6.75	3.738	3.477
8	130	3369	1672	3010	981	4.706	3.245	3.644
8	159	5088	2198	4377	931	43.16	6.293	2.222
8	160	5452	2066	4712	944	5.33	4.208	1.497
9	1	9435	4451	8650	2719	10.41	5.754	2.585
9	4	5059	2700	4588	1570	5.253	3.479	2.773
9	9	3956	1939	3479	1156	5.423	3.658	2.977
9	12	5116	2308	4587	1529	5.303	2.782	1.845
9	27	13468	6999	12108	3690	8.591	4.032	2.748
9	31	7943	3740	7009	2317	94.02	3.35	2.979
9	33	5408	2547	4932	1952	4.987	3.212	2.681
9	36	5065	2538	4546	1560	14.72	3.517	2.278
9	40	9801	4726	8664	2853	7.232	3.539	3.441
9	48	1308	630	1182	423	7.726	2.565	1.602
9	49	15201	7005	13325	4881	6.01	4.131	3.833
9	50	7835	3702	6960	2477	4.546	4.932	3.242
9	51	3101	1481	2755	868	6.543	3.484	2.436
9	53	10447	4772	8818	3047	8.556	3.517	2.87
9	56	7209	3387	6308	2031	5.282	3.322	2.957
9	63	8745	3966	7636	2492	6.41	3.433	3.399
9	78	2591	1209	2236	583	5.363	2.188	1.586
9	84	4946	2430	4292	1532	9.914	3.567	1.987
9	85	5360	2700	4732	1833	5.446	4.846	3.097
9	88	4900	2200	4348	1033	9.75	3.148	4.091
9	91	4549	1831	4163	1210	5.978	3.258	2.714
9	92	1398	511	1266	231	3.052	2.618	2.296
9	93	6365	3084	5655	1509	7.419	3.63	4.154
9	97	2447	1400	2112	969	10.91	3.091	3.393
9	98	8038	4022	6895	2688	11.36	3.196	2.59
9	100	7770	3623	6523	2593	4.834	2.954	2.531
9	102	8565	3684	7362	2281	8.218	4.934	3.198
9	103	1823	972	1673	593	4.397	3.316	1.26
9	104	2138	1166	1870	727	5.738	2.64	1.941
9	105	1543	832	1357	484	4.126	3.75	3.298
9	106	7379	3610	6279	1742	11.21	3.56	2.737
9	107	1892	939	1677	542	4.911	3.057	3.344
9	109	8855	4374	7734	2932	4.922	3.287	3.941
9	110	9798	4425	8591	2881	114.2	4.917	3.848
9	111	349	194	327	73	202.7	2.77	6.87
9	112	8452	4250	7458	2206	29.13	4.329	3.43
9	113	4880	2331	4351	1289	8.279	2.737	3.466
9	114	2849	1532	2520	797	5.31	3.089	2.251
9	115	8706	4421	7754	2955	5.606	5.229	2.318
9	116	4335	2340	3742	1447	6.916	2.801	3.007
9	118	10873	5303	9493	3596	7.721	3.536	2.566
9	124	4024	2007	3522	1310	13.36	2.784	2.335
9	129	6007	2924	5248	1866	6.631	4.067	4.241
9	130	6032	3032	5163	1601	4.31	3.168	3.187
9	134	11241	4985	9832	2588	6.735	3.822	2.994
9	136	4852	2427	4185	1545	7.085	3.43	2.49
9	138	8121	3792	6706	2397	5.775	3.542	4.849
9	140	12137	5250	10172	3218	7.541	3.91	3.397
9	141	1489	739	1333	347	5.637	3.145	1.881
9	144	4004	2015	3537	733	7.12	3.183	1.873
9	148	3021	1469	2632	713	6.18	2.802	2.422
9	149	4109	1825	3603	879	22.55	3.242	2.442
9	152	1137	589	1000	175	8.749	2.995	1.84
9	153	312	206	285	105	5.645	2.368	1.538
9	154	1814	967	1633	400	4.831	3.683	2.981
9	156	3389	1897	2984	800	5.515	2.781	2.468
9	162	3302	1639	2502	338	10.96	3.751	1.063
10	1	7524	3271	6714	1949	6.853	4.364	1.601
10	9	411	248	363	168	3.877	3.715	2.472
10	11	2062	1059	1839	624	3.365	2.475	2.228
10	13	4961	2339	4488	1574	4.486	4.365	2.544
10	14	6329	3294	5599	2155	6.543	3.153	2.901
10	20	210	138	191	80	6.368	2.329	0.6024
10	22	5381	2727	4838	1688	3.783	3.721	3.769
10	23	1273	653	1182	425	5.793	2.919	2.209
10	33	4394	2094	3885	1424	5.798	2.916	2.766
10	40	3777	1635	3530	1209	4.144	3.719	1.943
10	43	4449	2325	4007	1391	10.61	3.623	3.451
10	46	7517	3651	6812	2531	5.059	4.817	3.301
10	48	10283	4039	9260	1919	7.624	4.175	1.918
10	49	6131	2603	5392	1713	5.333	3.198	2.94
10	52	7594	3648	6596	2085	4.894	4.406	3.055
10	54	13121	5918	11491	4195	4.794	3.889	4.153
10	60	9141	4217	8034	2317	17.47	4.336	2.137
10	61	2980	1598	2659	763	7.113	3.497	2.609
10	64	1252	693	1131	367	6.226	2.822	1.505
10	67	4960	1884	4317	1399	42.5	4.206	2.516
10	68	4469	2005	3997	1018	4.921	3.416	3.905
10	70	7171	3314	6263	1903	6.237	3.663	3.648
10	79	7464	3565	6577	2066	5.55	3.911	2.402
10	80	7316	3766	6078	1675	7.458	3.128	3.048
10	81	8454	3855	7167	2223	12	3.914	3.665
10	83	6824	3132	6177	2278	4.847	3.187	4.066
10	85	2113	1078	1928	599	10.57	2.851	1.857
10	87	3609	1892	3220	1059	5.16	3.437	2.341
10	92	12667	5114	10949	3394	8.367	4.561	3.589
10	93	2283	1039	1956	464	5.557	2.142	1.843
10	100	1936	1074	1753	527	16.56	3.615	1.781
10	101	6082	2711	5493	1425	4.722	3.114	1.977
10	109	7642	3316	6756	2000	7.991	3.292	3.598
10	113	4959	2676	4312	1498	5.625	3.065	2.898
10	117	9318	4409	8047	2504	23.3	4.289	2.448
10	124	1811	840	1551	449	10.61	2.956	1.66
10	126	8360	3675	7304	2353	12.98	3.751	2.754
10	127	2681	1162	2364	503	6.689	2.972	2.047
10	128	694	314	609	150	5.833	2.336	1.524
10	129	9877	4784	8223	2640	7.619	3.27	2.056
10	130	3292	1465	2853	809	5.23	3.066	3.166
10	137	8112	3698	7031	2395	58.97	4.163	3.012
10	138	1380	715	1235	356	31.56	2.749	1.616
10	140	1789	912	1533	310	6.368	3.041	2.077
10	141	3827	1939	3398	1184	5.379	2.54	2.99
10	142	2680	1200	2382	504	34.31	4.402	3.062
10	143	7937	3421	7105	2018	6.604	3.114	2.452
10	144	3143	1463	2814	901	5.071	3.503	1.934
10	145	2947	1409	2618	835	7.324	4.276	3.095
10	150	6816	3128	6080	2181	6.676	4.34	3.295
10	152	4408	2179	3907	1493	8.504	3.943	4.175
10	153	5056	2430	4507	1599	6.565	3.393	3.251
10	154	10107	5118	8926	2964	5.898	3.341	3.097
10	157	3792	1932	3338	1157	7.604	3.606	3.733
10	162	3294	1815	2947	1002	6	3.203	3.461
10	167	932	604	770	297	4.485	2.351	1.521
11	2	5053	2424	4284	784	13.36	3.504	1.894
11	4	3745	1623	3366	973	8.707	3.67	2.52
11	6	840	413	722	184	4.435	2.646	2.66
11	7	2869	1406	2487	616	13.49	3.507	2.301
11	11	6760	3016	6112	1802	4.631	4.432	3.479
11	18	12030	5813	10463	3292	15.76	3.434	4.822
11	19	2726	1267	2469	633	5.125	3.166	1.481
11	26	2201	990	1978	549	5.629	3.93	2.19
11	27	5404	2571	4776	1458	5.157	3.431	3.635
11	28	4200	2051	3484	922	15.51	3.77	2.164
11	29	2860	1378	2579	737	4.357	3.16	2.064
11	30	3985	1844	3435	979	5.986	2.711	2.69
11	33	4902	2365	4213	1431	5.125	2.972	1.882
11	51	5488	2630	4895	1567	5.519	2.696	3.173
11	52	3139	1538	2683	891	25.4	2.35	2.413
11	53	7135	3126	6035	1785	5.293	3.599	2.018
11	54	5205	2341	4402	1377	9.593	2.598	3.488
11	57	4994	2378	4369	1114	5.415	5.48	2.055
11	65	4666	2237	4117	1437	5.091	5.743	3.159
11	70	9241	4378	7887	2835	10.03	3.599	2.843
11	75	3987	1733	3588	552	5.78	3.049	2.624
11	76	4818	2126	4287	1286	115.7	3.328	2.918
11	77	5045	2080	4344	916	12.09	4.907	2.84
11	78	5346	2159	4495	1216	24.35	3.128	1.896
11	79	11644	4651	9734	2784	11.69	4.689	3.472
11	80	7603	3140	6644	1417	13.62	3.452	3.39
11	81	4512	2086	4025	1138	6.908	3.476	2.13
11	86	6850	2976	5903	1474	8.347	3.35	2.148
11	88	7306	3284	6339	2007	39.51	3.903	2.351
11	89	919	487	839	306	5.584	2.623	2.11
11	90	11578	4910	10117	2785	5.706	3.696	3.094
11	100	6029	3008	5308	1872	5.149	3.377	4.388
11	107	2150	1153	1876	754	7.761	3.659	2.901
11	108	1942	971	1725	507	7.92	3.137	3.003
11	109	1747	886	1558	529	5.684	2.733	2.847
11	115	6846	3059	5991	1619	5.42	3.256	2.801
11	117	12261	5103	10798	3179	6.937	3.617	2.109
11	121	5273	2578	4675	1606	12.29	3.095	1.942
11	123	3464	1498	3022	614	12.19	4.592	2.236
11	126	10826	5288	9645	2766	6.204	4.392	2.773
11	128	693	405	613	221	8.506	2.036	1.665
11	129	5212	2561	4615	1679	363.1	10.95	9.205
11	130	2603	1344	2346	888	14.32	3.093	2.571
11	131	532	349	470	209	7.108	2.951	2.32
11	132	1575	937	1417	602	5.975	2.363	2.167
11	133	5501	2265	4786	1615	18.73	3.381	2.963
11	134	7048	3392	6175	1967	7.301	3.342	2.355
11	138	3231	1575	2932	792	3.647	4.257	2.456
11	140	2922	1444	2573	806	6.242	2.922	1.888
11	141	847	516	733	259	4.221	5.379	1.825
11	142	6256	3187	5542	1881	42.06	4.29	3.118
11	147	10003	5013	8820	2750	22.5	4.234	2.849
11	148	3052	1762	2645	841	7.731	3.639	3.184
11	149	7957	4262	6884	2238	5.099	3.399	2.269
12	4	3593	1517	3243	944	4.829	3.173	3.191
12	8	1921	897	1731	509	4.838	2.333	2.426
12	9	882	302	810	205	3.538	2.607	1.227
12	12	1886	975	1666	507	4.084	3.059	2.325
12	17	2470	1119	2164	542	20.35	3.742	2.284
12	18	5075	2192	4462	1505	9.792	3.773	2.913
12	23	6950	2982	6263	2089	18.5	3.392	1.907
12	24	1767	764	1591	491	4.465	3.055	2.34
12	25	6603	2903	5760	1810	6.376	5.234	3.231
12	31	1475	755	1320	444	4.242	3.219	2.14
12	32	5364	3018	4753	1576	4.991	3.11	1.914
12	34	4105	2015	3458	1176	4.439	3.365	3.434
12	35	2124	964	1881	658	9.563	4.192	3.954
12	36	2089	1062	1845	517	5.467	3.431	1.321
12	38	7000	3517	6268	2295	6.381	3.185	3.198
12	40	2654	1522	2341	824	34.66	3.127	2.895
12	41	1709	928	1541	444	18.54	3.521	2.398
12	42	10831	4741	9715	3032	6.935	3.47	3.131
12	45	4287	2375	3745	1206	7.595	2.871	3.259
12	48	6030	2951	5380	2014	10.16	4.259	1.895
12	49	6599	3281	5899	1947	9.716	3.851	2.497
12	53	8618	3632	7638	3058	4.733	4.32	3.482
12	59	7966	3440	6918	2375	5.481	3.696	1.754
12	60	3616	1719	3238	1066	5.662	5.424	2.201
12	61	4308	1971	3818	1237	4.272	3.515	2.485
12	62	4808	2153	4165	896	8.514	2.91	2.598
12	63	5674	2247	5078	1756	11.81	3.468	2.305
12	66	6351	2834	5678	1725	3.985	2.837	3.218
12	67	3435	1408	3044	859	12.53	3.996	2.615
12	68	2249	1050	1958	395	5.817	3.761	2.596
12	69	6461	2632	5670	1760	4.71	3.241	2.676
12	70	3190	1294	2637	442	8.859	4.125	1.409
12	71	7763	3287	6697	1840	39.32	4.077	3.407
12	72	20564	9077	17933	6130	8.609	3.302	3.09
12	73	6233	2784	5642	1581	4.299	3.047	3.684
12	77	3382	1714	2956	870	11.85	4.764	3.075
12	80	7799	3777	6892	2221	5.569	3.128	2.288
12	81	1420	673	1301	329	8.337	3.307	1.627
12	82	6735	3219	5834	1760	7.299	3.178	2.18
12	94	8012	3700	7086	2602	6.463	3.965	3.385
12	96	4012	1819	3462	928	3.386	4.072	1.797
12	97	9801	4434	8456	2526	5.358	3.983	2.56
12	100	3516	1641	3146	997	5.82	3.367	3.142
12	103	798	491	728	333	2.912	2.961	2.259
12	108	5674	2704	4936	1615	4.988	3.132	2.026
12	110	7815	3789	6855	2038	4.396	3.718	4.27
12	112	710	429	630	212	6.42	2.902	2.303
12	119	11136	5292	9630	2752	11.59	4.441	4.596
12	120	2906	1487	2477	752	7.567	3.329	2.328
12	121	4147	2016	3645	1347	35.8	2.766	3.189
12	122	10208	4139	8986	1803	41.03	4.361	2.313
12	123	3198	1543	2776	777	9.473	3.442	2.805
12	125	5925	2996	5280	2159	6.986	3.953	3.078
12	129	4090	2090	3705	1264	7.135	3.439	2.772
12	132	5323	2535	4781	1510	9.732	3.682	2.088
12	138	10146	4467	9047	2557	15.15	3.789	2.864
12	139	14235	6082	12445	3328	78	3.71	2.969
12	140	2373	1247	2145	696	124.5	2.923	1.438
12	141	3440	1741	3074	1090	89.9	5.201	2.385
12	154	1292	656	1171	443	4.138	2.413	3.284
12	156	1483	774	1334	474	5.405	2.358	2.816
12	163	3510	1050	3179	665	5.279	2.953	2.887
13	1	7998	3175	7228	1821	3.389	3.686	2.425
13	8	4984	2491	4445	1569	5.46	4.512	2.374
13	16	5147	2501	4590	1405	5.161	5.231	3.21
13	18	1710	882	1545	625	9.821	4.289	1.491
13	20	4957	2400	4381	1430	4.824	2.825	2.913
13	21	6710	3342	6060	1650	7.85	4.682	2.519
13	23	2114	1008	1879	586	6.141	4.384	1.992
13	25	2996	1238	2716	639	2.72	2.635	1.728
13	38	1046	643	913	344	4.967	2.661	3.116
13	40	4599	1990	3912	1402	15.29	4.455	2.396
13	45	5465	2387	4824	1523	5.201	4.488	3.291
13	47	3184	1535	2892	1004	3.374	2.678	2.054
13	50	10223	4969	8820	3045	10.21	3.892	2.743
13	52	7803	3387	6764	1835	5.81	3.587	3.681
13	54	18148	8443	15601	5715	5.148	3.87	3.117
13	55	7194	3715	6246	2110	7.242	3.366	2.591
13	57	14445	6670	12719	4007	4.722	3.884	2.342
13	58	10716	4825	9266	2964	6.563	3.237	4.778
13	60	5719	2968	4951	1785	5.466	3.265	2.632
13	61	3519	1686	3187	1125	7.428	3.581	2.445
13	70	6503	2949	5811	1896	5.511	4.317	1.984
13	72	4665	2215	4129	1241	3.523	2.789	2.021
13	73	5914	2808	5222	1714	8.08	3.875	2.13
13	80	2048	982	1821	511	4.024	5.013	2.506
13	82	5506	2535	4810	1739	5.337	3.917	2.671
13	88	2234	1109	2032	610	7.02	4.451	2.201
13	94	5668	2879	4966	1566	4.11	3.362	4.105
13	96	2279	1137	2049	654	4.049	3.006	2.354
13	111	1689	908	1534	460	11.93	3.057	4.038
13	119	6444	3049	5726	1896	7.109	3.619	3.584
13	124	861	376	703	183	15.14	2.029	0.7775
13	125	5741	2479	5107	1412	5.264	4.006	2.044
14	1	4028	1791	3681	1065	8.473	3.405	2.19
14	6	1809	686	1628	361	6.844	3.291	1.844
14	14	8467	4239	7560	2436	8.727	4.63	3.459
14	19	6329	2942	5568	1532	5.269	4.107	2.367
14	24	2302	1240	2117	703	10.28	3.026	2.251
14	31	8064	3481	7125	2324	5.678	4.26	3.937
14	35	8208	3540	7298	2634	6.32	4.073	2.181
14	46	3709	1828	3392	1018	8.224	5.035	2.359
14	47	7357	3133	6495	1974	4.012	3.791	2.363
14	49	3451	1634	2966	964	4.171	3.651	3.297
14	64	2923	1369	2640	963	3.813	2.571	1.954
14	67	6140	2982	5507	1590	15.17	4.327	2.093
14	68	4526	2190	4070	1170	3.886	3.463	2.618
14	70	7055	3586	6357	2243	5.187	3.442	3.144
14	72	9512	4150	8447	2841	24.18	4.018	3.067
14	73	4558	2056	3963	1147	13.01	4.178	1.665
14	80	1369	644	1208	368	4.152	3.323	2.267
14	81	7856	3697	6973	2489	6.595	3.918	3.49
14	84	2660	1300	2265	804	6.589	4.373	1.858
14	86	4242	2012	3753	1255	11.35	3.54	2.416
14	93	6251	2999	5597	1926	9.798	3.366	2.341
14	95	2007	1061	1797	588	8.981	1.919	1.854
14	97	4171	1995	3670	1138	5.124	3.948	1.764
14	100	5675	2770	5004	1664	8.294	2.981	3.716
14	103	6464	3020	5635	1683	6.691	3.822	2.848
14	117	4402	2379	3859	1473	9.034	2.712	2.529
14	121	6959	3164	6099	1683	13.71	3.485	2.463
14	122	1525	909	1291	346	5.217	3.688	1.985
14	126	8464	3870	7254	1709	11.24	4.367	2.267
14	128	2928	1456	2500	617	4.937	3.891	1.786
14	129	3984	1575	3497	827	43.25	2.725	2.308
15	4	1370	667	1267	293	5.18	2.583	1.273
15	10	2180	1160	1969	645	6.225	3.686	2.082
15	22	7934	3737	6984	1752	10.52	3.258	2.413
15	27	3040	1360	2723	777	5.878	2.936	2.533
15	28	4363	2094	3900	1039	7.297	5.42	2.604
15	29	2987	1580	2678	767	5.397	2.915	3.912
15	31	9585	5061	8386	2795	5.619	4.049	2.807
15	34	1914	869	1772	644	4.267	5.03	1.658
15	35	5628	2527	5081	1730	5.418	3.606	3.052
15	37	7876	3613	6827	1989	17.48	3.161	2.694
15	38	9789	3974	7949	2528	51.88	4.034	2.196
15	39	6742	2799	6074	1649	4.93	5.213	3.252
15	40	1661	827	1537	472	4.571	3.133	2.398
15	41	6071	2966	5485	2031	4.421	3.518	2.63
15	45	13612	6260	11923	4056	7.219	3.764	3.191
15	46	4104	1860	3688	1327	5.137	2.386	3.254
15	48	11910	5608	10588	3858	5.55	3.72	4.057
15	50	6056	2806	5316	1762	6.135	3.231	3.111
15	51	4371	2103	4023	1163	7.55	3.65	2.151
15	52	3990	2006	3658	1334	306.5	8.518	4.719
15	53	762	388	703	228	674.2	6.514	4.848
15	54	4764	2144	4253	1432	16.21	4.455	2.07
15	55	2675	1288	2386	783	4.339	3.544	3.086
15	56	5228	2319	4689	1236	6.112	3.715	2.484
15	59	9349	4793	8144	2797	6.811	4.835	4.332
15	62	12159	5497	10465	2734	12.2	3.557	2.255
15	64	3460	1729	3055	1145	5.087	3.184	3.459
15	66	6709	2999	5837	1940	7.25	4.183	2.417
15	70	2349	1353	2086	706	5.429	4.82	2.564
15	71	256	174	208	38	5.637	1.965	1.115
15	73	2585	1194	2202	415	5.957	2.96	1.404
15	76	11503	5570	10163	3659	5.687	3.632	3.86
15	79	7272	3313	6460	1971	5.125	4.077	2.473
15	86	4194	2018	3743	816	7.983	3.257	2.34
15	88	3284	1595	2986	940	7.3	3.603	1.692
15	90	4432	2287	3996	1458	4.34	2.412	2.153
15	98	2413	1314	2132	771	6.055	2.849	3.219
15	102	4273	2324	3782	1369	7.941	2.777	2.567
15	108	1967	952	1782	478	5.712	3.479	2.122
15	111	3526	1688	3124	833	7.075	4.422	2.254
15	117	2110	1037	1864	709	7.247	2.702	2.49
15	118	1327	695	1213	455	4.543	2.482	2.94
16	2	1512	830	1052	185	10.22	3.205	1.714
16	4	6404	3070	5220	1262	6.871	3.141	2.885
16	5	2850	1217	2190	301	7.757	2.131	1.224
16	7	4255	2010	3725	1188	5.054	3.285	3.14
16	9	6431	2853	5550	1165	6.925	3.053	2.273
16	10	2927	1551	2459	623	4.718	3.246	1.971
16	30	368	181	343	98	2.55	1.973	1.311
16	31	5877	2652	5321	1602	10.1	3.725	2.925
16	33	9225	4303	8199	2858	8.131	3.952	3.656
16	37	6841	3195	5951	1516	28.04	3.75	4.288
16	41	4807	2204	4236	1380	5.968	3.294	2.193
16	42	455	254	434	136	3.392	2.784	2.278
16	43	4515	1971	4016	1241	4.76	6.152	2.93
16	47	3709	1842	3295	865	9.359	2.733	2.396
16	49	3567	1903	3132	995	5.079	4.084	3.249
16	52	4479	2233	3957	1165	5.949	3.896	2.06
16	57	765	465	620	243	7.554	3.225	1.676
16	58	4258	1467	3815	762	5.45	2.947	2.174
16	59	4690	1749	4041	543	10.27	3.514	2.09
16	62	3495	1745	3013	911	5.352	2.849	3.055
16	65	3481	1652	3094	858	6.688	3.486	2.02
16	67	2437	1206	2146	577	5.188	3.958	2.604
16	68	4080	1899	3587	1112	16.1	3.891	2.35
16	69	2442	1354	2187	801	4.506	3.321	3.746
16	73	3095	1544	2781	977	5.865	2.698	2.95
16	74	1119	509	1004	270	7.741	2.461	1.767
16	75	6486	3134	5664	1966	1662	40.39	14.15
16	76	4272	2149	3850	1127	143.4	6.976	2.31
16	77	1801	808	1609	546	6.841	3.46	3.409
16	79	3085	1389	2718	1179	10.21	2.517	2.834
16	86	2766	1334	2478	855	4.519	2.546	3.06
16	87	627	321	553	150	3.385	3.033	1.609
16	88	10818	5293	8803	2332	88.79	3.431	3.182
16	89	13756	6671	11565	3788	12.11	3.918	3.034
16	91	3588	1637	3190	693	8.043	3.36	2.404
16	93	10451	4997	9306	2813	8.152	3.995	2.603
16	94	11308	5723	10012	3852	5.444	3.447	2.858
16	103	14468	7032	12909	4562	8.497	5.056	3.372
16	104	3957	2122	3588	1246	82.54	3.181	2.142
16	105	3292	1820	2947	847	5.538	4.121	1.987
16	106	6557	3134	5921	1583	5.434	2.961	3.306
16	107	3921	2471	3443	1252	4.155	3.28	2.716
16	111	3289	1768	2899	957	4.687	2.709	2.04
16	114	2526	1372	2246	0	12.18	3.48	-Inf
16	116	3069	1807	2648	0	12.87	3.375	-Inf
16	125	3685	1612	3187	0	14.84	2.335	-Inf
16	126	725	388	579	0	5.588	2.528	-Inf
16	128	12662	5548	11352	0	8.55	3.467	-Inf
17	3	3854	1773	3300	964	13.56	4.195	2.33
17	7	2536	1273	2069	504	6.43	3.346	2.289
17	9	6617	3294	5594	1554	8.5	3.239	2.58
17	14	3592	1673	3034	719	8.941	2.545	2.629
17	23	2400	1110	2068	496	5.546	2.899	2.086
17	24	4028	2006	3524	933	26.28	2.977	4.234
17	25	4448	1995	3873	1154	8.354	3.514	2.874
17	30	836	432	769	242	4.997	2.766	2.277
17	49	2279	1291	2026	692	3.702	3.637	2.916
17	51	9763	4130	8800	2122	20.73	3.748	3.934
17	55	12877	5203	11023	2368	12.69	3.216	2.468
17	66	772	391	666	229	3.659	3.04	1.838
17	68	3134	1461	2662	676	6.369	3.078	1.884
17	71	5457	2409	4651	876	50.17	3.545	2.694
17	72	6250	2611	5584	1547	4.34	4.198	1.967
17	73	9953	3959	8597	1804	167.7	4.73	2.879
17	74	10611	4598	9254	2333	15.06	3.43	2.673
17	75	8035	3634	6938	2336	9.939	4.419	3.185
17	76	4017	1917	3427	953	7.226	3.933	2.36
17	78	1396	715	1227	258	3.987	3.056	1.848
17	85	6634	3150	5872	1796	9.008	3.638	3.219
17	87	2886	1465	2537	651	6.158	3.479	2.605
17	90	10025	3772	8637	2016	6.779	5.306	3.126
17	93	5627	2340	4782	1200	5.231	3.031	2.682
17	94	5304	2246	4431	1029	5.555	4.052	2.902
17	97	6791	3242	6074	1978	5.265	3.319	2.23
17	98	3536	1706	3113	678	7.254	3.71	2.725
17	99	642	385	570	164	3.473	2.805	2.768
17	100	4457	1809	3940	955	6.782	4.723	2.778
17	101	3140	1406	2862	1002	35.61	3.377	3.002
17	102	2619	999	2352	601	6.342	3.234	2.17
17	103	2583	1252	2214	650	6.501	4.573	4.608
17	105	4319	2163	3858	1210	7.866	2.893	3.042
17	108	666	419	591	194	5.493	1.968	3.948
17	109	1054	576	918	304	4.341	2.798	1.979
17	117	5574	2272	4898	1095	6.153	5.029	3.26
17	118	4798	2133	4074	1028	7.741	4.5	2.618
17	125	6603	3142	5794	1671	53.95	4.227	2.426
17	133	3304	1824	2408	579	7.624	3.079	2.451
18	1	2054	1234	1821	623	12.26	3.36	1.802
18	7	4106	2022	3693	1243	5.919	3.32	2.748
18	8	3691	1756	3367	925	4.441	3.31	2.911
18	27	1767	865	1579	546	3.58	4.516	1.879
18	28	4387	2098	3982	1213	4.178	5.277	2.079
18	39	8834	4240	7680	2467	6.656	3.862	3.033
18	41	12377	4561	11106	2606	11.46	4.399	2.057
18	42	7048	3062	6216	1899	15.75	3.949	2.083
18	44	4885	2337	4336	1578	6.09	2.989	4.695
18	46	5887	2977	5103	1634	5.028	3.769	2.462
18	49	8632	3843	7594	1988	4.623	3.23	2.879
18	52	4918	2264	4381	1317	6.425	2.794	2.537
18	53	6637	3181	5660	1268	6.683	4.079	2.039
18	58	6572	3410	5533	1622	4.983	3.597	2.615
18	59	8571	4288	7336	2112	5.748	3.688	3.777
18	60	8055	3711	6863	1921	9.522	4.221	3.127
18	61	6795	3389	5707	1828	8.543	3.73	2.718
18	62	7350	3562	6447	2048	4.602	4.055	3.367
18	65	6685	3226	5839	1914	7.226	3.277	2.582
18	66	1813	1020	1604	478	3.479	3.978	2.561
18	67	2741	1403	2434	630	4.13	3.866	2.433
18	68	618	409	529	130	4.454	3.708	1.102
18	69	10948	5202	9487	3411	309.4	4.005	3.885
18	73	8175	3911	7242	2757	7.868	3.403	2.664
18	74	10497	5055	9050	2435	6.305	4.029	2.412
18	76	5448	2336	4817	1469	5.144	3.639	2.402
18	79	2278	1075	2014	672	17.69	3.568	2.171
18	80	4100	2034	3609	1257	13.08	4.012	2.347
18	82	8470	4194	7563	2669	28.49	3.705	3.766
18	84	1309	748	1155	382	4.06	3.817	2.092
18	86	221	123	201	49	3.37	1.987	1.133
19	5	280	267	46	0	5.503	1.526	-Inf
19	6	2406	1464	1725	118	6.527	2.935	1.604
19	10	1971	1010	1530	176	7.336	4.666	1.238
19	11	2690	1552	2020	227	4.893	4.5	1.545
19	12	2087	928	1803	214	6.775	2.485	2.653
19	16	1152	820	725	133	10.37	3.576	0.7176
19	19	902	645	468	78	13.61	1.807	1.147
19	22	4475	2391	3855	792	7.18	4.089	2.243
19	25	3257	1601	2792	599	4.913	3.032	2.001
19	29	2614	1371	2336	769	13.26	2.181	2.366
19	30	2738	1224	2386	618	9.045	3.447	2.1
19	32	3488	1781	2916	577	14.34	3.627	2.276
19	33	1754	801	1498	236	237.6	2.563	1.236
19	34	1892	815	1682	446	7.159	4.145	2.06
19	37	5682	2554	4780	1318	10.26	3.992	2.381
19	38	1280	605	1107	305	33.85	9.19	2.665
19	39	8160	3506	6842	1509	5.203	3.472	3.452
19	47	3886	1903	3341	839	3.616	3.062	2.884
19	50	801	469	690	135	3.252	2.163	1.043
19	51	2635	1314	2290	592	10.12	2.648	2.512
19	52	3140	1628	2614	541	10.13	2.999	3.48
19	57	5256	2419	4671	1563	5.66	3.523	2.389
19	58	2908	1382	2547	701	4.787	4.148	2.16
19	61	5340	2658	4626	1072	5.128	3.936	1.678
19	63	2753	1427	2452	631	32.34	3.604	2.097
19	64	8153	3913	7054	2013	6.392	4.122	2.876
19	67	13198	5918	11120	3820	8.626	3.792	3.232
19	68	3327	1415	2974	794	4.924	2.697	3.473
19	70	4414	1840	3916	836	11.5	4.566	2.03
19	71	667	334	561	125	9.102	2.957	1.092
19	73	1050	489	915	268	10.94	3.574	3.159
19	74	6537	2881	5797	1694	9.971	3.311	2.848
19	75	1447	744	1278	158	169.4	8.121	2.073
19	76	6106	2848	5236	1161	51.99	3.278	2.903
19	77	9920	5009	8292	2044	14.46	6.909	3.683
19	79	3508	1546	3107	820	5.236	3.183	2.779
19	80	1740	855	1439	196	3.984	2.424	1.649
19	81	4798	2043	4035	749	6.61	4.345	3.788
19	89	2202	1149	1929	815	4.101	2.935	2.261
19	90	4819	2443	4224	1415	22.06	2.917	2.588
19	93	1810	877	1615	405	4.822	2.764	4.077
19	94	3357	1710	3010	885	4.596	3.868	1.823
19	98	1998	1051	1520	218	91.54	3.322	1.634
19	104	2793	1416	2449	0	8.302	3.431	-Inf
19	109	514	342	431	0	9.156	2.584	-Inf
20	1	1937	869	1796	563	3.986	3.385	2.857
20	2	2109	1188	1863	418	13.33	3.846	1.896
20	3	674	456	603	203	4.195	3.386	1.915
20	11	2098	1017	1828	546	2.939	3.014	1.596
20	22	2811	1291	2515	700	4.301	2.927	1.671
20	23	596	390	540	208	6.681	2.543	1.893
20	24	547	337	480	121	3.773	4.011	2.493
20	29	3576	2018	3165	1088	4.243	3.42	2.96
20	40	2659	1545	2404	846	5.097	2.905	1.964
20	42	8083	3774	7140	2125	4.839	3.327	4.479
20	48	7802	3926	6795	2241	15.33	3.877	2.213
20	54	7385	3209	6439	1817	10.01	2.759	3.366
20	59	9563	3880	8527	1503	9.969	3.465	4.802
20	62	4670	2165	4020	1141	4.939	3.323	2.068
20	63	9777	4765	8612	2723	5.037	3.745	3.755
20	64	2493	1432	2195	669	4.984	3.262	1.224
20	65	5353	2636	4641	1608	6.083	2.604	2.251
20	67	4352	1944	3865	919	6.423	2.77	2.114
20	68	2053	1100	1778	487	4.603	3.841	1.547
20	69	4082	2085	3626	1219	180.9	5.089	2.328
20	70	3363	1528	2937	756	8.059	3.772	3.54
20	71	4988	2377	4333	1500	174.4	5.836	4.195
20	72	1222	548	1071	318	10.12	2.579	2.194
20	73	4410	2035	4029	1278	12.09	3.523	1.857
20	74	2111	979	1900	620	28.2	3.117	2.984
20	75	3314	1603	2953	1038	13.5	3.201	2.091
20	84	4987	2567	4269	1560	7.952	3.81	3.008
20	86	3526	1811	3123	881	4.826	3.627	2.819
20	93	6856	3640	6113	1878	14.9	3.53	3.242
20	99	4047	2066	3516	836	9.785	3.013	2.561
20	114	5432	2794	4745	0	6.572	4.25	-Inf
20	115	3615	872	3350	0	11.22	3.455	-Inf
21	2	1033	489	932	306	8.537	2.693	1.85
21	3	1892	1000	1610	509	5.803	3.458	2.632
21	4	768	377	700	244	13.33	3.659	2.195
21	30	9215	3668	8395	2616	7.708	3.925	3.71
21	37	5719	2671	4923	1337	4.153	3.129	2.49
21	41	8771	4427	7949	2097	8.303	4.585	2.587
21	45	6334	3109	5622	1883	6.182	4.2	2.168
21	53	2860	1541	2553	819	4.056	3.009	3.005
21	57	2261	1151	2058	533	10.95	2.943	2.696
21	62	1234	616	1119	0	16.16	3.416	-Inf
21	63	2842	1388	2499	0	5.675	3.038	-Inf
21	64	5011	2388	4420	0	8.482	3.106	-Inf
22	13	2500	1034	2286	565	43.23	3.24	2.264
22	14	2529	946	2369	594	4.917	2.359	1.754
22	24	5242	2876	4572	1650	5.123	3.647	3.686
22	26	2016	1212	1796	581	4.313	3.58	2.311
22	29	5047	2458	4308	1604	9.218	4.157	2.067
22	30	16675	7952	14235	4977	16.18	4.016	2.422
22	33	3306	1677	2982	806	5.218	3.405	2.756
22	37	4101	2018	3588	1024	6.143	3.771	2.81
22	43	4278	1899	3662	908	30.81	4.085	2.496
22	44	2932	1288	2537	618	18.9	4.681	2.04
22	45	4474	1952	3955	850	8.572	4.137	2.324
22	46	10690	4692	8992	2540	6.342	4.655	2.154
22	47	5319	2444	4742	1113	7.171	4.096	2.616
22	49	866	595	787	215	4.255	2.584	1.865
22	50	1192	744	1065	465	4.111	2.257	1.484
22	54	2919	1446	2602	0	4.792	4.019	-Inf
22	59	5185	2348	4685	0	3.896	3.59	-Inf
22	62	2773	1613	2473	0	3.903	3.929	-Inf
22	64	1878	957	1755	0	6.38	4.062	-Inf
22	66	3086	1560	2791	0	4.848	3.615	-Inf
22	70	5691	2677	5019	0	7.251	3.221	-Inf
