pheno	db	pid	chromosome	block	num_variants	L	time	num_variants_0.95	num_variants_0.5	num_CS95	num_variants_CS95
TG	META	AFR	1	3	820	5	0.72850489616394	0	0	0	0
TG	META	AFR	1	4	1984	5	1.68759298324585	0	0	0	0
TG	META	AFR	1	5	3594	5	4.48692607879639	0	0	0	0
TG	META	AFR	1	15	5216	5	10.5969634056091	0	0	0	0
TG	META	AFR	1	17	6602	5	15.9180631637573	0	0	0	0
TG	META	AFR	1	18	2496	5	2.67421627044678	0	0	0	0
TG	META	AFR	1	19	5384	5	11.0099565982819	0	0	0	0
TG	META	AFR	1	21	3660	5	4.67130708694458	0	0	0	0
TG	META	AFR	1	23	1852	5	1.70213985443115	0	0	0	0
TG	META	AFR	1	32	1442	5	1.1516432762146	0	0	0	0
TG	META	AFR	1	35	6543	5	16.4949688911438	0	0	0	0
TG	META	AFR	1	43	1376	5	1.14460897445679	0	0	0	0
TG	META	AFR	1	48	2576	5	2.73008012771606	0	0	0	0
TG	META	AFR	1	50	3554	5	4.44783711433411	0	1	0	0
TG	META	AFR	1	51	2313	5	2.44290971755981	0	0	0	0
TG	META	AFR	1	52	6601	5	16.7097811698914	0	0	0	0
TG	META	AFR	1	53	5709	5	11.8742446899414	0	0	0	0
TG	META	AFR	1	58	6810	5	18.5250918865204	0	0	0	0
TG	META	AFR	1	63	5211	5	10.9341113567352	0	0	0	0
TG	META	AFR	1	67	4388	5	7.97600555419922	0	0	0	0
TG	META	AFR	1	70	4508	5	8.27630496025085	0	0	0	0
TG	META	AFR	1	71	4682	5	8.97700047492981	0	0	0	0
TG	META	AFR	1	83	4244	5	7.244464635849	0	0	0	0
TG	META	AFR	1	85	1974	5	1.78441262245178	0	0	0	0
TG	META	AFR	1	94	1055	5	0.966830253601074	0	0	0	0
TG	META	AFR	1	96	4148	5	7.41904783248901	0	0	0	0
TG	META	AFR	1	97	5089	5	10.3115956783295	1	1	1	1
TG	META	AFR	1	100	4054	5	5.85054516792297	0	0	0	0
TG	META	AFR	1	101	4245	5	7.84460282325745	0	0	0	0
TG	META	AFR	1	105	11487	5	68.7090620994568	0	0	0	0
TG	META	AFR	1	124	6840	5	16.6674013137817	0	0	0	0
TG	META	AFR	1	125	8663	5	38.4122629165649	0	0	0	0
TG	META	AFR	1	127	3674	5	4.89658689498901	0	0	0	0
TG	META	AFR	1	129	2213	5	1.85204458236694	0	0	0	0
TG	META	AFR	1	132	4547	5	7.91790080070496	0	0	0	0
TG	META	AFR	1	135	7509	5	22.1929047107697	0	1	0	0
TG	META	AFR	1	138	6665	5	17.8294594287872	0	0	0	0
TG	META	AFR	1	139	1514	5	1.22655868530273	0	0	0	0
TG	META	AFR	1	143	4016	5	5.29188394546509	0	0	0	0
TG	META	AFR	1	144	3661	5	4.68356513977051	0	0	0	0
TG	META	AFR	1	150	4916	5	9.1404824256897	0	0	0	0
TG	META	AFR	1	154	8691	5	35.5362319946289	0	0	0	0
TG	META	AFR	1	155	3504	5	6.00753235816956	0	0	0	0
TG	META	AFR	1	156	4612	5	8.73560690879822	0	0	0	0
TG	META	AFR	1	158	5374	5	12.2504386901855	0	0	0	0
TG	META	AFR	1	168	5333	5	10.2492666244507	0	0	0	0
TG	META	AFR	1	182	7605	5	23.2925918102264	0	0	0	0
TG	META	AFR	1	183	7164	5	19.7877380847931	0	0	0	0
TG	META	AFR	1	184	1603	5	1.28596663475037	0	1	1	1
TG	META	AFR	1	187	4655	5	8.16859865188599	0	0	0	0
TG	META	AFR	1	192	5207	5	10.1477298736572	0	0	0	0
TG	META	AFR	1	193	6039	5	14.8613379001617	0	0	0	0
TG	META	AFR	1	201	6258	5	15.3277773857117	0	0	0	0
TG	META	AFR	1	202	5163	5	9.81951403617859	0	0	0	0
TG	META	AFR	1	203	4393	5	7.10503602027893	0	0	0	0
TG	META	AFR	1	207	3090	5	3.8551287651062	0	0	0	0
TG	META	AFR	1	208	3716	5	6.18715167045593	0	0	0	0
TG	META	AFR	1	209	1258	5	0.973556041717529	1	1	1	1
TG	META	AFR	1	211	2773	5	3.04242634773254	0	0	0	0
TG	META	AFR	1	212	3850	5	5.88939762115479	0	0	0	0
TG	META	AFR	1	213	2785	5	2.85262274742126	0	0	0	0
TG	META	AFR	1	214	2484	5	3.16428542137146	0	0	0	0
TG	META	AFR	1	217	2056	5	2.10854434967041	0	0	0	0
TG	META	AFR	1	219	4148	5	7.13078498840332	0	0	0	0
TG	META	AFR	1	221	4835	5	8.97528529167175	0	0	0	0
TG	META	AFR	1	226	1978	5	1.93521237373352	0	0	0	0
TG	META	AFR	1	228	2787	5	4.64747333526611	0	0	0	0
TG	META	AFR	1	233	6521	5	15.7858655452728	0	0	0	0
TG	META	AFR	1	234	7476	5	22.8102548122406	0	0	0	0
TG	META	AFR	1	235	5239	5	11.6895277500153	0	0	0	0
TG	META	AFR	1	238	9835	5	46.4736301898956	0	0	0	0
TG	META	AFR	1	239	2306	5	2.75362634658813	0	0	0	0
TG	META	AFR	1	240	10161	5	53.4226007461548	0	0	0	0
TG	META	AFR	1	242	2439	5	2.6325798034668	0	0	0	0
TG	META	AFR	1	243	2762	5	3.36707925796509	0	0	1	7
TG	META	AFR	1	244	5951	5	12.9486167430878	0	0	0	0
TG	META	AFR	1	248	3070	5	3.44201445579529	0	1	0	0
TG	META	AFR	1	252	2317	5	2.33158683776855	0	0	0	0
TG	META	AFR	1	254	3997	5	6.14360976219177	0	0	0	0
TG	META	AFR	1	255	2516	5	2.7906482219696	0	1	0	0
TG	META	AFR	1	257	2584	5	3.08091235160828	0	0	0	0
TG	META	AFR	1	264	2785	5	3.03954029083252	0	0	1	6
TG	META	AFR	1	274	6482	5	15.3597614765167	0	0	0	0
TG	META	AFR	1	277	1390	5	1.51045799255371	0	1	0	0
TG	META	AFR	1	280	10100	5	49.5032203197479	0	0	0	0
TG	META	AFR	2	1	1410	5	1.46443843841553	0	0	0	0
TG	META	AFR	2	2	8995	5	40.7073776721954	0	0	0	0
TG	META	AFR	2	6	2716	5	2.84923267364502	0	0	0	0
TG	META	AFR	2	7	1923	5	2.41505312919617	0	0	0	0
TG	META	AFR	2	21	1680	5	1.46671009063721	0	0	0	0
TG	META	AFR	2	34	6254	5	15.6251549720764	0	0	0	0
TG	META	AFR	2	41	3253	5	4.51201963424683	0	0	0	0
TG	META	AFR	2	43	711	5	0.643022537231445	0	0	0	0
TG	META	AFR	2	44	3326	5	4.35539412498474	0	2	2	8
TG	META	AFR	2	45	5959	5	13.6464891433716	0	0	0	0
TG	META	AFR	2	47	7471	5	23.8389048576355	0	0	0	0
TG	META	AFR	2	48	4596	5	10.0159661769867	0	0	0	0
TG	META	AFR	2	49	7286	5	24.0346856117249	1	1	1	1
TG	META	AFR	2	50	4173	5	6.96299195289612	0	0	0	0
TG	META	AFR	2	55	11035	5	54.9455194473267	0	0	0	0
TG	META	AFR	2	63	4482	5	8.16903591156006	0	0	0	0
TG	META	AFR	2	66	10535	5	58.7383115291595	0	0	0	0
TG	META	AFR	2	69	5621	5	10.876268863678	0	0	0	0
TG	META	AFR	2	71	4455	5	7.9960789680481	0	0	0	0
TG	META	AFR	2	72	7354	5	21.9431717395782	0	0	0	0
TG	META	AFR	2	74	2485	5	2.66816711425781	0	0	0	0
TG	META	AFR	2	76	3423	5	6.28595900535583	0	0	0	0
TG	META	AFR	2	79	6455	5	19.2498171329498	0	0	0	0
TG	META	AFR	2	80	10846	5	65.1836230754852	0	0	0	0
TG	META	AFR	2	84	14486	5	99.5096800327301	0	0	0	0
TG	META	AFR	2	85	13800	5	108.413343429565	0	0	0	0
TG	META	AFR	2	86	5700	5	11.4060561656952	0	0	0	0
TG	META	AFR	2	87	2015	5	1.72834300994873	0	0	0	0
TG	META	AFR	2	88	16712	5	187.874143123627	0	0	0	0
TG	META	AFR	2	89	4258	5	7.08487510681152	0	0	0	0
TG	META	AFR	2	90	3547	5	6.81688594818115	0	0	0	0
TG	META	AFR	2	95	3908	5	4.91028904914856	0	0	0	0
TG	META	AFR	2	99	3745	5	5.34437346458435	0	0	0	0
TG	META	AFR	2	115	8448	5	46.2948443889618	0	0	0	0
TG	META	AFR	2	117	4508	5	10.2835607528687	0	0	0	0
TG	META	AFR	2	122	3348	5	4.62062907218933	0	0	0	0
TG	META	AFR	2	123	669	5	0.735310316085815	0	0	0	0
TG	META	AFR	2	124	6305	5	14.3926453590393	0	0	0	0
TG	META	AFR	2	125	5184	5	9.14981579780579	0	0	0	0
TG	META	AFR	2	128	8911	5	40.3560056686401	0	0	0	0
TG	META	AFR	2	131	266	5	0.563392877578735	0	0	0	0
TG	META	AFR	2	132	981	5	0.854396104812622	0	0	0	0
TG	META	AFR	2	138	7510	5	20.9136724472046	0	0	0	0
TG	META	AFR	2	153	6986	5	23.8967742919922	0	0	0	0
TG	META	AFR	2	159	10172	5	47.1824371814728	0	0	0	0
TG	META	AFR	2	161	7534	5	19.9545953273773	0	0	0	0
TG	META	AFR	2	163	345	5	0.676695108413696	0	0	0	0
TG	META	AFR	2	164	1473	5	1.11216330528259	0	0	0	0
TG	META	AFR	2	166	11511	5	78.5167274475098	0	0	0	0
TG	META	AFR	2	168	5116	5	12.2826199531555	0	0	0	0
TG	META	AFR	2	169	5802	5	13.0234391689301	0	0	0	0
TG	META	AFR	2	171	7519	5	22.4663774967194	0	0	0	0
TG	META	AFR	2	174	1858	5	1.80891752243042	0	0	0	0
TG	META	AFR	2	176	7052	5	22.2035667896271	0	0	0	0
TG	META	AFR	2	180	4623	5	7.64503026008606	0	0	0	0
TG	META	AFR	2	181	7100	5	20.1934342384338	0	0	0	0
TG	META	AFR	2	184	9583	5	46.1869416236877	0	0	0	0
TG	META	AFR	2	186	6953	5	19.6194641590118	0	0	0	0
TG	META	AFR	2	195	13217	5	88.9841871261597	0	0	0	0
TG	META	AFR	2	197	6156	5	14.5097842216492	0	0	0	0
TG	META	AFR	2	198	4600	5	7.63548994064331	0	0	0	0
TG	META	AFR	2	199	7545	5	27.3982908725739	0	0	0	0
TG	META	AFR	2	201	6288	5	15.113655090332	0	0	0	0
TG	META	AFR	2	202	1029	5	0.934391975402832	0	0	0	0
TG	META	AFR	2	205	3573	5	5.12785601615906	0	0	0	0
TG	META	AFR	2	210	3888	5	7.3886342048645	0	0	0	0
TG	META	AFR	2	211	5627	5	13.4572513103485	0	0	0	0
TG	META	AFR	2	213	12633	5	78.0956029891968	0	0	0	0
TG	META	AFR	2	214	2295	5	2.18772888183594	0	0	0	0
TG	META	AFR	2	217	3415	5	5.13750910758972	0	0	0	0
TG	META	AFR	2	218	2652	5	3.57284307479858	0	0	0	0
TG	META	AFR	2	230	3553	5	4.6037712097168	0	1	0	0
TG	META	AFR	2	231	1985	5	1.62381315231323	0	0	0	0
TG	META	AFR	2	235	2158	5	1.82669734954834	0	0	0	0
TG	META	AFR	2	237	4875	5	9.37047839164734	0	0	0	0
TG	META	AFR	2	240	4352	5	6.96701955795288	0	0	0	0
TG	META	AFR	2	242	4042	5	5.62092423439026	0	0	0	0
TG	META	AFR	2	250	9119	5	36.3080379962921	0	0	0	0
TG	META	AFR	2	251	3114	5	4.85069513320923	0	0	0	0
TG	META	AFR	2	256	5444	5	13.59361577034	0	0	0	0
TG	META	AFR	3	1	19642	5	277.551958322525	0	0	0	0
TG	META	AFR	3	8	1375	5	1.05224370956421	0	0	0	0
TG	META	AFR	3	9	1479	5	1.21610260009766	0	0	0	0
TG	META	AFR	3	20	5669	5	13.2574126720428	0	0	0	0
TG	META	AFR	3	23	3909	5	5.75853037834167	0	0	0	0
TG	META	AFR	3	24	6100	5	17.9444694519043	0	0	0	0
TG	META	AFR	3	30	5924	5	16.5176339149475	0	0	0	0
TG	META	AFR	3	31	2859	5	4.06972289085388	0	0	0	0
TG	META	AFR	3	33	1362	5	1.07099390029907	0	0	0	0
TG	META	AFR	3	35	6072	5	15.4627833366394	0	0	0	0
TG	META	AFR	3	39	8012	5	26.5442237854004	0	0	0	0
TG	META	AFR	3	40	3941	5	7.86777973175049	0	0	0	0
TG	META	AFR	3	41	7579	5	21.85702252388	0	0	0	0
TG	META	AFR	3	49	7485	5	24.9561469554901	0	0	0	0
TG	META	AFR	3	55	3230	5	5.57409644126892	0	0	0	0
TG	META	AFR	3	57	3717	5	5.68781852722168	0	0	0	0
TG	META	AFR	3	60	10367	5	51.8342051506042	0	0	0	0
TG	META	AFR	3	62	3610	5	5.0028715133667	0	0	0	0
TG	META	AFR	3	65	2622	5	2.49774312973022	0	0	0	0
TG	META	AFR	3	70	5832	5	12.5352168083191	0	0	0	0
TG	META	AFR	3	71	7594	5	28.7018792629242	0	0	0	0
TG	META	AFR	3	77	11212	5	67.8153514862061	0	0	0	0
TG	META	AFR	3	83	8340	5	32.3942933082581	0	0	0	0
TG	META	AFR	3	85	4081	5	6.90195631980896	0	0	0	0
TG	META	AFR	3	88	5064	5	11.1664645671844	0	0	0	0
TG	META	AFR	3	89	5793	5	16.8730006217957	0	0	0	0
TG	META	AFR	3	114	3908	5	4.7904839515686	0	0	0	0
TG	META	AFR	3	115	5112	5	10.788271188736	0	0	0	0
TG	META	AFR	3	120	5353	5	10.6850085258484	0	0	0	0
TG	META	AFR	3	121	6384	5	16.294659614563	0	0	0	0
TG	META	AFR	3	124	1208	5	0.888169765472412	0	0	0	0
TG	META	AFR	3	132	9006	5	37.0492296218872	0	0	0	0
TG	META	AFR	3	133	4120	5	6.31914448738098	0	0	0	0
TG	META	AFR	3	136	2849	5	3.20568418502808	0	0	0	0
TG	META	AFR	3	140	6784	5	17.5872159004211	0	0	0	0
TG	META	AFR	3	145	6683	5	18.6473469734192	0	0	0	0
TG	META	AFR	3	150	5523	5	12.6695394515991	0	0	0	0
TG	META	AFR	3	155	5449	5	10.9711267948151	0	1	1	7
TG	META	AFR	3	161	7933	5	23.0922574996948	0	0	0	0
TG	META	AFR	3	162	9762	5	45.2717099189758	0	0	0	0
TG	META	AFR	3	172	4342	5	15.1568224430084	0	0	0	0
TG	META	AFR	3	173	2586	5	2.57300615310669	0	0	0	0
TG	META	AFR	3	174	1398	5	1.96397686004639	0	0	0	0
TG	META	AFR	3	175	1754	5	1.6398138999939	0	0	0	0
TG	META	AFR	3	186	7402	5	24.5042085647583	0	1	0	0
TG	META	AFR	3	191	4249	5	6.22324228286743	0	0	0	0
TG	META	AFR	3	193	6729	5	17.6220192909241	0	0	0	0
TG	META	AFR	3	196	1224	5	0.96019983291626	0	0	0	0
TG	META	AFR	3	214	7467	5	20.9607758522034	0	0	0	0
TG	META	AFR	4	1	18153	5	221.125679969788	0	0	0	0
TG	META	AFR	4	4	4397	5	7.90590333938599	0	0	0	0
TG	META	AFR	4	19	2777	5	3.14140248298645	0	0	0	0
TG	META	AFR	4	21	9992	5	51.6567273139954	0	0	0	0
TG	META	AFR	4	28	5087	5	9.70121479034424	0	0	0	0
TG	META	AFR	4	32	7184	5	22.9990651607513	0	0	0	0
TG	META	AFR	4	42	891	5	1.44806790351868	0	0	0	0
TG	META	AFR	4	43	3015	5	4.31361293792725	0	0	0	0
TG	META	AFR	4	48	5670	5	12.1841993331909	0	0	0	0
TG	META	AFR	4	54	13467	5	97.802351474762	0	0	0	0
TG	META	AFR	4	55	5398	5	13.3568360805511	0	0	0	0
TG	META	AFR	4	64	8963	5	38.028354883194	0	0	0	0
TG	META	AFR	4	66	4810	5	9.57407522201538	0	0	0	0
TG	META	AFR	4	74	5808	5	14.0051732063293	0	0	0	0
TG	META	AFR	4	80	6791	5	17.2714653015137	0	0	0	0
TG	META	AFR	4	82	3010	5	5.74282479286194	0	0	0	0
TG	META	AFR	4	84	6612	5	15.7444326877594	0	0	1	9
TG	META	AFR	4	87	9109	5	45.4791605472565	0	0	0	0
TG	META	AFR	4	90	6224	5	13.6446237564087	0	0	0	0
TG	META	AFR	4	95	2321	5	2.30265593528748	0	0	0	0
TG	META	AFR	4	97	3759	5	9.14111399650574	0	0	0	0
TG	META	AFR	4	101	7513	5	24.1891536712646	0	0	0	0
TG	META	AFR	4	102	4119	5	10.2115061283112	0	0	0	0
TG	META	AFR	4	103	3091	5	4.80465793609619	0	0	1	14
TG	META	AFR	4	109	3006	5	4.98545598983765	0	0	0	0
TG	META	AFR	4	112	9121	5	44.3115546703339	0	0	0	0
TG	META	AFR	4	113	7036	5	19.2016758918762	0	0	0	0
TG	META	AFR	4	114	6484	5	14.8484847545624	0	0	0	0
TG	META	AFR	4	115	2990	5	5.76144576072693	0	0	0	0
TG	META	AFR	4	116	5686	5	13.0648703575134	0	0	0	0
TG	META	AFR	4	117	6407	5	17.812709569931	0	0	0	0
TG	META	AFR	4	121	5305	5	10.0629239082336	0	0	0	0
TG	META	AFR	4	122	2040	5	1.76453471183777	0	0	0	0
TG	META	AFR	4	133	6558	5	19.3028709888458	0	0	0	0
TG	META	AFR	4	134	10256	5	50.460798740387	0	0	0	0
TG	META	AFR	4	136	9167	5	38.3193480968475	0	0	0	0
TG	META	AFR	4	139	10646	5	55.7039403915405	0	0	0	0
TG	META	AFR	4	147	2526	5	2.82755184173584	0	0	0	0
TG	META	AFR	4	148	4297	5	7.59863257408142	0	0	0	0
TG	META	AFR	4	149	5522	5	10.9787101745605	0	0	0	0
TG	META	AFR	4	150	6740	5	22.2721951007843	0	0	0	0
TG	META	AFR	4	153	6349	5	14.006489276886	0	0	0	0
TG	META	AFR	4	154	2721	5	3.1882963180542	0	0	0	0
TG	META	AFR	4	156	9110	5	39.684330701828	0	0	0	0
TG	META	AFR	4	159	2540	5	2.6119282245636	0	0	0	0
TG	META	AFR	4	161	2369	5	2.54242277145386	0	0	0	0
TG	META	AFR	4	162	4203	5	7.39688444137573	0	0	0	0
TG	META	AFR	4	165	4494	5	9.0820164680481	0	0	0	0
TG	META	AFR	4	180	7377	5	31.242372751236	0	1	0	0
TG	META	AFR	4	184	2946	5	4.56166696548462	0	0	0	0
TG	META	AFR	4	199	1145	5	1.13303279876709	0	0	0	0
TG	META	AFR	5	27	10594	5	56.1365637779236	0	0	0	0
TG	META	AFR	5	33	3440	5	4.89119553565979	0	0	0	0
TG	META	AFR	5	49	1408	5	1.22590756416321	0	0	0	0
TG	META	AFR	5	64	6965	5	20.3988170623779	0	1	0	0
TG	META	AFR	5	66	5481	5	12.6812505722046	0	0	0	0
TG	META	AFR	5	68	1660	5	1.95359706878662	0	1	1	2
TG	META	AFR	5	69	2395	5	2.25836062431335	0	0	0	0
TG	META	AFR	5	71	7788	5	26.6659443378448	0	0	0	0
TG	META	AFR	5	72	8965	5	37.4517424106598	0	0	0	0
TG	META	AFR	5	74	11158	5	57.5404314994812	0	0	0	0
TG	META	AFR	5	78	1898	5	1.70765399932861	0	0	0	0
TG	META	AFR	5	81	4435	5	7.44452357292175	0	0	0	0
TG	META	AFR	5	85	6550	5	17.8284769058228	0	0	0	0
TG	META	AFR	5	88	2446	5	2.47623634338379	0	0	0	0
TG	META	AFR	5	92	4093	5	6.26297664642334	0	0	0	0
TG	META	AFR	5	96	6244	5	14.1667401790619	0	0	0	0
TG	META	AFR	5	97	3921	5	6.23205351829529	0	0	0	0
TG	META	AFR	5	102	8105	5	24.3915231227875	0	0	0	0
TG	META	AFR	5	103	5856	5	15.0159196853638	0	0	0	0
TG	META	AFR	5	108	2748	5	2.88704061508179	0	0	0	0
TG	META	AFR	5	109	3343	5	3.96622848510742	0	0	0	0
TG	META	AFR	5	111	8441	5	41.4557530879974	0	0	0	0
TG	META	AFR	5	114	18456	5	241.895889759064	0	0	0	0
TG	META	AFR	5	116	7612	5	23.3527634143829	0	0	0	0
TG	META	AFR	5	120	6912	5	20.5201659202576	0	0	0	0
TG	META	AFR	5	127	11027	5	58.5173418521881	0	0	0	0
TG	META	AFR	5	130	7778	5	21.2847123146057	0	0	0	0
TG	META	AFR	5	136	7357	5	27.977947473526	0	0	0	0
TG	META	AFR	5	142	5302	5	10.3964326381683	0	0	0	0
TG	META	AFR	5	145	9054	5	40.6088933944702	0	0	0	0
TG	META	AFR	5	146	7651	5	25.6929256916046	0	0	0	0
TG	META	AFR	5	147	3099	5	5.73628044128418	0	0	0	0
TG	META	AFR	5	152	9520	5	43.9931442737579	0	0	0	0
TG	META	AFR	5	156	4623	5	8.3551013469696	0	0	0	0
TG	META	AFR	5	158	3998	5	5.98301696777344	0	0	0	0
TG	META	AFR	5	159	755	5	0.830829381942749	0	0	0	0
TG	META	AFR	5	164	3752	5	5.99839234352112	0	0	0	0
TG	META	AFR	5	166	6138	5	63.067200422287	0	1	2	6
TG	META	AFR	5	167	4985	5	10.3405210971832	0	0	0	0
TG	META	AFR	5	168	5752	5	13.4274950027466	0	0	0	0
TG	META	AFR	5	174	5031	5	11.6943972110748	0	0	0	0
TG	META	AFR	5	177	4059	5	5.75298762321472	0	0	0	0
TG	META	AFR	5	181	1689	5	2.34221696853638	0	0	0	0
TG	META	AFR	5	182	2176	5	2.44392371177673	0	0	0	0
TG	META	AFR	5	191	7961	5	26.6841382980347	0	0	0	0
TG	META	AFR	5	192	886	5	1.42331504821777	0	0	0	0
TG	META	AFR	5	193	1752	5	1.37505793571472	0	0	0	0
TG	META	AFR	5	194	2199	5	2.4963812828064	0	0	0	0
TG	META	AFR	5	202	3853	5	5.20413732528687	0	0	0	0
TG	META	AFR	5	205	2851	5	3.05507707595825	0	0	0	0
TG	META	AFR	6	3	1009	5	0.946289300918579	0	0	0	0
TG	META	AFR	6	19	4682	5	10.0052151679993	0	0	0	0
TG	META	AFR	6	21	3499	5	5.84526896476746	0	0	0	0
TG	META	AFR	6	27	2929	5	3.17441296577454	0	0	0	0
TG	META	AFR	6	29	5070	5	13.6779634952545	0	0	0	0
TG	META	AFR	6	32	1417	5	1.59790015220642	0	0	0	0
TG	META	AFR	6	39	8566	5	36.433670759201	0	0	0	0
TG	META	AFR	6	43	5398	5	13.9855010509491	0	0	0	0
TG	META	AFR	6	46	422	5	0.680641651153564	0	0	0	0
TG	META	AFR	6	47	6802	5	17.197811126709	0	0	0	0
TG	META	AFR	6	51	10908	5	56.2899780273438	0	0	0	0
TG	META	AFR	6	52	3585	5	6.641606092453	0	0	0	0
TG	META	AFR	6	53	3300	5	4.99140954017639	0	0	0	0
TG	META	AFR	6	56	3168	5	3.71998453140259	0	0	0	0
TG	META	AFR	6	57	3171	5	4.06128716468811	0	0	0	0
TG	META	AFR	6	58	5348	5	10.8786342144012	0	0	0	0
TG	META	AFR	6	60	3033	5	4.54750680923462	0	0	0	0
TG	META	AFR	6	63	5211	5	10.1210606098175	0	0	0	0
TG	META	AFR	6	64	589	5	0.689374923706055	0	0	0	0
TG	META	AFR	6	73	808	5	0.890557050704956	0	0	0	0
TG	META	AFR	6	74	2671	5	6.59150409698486	0	0	0	0
TG	META	AFR	6	75	757	5	0.97894549369812	0	0	0	0
TG	META	AFR	6	76	10249	5	53.8836779594421	0	0	0	0
TG	META	AFR	6	81	10751	5	54.7320873737335	0	0	0	0
TG	META	AFR	6	88	15916	5	125.816846132278	0	0	0	0
TG	META	AFR	6	94	7842	5	23.9202673435211	0	0	0	0
TG	META	AFR	6	97	5003	5	10.2126863002777	0	0	0	0
TG	META	AFR	6	98	6431	5	17.9207072257996	0	0	0	0
TG	META	AFR	6	99	6753	5	16.2536866664886	0	0	0	0
TG	META	AFR	6	100	73	5	1.01183557510376	0	0	0	0
TG	META	AFR	6	105	5044	5	9.57136797904968	0	0	0	0
TG	META	AFR	6	106	4207	5	7.95261788368225	0	0	0	0
TG	META	AFR	6	108	1674	5	1.72479891777039	0	0	0	0
TG	META	AFR	6	109	4825	5	11.1971037387848	0	0	0	0
TG	META	AFR	6	111	3375	5	5.12674689292908	0	0	0	0
TG	META	AFR	6	112	4977	5	10.9706249237061	0	0	0	0
TG	META	AFR	6	116	7108	5	23.1216433048248	0	0	0	0
TG	META	AFR	6	124	8225	5	33.0812911987305	0	0	0	0
TG	META	AFR	6	125	5577	5	16.3732306957245	0	0	0	0
TG	META	AFR	6	127	4126	5	10.5022401809692	0	0	0	0
TG	META	AFR	6	130	6655	5	15.2336602210999	0	0	0	0
TG	META	AFR	6	140	3503	5	3.96099662780762	0	0	0	0
TG	META	AFR	6	143	112	5	0.768399953842163	0	0	0	0
TG	META	AFR	6	146	2735	5	3.32390260696411	0	0	0	0
TG	META	AFR	6	149	8414	5	34.1652879714966	0	0	0	0
TG	META	AFR	6	154	3889	5	5.43119311332703	0	0	0	0
TG	META	AFR	6	157	2332	5	2.16277551651001	0	0	0	0
TG	META	AFR	6	158	4512	5	17.9791297912598	0	0	0	0
TG	META	AFR	6	160	5605	5	15.9363527297974	0	0	0	0
TG	META	AFR	6	161	4957	5	10.8590557575226	0	0	0	0
TG	META	AFR	6	169	11508	5	62.792072057724	0	0	0	0
TG	META	AFR	6	173	5345	5	11.2151737213135	0	0	0	0
TG	META	AFR	6	175	2820	5	3.19075226783752	0	0	0	0
TG	META	AFR	6	178	1823	5	1.50139284133911	0	0	0	0
TG	META	AFR	6	179	2963	5	4.59869337081909	0	0	0	0
TG	META	AFR	6	182	4746	5	10.8064930438995	0	0	0	0
TG	META	AFR	7	3	4573	5	9.93999242782593	0	0	0	0
TG	META	AFR	7	8	10346	5	51.1782059669495	0	0	0	0
TG	META	AFR	7	11	4957	5	10.1624717712402	0	0	0	0
TG	META	AFR	7	12	8719	5	38.1701214313507	0	0	0	0
TG	META	AFR	7	13	3510	5	5.16577291488647	0	0	0	0
TG	META	AFR	7	25	6904	5	18.0475821495056	0	0	0	0
TG	META	AFR	7	26	6687	5	23.9877560138702	0	0	0	0
TG	META	AFR	7	29	4678	5	9.49450922012329	0	0	0	0
TG	META	AFR	7	30	5866	5	15.253696680069	0	0	0	0
TG	META	AFR	7	31	4972	5	9.03941130638123	0	0	0	0
TG	META	AFR	7	32	5544	5	12.9178462028503	0	0	0	0
TG	META	AFR	7	33	7273	5	20.5711450576782	0	0	0	0
TG	META	AFR	7	35	6119	5	15.4912564754486	0	0	1	6
TG	META	AFR	7	37	5776	5	11.6612207889557	0	0	0	0
TG	META	AFR	7	41	5446	5	13.8409721851349	0	0	0	0
TG	META	AFR	7	42	5379	5	12.4542987346649	0	0	0	0
TG	META	AFR	7	43	7807	5	27.6344413757324	0	0	0	0
TG	META	AFR	7	44	1133	5	1.13091516494751	0	0	0	0
TG	META	AFR	7	45	2241	5	2.41659712791443	0	0	0	0
TG	META	AFR	7	48	1160	5	1.03417730331421	0	0	0	0
TG	META	AFR	7	50	3875	5	5.30605125427246	0	0	0	0
TG	META	AFR	7	54	6545	5	18.3798022270203	0	0	0	0
TG	META	AFR	7	58	5373	5	13.9816098213196	0	0	0	0
TG	META	AFR	7	64	450	5	2.35801672935486	0	0	0	0
TG	META	AFR	7	66	2336	5	3.50637912750244	0	0	0	0
TG	META	AFR	7	67	14047	5	97.4243602752686	0	1	0	0
TG	META	AFR	7	69	3311	5	3.96049356460571	0	0	0	0
TG	META	AFR	7	73	2004	5	1.66411709785461	0	0	0	0
TG	META	AFR	7	74	2476	5	3.74716401100159	0	0	0	0
TG	META	AFR	7	85	7164	5	19.7109713554382	0	0	1	6
TG	META	AFR	7	86	2015	5	1.64584159851074	0	0	0	0
TG	META	AFR	7	87	682	5	0.990622043609619	0	0	0	0
TG	META	AFR	7	88	8765	5	39.8429424762726	0	0	0	0
TG	META	AFR	7	93	2437	5	3.20891308784485	0	1	0	0
TG	META	AFR	7	95	3286	5	6.41654396057129	0	0	0	0
TG	META	AFR	7	103	4142	5	6.26528573036194	0	0	0	0
TG	META	AFR	7	109	4709	5	8.04549098014832	0	0	0	0
TG	META	AFR	7	114	9454	5	42.413578748703	0	0	0	0
TG	META	AFR	7	118	1965	5	1.87455296516418	0	0	0	0
TG	META	AFR	7	119	3636	5	5.73670244216919	0	0	0	0
TG	META	AFR	7	120	732	5	2.69663238525391	0	0	0	0
TG	META	AFR	7	121	10640	5	63.3048801422119	0	0	0	0
TG	META	AFR	7	125	6348	5	19.6881768703461	0	0	0	0
TG	META	AFR	7	127	1698	5	1.54079914093018	0	0	0	0
TG	META	AFR	7	128	1908	5	4.15807628631592	0	0	0	0
TG	META	AFR	7	132	12268	5	74.444319486618	0	0	0	0
TG	META	AFR	7	133	11011	5	57.5351781845093	0	0	0	0
TG	META	AFR	7	143	1764	5	2.00231385231018	0	0	0	0
TG	META	AFR	7	145	4044	5	6.41725873947144	0	0	0	0
TG	META	AFR	7	147	2642	5	2.73332047462463	0	0	0	0
TG	META	AFR	7	148	3398	5	5.66961741447449	0	0	0	0
TG	META	AFR	7	161	1290	5	1.09066367149353	0	0	0	0
TG	META	AFR	7	162	10855	5	60.3200719356537	0	0	0	0
TG	META	AFR	7	169	1241	5	2.60520148277283	0	0	0	0
TG	META	AFR	7	177	1758	5	1.52092170715332	0	0	0	0
TG	META	AFR	7	184	4805	5	9.48177480697632	0	0	0	0
TG	META	AFR	8	13	1822	5	1.51474165916443	0	0	0	0
TG	META	AFR	8	17	5510	5	15.7922253608704	0	0	0	0
TG	META	AFR	8	20	4547	5	21.0285537242889	0	0	0	0
TG	META	AFR	8	21	4634	5	8.00014901161194	0	0	0	0
TG	META	AFR	8	24	10939	5	55.3164718151093	0	0	0	0
TG	META	AFR	8	27	3486	5	3.94923734664917	0	0	0	0
TG	META	AFR	8	28	2173	5	3.39766097068787	0	0	0	0
TG	META	AFR	8	29	9673	5	51.2096738815308	0	0	0	0
TG	META	AFR	8	31	1218	5	1.15645813941956	0	0	1	15
TG	META	AFR	8	32	6646	5	619.965157270432	2	2	2	2
TG	META	AFR	8	33	5435	5	11.8867785930634	0	1	0	0
TG	META	AFR	8	34	2703	5	3.22572994232178	0	0	0	0
TG	META	AFR	8	35	2098	5	3.35159611701965	0	0	0	0
TG	META	AFR	8	38	2096	5	2.04150676727295	0	0	0	0
TG	META	AFR	8	39	3950	5	6.54697132110596	0	0	0	0
TG	META	AFR	8	40	5688	5	15.6657929420471	0	0	0	0
TG	META	AFR	8	41	3681	5	6.81081390380859	0	0	0	0
TG	META	AFR	8	42	6573	5	17.5064151287079	0	0	0	0
TG	META	AFR	8	46	2177	5	1.97642302513123	0	0	0	0
TG	META	AFR	8	48	5503	5	11.2572898864746	0	0	0	0
TG	META	AFR	8	51	8737	5	37.4743430614471	0	0	0	0
TG	META	AFR	8	53	4485	5	12.4085562229156	0	0	0	0
TG	META	AFR	8	54	1669	5	1.45929980278015	0	0	0	0
TG	META	AFR	8	55	3894	5	5.01418542861938	0	0	0	0
TG	META	AFR	8	65	3269	5	4.46638011932373	0	0	0	0
TG	META	AFR	8	66	7741	5	21.8722312450409	0	0	0	0
TG	META	AFR	8	68	4306	5	7.27848672866821	0	0	0	0
TG	META	AFR	8	69	9021	5	41.1129243373871	0	0	0	0
TG	META	AFR	8	71	5806	5	13.6069445610046	0	0	0	0
TG	META	AFR	8	77	5145	5	17.3843231201172	0	0	0	0
TG	META	AFR	8	78	1092	5	0.985347509384155	0	0	0	0
TG	META	AFR	8	80	2309	5	4.31134343147278	0	1	0	0
TG	META	AFR	8	83	9655	5	46.5377726554871	0	0	0	0
TG	META	AFR	8	84	12591	5	88.1530206203461	0	0	0	0
TG	META	AFR	8	85	5070	5	9.87278079986572	0	0	0	0
TG	META	AFR	8	86	1143	5	0.984441518783569	0	1	0	0
TG	META	AFR	8	88	6083	5	14.9938752651215	0	0	0	0
TG	META	AFR	8	92	6367	5	15.8063726425171	0	0	0	0
TG	META	AFR	8	107	1835	5	2.18346619606018	0	0	0	0
TG	META	AFR	8	108	9502	5	37.5663049221039	0	0	0	0
TG	META	AFR	8	113	3748	5	5.47034120559692	0	0	0	0
TG	META	AFR	8	114	3564	5	4.65364861488342	0	0	0	0
TG	META	AFR	8	124	3298	5	5.27088689804077	0	0	0	0
TG	META	AFR	8	125	1432	5	1.25467562675476	2	2	2	2
TG	META	AFR	8	126	408	5	0.688234090805054	0	0	0	0
TG	META	AFR	8	130	2972	5	6.74624514579773	0	0	0	0
TG	META	AFR	8	133	5072	5	9.98408126831055	0	0	0	0
TG	META	AFR	8	141	3257	5	3.46648573875427	0	0	0	0
TG	META	AFR	8	154	3427	5	5.28812479972839	0	0	0	0
TG	META	AFR	8	159	4384	5	8.55693006515503	0	0	0	0
TG	META	AFR	9	1	8621	5	41.4800984859467	0	0	0	0
TG	META	AFR	9	4	4547	5	8.19260334968567	0	0	0	0
TG	META	AFR	9	9	3469	5	4.39826464653015	0	0	0	0
TG	META	AFR	9	13	8671	5	36.3896396160126	0	0	0	0
TG	META	AFR	9	27	12046	5	64.5086870193481	0	0	0	0
TG	META	AFR	9	28	3538	5	5.38050317764282	0	0	0	0
TG	META	AFR	9	31	6975	5	41.6720688343048	0	0	0	0
TG	META	AFR	9	32	2684	5	4.07631230354309	0	0	0	0
TG	META	AFR	9	33	4881	5	9.58123421669006	0	0	0	0
TG	META	AFR	9	39	2029	5	2.48570108413696	0	0	0	0
TG	META	AFR	9	41	654	5	0.637703418731689	0	0	0	0
TG	META	AFR	9	48	1156	5	1.04293823242188	0	0	0	0
TG	META	AFR	9	50	6922	5	17.43315076828	0	0	0	0
TG	META	AFR	9	53	8749	5	35.6385204792023	0	0	0	0
TG	META	AFR	9	71	565	5	0.721916437149048	0	0	0	0
TG	META	AFR	9	72	1338	5	1.12169981002808	0	0	0	0
TG	META	AFR	9	77	3009	5	5.89863157272339	0	0	0	0
TG	META	AFR	9	84	4238	5	9.87045621871948	0	0	0	0
TG	META	AFR	9	93	5597	5	12.3007264137268	0	0	0	0
TG	META	AFR	9	97	2068	5	1.91307044029236	0	0	0	0
TG	META	AFR	9	98	6781	5	19.0391945838928	0	0	0	0
TG	META	AFR	9	100	6431	5	20.6461942195892	0	0	0	0
TG	META	AFR	9	102	7264	5	22.9995534420013	0	0	0	0
TG	META	AFR	9	105	1331	5	1.70693635940552	0	0	0	0
TG	META	AFR	9	106	6214	5	38.0296659469604	0	0	0	0
TG	META	AFR	9	107	1662	5	1.37064146995544	0	0	0	0
TG	META	AFR	9	110	8498	5	40.7071762084961	0	0	0	0
TG	META	AFR	9	111	324	5	0.658846855163574	0	0	0	0
TG	META	AFR	9	112	7397	5	22.385155916214	0	0	1	23
TG	META	AFR	9	114	2474	5	3.01982808113098	0	0	0	0
TG	META	AFR	9	115	7684	5	32.5588510036469	0	0	0	0
TG	META	AFR	9	116	3686	5	4.35693907737732	0	0	0	0
TG	META	AFR	9	118	9353	5	42.9763944149017	0	0	0	0
TG	META	AFR	9	124	3492	5	4.65716552734375	0	0	0	0
TG	META	AFR	9	128	362	5	0.869702816009521	0	0	0	0
TG	META	AFR	9	129	5190	5	10.1758191585541	0	0	0	0
TG	META	AFR	9	134	9724	5	101.831254243851	0	0	0	0
TG	META	AFR	9	135	4255	5	9.1570143699646	0	0	0	0
TG	META	AFR	9	136	4134	5	7.50205326080322	0	0	0	0
TG	META	AFR	9	138	6651	5	25.0049192905426	0	0	0	0
TG	META	AFR	9	140	10079	5	42.2030575275421	0	0	0	0
TG	META	AFR	9	142	3148	5	4.16618275642395	0	0	0	0
TG	META	AFR	9	149	3558	5	4.94769597053528	0	0	0	0
TG	META	AFR	9	160	1402	5	2.07054305076599	0	0	0	0
TG	META	AFR	9	161	1289	5	1.1080493927002	0	0	0	0
TG	META	AFR	10	13	4413	5	8.1330828666687	0	0	0	0
TG	META	AFR	10	14	5559	5	26.125227689743	0	0	0	0
TG	META	AFR	10	20	185	5	0.712267637252808	0	0	0	0
TG	META	AFR	10	22	4781	5	8.79827213287354	0	0	0	0
TG	META	AFR	10	26	5229	5	10.0694310665131	0	0	0	0
TG	META	AFR	10	34	1657	5	1.35607123374939	0	0	0	0
TG	META	AFR	10	43	3967	5	6.23211479187012	0	0	0	0
TG	META	AFR	10	44	2240	5	2.06859159469604	0	0	0	0
TG	META	AFR	10	45	6390	5	29.3004748821259	0	0	0	0
TG	META	AFR	10	48	9254	5	44.0668487548828	0	0	0	0
TG	META	AFR	10	49	5369	5	11.9552185535431	0	0	0	0
TG	META	AFR	10	59	4338	5	8.10490489006042	0	0	0	0
TG	META	AFR	10	60	7928	5	30.023606300354	0	0	0	0
TG	META	AFR	10	61	2635	5	4.42389488220215	0	0	0	0
TG	META	AFR	10	64	1105	5	1.3981192111969	0	0	0	0
TG	META	AFR	10	70	6192	5	17.877562046051	0	0	0	0
TG	META	AFR	10	76	11559	5	73.0841674804688	0	0	0	0
TG	META	AFR	10	78	3132	5	10.9503967761993	0	0	0	0
TG	META	AFR	10	79	6491	5	16.308465719223	0	0	0	0
TG	META	AFR	10	80	5985	5	14.4933168888092	0	0	0	0
TG	META	AFR	10	81	7075	5	25.1907525062561	0	0	1	66
TG	META	AFR	10	84	11171	5	61.0456268787384	0	1	1	3
TG	META	AFR	10	85	1885	5	1.77601957321167	0	0	0	0
TG	META	AFR	10	92	10809	5	126.656093358994	0	0	0	0
TG	META	AFR	10	93	1940	5	1.62334513664246	0	0	0	0
TG	META	AFR	10	99	384	5	0.532930374145508	0	0	0	0
TG	META	AFR	10	100	1742	5	3.13183617591858	0	0	0	0
TG	META	AFR	10	109	6707	5	19.9116671085358	0	0	0	0
TG	META	AFR	10	110	2028	5	2.92768383026123	0	0	0	0
TG	META	AFR	10	111	3197	5	6.14627361297607	0	0	0	0
TG	META	AFR	10	112	1286	5	0.960619449615479	0	0	0	0
TG	META	AFR	10	117	7913	5	34.3073129653931	0	1	0	0
TG	META	AFR	10	120	5610	5	12.7376487255096	0	0	0	0
TG	META	AFR	10	123	5305	5	14.8288798332214	0	1	0	0
TG	META	AFR	10	124	1531	5	1.78685784339905	0	0	0	0
TG	META	AFR	10	126	7162	5	22.3248009681702	0	0	0	0
TG	META	AFR	10	129	8118	5	20.98797082901	0	0	0	0
TG	META	AFR	10	131	7386	5	22.5821471214294	0	0	0	0
TG	META	AFR	10	136	9946	5	44.5030546188354	0	0	0	0
TG	META	AFR	10	137	6967	5	18.7613184452057	0	0	0	0
TG	META	AFR	10	138	1218	5	1.06918025016785	0	0	0	0
TG	META	AFR	10	140	1542	5	1.27440118789673	0	0	0	0
TG	META	AFR	10	142	2363	5	3.63429689407349	0	0	0	0
TG	META	AFR	10	144	2760	5	2.87188816070557	0	0	0	0
TG	META	AFR	10	145	2583	5	3.44285178184509	0	0	0	0
TG	META	AFR	10	148	4317	5	6.95309543609619	0	0	0	0
TG	META	AFR	10	152	3847	5	5.4315173625946	0	0	0	0
TG	META	AFR	10	167	752	5	2.09573674201965	0	0	0	0
TG	META	AFR	10	176	5587	5	27.9530713558197	0	0	0	0
TG	META	AFR	10	177	3452	5	4.63094401359558	0	0	0	0
TG	META	AFR	11	2	4280	5	6.4920597076416	0	0	0	0
TG	META	AFR	11	4	3337	5	4.8411123752594	0	0	0	0
TG	META	AFR	11	7	2482	5	2.24547147750854	0	0	0	0
TG	META	AFR	11	11	6071	5	16.596097946167	0	1	0	0
TG	META	AFR	11	14	4676	5	8.47845220565796	0	0	0	0
TG	META	AFR	11	19	2461	5	3.59200882911682	0	0	0	0
TG	META	AFR	11	22	2159	5	1.91243362426758	0	0	0	0
TG	META	AFR	11	27	4702	5	10.1843583583832	0	0	0	0
TG	META	AFR	11	28	3445	5	5.12429451942444	0	0	0	0
TG	META	AFR	11	29	2537	5	2.86458015441895	0	0	0	0
TG	META	AFR	11	33	4165	5	13.2371520996094	0	0	0	0
TG	META	AFR	11	51	4831	5	8.61875319480896	0	0	0	0
TG	META	AFR	11	52	2654	5	5.91983866691589	0	0	0	0
TG	META	AFR	11	53	5970	5	12.7499265670776	0	0	0	0
TG	META	AFR	11	54	4344	5	6.79494786262512	0	0	0	0
TG	META	AFR	11	56	996	5	1.04569292068481	0	0	0	0
TG	META	AFR	11	57	4305	5	6.90032696723938	0	0	0	0
TG	META	AFR	11	65	4075	5	4.91599321365356	0	0	0	0
TG	META	AFR	11	70	7813	5	22.4256045818329	0	0	0	0
TG	META	AFR	11	75	3581	5	10.0180819034576	0	0	0	0
TG	META	AFR	11	76	4239	5	7.37011790275574	0	1	1	11
TG	META	AFR	11	77	4315	5	7.23746109008789	0	0	0	0
TG	META	AFR	11	78	4466	5	10.0816731452942	0	0	0	0
TG	META	AFR	11	79	9636	5	37.7699043750763	0	0	0	0
TG	META	AFR	11	80	6607	5	15.1865603923798	0	0	0	0
TG	META	AFR	11	81	3991	5	5.35168313980103	0	0	0	0
TG	META	AFR	11	83	3189	5	4.32652544975281	0	0	0	0
TG	META	AFR	11	89	829	5	0.803628921508789	0	0	0	0
TG	META	AFR	11	90	10059	5	47.3834495544434	0	0	0	0
TG	META	AFR	11	104	9132	5	93.6436557769775	0	0	0	0
TG	META	AFR	11	108	1718	5	1.37951898574829	0	0	0	0
TG	META	AFR	11	112	5550	5	10.3179249763489	0	0	0	0
TG	META	AFR	11	114	3752	5	8.06758308410645	0	0	0	0
TG	META	AFR	11	117	10667	5	55.9201714992523	0	0	0	0
TG	META	AFR	11	121	4624	5	9.34959721565247	0	0	0	0
TG	META	AFR	11	123	3001	5	3.78593516349792	0	0	0	0
TG	META	AFR	11	125	4146	5	6.22899222373962	0	0	0	0
TG	META	AFR	11	126	9551	5	37.5654804706573	0	0	0	0
TG	META	AFR	11	127	1047	5	0.983810901641846	0	0	0	0
TG	META	AFR	11	128	607	5	0.667545795440674	0	0	0	0
TG	META	AFR	11	129	4573	10	71.6103363037109	5	8	9	23
TG	META	AFR	11	130	2322	5	2.14757800102234	0	0	0	0
TG	META	AFR	11	131	465	5	1.7460618019104	0	0	0	0
TG	META	AFR	11	133	4767	5	10.6079211235046	0	0	0	0
TG	META	AFR	11	134	6118	5	30.6797776222229	0	0	0	0
TG	META	AFR	11	138	2910	5	4.45639491081238	0	1	0	0
TG	META	AFR	11	140	2538	5	2.44898533821106	0	0	0	0
TG	META	AFR	11	147	8712	5	98.8193633556366	0	0	0	0
TG	META	AFR	11	149	6795	5	24.1681201457977	0	1	0	0
TG	META	AFR	11	151	3114	5	3.41869306564331	0	0	0	0
TG	META	AFR	11	162	3121	5	3.75060749053955	0	0	0	0
TG	META	AFR	12	1	2826	5	2.70482397079468	0	0	0	0
TG	META	AFR	12	4	3212	5	10.347993850708	0	0	0	0
TG	META	AFR	12	12	1651	5	1.33256864547729	0	0	0	0
TG	META	AFR	12	13	3088	5	4.92900061607361	0	0	0	0
TG	META	AFR	12	17	2151	5	2.15615177154541	0	0	0	0
TG	META	AFR	12	18	4409	5	18.7812783718109	0	0	0	0
TG	META	AFR	12	23	6216	5	19.4018778800964	0	0	0	0
TG	META	AFR	12	26	918	5	0.898495674133301	0	0	0	0
TG	META	AFR	12	28	3477	5	3.87853527069092	0	0	0	0
TG	META	AFR	12	29	642	5	0.791276216506958	0	0	0	0
TG	META	AFR	12	31	1316	5	2.10707783699036	0	0	0	0
TG	META	AFR	12	32	4695	5	7.63322901725769	0	0	0	0
TG	META	AFR	12	33	4158	5	6.87602472305298	0	0	0	0
TG	META	AFR	12	34	3429	5	14.490706205368	0	0	0	0
TG	META	AFR	12	35	1853	5	1.58274006843567	0	0	0	0
TG	META	AFR	12	38	6232	5	32.9113845825195	0	0	0	0
TG	META	AFR	12	40	2323	5	2.76696705818176	0	1	0	0
TG	META	AFR	12	41	1525	5	1.2452864646911599	0	0	0	0
TG	META	AFR	12	42	9586	5	51.4209136962891	0	0	0	0
TG	META	AFR	12	45	3742	5	5.57060551643372	0	0	0	0
TG	META	AFR	12	47	1512	5	1.34024691581726	0	0	0	0
TG	META	AFR	12	48	5272	5	13.3598153591156	0	0	0	0
TG	META	AFR	12	49	5823	5	15.121871471405	0	0	0	0
TG	META	AFR	12	51	3466	5	5.00934338569641	0	0	0	0
TG	META	AFR	12	57	7387	5	50.3935298919678	0	0	0	0
TG	META	AFR	12	58	4458	5	6.46265602111816	0	0	0	0
TG	META	AFR	12	59	6832	5	39.2632482051849	0	0	0	0
TG	META	AFR	12	60	3220	5	3.79146432876587	0	0	0	0
TG	META	AFR	12	62	4119	5	6.94539332389832	0	0	0	0
TG	META	AFR	12	63	5012	5	11.2270829677582	0	0	0	0
TG	META	AFR	12	64	3338	5	4.11884140968323	0	0	0	0
TG	META	AFR	12	66	5569	5	27.1500375270844	0	0	0	0
TG	META	AFR	12	67	2997	5	3.56839442253113	0	0	0	0
TG	META	AFR	12	68	1957	5	3.55117726325989	0	0	0	0
TG	META	AFR	12	69	5623	5	18.5118563175201	0	0	0	0
TG	META	AFR	12	70	2620	5	3.8107283115387	0	0	0	0
TG	META	AFR	12	71	6630	5	17.9282882213593	0	0	0	0
TG	META	AFR	12	72	17719	5	455.917869567871	0	0	0	0
TG	META	AFR	12	73	5600	5	11.8568263053894	0	0	0	0
TG	META	AFR	12	74	6578	5	14.8788771629333	0	0	0	0
TG	META	AFR	12	75	807	5	0.701490163803101	0	0	0	0
TG	META	AFR	12	76	3326	5	8.1386411190033	0	1	0	0
TG	META	AFR	12	77	2903	5	3.83073234558105	0	0	0	0
TG	META	AFR	12	80	6780	5	19.6111693382263	0	1	0	0
TG	META	AFR	12	88	6204	5	16.9028759002686	0	0	0	0
TG	META	AFR	12	92	8278	5	77.500328540802	0	0	0	0
TG	META	AFR	12	94	7020	5	44.2854850292206	0	0	0	0
TG	META	AFR	12	102	1871	5	1.70765328407288	0	0	0	0
TG	META	AFR	12	103	719	5	1.5400390625	0	0	0	0
TG	META	AFR	12	104	5337	5	10.1541061401367	0	0	0	0
TG	META	AFR	12	113	4916	5	7.86734485626221	0	0	0	0
TG	META	AFR	12	114	4779	5	20.2290503978729	0	0	0	0
TG	META	AFR	12	117	5360	5	11.7772762775421	0	0	0	0
TG	META	AFR	12	119	9521	5	106.033816099167	0	0	0	0
TG	META	AFR	12	120	2449	5	2.84070491790771	0	0	0	0
TG	META	AFR	12	121	3620	5	14.3244891166687	0	0	0	0
TG	META	AFR	12	122	8950	5	45.335090637207	0	0	0	0
TG	META	AFR	12	125	5186	5	11.2500739097595	0	0	0	0
TG	META	AFR	12	128	819	5	0.8528733253479	0	0	0	0
TG	META	AFR	12	132	4740	5	19.811484336853	0	0	0	0
TG	META	AFR	12	138	8922	5	30.7398946285248	0	0	0	0
TG	META	AFR	12	139	12323	5	63.238005399704	0	0	0	0
TG	META	AFR	12	140	2136	5	4.48915576934814	0	1	0	0
TG	META	AFR	12	141	3051	5	3.33560824394226	0	0	0	0
TG	META	AFR	13	8	4390	5	7.40449643135071	0	0	0	0
TG	META	AFR	13	13	3004	5	10.3528034687042	0	0	0	0
TG	META	AFR	13	16	4524	5	8.06919646263123	0	0	0	0
TG	META	AFR	13	20	4310	5	7.83307385444641	0	0	0	0
TG	META	AFR	13	21	5993	5	19.6532411575317	0	0	0	0
TG	META	AFR	13	36	3562	5	3.82373833656311	0	1	0	0
TG	META	AFR	13	40	3867	5	10.7859508991241	0	0	0	0
TG	META	AFR	13	45	4752	5	29.2169995307922	0	0	0	0
TG	META	AFR	13	47	2846	5	3.1273467540741	0	0	0	0
TG	META	AFR	13	50	8693	5	34.8163235187531	0	0	0	0
TG	META	AFR	13	53	4758	5	14.1555957794189	0	0	0	0
TG	META	AFR	13	54	15315	5	192.35605931282	0	0	0	0
TG	META	AFR	13	55	6160	5	13.3286783695221	0	0	0	0
TG	META	AFR	13	58	9130	5	55.9304375648499	0	0	0	0
TG	META	AFR	13	60	4906	5	20.1594054698944	0	0	0	0
TG	META	AFR	13	64	2487	5	2.3348593711853	0	0	0	0
TG	META	AFR	13	70	5741	5	10.3050310611725	0	0	0	0
TG	META	AFR	13	72	4101	5	15.6419548988342	0	0	0	0
TG	META	AFR	13	84	3148	5	9.28073024749756	0	0	0	0
TG	META	AFR	13	88	2010	5	2.01551485061646	0	0	0	0
TG	META	AFR	13	90	5939	5	27.9253442287445	0	0	0	0
TG	META	AFR	13	95	1899	5	4.16451406478882	0	0	0	0
TG	META	AFR	13	96	2031	5	2.71768569946289	0	0	0	0
TG	META	AFR	13	108	1056	5	2.65518879890442	0	0	0	0
TG	META	AFR	13	115	1837	5	1.41746973991394	0	0	0	0
TG	META	AFR	13	118	3266	5	3.71304821968079	0	0	0	0
TG	META	AFR	13	125	5114	5	10.5130727291107	0	0	0	0
TG	META	AFR	14	11	2173	5	1.96680736541748	0	0	0	0
TG	META	AFR	14	13	1227	5	3.23434686660767	0	0	0	0
TG	META	AFR	14	14	7456	5	22.4604208469391	0	0	0	0
TG	META	AFR	14	19	5527	5	9.86387944221497	0	0	0	0
TG	META	AFR	14	24	2101	5	1.90301823616028	0	0	0	0
TG	META	AFR	14	31	7057	5	15.8971254825592	0	0	0	0
TG	META	AFR	14	35	7201	5	17.2423624992371	0	0	0	0
TG	META	AFR	14	42	3965	5	16.4434945583344	0	0	0	0
TG	META	AFR	14	44	3689	5	4.28828382492065	0	0	1	8
TG	META	AFR	14	46	3342	5	5.46543645858765	0	0	0	0
TG	META	AFR	14	47	6418	5	30.5612032413483	0	0	0	0
TG	META	AFR	14	51	5386	5	12.0082166194916	0	0	0	0
TG	META	AFR	14	56	2574	5	2.76684546470642	0	0	0	0
TG	META	AFR	14	57	9634	5	47.3925490379333	0	0	0	0
TG	META	AFR	14	63	8531	5	83.4762995243073	0	0	0	0
TG	META	AFR	14	64	2602	5	6.54705691337585	0	0	0	0
TG	META	AFR	14	66	4388	5	6.80822396278381	0	0	0	0
TG	META	AFR	14	67	5457	5	9.52345037460327	0	0	0	0
TG	META	AFR	14	70	6285	5	15.4721066951752	0	0	0	0
TG	META	AFR	14	72	8333	5	28.3435876369476	0	0	0	0
TG	META	AFR	14	80	1205	5	3.07904696464539	0	0	0	0
TG	META	AFR	14	81	6863	5	19.6391682624817	0	0	0	0
TG	META	AFR	14	84	2252	5	2.37255907058716	0	0	0	0
TG	META	AFR	14	95	1780	5	4.76950931549072	0	0	0	0
TG	META	AFR	14	96	608	5	0.68156909942627	0	0	0	0
TG	META	AFR	14	105	2636	5	2.48078632354736	0	0	0	0
TG	META	AFR	14	106	2336	5	2.15763306617737	0	0	0	0
TG	META	AFR	14	120	1904	5	5.56870913505554	0	0	0	0
TG	META	AFR	14	121	6054	5	11.5101079940796	0	0	0	0
TG	META	AFR	14	126	7217	5	21.0190570354462	0	0	0	0
TG	META	AFR	14	127	4978	5	9.31785011291504	0	0	0	0
TG	META	AFR	14	129	3477	5	9.38431978225708	0	0	0	0
TG	META	AFR	15	22	6927	5	39.9357781410217	0	0	0	0
TG	META	AFR	15	28	3852	5	8.50336217880249	0	0	0	0
TG	META	AFR	15	34	1751	5	1.29525876045227	0	0	0	0
TG	META	AFR	15	35	5014	5	9.30567860603333	0	0	0	0
TG	META	AFR	15	37	6765	5	17.0246915817261	0	0	0	0
TG	META	AFR	15	38	7893	5	27.8812637329102	0	0	0	0
TG	META	AFR	15	39	6015	5	23.8652834892273	0	0	0	0
TG	META	AFR	15	41	5395	5	10.6406388282776	0	0	0	0
TG	META	AFR	15	45	11854	5	68.3766765594482	0	0	0	0
TG	META	AFR	15	48	10467	5	64.1820962429047	0	0	0	0
TG	META	AFR	15	49	1095	5	0.880362033843994	0	0	0	0
TG	META	AFR	15	50	5279	5	9.46988010406494	0	0	0	0
TG	META	AFR	15	52	3613	5	5.83910369873047	0	0	0	0
TG	META	AFR	15	53	693	5	0.683332920074463	0	1	1	2
TG	META	AFR	15	54	4234	5	6.05973434448242	0	0	0	0
TG	META	AFR	15	56	4671	5	7.38903379440308	0	0	0	0
TG	META	AFR	15	59	8092	5	23.109081029892	0	0	0	0
TG	META	AFR	15	62	10422	5	47.6516587734222	0	0	0	0
TG	META	AFR	15	64	3036	5	4.28979396820068	0	0	0	0
TG	META	AFR	15	66	5818	5	12.9427874088287	0	0	0	0
TG	META	AFR	15	71	205	5	0.658081769943237	0	0	0	0
TG	META	AFR	15	72	1876	5	1.53093600273132	0	0	0	0
TG	META	AFR	15	73	2184	5	2.86597156524658	0	0	0	0
TG	META	AFR	15	85	4991	5	28.6978805065155	0	0	0	0
TG	META	AFR	15	99	632	5	0.678975582122803	0	0	0	0
TG	META	AFR	15	108	1777	5	1.57229280471802	0	0	0	0
TG	META	AFR	15	111	3109	5	4.04581189155579	0	0	0	0
TG	META	AFR	15	117	1863	5	1.61350035667419	0	0	0	0
TG	META	AFR	15	118	1202	5	2.26142001152039	0	0	0	0
TG	META	AFR	16	1	4144	5	7.57344818115234	0	0	0	0
TG	META	AFR	16	2	1038	5	1.17584252357483	0	0	0	0
TG	META	AFR	16	4	5215	5	10.7793338298798	0	0	0	0
TG	META	AFR	16	5	2182	5	1.82788014411926	0	0	0	0
TG	META	AFR	16	7	3705	5	4.95768141746521	0	0	0	0
TG	META	AFR	16	9	5541	5	26.170288801193198	0	0	0	0
TG	META	AFR	16	17	1688	5	1.27678251266479	0	0	0	0
TG	META	AFR	16	24	1957	5	1.75063252449036	0	0	0	0
TG	META	AFR	16	25	4194	5	6.0845160484314	0	0	0	0
TG	META	AFR	16	33	8148	5	38.1031007766724	0	0	0	0
TG	META	AFR	16	37	5929	5	48.4580073356628	0	0	0	0
TG	META	AFR	16	59	4057	5	12.1736662387848	0	0	0	0
TG	META	AFR	16	62	2974	5	9.11163949966431	0	0	0	0
TG	META	AFR	16	64	1353	5	0.987492084503174	0	0	0	0
TG	META	AFR	16	68	3553	5	4.07447743415833	0	0	0	0
TG	META	AFR	16	75	5598	5	21.3223662376404	0	1	1	3
TG	META	AFR	16	76	3795	5	5.50796318054199	0	0	0	0
TG	META	AFR	16	85	9492	5	43.7325909137726	0	0	0	0
TG	META	AFR	16	88	8751	5	32.9749276638031	0	0	0	0
TG	META	AFR	16	89	11501	5	56.4495186805725	0	1	0	0
TG	META	AFR	16	90	2683	5	2.56154608726501	0	0	0	0
TG	META	AFR	16	93	9257	5	34.6270108222961	0	0	0	0
TG	META	AFR	16	94	9923	5	40.8592720031738	0	0	0	0
TG	META	AFR	16	100	637	5	2.38917541503906	0	0	0	0
TG	META	AFR	16	103	12847	5	61.3640553951263	0	0	0	0
TG	META	AFR	16	104	3572	5	14.3379650115967	0	1	0	0
TG	META	AFR	16	105	2929	5	2.92889618873596	0	0	0	0
TG	META	AFR	16	107	3419	5	6.53205442428589	0	0	0	0
TG	META	AFR	16	110	2915	5	3.30951285362244	0	0	0	0
TG	META	AFR	16	114	2243	5	4.10658001899719	0	1	0	0
TG	META	AFR	16	116	2676	5	5.91206693649292	0	0	0	0
TG	META	AFR	16	119	3799	5	4.38521909713745	0	0	0	0
TG	META	AFR	16	125	3217	5	3.70035982131958	0	0	0	0
TG	META	AFR	16	128	11526	5	65.8438737392426	0	0	0	0
TG	META	AFR	17	3	3276	5	10.2676608562469	0	0	0	0
TG	META	AFR	17	8	460	5	0.756021499633789	0	0	0	0
TG	META	AFR	17	9	5553	5	11.520435333252	0	0	0	0
TG	META	AFR	17	15	295	5	1.56533217430115	0	0	0	0
TG	META	AFR	17	16	1101	5	0.942529678344727	0	0	0	0
TG	META	AFR	17	17	5662	5	12.5508615970612	0	0	0	0
TG	META	AFR	17	23	2058	5	1.87141942977905	0	0	0	0
TG	META	AFR	17	24	3495	5	3.96830224990845	0	0	0	0
TG	META	AFR	17	45	248	5	0.569310188293457	0	0	0	0
TG	META	AFR	17	51	8748	5	35.2408995628357	0	0	0	0
TG	META	AFR	17	55	10957	5	48.8025243282318	0	0	0	0
TG	META	AFR	17	66	666	5	0.721106290817261	0	0	0	0
TG	META	AFR	17	73	8540	5	669.971858024597	0	0	0	0
TG	META	AFR	17	74	9211	5	39.7661752700806	0	0	0	0
TG	META	AFR	17	75	6858	5	16.5977902412415	0	0	0	0
TG	META	AFR	17	76	3405	5	10.9356017112732	0	0	0	0
TG	META	AFR	17	79	3253	5	3.54917740821838	0	0	0	0
TG	META	AFR	17	80	3811	5	4.34799194335938	0	0	0	0
TG	META	AFR	17	87	2526	5	3.01808476448059	0	0	0	0
TG	META	AFR	17	90	8569	5	83.5405149459839	0	0	0	0
TG	META	AFR	17	94	4401	5	9.3237988948822	0	0	0	0
TG	META	AFR	17	97	5989	5	12.6498026847839	0	0	0	0
TG	META	AFR	17	98	3091	5	4.58834171295166	0	0	0	0
TG	META	AFR	17	99	566	5	0.657912015914917	0	0	0	0
TG	META	AFR	17	100	3928	5	5.70650100708008	0	0	0	0
TG	META	AFR	17	101	2826	5	2.87088584899902	0	0	0	0
TG	META	AFR	17	102	2331	5	1.89399838447571	0	0	0	0
TG	META	AFR	17	103	2198	5	1.92111587524414	0	0	0	0
TG	META	AFR	17	105	3811	5	13.2275490760803	0	0	0	0
TG	META	AFR	17	108	587	5	0.675160646438599	0	0	0	0
TG	META	AFR	17	117	4887	5	10.5426232814789	0	0	0	0
TG	META	AFR	17	118	4059	5	7.08064150810242	0	0	0	0
TG	META	AFR	17	123	3901	5	14.3110427856445	0	1	0	0
TG	META	AFR	17	125	5751	5	12.2438254356384	0	0	0	0
TG	META	AFR	17	133	2406	5	2.18264269828796	0	0	0	0
TG	META	AFR	18	1	1804	5	1.41716480255127	0	0	0	0
TG	META	AFR	18	6	1544	5	1.19395303726196	0	1	0	0
TG	META	AFR	18	7	3649	5	4.78982925415039	0	0	0	0
TG	META	AFR	18	22	1221	5	3.97958970069885	0	0	0	0
TG	META	AFR	18	23	1299	5	1.03613805770874	0	0	0	0
TG	META	AFR	18	28	3926	5	6.03617215156555	0	0	1	7
TG	META	AFR	18	39	7582	5	17.8575944900513	0	0	0	0
TG	META	AFR	18	41	11091	5	55.4046900272369	0	0	0	0
TG	META	AFR	18	42	6173	5	41.8073136806488	0	0	0	0
TG	META	AFR	18	52	4333	5	19.3541476726532	0	0	0	0
TG	META	AFR	18	60	6801	5	15.4080362319946	0	0	0	0
TG	META	AFR	18	61	5647	5	14.3239095211029	0	0	0	0
TG	META	AFR	18	65	5765	5	30.3795764446259	0	0	0	0
TG	META	AFR	18	69	9400	5	33.0384886264801	0	0	0	0
TG	META	AFR	18	74	8927	5	32.7693607807159	0	0	0	0
TG	META	AFR	18	77	1357	5	3.2274386882782	0	0	0	0
TG	META	AFR	18	79	1987	5	1.49617409706116	0	0	0	0
TG	META	AFR	18	80	3570	5	3.89859914779663	0	0	0	0
TG	META	AFR	18	82	7491	5	55.9981067180634	0	0	0	0
TG	META	AFR	18	85	5953	5	12.5636379718781	0	0	0	0
TG	META	AFR	18	86	196	5	0.629457712173462	0	0	0	0
TG	META	AFR	18	87	275	5	0.729094505310059	0	0	0	0
TG	META	AFR	18	120	3222	5	3.40385913848877	0	0	0	0
TG	META	AFR	19	1	512	5	1.05631136894226	0	0	0	0
TG	META	AFR	19	4	51	5	0.515101671218872	0	0	0	0
TG	META	AFR	19	5	45	5	0.520461320877075	0	0	0	0
TG	META	AFR	19	6	1725	5	3.30623483657837	0	0	0	0
TG	META	AFR	19	10	1528	5	2.33663821220398	0	0	0	0
TG	META	AFR	19	15	971	5	1.61021852493286	0	0	0	0
TG	META	AFR	19	16	725	5	2.91487884521484	0	0	0	0
TG	META	AFR	19	19	471	5	0.816469192504883	0	0	0	0
TG	META	AFR	19	20	1450	5	2.93150568008423	0	0	0	0
TG	META	AFR	19	21	929	5	0.78364896774292	0	0	0	0
TG	META	AFR	19	22	3852	5	4.70773315429688	0	0	0	0
TG	META	AFR	19	29	2301	5	1.9679000377655	0	0	0	0
TG	META	AFR	19	30	2376	5	8.02908253669739	0	0	0	0
TG	META	AFR	19	32	2902	5	3.08566379547119	0	0	0	0
TG	META	AFR	19	33	1497	5	1.13568353652954	1	3	2	4
TG	META	AFR	19	34	1648	5	1.24660444259644	0	0	0	0
TG	META	AFR	19	35	4021	5	5.16489362716675	0	0	0	0
TG	META	AFR	19	37	4743	5	7.6740550994873	0	0	0	0
TG	META	AFR	19	38	1094	5	1.19216179847717	0	1	1	3
TG	META	AFR	19	39	6780	5	13.9909684658051	0	0	0	0
TG	META	AFR	19	45	1250	5	3.24591898918152	0	0	0	0
TG	META	AFR	19	51	2289	5	2.49696111679077	0	0	0	0
TG	META	AFR	19	52	2589	5	3.11339354515076	0	0	0	0
TG	META	AFR	19	53	5454	5	10.9129230976105	0	0	1	5
TG	META	AFR	19	54	9436	5	37.6003859043121	0	0	0	0
TG	META	AFR	19	62	5922	5	19.3559923171997	0	0	0	0
TG	META	AFR	19	63	2438	5	2.17705273628235	0	0	0	0
TG	META	AFR	19	64	6984	5	15.3009271621704	0	0	0	0
TG	META	AFR	19	65	2323	5	2.00924777984619	0	0	0	0
TG	META	AFR	19	67	10985	5	47.5767333507538	0	0	0	0
TG	META	AFR	19	69	4679	5	16.8535635471344	0	0	0	0
TG	META	AFR	19	70	3901	5	4.83097124099731	0	0	0	0
TG	META	AFR	19	71	549	5	2.24436354637146	0	0	0	0
TG	META	AFR	19	72	7242	5	17.115020275116	0	0	0	0
TG	META	AFR	19	74	5716	5	14.954288482666	0	0	1	5
TG	META	AFR	19	75	1275	5	5.42028307914734	3	4	4	6
TG	META	AFR	19	76	5202	5	56.893887758255	1	1	1	1
TG	META	AFR	19	77	8227	5	28.6623604297638	0	0	0	0
TG	META	AFR	19	79	3079	5	4.10758328437805	0	0	0	0
TG	META	AFR	19	80	1437	5	3.66539692878723	0	0	0	0
TG	META	AFR	19	81	3989	5	4.72109460830688	0	0	0	0
TG	META	AFR	19	90	4172	5	5.79878449440002	0	0	0	0
TG	META	AFR	19	93	1602	5	1.20853519439697	0	0	0	0
TG	META	AFR	19	98	1514	5	1.1471426486969	0	0	0	0
TG	META	AFR	19	104	2466	5	3.67946910858154	0	0	0	0
TG	META	AFR	19	106	1252	5	1.15613508224487	0	0	0	0
TG	META	AFR	19	109	435	5	0.565773963928223	0	0	0	0
TG	META	AFR	19	110	5441	5	10.2757894992828	0	0	0	0
TG	META	AFR	20	2	1854	5	1.45478248596191	0	0	0	0
TG	META	AFR	20	7	2874	5	2.84528875350952	0	0	0	0
TG	META	AFR	20	18	1913	5	1.55689024925232	0	0	0	0
TG	META	AFR	20	19	658	5	0.697203874588013	0	0	0	0
TG	META	AFR	20	23	526	5	0.675989151000977	0	0	0	0
TG	META	AFR	20	34	3145	5	3.50269436836243	0	0	0	0
TG	META	AFR	20	40	2374	5	2.0233519077301	0	0	0	0
TG	META	AFR	20	47	3830	5	10.8162505626678	0	0	0	0
TG	META	AFR	20	48	6717	5	15.290096282959	0	0	0	0
TG	META	AFR	20	59	8531	5	28.7986669540405	0	0	0	0
TG	META	AFR	20	60	4593	5	20.252560377121	0	0	0	0
TG	META	AFR	20	62	3972	5	10.2918508052826	0	0	0	0
TG	META	AFR	20	63	8548	5	32.8414740562439	0	0	0	0
TG	META	AFR	20	64	2164	5	2.50671601295471	0	0	0	0
TG	META	AFR	20	65	4608	5	7.44777846336365	0	0	0	0
TG	META	AFR	20	68	1768	5	2.56959414482117	0	0	0	0
TG	META	AFR	20	69	3603	5	10.7172956466675	0	1	0	0
TG	META	AFR	20	70	2899	5	2.71713590621948	0	0	0	0
TG	META	AFR	20	71	4278	5	6.52039551734924	0	1	1	2
TG	META	AFR	20	73	3981	5	6.23793768882751	0	0	0	0
TG	META	AFR	20	84	4183	5	5.43131375312805	0	0	0	0
TG	META	AFR	20	86	3101	5	3.24246072769165	0	0	0	0
TG	META	AFR	20	87	1669	5	1.40768051147461	0	0	0	0
TG	META	AFR	20	91	3564	5	7.92960429191589	0	0	0	0
TG	META	AFR	20	93	6031	5	12.8257403373718	0	1	0	0
TG	META	AFR	20	99	3483	5	4.32850527763367	0	0	0	0
TG	META	AFR	20	115	3411	5	3.64425277709961	0	0	0	0
TG	META	AFR	21	2	932	5	0.907292127609253	0	0	0	0
TG	META	AFR	21	4	684	5	0.666931867599487	0	0	0	0
TG	META	AFR	21	5	2551	5	4.15810370445251	0	0	0	0
TG	META	AFR	21	48	6502	5	38.9147169589996	0	0	0	0
TG	META	AFR	21	53	2531	5	2.27663278579712	0	0	0	0
TG	META	AFR	21	63	2536	5	2.38170218467712	0	0	1	4
TG	META	AFR	21	64	4493	5	32.0298883914948	1	1	1	1
TG	META	AFR	21	65	3101	5	3.18940687179565	0	0	0	0
TG	META	AFR	22	1	2254	5	5.36222195625305	0	0	0	0
TG	META	AFR	22	7	1319	5	0.938271522521973	0	0	0	0
TG	META	AFR	22	13	2263	5	2.00907921791077	0	0	0	0
TG	META	AFR	22	19	2443	5	2.98152303695679	0	0	0	0
TG	META	AFR	22	29	4289	5	6.32614612579346	0	0	0	0
TG	META	AFR	22	30	14085	5	75.3476827144623	0	0	0	0
TG	META	AFR	22	37	3536	5	5.92138409614563	0	0	0	0
TG	META	AFR	22	40	1761	5	1.36108803749084	0	0	0	0
TG	META	AFR	22	43	3635	5	4.32041931152344	0	0	1	6
TG	META	AFR	22	44	2508	5	2.7847623825073198	0	0	0	0
TG	META	AFR	22	45	3920	5	4.89700627326965	0	0	0	0
TG	META	AFR	22	46	8934	5	37.6672124862671	0	0	0	0
TG	META	AFR	22	49	770	5	0.746284008026123	0	0	0	0
TG	META	AFR	22	54	2641	5	3.1817672252655	0	0	0	0
TG	META	AFR	22	56	184	5	1.10427474975586	0	0	0	0
TG	META	AFR	22	57	1963	5	1.43480253219604	0	0	0	0
TG	META	AFR	22	64	1781	5	3.21365022659302	0	0	0	0
TG	META	AFR	22	69	3063	5	3.07948565483093	0	0	0	0
TG	META	AFR	22	70	5094	5	10.856502532959	0	0	0	0
