chromosome	block	num_variants	num_variants.EUR	num_variants.AFR	num_variants.EAS	nlog10minP.EUR	nlog10minP.AFR	nlog10minP.EAS
1	1	1555	475	1401	79	11.67509539923104	2.511401542679603	0.25835967940871196
1	2	1768	805	1463	125	7.638334355672101	2.200600468329698	1.587194347665902
1	3	1087	507	827	185	7.563401140210736	2.301245768447639	3.178445830900948
1	5	4196	1967	3605	706	9.908909233469997	2.711087902529142	1.6374512942097266
1	15	5982	2777	5267	1491	6.296039664191668	2.5864312854997364	2.8586300911716664
1	17	7449	3413	6661	1897	5.0742184353443065	3.4558529358007277	2.2920183074193248
1	18	2815	1470	2519	764	5.310492658228998	4.373132780286559	3.709966073257962
1	19	6349	2744	5432	1408	5.630722651230804	3.312461814908756	2.6932373972982098
1	21	4171	1765	3702	1162	7.82356510490487	2.992022336139868	2.7726378175845765
1	23	2090	1028	1888	687	5.280391777676087	2.4108699599948653	3.203284738062391
1	24	2192	1164	1883	410	6.361289499451146	3.307011842262669	2.33010168084589
1	35	7638	3193	6594	1503	5.000277162540741	4.021192047999761	2.0601073161730574
1	40	2446	1290	2211	763	5.83771308412457	2.5390873221822408	2.6270735805399883
1	43	1585	901	1399	434	5.04169168874942	5.822854561761866	3.1974985790069943
1	44	1435	697	1277	461	10.869644264903384	3.123365133559813	3.9534103542187
1	46	4867	2423	4373	1305	9.064693378928505	2.70896690215066	2.829360924196791
1	48	2955	1267	2597	670	18.49011289494976	2.553975894146901	3.8439660726535503
1	49	2793	1100	2499	467	5.123249559834542	2.814305321512422	2.6415920243133484
1	50	4096	1895	3596	975	6.600850380546873	3.4714816939221165	3.290075084168356
1	51	2792	1277	2354	593	7.184084078226112	2.052217267968343	1.3917553328002914
1	52	7738	3236	6665	1588	75.42138295314831	4.274182446961541	2.730475220342239
1	53	6806	3055	5740	1255	15.50046924243243	3.2505910010601005	3.637733609426186
1	57	4453	2050	3923	1409	6.880208199649875	5.117092374630742	2.540896444615093
1	63	6073	2132	5261	1603	5.724832802066871	3.776928128330692	2.9817072018572257
1	70	5261	2607	4570	1467	123.75025827858552	3.3331921073525037	9.681353381105472
1	71	5491	2526	4715	1609	13.298636701749968	2.6984227740267337	3.639433891052193
1	73	7390	3340	6447	1742	7.656910635763785	3.516350666066679	2.132826404607816
1	74	7083	3101	6189	1570	6.339207556009614	3.5899244787514273	2.334109818228567
1	75	9312	4105	7792	2538	5.267712786342186	3.778070600522623	2.8539163311601214
1	76	4605	1916	4017	1397	5.12919084034898	2.9685961997996033	3.52595251262566
1	80	2694	1227	2382	877	5.077193686138235	2.654991146174755	1.6463569579871318
1	85	2257	1278	2008	864	10.561877603274574	2.8353048260573495	2.2526979717485367
1	87	2894	1475	2528	736	5.648858862624624	2.7764071069275165	2.287101092335693
1	90	567	302	517	183	5.696544795118177	2.105401202536819	0.6090378682363903
1	92	5201	2654	4539	1472	3.1281726432764327	2.879722614566615	5.023462995620968
1	94	1218	681	1062	315	8.516622096801308	2.9344505516563606	2.201089817415166
1	96	4609	2307	4165	1336	12.633300961310908	2.4234031328919774	1.818667892802708
1	97	5840	2826	5170	1543	14.46723538893027	7.441662362251765	2.239603767770819
1	98	5248	2436	4661	1352	5.521032446145835	2.7502533541121914	2.77019083003808
1	100	4724	2249	4166	1601	11.329881556735554	3.026737386838501	3.560138557717857
1	102	4469	2085	3984	1084	5.433607506502507	2.5971235307915568	2.0294588282872033
1	105	13481	5965	11654	3186	13.086532113340231	3.4234530029906067	2.446920544092616
1	110	2284	1108	2039	567	7.178185433053502	2.7380935687105197	1.4620741110277085
1	113	3748	1888	3295	1198	5.306140504180584	3.619795181217129	3.114242299829789
1	117	2857	1444	2520	957	9.279674291828604	2.985984163191668	2.79261015233826
1	122	9460	4195	8187	2436	7.721740573599804	3.1084805004383926	3.4723444883917076
1	124	7961	3865	6941	2163	6.874789358500384	2.52039164387476	2.8639366096516157
1	125	10197	4578	8753	2333	64.54972496207697	3.651295095009923	9.042583217510364
1	128	8266	4125	7018	2148	5.449339387309256	5.233566167459703	3.2192804031973754
1	129	2808	1493	2240	528	6.378184865008272	3.760838645691981	2.224590018583969
1	132	5265	2639	4627	1620	5.862299246076162	3.54808249424992	3.670387217201142
1	136	5868	2621	5109	1302	8.315467650813272	3.020708291205735	2.2707247841041727
1	138	7694	3541	6730	1511	87.61012477835816	6.537004719094283	5.0416321741541505
1	139	1761	912	1528	404	37.27037495487697	2.4288769571716213	11.591134097400898
1	143	4610	2254	4059	1088	7.95081917687991	3.1067392005772607	3.539371185551928
1	153	5812	2542	5251	1690	13.795547204888438	3.5869416480010594	2.946146675911375
1	154	10244	4038	8796	2238	35.63338612837811	3.790779187692925	2.1494616928031465
1	156	5588	2514	4659	1318	9.485845215766682	3.094762066344873	3.4028375928297714
1	158	6410	2657	5382	972	8.207418647745481	4.033165371323529	1.8841611085797365
1	159	1328	568	1169	244	6.338431970075643	3.6465867043177367	1.880568233899963
1	160	4561	2231	4017	1181	12.540521389564088	2.9232750799662113	2.9790993527959553
1	168	6281	3013	5355	1652	10.913920052804771	3.4527738453846037	2.582699982895925
1	173	4445	2436	3876	1318	5.186402094829311	3.0588394323342643	2.4715150327722606
1	181	8203	3786	7175	2184	5.326084826935111	3.7556260712552807	2.280947086605718
1	182	8755	3638	7710	2121	15.007950557937416	2.9447462226745373	2.7400667827836407
1	183	8356	3781	7261	2195	8.03924280196684	3.5939991906215516	2.5550862924554907
1	187	5580	2604	4726	1469	35.05992691802545	3.158036384634318	7.316816018149157
1	189	4322	1990	3758	1035	5.397025427796425	2.6256339120462053	2.5925017449053747
1	191	5963	2762	5232	1476	62.76802924968286	3.934047166595611	4.256835588386763
1	192	6158	2843	5272	1721	7.0231366373994355	4.3294621160163	3.109781148253236
1	193	7114	3226	6096	1979	8.22785689993778	2.9209329361234517	3.2658552883732037
1	201	7484	2958	6303	1770	8.33833245271683	2.8717464468631397	1.9583327071433068
1	202	5974	2929	5235	1551	8.28692200121221	3.7821472245467502	2.700597137619685
1	203	4929	2277	4459	1474	7.865357175824863	3.874012741967885	2.871562019862514
1	204	4905	2293	4317	1393	6.7919612766144795	4.329752806703846	2.122936910501925
1	207	3598	1727	3140	962	5.89620399212786	3.5758536291212515	2.774817196444487
1	208	4431	2038	3772	1320	10.087850276800646	3.4233633166969657	1.89905196005193
1	209	1498	808	1297	522	5.449152518242453	2.9648301782968223	1.312795964933624
1	211	3209	1439	2811	769	13.88119455007451	3.0744330509011544	2.2918695029692655
1	213	3245	1578	2831	860	12.319604789777015	2.6336288706844755	2.621109138959737
1	214	2785	1412	2519	698	25.15133575842032	4.445160067883388	3.4987227269393024
1	215	1546	685	1305	283	8.723683550622981	2.490307205598178	3.0067271824216664
1	216	6578	2969	5721	1555	5.441581266645358	3.914597735323546	2.6470955808086525
1	218	1152	566	1028	271	5.445334375244774	2.639016295733131	1.4273127516278112
1	221	5619	2537	4891	1701	9.029825298603326	3.532628595086812	5.287942301729559
1	224	3788	1806	3377	1161	10.14297056570445	3.4792632997535016	4.0556974969374044
1	228	3162	1428	2827	842	5.917451127819911	2.497222974581188	2.268402009450839
1	233	7556	3506	6622	2215	29.29692900212903	3.3826434458479926	4.64923965665268
1	234	8763	4037	7584	2592	64.81020973773386	4.81717054666105	9.421475827625496
1	235	6055	2641	5297	1543	6.911794139831278	3.746887306953018	3.282684631662012
1	238	11626	5124	9961	3544	12.439195397878388	3.24410795814198	2.50235157277069
1	239	2806	1422	2353	1000	5.400417034338716	3.770930344221141	3.5560616322975984
1	240	11893	5344	10273	3844	7.346725906527992	3.700924746906008	3.477084350366505
1	242	2844	1366	2480	578	12.402639895106104	5.668144237727306	6.102301862931733
1	243	3162	1636	2815	912	262.6314514248802	6.663569360260847	9.661834627964112
1	244	6897	3432	6077	2001	9.0707317507649865	3.9743573257485822	2.963999444043061
1	252	2549	1296	2334	678	30.724885450472495	2.5360506911990974	4.719847176241746
1	253	924	591	830	195	8.063258536011224	1.8582570610121123	2.078644291767981
1	254	4636	2253	4018	1131	6.868600209853049	2.9934788399687204	2.239971467318727
1	255	2803	1271	2540	857	7.884981656552503	5.987519550327404	2.3511701456318583
1	257	2923	1483	2617	1056	5.388486250476926	3.026215977762347	2.2948302687912654
1	264	3256	1616	2815	872	6.125850146734068	3.008462576661169	4.414177421598102
1	275	1158	776	1006	431	5.154018944875163	3.110128259508726	2.12821029745254
2	1	1560	677	1424	500	24.57563238635563	2.56728639602974	3.2586983789933757
2	2	10057	4278	9065	2996	11.342603000296048	2.942402393776467	2.6744020308129017
2	3	3671	1721	3280	947	5.161807496385474	2.7297044965702786	2.620298552460886
2	4	3005	1552	2656	733	5.054320204956056	3.6587317014771408	1.7228816963701474
2	6	3114	1496	2729	961	33.81622756862728	2.986121278483828	3.109863656702593
2	13	6977	3796	6214	1971	5.034508200775168	3.680506902927082	3.4869448525616433
2	28	1404	678	1234	322	7.3821701619195474	2.751484024224735	2.070714665184731
2	40	8061	3933	7181	2287	5.751809438919094	3.818270309223627	3.69267700921759
2	41	3661	1765	3284	990	19.02895114598814	10.266033586960235	2.151372888940945
2	44	3860	1710	3354	771	257.0108759432397	14.49017135063186	11.640128158658168
2	45	6937	3368	5997	1738	15.796806982986665	3.240636458735125	2.3236940994318993
2	46	3059	1609	2649	887	5.445753432655872	2.61930092352856	3.041867603832914
2	47	8609	4094	7547	2226	7.151028627673568	3.979352589787356	3.472811542560542
2	48	5305	2464	4607	1204	8.891641034312052	3.912331515215235	2.2324229154812887
2	49	8379	3517	7319	1381	6.099495273050944	3.571008418951871	2.225378760247432
2	50	4735	2239	4208	1317	5.3613259041860895	2.6183649930412916	2.8158404094568756
2	51	5356	2752	4786	1426	5.021099284735573	3.227376605578005	2.1510563414737307
2	53	3538	1812	3137	1099	10.902268125855947	2.8317149946715254	2.074040287725616
2	55	12520	6372	11051	2764	8.68619000867062	3.1280765719389803	3.918663020948281
2	60	4895	2429	4307	1681	5.195790581970937	3.435422251520035	3.3172823094994452
2	62	2771	1338	2508	865	5.781451060609023	3.461384230764942	2.3326815960239182
2	63	5093	2406	4478	1242	5.564938509723905	3.716676658596873	3.247557485906256
2	66	11991	5573	10542	3397	6.8151275558168924	2.7078201498297614	2.882925428496722
2	67	10743	5325	9577	3664	5.556239231549989	2.8375191577406795	4.0452945269731035
2	68	1780	909	1655	591	7.426931182240498	2.565003688790091	2.1764397714352377
2	69	6381	3039	5641	1987	8.454335467060583	2.906258865254741	4.755805274114159
2	79	7636	3859	6471	1481	20.17898018721416	3.5256661780543044	2.412090929940935
2	80	12327	6125	10936	3732	7.391574040033876	5.561062964748854	3.561292937772021
2	84	16606	8313	14552	5318	12.32285083716819	4.011226994497309	2.763705895270398
2	85	15986	7488	13936	5200	13.280719583265238	3.363170405963295	2.965181614117746
2	86	6484	3244	5711	1820	9.070612269852866	3.206327500502871	1.9135408119576047
2	87	2338	1230	2034	642	5.338923065132916	2.3531767010392475	1.7341127869248285
2	88	19969	9952	16811	5381	8.162734201742822	3.7750994365304416	2.4224604311268365
2	89	4815	2298	4311	1018	27.443791024838163	3.0687605105990157	2.264494471721755
2	90	4057	2008	3602	1201	11.563652407281324	2.714234041631882	2.4550941274299016
2	97	7367	2993	6439	2242	6.853146910007373	3.062533563241504	2.13971203861987
2	99	4183	2040	3759	998	5.080457153639875	2.7382783918960407	2.689405539291773
2	100	5832	2606	5063	946	5.280810157484668	2.7516428535117625	2.4276898211826174
2	115	9753	4151	8552	2598	8.721183902540357	3.2764746494849333	2.344829189608592
2	117	5155	2315	4548	1185	6.689389254081508	2.8845343957515	3.4870986925014256
2	122	3934	1858	3364	958	9.589180244651546	3.7312243146525192	5.176902951258576
2	124	7171	2981	6376	1661	5.41906263242095	6.083252272788854	2.4129465081699686
2	125	5911	2496	5236	1580	5.017534740553189	3.094478417113506	2.2733865198704772
2	128	10364	4829	9003	2313	5.820760258460978	3.566004679445563	3.42943777836984
2	130	1152	672	988	328	5.064100715079333	1.9453041282767505	2.079968875476934
2	131	293	133	270	85	12.474220089199369	2.190815678329193	2.6547206910990915
2	132	1125	539	996	270	6.298734906285217	2.6783225839099982	1.886568165749961
2	138	8776	4227	7593	2247	8.623628651564927	3.631535212641952	3.391236544341368
2	146	8323	3041	7454	2696	15.6008101272234	4.099982097115403	2.5895324464617624
2	147	13601	5921	12131	4114	7.061891112697442	3.273321342115907	4.199712884021982
2	151	5661	2626	4912	1386	5.762239822060569	3.494683137553929	2.0340584969777318
2	153	8328	3944	7084	1807	8.001929827990097	3.943389120557239	2.668547283439834
2	154	4004	1700	3472	1152	7.487639389636948	3.168156179995998	2.8695690678682566
2	159	11769	5511	10318	3794	7.642694555494232	3.4523981513511015	2.4338781112744754
2	163	386	183	351	62	8.253898936615917	3.2064611792968267	2.011808210307848
2	164	1698	835	1476	406	5.999288445160437	3.549920069515601	1.4550938968448803
2	166	13886	6593	11661	3675	9.248855667409426	3.780250360545815	3.821654011868485
2	168	6034	2735	5161	1587	84.96234781915592	8.151149522881337	3.960831043746264
2	171	8608	4167	7566	2469	6.299695776548624	3.6835714211316466	3.994635092783722
2	175	250	165	218	94	5.034950137807821	2.311610779800061	1.92836480505309
2	176	8249	3878	7131	2589	7.063144311570582	3.2129389395821977	3.0870121162108464
2	177	6435	3260	5757	2152	12.31128368124734	3.9184601313084464	2.441877203955023
2	180	5344	2595	4669	1461	5.45070383778561	3.972656182196416	2.404990222558516
2	181	8366	3981	7140	2105	7.506548172193103	2.794488045871774	2.3877108992908895
2	183	3455	1721	3080	771	5.694028358487029	2.813316771894938	2.4809278832240995
2	184	11187	4994	9686	3170	7.158069742249531	4.785177242802673	2.677463766094531
2	185	2742	1496	2447	824	5.934811150446171	3.1035015973199456	1.8204126905744744
2	186	8244	4321	7050	2360	7.5942738465465585	3.3371922669869782	3.6652541951443927
2	191	2168	1009	1885	554	5.27284100360593	2.6087434216827097	1.4799102101966235
2	195	15737	6741	13282	3948	6.39386729026533	4.273303714906344	3.251374595231319
2	197	7309	3407	6266	1899	5.349872756802762	3.258664720507959	2.7704908176418237
2	199	9024	4138	7599	2179	28.190929707557828	3.6309297596096264	3.193203674641294
2	202	1177	631	1028	224	6.2840925672121495	2.3523896481301265	1.3855056270405668
2	205	4180	2016	3621	936	10.887248813604536	4.058331281238107	2.4975364827079347
2	208	12780	5299	11186	2585	7.082067715866848	2.948762111903974	2.564529034856008
2	209	1896	1040	1710	556	24.526022579927	2.9451584710557306	3.0191924459026636
2	210	4294	1939	3898	1200	7.209212233930949	3.837291075927973	2.4685121059502086
2	213	14232	6677	12763	3410	10.390645840404185	3.716212565043079	2.7235263042255613
2	215	4538	2090	4147	1340	7.42614913975061	3.2404098108933708	2.339811103087879
2	217	3999	1565	3457	821	33.796348896222646	2.5074275162346926	3.2085693894487632
2	218	3078	1276	2665	735	15.942718410318852	3.13243523956863	2.2619095492279895
2	221	4829	2472	4223	1446	5.7423250605547285	3.0781653828156883	1.760590655765199
2	227	3263	1387	2924	1009	4.112755960136069	3.68543961764268	5.209237203785656
2	228	4541	2122	3905	1194	6.799590027929299	2.730194901605413	2.532751716336763
2	230	4179	1962	3605	1067	134.01187397661636	9.750798135840824	5.410967563390176
2	232	3046	1616	2732	1014	21.260341920641473	2.986186173445156	3.235517072161832
2	233	1492	773	1312	449	11.579203542068168	3.0279920372181146	2.1051621743544033
2	234	5614	2689	4848	1360	6.417537063243335	3.983547903504513	3.9692018761853016
2	235	2524	1452	2190	723	9.1814306791225	3.2431331286578393	3.95009956417581
2	237	5670	2797	4951	1423	5.825303887315118	2.890606262373169	2.305344864259334
2	240	5139	2646	4386	1496	6.1242866336284845	3.059014736014002	2.1684275303974956
2	247	2334	1110	1988	590	5.319083248772486	2.427864373263165	1.992382956134488
2	250	10319	5095	9198	3462	7.932867690655078	2.9587036845201604	2.5632958350836135
2	251	3561	1953	3136	995	5.8528152809994625	3.2492003714121833	2.1667037946806604
2	256	6447	2615	5440	1541	18.788230873098165	2.9504548308592353	4.991916237993734
3	8	1593	969	1388	431	5.958653258207024	2.5978485030600544	1.8863969366600704
3	9	1674	906	1482	526	5.5659733094867825	2.8828333687862657	2.2886775601027054
3	20	6664	3306	5701	1822	6.453074926713586	3.8713268679003847	2.9794773245691744
3	23	4418	2024	3926	1230	7.821159983901026	3.5783129878168185	3.238619344217344
3	24	7165	3407	6144	1939	33.04159262410254	3.5223226742305527	15.465646485783743
3	25	807	498	725	251	5.097332900755986	2.4522203079977	1.7584530499322102
3	28	428	221	391	95	6.962741720313266	2.7332904878064905	1.2917027562826588
3	30	7048	3355	5958	1900	17.263383595772268	3.3756181425755067	2.3084324551570963
3	32	8407	4121	7176	2540	5.866658275499226	3.557841554406414	2.457940478729528
3	34	2899	1422	2390	729	5.069642477875649	2.834873400919518	1.8867617822562697
3	35	6889	3479	6142	2352	6.97679793220093	3.0369227060247956	3.403567058716516
3	39	9136	4431	8079	3318	6.116651688415578	2.5337939283046125	3.2434749096577495
3	40	4564	2119	3961	1422	12.47870627642938	2.5545761970287217	4.700283170894786
3	41	8489	4368	7652	2365	5.941362829281617	2.7907833880346344	2.3609700858976437
3	42	7285	3164	6385	1728	6.416946441095138	3.1462420302271825	2.3392378561090847
3	55	3760	1712	3267	801	17.15034916722317	4.997289762931544	4.710187076606056
3	59	7372	3159	6464	2180	5.42372076082167	3.418946033629439	4.4921883283072805
3	60	12286	5643	10451	2630	6.796765604190733	5.5294725629253225	3.8621268902654897
3	64	305	166	257	109	5.288533716615225	3.3345964492246307	0.6499104038915652
3	65	2986	1391	2636	840	5.114046148023457	4.578306090787771	4.055727053640228
3	71	8554	3710	7644	1849	8.02551115150464	5.283479628519421	3.919508797360612
3	77	12745	6378	11304	3478	10.2885437568762	2.990688063895093	2.796091949481401
3	81	4306	2178	3751	1257	6.775948375993594	3.023007073995363	2.334863537473501
3	83	9522	4890	8409	3188	6.05338739210885	3.510771160031023	3.2846350153961255
3	84	4631	2296	4048	1261	8.924501633735378	3.179612216927352	2.492162243299544
3	85	4537	2063	4112	1478	8.386579566847049	2.9393220367980475	4.657442934351766
3	88	5895	3030	5121	1986	9.493634471890994	3.833158929014024	2.7726754744012667
3	89	6647	3110	5810	1685	10.249690388645403	4.120077301592166	2.835271602407421
3	90	3299	1837	2967	1084	7.269469502471502	2.4661258625370506	2.7993451167543295
3	105	5266	2332	4479	1484	5.036312346124457	4.462265460800327	2.5860134026094688
3	106	16756	8149	14562	4681	5.1150424411415	3.5365135867358823	2.4324126283724805
3	108	6361	3061	5535	1328	7.063692765863205	3.415595815592342	2.3691555957328165
3	109	13062	5706	11493	3318	8.751359734488549	3.466760357454394	2.472817349285912
3	112	6304	3029	5583	1860	5.998390181416443	3.5656205680241295	2.7822296556404926
3	114	4594	2342	3940	1095	13.3242056507781	3.2832785392606123	4.458844423895239
3	119	9948	4798	8800	3363	5.2507914904256845	4.808581960806203	3.3843472956576472
3	120	6228	2885	5430	1560	24.051586642194	5.661141067853784	3.3543669682002553
3	121	7616	3572	6475	1844	5.833572902092578	3.206699360198928	2.8992630602863088
3	123	2526	1202	2278	661	13.238023867531446	2.7904604634458603	2.8671253780716413
3	124	1379	563	1216	289	10.220663035837145	3.321176487196089	1.9792707244689127
3	125	6639	3127	5805	1990	5.27148225479505	2.7917920610018228	3.2353907226112213
3	127	7948	3392	7018	2401	6.151582584464161	3.75385284893385	3.9975279822323375
3	128	3236	1684	2880	688	5.467307254812946	4.161337710184946	3.3623459683270673
3	129	3679	1872	3269	1098	8.294170718060423	2.740487300225636	1.9110813623479137
3	132	10459	4330	9097	2583	14.39078878319968	3.231718669944678	2.451547392399878
3	134	2746	1409	2508	1071	8.066520431224054	3.5277379045485326	2.4993676810920458
3	135	6227	2732	5633	1828	6.547311254858865	3.397869394392309	3.2058151084732667
3	136	3258	1720	2878	924	6.979090186395419	3.288858436075643	2.208056931340576
3	140	8125	3826	6862	1903	48.521256771441585	3.533597936113472	2.332030414721898
3	144	2008	872	1762	537	5.005326640203268	3.567854771913674	1.438470499645808
3	145	7913	3522	6795	2307	7.458554980444507	3.1652040535469466	3.679028706348065
3	146	2653	1421	2402	684	3.824964324213451	5.6154817268246084	1.8168649957519896
3	155	6295	3136	5504	1789	28.544084239938872	3.4218043763932937	2.724569118474611
3	158	7770	3605	6804	2340	13.754105313442455	2.6884578351018744	2.583715804460323
3	159	6411	2895	5532	1604	7.869452051518354	3.364581233657713	3.5549995009865523
3	161	9114	4215	8000	2486	8.882691473164664	3.667507808508507	3.958122362265755
3	162	11171	4728	9860	3088	44.92120953912914	3.816253926553897	3.1336657126670633
3	165	7248	3097	6290	2211	7.922885081705961	4.832558571981672	2.416185817937498
3	170	4385	2191	3859	1474	7.133677363057045	2.815245436175025	2.492183284300147
3	171	5372	2220	4731	1511	6.508106481408756	3.738466924449872	2.4834734036369337
3	174	1601	899	1405	392	6.211942252447176	4.002506852468167	3.87178288018173
3	175	1976	1113	1768	575	8.723532442176195	4.278158577012346	4.506047420489388
3	179	4362	2008	3904	1295	7.444424784458597	3.637603039842992	2.667753878028883
3	183	3350	1480	2959	994	3.086680745815182	5.314833879770636	2.3522067731508645
3	184	4314	1960	3850	1141	5.117599681266127	3.068713835969913	1.1906337993056606
3	186	8617	4150	7475	2270	5.861113147028963	4.643730108099518	2.3793125856428197
3	191	4937	2202	4271	1290	9.652566220188977	3.149051311675417	2.5612515592128524
3	193	7695	3496	6811	2154	43.56393908283175	3.199206750997821	2.146831651163089
3	195	13019	6818	11514	3888	7.312193353534199	3.2850165343206066	4.23034827358545
3	212	2386	1210	2172	753	8.316912244695043	2.5645698607314023	1.626082467367466
3	214	8721	3940	7503	2164	10.610907781501387	3.1058140504575027	2.668561890065641
3	216	4411	2042	3820	880	6.415795553696061	3.0717117456315166	2.3550448501028742
4	1	21056	9736	18282	4743	18.853991111218164	5.449925636608444	3.856793848639432
4	4	4994	2520	4430	1513	12.784077384685975	3.3768362505092813	2.579444452180375
4	10	1290	563	1192	205	6.1236719351707345	2.284816887382147	1.0680254836075354
4	21	11421	5219	9995	3477	6.1552356914921464	3.2126647505351524	3.57773303614822
4	32	8260	3816	7270	2317	11.462194638801977	3.11525599608822	2.4712819274158675
4	33	7954	3820	6741	2313	3.877613793291473	5.6146674641062155	3.627400274512305
4	37	3482	1871	3058	1241	7.91360501127193	2.89764248883076	2.5115774278786107
4	39	4016	1952	3619	1303	5.4758810174137675	3.052949385443581	2.82270564064607
4	42	1023	533	901	286	27.377120709833843	5.462349243844017	1.5963212740601445
4	54	15133	7305	13657	5052	8.599234653003224	3.1566623480429943	3.492293897358866
4	55	6195	2676	5466	1981	9.611402844466529	3.2189741626986623	2.5738853190430993
4	63	14990	6857	12737	3469	10.569619726540864	3.733553524682282	3.186306825478507
4	64	10842	4971	9047	2985	5.715689120347391	3.0838772072982006	2.3473693839456726
4	66	5581	2487	4859	1408	11.64386277802026	4.114140813688356	3.465337311787972
4	67	1272	739	1127	322	5.653236560891531	2.000935889786372	1.6093571962840632
4	71	2644	1330	2389	917	8.156413481051226	2.888519272957003	2.884180998628392
4	79	5439	2472	4812	1486	6.495046530465426	2.2838358746897307	2.4053730116765983
4	80	8055	3472	6835	2007	16.570628901151608	3.222272194633364	2.9229404641363117
4	87	10510	4616	9244	2833	10.077579096330014	3.04790822919293	3.1456202699948688
4	94	3951	1899	3576	1154	3.319210720984603	5.443644008329238	1.998672232686296
4	95	2594	1195	2345	736	12.073003815588642	3.353954061946572	2.0551995350239967
4	101	8731	3721	7637	2127	23.915126994834427	4.886143736854583	3.7938800165066082
4	102	4641	2174	4186	1344	7.118925536216109	2.6414701760499524	2.1764295183466467
4	103	3516	1615	3159	1057	38.42663954977302	9.628292781833984	5.0869530066382085
4	109	3359	1493	3027	859	9.237891818343488	3.320358646466812	3.434554942685142
4	113	8334	4040	7130	1885	27.091784908007355	9.219325589861151	8.118048342300538
4	114	7611	3621	6548	2105	18.650443069218348	3.416619042033036	2.9766048997625063
4	115	3459	1565	3029	1013	175.71159360178692	3.09171134333762	1.9761072892401057
4	116	6571	2736	5711	1297	18.786834124563786	2.5924580099035968	3.7365449170138185
4	117	7576	3505	6458	1846	14.505545071158476	3.4989326171495803	2.811277100330799
4	121	6094	2497	5333	1718	39.78972271287582	3.548440254748697	3.120178103156229
4	122	2303	1079	2063	803	6.687567053331503	2.123761367147365	3.466112326863206
4	123	1751	743	1555	433	5.900820143087595	2.8596087341381096	1.599870547586525
4	124	8883	4008	7835	2637	5.049510154828892	2.6605892541313914	3.974280706885639
4	129	8507	3568	7638	2206	7.220382293595758	3.678542990956681	2.0854892859196523
4	130	7726	3208	6820	2288	6.176314049615713	2.8654983773834357	2.676392644082943
4	134	11751	5424	10410	3543	6.1728504701213724	4.517698090164697	3.4449587310046024
4	136	10943	4883	9263	2991	2.7180308578007155	5.887057065534678	3.0468026469468583
4	146	4907	2274	4300	1337	5.414094316391585	2.837789852602438	2.3977938314878933
4	147	2842	1447	2550	815	6.893012424599364	2.54239098066289	1.874897170458507
4	149	6324	2897	5576	1810	11.687667714874744	3.0250671059498293	1.7027846572702672
4	150	7782	2998	6780	1929	9.933018906369604	3.3565030276196444	2.506046607195125
4	151	3496	1460	2986	604	8.519400978037348	3.42229711543878	2.059024897023963
4	152	3050	1369	2695	774	8.911217108148918	3.415546622921422	2.7131750927473006
4	153	7431	3273	6404	2071	6.416486562511255	3.468071176479466	2.450484935344553
4	154	3147	1277	2738	870	7.886857678213196	2.9613516109032676	3.114757964370873
4	156	10655	4680	9179	2835	10.147619613706809	3.738831543178109	4.102385876505127
4	159	2811	1316	2550	839	14.745077915651056	3.262005846964208	2.4691163273814336
4	164	5111	2585	4566	1787	6.374703408256748	2.9861553198041633	2.7562770569632784
4	165	5269	2469	4552	1430	26.13957191292569	2.900895521508879	4.5028788348778805
4	168	9629	4523	8487	3105	5.293513050559373	3.8292415679639342	2.3975132297288275
4	180	8250	3256	7461	2124	3.705806268332625	5.30587657293007	4.002535620774411
4	182	1296	755	1159	461	6.642966697322128	2.9944666918263083	1.804364051615689
4	184	3310	1628	2994	1054	6.991867566506063	3.1472794012453442	3.760484630948599
4	205	1915	879	1744	428	6.985359801326338	2.5807857468121367	1.5905171252229993
4	209	3632	1770	3296	1238	5.28199282321849	3.685243841159724	2.8759960229403623
5	1	7225	3216	6287	1251	9.014232897895424	2.6487987583333275	2.9918373572497177
5	2	2026	1003	1789	356	9.3578365796206	2.7290617832701214	2.4209626064896463
5	9	3811	1932	3454	1024	5.313276947508894	4.035056555536271	2.425098674841699
5	27	12146	5391	10688	3475	5.43054257759742	3.4127083227544146	2.180513869365537
5	56	9571	4089	8453	2781	5.149676991550828	3.150194952436944	2.383099244232288
5	57	6558	3050	5627	1717	5.0427089983985205	2.5622583865258775	2.958890938215782
5	58	2596	1379	2341	926	5.169256199509737	2.5879565891278773	3.1070499046994033
5	60	3746	1683	3263	1155	7.162731714816304	3.0456798386014943	2.9750926660383383
5	64	8234	4036	7036	2390	19.59867506745945	3.514669413990039	2.477880851064354
5	66	6254	2628	5516	1396	5.302024740761187	3.745654073789708	3.0064107690852366
5	68	1899	997	1697	540	54.25506764689526	9.764669766848852	6.694799212001254
5	69	2759	1396	2439	849	57.613864563541014	3.960707955110762	2.8135412544154845
5	70	2677	1369	2248	636	5.018461531031185	2.886904207851317	1.6854809894797174
5	71	9094	4343	7955	2803	8.568224518884263	4.201309250473059	2.751385564685923
5	72	10427	4643	9053	2666	5.305322877491416	3.903874314547569	2.6054648968493654
5	75	7228	3111	6318	1908	5.142438165872243	3.4561904287782736	2.413448287853716
5	78	2196	1166	1914	506	18.967740578859132	2.712496703511538	3.1206516154038364
5	80	5740	2571	5151	1705	5.386422753468884	3.357756659662446	2.7200096405455665
5	81	5166	2477	4512	1378	6.062111626087651	2.8056924099095872	2.269141612017468
5	82	3513	1629	3140	960	14.639452286779264	3.5667659223539654	2.979802767620594
5	85	7545	3467	6633	2418	26.62204469924386	4.058978369860844	6.1469491618829295
5	88	2785	1488	2490	828	6.061432451710654	4.3754842368697755	2.1021837255090143
5	92	4762	2158	4140	1448	10.742240141182926	2.5481552939722567	2.5236032101947674
5	93	2321	1166	2067	728	5.5071001360886624	2.39829007962562	1.6138579404594775
5	96	7167	3423	6306	1824	5.503275955243577	3.07192668833987	1.880897647277267
5	97	4533	2070	3985	1537	14.775978757607303	2.722999033028732	2.493323894552532
5	102	9698	4591	8156	2276	6.409890704278276	3.27986934461737	2.9146259125562066
5	104	6073	2791	5209	1741	6.089298861695935	3.293525338724107	2.524976989635424
5	105	2934	1366	2532	744	8.829413866700746	3.300471859963874	2.0027653939339793
5	108	3155	1370	2759	786	6.55477500269987	2.447893167843081	1.9026121925464852
5	109	3799	1787	3382	1093	9.963413849554035	3.2900555214185845	1.7095696311177946
5	114	20865	9541	18542	5334	5.877645623864595	3.442918741992611	3.2724661629492995
5	116	8615	3972	7670	2545	5.022276970326369	2.698016889970951	2.883053285612928
5	117	5711	2852	4956	1511	6.200710781584157	3.533212031496871	2.4542134571691268
5	119	7279	3567	6438	2116	7.154064071846004	3.1421466620699188	1.8718784870629943
5	120	8048	3931	6969	2476	10.231101101162148	3.273496918605968	2.593393650971973
5	127	12680	5610	11081	3422	22.021400327025074	3.286318534523726	2.462924333415431
5	130	8946	4239	7825	2683	6.618510563449709	3.9423618793580295	3.2729501677721604
5	132	3655	1801	3260	883	6.752101878261809	2.6362100517678875	1.9393009783028536
5	133	4010	2223	3577	1270	8.171117909621586	3.130588958089649	2.6620416690784947
5	134	4731	2286	4176	1639	5.955351112304279	2.761115886125838	2.2058413682123925
5	136	8607	4002	7436	2469	11.95920693167877	3.1365795203250397	4.0220246692271475
5	142	6111	2852	5343	1449	13.00187008075911	3.2845165502624174	3.242199271977887
5	144	6657	3308	5751	1786	7.241945860821207	3.2195811108913075	2.1337600067424156
5	145	10863	5023	9120	2437	7.551784102815678	4.9795268802599875	3.5756150309495505
5	146	9015	4200	7698	2015	7.077125270443263	2.77123129858622	2.8269105838083033
5	147	3469	1785	3140	1137	12.961439059048065	3.159810108895416	3.826964086178435
5	151	1846	891	1576	487	7.305295005940127	3.4245978355487	5.691314372389012
5	152	11079	4922	9651	3202	7.245757335205664	2.9958032747731766	3.156772466281174
5	154	5524	2461	4847	1424	6.738106502603161	2.614062955099738	2.4621163689453978
5	156	5306	2214	4721	1582	5.533178109091907	3.22686783658925	2.358173253464082
5	158	4556	2032	4049	1326	7.877980932232944	4.189790212854992	2.50189387698595
5	160	4559	1986	4079	1287	5.094852823409803	2.959852509567298	1.73464429409043
5	163	4514	2201	3959	1221	14.091993095041236	3.6034525333459393	2.486557929820713
5	167	5669	2520	5073	1350	6.197701958540623	3.7857647823957135	2.807872650846711
5	168	6673	3146	5812	1718	32.051894870139655	5.153520508816494	2.777920578238288
5	181	1893	989	1702	511	5.225523743170169	2.901652773780592	1.8868660792308367
5	189	3446	1589	2956	841	10.352185967474483	3.3676639531893153	3.0307707670918727
5	191	8942	4409	8049	2455	8.744983072760556	4.527618682328759	4.226149872443897
5	193	1964	983	1771	520	5.7861152938348654	2.1864610085558733	2.0939353986470315
5	194	2445	1243	2227	578	11.798978957497528	3.0071626653846755	2.6007152812791094
5	202	4538	1904	3870	627	14.898690889864833	4.338551558168362	8.18981338070684
5	207	5763	2649	4981	1447	8.008178028451818	3.898972297501128	1.7833272171470187
5	208	3637	1921	3054	1210	5.287335797873411	2.801110763917193	2.3020178406007017
5	209	1047	494	953	263	12.2550538059677	5.057580248998963	2.41509929349676
5	210	743	310	672	202	17.510182722416413	2.540657932465489	0.8647963044659099
6	18	729	519	636	212	5.038266453751218	2.1028486657449013	1.2827690175221007
6	19	5279	2661	4710	1597	5.033308110106837	3.7526373962520654	2.3501727770394627
6	21	3933	1829	3547	1292	5.983193425960632	3.4462713147671864	2.418242972476901
6	23	3973	2241	3496	1129	5.976526973795264	3.407876459333693	4.333528902992007
6	29	5722	2542	5137	1551	5.561858074773618	3.413253506369677	1.970085172048451
6	34	6213	3063	5475	1700	5.086008499079004	3.3375181547900903	2.1030359148777618
6	36	1670	1019	1496	549	6.345001970640678	2.986223858648769	5.5302889429188715
6	37	3059	1401	2717	864	12.473171557913831	4.591708875778288	3.6010701632072872
6	38	2103	990	1802	570	5.403323712376037	2.6566681487966544	1.9150866159302056
6	39	9705	4668	8647	2714	5.7692829317766785	2.58981181274669	2.766183726762269
6	43	6198	3006	5476	1681	7.030252063772615	3.3865295416214933	4.8584231291011
6	49	1248	640	1136	391	6.498715616658785	2.8889186553781054	1.5008152485612718
6	50	9658	4720	8705	2859	6.931663757739075	4.005169969604525	2.7641111242003933
6	51	12567	5797	11010	3578	79.9917344702731	3.65059944586702	5.597639518487078
6	52	4016	1845	3621	1104	7.72470814862729	3.2866690622931745	4.212002559954754
6	53	3774	1679	3342	946	5.170557341752573	2.9804590351666778	3.1332717523453817
6	55	3464	1605	3069	1093	6.6746565098672725	3.0667207424398284	3.11422737495342
6	57	3676	1842	3224	1155	5.933922249994756	2.897486191264527	2.8113430319046993
6	58	6166	3177	5402	1587	5.028233317640338	4.469388370782102	3.839224543705331
6	60	3403	1711	3053	911	29.177840417176252	2.5231043778398603	3.5026522420721737
6	63	6129	2725	5262	1528	29.86144058698775	4.152218608524451	2.9527107798270698
6	64	648	298	592	144	95.44482317779028	7.081231352405952	16.98010536923935
6	68	1476	678	1301	397	5.0354282528596634	3.5756496452787245	2.1188468570991947
6	69	5848	2777	5086	1289	7.795185640237481	4.095261037385422	2.1218974367031587
6	71	23823	10085	20928	5371	5.300594884791508	4.859703109280327	2.799789049872064
6	73	925	459	821	276	17.39408338480305	4.163676935008751	0.9987808649274612
6	76	11771	5101	10396	3619	5.9778963722329665	3.934673560390931	2.8439162749951055
6	84	6191	2529	5138	1739	8.080205277341182	3.6606545054609314	2.677054626363285
6	85	14608	6251	12657	4009	6.179029148975398	4.145211764560871	2.9339708162066858
6	86	13952	5993	12186	4388	5.481621536853704	3.874129785917477	4.210546736091636
6	88	19092	8583	16205	5023	9.75585435850057	3.3353400897563388	3.677595724367048
6	90	1301	692	1146	378	5.419102245169894	2.5392287947430336	1.7145489969426195
6	94	9243	4318	7949	2728	5.313363465542288	3.702648094288461	2.945883663177773
6	97	5781	2797	5071	1697	8.391779975556945	2.7303188001691963	3.2447141442039436
6	98	7546	3487	6491	1976	10.91069329855338	3.255053890343256	4.117521092133536
6	101	6488	3123	5473	1983	8.478572710363707	2.5620999455507407	3.1262155474622277
6	105	5764	2926	5125	1864	6.012962882045882	3.2159672853671974	2.3977305096507773
6	106	4905	2288	4279	1679	9.473525705146784	3.750545747684288	2.4101634008889388
6	108	1927	908	1681	522	9.472217943600173	3.6826121239949865	2.064760678939027
6	109	5527	2459	4888	1676	29.096263838842745	3.6099155440516073	4.332311407655982
6	115	14358	6423	12317	3730	24.018946390712845	3.1802816309102564	5.599350307579631
6	116	8358	4015	7206	2346	6.804683803699768	3.927751891901173	2.647307655552118
6	117	12083	5487	10440	4056	7.56331986495957	4.230552647361193	3.77143612964632
6	118	5207	2402	4360	1554	5.476551639147201	3.643967532301226	3.1420613435894804
6	124	9584	4335	8247	1783	44.46642301757242	3.85599863304605	3.8803778465377574
6	127	4602	2207	4155	1129	8.757225283129644	2.732293560643362	2.4748638023965266
6	128	6659	3027	5900	1886	12.601920620582192	2.399743036581056	4.299910919155656
6	134	4636	2088	4107	1204	12.580622776114316	3.6695397654458497	2.742865451212107
6	137	2677	1261	2340	759	17.133679740540025	2.7915064784457595	2.5312485096787825
6	140	3957	1925	3553	1306	15.40932425546593	3.026772343881735	4.1378541244579266
6	146	3180	1497	2766	907	5.174391951442086	3.9783967657480375	4.377449962707577
6	160	6410	3092	5703	1947	20.245705823808105	2.9510402761889525	3.527219612680295
6	161	5559	2467	5040	1433	7.267422470568657	3.7902969139430542	2.834710788279082
6	164	2933	1471	2671	823	5.412865914141745	3.051490201859982	3.0288219654827815
6	167	6174	2775	5441	991	5.161837640580474	3.0997026910145604	1.514714865490694
6	168	7922	3828	6897	2010	5.6270521412525305	3.230737726152059	2.42102105954579
6	169	13142	6165	11664	3308	125.92284201360452	7.908942500962025	17.51009539691628
6	173	6217	3068	5416	2215	9.202461067961574	3.209999667716767	3.312600904377147
6	175	3222	1886	2851	917	13.646957266751013	6.175762331779957	3.722597251168261
6	179	3377	1770	3016	1186	8.119824773637326	3.430996185587853	3.0296611198216494
6	182	5302	2301	4803	1754	7.017204834380893	2.9353327110461715	2.6180437345907337
6	183	3577	1540	3289	619	5.503900901178389	2.5047093930137656	4.763717209812064
7	1	1570	944	1312	371	5.8020217805684045	2.8735917676255145	1.5536468612333485
7	3	5273	2245	4567	968	36.856677762791136	8.412328337580313	5.2707016477414825
7	12	9967	4770	8716	2208	62.43333021832971	5.06398405406395	4.81767646622865
7	13	3920	1869	3515	907	7.7744025154151	4.553846015799711	1.9341010505384717
7	21	1166	664	1046	302	5.8186721277778135	2.464451131898805	1.9140269570140045
7	25	7737	3982	7013	2877	16.31488558168873	3.329407673169965	2.7979526186108283
7	26	7442	3822	6724	2411	5.594349746218239	3.6744419223324503	2.67711707000248
7	31	5690	2785	5014	1989	9.285454838861234	5.081091616848893	2.998805532581576
7	32	6260	3241	5580	1874	16.15404176632074	4.759807458134199	3.5745571648593746
7	33	8364	4057	7298	2424	53.61455327099435	7.546983361754854	13.223961474684176
7	37	6646	3537	5835	2430	6.768746555606192	4.4700759885745995	2.791971104003081
7	39	3972	2054	3574	1388	8.147385295317955	3.7108476417519056	2.735872236089471
7	40	9790	4761	8542	3194	4.629298883180395	5.595628568760632	2.975015393084356
7	42	6263	3185	5450	1984	25.902635082902428	2.928727554299548	6.504306471988247
7	43	8981	4179	7910	2344	7.983906483659653	3.654384194001351	2.9995084302261064
7	44	1269	584	1141	352	6.249794085592073	2.36311623525883	1.9735274855751983
7	45	2475	1344	2251	740	6.725933804632435	2.8599703480144565	3.013162301158454
7	46	1053	582	931	324	6.071473604541855	2.98322689518675	1.221311208380266
7	48	1283	651	1167	377	6.699134225291861	2.7589832778338343	2.843530353285537
7	49	4336	2078	3925	1423	6.135177911389662	3.234508005058008	2.676335919274411
7	51	4251	2152	3845	1294	5.174264973841724	4.0570479361766845	3.0610180503847095
7	53	2870	1314	2637	760	5.552292519539746	3.121926766806016	1.7643308512007152
7	58	6232	3206	5485	1662	25.2677579121358	4.355759521923958	4.978461683460577
7	62	3125	1560	2799	1074	13.850461821469876	2.8493639346739403	4.547366418775276
7	64	493	260	460	165	5.49264706756772	2.273376420040486	2.2252421430237015
7	67	16507	7818	14239	4229	7.3233170948454	4.4759628929112125	3.4272515951546163
7	69	3920	2140	3381	1094	8.295236605914365	3.258040679217286	1.7985834404447243
7	72	10441	5005	8958	2732	5.291642370678549	2.7611409021380733	2.394942754841444
7	73	2371	1099	2032	655	22.171844986385892	4.007534490498795	7.135361631208488
7	74	2842	1409	2499	926	5.729964893714305	2.662346218924914	3.111235570298566
7	82	6655	3240	5543	1789	5.792154452277566	3.5745626727990074	3.6480623890816894
7	85	8558	3583	7216	1661	95.14025751682668	2.827645726691095	9.450471591869604
7	86	2480	1233	2025	511	8.069158893549753	3.3823145213783885	3.3991881547347633
7	87	871	386	688	56	11.500186943552324	2.874170433320068	1.114211528395895
7	88	9967	4074	8797	2400	7.972246355888869	4.580807033405597	3.4033855412881473
7	89	5023	2630	4382	1795	5.615175981084355	3.1358137776968955	3.298169798751934
7	90	1298	818	1198	549	2.3781920050901597	5.9632187500713	2.3825902817002116
7	92	6620	3030	5769	2028	10.300782551033514	11.471500576837308	9.581908296603146
7	93	2741	1308	2476	921	12.840432223766287	33.6028348473033	8.290321062627191
7	94	3714	1818	3234	1134	3.077982227397017	23.152638628578277	2.6804273107884353
7	95	3832	1991	3316	1292	3.676084907500914	6.802562896028642	1.9535047139364712
7	99	9880	4186	8648	2505	5.061880178813513	2.921652060891359	2.936291007030044
7	101	8560	4149	7529	2461	5.449119146241687	3.6716932470389696	2.468725239580329
7	107	11921	5761	10323	3369	11.38269047261825	3.768153127542784	3.0842493943049356
7	111	9726	4103	8182	1956	7.495578491386032	4.839677278376683	3.790997809900651
7	113	7874	3333	6970	2110	8.582772928494679	5.231894125770833	2.4503144301603665
7	114	10991	4938	9545	3560	5.725274447340586	3.180516476961142	2.775721932162561
7	119	4380	2203	3680	1139	14.171035233947284	3.544455998410137	3.279321764826635
7	121	12023	5422	10701	2691	6.915944114941259	3.3490314752478945	2.271064434929395
7	127	2086	1008	1726	405	9.723701083154864	3.2834893555717746	1.981242015870212
7	128	2184	1041	1914	364	14.08168423565814	4.554912922553799	1.5789787952307102
7	131	13370	6152	11402	3557	7.63238118449436	3.4186484459734143	3.4915855683209367
7	132	14216	6103	12408	3880	5.752307828559733	3.800910657804424	6.1089060543751446
7	133	12737	6062	11093	2977	91.44947185834928	4.160669942194502	5.368298052983514
7	134	3581	1880	3194	923	7.2993426326394655	2.714351332104496	2.2711548732636735
7	139	1904	980	1607	502	6.271098125780202	3.028345119456195	2.27551971884557
7	141	9400	4535	8220	2437	3.8015181007970873	8.608475076782778	4.644686425657533
7	143	1978	1057	1772	523	10.69377522832416	3.034806584484477	2.232125536172828
7	145	4558	2058	4059	1191	11.221712957458845	2.795729110244263	2.029847749849407
7	146	2358	1202	2017	354	5.4016528589009605	2.639689915320131	1.2408546885281009
7	147	2998	1412	2669	738	5.179732543853361	2.5388453164442044	2.2113972347029525
7	160	4423	1973	3872	927	5.671558651780184	3.3084369988785207	1.5741808448028558
7	161	1546	746	1300	466	6.843271371143329	2.95713414718234	2.361156864519489
7	162	12350	5389	10933	2918	28.622848079355208	4.088079243213273	4.330651013390601
7	164	1522	548	1332	345	5.297163326109025	3.280009548049239	1.4317465468551744
7	184	5590	2682	4848	1690	5.458232769960226	4.107470568543231	2.188105317799884
7	187	9910	3955	8705	2915	5.0032285155306	3.619496569889849	2.5816265682299586
8	13	1976	1007	1819	661	7.341039406106542	2.748280099656914	1.743918690810551
8	17	6195	2977	5543	1546	11.786166834280714	3.405394426773641	3.020604889109745
8	20	5022	2522	4572	1720	6.695013674180939	4.2450879886518145	2.3506919822720014
8	21	5273	2776	4672	2106	7.648301240859557	5.6890274492988135	2.6907137851550016
8	22	9136	4739	8102	3319	5.755045150642185	5.368287609364486	3.266472922414035
8	23	5106	2500	4644	1751	3.2321982753385505	5.781095868412655	2.62711164566538
8	24	12174	5390	10983	3776	3.449763907243331	6.659420179200201	2.620552834739571
8	27	3951	2103	3524	1263	5.358338085253231	5.068108882267932	3.012110411955053
8	29	10718	5390	9775	3620	10.002517418911838	6.601847935625752	2.750469901520507
8	30	2313	1165	2122	808	3.270457184275581	5.104410550002001	2.1333008802949323
8	31	1341	672	1229	321	5.010463919837702	4.613864288096799	1.762449752432059
8	32	7418	3733	6677	1857	968.7976206235434	62.1431514463763	120.66473614279629
8	33	6149	3138	5478	1803	29.098843920300997	9.33142808601992	2.83577976100346
8	34	3050	1633	2706	654	4.3804828894370695	5.247932151290782	2.415570237638451
8	35	2484	1393	2105	802	3.4397277072491788	6.205584037073962	1.84355608385396
8	36	2076	1030	1834	504	5.662181004659956	4.411167852498426	1.7137868313726494
8	37	2894	1430	2489	638	6.282713724818609	3.284477203847383	1.2712572587443585
8	39	4621	2368	4011	1437	6.261915422353783	4.689599277702401	2.026000877148838
8	40	6574	3008	5770	1645	7.15398206673829	4.082571224422428	3.277635658032746
8	42	7565	3931	6663	2200	10.161526971213735	4.915519544723111	3.3122027531480507
8	46	2423	1175	2192	588	7.474076278442795	3.116428030551863	2.091834288295213
8	48	6323	2796	5561	1675	7.806408291474356	5.2524048829881975	2.036950984228321
8	51	10231	4306	8805	1964	10.503634932499562	3.76208257487811	3.777066452932035
8	53	5442	2454	4528	1046	10.975891854775586	3.5432496049592364	2.6418899594799603
8	55	4746	2255	3912	848	9.788094473086495	2.6506209896134605	3.8767539355676943
8	69	10603	4924	9126	2870	9.97751719118883	3.5924774287069674	3.134243051212366
8	70	11535	5066	10160	3265	5.2644963953499415	3.201737389780151	3.588025918702378
8	71	6931	3268	5871	1806	13.84263015614631	3.1594028229930644	2.736577520061254
8	77	6047	2964	5211	1489	23.004377988791944	3.0802376576651223	9.576229149213232
8	78	1262	661	1112	373	14.097389480550266	3.4132332199383417	3.279444594215683
8	80	2718	1396	2344	705	5.232072730313102	3.649134434774011	2.319913522454243
8	81	6596	3108	5774	1947	7.89709849196681	3.490702808163892	4.70427498013857
8	84	14907	6852	12707	3834	6.294179583457477	3.5254091074255207	3.4118222015784396
8	88	7183	3369	6173	1999	7.305145649061361	3.102232068181402	1.547981140568287
8	93	9688	4143	8337	2502	3.438993275691406	5.204382841744116	2.595850784132751
8	94	5723	2882	4886	1254	8.796714897487488	3.65057021873406	3.086279997963969
8	107	2154	1071	1855	640	11.71170961287642	3.0684934997133797	3.0802617920868967
8	108	11309	5242	9624	3089	12.236382677418293	5.238605766888974	3.0409639162099267
8	109	10216	4795	8932	2794	7.409101396580009	3.1676992605881393	2.719614594497058
8	110	10740	4638	9349	2447	5.570457279956319	4.146900012196291	3.3844740786152734
8	112	6769	3004	6003	2143	4.138062256253968	3.9314165131022656	5.310181462162201
8	113	4565	2229	3798	1114	107.67525346519515	3.9849089455643503	17.91068739965329
8	115	3725	1833	3247	1184	7.568617139862058	2.607167147921974	2.3990467262527786
8	118	3024	1366	2675	868	36.05574565641725	4.78110156775296	9.381590174491835
8	119	4734	2173	4168	1388	6.083545785530925	3.25443488953645	2.8703355144985356
8	124	3842	1865	3344	1028	10.891472900169594	4.357339443311581	1.9086656284664316
8	125	1611	828	1444	418	158.26713970620983	3.730878191260356	7.580032801544786
8	127	4336	1992	3852	956	3.25850448142674	5.670624189170413	2.5911864887990803
8	130	3369	1672	3010	981	5.11167739548841	5.255869178710502	3.2498121630690497
8	159	5088	2198	4377	931	49.51501788139064	15.477661796258234	3.53367576932637
8	160	5452	2066	4712	944	6.281548392775129	2.906665800444467	2.998578455730698
9	1	9435	4451	8650	2719	16.267777301130163	2.961595179187891	3.034269098782238
9	4	5059	2700	4588	1570	7.360771232608178	3.109628133630766	3.128993023958226
9	9	3956	1939	3479	1156	6.482032725662666	4.106130550289828	1.8085161008425723
9	12	5116	2308	4587	1529	6.115493761473454	4.145538168529416	3.187174410305021
9	27	13468	6999	12108	3690	11.347392569152694	4.39631909062723	2.216395702006579
9	31	7943	3740	7009	2317	125.48073499631944	4.654862704822379	2.31586986129611
9	33	5408	2547	4932	1952	11.584227077285933	4.325296002274657	3.167729043938371
9	36	5065	2538	4546	1560	9.774808938264655	3.320709708768064	2.4506621174965115
9	40	9801	4726	8664	2853	5.607737614145035	3.427296661336067	2.9127486577823976
9	48	1308	630	1182	423	15.027197791100646	1.9998916008447376	2.926431136815184
9	49	15201	7005	13325	4881	5.787473649049125	3.592028302722547	2.6221327016707097
9	50	7835	3702	6960	2477	11.015216571637708	3.1586431522467944	2.218799466776106
9	51	3101	1481	2755	868	8.44029305963926	4.770830594720729	4.807366757088129
9	53	10447	4772	8818	3047	9.685571066838571	3.8301859348816927	3.841989595247516
9	56	7209	3387	6308	2031	4.034073324093775	5.304858016511035	3.3126182184471
9	63	8745	3966	7636	2492	6.283943033647348	3.0076841343515253	4.9461378450606945
9	78	2591	1209	2236	583	8.378545661022308	2.749105922399097	2.7355665632749706
9	84	4946	2430	4292	1532	7.750353521623763	3.1815882858214417	2.998741323603574
9	85	5360	2700	4732	1833	5.2033392250107555	4.587279806694397	2.917471883698756
9	88	4900	2200	4348	1033	10.338787448856898	4.382673356547074	3.2917824464833445
9	91	4549	1831	4163	1210	3.5323959562088736	5.287100102586031	3.0716513418636
9	92	1398	511	1266	231	3.6398304521738183	6.374744280895676	1.2080326474982652
9	93	6365	3084	5655	1509	5.419154714915915	3.5334230115809846	2.4898919726356477
9	97	2447	1400	2112	969	8.897180214633668	4.217894560252125	2.133002826982888
9	98	8038	4022	6895	2688	7.108775425112279	5.445451678481759	2.040393942890548
9	100	7770	3623	6523	2593	4.763098992640408	5.1364961125806206	2.460230253079647
9	102	8565	3684	7362	2281	7.616396899752907	5.271871663268973	3.174575162129502
9	103	1823	972	1673	593	3.2453595695055837	6.161953562066892	1.8720403805674224
9	104	2138	1166	1870	727	2.691250980760563	6.469648917173442	2.849894288810406
9	105	1543	832	1357	484	4.358746534848858	5.122727384734245	2.253809857898606
9	106	7379	3610	6279	1742	6.630741639354676	7.33425429988284	2.56990521188929
9	107	1892	939	1677	542	5.077070218158023	4.223859923389089	2.2803001885299934
9	109	8855	4374	7734	2932	5.454938264864883	6.093286969815836	2.3429774463871835
9	110	9798	4425	8591	2881	215.2444765040212	38.52716916468064	32.374243623794925
9	111	349	194	327	73	377.6806333818311	12.204290019899332	84.56436203837325
9	112	8452	4250	7458	2206	46.71077261865507	16.863362248472495	10.991042449361036
9	113	4880	2331	4351	1289	5.64503107015299	5.5510232593832205	3.0120341529556196
9	114	2849	1532	2520	797	9.147340308888207	4.101857372105138	3.1086617984196887
9	115	8706	4421	7754	2955	5.1172853732745605	4.33995787537022	2.976135079485179
9	116	4335	2340	3742	1447	10.48371198913204	3.2932952316375816	2.053192646018921
9	118	10873	5303	9493	3596	10.68079400492106	3.3381537690297765	3.1025951612362053
9	124	4024	2007	3522	1310	15.407173406330752	4.279491953141809	3.249068145992807
9	129	6007	2924	5248	1866	6.656411311805417	4.3578713319103395	2.1101304518109445
9	130	6032	3032	5163	1601	5.9202220453090435	3.694725337113761	2.667754656443246
9	134	11241	4985	9832	2588	8.298287436476112	3.1761205196472284	2.5658189168355907
9	136	4852	2427	4185	1545	11.501102617655825	2.6428863844968387	2.4451461620360377
9	138	8121	3792	6706	2397	8.420077065824351	3.43832385769229	2.70767864053554
9	140	12137	5250	10172	3218	10.65667899081498	4.10854392828106	2.587104608718667
9	141	1489	739	1333	347	10.065993607006291	2.2397554822378676	2.447509779599169
9	144	4004	2015	3537	733	7.768173091760519	2.904693107996747	2.4347916749868266
9	148	3021	1469	2632	713	5.534140465289075	2.728079202200863	2.5468388912632514
9	149	4109	1825	3603	879	19.669697229986905	3.7824047367327576	2.0501427247542487
9	152	1137	589	1000	175	5.980817130278283	2.508677946218666	1.9042184132236992
9	153	312	206	285	105	6.002508603143359	2.8225361016025103	1.365842694716654
9	154	1814	967	1633	400	7.079666488400135	2.597196168118546	1.2466849736902916
9	156	3389	1897	2984	800	5.712958975546066	2.8423638240613704	2.400905785876764
9	162	3302	1639	2502	338	6.99610503201339	3.584036428414892	2.080850537149273
10	1	7524	3271	6714	1949	7.0709584255727265	2.802597633907466	2.507750776688857
10	9	411	248	363	168	6.533797041002588	3.64976565604092	2.6196752201960547
10	11	2062	1059	1839	624	5.30329047470846	2.940149340213907	2.519503022262371
10	13	4961	2339	4488	1574	11.685536724030792	3.186637028733142	2.8426803358771
10	14	6329	3294	5599	2155	6.580846080414521	2.973107878385755	2.7592822770150356
10	20	210	138	191	80	6.695100614352421	1.71820503798292	1.6776223673217223
10	22	5381	2727	4838	1688	6.213286890879159	3.332423780492476	2.0579139527963637
10	23	1273	653	1182	425	7.229070350299533	3.0737897791175173	2.289001238906483
10	33	4394	2094	3885	1424	6.061307859621397	3.48201406130875	3.5948555057440204
10	40	3777	1635	3530	1209	6.042739285642098	4.286338422356761	1.6427565584257275
10	43	4449	2325	4007	1391	20.89511998199563	4.775118430426104	2.120618915994496
10	46	7517	3651	6812	2531	6.252661917231864	3.0383130164455854	3.8306853078966863
10	48	10283	4039	9260	1919	6.243818654534323	4.264497595717115	2.637754578734745
10	49	6131	2603	5392	1713	5.505544210627047	3.148399590734585	2.782829925703459
10	52	7594	3648	6596	2085	6.240959555557957	3.758301717742631	2.6524170532168303
10	54	13121	5918	11491	4195	6.3424090875330394	3.6452654800296216	2.782087273898609
10	60	9141	4217	8034	2317	22.517275284571173	3.632330512258266	3.5966515922087092
10	61	2980	1598	2659	763	10.511453371230909	3.070547804692731	2.5634066382738867
10	64	1252	693	1131	367	6.520901273803115	2.4686842551374513	2.5808923916422097
10	67	4960	1884	4317	1399	53.65347304939276	6.558066502163455	5.680979016573664
10	68	4469	2005	3997	1018	5.346175971673102	3.735069646278208	2.020766057395376
10	70	7171	3314	6263	1903	8.316827448651184	3.1639368709915185	3.8285443352355464
10	79	7464	3565	6577	2066	14.614145825456712	2.6914966120123793	3.609584364630757
10	80	7316	3766	6078	1675	10.770267753824385	3.5105421994868133	3.883463423224583
10	81	8454	3855	7167	2223	13.856518990833422	3.033487642874121	3.711041330596843
10	83	6824	3132	6177	2278	5.844372100336217	3.1344001429166797	3.002858157617296
10	85	2113	1078	1928	599	6.927823274679397	2.607701593838205	2.2069261287588167
10	87	3609	1892	3220	1059	8.771742404734146	3.9308712817817537	2.949535136061833
10	92	12667	5114	10949	3394	9.43160129816038	3.365499255692797	5.595855132644416
10	93	2283	1039	1956	464	5.7959405517012845	5.447475901524629	2.088100568005144
10	100	1936	1074	1753	527	14.992788684161797	2.7920039875349616	1.3774538310715343
10	101	6082	2711	5493	1425	7.1121567628186515	4.088508333722296	4.210829818730196
10	109	7642	3316	6756	2000	8.003793950437077	2.954948225469914	3.1181414357171837
10	113	4959	2676	4312	1498	5.189459642549616	3.809178343891462	3.573873681499415
10	117	9318	4409	8047	2504	40.08905542212367	4.152485600686415	9.858909483085943
10	124	1811	840	1551	449	8.498892564238059	2.153929900725395	1.7521306958577516
10	126	8360	3675	7304	2353	23.070447854320346	5.232251307022088	2.5716098141299004
10	127	2681	1162	2364	503	6.415292013877593	3.220614150437067	2.1817419836189655
10	128	694	314	609	150	7.0357784672174155	2.4875639371766707	1.0776622108939276
10	129	9877	4784	8223	2640	5.9288155868074766	3.4091322136945683	2.9772053547212485
10	130	3292	1465	2853	809	5.131319022677833	2.530458782050842	2.2492548108849597
10	137	8112	3698	7031	2395	80.93351878129349	4.813357622112928	17.91216674634359
10	138	1380	715	1235	356	40.48519118675701	4.349520352030858	10.792170384578748
10	140	1789	912	1533	310	8.68351447550462	2.4739483279032983	1.3219068684915247
10	141	3827	1939	3398	1184	5.103779390824451	4.1117235582818346	2.2918632153995455
10	142	2680	1200	2382	504	42.37952656693183	3.625386079686351	3.787632300817133
10	143	7937	3421	7105	2018	6.373518869077487	3.4669388910477075	1.9558878947095415
10	144	3143	1463	2814	901	15.600992534793912	3.3186092891181875	2.236350089052438
10	145	2947	1409	2618	835	6.939629149657953	3.603446119355068	3.3574866039721174
10	150	6816	3128	6080	2181	8.094154099993196	3.2861434532497467	2.8551666427636695
10	152	4408	2179	3907	1493	14.892282221472009	4.339123146950214	13.991761166777689
10	153	5056	2430	4507	1599	5.159310095305716	2.9772832687450705	3.2972970628209164
10	154	10107	5118	8926	2964	5.426133367238525	3.479379109148536	2.8764740709931105
10	157	3792	1932	3338	1157	11.01932486519297	3.122863648943736	2.4822671621054933
10	162	3294	1815	2947	1002	7.250199963609579	3.196647820061589	2.993621240491452
10	167	932	604	770	297	6.095779364200037	2.507115922674468	1.5220358023062623
11	2	5053	2424	4284	784	19.212192109001112	3.5043489456245864	1.5538076945298869
11	4	3745	1623	3366	973	6.5052475481446335	3.817995663884045	2.7334970248486967
11	6	840	413	722	184	6.8978888950223896	2.302608549340344	1.615828121840622
11	7	2869	1406	2487	616	23.41429399735812	2.8775971784989043	2.247912143734718
11	11	6760	3016	6112	1802	5.537245266392237	4.376315414461782	1.996397502620987
11	18	12030	5813	10463	3292	15.331486419357455	3.4144442996617506	2.8509030843509975
11	19	2726	1267	2469	633	7.045152781600491	3.0776394708963	2.075775432081867
11	26	2201	990	1978	549	6.154770331899439	2.4197709289474103	2.12971673280162
11	27	5404	2571	4776	1458	9.76769361449376	3.214516430195335	2.919517431898672
11	28	4200	2051	3484	922	23.017188244021163	4.310551110755345	3.547490631517338
11	29	2860	1378	2579	737	5.115284754092135	2.971202958720921	1.8109583138842105
11	30	3985	1844	3435	979	6.341127282851032	3.348766361536526	3.004695982458806
11	33	4902	2365	4213	1431	7.893552518204104	4.229309322048227	2.655252207660377
11	51	5488	2630	4895	1567	7.240961786374279	3.0540987290211734	2.124709761193092
11	52	3139	1538	2683	891	21.844822117706876	3.1762698989197524	4.158473851049684
11	53	7135	3126	6035	1785	9.084496168799634	3.500961379233897	5.007184108879297
11	54	5205	2341	4402	1377	6.455484684172932	3.464865761658758	3.146985873346926
11	57	4994	2378	4369	1114	14.050063423040347	3.228290422649313	1.6678267672022304
11	65	4666	2237	4117	1437	8.179961104000805	3.1188000575433867	3.5391630910491623
11	70	9241	4378	7887	2835	6.166401818828536	3.576494162124857	2.9592592426425983
11	75	3987	1733	3588	552	7.812184964834036	3.192596604836318	2.1795298666765244
11	76	4818	2126	4287	1286	198.6333546994763	4.301245786815673	8.066107654987228
11	77	5045	2080	4344	916	8.805322494242986	3.5081152772136153	2.541734216646207
11	78	5346	2159	4495	1216	48.63621499419586	3.3700986061544085	3.852338608401042
11	79	11644	4651	9734	2784	28.211910452631567	4.576725117657853	5.623583106575415
11	80	7603	3140	6644	1417	19.730977823891575	3.8941137675584265	2.524229700352497
11	81	4512	2086	4025	1138	7.700652832935781	4.011861696174948	4.579237823778991
11	86	6850	2976	5903	1474	7.249974876980212	3.149650232909207	2.5136202563593
11	88	7306	3284	6339	2007	54.583373704216605	8.397057272195537	10.765891369088912
11	89	919	487	839	306	8.015847086419852	3.628549580248098	2.287268868851965
11	90	11578	4910	10117	2785	9.656813950479044	3.2003299998662524	3.28440506194714
11	100	6029	3008	5308	1872	5.495484153869951	3.4781368481313915	2.2298120055352855
11	107	2150	1153	1876	754	10.254325704947911	2.7106311342479747	3.6159914353845304
11	108	1942	971	1725	507	5.917989372423657	3.302449017184848	2.9952198547629525
11	109	1747	886	1558	529	5.358176521360434	2.489887964273013	3.442895233564824
11	115	6846	3059	5991	1619	6.896208511613972	3.27244700313205	2.325724893745133
11	117	12261	5103	10798	3179	10.891543257134446	3.1327655094049542	2.8598641813728656
11	121	5273	2578	4675	1606	24.78552263523169	4.851837997955228	2.0054910154514105
11	123	3464	1498	3022	614	8.081771684981533	5.381584827076912	2.290691702785964
11	126	10826	5288	9645	2766	4.274118956731053	5.105298447772496	3.2745936216565794
11	128	693	405	613	221	20.638032136100183	3.744206339984976	2.3390838215345706
11	129	5212	2561	4615	1679	573.5899200591946	53.7195808390992	264.1563589469951
11	130	2603	1344	2346	888	25.51577773444732	4.428193434821896	6.592349698062596
11	131	532	349	470	209	5.308798129327878	2.980834414488011	2.367140357386318
11	132	1575	937	1417	602	3.262387851917212	5.113428308637698	3.02412016848805
11	133	5501	2265	4786	1615	25.94743384155552	5.5633272223078505	5.153876414621218
11	134	7048	3392	6175	1967	8.690830428724214	7.118622307318786	2.268727117752391
11	138	3231	1575	2932	792	4.5232379361374555	5.245860908804203	2.3331919372832135
11	140	2922	1444	2573	806	9.805998959085358	3.736275054522036	2.5855696199338243
11	141	847	516	733	259	5.317816921744356	4.210953112446984	2.094047462341824
11	142	6256	3187	5542	1881	58.20344795237285	7.820685111437232	4.286445061154818
11	147	10003	5013	8820	2750	38.98717612680092	5.197636349539755	3.2919060292309807
11	148	3052	1762	2645	841	5.284597895749903	2.8426086331417033	2.306580795032312
11	149	7957	4262	6884	2238	6.298992014366715	4.026010197978506	3.364305951937234
12	4	3593	1517	3243	944	9.567661979415734	3.7483880052349416	1.6215275826669369
12	8	1921	897	1731	509	5.568348582627464	4.066606931124202	2.2293553865452567
12	9	882	302	810	205	12.385148738122432	1.8054493483846712	3.9536881333750857
12	12	1886	975	1666	507	6.155358468706457	2.3240784552274074	2.438737412713531
12	17	2470	1119	2164	542	19.891519717142305	4.859737782755695	4.824725625406829
12	18	5075	2192	4462	1505	20.445810676993492	4.730846071576985	12.840817764148609
12	23	6950	2982	6263	2089	29.570376961061463	3.8013343368430657	9.16813247824547
12	24	1767	764	1591	491	5.093590283607814	3.1752831077113473	1.731119012739598
12	25	6603	2903	5760	1810	5.003657906668864	3.398767626670884	2.0325830852291764
12	31	1475	755	1320	444	8.32903423831406	2.3763559932641862	3.2750935116787665
12	32	5364	3018	4753	1576	5.130943867673097	5.350234641214122	4.348842914992222
12	34	4105	2015	3458	1176	5.586646599894435	5.1124376014519575	3.9986157592396543
12	35	2124	964	1881	658	6.219519998530004	17.26849538257286	3.1517700279248646
12	36	2089	1062	1845	517	5.23592176990365	4.426779588772109	2.395119801799842
12	38	7000	3517	6268	2295	3.4415955449822717	5.583876431247661	3.150290279772213
12	40	2654	1522	2341	824	47.32622317412369	5.896894345642323	4.9043440235211975
12	41	1709	928	1541	444	17.075950722536046	3.8315829191950264	2.0923705565172
12	42	10831	4741	9715	3032	6.3443353802466635	5.8999800629530865	5.6173025950870565
12	45	4287	2375	3745	1206	5.1110165912478855	4.855648442685971	3.1812382010571456
12	48	6030	2951	5380	2014	12.678565756325025	6.4708434170097835	2.2416605776002156
12	49	6599	3281	5899	1947	5.239019282161033	3.5020108232737357	2.7707372469332494
12	53	8618	3632	7638	3058	5.04943109813235	3.9104319894225146	3.1192136449849004
12	59	7966	3440	6918	2375	5.947324431386546	3.5288916034527116	3.358454519308521
12	60	3616	1719	3238	1066	5.6538147588109595	3.229761623922528	1.876618080719239
12	61	4308	1971	3818	1237	5.734059472584357	3.8502382823839336	2.183929743994637
12	62	4808	2153	4165	896	13.653541630806435	3.7741091854374966	3.8312998554891178
12	63	5674	2247	5078	1756	12.14531849824979	3.702062461338112	2.8341636970350623
12	66	6351	2834	5678	1725	9.083079049222	3.588245279601551	4.643199187621357
12	67	3435	1408	3044	859	19.46481358159351	4.08473696633094	2.6895977056281715
12	68	2249	1050	1958	395	7.240247921810599	3.3937678872450068	2.3793403568613787
12	69	6461	2632	5670	1760	5.573902176952579	3.4719464000684543	2.3629026865660143
12	70	3190	1294	2637	442	13.599988109129027	3.430740451505561	4.397486542862582
12	71	7763	3287	6697	1840	59.210984700024326	4.359661493209407	5.486210609897521
12	72	20564	9077	17933	6130	6.4543671408878085	3.5736220627143473	3.7051685383321775
12	73	6233	2784	5642	1581	7.0790229140038985	3.082641648250589	2.3297765857704325
12	77	3382	1714	2956	870	7.664293773026827	3.816596451861953	3.324508269145296
12	80	7799	3777	6892	2221	10.035535752156186	4.025195614481533	1.9694160093781536
12	81	1420	673	1301	329	6.564907079878492	2.8115214016063934	1.8452680538302064
12	82	6735	3219	5834	1760	8.500403385820121	4.050589364516861	3.541762902546856
12	94	8012	3700	7086	2602	6.408388566650716	3.256399140035987	1.8405944601611337
12	96	4012	1819	3462	928	5.038837262985412	3.099804320431184	2.0822323930997
12	97	9801	4434	8456	2526	5.242892221661619	3.725294282409948	3.168526057451726
12	100	3516	1641	3146	997	7.762235583686435	2.9038629217709055	2.0945194786787087
12	103	798	491	728	333	7.694198235778054	2.744120468837979	3.918898903089607
12	108	5674	2704	4936	1615	5.346300944949753	3.6860949341159057	4.72162559875675
12	110	7815	3789	6855	2038	5.305127042693269	5.305959192163069	3.1429350023720004
12	112	710	429	630	212	11.133973692680389	2.4786946162743617	4.870089140453363
12	119	11136	5292	9630	2752	9.944034922285896	3.214423881225218	3.706892645859003
12	120	2906	1487	2477	752	13.53707209566902	3.037589797618555	3.499850922468936
12	121	4147	2016	3645	1347	83.93560903279743	11.337653680044957	11.326284372359988
12	122	10208	4139	8986	1803	50.93780194738553	3.8949119641436623	45.62365094819073
12	123	3198	1543	2776	777	7.081059115934172	4.644804614777741	23.544367154846825
12	125	5925	2996	5280	2159	8.304611169970553	2.9255788785802506	3.671129335349279
12	129	4090	2090	3705	1264	7.292054220445724	2.8340292784995347	4.036506466466174
12	132	5323	2535	4781	1510	8.548695292425144	3.024481537582796	3.2462790439257585
12	138	10146	4467	9047	2557	23.69303584663604	3.62943740844396	3.726973909078626
12	139	14235	6082	12445	3328	100.2091553957375	4.58975186790336	15.455971771045744
12	140	2373	1247	2145	696	139.31190858838673	9.783850838977877	12.4179501969973
12	141	3440	1741	3074	1090	169.95647947398967	27.266321760948426	38.10510659578104
12	154	1292	656	1171	443	6.2500641818155405	4.554404901608162	2.2360302042745532
12	156	1483	774	1334	474	2.1233188648419743	6.403493466442694	1.636508247726492
12	163	3510	1050	3179	665	7.271803697223483	3.4308326659147887	2.2084057878172385
13	1	7998	3175	7228	1821	6.146745169301741	4.468822200362408	2.164132366268538
13	8	4984	2491	4445	1569	7.645010500135267	3.4442543786076385	2.299676395424791
13	16	5147	2501	4590	1405	8.157934739023428	3.696700343474032	4.414815422912745
13	18	1710	882	1545	625	16.37838872142514	4.093012949336115	2.1739414160041215
13	20	4957	2400	4381	1430	5.274868655789748	4.034376442082407	2.324578330980529
13	21	6710	3342	6060	1650	6.947085081707288	2.833203270401005	2.789334596046361
13	23	2114	1008	1879	586	6.751765259199675	5.110868911518365	1.2875759587402806
13	25	2996	1238	2716	639	5.925382036735465	2.4597761824517455	2.3065925722647034
13	38	1046	643	913	344	5.68979059923638	2.532363107990116	1.8839576288538125
13	40	4599	1990	3912	1402	18.670241110946215	3.455115385057576	4.137531206106395
13	45	5465	2387	4824	1523	8.964924236541972	2.7576470739059373	3.247560626901151
13	47	3184	1535	2892	1004	9.270400439363046	3.721117189738938	2.3587558943043416
13	50	10223	4969	8820	3045	15.928241411498693	3.194117203522754	4.108958385264193
13	52	7803	3387	6764	1835	7.409395054618415	2.88249263460711	3.753185028781421
13	54	18148	8443	15601	5715	11.162557425691627	3.1046704908326825	2.591205064419511
13	55	7194	3715	6246	2110	6.8760937182450945	3.100013222327867	2.1465637150862467
13	57	14445	6670	12719	4007	3.370972563199954	3.993132869174765	5.449421693672366
13	58	10716	4825	9266	2964	7.015794520260028	3.643312969052595	3.618721756669838
13	60	5719	2968	4951	1785	5.115204181602007	2.8455681812222293	1.9262746397210515
13	61	3519	1686	3187	1125	5.750815511525968	2.2017437334611234	2.0680292349546665
13	70	6503	2949	5811	1896	6.161272828798069	3.2396626005416636	1.5188216550223643
13	72	4665	2215	4129	1241	5.194946523766145	2.7109258328483774	1.727954418841845
13	73	5914	2808	5222	1714	8.840042051301362	3.2410054661108334	2.5898535497985127
13	80	2048	982	1821	511	7.35851796432694	3.330655910241395	1.9541074155154616
13	82	5506	2535	4810	1739	7.0573066181428334	2.8202666920372126	2.1806943786031643
13	88	2234	1109	2032	610	8.521768544300864	2.652272293213514	2.3356951776778954
13	94	5668	2879	4966	1566	5.064531363995805	3.020436156264021	2.7479356700892414
13	96	2279	1137	2049	654	6.950066686730711	2.910048156532836	2.3597175630989793
13	111	1689	908	1534	460	9.56537241902678	2.092790351004417	1.6822604517718558
13	119	6444	3049	5726	1896	7.76454870387638	3.025321183870328	3.077127328303489
13	124	861	376	703	183	18.862461749900575	2.345572708891253	1.8099994629215892
13	125	5741	2479	5107	1412	6.675482008106804	3.7134556198928	2.3536309329552045
14	1	4028	1791	3681	1065	5.786487725228879	3.4907931168202295	1.887369585236298
14	6	1809	686	1628	361	5.293343771981866	3.156100965938229	1.8327671504009015
14	14	8467	4239	7560	2436	8.839349914218154	2.8953402333413423	3.4594655850572074
14	19	6329	2942	5568	1532	7.446971498824426	2.739414550396472	3.9091739684184006
14	24	2302	1240	2117	703	11.18214280501977	4.496519030066992	2.5220429869355363
14	31	8064	3481	7125	2324	6.438887826671985	3.335745309322589	2.908967226462878
14	35	8208	3540	7298	2634	6.223019964149664	3.0196266658812516	2.6317376839923283
14	46	3709	1828	3392	1018	8.40701840368467	3.390147339957759	7.843946009007027
14	47	7357	3133	6495	1974	6.503669816791852	2.9055147739677243	2.612190117006197
14	49	3451	1634	2966	964	6.1714780897398125	3.352681718554365	1.6782703389657314
14	64	2923	1369	2640	963	11.421648428225938	3.1617633974111397	2.77107907628626
14	67	6140	2982	5507	1590	15.371216105605098	3.103209539792964	4.1067335636507725
14	68	4526	2190	4070	1170	11.917945015145648	3.881331460406609	2.6087942030471862
14	70	7055	3586	6357	2243	5.388935095079483	3.344921236725281	2.164230133195608
14	72	9512	4150	8447	2841	29.8364459044578	3.6199584545314223	3.4820456477700694
14	73	4558	2056	3963	1147	11.13388061229307	4.296665816084178	6.228028626143977
14	80	1369	644	1208	368	6.594784391737515	3.55617658823511	2.123907347317251
14	81	7856	3697	6973	2489	6.655574366771727	3.3564767058016702	3.1931260191902946
14	84	2660	1300	2265	804	10.141199873791436	1.8083667440910591	2.0240450663178917
14	86	4242	2012	3753	1255	11.124567534890932	3.02530051862378	4.145334881523835
14	93	6251	2999	5597	1926	6.58507710344567	2.8614232493752443	3.761278767805055
14	95	2007	1061	1797	588	16.04180943707681	3.485239862048833	1.9747377155284072
14	97	4171	1995	3670	1138	5.909525984336926	2.900725404900856	3.330304886050771
14	100	5675	2770	5004	1664	7.262427524244008	4.245743970327699	4.554190072557958
14	103	6464	3020	5635	1683	5.8218088178699325	3.6323900331411294	2.4842291133353753
14	117	4402	2379	3859	1473	5.341135526072749	2.853325073404063	1.5366184789509014
14	121	6959	3164	6099	1683	12.384227160772593	3.3756860605784955	4.75405488854097
14	122	1525	909	1291	346	5.143904741916546	2.6002670570284647	2.0870678309494792
14	126	8464	3870	7254	1709	17.157383614570453	3.4306475099127893	3.981351530375466
14	128	2928	1456	2500	617	6.499910549231836	3.089875475667363	2.6405130762872964
14	129	3984	1575	3497	827	64.1219400007697	13.049653799516117	7.070625766033014
15	4	1370	667	1267	293	10.7012887725623	2.144755923104049	4.291722795912961
15	10	2180	1160	1969	645	5.989490131697415	3.397416704969274	1.7404788607937844
15	22	7934	3737	6984	1752	8.380511292789842	3.078230070320193	3.8912135951446456
15	27	3040	1360	2723	777	5.225207796804412	3.4563655066480443	1.0604601478127604
15	28	4363	2094	3900	1039	5.41361091966222	2.9082560843391096	1.7098945861375552
15	29	2987	1580	2678	767	5.761010817564806	2.3689633768463767	2.1018288865371915
15	31	9585	5061	8386	2795	8.202200935474245	3.4881735941536025	3.717029665039287
15	34	1914	869	1772	644	13.163460073727933	2.881418642037539	1.3866689492656832
15	35	5628	2527	5081	1730	6.945524529524814	2.8413029977887887	2.6012921563813083
15	37	7876	3613	6827	1989	16.284027696399225	4.002985966779569	3.7402167736861953
15	38	9789	3974	7949	2528	110.72699493053555	3.581468141017276	2.738587286573132
15	39	6742	2799	6074	1649	5.830251535048667	3.5230808666525	2.2323026810365216
15	40	1661	827	1537	472	5.3014151604522946	2.851177262057921	2.980749164134876
15	41	6071	2966	5485	2031	5.4110319754033105	5.313212243680611	3.272456066847556
15	45	13612	6260	11923	4056	9.5592575721336	5.256960298044637	3.321842043569782
15	46	4104	1860	3688	1327	5.568893101304834	3.1284561877680304	1.8175507732742116
15	48	11910	5608	10588	3858	5.031054189710333	4.246978272602622	3.091436935956756
15	50	6056	2806	5316	1762	10.340519670815276	3.082211423183535	2.2349219570833596
15	51	4371	2103	4023	1163	10.389451382407165	2.787053496544975	2.9745286720216506
15	52	3990	2006	3658	1334	1043.4119416003953	42.76519650663002	120.91502823796378
15	53	762	388	703	228	974.7821145750474	45.02165288069578	179.5365649409448
15	54	4764	2144	4253	1432	47.746170007252175	6.255312873089944	4.580686366576804
15	55	2675	1288	2386	783	7.437170380566968	4.09436124328198	3.2477177111144626
15	56	5228	2319	4689	1236	5.9318693116924734	4.054942746919553	2.686245204646834
15	59	9349	4793	8144	2797	13.707803980179834	4.837457196418762	3.683725262605656
15	62	12159	5497	10465	2734	28.343552642886383	5.410339617649677	2.48916158243043
15	64	3460	1729	3055	1145	11.071853562369428	3.158272477804893	2.836662134652049
15	66	6709	2999	5837	1940	9.522948547664956	4.7967154328278285	3.9426472295529065
15	70	2349	1353	2086	706	5.0548893096482415	3.73044066919896	9.576463920560808
15	71	256	174	208	38	7.141222676856399	2.135216718737565	1.611218709732715
15	73	2585	1194	2202	415	7.076478352894575	3.563955059892392	3.3988213530495113
15	76	11503	5570	10163	3659	5.119441962407665	4.336144188312346	4.06161902444229
15	79	7272	3313	6460	1971	5.736015101452322	2.836298175249154	2.3634684454462653
15	86	4194	2018	3743	816	7.333921565008987	3.4415098321959707	2.554271635241898
15	88	3284	1595	2986	940	5.213581369940339	3.596669425975026	3.304096397482734
15	90	4432	2287	3996	1458	5.182908560359286	3.331315256236176	2.937607661784405
15	98	2413	1314	2132	771	5.198617537700748	4.059015511004086	2.273918284386398
15	102	4273	2324	3782	1369	10.947000306159689	2.847920060178175	3.6274652901218696
15	108	1967	952	1782	478	6.091095419108306	2.4110263601408617	2.2453951582513048
15	111	3526	1688	3124	833	7.217490705333557	2.9007564019860936	4.24836657842877
15	117	2110	1037	1864	709	6.76761131895321	2.6315193747315697	3.200878186285422
15	118	1327	695	1213	455	9.764267257358608	2.5575558664772737	2.656012801581745
16	2	1512	830	1052	185	18.338680742608453	3.045921280924571	1.5528623512841344
16	4	6404	3070	5220	1262	7.663736093780518	4.8416342962160535	3.3807194791837047
16	5	2850	1217	2190	301	10.720282097479874	3.6030289070533623	1.4892666559908931
16	7	4255	2010	3725	1188	9.224242044335575	3.286888452121671	3.7234926579784062
16	9	6431	2853	5550	1165	8.778538768648623	3.9501860172988432	3.0553237078317053
16	10	2927	1551	2459	623	5.299650489871555	2.6048871637512856	2.734976034309384
16	30	368	181	343	98	5.986499647799532	5.815307825335975	1.852936214427206
16	31	5877	2652	5321	1602	17.489950082628496	2.6619016841774035	2.936778758506943
16	33	9225	4303	8199	2858	7.906050715051536	2.7418983074318484	3.9405522416546344
16	37	6841	3195	5951	1516	29.252277404592448	3.4998144704269234	2.2249721568779246
16	41	4807	2204	4236	1380	10.953997069470695	3.6629211041003944	2.9658096809891172
16	42	455	254	434	136	5.298758630183927	2.9100244447182138	1.7822650189378348
16	43	4515	1971	4016	1241	6.970435787278439	3.6657637389560738	2.5321714177238115
16	47	3709	1842	3295	865	8.475109395800185	3.6215674520131778	2.2188649857037226
16	49	3567	1903	3132	995	8.243175594699537	4.8080855701561065	1.8770674389441675
16	52	4479	2233	3957	1165	5.124367850516629	3.2438172179500655	1.986582653324919
16	57	765	465	620	243	6.644184371814353	2.741766691421442	4.709795743380533
16	58	4258	1467	3815	762	10.402612964912676	3.133443717579028	2.591416355221058
16	59	4690	1749	4041	543	17.043542493934872	3.1562640548092284	1.354474810280002
16	62	3495	1745	3013	911	6.534134527964755	1.9382461741034185	2.910779457986617
16	65	3481	1652	3094	858	5.7130761039474605	3.883059661428567	1.5313836655340298
16	67	2437	1206	2146	577	5.297174827142913	3.0852873203086175	2.3224407954571906
16	68	4080	1899	3587	1112	38.8932059579732	3.2215192509575687	5.411712495150805
16	69	2442	1354	2187	801	5.069831264956275	2.8245309970366033	1.7223960229873978
16	73	3095	1544	2781	977	5.023630890260404	2.2385129527920182	2.4650513757654577
16	74	1119	509	1004	270	15.908957064195215	1.938668939923103	2.352152797396953
16	75	6486	3134	5664	1966	4675.44231951628	380.4537773481886	412.3806677097628
16	76	4272	2149	3850	1127	272.4181938675135	26.179429185597776	36.96619024237212
16	77	1801	808	1609	546	5.777998042089374	3.7059826914142513	2.931170731990089
16	79	3085	1389	2718	1179	5.135479566274206	3.1948144380014796	3.676253902631565
16	86	2766	1334	2478	855	7.064744670074182	5.1880249200497115	2.805554365624156
16	87	627	321	553	150	5.919246992345306	6.661680625481535	2.6383808273203737
16	88	10818	5293	8803	2332	220.21932089928492	59.16334204794978	30.771177524253524
16	89	13756	6671	11565	3788	12.445222214792636	12.40534074066501	2.9540613982866732
16	91	3588	1637	3190	693	7.557322058731694	2.993724947643414	2.0308432400274308
16	93	10451	4997	9306	2813	11.956851246768515	4.004774430247409	2.865272612835629
16	94	11308	5723	10012	3852	5.774760271951047	3.518914080140149	3.636000747940682
16	103	14468	7032	12909	4562	7.790456665284036	4.630819765429888	2.9697020360999455
16	104	3957	2122	3588	1246	107.01116941203938	9.527697962712644	6.8845686192451
16	105	3292	1820	2947	847	5.466960407312002	3.1231810230999333	2.954433478810836
16	106	6557	3134	5921	1583	3.7267434072824286	3.526377319287162	5.465038858608834
16	107	3921	2471	3443	1252	6.100390658165569	2.9925084429943043	1.885658816984131
16	111	3289	1768	2899	957	2.6419787218672197	5.62059622146257	2.2471789509271605
16	114	2526	1372	2246	0	10.867815432128312	3.6307264613403656	-Inf
16	116	3069	1807	2648	0	12.40296677427181	2.9188982344085934	-Inf
16	125	3685	1612	3187	0	15.06517675403076	3.040417097850044	-Inf
16	126	725	388	579	0	14.433519126584835	2.070315141061507	-Inf
16	128	12662	5548	11352	0	5.480662670237535	3.611630442865993	-Inf
17	3	3854	1773	3300	964	15.50972072672495	2.780581635906806	3.7433283269595607
17	7	2536	1273	2069	504	7.956192411993331	2.6830761341289366	2.8363291486735545
17	9	6617	3294	5594	1554	8.325722881085767	3.2989609937469178	5.351283350944263
17	14	3592	1673	3034	719	11.925954781565236	3.274341262380067	1.4089867421159483
17	23	2400	1110	2068	496	7.570632184441992	3.388105707193143	2.212060591613465
17	24	4028	2006	3524	933	26.403838001731312	4.007538074781068	4.42158264394866
17	25	4448	1995	3873	1154	11.761513731597727	2.978982044140687	2.763132473869939
17	30	836	432	769	242	6.3571901412615865	2.684329793032462	2.760464671394358
17	49	2279	1291	2026	692	5.0516861671649576	2.0835517648246595	2.133581551631455
17	51	9763	4130	8800	2122	16.115558341338996	3.372670056481148	3.0169918623036187
17	55	12877	5203	11023	2368	10.2242893139265	3.4802042489024685	3.645999874125053
17	66	772	391	666	229	6.974869749538637	1.8959444690240908	0.9321228685290368
17	68	3134	1461	2662	676	5.525225851370705	3.331588870829408	2.6260941308468793
17	71	5457	2409	4651	876	84.58394454122529	5.506836708472375	8.268029646898706
17	72	6250	2611	5584	1547	5.250686448601908	3.3792434648978444	2.633087038152488
17	73	9953	3959	8597	1804	425.4460926762638	9.730885423569848	6.165385821716308
17	74	10611	4598	9254	2333	43.75790013348763	3.8465846848746863	2.7548637278565344
17	75	8035	3634	6938	2336	22.29455789127147	3.483184965147678	4.159448254093365
17	76	4017	1917	3427	953	8.69585759270232	2.6100250510963092	3.1086732327216104
17	78	1396	715	1227	258	5.118777566121475	3.238993130377273	3.05804453646907
17	85	6634	3150	5872	1796	13.322463844295784	4.938282882596166	3.008470811771147
17	87	2886	1465	2537	651	7.483385979979116	3.8433055691064393	2.1347437459305794
17	90	10025	3772	8637	2016	10.856750715754709	4.979402213418161	5.373371253732593
17	93	5627	2340	4782	1200	5.888791964826437	4.306456250177602	2.178557244277296
17	94	5304	2246	4431	1029	7.719022663333026	5.085069295118078	3.1563138670236652
17	97	6791	3242	6074	1978	4.057598469053684	6.135579494031976	2.668163921888363
17	98	3536	1706	3113	678	8.465511961479242	4.804788394894577	2.4776188376252484
17	99	642	385	570	164	5.8822683606620645	6.778037521601103	1.787551074959624
17	100	4457	1809	3940	955	14.3465143767448	5.655454383852184	2.797543158440096
17	101	3140	1406	2862	1002	57.793145642541425	5.444338860128114	5.365739883030407
17	102	2619	999	2352	601	7.148672080941842	5.648831045358548	1.4236601030532134
17	103	2583	1252	2214	650	6.231637102677335	4.1842049720058005	2.075438033972088
17	105	4319	2163	3858	1210	9.675276295144611	5.236000873701254	3.3259254068096573
17	108	666	419	591	194	8.429590725842477	3.2161457473048136	2.0018438340717535
17	109	1054	576	918	304	5.410089062936161	5.252986800514862	1.9117245967819383
17	117	5574	2272	4898	1095	7.211186623163698	3.06845109679016	2.1138828810280423
17	118	4798	2133	4074	1028	11.047723588909502	3.7269241972217895	2.9087934324628377
17	125	6603	3142	5794	1671	91.47268681142866	8.428263173394727	7.187546564741296
17	133	3304	1824	2408	579	6.1721437475193754	4.217047500046864	4.895939695961488
18	1	2054	1234	1821	623	14.506698849052654	2.4418066784789176	1.6555265512882107
18	7	4106	2022	3693	1243	8.638273899503824	3.3019711850048306	1.978836743913357
18	8	3691	1756	3367	925	8.859945215877023	3.3548593297305045	2.8105067814847837
18	27	1767	865	1579	546	5.978819679165722	2.372607620897549	1.630975169072216
18	28	4387	2098	3982	1213	5.031364861198612	4.7057492451561	2.1393742222968157
18	39	8834	4240	7680	2467	5.077223527338505	2.559460530470966	3.38569109963875
18	41	12377	4561	11106	2606	8.526320171562178	4.325421994080011	3.546783343529325
18	42	7048	3062	6216	1899	18.538550436361717	5.359258822532345	2.279362998974662
18	44	4885	2337	4336	1578	7.436001434836122	2.9938662051562974	3.137940430697886
18	46	5887	2977	5103	1634	5.240613798704609	3.095235567870342	2.8798351075491775
18	49	8632	3843	7594	1988	5.620532473128597	3.296380014800632	2.0484177822706813
18	52	4918	2264	4381	1317	8.476116605977934	3.1607666905373617	1.6619331414587908
18	53	6637	3181	5660	1268	8.021268990142017	2.7166716548664382	1.8506735487767156
18	58	6572	3410	5533	1622	5.753207484220999	2.488026031700554	3.435845142145439
18	59	8571	4288	7336	2112	6.3675437633439085	3.2777187156816843	2.3933960593336385
18	60	8055	3711	6863	1921	13.482196750176524	3.594245391018178	2.283157775516418
18	61	6795	3389	5707	1828	7.01836702391353	4.075596060387787	3.1840754983331574
18	62	7350	3562	6447	2048	5.5551023980930525	3.9568748197994856	2.783232813323297
18	65	6685	3226	5839	1914	6.097001427217247	2.60508004351702	3.186069023704197
18	66	1813	1020	1604	478	5.879697704978091	2.6479629003443845	3.023058297877598
18	67	2741	1403	2434	630	6.589234194652511	2.845351238534202	2.290878733288101
18	68	618	409	529	130	5.8813736048341685	3.667435359541067	2.6927010444103288
18	69	10948	5202	9487	3411	338.6224656718862	22.35607011761923	73.8972160276694
18	73	8175	3911	7242	2757	8.472357327835672	3.083125238402874	4.285097322175614
18	74	10497	5055	9050	2435	5.8656802513600805	3.3968088388117903	2.6597531410699804
18	76	5448	2336	4817	1469	5.688950275093784	4.4655508569156055	2.093720023469668
18	79	2278	1075	2014	672	15.18214504218009	3.554427494872373	1.8686048636597163
18	80	4100	2034	3609	1257	8.735529499801972	2.2789626077651652	3.638669492058365
18	82	8470	4194	7563	2669	26.35862601342856	3.847445650630057	6.173645797464467
18	84	1309	748	1155	382	5.263557397582957	2.00851398142027	2.03336866327011
18	86	221	123	201	49	13.656388743722443	2.446574679626672	2.577469840101473
19	5	280	267	46	0	7.046732344160503	1.262540595998228	-Inf
19	6	2406	1464	1725	118	7.785120451781645	2.521989838705668	4.074544610999728
19	10	1971	1010	1530	176	5.228577174977644	3.1346420403047146	2.0850472057882223
19	11	2690	1552	2020	227	5.242853631727654	2.292117417055308	1.8349580542644273
19	12	2087	928	1803	214	8.081309977805287	2.682474384679578	3.4843120279350397
19	16	1152	820	725	133	21.242022467688745	3.492968391006944	3.190544552753502
19	19	902	645	468	78	21.22773875693801	2.8857368178392964	3.083093988408601
19	22	4475	2391	3855	792	13.001109087439394	3.018080572483283	3.913833373221128
19	25	3257	1601	2792	599	5.416906614735518	4.159334863391342	2.7348662737706646
19	29	2614	1371	2336	769	19.445733264704792	2.089443773769203	3.2787025472945963
19	30	2738	1224	2386	618	13.422033865333336	3.7978832662250905	2.836531905208001
19	32	3488	1781	2916	577	28.54464950444773	3.545810371725	2.3126981067568133
19	33	1754	801	1498	236	373.4599633746261	6.511768834374154	3.699870959091427
19	34	1892	815	1682	446	17.611418927033206	3.266601830311703	3.08201463024319
19	37	5682	2554	4780	1318	27.08337456813844	4.899214530769761	3.876624194653918
19	38	1280	605	1107	305	101.75681628245164	47.62573799391196	27.362233959450265
19	39	8160	3506	6842	1509	5.7590279069914905	5.884594398120767	2.518481930886272
19	47	3886	1903	3341	839	6.304721342907322	3.7858741051323586	3.0306102360487306
19	50	801	469	690	135	5.20406277181087	3.132216151876996	1.934856262909908
19	51	2635	1314	2290	592	7.117645943574578	3.449027011874077	1.7755746873073075
19	52	3140	1628	2614	541	11.63394991962208	2.4622587942357645	4.720692182464458
19	57	5256	2419	4671	1563	5.191013833035391	3.478545811682523	2.401094720050386
19	58	2908	1382	2547	701	5.479029462920652	2.2739168476784397	2.559681287068537
19	61	5340	2658	4626	1072	5.027111995725978	2.824955067393056	4.017137625546754
19	63	2753	1427	2452	631	36.615904972173155	5.331906926061717	3.709365821417357
19	64	8153	3913	7054	2013	12.037816385152812	3.7840031603115616	2.211150442687366
19	67	13198	5918	11120	3820	6.380264894672581	3.059721053392093	4.744900658922652
19	68	3327	1415	2974	794	5.123052796499144	2.667980120583026	1.8269691525724507
19	70	4414	1840	3916	836	8.084152849228817	2.540534468896071	2.8626923439127574
19	71	667	334	561	125	15.614100996268055	3.1007910803359575	2.48921380404368
19	73	1050	489	915	268	15.419606379670729	3.2661437291322204	2.069375017179891
19	74	6537	2881	5797	1694	19.67542505266482	3.4461340160917784	2.938604717463574
19	75	1447	744	1278	158	393.7438855428898	64.45576258433894	49.57680593379174
19	76	6106	2848	5236	1161	143.19845590583685	13.83194893378154	13.769547050236389
19	77	9920	5009	8292	2044	23.13941704640257	3.593621676988775	2.9821089875879334
19	79	3508	1546	3107	820	6.675532641062341	2.961648701775839	2.1355992483062587
19	80	1740	855	1439	196	5.13102262695326	2.28554235164179	1.3546349046932389
19	81	4798	2043	4035	749	8.390718723234272	4.172187865530022	3.3946851965597045
19	89	2202	1149	1929	815	6.100589179702042	3.464319271812456	1.918680500583693
19	90	4819	2443	4224	1415	35.31258761758328	3.346739632848528	3.868045708282344
19	93	1810	877	1615	405	9.328192489550654	2.9957058819593985	2.5894795859940385
19	94	3357	1710	3010	885	6.175245428970657	3.415156748002886	2.817607507314396
19	98	1998	1051	1520	218	215.35160691065929	14.984997375267245	10.686769265031511
19	104	2793	1416	2449	0	10.015747476340335	2.7611692593777297	-Inf
19	109	514	342	431	0	9.75642787503023	2.038348666379335	-Inf
20	1	1937	869	1796	563	5.221825485013881	2.3765771512974596	1.2556621314036154
20	2	2109	1188	1863	418	30.498532304678008	2.8913796212231966	2.884761476113793
20	3	674	456	603	203	5.411366476324086	2.6306901546263384	2.161595526226492
20	11	2098	1017	1828	546	7.680484210345273	3.64838208532526	1.8843115037271447
20	22	2811	1291	2515	700	5.026909297970451	2.387905525973543	1.5342841185425593
20	23	596	390	540	208	8.111727648862926	3.029397752394333	1.8597259129004229
20	24	547	337	480	121	5.154929357807776	2.069908850910314	2.684265359513523
20	29	3576	2018	3165	1088	5.2989536419472465	3.163016688526187	4.133586793524724
20	40	2659	1545	2404	846	7.245721972420029	2.637057184792433	2.70694314554965
20	42	8083	3774	7140	2125	5.3241830974587305	3.4366422387572912	2.2930897224184856
20	48	7802	3926	6795	2241	18.911968515305222	3.4269463463732337	3.5558537186464667
20	54	7385	3209	6439	1817	8.796298020844082	3.109575779237437	2.3262285050251656
20	59	9563	3880	8527	1503	14.277178574247856	3.3074317351276528	2.0785659651480257
20	62	4670	2165	4020	1141	7.040346680385827	3.4817200937328687	2.6075787892332047
20	63	9777	4765	8612	2723	8.069367716531273	3.6765570976456297	4.125798086665072
20	64	2493	1432	2195	669	8.03922253634979	3.567441297274343	1.6647427447467404
20	65	5353	2636	4641	1608	6.342174534004485	3.520028208950233	3.510578807376059
20	67	4352	1944	3865	919	5.078212057045442	2.954444567510269	3.5089008693533117
20	68	2053	1100	1778	487	9.070055383929107	3.3675907279101005	2.3815637214311467
20	69	4082	2085	3626	1219	242.0053349319625	5.252276626320942	4.144972389051689
20	70	3363	1528	2937	756	13.398821954357269	3.742166757053635	2.76424282940015
20	71	4988	2377	4333	1500	223.79263208746815	14.627791094435633	15.41534069143636
20	72	1222	548	1071	318	9.154949095480733	3.3305749785401924	1.5500453622265216
20	73	4410	2035	4029	1278	12.018655857833172	3.6049663972782287	2.584329374615882
20	74	2111	979	1900	620	42.37065596927028	3.3610192620961596	6.477319616386588
20	75	3314	1603	2953	1038	20.615745047052243	4.858427216982657	3.623844536140615
20	84	4987	2567	4269	1560	12.30472440883837	2.911687179054645	2.700565351523394
20	86	3526	1811	3123	881	5.392903742188088	2.685339656609039	2.617013763815402
20	93	6856	3640	6113	1878	12.829299202759357	3.60065413633132	2.5814545758758594
20	99	4047	2066	3516	836	8.42029924173935	3.4406910207198047	2.5602722185658378
20	114	5432	2794	4745	0	5.6440075520058555	2.7692275227354033	-Inf
20	115	3615	872	3350	0	10.79242800810734	4.748375983316709	-Inf
21	2	1033	489	932	306	9.73635637500021	2.6232686585346543	1.2294164812925314
21	3	1892	1000	1610	509	6.0546632557577515	2.9982876894513724	4.296935255586909
21	4	768	377	700	244	7.593419747843193	1.885156779920216	1.3220403076109537
21	30	9215	3668	8395	2616	10.807766882186565	3.068023288627146	5.6852048107782744
21	37	5719	2671	4923	1337	6.015321512258908	3.7963206599252657	2.3387461337512416
21	41	8771	4427	7949	2097	9.577203509247656	3.5237379281479466	2.644681704192696
21	45	6334	3109	5622	1883	8.103130860825253	4.223904680372735	3.149142497245527
21	53	2860	1541	2553	819	11.961191504462338	2.502379904641135	2.426086237369346
21	57	2261	1151	2058	533	10.181120339746473	3.758906489152941	2.8957818275862044
21	62	1234	616	1119	0	32.88220172265071	7.2318364248943485	-Inf
21	63	2842	1388	2499	0	6.800194199165476	4.344214651434069	-Inf
21	64	5011	2388	4420	0	23.959226570331836	7.227573661468479	-Inf
22	13	2500	1034	2286	565	90.4147723867394	8.389949407690983	15.686865492382342
22	14	2529	946	2369	594	2.731120048737612	5.248660237530346	1.6357878855397063
22	24	5242	2876	4572	1650	5.5037293336070405	3.352130653313854	2.4462162706543564
22	26	2016	1212	1796	581	2.78297550691827	5.744865809768547	2.370424227453503
22	29	5047	2458	4308	1604	9.616222237586255	2.595179846682546	2.230305760549868
22	30	16675	7952	14235	4977	22.3863956544902	3.310347235421003	4.673713352887395
22	33	3306	1677	2982	806	6.817282033737524	3.1620700374627217	1.8802700241562695
22	37	4101	2018	3588	1024	11.4268585835516	3.21741190579129	2.0104818428013007
22	43	4278	1899	3662	908	39.407412317694465	4.873940669366513	3.575583424649948
22	44	2932	1288	2537	618	14.206876268523317	3.334674595517183	3.864226716473233
22	45	4474	1952	3955	850	7.054774587671672	3.748879626340352	2.1973918692112586
22	46	10690	4692	8992	2540	7.217094402419585	4.61870821002783	3.1035480581143458
22	47	5319	2444	4742	1113	6.16696909555995	3.0420018789244514	4.149637861275299
22	49	866	595	787	215	13.98553568374792	2.089348750380217	2.285450032831717
22	50	1192	744	1065	465	5.670486340554065	2.68235798928763	2.8813396553702035
22	54	2919	1446	2602	0	5.265061857825785	3.208842509030216	-Inf
22	59	5185	2348	4685	0	5.480945854648261	2.7740733599079204	-Inf
22	62	2773	1613	2473	0	5.7474157664115015	3.021179378257754	-Inf
22	64	1878	957	1755	0	8.069909066998067	3.33259951991743	-Inf
22	66	3086	1560	2791	0	5.438324283010808	4.00173390184633	-Inf
22	70	5691	2677	5019	0	6.1604517417613645	3.821522549563498	-Inf
