pheno	db	chromosome	block	num_variants	L	time	num_variants_0.95	num_variants_0.5	num_CS95	num_variants_CS95	num_variants_0.95.EUR	num_variants_0.5.EUR	num_CS95.EUR	num_variants_CS95.EUR	num_variants_0.95.AFR	num_variants_0.5.AFR	num_CS95.AFR	num_variants_CS95.AFR	num_variants_0.95.EAS	num_variants_0.5.EAS	num_CS95.EAS	num_variants_CS95.EAS
LDL	META	1	2	59	5	0.621365785598755	0	0	1	20	0	0	1	20	0	0	1	20	0	0	0	0
LDL	META	1	4	293	5	2.99484920501709	0	1	1	22	0	1	1	22	0	0	0	0	0	0	0	0
LDL	META	1	17	1325	5	925.06574678421	0	0	0	0	0	0	0	0	0	0	0	0	0	0	0	0
LDL	META	1	19	823	5	569.651117563248	0	0	1	29	0	0	1	29	0	0	0	0	0	0	0	0
LDL	META	1	23	418	5	4.29067134857178	0	0	1	11	0	0	1	11	0	0	0	0	0	0	1	11
LDL	META	1	35	991	5	364.916077613831	1	2	3	27	1	2	3	27	0	0	1	21	1	2	2	6
LDL	META	1	40	605	5	8.09517645835876	0	0	1	8	0	0	1	8	0	0	1	8	0	0	0	0
LDL	META	1	48	483	5	10.548615694046	0	2	3	21	0	2	3	21	0	2	2	8	0	0	0	0
LDL	META	1	49	305	5	9.63250327110291	0	0	0	0	0	0	0	0	0	0	0	0	0	0	0	0
LDL	META	1	51	456	5	421.050711631775	0	2	2	10	0	2	2	10	0	2	1	7	0	1	2	10
LDL	META	1	52	958	5	1612.77935600281	0	1	3	33	0	1	3	33	0	1	0	0	0	0	1	15
LDL	META	1	53	815	5	1394.75633955002	0	0	2	23	0	0	2	23	0	0	0	0	0	0	1	9
LDL	META	1	58	952	5	1463.86641335487	0	1	1	2	0	1	1	2	0	0	0	0	0	0	0	0
LDL	META	1	70	1030	5	1219.23445510864	0	0	1	22	0	0	1	22	0	0	0	0	0	0	0	0
LDL	META	1	73	1277	5	2558.92890644073	0	0	1	14	0	0	1	14	0	0	0	0	0	0	0	0
LDL	META	1	75	1448	5	1317.1611790657	0	1	1	19	0	1	1	19	0	1	0	0	0	0	1	19
LDL	META	1	76	877	5	661.968114376068	0	0	0	0	0	0	0	0	0	0	0	0	0	0	0	0
LDL	META	1	78	505	5	25.3056080341339	0	0	1	5	0	0	1	5	0	0	0	0	0	0	0	0
LDL	META	1	80	603	5	492.261478662491	0	0	1	6	0	0	0	0	0	0	1	6	0	0	0	0
LDL	META	1	81	405	5	2.66112017631531	0	1	0	0	0	0	0	0	0	1	0	0	0	0	0	0
LDL	META	1	82	786	5	1129.30281400681	0	0	0	0	0	0	0	0	0	0	0	0	0	0	0	0
LDL	META	1	83	1082	5	164.395642757416	3	4	4	7	2	3	3	6	2	2	3	6	1	2	3	6
LDL	META	1	84	1730	20	5115.050167799	17	20	20	24	16	19	19	23	9	13	13	14	5	10	11	13
LDL	META	1	85	679	5	11.7993445396423	0	1	1	8	0	1	1	8	0	1	0	0	0	0	1	8
LDL	META	1	88	956	5	900.542915821075	0	0	0	0	0	0	0	0	0	0	0	0	0	0	0	0
LDL	META	1	89	931	5	171.733572721481	0	0	0	0	0	0	0	0	0	0	0	0	0	0	0	0
LDL	META	1	92	1039	5	1177.60487365723	0	0	0	0	0	0	0	0	0	0	0	0	0	0	0	0
LDL	META	1	94	256	5	1.37508940696716	2	3	3	5	2	3	3	5	0	1	0	0	0	2	2	4
LDL	META	1	96	958	5	222.031191825867	0	1	1	2	0	1	1	2	0	0	0	0	0	0	1	2
LDL	META	1	97	1128	5	128.019010305405	1	1	1	1	1	1	1	1	1	1	1	1	1	1	1	1
LDL	META	1	100	1160	5	161.661449670792	0	0	1	4	0	0	1	4	0	0	0	0	0	0	1	4
LDL	META	1	109	1209	5	307.375466346741	0	0	1	31	0	0	1	31	0	0	0	0	0	0	0	0
LDL	META	1	124	1456	5	2531.36569070816	0	0	1	6	0	0	1	6	0	0	0	0	0	0	0	0
LDL	META	1	125	1540	5	496.086796283722	0	2	4	38	0	1	1	3	0	2	3	14	0	1	2	27
LDL	META	1	136	919	5	1167.86300969124	0	0	1	14	0	0	1	14	0	0	0	0	0	0	1	14
LDL	META	1	138	1101	5	292.460008382797	1	2	1	1	1	1	1	1	1	1	1	1	1	2	1	1
LDL	META	1	139	331	5	5.9181809425354	0	2	0	0	0	2	0	0	0	0	0	0	0	1	0	0
LDL	META	1	141	537	5	15.7430443763733	0	0	0	0	0	0	0	0	0	0	0	0	0	0	0	0
LDL	META	1	145	583	5	84.3708610534668	0	0	1	10	0	0	1	10	0	0	0	0	0	0	0	0
LDL	META	1	147	953	5	298.670372486115	0	0	0	0	0	0	0	0	0	0	0	0	0	0	0	0
LDL	META	1	150	1233	5	926.045821666718	0	1	0	0	0	1	0	0	0	0	0	0	0	0	0	0
LDL	META	1	151	1610	5	999.343751192093	0	0	0	0	0	0	0	0	0	0	0	0	0	0	0	0
LDL	META	1	154	1366	5	1776.36619091034	1	1	1	1	1	1	1	1	1	1	1	1	0	1	1	1
LDL	META	1	158	658	5	1156.70584416389	0	0	1	2	0	0	1	2	0	0	0	0	0	0	0	0
LDL	META	1	162	773	5	20.6813423633575	0	0	1	9	0	0	1	9	0	0	0	0	0	0	1	9
LDL	META	1	163	738	5	11.5607993602753	1	1	1	1	1	1	1	1	0	0	0	0	0	0	0	0
LDL	META	1	168	1157	5	730.047231197357	0	1	0	0	0	1	0	0	0	1	0	0	0	0	0	0
LDL	META	1	169	1983	5	1758.98595404625	0	0	0	0	0	0	0	0	0	0	0	0	0	0	0	0
LDL	META	1	175	1604	5	1855.52583479881	0	0	0	0	0	0	0	0	0	0	0	0	0	0	0	0
LDL	META	1	182	1556	5	799.93032169342	0	0	2	64	0	0	1	14	0	0	0	0	0	0	1	14
LDL	META	1	183	1446	5	1536.69943642616	0	0	1	27	0	0	1	27	0	0	0	0	0	0	0	0
LDL	META	1	187	1124	5	1124.29719305038	1	1	1	1	1	1	1	1	0	0	0	0	0	0	0	0
LDL	META	1	188	1254	5	1154.09270882607	0	0	0	0	0	0	0	0	0	0	0	0	0	0	0	0
LDL	META	1	189	757	5	926.190244436264	0	0	0	0	0	0	0	0	0	0	0	0	0	0	0	0
LDL	META	1	191	1213	5	1461.42957091331	0	0	1	9	0	0	1	9	0	0	1	9	0	0	1	9
LDL	META	1	192	1162	5	647.766880989075	0	0	1	27	0	0	1	27	0	0	0	0	0	0	0	0
LDL	META	1	201	929	5	1299.0876584053	0	0	2	16	0	0	2	16	0	0	1	5	0	0	2	16
LDL	META	1	202	1155	5	752.792706727982	0	1	1	5	0	1	1	5	0	0	0	0	0	0	0	0
LDL	META	1	205	468	5	19.3036041259766	0	0	0	0	0	0	0	0	0	0	0	0	0	0	0	0
LDL	META	1	213	608	5	6.74481678009033	0	0	1	5	0	0	1	5	0	0	0	0	0	0	0	0
LDL	META	1	214	569	5	14.4703950881958	0	1	1	2	0	1	1	2	0	0	0	0	0	1	1	2
LDL	META	1	216	1142	5	352.946055173874	0	0	0	0	0	0	0	0	0	0	0	0	0	0	0	0
LDL	META	1	221	1231	5	329.566960096359	0	0	1	6	0	0	1	6	0	0	0	0	0	0	0	0
LDL	META	1	223	1283	5	233.417731046677	0	0	0	0	0	0	0	0	0	0	0	0	0	0	0	0
LDL	META	1	226	507	5	212.312115430832	0	0	1	13	0	0	1	13	0	0	0	0	0	0	0	0
LDL	META	1	233	1550	5	314.81009554863	0	0	0	0	0	0	0	0	0	0	0	0	0	0	0	0
LDL	META	1	234	1779	5	533.240816116333	1	3	3	8	1	2	2	4	1	2	2	5	1	2	2	4
LDL	META	1	238	2312	5	929.86919760704	0	0	2	14	0	0	2	14	0	0	0	0	0	0	0	0
LDL	META	1	239	621	5	1254.09878897667	0	0	2	22	0	0	2	22	0	0	0	0	0	0	1	3
LDL	META	1	252	568	10	515.183679819107	1	5	6	20	1	5	6	20	1	3	4	8	0	3	4	11
LDL	META	1	253	170	5	87.7382078170776	0	2	1	2	0	2	1	2	0	1	1	2	0	1	1	2
LDL	META	1	254	775	5	255.040531635284	0	1	1	3	0	1	1	3	0	1	1	3	0	1	1	3
LDL	META	1	255	649	5	561.945207357407	0	0	0	0	0	0	0	0	0	0	0	0	0	0	0	0
LDL	META	1	280	2070	5	1743.16021347046	0	0	1	13	0	0	1	13	0	0	0	0	0	0	1	13
LDL	META	2	6	627	5	325.497151613235	0	1	1	2	0	1	1	2	0	0	0	0	0	0	1	2
LDL	META	2	19	258	5	276.233581066132	0	0	1	10	0	0	1	10	0	0	0	0	0	0	0	0
LDL	META	2	21	273	5	264.010313034058	0	0	1	3	0	0	1	3	0	0	1	3	0	0	1	3
LDL	META	2	27	383	5	447.400192499161	0	0	0	0	0	0	0	0	0	0	0	0	0	0	0	0
LDL	META	2	34	1441	5	1777.53859496117	0	0	0	0	0	0	0	0	0	0	0	0	0	0	0	0
LDL	META	2	37	526	5	371.420910358429	0	0	0	0	0	0	0	0	0	0	0	0	0	0	0	0
LDL	META	2	38	1200	5	188.708520889282	0	1	2	7	0	1	2	7	0	1	2	7	0	1	2	7
LDL	META	2	39	576	5	6.63654184341431	0	0	0	0	0	0	0	0	0	0	0	0	0	0	0	0
LDL	META	2	40	1838	5	566.136545419693	0	0	1	3	0	0	0	0	0	0	1	3	0	0	1	3
LDL	META	2	41	813	5	300.317369937897	1	1	3	20	1	1	3	20	1	1	2	4	1	1	2	17
LDL	META	2	42	164	5	61.5279901027679	1	3	2	6	0	2	2	6	1	2	1	1	0	0	0	0
LDL	META	2	43	182	5	375.998471260071	1	2	3	16	1	2	3	16	0	1	0	0	0	0	0	0
LDL	META	2	44	604	15	3162.72112202644	9	14	14	29	7	11	11	25	6	10	11	16	2	8	9	24
LDL	META	2	45	1262	5	651.567815065384	1	2	4	16	1	1	3	11	1	2	4	16	0	1	2	6
LDL	META	2	46	669	5	271.255593538284	0	1	1	2	0	1	1	2	0	1	1	2	0	0	1	2
LDL	META	2	47	1479	5	1219.89357542992	0	1	2	10	0	1	1	4	1	1	2	6	1	1	2	6
LDL	META	2	48	784	5	674.465816020966	0	1	1	21	0	0	1	21	0	1	0	0	0	0	0	0
LDL	META	2	49	1060	10	407.154900074005	2	2	4	33	2	2	4	33	2	2	2	2	1	2	2	2
LDL	META	2	50	987	5	602.946906805038	0	1	0	0	0	0	0	0	0	1	0	0	0	0	0	0
LDL	META	2	51	1213	5	1233.88312315941	0	0	1	16	0	0	0	0	0	0	1	16	0	0	0	0
LDL	META	2	53	868	5	346.424960136414	0	0	0	0	0	0	0	0	0	0	0	0	0	0	0	0
LDL	META	2	69	1510	5	2295.48959350586	0	1	1	2	0	1	1	2	0	0	0	0	0	0	0	0
LDL	META	2	71	938	10	901.551966667175	5	7	8	18	5	7	8	18	5	5	7	16	1	1	1	1
LDL	META	2	72	1864	5	168.251603364944	3	4	4	6	3	4	4	6	1	2	2	2	1	1	1	1
LDL	META	2	74	714	5	96.3214004039764	1	1	1	1	1	1	1	1	1	1	1	1	1	1	1	1
LDL	META	2	75	956	5	414.412137031555	1	1	1	1	1	1	1	1	0	1	1	1	0	0	0	0
LDL	META	2	77	801	5	318.793609619141	0	0	0	0	0	0	0	0	0	0	0	0	0	0	0	0
LDL	META	2	84	4135	5	2711.03512573242	0	0	0	0	0	0	0	0	0	0	0	0	0	0	0	0
LDL	META	2	86	1445	5	1985.10752773285	0	0	0	0	0	0	0	0	0	0	0	0	0	0	0	0
LDL	META	2	87	496	5	141.25201177597	0	0	1	5	0	0	1	5	0	0	0	0	0	0	0	0
LDL	META	2	88	3826	10	4728.082218647	1	3	6	75	1	3	6	75	1	2	2	4	1	3	4	18
LDL	META	2	89	769	5	974.231230735779	0	0	0	0	0	0	0	0	0	0	0	0	0	0	0	0
LDL	META	2	97	1377	5	570.59192609787	0	0	1	7	0	0	1	7	0	0	0	0	0	0	0	0
LDL	META	2	99	739	5	1143.80336785316	0	0	0	0	0	0	0	0	0	0	0	0	0	0	0	0
LDL	META	2	100	740	5	380.381948232651	0	0	1	28	0	0	1	28	0	0	0	0	0	0	0	0
LDL	META	2	115	1746	5	550.414168357849	0	1	1	2	0	1	1	2	0	0	0	0	0	0	1	2
LDL	META	2	121	1496	5	255.094768285751	0	0	1	10	0	0	1	10	0	0	1	10	0	0	1	10
LDL	META	2	122	652	5	1255.55355453491	0	0	0	0	0	0	0	0	0	0	0	0	0	0	0	0
LDL	META	2	124	1118	5	1236.81460952759	0	1	1	10	0	1	1	10	0	0	0	0	0	0	0	0
LDL	META	2	127	2279	5	1218.4994764328	0	0	0	0	0	0	0	0	0	0	0	0	0	0	0	0
LDL	META	2	128	1689	5	1450.87910556793	1	2	3	7	1	2	3	7	0	0	1	4	0	0	1	2
LDL	META	2	130	231	5	170.596462488174	0	0	1	5	0	0	1	5	0	0	0	0	0	0	0	0
LDL	META	2	131	62	5	155.953996658325	2	2	2	2	2	2	2	2	0	0	0	0	0	1	1	1
LDL	META	2	138	1578	5	1682.2206132412	0	0	1	19	0	0	1	19	0	0	0	0	0	0	1	19
LDL	META	2	145	828	5	12.3520872592926	0	0	0	0	0	0	0	0	0	0	0	0	0	0	0	0
LDL	META	2	146	1521	5	2005.4722006321	1	1	3	10	1	1	3	10	0	0	1	4	0	1	2	5
LDL	META	2	147	2818	5	1572.55298781395	0	0	0	0	0	0	0	0	0	0	0	0	0	0	0	0
LDL	META	2	152	858	5	535.66268491745	0	0	0	0	0	0	0	0	0	0	0	0	0	0	0	0
LDL	META	2	162	489	5	123.787227630615	0	0	0	0	0	0	0	0	0	0	0	0	0	0	0	0
LDL	META	2	163	145	5	15.8998718261719	0	0	2	13	0	0	2	13	0	0	1	4	0	0	0	0
LDL	META	2	166	2385	5	1323.33601999283	0	0	0	0	0	0	0	0	0	0	0	0	0	0	0	0
LDL	META	2	168	1027	5	304.629262685776	0	0	1	3	0	0	1	3	0	0	0	0	0	0	0	0
LDL	META	2	172	373	5	39.7371673583984	0	0	1	5	0	0	1	5	0	0	1	5	0	0	1	5
LDL	META	2	177	1642	5	1748.69142842293	0	1	1	3	0	1	1	3	0	0	0	0	0	1	1	3
LDL	META	2	181	1454	5	411.76616024971	0	1	1	4	0	1	1	4	0	0	0	0	0	0	0	0
LDL	META	2	184	2220	5	993.392105102539	0	0	1	32	0	0	1	32	0	0	0	0	0	0	0	0
LDL	META	2	192	1585	5	627.342784881592	0	0	0	0	0	0	0	0	0	0	0	0	0	0	0	0
LDL	META	2	198	722	5	349.259058713913	0	0	1	27	0	0	1	27	0	0	0	0	0	0	0	0
LDL	META	2	199	1503	5	195.278332233429	0	0	3	20	0	0	3	20	0	0	0	0	0	0	2	11
LDL	META	2	205	719	5	158.332200288773	0	0	1	17	0	0	1	17	0	0	0	0	0	0	0	0
LDL	META	2	208	1706	5	955.271912336349	0	0	0	0	0	0	0	0	0	0	0	0	0	0	0	0
LDL	META	2	212	1311	5	998.495307683945	0	0	0	0	0	0	0	0	0	0	0	0	0	0	0	0
LDL	META	2	213	2714	5	1957.54618191719	0	1	2	18	0	1	2	18	0	0	0	0	0	1	1	3
LDL	META	2	217	618	5	131.711587667465	0	0	2	94	0	0	2	94	0	0	0	0	0	0	1	42
LDL	META	2	232	675	5	269.12788772583	0	0	0	0	0	0	0	0	0	0	0	0	0	0	0	0
LDL	META	2	237	1072	5	416.260733604431	0	0	0	0	0	0	0	0	0	0	0	0	0	0	0	0
LDL	META	2	240	998	5	10.1451733112335	0	0	1	20	0	0	1	20	0	0	0	0	0	0	0	0
LDL	META	2	242	1148	5	455.607305288315	0	1	2	9	0	1	2	9	0	1	0	0	0	1	1	2
LDL	META	2	250	2484	5	1251.13696718216	0	0	0	0	0	0	0	0	0	0	0	0	0	0	0	0
LDL	META	2	256	790	5	289.487818956375	0	0	1	19	0	0	1	19	0	0	0	0	0	0	1	19
LDL	META	3	24	1401	10	1369.68238663673	1	1	5	72	1	1	5	72	0	1	2	7	0	1	2	42
LDL	META	3	41	1908	5	437.473927259445	2	2	2	2	2	2	2	2	0	0	0	0	0	0	0	0
LDL	META	3	43	1142	5	227.998199701309	0	0	0	0	0	0	0	0	0	0	0	0	0	0	0	0
LDL	META	3	51	632	5	214.749255657196	0	1	1	2	0	1	1	2	0	1	1	2	0	0	0	0
LDL	META	3	56	860	5	1507.07075476646	0	0	0	0	0	0	0	0	0	0	0	0	0	0	0	0
LDL	META	3	70	1558	5	560.152327537537	0	0	0	0	0	0	0	0	0	0	0	0	0	0	0	0
LDL	META	3	71	1256	5	860.70684671402	1	2	4	35	1	2	4	35	0	0	0	0	0	0	0	0
LDL	META	3	83	2393	5	687.807938814163	0	0	1	22	0	0	1	22	0	0	0	0	0	0	0	0
LDL	META	3	88	1506	5	143.941647768021	0	1	1	5	0	1	1	5	0	0	1	5	0	1	1	5
LDL	META	3	89	1164	5	573.653518676758	0	0	0	0	0	0	0	0	0	0	0	0	0	0	0	0
LDL	META	3	104	2776	5	1195.26089382172	0	0	2	65	0	0	2	65	0	0	0	0	0	0	0	0
LDL	META	3	107	1040	5	150.098375797272	0	0	0	0	0	0	0	0	0	0	0	0	0	0	0	0
LDL	META	3	109	2234	5	771.711192131042	0	0	0	0	0	0	0	0	0	0	0	0	0	0	0	0
LDL	META	3	120	1092	5	487.497318983078	1	1	1	1	1	1	1	1	0	0	0	0	1	1	1	1
LDL	META	3	121	1234	5	737.323462724686	0	0	2	29	0	0	2	29	0	0	0	0	0	0	1	16
LDL	META	3	122	344	5	604.602409362793	0	0	0	0	0	0	0	0	0	0	0	0	0	0	0	0
LDL	META	3	123	520	5	63.0249676704407	0	0	1	17	0	0	1	17	0	0	0	0	0	0	0	0
LDL	META	3	125	1482	5	1161.12690544128	0	0	0	0	0	0	0	0	0	0	0	0	0	0	0	0
LDL	META	3	127	1547	5	945.721739530563	0	3	3	28	0	3	3	28	0	1	1	2	0	1	2	8
LDL	META	3	128	557	5	5.63024139404297	0	0	0	0	0	0	0	0	0	0	0	0	0	0	0	0
LDL	META	3	129	844	5	498.157985687256	0	0	1	10	0	0	1	10	0	0	0	0	0	0	1	10
LDL	META	3	132	1633	5	584.914048194885	0	0	1	4	0	0	1	4	0	0	1	4	0	0	0	0
LDL	META	3	135	1283	5	1281.98193907738	1	3	3	5	1	3	3	5	0	0	0	0	0	1	2	3
LDL	META	3	140	1231	5	905.384813070297	0	0	1	34	0	0	1	34	0	0	0	0	0	0	0	0
LDL	META	3	145	1461	5	736.28174996376	0	1	2	24	0	1	2	24	0	0	0	0	0	0	0	0
LDL	META	3	148	1066	5	216.818262338638	0	0	0	0	0	0	0	0	0	0	0	0	0	0	0	0
LDL	META	3	149	1101	5	1532.939422369	0	0	0	0	0	0	0	0	0	0	0	0	0	0	0	0
LDL	META	3	150	1119	5	1461.6898868084	0	0	1	7	0	0	1	7	0	0	0	0	0	0	1	7
LDL	META	3	154	445	5	1047.12921404839	0	0	0	0	0	0	0	0	0	0	0	0	0	0	0	0
LDL	META	3	155	1245	5	125.278924465179	0	0	0	0	0	0	0	0	0	0	0	0	0	0	0	0
LDL	META	3	158	1600	5	507.770270347595	0	0	0	0	0	0	0	0	0	0	0	0	0	0	0	0
LDL	META	3	159	1047	5	1289.0717318058	0	0	0	0	0	0	0	0	0	0	0	0	0	0	0	0
LDL	META	3	161	1695	5	1681.55533099174	0	0	1	5	0	0	1	5	0	0	0	0	0	0	1	5
LDL	META	3	165	1373	5	199.834246397018	0	0	1	13	0	0	1	13	0	0	1	13	0	0	1	13
LDL	META	3	166	2596	5	1135.70524287224	0	0	0	0	0	0	0	0	0	0	0	0	0	0	0	0
LDL	META	3	172	864	5	229.513737678528	0	0	1	6	0	0	1	6	0	0	1	6	0	0	0	0
LDL	META	3	173	538	5	177.695866584778	0	1	1	4	0	1	1	4	0	0	0	0	0	0	0	0
LDL	META	3	175	472	5	113.963840723038	0	0	1	7	0	0	1	7	0	0	0	0	0	0	1	7
LDL	META	3	186	1580	5	355.238204717636	0	0	0	0	0	0	0	0	0	0	0	0	0	0	0	0
LDL	META	3	190	812	5	276.79741358757	0	0	0	0	0	0	0	0	0	0	0	0	0	0	0	0
LDL	META	3	195	2904	5	1955.53896665573	0	2	0	0	0	2	0	0	0	0	0	0	0	0	0	0
LDL	META	3	214	1321	5	362.274783849716	1	2	2	15	1	2	2	15	0	1	0	0	0	1	1	14
LDL	META	3	216	604	5	808.96176815033	0	0	0	0	0	0	0	0	0	0	0	0	0	0	0	0
LDL	META	4	1	3147	5	1239.32091617584	2	2	2	2	2	2	2	2	0	1	1	1	1	2	2	2
LDL	META	4	15	614	5	153.331684589386	0	0	1	4	0	0	1	4	0	0	1	4	0	0	1	4
LDL	META	4	19	524	5	153.891846179962	0	0	0	0	0	0	0	0	0	0	0	0	0	0	0	0
LDL	META	4	21	2550	5	740.311241149902	0	0	0	0	0	0	0	0	0	0	0	0	0	0	0	0
LDL	META	4	28	1399	5	135.963847637177	0	1	1	28	0	1	1	28	0	0	0	0	0	1	0	0
LDL	META	4	30	945	5	174.812445163727	0	0	0	0	0	0	0	0	0	0	0	0	0	0	0	0
LDL	META	4	42	233	5	378.378030538559	1	1	1	1	1	1	1	1	0	0	0	0	0	0	0	0
LDL	META	4	43	584	5	1451.13232851028	0	0	1	10	0	0	1	10	0	0	0	0	0	0	0	0
LDL	META	4	55	1195	5	1306.00059437752	0	0	2	31	0	0	2	31	0	0	0	0	0	0	0	0
LDL	META	4	57	155	5	23.4642305374146	0	0	1	4	0	0	1	4	0	0	0	0	0	0	0	0
LDL	META	4	64	2023	5	579.45991063118	0	0	1	18	0	0	1	18	0	0	0	0	0	0	0	0
LDL	META	4	65	862	5	240.877897977829	0	0	2	38	0	0	2	38	0	0	0	0	0	0	0	0
LDL	META	4	66	1055	5	7.8498637676239	0	0	0	0	0	0	0	0	0	0	0	0	0	0	0	0
LDL	META	4	71	698	5	402.090409040451	0	0	1	5	0	0	1	5	0	0	0	0	0	0	0	0
LDL	META	4	79	1045	5	198.790586233139	0	0	1	19	0	0	1	19	0	0	1	19	0	0	0	0
LDL	META	4	80	1320	5	567.013601779938	0	1	2	10	0	1	2	10	0	1	2	10	0	1	2	10
LDL	META	4	84	1142	5	244.635794639587	1	1	1	1	1	1	1	1	0	0	0	0	0	0	0	0
LDL	META	4	85	537	5	222.192714929581	0	0	0	0	0	0	0	0	0	0	0	0	0	0	0	0
LDL	META	4	86	130	5	129.573221206665	0	0	0	0	0	0	0	0	0	0	0	0	0	0	0	0
LDL	META	4	87	1959	5	392.847903728485	0	0	2	27	0	0	2	27	0	0	1	5	0	0	1	5
LDL	META	4	90	1052	5	693.385106801987	0	0	0	0	0	0	0	0	0	0	0	0	0	0	0	0
LDL	META	4	92	1034	5	470.974520683289	0	1	0	0	0	1	0	0	0	0	0	0	0	0	0	0
LDL	META	4	101	1311	5	462.431069374084	0	0	1	11	0	0	1	11	0	0	0	0	0	0	0	0
LDL	META	4	113	1333	5	752.832036972046	0	1	3	31	0	1	2	9	0	0	0	0	0	0	2	27
LDL	META	4	115	615	5	486.981148958206	0	0	2	9	0	0	2	9	0	0	0	0	0	0	0	0
LDL	META	4	116	846	5	507.054163455963	0	0	1	50	0	0	1	50	0	0	0	0	0	0	0	0
LDL	META	4	117	1265	5	133.647193431854	0	0	1	5	0	0	1	5	0	0	0	0	0	0	0	0
LDL	META	4	121	1054	5	220.44939494133	0	0	1	16	0	0	1	16	0	0	0	0	0	0	0	0
LDL	META	4	122	515	5	295.728146791458	0	1	0	0	0	0	0	0	0	1	0	0	0	0	0	0
LDL	META	4	129	1404	5	489.339058876038	0	0	0	0	0	0	0	0	0	0	0	0	0	0	0	0
LDL	META	4	130	1379	5	689.27724146843	0	0	1	8	0	0	1	8	0	0	0	0	0	0	0	0
LDL	META	4	134	2431	5	594.869886159897	0	0	0	0	0	0	0	0	0	0	0	0	0	0	0	0
LDL	META	4	136	1869	5	98.8769516944885	0	0	1	44	0	0	1	44	0	0	0	0	0	0	0	0
LDL	META	4	148	853	5	167.366502523422	0	0	0	0	0	0	0	0	0	0	0	0	0	0	0	0
LDL	META	4	156	1903	5	855.2871966362	0	0	1	10	0	0	1	10	0	0	0	0	0	0	0	0
LDL	META	4	159	575	5	5.47831130027771	0	1	1	2	0	1	1	2	0	0	0	0	0	0	0	0
LDL	META	4	161	427	5	588.887661218643	0	0	0	0	0	0	0	0	0	0	0	0	0	0	0	0
LDL	META	4	162	1062	5	811.069100618362	0	0	0	0	0	0	0	0	0	0	0	0	0	0	0	0
LDL	META	4	203	718	5	143.688237667084	0	1	1	5	0	1	1	5	0	0	0	0	0	0	1	5
LDL	META	5	6	609	5	156.285031080246	0	0	1	12	0	0	1	12	0	0	0	0	0	0	0	0
LDL	META	5	17	749	5	161.74253153801	0	0	0	0	0	0	0	0	0	0	0	0	0	0	0	0
LDL	META	5	55	445	5	238.746102333069	0	0	0	0	0	0	0	0	0	0	0	0	0	0	0	0
LDL	META	5	64	1644	5	160.90261554718	0	2	1	2	0	2	1	2	0	0	0	0	0	1	1	2
LDL	META	5	69	629	5	801.2717628479	0	0	1	5	0	0	1	5	0	0	1	5	0	0	1	5
LDL	META	5	71	1973	5	285.069317579269	0	1	0	0	0	1	0	0	0	0	0	0	0	1	0	0
LDL	META	5	81	1023	5	138.412603139877	0	1	2	31	0	1	1	2	0	1	1	2	0	1	1	2
LDL	META	5	82	700	5	308.73500919342	0	0	0	0	0	0	0	0	0	0	0	0	0	0	0	0
LDL	META	5	84	254	5	28.6759142875671	0	1	1	2	0	1	1	2	0	0	0	0	0	0	0	0
LDL	META	5	85	1578	5	991.173956155777	3	4	4	5	3	4	4	5	2	3	2	2	2	3	3	4
LDL	META	5	86	38	5	0.583786010742188	0	1	1	5	0	1	1	5	0	0	0	0	0	0	0	0
LDL	META	5	109	753	5	442.019597768784	0	0	1	20	0	0	1	20	0	0	0	0	0	0	0	0
LDL	META	5	127	2229	5	518.748186588287	0	0	0	0	0	0	0	0	0	0	0	0	0	0	0	0
LDL	META	5	130	1945	5	884.215812683105	0	0	1	4	0	0	1	4	0	0	1	4	0	0	1	4
LDL	META	5	134	1152	5	152.943956136703	0	0	0	0	0	0	0	0	0	0	0	0	0	0	0	0
LDL	META	5	144	1310	5	201.584795951843	0	0	1	20	0	0	1	20	0	0	1	20	0	0	1	20
LDL	META	5	146	1445	5	727.467090129852	0	0	1	20	0	0	1	20	0	0	0	0	0	0	1	20
LDL	META	5	147	869	5	127.473197460175	0	0	1	4	0	0	1	4	0	0	0	0	0	0	0	0
LDL	META	5	148	77	5	0.134920120239258	0	1	1	2	0	1	1	2	0	0	0	0	0	0	0	0
LDL	META	5	156	968	5	233.334287643433	0	1	0	0	0	1	0	0	0	0	0	0	0	0	0	0
LDL	META	5	157	660	5	228.819561719894	0	0	1	7	0	0	1	7	0	0	0	0	0	0	0	0
LDL	META	5	158	884	5	151.077123641968	0	0	1	34	0	0	1	34	0	0	0	0	0	0	0	0
LDL	META	5	165	832	5	356.418573856354	0	0	0	0	0	0	0	0	0	0	0	0	0	0	0	0
LDL	META	5	166	1372	10	828.280207872391	3	4	6	50	2	2	4	47	2	3	2	3	1	3	2	3
LDL	META	5	167	971	5	101.84162902832	1	1	2	16	1	1	2	16	0	1	1	1	0	1	2	16
LDL	META	5	202	293	5	93.1299061775208	0	0	1	7	0	0	1	7	0	0	0	0	0	0	0	0
LDL	META	5	207	918	5	512.444896936417	0	0	0	0	0	0	0	0	0	0	0	0	0	0	0	0
LDL	META	6	19	1210	5	1269.77162504196	0	0	1	15	0	0	1	15	0	0	0	0	0	0	0	0
LDL	META	6	20	790	5	146.415293693542	0	0	0	0	0	0	0	0	0	0	0	0	0	0	0	0
LDL	META	6	25	864	5	95.764918088913	0	0	1	19	0	0	1	19	0	0	0	0	0	0	0	0
LDL	META	6	27	755	5	544.528944730759	1	1	2	8	1	1	2	8	0	1	1	1	0	0	1	7
LDL	META	6	34	1279	5	433.381597280502	0	2	2	7	0	2	2	7	0	0	0	0	0	1	1	5
LDL	META	6	35	386	5	1.27008557319641	1	3	3	6	1	3	3	6	0	1	1	2	0	1	2	5
LDL	META	6	39	2003	5	1410.08993053436	1	2	2	7	1	2	2	7	0	0	0	0	0	0	1	6
LDL	META	6	43	1286	5	509.599345445633	0	0	1	3	0	0	1	3	0	0	1	3	0	0	1	3
LDL	META	6	44	242	5	113.913193464279	0	0	1	9	0	0	1	9	0	0	0	0	0	0	0	0
LDL	META	6	47	1686	5	189.69625544548	0	0	0	0	0	0	0	0	0	0	0	0	0	0	0	0
LDL	META	6	51	2198	5	580.318194389343	0	1	3	63	0	1	3	63	0	0	0	0	0	0	1	42
LDL	META	6	53	698	5	260.70246553421	0	0	1	15	0	0	1	15	0	0	0	0	0	0	0	0
LDL	META	6	56	726	5	84.6497569084167	0	0	1	14	0	0	1	14	0	0	0	0	0	0	0	0
LDL	META	6	58	1313	5	784.273530244827	1	1	1	1	1	1	1	1	0	0	0	0	0	0	0	0
LDL	META	6	63	994	5	582.676941156387	0	1	1	3	0	1	1	3	0	0	0	0	0	1	1	3
LDL	META	6	64	103	5	27.5790975093842	1	3	2	13	1	3	2	13	0	0	0	0	0	0	0	0
LDL	META	6	65	385	5	121.071348190308	0	0	1	4	0	0	1	4	0	0	0	0	0	0	1	4
LDL	META	6	71	3731	5	1221.68918395042	0	0	0	0	0	0	0	0	0	0	0	0	0	0	0	0
LDL	META	6	72	573	5	355.417593479156	0	0	2	14	0	0	2	14	0	0	0	0	0	0	0	0
LDL	META	6	73	217	5	43.81223487854	0	0	1	31	0	0	1	31	0	0	0	0	0	0	0	0
LDL	META	6	75	227	5	148.632268190384	0	0	2	13	0	0	2	13	0	0	0	0	0	0	0	0
LDL	META	6	76	2355	5	1188.3598139286	0	0	0	0	0	0	0	0	0	0	0	0	0	0	0	0
LDL	META	6	87	1757	5	889.658194541931	0	0	0	0	0	0	0	0	0	0	0	0	0	0	0	0
LDL	META	6	88	3170	5	1086.67216205597	0	0	0	0	0	0	0	0	0	0	0	0	0	0	0	0
LDL	META	6	100	25	5	0.295656681060791	1	1	1	1	1	1	1	1	0	0	0	0	0	0	0	0
LDL	META	6	101	1337	5	32.4325289726257	0	1	2	16	0	1	1	7	0	1	1	9	0	1	2	16
LDL	META	6	105	1365	5	118.207346916199	0	1	1	2	0	1	1	2	0	0	0	0	0	1	1	2
LDL	META	6	106	1070	5	392.531477928162	0	0	0	0	0	0	0	0	0	0	0	0	0	0	0	0
LDL	META	6	109	1075	5	9.89117097854614	0	0	1	25	0	0	1	25	0	0	0	0	0	0	1	25
LDL	META	6	115	2419	5	1651.18528819084	0	0	1	9	0	0	1	9	0	0	1	9	0	0	0	0
LDL	META	6	117	2449	5	610.261952161789	0	0	0	0	0	0	0	0	0	0	0	0	0	0	0	0
LDL	META	6	124	1295	5	292.038486719131	0	0	2	56	0	0	2	56	0	0	0	0	0	0	0	0
LDL	META	6	127	878	5	398.958733797073	0	0	1	5	0	0	1	5	0	0	1	5	0	0	0	0
LDL	META	6	128	1265	5	580.127618551254	0	0	1	44	0	0	1	44	0	0	0	0	0	0	0	0
LDL	META	6	134	933	5	487.196913957596	0	1	2	33	0	1	2	33	0	0	0	0	0	1	1	5
LDL	META	6	136	540	5	20.6828937530518	0	0	1	29	0	0	1	29	0	0	0	0	0	0	0	0
LDL	META	6	140	938	5	90.1162452697754	0	0	2	11	0	0	2	11	0	0	1	8	0	0	0	0
LDL	META	6	154	1111	5	213.678513288498	0	0	1	7	0	0	1	7	0	0	0	0	0	0	0	0
LDL	META	6	158	1048	5	136.486540079117	1	2	1	1	1	2	1	1	0	1	1	1	0	1	1	1
LDL	META	6	160	1436	5	621.041424512863	0	1	1	2	0	1	1	2	0	0	0	0	0	1	1	2
LDL	META	6	168	1439	5	663.208735466003	0	0	1	21	0	0	1	21	0	0	0	0	0	0	0	0
LDL	META	6	169	2447	10	481.279071331024	8	9	9	12	8	9	9	12	4	5	5	5	1	3	3	6
LDL	META	6	170	481	5	124.71546626091	0	0	0	0	0	0	0	0	0	0	0	0	0	0	0	0
LDL	META	6	180	172	5	182.911819934845	0	0	0	0	0	0	0	0	0	0	0	0	0	0	0	0
LDL	META	6	183	329	5	124.585706233978	0	0	1	12	0	0	1	12	0	0	0	0	0	0	0	0
LDL	META	6	187	911	5	345.013910293579	0	1	0	0	0	0	0	0	0	1	0	0	0	1	0	0
LDL	META	7	3	566	5	241.052449226379	0	1	2	15	0	1	2	15	0	1	1	3	0	1	1	3
LDL	META	7	5	1269	5	227.166413545609	0	0	0	0	0	0	0	0	0	0	0	0	0	0	0	0
LDL	META	7	6	552	5	146.478066921234	0	0	1	51	0	0	1	51	0	0	0	0	0	0	0	0
LDL	META	7	11	479	5	66.1676180362701	0	0	0	0	0	0	0	0	0	0	0	0	0	0	0	0
LDL	META	7	12	1544	5	894.329091787338	0	0	0	0	0	0	0	0	0	0	0	0	0	0	0	0
LDL	META	7	13	671	5	107.803035974503	0	0	0	0	0	0	0	0	0	0	0	0	0	0	0	0
LDL	META	7	33	1821	5	161.519636392593	0	0	0	0	0	0	0	0	0	0	0	0	0	0	0	0
LDL	META	7	37	1683	5	472.702406406403	0	2	4	21	0	1	4	21	0	1	0	0	0	0	1	8
LDL	META	7	41	1378	5	576.763916730881	0	0	0	0	0	0	0	0	0	0	0	0	0	0	0	0
LDL	META	7	42	1407	10	545.280948400497	2	4	5	18	2	3	5	18	0	4	4	8	0	1	1	3
LDL	META	7	44	262	5	15.6795933246613	0	0	1	8	0	0	1	8	0	0	0	0	0	0	1	8
LDL	META	7	50	894	5	114.316303491592	0	0	0	0	0	0	0	0	0	0	0	0	0	0	0	0
LDL	META	7	58	1286	5	998.935425281525	0	1	2	16	0	1	2	16	0	1	1	8	0	0	1	8
LDL	META	7	66	563	5	383.387409448624	0	1	1	3	0	1	1	3	0	0	0	0	0	0	1	3
LDL	META	7	67	2935	5	359.795404672623	1	3	3	18	1	3	3	18	1	1	1	1	0	1	0	0
LDL	META	7	74	680	5	103.490827560425	0	0	0	0	0	0	0	0	0	0	0	0	0	0	0	0
LDL	META	7	85	1000	5	90.2875783443451	0	1	1	4	0	1	1	4	0	0	0	0	0	0	0	0
LDL	META	7	88	1593	5	758.960223913193	0	0	2	38	0	0	2	38	0	0	1	11	0	0	1	11
LDL	META	7	89	1319	5	20.1982400417328	0	0	1	27	0	0	1	27	0	0	1	27	0	0	0	0
LDL	META	7	95	837	5	142.196686506271	1	1	1	1	1	1	1	1	0	1	1	1	0	1	1	1
LDL	META	7	99	1623	5	364.097188949585	0	0	1	7	0	0	1	7	0	0	0	0	0	0	1	7
LDL	META	7	103	920	5	584.669653892517	0	1	1	17	0	1	1	17	0	0	0	0	0	0	0	0
LDL	META	7	109	951	5	184.041181564331	0	1	1	4	0	1	1	4	0	1	1	4	0	1	1	4
LDL	META	7	111	1168	5	77.8794767856598	0	3	4	17	0	3	4	17	0	1	1	3	0	2	2	5
LDL	META	7	112	793	5	255.564304828644	0	0	1	7	0	0	1	7	0	0	1	7	0	0	1	7
LDL	META	7	113	1362	5	724.037385702133	1	1	1	1	1	1	1	1	0	1	1	1	0	0	0	0
LDL	META	7	114	2276	5	301.113136291504	0	0	1	28	0	0	1	28	0	0	0	0	0	0	1	28
LDL	META	7	119	816	5	294.388706445694	0	0	2	88	0	0	2	88	0	0	0	0	0	0	1	56
LDL	META	7	132	2479	5	334.238579273224	0	0	0	0	0	0	0	0	0	0	0	0	0	0	0	0
LDL	META	7	133	1873	5	512.392480134964	0	0	1	9	0	0	1	9	0	0	1	9	0	0	0	0
LDL	META	7	134	708	5	13.9636831283569	0	0	0	0	0	0	0	0	0	0	0	0	0	0	0	0
LDL	META	7	138	1820	5	670.630415678024	0	0	1	6	0	0	1	6	0	0	0	0	0	0	0	0
LDL	META	7	139	422	5	103.133580207825	0	0	1	29	0	0	1	29	0	0	0	0	0	0	0	0
LDL	META	7	141	1716	5	593.263004302979	1	2	2	4	0	1	2	4	1	2	2	4	0	0	0	0
LDL	META	7	147	462	5	152.866425037384	0	1	1	3	0	1	1	3	0	0	0	0	0	1	0	0
LDL	META	7	152	495	5	201.124404191971	1	1	1	1	1	1	1	1	0	0	0	0	0	0	0	0
LDL	META	7	162	2024	5	255.579147815704	0	0	0	0	0	0	0	0	0	0	0	0	0	0	0	0
LDL	META	7	176	259	5	12.6014928817749	0	1	1	3	0	1	1	3	0	0	1	3	0	1	1	3
LDL	META	7	177	116	5	0.579187154769897	0	0	0	0	0	0	0	0	0	0	0	0	0	0	0	0
LDL	META	7	187	1617	5	96.0358085632324	0	0	1	30	0	0	0	0	0	0	0	0	0	0	1	30
LDL	META	8	17	1196	5	376.662194490433	0	0	1	22	0	0	1	22	0	0	0	0	0	0	0	0
LDL	META	8	29	2921	5	218.368486642838	0	1	1	2	0	1	1	2	0	1	1	2	0	0	0	0
LDL	META	8	36	308	5	111.942503929138	0	0	0	0	0	0	0	0	0	0	0	0	0	0	0	0
LDL	META	8	39	1023	5	53.954212427139304	0	0	1	31	0	0	1	31	0	0	0	0	0	0	0	0
LDL	META	8	42	1655	5	75.8302011489868	0	0	1	8	0	0	1	8	0	0	0	0	0	0	1	8
LDL	META	8	44	556	5	175.746948242188	0	0	1	15	0	0	1	15	0	0	0	0	0	0	0	0
LDL	META	8	45	802	5	437.553408622742	0	2	2	7	0	2	2	7	0	0	0	0	0	0	0	0
LDL	META	8	56	987	5	294.107715129852	0	0	0	0	0	0	0	0	0	0	0	0	0	0	0	0
LDL	META	8	57	828	5	25.3666749000549	0	0	0	0	0	0	0	0	0	0	0	0	0	0	0	0
LDL	META	8	59	574	5	41.3231353759766	0	2	2	5	0	2	2	5	0	0	0	0	0	1	1	2
LDL	META	8	65	774	5	41.216908454895	0	0	1	5	0	0	1	5	0	0	1	5	0	0	1	5
LDL	META	8	68	1142	5	221.52719783783	1	2	3	6	1	2	3	6	1	2	2	3	1	2	3	6
LDL	META	8	69	1966	5	709.420804738998	0	0	1	16	0	0	1	16	0	0	0	0	0	0	1	16
LDL	META	8	71	1217	5	461.225595235825	0	0	0	0	0	0	0	0	0	0	0	0	0	0	0	0
LDL	META	8	75	359	5	2.44796800613403	0	0	1	7	0	0	1	7	0	0	0	0	0	0	0	0
LDL	META	8	78	298	5	146.669313430786	0	0	0	0	0	0	0	0	0	0	0	0	0	0	0	0
LDL	META	8	79	868	5	267.06804728508	0	0	0	0	0	0	0	0	0	0	0	0	0	0	0	0
LDL	META	8	81	1367	5	320.746830463409	0	0	1	7	0	0	1	7	0	0	0	0	0	0	1	7
LDL	META	8	83	1917	5	738.880196094513	0	1	1	4	0	1	1	4	0	0	0	0	0	0	0	0
LDL	META	8	85	798	5	99.1670477390289	0	1	1	3	0	1	1	3	0	0	0	0	0	0	0	0
LDL	META	8	88	1366	5	585.657340764999	0	1	0	0	0	1	0	0	0	0	0	0	0	0	0	0
LDL	META	8	90	1231	5	498.047563314438	0	0	1	41	0	0	1	41	0	0	0	0	0	0	0	0
LDL	META	8	101	940	5	70.0902824401855	0	0	1	5	0	0	1	5	0	0	0	0	0	0	0	0
LDL	META	8	106	1390	5	484.505732536316	0	0	1	7	0	0	1	7	0	0	0	0	0	0	0	0
LDL	META	8	113	806	5	75.8634119033813	0	1	3	31	0	1	3	31	0	1	0	0	0	0	2	25
LDL	META	8	124	766	5	61.7763073444366	1	1	2	4	1	1	2	4	0	0	0	0	0	0	0	0
LDL	META	8	125	334	5	74.2675762176514	2	4	3	5	2	3	3	5	0	1	0	0	1	2	2	4
LDL	META	8	135	1067	5	596.873073577881	0	0	0	0	0	0	0	0	0	0	0	0	0	0	0	0
LDL	META	8	153	470	5	13.1832857131958	0	0	1	65	0	0	1	65	0	0	0	0	0	0	0	0
LDL	META	8	159	567	5	13.0508148670197	0	0	0	0	0	0	0	0	0	0	0	0	0	0	0	0
LDL	META	8	160	526	5	90.1364696025848	0	1	1	4	0	1	1	4	0	1	0	0	0	0	0	0
LDL	META	9	4	1308	5	487.880199432373	1	1	1	1	1	1	1	1	1	1	1	1	1	1	1	1
LDL	META	9	5	291	5	51.4005265235901	1	1	1	1	1	1	1	1	0	1	1	1	0	0	0	0
LDL	META	9	13	1740	5	31.9729838371277	0	0	1	89	0	0	1	89	0	0	0	0	0	0	1	89
LDL	META	9	33	1426	5	212.880172014236	0	1	1	3	0	1	1	3	0	1	1	3	0	1	1	3
LDL	META	9	36	1192	5	162.522097110748	0	0	2	31	0	0	2	31	0	0	0	0	0	0	0	0
LDL	META	9	39	490	5	102.267758369446	0	0	1	16	0	0	1	16	0	0	0	0	0	0	0	0
LDL	META	9	40	2107	5	92.5802316665649	0	0	0	0	0	0	0	0	0	0	0	0	0	0	0	0
LDL	META	9	51	631	5	400.588220119476	0	2	1	2	0	2	1	2	0	0	0	0	0	0	0	0
LDL	META	9	53	1868	5	437.997831583023	0	0	0	0	0	0	0	0	0	0	0	0	0	0	0	0
LDL	META	9	62	1513	5	632.894021272659	0	0	0	0	0	0	0	0	0	0	0	0	0	0	0	0
LDL	META	9	69	723	5	482.615027189255	0	1	2	8	0	1	2	8	0	0	0	0	0	1	2	8
LDL	META	9	70	558	5	40.2203297615051	0	0	0	0	0	0	0	0	0	0	0	0	0	0	0	0
LDL	META	9	72	329	5	189.776094913483	1	1	3	10	1	1	2	8	1	1	1	2	1	1	1	2
LDL	META	9	73	899	5	236.483198642731	0	2	1	2	0	1	1	2	0	1	1	2	0	0	1	2
LDL	META	9	80	2462	5	149.597608566284	0	0	1	43	0	0	1	43	0	0	0	0	0	0	0	0
LDL	META	9	84	1071	5	634.864454746246	0	0	0	0	0	0	0	0	0	0	0	0	0	0	0	0
LDL	META	9	89	260	5	30.6333191394806	0	0	1	19	0	0	1	19	0	0	0	0	0	0	1	19
LDL	META	9	93	1129	5	591.378138542175	0	0	0	0	0	0	0	0	0	0	0	0	0	0	0	0
LDL	META	9	99	974	5	58.6405127048492	0	0	0	0	0	0	0	0	0	0	0	0	0	0	0	0
LDL	META	9	102	1443	5	838.459864854813	0	0	1	16	0	0	1	16	0	0	0	0	0	0	0	0
LDL	META	9	104	539	5	73.0831739902496	0	0	0	0	0	0	0	0	0	0	0	0	0	0	0	0
LDL	META	9	110	1979	5	869.103540897369	0	2	2	5	0	2	2	5	0	1	0	0	0	1	1	3
LDL	META	9	111	79	5	195.104426622391	1	4	4	11	1	3	3	10	1	2	1	1	0	2	1	3
LDL	META	9	112	1521	5	767.502161979675	0	0	0	0	0	0	0	0	0	0	0	0	0	0	0	0
LDL	META	9	114	543	5	12.8735327720642	0	0	1	9	0	0	1	9	0	0	0	0	0	0	0	0
LDL	META	9	115	2316	5	788.342911958694	0	0	0	0	0	0	0	0	0	0	0	0	0	0	0	0
LDL	META	9	116	1108	5	10.9970393180847	0	0	1	15	0	0	1	15	0	0	0	0	0	0	0	0
LDL	META	9	118	2464	5	183.060824394226	0	0	0	0	0	0	0	0	0	0	0	0	0	0	0	0
LDL	META	9	119	913	5	235.274793863297	0	1	0	0	0	0	0	0	0	1	0	0	0	0	0	0
LDL	META	9	124	915	5	5.21626257896423	0	1	1	2	0	1	1	2	0	0	0	0	0	0	0	0
LDL	META	9	125	1425	5	185.390113115311	0	0	0	0	0	0	0	0	0	0	0	0	0	0	0	0
LDL	META	9	134	1909	5	159.302646636963	0	0	2	11	0	0	2	11	0	0	0	0	0	0	1	7
LDL	META	9	140	1776	5	56.1979444026947	1	2	2	5	1	1	1	1	0	1	1	4	0	0	1	4
LDL	META	9	144	524	5	409.57435798645	0	0	0	0	0	0	0	0	0	0	0	0	0	0	0	0
LDL	META	9	145	789	5	124.483472108841	0	0	0	0	0	0	0	0	0	0	0	0	0	0	0	0
LDL	META	9	148	593	5	513.634826660156	0	0	1	4	0	0	1	4	0	0	0	0	0	0	0	0
LDL	META	9	149	519	5	240.598439216614	1	2	3	13	1	2	3	13	1	2	2	3	1	2	3	13
LDL	META	9	153	54	5	6.65685343742371	0	0	1	5	0	0	1	5	0	0	0	0	0	0	0	0
LDL	META	9	160	153	5	37.1367449760437	1	1	1	1	1	1	1	1	0	0	0	0	0	1	1	1
LDL	META	9	161	218	5	34.8184027671814	0	0	1	17	0	0	1	17	0	0	0	0	0	0	1	17
LDL	META	10	14	1532	5	408.855086326599	0	0	1	28	0	0	1	28	0	0	0	0	0	0	0	0
LDL	META	10	22	1215	5	274.388551950455	0	0	1	6	0	0	1	6	0	0	0	0	0	0	0	0
LDL	META	10	30	457	5	1.68126463890076	0	0	0	0	0	0	0	0	0	0	0	0	0	0	0	0
LDL	META	10	43	1036	5	515.041660547256	0	0	1	4	0	0	1	4	0	0	0	0	0	0	1	4
LDL	META	10	45	1673	5	231.053289175034	0	0	0	0	0	0	0	0	0	0	0	0	0	0	0	0
LDL	META	10	46	1799	5	187.367262125015	0	1	1	9	0	1	1	9	0	0	0	0	0	0	0	0
LDL	META	10	52	1361	5	456.813794612885	0	0	0	0	0	0	0	0	0	0	0	0	0	0	0	0
LDL	META	10	53	712	5	60.8452050685883	0	0	0	0	0	0	0	0	0	0	0	0	0	0	0	0
LDL	META	10	59	792	5	435.217738628387	0	0	0	0	0	0	0	0	0	0	0	0	0	0	0	0
LDL	META	10	60	1642	5	724.301501512527	0	0	0	0	0	0	0	0	0	0	0	0	0	0	0	0
LDL	META	10	67	713	5	80.3342158794403	0	0	1	7	0	0	1	7	0	0	0	0	0	0	0	0
LDL	META	10	69	1035	5	92.2125449180603	0	0	1	17	0	0	1	17	0	0	0	0	0	0	0	0
LDL	META	10	70	1307	5	221.714375257492	0	1	1	28	0	1	1	28	0	1	0	0	0	0	0	0
LDL	META	10	73	950	5	46.4435040950775	0	0	1	4	0	0	1	4	0	0	0	0	0	0	1	4
LDL	META	10	80	1235	5	261.869604349136	0	0	1	7	0	0	1	7	0	0	0	0	0	0	1	7
LDL	META	10	81	1417	5	319.271943330765	0	0	1	7	0	0	1	7	0	0	1	7	0	0	1	7
LDL	META	10	84	1955	5	203.927093029022	0	0	0	0	0	0	0	0	0	0	0	0	0	0	0	0
LDL	META	10	85	442	5	13.6908016204834	0	1	2	6	0	1	2	6	0	0	0	0	0	0	0	0
LDL	META	10	92	2202	5	726.48600435257	0	1	1	3	0	1	1	3	0	1	0	0	0	1	1	3
LDL	META	10	100	422	5	134.918418884277	1	1	1	1	1	1	1	1	0	0	0	0	0	0	0	0
LDL	META	10	101	997	5	167.58455824852	0	0	1	13	0	0	1	13	0	0	0	0	0	0	0	0
LDL	META	10	109	1308	5	19.5102121829987	0	0	0	0	0	0	0	0	0	0	0	0	0	0	0	0
LDL	META	10	110	440	5	47.4215834140778	0	1	1	2	0	1	1	2	0	0	0	0	0	0	0	0
LDL	META	10	112	400	5	36.3985648155212	0	0	1	2	0	0	1	2	0	0	0	0	0	0	0	0
LDL	META	10	113	1117	5	121.819480419159	0	0	1	13	0	0	1	13	0	0	0	0	0	0	0	0
LDL	META	10	117	1673	5	26.6930603981018	1	2	4	36	1	2	4	36	0	2	2	3	0	1	3	15
LDL	META	10	120	1179	5	527.737553358078	2	3	2	2	2	3	2	2	0	0	0	0	0	3	2	2
LDL	META	10	121	892	5	121.092728853226	0	1	1	7	0	1	1	7	0	0	0	0	0	1	0	0
LDL	META	10	126	1604	5	237.905636310577	1	1	2	13	1	1	2	13	0	1	1	1	0	1	1	1
LDL	META	10	127	379	5	125.79757642746	0	1	1	6	0	1	1	6	0	1	0	0	0	1	0	0
LDL	META	10	128	134	5	8.53760242462158	0	0	0	0	0	0	0	0	0	0	0	0	0	0	0	0
LDL	META	10	129	1704	5	817.037897348404	0	0	0	0	0	0	0	0	0	0	0	0	0	0	0	0
LDL	META	10	131	1497	5	439.27790760994	0	0	0	0	0	0	0	0	0	0	0	0	0	0	0	0
LDL	META	10	137	1698	5	36.2023255825043	0	0	1	5	0	0	1	5	0	0	0	0	0	0	1	5
LDL	META	10	138	318	5	181.442226171494	2	2	3	4	2	2	3	3	1	1	2	2	2	2	3	3
LDL	META	10	142	388	5	32.4112360477448	0	0	0	0	0	0	0	0	0	0	0	0	0	0	0	0
LDL	META	10	144	621	5	180.552723407745	0	1	1	2	0	1	1	2	0	1	1	2	0	1	1	2
LDL	META	10	150	1518	5	49.8602137565613	0	0	0	0	0	0	0	0	0	0	0	0	0	0	0	0
LDL	META	10	152	1068	5	490.291473865509	0	1	1	27	0	1	1	27	0	1	0	0	0	0	0	0
LDL	META	10	154	2310	5	554.715089082718	0	0	1	10	0	0	1	10	0	0	1	10	0	0	0	0
LDL	META	11	2	417	5	219.651433706284	0	0	0	0	0	0	0	0	0	0	0	0	0	0	0	0
LDL	META	11	3	644	5	467.967324972153	0	0	0	0	0	0	0	0	0	0	0	0	0	0	0	0
LDL	META	11	4	497	5	291.088955163956	0	0	0	0	0	0	0	0	0	0	0	0	0	0	0	0
LDL	META	11	7	422	5	40.6633298397064	1	2	2	11	1	2	2	11	0	0	0	0	0	0	0	0
LDL	META	11	12	1792	5	749.33065032959	4	4	4	4	4	4	4	4	0	3	3	3	2	2	2	2
LDL	META	11	18	2367	5	137.614433526993	0	0	1	44	0	0	1	44	0	0	0	0	0	0	0	0
LDL	META	11	22	502	5	4.45424056053162	0	1	1	2	0	1	1	2	0	0	0	0	0	0	0	0
LDL	META	11	28	684	5	184.069245576859	0	0	1	12	0	0	1	12	0	0	0	0	0	0	1	12
LDL	META	11	30	675	5	3.71721863746643	0	0	1	3	0	0	1	3	0	0	1	3	0	0	1	3
LDL	META	11	31	834	5	8.86366415023804	0	0	1	3	0	0	1	3	0	0	0	0	0	0	1	3
LDL	META	11	33	1031	5	21.0551521778107	0	2	2	4	0	2	2	4	0	1	1	2	0	0	1	2
LDL	META	11	51	1119	5	8.55696702003479	0	0	1	24	0	0	1	24	0	0	0	0	0	0	0	0
LDL	META	11	56	255	5	151.012302160263	0	0	1	19	0	0	1	19	0	0	0	0	0	0	1	19
LDL	META	11	75	405	5	75.5269804000854	0	0	0	0	0	0	0	0	0	0	0	0	0	0	0	0
LDL	META	11	76	855	10	1361.38716030121	2	3	5	21	2	3	5	21	0	2	2	2	1	3	4	7
LDL	META	11	78	655	5	43.8714153766632	0	0	1	9	0	0	1	9	0	0	0	0	0	0	1	9
LDL	META	11	79	1652	5	228.488451480865	0	1	2	22	0	1	2	22	0	0	0	0	0	0	2	22
LDL	META	11	81	751	5	18.2608969211578	0	0	0	0	0	0	0	0	0	0	0	0	0	0	0	0
LDL	META	11	82	244	5	29.6656534671783	0	1	0	0	0	1	0	0	0	1	0	0	0	1	0	0
LDL	META	11	86	933	5	90.0973920822144	0	0	0	0	0	0	0	0	0	0	0	0	0	0	0	0
LDL	META	11	90	2034	5	581.385059356689	0	0	1	114	0	0	1	114	0	0	0	0	0	0	0	0
LDL	META	11	107	518	5	3.4631621837616	0	0	0	0	0	0	0	0	0	0	0	0	0	0	0	0
LDL	META	11	108	408	5	68.2533481121063	0	0	1	16	0	0	1	16	0	0	0	0	0	0	0	0
LDL	META	11	115	1056	5	63.3283493518829	0	0	0	0	0	0	0	0	0	0	0	0	0	0	0	0
LDL	META	11	117	2141	5	207.698832988739	0	1	1	2	0	1	1	2	0	1	1	2	0	1	1	2
LDL	META	11	123	457	5	120.631252288818	0	0	1	10	0	0	1	10	0	0	0	0	0	0	0	0
LDL	META	11	125	958	5	195.66286110878	0	1	0	0	0	1	0	0	0	0	0	0	0	0	0	0
LDL	META	11	129	1283	5	287.819294929504	2	2	2	2	2	2	2	2	0	1	1	1	1	1	1	1
LDL	META	11	133	995	5	81.9577271938324	0	0	2	35	0	0	2	35	0	0	0	0	0	0	1	26
LDL	META	11	139	34	5	0.669868469238281	0	0	0	0	0	0	0	0	0	0	0	0	0	0	0	0
LDL	META	11	140	584	5	182.190605640411	0	1	1	8	0	1	1	8	0	0	0	0	0	0	0	0
LDL	META	11	142	1262	5	18.6446049213409	0	0	1	16	0	0	1	16	0	0	1	16	0	0	0	0
LDL	META	11	147	2018	5	158.297382116318	2	4	3	4	2	3	3	4	1	2	1	1	1	2	1	1
LDL	META	11	163	176	5	17.7140901088715	0	1	1	28	0	0	1	28	0	1	0	0	0	0	0	0
LDL	META	12	1	588	5	43.0457186698914	1	1	2	7	1	1	2	7	0	0	1	6	0	0	0	0
LDL	META	12	4	622	5	17.9079666137695	0	0	0	0	0	0	0	0	0	0	0	0	0	0	0	0
LDL	META	12	12	375	5	9.47543430328369	0	0	0	0	0	0	0	0	0	0	0	0	0	0	0	0
LDL	META	12	17	418	5	653.609264612198	0	0	0	0	0	0	0	0	0	0	0	0	0	0	0	0
LDL	META	12	18	892	5	136.274985790253	0	0	2	20	0	0	2	20	0	0	0	0	0	0	0	0
LDL	META	12	23	1432	5	212.470757961273	1	1	2	10	1	1	2	10	0	0	0	0	1	1	1	1
LDL	META	12	29	170	5	0.533223390579224	0	0	0	0	0	0	0	0	0	0	0	0	0	0	0	0
LDL	META	12	33	993	5	168.992103099823	0	0	2	34	0	0	2	34	0	0	0	0	0	0	1	21
LDL	META	12	42	2006	5	819.349133014679	0	0	0	0	0	0	0	0	0	0	0	0	0	0	0	0
LDL	META	12	45	1001	5	196.545795202255	0	1	0	0	0	1	0	0	0	0	0	0	0	0	0	0
LDL	META	12	47	371	5	3.22639560699463	0	2	2	5	0	2	2	5	0	0	0	0	0	0	0	0
LDL	META	12	49	1416	5	411.852299451828	0	0	1	4	0	0	1	4	0	0	0	0	0	0	0	0
LDL	META	12	51	870	5	44.3326835632324	0	0	1	4	0	0	1	4	0	0	0	0	0	0	1	4
LDL	META	12	59	1540	5	976.153775930405	0	0	0	0	0	0	0	0	0	0	0	0	0	0	0	0
LDL	META	12	61	828	5	254.064392805099	0	1	0	0	0	1	0	0	0	0	0	0	0	0	0	0
LDL	META	12	62	629	5	52.3921658992767	0	0	2	31	0	0	2	31	0	0	1	13	0	0	1	18
LDL	META	12	63	1132	5	303.509539604187	1	2	1	1	1	1	1	1	0	1	0	0	0	0	0	0
LDL	META	12	64	628	5	229.022579193115	0	2	2	5	0	1	1	3	0	1	2	5	0	0	0	0
LDL	META	12	66	1254	5	12.5567948818207	0	1	2	10	0	1	2	10	0	1	1	2	0	1	2	10
LDL	META	12	67	543	5	135.026897907257	0	0	1	7	0	0	1	7	0	0	0	0	0	0	0	0
LDL	META	12	69	1045	5	23.3912799358368	0	0	0	0	0	0	0	0	0	0	0	0	0	0	0	0
LDL	META	12	71	1206	5	128.879616260529	0	1	2	36	0	1	2	36	0	0	1	9	0	0	0	0
LDL	META	12	72	3833	5	470.278514385223	0	0	0	0	0	0	0	0	0	0	0	0	0	0	0	0
LDL	META	12	82	1199	5	92.3693714141846	0	0	1	21	0	0	1	21	0	0	1	21	0	0	0	0
LDL	META	12	97	1540	5	237.798626661301	0	0	1	5	0	0	1	5	0	0	0	0	0	0	0	0
LDL	META	12	98	711	5	262.767543077469	0	0	1	11	0	0	1	11	0	0	0	0	0	0	1	11
LDL	META	12	110	1408	5	156.74493265152	1	2	1	1	1	1	1	1	0	1	0	0	1	2	1	1
LDL	META	12	112	161	5	142.670359134674	0	0	0	0	0	0	0	0	0	0	0	0	0	0	0	0
LDL	META	12	113	1226	5	29.7464916706085	0	0	1	9	0	0	1	9	0	0	1	9	0	0	1	9
LDL	META	12	114	1125	5	183.750266551971	0	0	1	13	0	0	1	13	0	0	0	0	0	0	0	0
LDL	META	12	115	910	5	5.36857151985168	0	1	0	0	0	1	0	0	0	0	0	0	0	1	0	0
LDL	META	12	117	1372	5	19.7584238052368	0	1	0	0	0	1	0	0	0	0	0	0	0	0	0	0
LDL	META	12	120	493	5	145.319827079773	0	0	1	21	0	0	1	21	0	0	0	0	0	0	1	21
LDL	META	12	121	953	5	5.70329022407532	0	0	2	13	0	0	2	13	0	0	1	6	0	0	0	0
LDL	META	12	122	1346	10	86.8139324188232	2	2	5	68	2	2	4	28	0	1	1	1	0	0	1	40
LDL	META	12	127	551	5	4.16896533966064	0	1	0	0	0	1	0	0	0	0	0	0	0	0	0	0
LDL	META	12	128	230	5	1.89332842826843	1	1	1	1	1	1	1	1	0	0	0	0	0	0	0	0
LDL	META	12	138	1776	5	354.892174720764	1	1	1	1	1	1	1	1	1	1	1	1	1	1	1	1
LDL	META	12	139	2047	5	250.387544155121	0	1	4	69	0	1	4	69	0	0	1	6	0	0	3	42
LDL	META	12	140	475	5	36.8787307739258	1	1	1	1	1	1	1	1	1	1	1	1	0	0	0	0
LDL	META	12	141	717	5	103.114132165909	0	0	0	0	0	0	0	0	0	0	0	0	0	0	0	0
LDL	META	12	164	250	5	4.93610501289368	0	0	1	3	0	0	1	3	0	0	0	0	0	0	0	0
LDL	META	13	11	694	5	45.0426504611969	0	1	0	0	0	1	0	0	0	0	0	0	0	0	0	0
LDL	META	13	18	436	5	55.1196582317352	0	0	1	13	0	0	1	13	0	0	0	0	0	0	1	13
LDL	META	13	21	1252	5	105.973941326141	0	1	1	5	0	1	1	5	0	0	0	0	0	0	1	5
LDL	META	13	24	916	5	136.515084505081	0	0	1	8	0	0	1	8	0	0	0	0	0	0	0	0
LDL	META	13	25	440	5	3.00074863433838	2	4	4	6	2	4	4	6	1	2	2	2	1	2	2	3
LDL	META	13	40	777	5	191.068302869797	0	0	1	17	0	0	1	17	0	0	0	0	0	0	0	0
LDL	META	13	44	742	5	99.3115808963776	0	0	0	0	0	0	0	0	0	0	0	0	0	0	0	0
LDL	META	13	50	2064	5	91.2318506240845	0	1	1	6	0	0	1	6	0	0	1	6	0	1	0	0
LDL	META	13	52	1153	5	78.1709423065186	0	0	1	15	0	0	1	15	0	0	0	0	0	0	1	15
LDL	META	13	66	480	5	201.431287765503	1	1	1	1	1	1	1	1	0	1	1	1	0	1	1	1
LDL	META	13	69	2144	5	942.757036447525	0	0	1	4	0	0	1	4	0	0	0	0	0	0	0	0
LDL	META	13	84	617	5	51.4487669467926	0	0	2	17	0	0	2	17	0	0	0	0	0	0	0	0
LDL	META	13	96	549	5	128.207932472229	0	0	0	0	0	0	0	0	0	0	0	0	0	0	0	0
LDL	META	13	102	514	5	94.9852721691132	0	1	0	0	0	0	0	0	0	0	0	0	0	1	0	0
LDL	META	13	115	567	5	5.24603199958801	1	1	1	1	1	1	1	1	0	1	1	1	0	1	1	1
LDL	META	13	116	417	5	6.21624851226807	0	1	1	2	0	1	1	2	0	1	1	2	0	0	0	0
LDL	META	13	118	941	5	56.8869802951813	0	0	1	5	0	0	1	5	0	0	1	5	0	0	1	5
LDL	META	13	125	715	5	47.011668920517	0	2	4	20	0	2	4	20	0	1	0	0	0	1	2	7
LDL	META	14	4	244	5	9.08643984794617	1	1	1	1	1	1	1	1	0	0	0	0	1	1	1	1
LDL	META	14	14	1836	5	84.074791431427	1	3	2	3	1	3	2	3	0	1	0	0	1	2	1	1
LDL	META	14	23	1453	5	403.205105304718	0	1	1	2	0	1	1	2	0	0	0	0	0	1	1	2
LDL	META	14	31	1374	5	134.564677476883	0	1	1	2	0	1	1	2	0	0	0	0	0	0	0	0
LDL	META	14	35	1795	5	76.3304584026337	0	0	1	30	0	0	1	30	0	0	0	0	0	0	1	30
LDL	META	14	42	879	5	6.52893781661987	0	0	0	0	0	0	0	0	0	0	0	0	0	0	0	0
LDL	META	14	43	104	5	12.9338104724884	0	0	1	15	0	0	1	15	0	0	0	0	0	0	0	0
LDL	META	14	46	806	5	148.848656177521	0	0	0	0	0	0	0	0	0	0	0	0	0	0	0	0
LDL	META	14	63	1946	5	1079.25514125824	0	0	1	3	0	0	1	3	0	0	1	3	0	0	0	0
LDL	META	14	68	858	5	10.0096473693848	0	0	2	19	0	0	2	19	0	0	1	11	0	0	0	0
LDL	META	14	72	1962	5	315.952538967133	0	1	1	2	0	1	1	2	0	0	0	0	0	1	1	2
LDL	META	14	73	827	5	26.5208029747009	0	0	1	8	0	0	1	8	0	0	0	0	0	0	1	8
LDL	META	14	96	140	5	27.9231669902802	0	0	1	3	0	0	1	3	0	0	0	0	0	0	0	0
LDL	META	14	105	460	5	14.0503966808319	0	0	1	5	0	0	1	5	0	0	0	0	0	0	0	0
LDL	META	14	106	650	5	21.7509474754333	0	0	0	0	0	0	0	0	0	0	0	0	0	0	0	0
LDL	META	14	121	1094	5	572.673053503036	0	0	1	7	0	0	1	7	0	0	0	0	0	0	0	0
LDL	META	14	126	1034	5	421.791839599609	0	0	2	26	0	0	2	26	0	0	1	12	0	0	2	26
LDL	META	14	127	1050	5	12.1079912185669	0	0	1	17	0	0	1	17	0	0	0	0	0	0	1	17
LDL	META	15	3	36	5	1.10391974449158	0	0	0	0	0	0	0	0	0	0	0	0	0	0	0	0
LDL	META	15	37	1365	5	19.5691475868225	0	0	0	0	0	0	0	0	0	0	0	0	0	0	0	0
LDL	META	15	39	1107	5	78.9607791900635	0	0	0	0	0	0	0	0	0	0	0	0	0	0	0	0
LDL	META	15	44	639	5	2.56089997291565	0	1	1	7	0	1	1	7	0	1	0	0	0	0	1	7
LDL	META	15	45	2723	5	373.307904958725	0	0	0	0	0	0	0	0	0	0	0	0	0	0	0	0
LDL	META	15	46	1001	5	35.2836771011353	1	1	1	1	1	1	1	1	0	1	1	1	1	1	1	1
LDL	META	15	47	1281	5	530.51016330719	0	0	1	4	0	0	1	4	0	0	0	0	0	0	0	0
LDL	META	15	50	1193	5	124.904973983765	0	1	1	2	0	1	1	2	0	0	0	0	0	0	0	0
LDL	META	15	52	1070	5	85.0132236480713	1	1	1	1	1	1	1	1	1	1	1	1	1	1	1	1
LDL	META	15	53	189	5	25.6357204914093	1	1	1	1	1	1	1	1	0	1	1	1	0	1	1	1
LDL	META	15	54	1022	5	86.5064914226532	0	0	0	0	0	0	0	0	0	0	0	0	0	0	0	0
LDL	META	15	56	946	5	7.97269082069397	0	0	1	6	0	0	1	6	0	0	0	0	0	0	0	0
LDL	META	15	59	2111	5	82.4543557167053	0	0	0	0	0	0	0	0	0	0	0	0	0	0	0	0
LDL	META	15	62	1859	5	547.536487340927	1	1	1	1	1	1	1	1	0	0	0	0	0	0	0	0
LDL	META	15	63	576	5	3.13189053535461	0	0	1	33	0	0	1	33	0	0	0	0	0	0	0	0
LDL	META	15	64	862	5	4.7510712146759	0	1	0	0	0	1	0	0	0	0	0	0	0	0	0	0
LDL	META	15	66	1382	5	21.9645485877991	0	0	0	0	0	0	0	0	0	0	0	0	0	0	0	0
LDL	META	15	80	467	5	3.92303323745728	0	0	2	46	0	0	2	46	0	0	0	0	0	0	0	0
LDL	META	15	83	513	5	260.830824613571	0	0	1	13	0	0	1	13	0	0	0	0	0	0	0	0
LDL	META	15	85	1161	5	47.019106388092	0	0	0	0	0	0	0	0	0	0	0	0	0	0	0	0
LDL	META	15	117	524	5	43.0597772598267	0	0	1	12	0	0	1	12	0	0	0	0	0	0	0	0
LDL	META	15	118	329	5	9.43302059173584	0	1	1	3	0	1	1	3	0	0	0	0	0	0	0	0
LDL	META	16	1	513	5	7.85285520553589	0	0	0	0	0	0	0	0	0	0	0	0	0	0	0	0
LDL	META	16	4	756	5	107.059248924255	0	0	0	0	0	0	0	0	0	0	0	0	0	0	0	0
LDL	META	16	5	181	5	12.7344372272491	0	0	0	0	0	0	0	0	0	0	0	0	0	0	0	0
LDL	META	16	9	893	5	11.4165625572205	0	1	1	17	0	1	1	17	0	0	0	0	0	0	0	0
LDL	META	16	31	1283	5	195.644497156143	0	0	1	6	0	0	1	6	0	0	1	6	0	0	1	6
LDL	META	16	32	124	5	0.575256109237671	2	2	2	2	2	2	2	2	0	0	0	0	1	1	1	1
LDL	META	16	37	1040	5	429.363214015961	0	1	1	8	0	1	1	8	0	1	1	8	0	0	0	0
LDL	META	16	38	2324	5	198.538028001785	0	0	0	0	0	0	0	0	0	0	0	0	0	0	0	0
LDL	META	16	43	804	5	6.30283522605896	0	0	1	5	0	0	1	5	0	0	1	5	0	0	0	0
LDL	META	16	59	339	5	87.3306093215942	0	0	2	74	0	0	2	74	0	0	0	0	0	0	0	0
LDL	META	16	60	639	5	162.103518009186	0	1	0	0	0	1	0	0	0	0	0	0	0	0	0	0
LDL	META	16	74	226	5	147.026265144348	0	2	1	11	0	2	1	11	0	1	0	0	0	1	0	0
LDL	META	16	75	1343	5	185.660558700562	1	2	2	3	1	2	2	3	1	1	1	1	0	1	1	2
LDL	META	16	76	836	5	233.572402477264	1	1	1	1	1	1	1	1	0	0	0	0	0	0	0	0
LDL	META	16	80	932	5	295.646498441696	0	0	0	0	0	0	0	0	0	0	0	0	0	0	0	0
LDL	META	16	85	2009	5	75.3845438957214	0	1	2	10	0	1	2	10	0	1	1	2	0	0	0	0
LDL	META	16	88	1565	5	33.2931842803955	1	2	1	1	1	2	1	1	1	2	1	1	1	1	1	1
LDL	META	16	89	2381	10	1007.65369963646	4	8	9	17	3	6	7	14	3	7	7	10	3	6	7	14
LDL	META	16	90	698	5	54.8334519863129	0	0	0	0	0	0	0	0	0	0	0	0	0	0	0	0
LDL	META	16	94	3056	5	324.325330018997	0	0	0	0	0	0	0	0	0	0	0	0	0	0	0	0
LDL	META	16	96	2809	5	192.30943775177	0	0	0	0	0	0	0	0	0	0	0	0	0	0	0	0
LDL	META	16	99	950	5	83.2474801540375	1	1	1	1	1	1	1	1	0	0	0	0	0	1	1	1
LDL	META	16	100	126	5	7.34691905975342	0	2	2	8	0	2	2	8	0	2	1	3	0	1	0	0
LDL	META	16	101	177	5	0.643309593200684	0	1	1	4	0	1	1	4	0	1	0	0	0	1	1	4
LDL	META	16	103	3554	5	355.019607305527	0	0	0	0	0	0	0	0	0	0	0	0	0	0	0	0
LDL	META	16	104	1026	5	98.0651218891144	0	0	0	0	0	0	0	0	0	0	0	0	0	0	0	0
LDL	META	16	110	850	5	24.3479022979736	1	1	1	1	1	1	1	1	0	1	1	1	1	1	1	1
LDL	META	16	119	1136	5	274.539469003677	0	0	0	0	0	0	0	0	0	0	0	0	0	0	0	0
LDL	META	16	120	110	5	0.346820831298828	0	1	0	0	0	0	0	0	0	1	0	0	0	0	0	0
LDL	META	16	125	369	5	33.8680305480957	0	0	0	0	0	0	0	0	0	0	0	0	0	0	0	0
LDL	META	16	126	62	5	7.33762669563293	0	0	0	0	0	0	0	0	0	0	0	0	0	0	0	0
LDL	META	16	127	97	5	41.5558180809021	0	0	0	0	0	0	0	0	0	0	0	0	0	0	0	0
LDL	META	16	128	1633	5	214.809692144394	0	0	0	0	0	0	0	0	0	0	0	0	0	0	0	0
LDL	META	17	9	1032	5	43.9345321655273	0	0	3	53	0	0	3	53	0	0	1	9	0	0	2	44
LDL	META	17	14	481	5	97.9139602184296	0	0	1	22	0	0	1	22	0	0	0	0	0	0	1	22
LDL	META	17	16	75	5	57.1299347877502	0	0	0	0	0	0	0	0	0	0	0	0	0	0	0	0
LDL	META	17	17	1350	5	16.2626416683197	1	1	3	22	1	1	3	22	0	0	0	0	0	0	0	0
LDL	META	17	22	119	5	61.9734599590302	0	0	0	0	0	0	0	0	0	0	0	0	0	0	0	0
LDL	META	17	23	287	5	4.00208377838135	1	2	2	3	1	2	2	3	0	0	0	0	0	1	1	2
LDL	META	17	24	664	5	78.1886823177338	2	3	3	6	2	3	3	6	1	1	1	1	0	1	2	5
LDL	META	17	25	772	5	3.57426738739014	0	0	1	3	0	0	1	3	0	0	0	0	0	0	1	3
LDL	META	17	28	121	5	1.07967877388	0	0	1	12	0	0	1	12	0	0	0	0	0	0	1	12
LDL	META	17	30	153	5	11.038238286972	0	0	1	8	0	0	1	8	0	0	0	0	0	0	1	8
LDL	META	17	51	1250	5	256.002586841583	0	2	3	39	0	2	3	39	0	0	1	3	0	0	0	0
LDL	META	17	54	929	5	132.154818296432	0	1	1	6	0	1	1	6	0	0	0	0	0	0	0	0
LDL	META	17	55	1371	5	251.92252779007	1	2	3	43	1	2	3	43	1	1	2	17	1	2	3	43
LDL	META	17	65	1459	5	64.1791517734528	0	0	0	0	0	0	0	0	0	0	0	0	0	0	0	0
LDL	META	17	70	527	5	29.5843560695648	0	0	0	0	0	0	0	0	0	0	0	0	0	0	0	0
LDL	META	17	71	588	5	6.10695147514343	0	0	0	0	0	0	0	0	0	0	0	0	0	0	0	0
LDL	META	17	73	1141	5	12.2985033988953	0	1	1	4	0	1	1	4	0	0	0	0	0	0	0	0
LDL	META	17	74	1583	5	176.769316911697	1	2	2	11	1	2	2	11	0	1	0	0	0	1	2	11
LDL	META	17	75	1496	10	56.8549160957336	0	3	5	41	0	3	5	41	0	2	1	3	0	2	3	22
LDL	META	17	80	916	5	7.03144884109497	0	0	1	17	0	0	1	17	0	0	0	0	0	0	0	0
LDL	META	17	84	394	5	1.46796894073486	0	0	0	0	0	0	0	0	0	0	0	0	0	0	0	0
LDL	META	17	87	537	5	3.00329637527466	0	0	0	0	0	0	0	0	0	0	0	0	0	0	0	0
LDL	META	17	90	1210	5	140.312704086304	0	1	1	10	0	1	1	10	0	0	0	0	0	0	1	10
LDL	META	17	94	671	5	11.7817928791046	0	0	1	32	0	0	1	32	0	0	0	0	0	0	0	0
LDL	META	17	97	1517	5	295.643905878067	1	1	2	7	1	1	2	7	0	0	0	0	0	0	0	0
LDL	META	17	98	515	5	11.3936097621918	0	0	2	19	0	0	2	19	0	0	0	0	0	0	0	0
LDL	META	17	100	657	5	8.22924828529358	0	1	1	7	0	1	1	7	0	0	0	0	0	0	1	7
LDL	META	17	101	762	5	68.7601947784424	2	2	3	8	2	2	3	8	1	2	3	8	0	0	0	0
LDL	META	17	102	374	10	1407.94320845604	5	8	9	22	5	8	9	22	0	2	3	6	0	3	3	5
LDL	META	17	103	476	5	30.525767326355	0	1	2	26	0	1	2	26	0	0	0	0	0	0	0	0
LDL	META	17	104	95	5	6.74017739295959	0	0	1	7	0	0	1	7	0	0	0	0	0	0	0	0
LDL	META	17	105	914	5	6.51495957374573	0	1	0	0	0	1	0	0	0	0	0	0	0	0	0	0
LDL	META	17	117	622	5	167.217036485672	0	0	1	35	0	0	1	35	0	0	0	0	0	0	0	0
LDL	META	17	118	679	5	4.79057741165161	0	2	2	9	0	2	2	9	0	0	1	5	0	0	0	0
LDL	META	17	121	487	5	1.8451566696167	0	0	1	11	0	0	1	11	0	0	0	0	0	0	1	11
LDL	META	17	123	634	5	48.6677412986755	0	0	0	0	0	0	0	0	0	0	0	0	0	0	0	0
LDL	META	17	125	1093	5	230.585018157959	0	1	3	27	0	1	3	27	0	0	1	7	0	0	2	13
LDL	META	17	130	655	5	126.712242841721	0	0	1	13	0	0	1	13	0	0	0	0	0	0	0	0
LDL	META	17	133	350	5	7.68592715263367	0	0	1	39	0	0	1	39	0	0	0	0	0	0	0	0
LDL	META	17	134	760	5	126.749087095261	0	0	1	8	0	0	1	8	0	0	0	0	0	0	0	0
LDL	META	18	31	1349	5	520.15754365921	1	1	1	1	1	1	1	1	0	1	1	1	0	1	1	1
LDL	META	18	41	1729	5	34.5024836063385	0	0	1	16	0	0	1	16	0	0	0	0	0	0	0	0
LDL	META	18	61	1265	5	16.1227841377258	0	0	1	21	0	0	1	21	0	0	0	0	0	0	0	0
LDL	META	18	69	2395	5	133.982881546021	1	3	3	12	1	3	3	12	0	1	1	1	1	1	2	10
LDL	META	18	77	301	5	17.7125415802002	0	0	2	7	0	0	2	7	0	0	1	3	0	0	1	3
LDL	META	18	88	863	5	5.8016471862793	1	1	2	8	1	1	2	8	0	0	0	0	0	0	0	0
LDL	META	18	98	656	5	4.53743839263916	0	0	0	0	0	0	0	0	0	0	0	0	0	0	0	0
LDL	META	18	119	134	5	15.9054999351501	0	0	0	0	0	0	0	0	0	0	0	0	0	0	0	0
LDL	META	18	120	531	5	19.6884195804596	0	0	1	5	0	0	1	5	0	0	0	0	0	0	1	5
LDL	META	19	5	32	5	0.0585496425628662	0	0	1	9	0	0	1	9	0	0	0	0	0	0	0	0
LDL	META	19	6	43	5	0.378838062286377	0	1	2	8	0	1	2	8	0	1	1	2	0	0	1	6
LDL	META	19	12	124	5	15.3502576351166	0	0	1	6	0	0	1	6	0	0	1	6	0	0	1	6
LDL	META	19	15	61	5	31.061990737915	0	0	0	0	0	0	0	0	0	0	0	0	0	0	0	0
LDL	META	19	16	57	5	82.6099886894226	0	1	0	0	0	1	0	0	0	0	0	0	0	0	0	0
LDL	META	19	20	143	5	0.663688898086548	1	1	2	16	1	1	2	16	0	0	0	0	0	1	1	1
LDL	META	19	21	87	5	3.83832907676697	0	0	0	0	0	0	0	0	0	0	0	0	0	0	0	0
LDL	META	19	22	438	5	40.8098819255829	0	1	1	2	0	1	1	2	0	0	0	0	0	0	0	0
LDL	META	19	25	398	5	260.521134138107	1	2	1	1	1	2	1	1	1	1	1	1	0	0	0	0
LDL	META	19	32	346	5	35.8277533054352	2	2	4	8	2	2	4	8	0	0	1	3	0	1	1	1
LDL	META	19	33	162	5	27.307003736496	0	1	0	0	0	1	0	0	0	0	0	0	0	0	0	0
LDL	META	19	35	607	5	281.186100006104	0	0	0	0	0	0	0	0	0	0	0	0	0	0	0	0
LDL	META	19	36	96	5	121.265913009644	1	1	1	1	1	1	1	1	0	0	0	0	0	0	0	0
LDL	META	19	37	685	20	82.1967968940735	12	20	20	31	12	20	20	31	7	11	11	16	3	7	7	10
LDL	META	19	38	184	10	341.962347745895	4	9	9	18	4	9	9	18	2	6	4	6	1	4	5	10
LDL	META	19	39	879	5	11.2105121612549	1	2	2	4	1	2	2	4	0	1	0	0	0	0	0	0
LDL	META	19	40	353	5	37.1515612602234	0	0	0	0	0	0	0	0	0	0	0	0	0	0	0	0
LDL	META	19	42	97	5	0.452295303344727	0	0	0	0	0	0	0	0	0	0	0	0	0	0	0	0
LDL	META	19	46	862	5	20.4876656532288	0	1	2	6	0	1	2	6	0	0	0	0	0	1	1	3
LDL	META	19	49	560	5	19.8352606296539	0	2	3	20	0	2	3	20	0	0	0	0	0	0	2	11
LDL	META	19	51	369	5	45.1056780815125	0	1	1	5	0	1	1	5	0	0	0	0	0	0	0	0
LDL	META	19	52	356	5	157.249558448792	0	0	1	19	0	0	1	19	0	0	0	0	0	0	0	0
LDL	META	19	53	1051	5	113.018319606781	2	3	3	9	2	3	3	9	0	1	0	0	0	1	1	1
LDL	META	19	54	1973	5	102.855340242386	0	0	1	5	0	0	1	5	0	0	0	0	0	0	0	0
LDL	META	19	62	1386	5	119.134260654449	0	0	0	0	0	0	0	0	0	0	0	0	0	0	0	0
LDL	META	19	63	488	5	6.8208327293396	1	2	2	6	1	2	2	6	0	1	1	1	0	0	0	0
LDL	META	19	65	468	5	3.43537521362305	0	1	4	21	0	1	4	21	0	1	2	8	0	1	3	13
LDL	META	19	67	2232	5	287.614525794983	0	0	1	6	0	0	1	6	0	0	0	0	0	0	0	0
LDL	META	19	68	515	5	4.58843231201172	0	0	1	14	0	0	1	14	0	0	0	0	0	0	1	14
LDL	META	19	70	475	5	4.68150424957275	0	0	1	17	0	0	1	17	0	0	0	0	0	0	0	0
LDL	META	19	71	95	5	0.785157203674316	0	0	0	0	0	0	0	0	0	0	0	0	0	0	0	0
LDL	META	19	72	611	5	3.60227060317993	0	0	1	33	0	0	1	33	0	0	0	0	0	0	0	0
LDL	META	19	73	157	5	46.8426077365875	0	0	1	16	0	0	1	16	0	0	0	0	0	0	0	0
LDL	META	19	74	1221	10	26.8314843177795	6	8	8	17	6	8	8	17	2	2	3	5	2	4	4	11
LDL	META	19	75	93	10	9.37187170982361	8	9	9	10	8	9	9	10	6	8	8	9	6	7	6	7
LDL	META	19	76	645	15	313.13035607338	8	12	13	21	8	11	12	19	3	8	6	9	1	3	3	7
LDL	META	19	77	1202	5	13.3183040618896	2	2	3	8	2	2	3	8	0	1	1	1	0	1	1	1
LDL	META	19	79	530	5	43.6276459693909	0	0	0	0	0	0	0	0	0	0	0	0	0	0	0	0
LDL	META	19	80	116	5	5.16416788101196	1	1	1	1	1	1	1	1	1	1	1	1	0	0	0	0
LDL	META	19	81	289	5	56.4662568569183	0	2	2	15	0	2	2	15	0	0	0	0	0	1	1	2
LDL	META	19	98	80	5	6.57333111763	0	0	0	0	0	0	0	0	0	0	0	0	0	0	0	0
LDL	META	19	103	238	5	1.40573978424072	1	2	3	34	1	2	2	18	0	0	1	1	0	2	2	17
LDL	META	19	104	369	5	88.468870639801	0	1	0	0	0	1	0	0	0	0	0	0	0	0	0	0
LDL	META	19	107	317	5	3.02652215957642	0	1	1	8	0	1	1	8	0	1	0	0	0	0	1	8
LDL	META	19	110	1086	5	12.0310606956482	0	0	2	34	0	0	2	34	0	0	0	0	0	0	2	34
LDL	META	19	111	568	5	70.9203372001648	0	2	4	14	0	2	4	14	0	0	1	6	0	0	1	3
LDL	META	20	2	314	5	99.9382412433624	0	0	0	0	0	0	0	0	0	0	0	0	0	0	0	0
LDL	META	20	10	578	5	127.482929706573	0	0	0	0	0	0	0	0	0	0	0	0	0	0	0	0
LDL	META	20	11	386	5	20.1642405986786	0	0	0	0	0	0	0	0	0	0	0	0	0	0	0	0
LDL	META	20	12	664	5	141.305800199509	0	0	0	0	0	0	0	0	0	0	0	0	0	0	0	0
LDL	META	20	13	1055	5	189.811611413956	0	1	1	9	0	1	1	9	0	0	0	0	0	0	0	0
LDL	META	20	18	587	5	3.97823476791382	0	2	2	8	0	2	2	8	0	0	1	2	0	0	2	8
LDL	META	20	19	149	5	0.494845390319824	0	0	0	0	0	0	0	0	0	0	0	0	0	0	0	0
LDL	META	20	40	678	5	3.04250359535217	0	0	1	4	0	0	1	4	0	0	1	4	0	0	1	4
LDL	META	20	48	1662	5	111.82726931572	2	4	4	7	2	4	4	7	0	2	2	3	0	2	2	3
LDL	META	20	59	1038	5	8.35886096954346	0	0	1	7	0	0	1	7	0	0	0	0	0	0	0	0
LDL	META	20	60	866	5	13.0369172096252	0	0	0	0	0	0	0	0	0	0	0	0	0	0	0	0
LDL	META	20	63	2123	5	286.954176902771	0	1	1	4	0	1	1	4	0	0	0	0	0	0	0	0
LDL	META	20	64	572	10	38.3716020584106	5	8	8	14	5	7	8	14	1	2	2	3	0	2	2	6
LDL	META	20	65	1160	5	11.6893346309662	0	1	2	18	0	1	2	18	0	1	2	18	0	1	2	18
LDL	META	20	66	1401	5	18.7228493690491	0	0	0	0	0	0	0	0	0	0	0	0	0	0	0	0
LDL	META	20	68	341	5	90.0674126148224	0	0	1	3	0	0	1	3	0	0	1	3	0	0	0	0
LDL	META	20	69	854	5	64.9551947116852	1	1	1	1	1	1	1	1	0	0	0	0	0	1	1	1
LDL	META	20	70	611	5	104.178685665131	0	1	1	3	0	1	1	3	0	0	0	0	0	0	1	3
LDL	META	20	71	975	5	9.79047250747681	0	1	3	48	0	1	3	48	0	0	0	0	0	1	1	4
LDL	META	20	77	951	5	12.1547288894653	0	0	1	8	0	0	1	8	0	0	1	8	0	0	0	0
LDL	META	20	78	1133	5	100.193781375885	0	0	1	19	0	0	1	19	0	0	0	0	0	0	0	0
LDL	META	20	86	631	5	160.477879524231	0	0	1	7	0	0	1	7	0	0	0	0	0	0	0	0
LDL	META	20	87	545	5	28.6000411510468	0	1	1	2	0	1	1	2	0	0	0	0	0	1	1	2
LDL	META	20	89	447	5	5.6331353187561	0	0	0	0	0	0	0	0	0	0	0	0	0	0	0	0
LDL	META	20	110	583	5	64.1010458469391	0	0	1	34	0	0	1	34	0	0	0	0	0	0	0	0
LDL	META	20	111	53	5	60.0929481983185	0	1	0	0	0	0	0	0	0	0	0	0	0	1	0	0
LDL	META	20	112	171	5	0.889492034912109	0	0	1	9	0	0	1	9	0	0	0	0	0	0	0	0
LDL	META	20	113	184	5	9.29433584213257	0	1	1	2	0	1	1	2	0	0	0	0	0	0	0	0
LDL	META	20	115	269	5	1.84655833244324	1	1	3	28	1	1	3	28	0	0	0	0	0	0	1	6
LDL	META	21	3	403	5	25.3166501522064	0	1	1	2	0	1	1	2	0	0	0	0	0	0	0	0
LDL	META	21	30	1812	5	34.5201058387756	0	0	0	0	0	0	0	0	0	0	0	0	0	0	0	0
LDL	META	21	33	980	5	16.842661857605	0	2	2	12	0	2	2	12	0	0	0	0	0	0	0	0
LDL	META	21	37	1018	5	25.6208736896515	0	0	1	28	0	0	1	28	0	0	0	0	0	0	0	0
LDL	META	21	41	1693	5	250.547711610794	0	0	1	5	0	0	1	5	0	0	0	0	0	0	0	0
LDL	META	21	48	1714	5	170.169490814209	0	0	1	13	0	0	1	13	0	0	1	13	0	0	1	13
LDL	META	21	53	674	5	111.873188257217	0	0	1	12	0	0	1	12	0	0	0	0	0	0	1	12
LDL	META	21	62	269	5	2.28796124458313	0	0	0	0	0	0	0	0	0	0	0	0	0	0	0	0
LDL	META	21	64	839	5	59.4122769832611	0	0	1	38	0	0	1	38	0	0	0	0	0	0	0	0
LDL	META	21	65	290	5	2.14142251014709	0	0	0	0	0	0	0	0	0	0	0	0	0	0	0	0
LDL	META	22	5	445	5	4.08587527275085	0	1	1	9	0	1	1	9	0	0	0	0	0	0	0	0
LDL	META	22	9	598	5	3.5171842575073198	0	1	1	3	0	1	1	3	0	1	1	3	0	0	0	0
LDL	META	22	13	408	5	2.55469751358032	0	0	1	20	0	0	1	20	0	0	0	0	0	0	0	0
LDL	META	22	29	1036	5	19.7648057937622	0	0	0	0	0	0	0	0	0	0	0	0	0	0	0	0
LDL	META	22	30	3154	5	267.497339248657	0	1	2	36	0	1	2	36	0	0	0	0	0	1	1	20
LDL	META	22	36	511	5	1.84914326667786	0	0	1	17	0	0	1	17	0	0	1	17	0	0	1	17
LDL	META	22	37	725	5	53.9743933677673	0	0	1	9	0	0	1	9	0	0	0	0	0	0	0	0
LDL	META	22	40	328	5	1.78104090690613	0	1	1	4	0	1	1	4	0	0	0	0	0	0	0	0
LDL	META	22	43	541	5	4.67602729797363	0	0	1	23	0	0	1	23	0	0	0	0	0	0	0	0
LDL	META	22	46	1542	5	35.6346714496613	0	2	2	5	0	1	1	2	0	1	1	3	0	1	2	5
LDL	META	22	49	202	5	0.754130601882935	0	1	1	2	0	1	1	2	0	1	1	2	0	0	0	0
LDL	META	22	54	598	5	13.172308921814	0	1	1	6	0	1	1	6	0	0	0	0	0	0	1	6
LDL	META	22	55	449	5	11.8688423633575	0	0	0	0	0	0	0	0	0	0	0	0	0	0	0	0
LDL	META	22	56	91	5	0.342925310134888	0	0	0	0	0	0	0	0	0	0	0	0	0	0	0	0
LDL	META	22	57	29	5	0.562511920928955	0	2	1	2	0	2	1	2	0	0	0	0	0	1	1	2
LDL	META	22	70	591	5	3.5113799571991	0	1	1	16	0	1	1	16	0	0	0	0	0	1	0	0
