pheno	db	pid	chromosome	block	num_variants	L	time	num_variants_0.95	num_variants_0.5	num_CS95	num_variants_CS95
TC	UKBB	EUR	1	1	487	5	0.704831123352051	0	0	0	0
TC	UKBB	EUR	1	2	817	5	0.978955507278442	0	0	0	0
TC	UKBB	EUR	1	4	1278	5	1.94775485992432	0	0	0	0
TC	UKBB	EUR	1	17	3414	5	10.6022651195526	0	0	0	0
TC	UKBB	EUR	1	19	2752	5	5.88197135925293	0	0	1	5
TC	UKBB	EUR	1	35	3204	5	13.0014901161194	0	1	1	14
TC	UKBB	EUR	1	40	1313	5	2.31165742874146	0	1	0	0
TC	UKBB	EUR	1	48	1269	5	2.45568656921387	1	2	3	17
TC	UKBB	EUR	1	49	1109	5	2.70669603347778	0	0	0	0
TC	UKBB	EUR	1	51	1273	5	2.02296042442322	0	0	1	21
TC	UKBB	EUR	1	52	3254	5	1515.48385620117	0	0	0	0
TC	UKBB	EUR	1	53	3076	5	16.6434247493744	0	0	0	0
TC	UKBB	EUR	1	58	3265	5	1005.97754740715	0	0	0	0
TC	UKBB	EUR	1	67	2527	5	5.84996271133423	0	0	0	0
TC	UKBB	EUR	1	70	2602	5	1608.57800531387	0	1	0	0
TC	UKBB	EUR	1	73	3361	5	14.5857923030853	0	0	0	0
TC	UKBB	EUR	1	74	3114	5	15.8492541313171	0	0	0	0
TC	UKBB	EUR	1	75	4126	5	1779.38786101341	0	0	2	64
TC	UKBB	EUR	1	76	1936	5	2.91190648078918	0	1	1	10
TC	UKBB	EUR	1	80	1234	5	2.8755145072937	0	0	0	0
TC	UKBB	EUR	1	81	920	5	1.35181045532227	0	0	0	0
TC	UKBB	EUR	1	82	2023	5	201.306091785431	0	0	0	0
TC	UKBB	EUR	1	83	2438	5	461.12503862381	3	3	4	11
TC	UKBB	EUR	1	84	3672	10	3239.12047362328	1	1	1	1
TC	UKBB	EUR	1	85	1292	5	3.23343992233276	1	1	1	1
TC	UKBB	EUR	1	89	2038	5	2.79667544364929	0	0	0	0
TC	UKBB	EUR	1	92	2655	5	12.3933529853821	0	0	0	0
TC	UKBB	EUR	1	94	684	5	1.38793468475342	0	0	0	0
TC	UKBB	EUR	1	95	459	5	0.887085914611816	0	1	0	0
TC	UKBB	EUR	1	96	2312	5	6.9217541217804	1	1	2	7
TC	UKBB	EUR	1	97	2843	5	9.22349190711975	0	0	1	32
TC	UKBB	EUR	1	100	2251	5	18.1571333408356	0	0	1	7
TC	UKBB	EUR	1	109	3087	5	7.67042946815491	0	0	0	0
TC	UKBB	EUR	1	124	3866	5	48.8982970714569	0	0	1	7
TC	UKBB	EUR	1	125	4583	5	1431.30649065971	0	0	2	87
TC	UKBB	EUR	1	127	2212	5	14.3835141658783	0	0	0	0
TC	UKBB	EUR	1	136	2633	5	26.078647851944	0	0	0	0
TC	UKBB	EUR	1	138	3564	5	37.097198009491	0	1	1	2
TC	UKBB	EUR	1	139	911	5	1.17462229728699	0	1	0	0
TC	UKBB	EUR	1	140	1281	5	1.29147386550903	0	0	0	0
TC	UKBB	EUR	1	141	1533	5	8.88960099220276	0	0	0	0
TC	UKBB	EUR	1	144	1795	5	7.96134424209595	0	0	0	0
TC	UKBB	EUR	1	145	1771	5	13.9286444187164	0	0	0	0
TC	UKBB	EUR	1	150	2708	5	7.44928240776062	0	1	0	0
TC	UKBB	EUR	1	151	3424	5	34.4130501747131	0	0	0	0
TC	UKBB	EUR	1	153	2557	5	6.34571075439453	0	0	0	0
TC	UKBB	EUR	1	154	4061	5	38.5549960136414	0	0	0	0
TC	UKBB	EUR	1	156	2524	5	17.7974009513855	0	1	0	0
TC	UKBB	EUR	1	158	2671	5	18.7511055469513	0	0	0	0
TC	UKBB	EUR	1	162	2204	5	17.8356218338013	0	0	0	0
TC	UKBB	EUR	1	168	3038	5	25.1695544719696	0	0	0	0
TC	UKBB	EUR	1	169	4240	5	59.1215772628784	0	0	0	0
TC	UKBB	EUR	1	175	4071	5	76.4662432670593	0	0	0	0
TC	UKBB	EUR	1	182	3641	5	22.1391463279724	0	0	0	0
TC	UKBB	EUR	1	183	3828	5	45.6648643016815	0	0	0	0
TC	UKBB	EUR	1	185	1213	5	6.51372981071472	0	0	0	0
TC	UKBB	EUR	1	187	2613	5	28.539003610611	0	0	0	0
TC	UKBB	EUR	1	188	2952	5	27.1543123722076	0	0	0	0
TC	UKBB	EUR	1	192	2847	5	21.4295666217804	0	0	1	36
TC	UKBB	EUR	1	201	2970	5	31.3628916740417	0	0	0	0
TC	UKBB	EUR	1	202	2943	5	18.849794626236	0	1	2	8
TC	UKBB	EUR	1	205	1086	5	7.89568090438843	0	0	0	0
TC	UKBB	EUR	1	209	808	5	7.77771067619324	0	0	0	0
TC	UKBB	EUR	1	213	1586	5	3.76505184173584	0	0	0	0
TC	UKBB	EUR	1	221	2542	5	25.47127866745	0	0	0	0
TC	UKBB	EUR	1	223	3229	5	54.316978931427	0	0	0	0
TC	UKBB	EUR	1	224	1809	5	12.9291887283325	0	0	0	0
TC	UKBB	EUR	1	226	1309	5	3.5972101688385	0	0	0	0
TC	UKBB	EUR	1	229	2698	5	16.5000655651093	1	1	1	1
TC	UKBB	EUR	1	233	3515	5	30.8874032497406	0	0	0	0
TC	UKBB	EUR	1	234	4055	5	1358.3200340271	2	2	3	6
TC	UKBB	EUR	1	235	2651	5	25.0306470394135	0	0	0	0
TC	UKBB	EUR	1	238	5158	5	68.231573343277	0	0	2	30
TC	UKBB	EUR	1	239	1426	5	4.82869100570679	0	0	0	0
TC	UKBB	EUR	1	240	5361	5	134.835986375809	0	0	0	0
TC	UKBB	EUR	1	252	1301	5	346.469755887985	0	2	4	32
TC	UKBB	EUR	1	253	596	5	7.83267569541931	1	3	2	3
TC	UKBB	EUR	1	254	2267	5	19.6305677890778	0	0	1	6
TC	UKBB	EUR	1	255	1274	5	4.43197202682495	0	0	1	8
TC	UKBB	EUR	1	257	1482	5	11.0123677253723	0	0	0	0
TC	UKBB	EUR	1	280	5237	5	90.5709342956543	0	0	0	0
TC	UKBB	EUR	1	281	3201	5	29.5540533065796	0	0	0	0
TC	UKBB	EUR	2	6	1496	5	4.09183073043823	0	0	1	6
TC	UKBB	EUR	2	21	968	5	3.59015870094299	0	0	1	14
TC	UKBB	EUR	2	31	865	5	3.78683853149414	0	0	0	0
TC	UKBB	EUR	2	32	1090	5	8.11772203445435	0	0	0	0
TC	UKBB	EUR	2	37	1332	5	4.62358427047729	0	0	0	0
TC	UKBB	EUR	2	38	2833	5	23.4279243946075	0	0	0	0
TC	UKBB	EUR	2	39	1234	5	2.44390511512756	0	0	0	0
TC	UKBB	EUR	2	40	3939	5	76.9175133705139	0	0	0	0
TC	UKBB	EUR	2	41	1769	5	27.870377779007	0	1	2	10
TC	UKBB	EUR	2	42	198	5	142.057794332504	0	1	1	1
TC	UKBB	EUR	2	43	405	5	2.67835879325867	3	5	3	3
TC	UKBB	EUR	2	44	1714	5	1573.93899917603	0	1	1	3
TC	UKBB	EUR	2	45	3394	5	1279.66990613937	2	2	4	12
TC	UKBB	EUR	2	46	1614	5	15.7491810321808	0	0	0	0
TC	UKBB	EUR	2	47	4094	5	54.1882863044739	0	1	2	7
TC	UKBB	EUR	2	48	2465	5	21.7530794143677	0	0	0	0
TC	UKBB	EUR	2	49	3520	5	1962.5846991539	1	1	1	1
TC	UKBB	EUR	2	50	2237	5	31.4292016029358	0	0	0	0
TC	UKBB	EUR	2	51	2763	5	17.7023122310638	0	0	0	0
TC	UKBB	EUR	2	53	1815	5	23.5751791000366	0	0	0	0
TC	UKBB	EUR	2	55	6393	5	79.7183220386505	0	0	0	0
TC	UKBB	EUR	2	56	276	5	3.72158193588257	0	0	0	0
TC	UKBB	EUR	2	66	5578	5	137.383373737335	0	0	0	0
TC	UKBB	EUR	2	69	3047	5	29.5965092182159	0	0	0	0
TC	UKBB	EUR	2	71	2396	5	1259.36394166946	0	0	2	8
TC	UKBB	EUR	2	72	4122	5	1259.3645658493	2	4	4	7
TC	UKBB	EUR	2	74	1450	5	5.54579710960388	0	0	0	0
TC	UKBB	EUR	2	75	1982	5	14.0512979030609	0	0	1	4
TC	UKBB	EUR	2	77	1755	5	8.9175808429718	0	0	0	0
TC	UKBB	EUR	2	84	8339	5	349.579503297806	0	0	0	0
TC	UKBB	EUR	2	88	9981	5	1553.87696671486	0	1	2	48
TC	UKBB	EUR	2	89	2308	5	7.09968066215515	0	0	0	0
TC	UKBB	EUR	2	97	3007	5	19.5988476276398	0	0	0	0
TC	UKBB	EUR	2	99	2045	5	9.84150314331055	0	0	0	0
TC	UKBB	EUR	2	100	2610	5	42.2247726917267	0	0	0	0
TC	UKBB	EUR	2	102	1717	5	9.39621734619141	0	0	0	0
TC	UKBB	EUR	2	107	4389	5	35.4299547672272	0	0	0	0
TC	UKBB	EUR	2	115	4158	5	55.2906847000122	0	0	0	0
TC	UKBB	EUR	2	121	4054	5	953.423322916031	0	0	2	55
TC	UKBB	EUR	2	122	1869	5	1318.05419135094	0	1	0	0
TC	UKBB	EUR	2	124	2997	5	25.346174955368	0	0	1	18
TC	UKBB	EUR	2	125	2511	5	29.4499356746674	0	0	0	0
TC	UKBB	EUR	2	127	5795	5	143.866522789001	0	0	0	0
TC	UKBB	EUR	2	128	4842	5	1363.72321653366	1	1	2	7
TC	UKBB	EUR	2	130	671	5	5.25973868370056	0	0	0	0
TC	UKBB	EUR	2	131	135	5	2.9838981628418	0	1	1	2
TC	UKBB	EUR	2	138	4226	5	95.7419562339783	0	0	0	0
TC	UKBB	EUR	2	146	3055	5	883.676773071289	0	0	1	6
TC	UKBB	EUR	2	147	5932	5	99.3996796607971	0	0	0	0
TC	UKBB	EUR	2	152	2501	5	18.5448346138	0	0	0	0
TC	UKBB	EUR	2	153	3956	5	46.0314326286316	0	0	0	0
TC	UKBB	EUR	2	155	2390	5	21.2013447284698	0	0	0	0
TC	UKBB	EUR	2	162	1338	5	7.8597731590271	0	0	0	0
TC	UKBB	EUR	2	163	187	5	233.682470798492	0	1	2	8
TC	UKBB	EUR	2	164	835	5	6.16097068786621	0	0	0	0
TC	UKBB	EUR	2	166	6603	5	191.012254714966	0	0	0	0
TC	UKBB	EUR	2	168	2748	5	29.9102251529694	0	0	0	0
TC	UKBB	EUR	2	171	4183	5	60.7498886585236	0	1	0	0
TC	UKBB	EUR	2	172	892	5	3.77420473098755	0	0	1	9
TC	UKBB	EUR	2	177	3268	5	17.056923866272	0	0	0	0
TC	UKBB	EUR	2	180	2606	5	16.2035512924194	0	0	0	0
TC	UKBB	EUR	2	181	3977	5	46.6038210391998	0	0	0	0
TC	UKBB	EUR	2	192	3577	5	22.4819903373718	0	0	0	0
TC	UKBB	EUR	2	196	4633	5	53.3830859661102	0	0	0	0
TC	UKBB	EUR	2	198	2415	5	13.3379423618317	0	0	0	0
TC	UKBB	EUR	2	199	4145	5	443.434884786606	0	0	2	57
TC	UKBB	EUR	2	205	2022	5	25.0667026042938	0	0	0	0
TC	UKBB	EUR	2	208	5305	5	45.8811473846436	0	0	0	0
TC	UKBB	EUR	2	210	1931	5	14.7275948524475	0	0	0	0
TC	UKBB	EUR	2	211	3401	5	31.170921087265	0	0	0	0
TC	UKBB	EUR	2	212	3267	5	26.5520741939545	0	0	0	0
TC	UKBB	EUR	2	213	6685	5	120.864695549011	0	0	1	9
TC	UKBB	EUR	2	217	1566	5	19.9797112941742	0	0	1	46
TC	UKBB	EUR	2	218	1283	5	6.4534866809845	0	1	0	0
TC	UKBB	EUR	2	228	2127	5	6.89702558517456	0	0	0	0
TC	UKBB	EUR	2	232	1617	5	11.6825778484344	0	1	1	1
TC	UKBB	EUR	2	233	778	5	6.87973523139954	0	0	0	0
TC	UKBB	EUR	2	241	1520	5	18.4103500843048	0	0	0	0
TC	UKBB	EUR	2	242	2308	5	957.52167963981606	0	0	2	48
TC	UKBB	EUR	2	250	5103	5	110.036181926727	0	0	0	0
TC	UKBB	EUR	2	255	2834	5	7.56533122062683	0	0	0	0
TC	UKBB	EUR	3	24	3408	5	1391.88009238243	1	2	3	27
TC	UKBB	EUR	3	41	4380	5	57.5313191413879	0	0	0	0
TC	UKBB	EUR	3	45	1924	5	6.42440676689148	0	0	0	0
TC	UKBB	EUR	3	51	1326	5	12.0757052898407	0	0	1	4
TC	UKBB	EUR	3	56	2528	5	16.5304222106934	0	0	0	0
TC	UKBB	EUR	3	70	3044	5	27.537887096405	0	0	1	24
TC	UKBB	EUR	3	71	3722	5	34.2824165821075	0	0	1	15
TC	UKBB	EUR	3	83	4897	5	76.1820766925812	0	0	0	0
TC	UKBB	EUR	3	88	3043	5	54.5153596401215	0	0	1	5
TC	UKBB	EUR	3	89	3115	5	30.3254709243774	0	0	0	0
TC	UKBB	EUR	3	104	6234	5	93.0806806087494	0	0	0	0
TC	UKBB	EUR	3	107	2655	5	21.6444816589355	0	0	0	0
TC	UKBB	EUR	3	112	3028	5	9.8956036567688	0	0	0	0
TC	UKBB	EUR	3	113	1052	5	7.37645316123962	0	0	0	0
TC	UKBB	EUR	3	120	2895	5	11.3679087162018	1	1	2	14
TC	UKBB	EUR	3	121	3600	5	35.6177537441254	0	0	1	21
TC	UKBB	EUR	3	122	757	5	5.77343583106995	0	0	0	0
TC	UKBB	EUR	3	123	1208	5	13.7875871658325	0	0	0	0
TC	UKBB	EUR	3	127	3398	5	53.3395426273346	0	0	0	0
TC	UKBB	EUR	3	128	1685	5	18.7769992351532	0	0	0	0
TC	UKBB	EUR	3	129	1875	5	13.0415699481964	0	0	0	0
TC	UKBB	EUR	3	131	1068	5	3.99604511260986	0	0	0	0
TC	UKBB	EUR	3	132	4329	5	73.5188565254211	0	0	1	18
TC	UKBB	EUR	3	135	2742	5	1730.66466379166	0	1	1	4
TC	UKBB	EUR	3	136	1722	5	4.01334238052368	0	0	0	0
TC	UKBB	EUR	3	140	3849	5	64.686279296875	0	0	0	0
TC	UKBB	EUR	3	145	3527	5	1850.87456011772	0	0	2	33
TC	UKBB	EUR	3	149	2420	5	18.9128959178925	0	0	0	0
TC	UKBB	EUR	3	150	3476	5	26.4348649978638	0	0	0	0
TC	UKBB	EUR	3	154	949	5	3.55935287475586	0	0	0	0
TC	UKBB	EUR	3	158	3599	5	19.681088924408	0	0	0	0
TC	UKBB	EUR	3	161	4231	5	49.4144780635834	0	0	0	0
TC	UKBB	EUR	3	165	3104	5	10.3279089927673	0	0	1	23
TC	UKBB	EUR	3	170	2190	5	18.6409935951233	0	0	0	0
TC	UKBB	EUR	3	172	2266	5	28.0193476676941	0	0	1	15
TC	UKBB	EUR	3	173	1450	5	7.14676952362061	0	0	0	0
TC	UKBB	EUR	3	175	1112	5	11.2873179912567	0	0	0	0
TC	UKBB	EUR	3	190	1771	5	15.287166595459	0	0	0	0
TC	UKBB	EUR	3	191	2206	5	13.1173450946808	0	0	0	0
TC	UKBB	EUR	3	193	3497	5	57.7622413635254	0	1	0	0
TC	UKBB	EUR	3	195	6820	5	152.514576196671	0	0	0	0
TC	UKBB	EUR	3	214	3956	5	20.2006723880768	0	1	0	0
TC	UKBB	EUR	3	216	2053	5	20.2630248069763	0	0	0	0
TC	UKBB	EUR	4	1	9756	5	2484.36743688583	1	1	1	1
TC	UKBB	EUR	4	15	1547	5	5.22662401199341	0	0	0	0
TC	UKBB	EUR	4	19	1647	5	20.9116797447205	0	0	1	7
TC	UKBB	EUR	4	21	5227	5	86.5958442687988	0	0	0	0
TC	UKBB	EUR	4	28	2872	5	31.4985938072205	0	0	1	30
TC	UKBB	EUR	4	42	534	5	5.94555950164795	0	0	0	0
TC	UKBB	EUR	4	54	7322	5	159.699291229248	0	0	0	0
TC	UKBB	EUR	4	55	2680	5	7.06553030014038	0	0	0	0
TC	UKBB	EUR	4	57	657	5	3.99049782752991	0	0	0	0
TC	UKBB	EUR	4	64	4974	5	51.7236874103546	0	0	0	0
TC	UKBB	EUR	4	65	1940	5	13.2203023433685	0	0	0	0
TC	UKBB	EUR	4	66	2491	5	24.5048933029175	0	0	1	9
TC	UKBB	EUR	4	71	1326	5	9.16946005821228	0	1	0	0
TC	UKBB	EUR	4	79	2478	5	39.1509437561035	0	0	0	0
TC	UKBB	EUR	4	80	3482	5	1329.63461637497	0	1	2	9
TC	UKBB	EUR	4	84	2986	5	49.037061214447	0	0	1	17
TC	UKBB	EUR	4	85	1288	5	10.5136601924896	0	0	0	0
TC	UKBB	EUR	4	86	276	5	3.97963070869446	0	0	0	0
TC	UKBB	EUR	4	87	4621	5	45.4540183544159	0	0	1	15
TC	UKBB	EUR	4	90	3007	5	30.7134366035461	0	0	0	0
TC	UKBB	EUR	4	92	2470	5	34.4620835781097	0	0	1	5
TC	UKBB	EUR	4	101	3740	5	35.6946182250977	0	0	0	0
TC	UKBB	EUR	4	113	4044	5	33.2992753982544	0	0	0	0
TC	UKBB	EUR	4	114	3636	5	35.3248400688171	0	0	0	0
TC	UKBB	EUR	4	115	1566	5	10.1399192810059	1	1	1	1
TC	UKBB	EUR	4	116	2757	5	11.0869529247284	0	1	2	7
TC	UKBB	EUR	4	117	3510	5	9.29363441467285	0	1	0	0
TC	UKBB	EUR	4	121	2502	5	25.8774981498718	0	0	1	55
TC	UKBB	EUR	4	129	3577	5	36.3899230957031	0	0	0	0
TC	UKBB	EUR	4	130	3209	5	24.1437730789185	0	0	0	0
TC	UKBB	EUR	4	134	5436	5	72.3386633396149	0	0	0	0
TC	UKBB	EUR	4	136	4900	5	86.0589060783386	0	0	0	0
TC	UKBB	EUR	4	148	2061	5	9.19491672515869	0	0	0	0
TC	UKBB	EUR	4	150	3004	5	24.5152943134308	0	0	0	0
TC	UKBB	EUR	4	151	1472	5	4.38623738288879	0	1	0	0
TC	UKBB	EUR	4	156	4695	5	37.0656774044037	0	0	0	0
TC	UKBB	EUR	4	159	1321	5	6.68826246261597	0	1	1	2
TC	UKBB	EUR	4	161	1291	5	5.25207328796387	1	1	1	1
TC	UKBB	EUR	4	162	2349	5	7.19258952140808	0	0	1	25
TC	UKBB	EUR	4	203	1767	5	7.00011610984802	0	0	0	0
TC	UKBB	EUR	5	6	1240	5	11.053277015686	0	0	0	0
TC	UKBB	EUR	5	28	1059	5	3.9570529460907	0	0	0	0
TC	UKBB	EUR	5	43	3213	5	44.5003533363342	0	0	0	0
TC	UKBB	EUR	5	56	4099	5	39.5196328163147	0	0	0	0
TC	UKBB	EUR	5	57	3058	5	30.5765335559845	0	0	0	0
TC	UKBB	EUR	5	64	4035	5	24.8918855190277	0	0	0	0
TC	UKBB	EUR	5	68	999	5	2.68788194656372	0	0	0	0
TC	UKBB	EUR	5	69	1396	5	6.04164028167725	0	0	1	13
TC	UKBB	EUR	5	71	4350	5	58.4953193664551	0	0	0	0
TC	UKBB	EUR	5	74	6239	5	81.5551388263702	0	0	0	0
TC	UKBB	EUR	5	81	2482	5	13.9552609920502	0	0	1	36
TC	UKBB	EUR	5	84	501	5	8.30709314346313	0	3	2	4
TC	UKBB	EUR	5	85	3484	5	1636.14086413383	1	1	1	1
TC	UKBB	EUR	5	92	2164	5	14.2823231220245	0	0	0	0
TC	UKBB	EUR	5	109	1789	5	13.368540763855	0	0	0	0
TC	UKBB	EUR	5	130	4251	5	44.9208912849426	0	0	1	14
TC	UKBB	EUR	5	134	2290	5	31.9692850112915	0	0	0	0
TC	UKBB	EUR	5	136	4023	5	54.6875715255737	0	0	0	0
TC	UKBB	EUR	5	146	4217	5	26.4478363990784	0	0	0	0
TC	UKBB	EUR	5	147	1791	5	15.346138715744	0	0	0	0
TC	UKBB	EUR	5	154	2457	5	16.8817336559296	0	0	0	0
TC	UKBB	EUR	5	156	2217	5	17.8294599056244	0	0	1	38
TC	UKBB	EUR	5	158	2029	5	9.08249545097351	0	0	0	0
TC	UKBB	EUR	5	165	1962	5	13.7038719654083	0	0	0	0
TC	UKBB	EUR	5	166	3367	5	923.289739608765	0	0	4	107
TC	UKBB	EUR	5	167	2526	5	20.1841681003571	0	0	0	0
TC	UKBB	EUR	5	168	3148	5	28.8649415969849	0	0	0	0
TC	UKBB	EUR	5	191	4411	5	55.5254819393158	0	0	0	0
TC	UKBB	EUR	5	202	1907	5	22.17520570755	0	0	0	0
TC	UKBB	EUR	5	207	2660	5	16.6822125911713	0	0	0	0
TC	UKBB	EUR	5	210	311	5	4.52265477180481	0	0	0	0
TC	UKBB	EUR	5	211	609	5	6.2094099521637	0	0	0	0
TC	UKBB	EUR	6	1	3328	5	53.8288915157318	0	0	0	0
TC	UKBB	EUR	6	19	2662	5	28.737818479538	0	0	0	0
TC	UKBB	EUR	6	20	1724	5	10.6858298778534	0	0	0	0
TC	UKBB	EUR	6	25	2514	5	7.93148303031921	0	0	0	0
TC	UKBB	EUR	6	27	1597	5	10.9116842746735	0	0	1	8
TC	UKBB	EUR	6	30	352	5	1.89957070350647	0	0	0	0
TC	UKBB	EUR	6	34	3051	5	25.2302575111389	0	0	0	0
TC	UKBB	EUR	6	35	1220	5	802.453037261963	0	1	1	3
TC	UKBB	EUR	6	39	4680	5	55.365138053894	0	0	0	0
TC	UKBB	EUR	6	43	3015	5	17.7021193504333	0	0	0	0
TC	UKBB	EUR	6	44	544	5	7.5639328956604	0	1	0	0
TC	UKBB	EUR	6	47	3880	5	45.329407453537	0	0	0	0
TC	UKBB	EUR	6	51	5822	5	2001.6573073864	0	0	2	33
TC	UKBB	EUR	6	52	1850	5	9.70941090583801	0	0	0	0
TC	UKBB	EUR	6	53	1679	5	15.0563752651215	0	0	1	11
TC	UKBB	EUR	6	56	1820	5	9.92627596855164	0	0	1	16
TC	UKBB	EUR	6	58	3197	5	30.2099173069	0	0	0	0
TC	UKBB	EUR	6	63	2730	5	8.34210586547852	0	0	0	0
TC	UKBB	EUR	6	64	297	5	2.76178383827209	0	0	0	0
TC	UKBB	EUR	6	65	874	5	3.89717245101929	0	0	0	0
TC	UKBB	EUR	6	69	2796	5	17.8511002063751	0	1	0	0
TC	UKBB	EUR	6	72	1192	5	6.11476755142212	0	0	0	0
TC	UKBB	EUR	6	73	463	5	5.16466522216797	0	0	0	0
TC	UKBB	EUR	6	75	440	5	6.62411260604858	0	0	0	0
TC	UKBB	EUR	6	76	5121	5	68.1283051967621	0	0	0	0
TC	UKBB	EUR	6	85	6264	5	147.907468557358	0	0	0	0
TC	UKBB	EUR	6	87	4331	5	57.1427245140076	0	0	0	0
TC	UKBB	EUR	6	88	8604	5	222.523921728134	0	0	0	0
TC	UKBB	EUR	6	94	4323	5	35.9293467998505	0	0	0	0
TC	UKBB	EUR	6	99	3778	5	33.6579823493958	0	0	0	0
TC	UKBB	EUR	6	100	68	5	2.86672902107239	0	0	1	4
TC	UKBB	EUR	6	101	3123	5	30.7549204826355	0	0	1	39
TC	UKBB	EUR	6	105	2927	5	14.6801948547363	0	0	0	0
TC	UKBB	EUR	6	109	2464	5	20.8679838180542	0	0	0	0
TC	UKBB	EUR	6	115	6447	5	131.850708246231	0	0	1	10
TC	UKBB	EUR	6	116	4011	5	26.1640334129333	0	0	0	0
TC	UKBB	EUR	6	117	5509	5	36.9670996665955	0	0	0	0
TC	UKBB	EUR	6	124	4362	5	76.8585512638092	0	0	1	20
TC	UKBB	EUR	6	127	2225	5	16.513879776001	0	1	1	8
TC	UKBB	EUR	6	128	3035	5	37.7527716159821	0	0	0	0
TC	UKBB	EUR	6	130	3746	5	38.7603118419647	0	0	0	0
TC	UKBB	EUR	6	134	2096	5	12.5261528491974	0	0	1	13
TC	UKBB	EUR	6	135	1399	5	7.94289779663086	0	0	0	0
TC	UKBB	EUR	6	137	1270	5	4.44693970680237	0	0	0	0
TC	UKBB	EUR	6	138	2007	5	5.98514676094055	0	0	0	0
TC	UKBB	EUR	6	140	1922	5	5.50728058815002	0	0	0	0
TC	UKBB	EUR	6	146	1500	5	16.4436693191528	0	0	0	0
TC	UKBB	EUR	6	148	1158	5	4.66856551170349	0	0	0	0
TC	UKBB	EUR	6	154	2133	5	14.2687795162201	0	1	1	4
TC	UKBB	EUR	6	158	2436	5	11.6810343265533	0	0	0	0
TC	UKBB	EUR	6	160	3090	5	28.6130514144897	0	0	0	0
TC	UKBB	EUR	6	168	3843	5	69.0523562431335	0	0	0	0
TC	UKBB	EUR	6	169	6162	10	2498.55291509628	0	1	5	50
TC	UKBB	EUR	6	183	1546	5	7.77859282493591	0	0	0	0
TC	UKBB	EUR	7	3	2280	5	530.404111385345	0	0	2	30
TC	UKBB	EUR	7	5	3895	5	57.7348835468292	0	0	0	0
TC	UKBB	EUR	7	6	2125	5	17.8320002555847	0	1	0	0
TC	UKBB	EUR	7	11	2699	5	24.7384161949158	0	1	0	0
TC	UKBB	EUR	7	12	4792	5	61.9839413166046	0	1	1	2
TC	UKBB	EUR	7	28	986	5	8.10756611824036	0	0	0	0
TC	UKBB	EUR	7	33	4062	5	25.2991187572479	0	0	1	68
TC	UKBB	EUR	7	37	3549	5	37.4799513816833	0	0	2	16
TC	UKBB	EUR	7	40	4771	5	68.7024013996124	0	0	0	0
TC	UKBB	EUR	7	41	3103	5	19.3278167247772	0	0	0	0
TC	UKBB	EUR	7	42	3183	5	19.1031954288483	1	1	1	1
TC	UKBB	EUR	7	44	586	5	5.20485424995422	0	0	1	8
TC	UKBB	EUR	7	50	2149	5	5.62586402893066	0	0	0	0
TC	UKBB	EUR	7	51	2166	5	16.5062479972839	0	0	0	0
TC	UKBB	EUR	7	58	3211	5	24.6040832996368	0	1	2	15
TC	UKBB	EUR	7	66	1453	5	5.21140170097351	0	0	0	0
TC	UKBB	EUR	7	67	7870	5	130.988132715225	1	2	2	3
TC	UKBB	EUR	7	73	1099	5	8.02729201316833	0	0	0	0
TC	UKBB	EUR	7	85	3584	5	972.999075651169	0	0	0	0
TC	UKBB	EUR	7	87	391	5	7.84990835189819	0	1	1	5
TC	UKBB	EUR	7	88	4087	5	74.1487591266632	0	0	0	0
TC	UKBB	EUR	7	89	2633	5	22.9522097110748	0	0	0	0
TC	UKBB	EUR	7	95	1994	5	8.12409949302673	0	1	1	3
TC	UKBB	EUR	7	99	4196	5	47.1903393268585	0	0	1	16
TC	UKBB	EUR	7	103	2507	5	23.063038110733	0	0	1	6
TC	UKBB	EUR	7	107	5774	5	92.4356672763824	0	0	0	0
TC	UKBB	EUR	7	109	2335	5	16.82381772995	0	0	0	0
TC	UKBB	EUR	7	111	4111	5	1507.85755562782	0	0	0	0
TC	UKBB	EUR	7	112	1906	5	11.4596779346466	0	0	0	0
TC	UKBB	EUR	7	113	3340	5	28.0547866821289	0	0	0	0
TC	UKBB	EUR	7	119	2209	5	8.17715644836426	0	0	0	0
TC	UKBB	EUR	7	125	3453	5	22.5169975757599	0	0	0	0
TC	UKBB	EUR	7	127	1023	5	2.95740747451782	0	0	0	0
TC	UKBB	EUR	7	131	6168	5	92.4219572544098	0	0	0	0
TC	UKBB	EUR	7	132	6105	5	62.7037389278412	0	0	0	0
TC	UKBB	EUR	7	133	6081	5	69.6551477909088	0	1	0	0
TC	UKBB	EUR	7	134	1886	5	8.83951759338379	0	0	0	0
TC	UKBB	EUR	7	138	4244	5	387.03652048111	0	0	0	0
TC	UKBB	EUR	7	139	985	5	9.11428666114807	0	0	0	0
TC	UKBB	EUR	7	140	2339	5	26.4830844402313	0	0	0	0
TC	UKBB	EUR	7	141	4538	5	41.2063915729523	0	0	0	0
TC	UKBB	EUR	7	142	829	5	5.2595100402832	0	0	0	0
TC	UKBB	EUR	7	147	1416	5	9.43174028396606	0	0	0	0
TC	UKBB	EUR	7	152	1379	5	10.2664120197296	0	0	0	0
TC	UKBB	EUR	7	159	1551	5	12.4774608612061	0	1	1	4
TC	UKBB	EUR	7	162	5422	5	105.228338956833	0	0	0	0
TC	UKBB	EUR	7	176	712	5	5.9743013381958	0	0	0	0
TC	UKBB	EUR	7	177	1027	5	6.43691086769104	0	0	0	0
TC	UKBB	EUR	7	187	3964	5	21.465220451355	0	0	0	0
TC	UKBB	EUR	8	17	2977	5	28.0205056667328	0	0	1	23
TC	UKBB	EUR	8	29	5389	5	141.557223796844	0	0	1	3
TC	UKBB	EUR	8	32	3735	5	56.1930155754089	0	0	0	0
TC	UKBB	EUR	8	36	1028	5	7.3716356754303	0	0	0	0
TC	UKBB	EUR	8	39	2372	5	13.7602987289429	0	0	0	0
TC	UKBB	EUR	8	41	1990	5	8.26998066902161	0	0	0	0
TC	UKBB	EUR	8	42	3953	5	27.9294638633728	0	0	0	0
TC	UKBB	EUR	8	43	3499	5	38.3049545288086	0	1	0	0
TC	UKBB	EUR	8	44	1215	5	9.37743473052979	0	0	0	0
TC	UKBB	EUR	8	45	2267	5	19.2410025596619	0	0	0	0
TC	UKBB	EUR	8	57	1899	5	12.9371242523193	0	0	0	0
TC	UKBB	EUR	8	59	1677	5	9.35109829902649	0	1	1	4
TC	UKBB	EUR	8	65	1872	5	18.6454644203186	0	0	1	6
TC	UKBB	EUR	8	68	2505	5	19.1946973800659	0	2	2	6
TC	UKBB	EUR	8	69	4946	5	101.476335287094	0	0	1	27
TC	UKBB	EUR	8	78	664	5	5.04586887359619	0	0	0	0
TC	UKBB	EUR	8	81	3118	5	31.8315153121948	0	0	1	6
TC	UKBB	EUR	8	83	4946	5	93.8161990642548	0	0	0	0
TC	UKBB	EUR	8	84	6862	5	88.5405843257904	0	0	0	0
TC	UKBB	EUR	8	85	2600	5	899.850203514099	0	1	0	0
TC	UKBB	EUR	8	88	3370	5	42.4965007305145	0	0	0	0
TC	UKBB	EUR	8	106	3355	5	34.5337414741516	0	0	0	0
TC	UKBB	EUR	8	109	4803	5	57.3970923423767	0	0	0	0
TC	UKBB	EUR	8	110	4652	5	108.625503063202	0	0	0	0
TC	UKBB	EUR	8	113	2242	5	12.8204343318939	0	0	1	7
TC	UKBB	EUR	8	118	1374	5	7.97007036209106	0	0	0	0
TC	UKBB	EUR	8	121	617	5	3.05036163330078	0	0	0	0
TC	UKBB	EUR	8	124	1866	5	485.643708705902	0	1	2	15
TC	UKBB	EUR	8	125	829	5	4.20779728889465	2	3	3	6
TC	UKBB	EUR	8	126	315	5	4.36495423316956	0	0	0	0
TC	UKBB	EUR	8	135	2476	5	6.73349809646606	0	0	0	0
TC	UKBB	EUR	8	153	1471	5	9.34478878974915	0	0	0	0
TC	UKBB	EUR	8	159	2219	5	14.0348281860352	0	0	0	0
TC	UKBB	EUR	8	160	2079	5	30.8404529094696	0	1	1	5
TC	UKBB	EUR	9	4	2704	5	18.01842212677	1	1	1	1
TC	UKBB	EUR	9	5	555	5	7.68692302703857	0	1	0	0
TC	UKBB	EUR	9	9	1940	5	13.1884098052979	0	0	0	0
TC	UKBB	EUR	9	12	2316	5	24.1025071144104	0	0	0	0
TC	UKBB	EUR	9	13	4417	5	67.9234545230865	0	0	0	0
TC	UKBB	EUR	9	31	3751	5	667.203438520432	0	2	2	4
TC	UKBB	EUR	9	33	2539	5	21.0059587955475	0	0	0	0
TC	UKBB	EUR	9	36	2547	5	775.224147796631	0	0	2	56
TC	UKBB	EUR	9	39	1102	5	2.81547594070435	0	1	1	6
TC	UKBB	EUR	9	40	4735	5	49.3822946548462	0	0	0	0
TC	UKBB	EUR	9	51	1485	5	5.58411073684692	0	0	1	17
TC	UKBB	EUR	9	53	4777	5	80.608380317688	0	0	0	0
TC	UKBB	EUR	9	69	1864	5	9.5557553768158	0	0	0	0
TC	UKBB	EUR	9	70	1289	5	5.63314127922058	0	0	0	0
TC	UKBB	EUR	9	72	810	5	10.5271127223969	0	1	0	0
TC	UKBB	EUR	9	73	1911	5	10.9203081130981	0	0	0	0
TC	UKBB	EUR	9	89	727	5	4.33689904212952	0	0	0	0
TC	UKBB	EUR	9	93	3077	5	37.5716366767883	0	0	0	0
TC	UKBB	EUR	9	99	2185	5	7.9055871963501	0	0	0	0
TC	UKBB	EUR	9	100	3638	5	27.0229938030243	0	1	0	0
TC	UKBB	EUR	9	102	3673	5	48.9988780021667	0	0	0	0
TC	UKBB	EUR	9	103	972	5	3.17106294631958	0	0	0	0
TC	UKBB	EUR	9	104	1166	5	4.34206652641296	0	0	0	0
TC	UKBB	EUR	9	105	832	5	2.22553253173828	0	0	0	0
TC	UKBB	EUR	9	106	3625	5	52.5488147735596	0	1	0	0
TC	UKBB	EUR	9	107	939	5	7.24853277206421	0	1	1	1
TC	UKBB	EUR	9	109	4395	5	55.8004922866821	0	1	0	0
TC	UKBB	EUR	9	110	4434	10	2227.14657258987	2	3	3	4
TC	UKBB	EUR	9	111	194	5	257.581227779388	1	2	3	10
TC	UKBB	EUR	9	112	4252	5	63.2184197902679	1	1	2	10
TC	UKBB	EUR	9	113	2327	5	14.3670358657837	0	0	0	0
TC	UKBB	EUR	9	114	1527	5	8.94098234176636	0	0	0	0
TC	UKBB	EUR	9	115	4440	5	37.4543471336365	0	0	0	0
TC	UKBB	EUR	9	116	2343	5	14.5223951339722	0	0	0	0
TC	UKBB	EUR	9	118	5315	5	101.275362253189	0	0	0	0
TC	UKBB	EUR	9	119	1918	5	16.8512539863586	0	0	0	0
TC	UKBB	EUR	9	121	1360	5	3.07505130767822	0	0	0	0
TC	UKBB	EUR	9	124	2014	5	5.94229888916016	0	0	0	0
TC	UKBB	EUR	9	125	2837	5	25.08607172966	0	0	0	0
TC	UKBB	EUR	9	134	4996	5	68.6271784305573	0	0	1	25
TC	UKBB	EUR	9	140	5249	5	107.357017755508	0	0	1	7
TC	UKBB	EUR	9	142	1797	5	12.6036329269409	0	0	0	0
TC	UKBB	EUR	9	144	2015	5	21.8270320892334	0	0	0	0
TC	UKBB	EUR	9	145	2357	5	13.6537096500397	0	1	0	0
TC	UKBB	EUR	9	149	1833	5	1063.90575456619	0	0	2	26
TC	UKBB	EUR	9	153	206	5	4.47477722167969	0	0	0	0
TC	UKBB	EUR	9	160	836	5	7.32039499282837	0	0	0	0
TC	UKBB	EUR	9	161	891	5	597.91445183754	0	0	1	7
TC	UKBB	EUR	10	13	2342	5	10.2333929538727	0	0	1	11
TC	UKBB	EUR	10	22	2736	5	28.169303894043	0	0	0	0
TC	UKBB	EUR	10	43	2320	5	7.41968250274658	0	1	1	6
TC	UKBB	EUR	10	44	1333	5	4.70704913139343	0	0	0	0
TC	UKBB	EUR	10	46	3648	5	32.6749527454376	0	0	0	0
TC	UKBB	EUR	10	52	3663	5	24.3235802650452	0	0	0	0
TC	UKBB	EUR	10	53	1793	5	4.54158473014832	0	0	0	0
TC	UKBB	EUR	10	58	703	5	6.53949379920959	0	0	0	0
TC	UKBB	EUR	10	59	1935	5	21.9795928001404	0	0	0	0
TC	UKBB	EUR	10	67	1886	5	12.2735311985016	0	0	1	14
TC	UKBB	EUR	10	69	2875	5	16.079710483551	0	0	0	0
TC	UKBB	EUR	10	70	3314	5	368.880499601364	0	1	2	21
TC	UKBB	EUR	10	73	2006	5	14.0608787536621	0	0	0	0
TC	UKBB	EUR	10	77	7554	5	118.984110116959	0	0	0	0
TC	UKBB	EUR	10	80	3786	5	1691.44249629974	0	0	0	0
TC	UKBB	EUR	10	81	3868	5	1283.64750051498	0	0	1	25
TC	UKBB	EUR	10	84	5349	5	116.423907995224	0	0	0	0
TC	UKBB	EUR	10	85	1076	5	5.97916078567505	0	1	1	2
TC	UKBB	EUR	10	92	5124	5	77.369856595993	0	0	0	0
TC	UKBB	EUR	10	100	1078	5	7.63725471496582	0	0	0	0
TC	UKBB	EUR	10	101	2711	5	37.8326563835144	0	0	0	0
TC	UKBB	EUR	10	109	3324	5	23.4989750385284	0	0	1	13
TC	UKBB	EUR	10	110	1150	5	7.52388787269592	0	0	0	0
TC	UKBB	EUR	10	112	837	5	2.53006839752197	0	0	1	9
TC	UKBB	EUR	10	113	2679	5	16.9261519908905	0	0	0	0
TC	UKBB	EUR	10	117	4416	5	1279.62746596336	0	0	2	41
TC	UKBB	EUR	10	120	3174	5	30.8931655883789	0	0	0	0
TC	UKBB	EUR	10	121	2206	5	10.0217654705048	0	1	1	3
TC	UKBB	EUR	10	123	2903	5	14.4661405086517	0	0	0	0
TC	UKBB	EUR	10	126	3680	5	37.0426156520844	0	0	1	8
TC	UKBB	EUR	10	127	1169	5	6.02827954292297	0	0	0	0
TC	UKBB	EUR	10	129	4798	5	75.6672441959381	0	0	0	0
TC	UKBB	EUR	10	130	1465	5	10.4062123298645	0	0	0	0
TC	UKBB	EUR	10	131	4107	5	66.9834220409393	0	1	1	2
TC	UKBB	EUR	10	137	3712	5	14.7035965919495	0	0	1	19
TC	UKBB	EUR	10	138	709	5	7.22844696044922	1	2	4	18
TC	UKBB	EUR	10	140	912	5	535.838802576065	0	1	3	16
TC	UKBB	EUR	10	144	1464	5	8.17043542861938	0	0	0	0
TC	UKBB	EUR	10	150	3133	5	36.5715088844299	0	0	0	0
TC	UKBB	EUR	10	152	2179	5	10.8062305450439	0	1	0	0
TC	UKBB	EUR	10	154	5129	5	1779.12489438057	0	0	0	0
TC	UKBB	EUR	10	176	3026	5	35.6101949214935	0	0	0	0
TC	UKBB	EUR	10	177	1591	5	3.90679812431335	0	0	0	0
TC	UKBB	EUR	11	2	2438	5	11.415412902832	0	0	0	0
TC	UKBB	EUR	11	3	2577	5	8.80527567863464	0	0	0	0
TC	UKBB	EUR	11	4	1624	5	20.9418079853058	0	0	0	0
TC	UKBB	EUR	11	7	1404	5	137.916969299316	0	1	2	22
TC	UKBB	EUR	11	11	3024	5	31.0587959289551	0	0	0	0
TC	UKBB	EUR	11	12	3696	5	71.0440328121185	0	1	1	2
TC	UKBB	EUR	11	22	1313	5	12.3622117042542	0	0	0	0
TC	UKBB	EUR	11	28	2056	5	15.6635587215424	0	0	0	0
TC	UKBB	EUR	11	30	1850	5	12.4524319171906	0	1	2	29
TC	UKBB	EUR	11	31	1777	5	5.42993760108948	0	0	0	0
TC	UKBB	EUR	11	33	2372	5	17.4348278045654	0	1	1	3
TC	UKBB	EUR	11	56	600	5	4.87409520149231	0	0	0	0
TC	UKBB	EUR	11	57	2392	5	16.2738392353058	0	0	0	0
TC	UKBB	EUR	11	75	1734	5	13.68315076828	0	0	0	0
TC	UKBB	EUR	11	76	2125	5	20.914514541626	0	1	1	9
TC	UKBB	EUR	11	78	2171	5	22.0081062316895	0	0	0	0
TC	UKBB	EUR	11	79	4666	5	831.696946144104	0	0	2	44
TC	UKBB	EUR	11	80	3147	5	12.3316256999969	0	1	1	4
TC	UKBB	EUR	11	81	2091	5	8.74121689796448	0	0	0	0
TC	UKBB	EUR	11	82	688	5	5.5921413898468	0	0	0	0
TC	UKBB	EUR	11	86	2982	5	10.1586775779724	0	0	0	0
TC	UKBB	EUR	11	88	3298	5	60.9625616073608	0	1	1	17
TC	UKBB	EUR	11	90	4937	5	80.6948490142822	0	0	0	0
TC	UKBB	EUR	11	107	1150	5	9.92198753356934	0	0	0	0
TC	UKBB	EUR	11	108	978	5	12.4645397663116	0	0	0	0
TC	UKBB	EUR	11	117	5121	5	68.4827337265015	0	1	1	7
TC	UKBB	EUR	11	121	2595	5	10.0149080753326	0	0	0	0
TC	UKBB	EUR	11	125	2263	5	384.468787670135	0	0	0	0
TC	UKBB	EUR	11	128	406	5	4.7348325252533	0	1	0	0
TC	UKBB	EUR	11	129	2572	5	1262.63140249252	1	1	1	1
TC	UKBB	EUR	11	133	2273	5	1470.13393115997	0	0	3	50
TC	UKBB	EUR	11	140	1449	5	6.01438307762146	0	0	0	0
TC	UKBB	EUR	11	142	3177	5	35.1797370910645	0	0	1	19
TC	UKBB	EUR	11	147	5025	5	1132.93252635002	0	0	1	8
TC	UKBB	EUR	11	163	511	5	4.61119985580444	0	0	0	0
TC	UKBB	EUR	12	1	1604	5	5.40642595291138	0	0	0	0
TC	UKBB	EUR	12	12	979	5	3.45854473114014	0	1	1	2
TC	UKBB	EUR	12	13	1636	5	3.93364906311035	0	0	0	0
TC	UKBB	EUR	12	17	1126	5	9.95301032066345	0	0	0	0
TC	UKBB	EUR	12	18	2207	5	24.4124495983124	0	1	1	6
TC	UKBB	EUR	12	23	2980	5	10.5155284404755	0	1	2	20
TC	UKBB	EUR	12	26	488	5	1.79993510246277	0	0	0	0
TC	UKBB	EUR	12	27	434	5	5.09792613983154	0	0	0	0
TC	UKBB	EUR	12	29	362	5	2.96193146705627	0	0	0	0
TC	UKBB	EUR	12	42	4746	5	58.449695825576804	0	0	0	0
TC	UKBB	EUR	12	45	2380	5	24.6460995674133	0	0	0	0
TC	UKBB	EUR	12	47	905	5	4.16123056411743	0	0	0	0
TC	UKBB	EUR	12	48	2963	5	12.5223851203918	0	1	1	6
TC	UKBB	EUR	12	49	3287	5	10.9195792675018	0	0	1	4
TC	UKBB	EUR	12	51	1885	5	12.1865754127502	0	0	0	0
TC	UKBB	EUR	12	52	4110	5	35.6818013191223	0	0	0	0
TC	UKBB	EUR	12	59	3460	5	16.0726852416992	0	0	0	0
TC	UKBB	EUR	12	60	1726	5	9.6380889415741	0	0	0	0
TC	UKBB	EUR	12	61	1979	5	14.0589373111725	0	0	0	0
TC	UKBB	EUR	12	62	2158	5	4.2860062122345	0	0	0	0
TC	UKBB	EUR	12	63	2256	5	18.2441396713257	0	0	1	13
TC	UKBB	EUR	12	64	1757	5	10.7340819835663	0	0	0	0
TC	UKBB	EUR	12	66	2836	5	24.7993953227997	0	0	0	0
TC	UKBB	EUR	12	67	1412	5	9.02895450592041	0	0	0	0
TC	UKBB	EUR	12	69	2649	5	26.2446315288544	0	1	0	0
TC	UKBB	EUR	12	71	3298	5	262.118082284927	0	1	2	40
TC	UKBB	EUR	12	72	9120	5	351.792757034302	0	0	0	0
TC	UKBB	EUR	12	82	3231	5	13.4098892211914	0	1	1	3
TC	UKBB	EUR	12	97	4440	5	20.6848101615906	0	0	0	0
TC	UKBB	EUR	12	98	1835	5	7.00105500221252	0	0	0	0
TC	UKBB	EUR	12	106	3369	5	32.4647691249847	0	0	0	0
TC	UKBB	EUR	12	110	3817	5	1403.93133401871	0	0	0	0
TC	UKBB	EUR	12	113	2812	5	35.0034420490265	0	0	0	0
TC	UKBB	EUR	12	116	889	5	3.06610226631165	0	0	0	0
TC	UKBB	EUR	12	117	2885	5	19.1776201725006	0	0	0	0
TC	UKBB	EUR	12	119	5327	5	59.8013706207275	0	0	0	0
TC	UKBB	EUR	12	120	1501	5	7.20906925201416	0	0	0	0
TC	UKBB	EUR	12	121	2018	5	15.7631394863129	0	1	1	16
TC	UKBB	EUR	12	122	4156	5	69.4612491130829	1	1	1	1
TC	UKBB	EUR	12	123	1555	5	10.7019402980804	0	0	0	0
TC	UKBB	EUR	12	127	1335	5	7.94005918502808	0	0	0	0
TC	UKBB	EUR	12	128	501	5	6.75761532783508	0	1	0	0
TC	UKBB	EUR	12	129	2101	5	6.05024886131287	0	0	0	0
TC	UKBB	EUR	12	138	4477	5	1466.41219067574	0	0	1	6
TC	UKBB	EUR	12	139	6117	5	107.694119215012	0	0	2	38
TC	UKBB	EUR	12	140	1266	5	1143.03902697563	0	0	2	9
TC	UKBB	EUR	12	141	1756	5	660.006006002426	1	2	2	3
TC	UKBB	EUR	13	18	879	5	3.12445306777954	1	1	2	14
TC	UKBB	EUR	13	21	3345	5	18.9419198036194	0	0	0	0
TC	UKBB	EUR	13	24	2198	5	12.0848190784454	0	0	0	0
TC	UKBB	EUR	13	25	1252	5	11.1211614608765	0	0	3	29
TC	UKBB	EUR	13	40	1989	5	6.29113984107971	0	0	1	5
TC	UKBB	EUR	13	44	1792	5	6.93350553512573	0	0	0	0
TC	UKBB	EUR	13	45	2398	5	25.3177139759064	0	0	0	0
TC	UKBB	EUR	13	50	4991	5	113.002721309662	0	0	0	0
TC	UKBB	EUR	13	66	1194	5	3.92779350280762	0	0	0	0
TC	UKBB	EUR	13	69	4398	5	37.6020107269287	0	0	0	0
TC	UKBB	EUR	13	70	2949	5	24.0752415657043	0	0	0	0
TC	UKBB	EUR	13	84	1624	5	10.6740527153015	0	0	0	0
TC	UKBB	EUR	13	95	1019	5	8.93839001655579	0	0	0	0
TC	UKBB	EUR	13	96	1142	5	2.04928398132324	0	0	0	0
TC	UKBB	EUR	13	111	909	5	3.50372624397278	0	0	1	12
TC	UKBB	EUR	13	115	1123	5	12.431173324585	0	1	0	0
TC	UKBB	EUR	13	116	988	5	4.02553963661194	0	0	0	0
TC	UKBB	EUR	13	118	1878	5	3.86840224266052	0	0	1	17
TC	UKBB	EUR	13	124	378	5	2.53619265556335	0	0	1	53
TC	UKBB	EUR	13	125	2500	5	18.5507409572601	0	1	1	3
TC	UKBB	EUR	14	4	871	5	4.31856799125671	0	0	0	0
TC	UKBB	EUR	14	10	875	5	1.94744563102722	0	0	0	0
TC	UKBB	EUR	14	11	1119	5	5.64119625091553	0	0	0	0
TC	UKBB	EUR	14	14	4251	5	788.533915281296	0	1	1	4
TC	UKBB	EUR	14	23	3771	5	23.781964302063	0	0	0	0
TC	UKBB	EUR	14	31	3492	5	18.5613150596619	0	0	1	24
TC	UKBB	EUR	14	35	3548	5	46.8955461978912	0	0	0	0
TC	UKBB	EUR	14	43	194	5	3.58054876327515	0	0	0	0
TC	UKBB	EUR	14	63	4296	5	24.7139301300049	0	0	1	51
TC	UKBB	EUR	14	67	2985	5	25.2277629375458	0	0	0	0
TC	UKBB	EUR	14	68	2192	5	982.831019878387	0	0	0	0
TC	UKBB	EUR	14	72	4164	5	39.3722579479218	0	0	0	0
TC	UKBB	EUR	14	73	2064	5	4.28641963005066	0	0	1	14
TC	UKBB	EUR	14	93	3017	5	23.6973505020142	0	0	0	0
TC	UKBB	EUR	14	96	409	5	1.57926344871521	0	0	0	0
TC	UKBB	EUR	14	105	1493	5	5.9678840637207	0	0	1	3
TC	UKBB	EUR	14	106	1457	5	3.71476936340332	0	0	0	0
TC	UKBB	EUR	14	120	1084	5	3.0599045753479	1	1	1	1
TC	UKBB	EUR	14	121	3163	5	11.938728094101	0	0	0	0
TC	UKBB	EUR	14	126	3885	5	34.8404185771942	0	0	1	19
TC	UKBB	EUR	14	127	2584	5	9.9049596786499	0	0	0	0
TC	UKBB	EUR	14	129	1572	5	10.2285175323486	0	0	0	0
TC	UKBB	EUR	15	37	3628	5	66.7182788848877	0	1	0	0
TC	UKBB	EUR	15	44	1631	5	3.33862090110779	0	0	0	0
TC	UKBB	EUR	15	45	6251	5	94.0745184421539	0	0	0	0
TC	UKBB	EUR	15	46	1861	5	5.41925382614136	0	0	0	0
TC	UKBB	EUR	15	47	2353	5	14.386589050293	0	0	0	0
TC	UKBB	EUR	15	50	2801	5	22.3175740242004	0	1	1	3
TC	UKBB	EUR	15	52	2006	5	10.607209444046	1	3	3	7
TC	UKBB	EUR	15	53	387	5	180.51924943924	1	3	3	9
TC	UKBB	EUR	15	54	2153	5	18.9405381679535	0	1	2	7
TC	UKBB	EUR	15	59	4808	5	26.0918982028961	0	0	0	0
TC	UKBB	EUR	15	62	5486	5	1762.46932816505	0	0	1	3
TC	UKBB	EUR	15	63	1622	5	6.87006282806396	0	0	0	0
TC	UKBB	EUR	15	64	1727	5	7.13943195343018	0	0	0	0
TC	UKBB	EUR	15	66	2998	5	17.9014701843262	0	0	0	0
TC	UKBB	EUR	15	80	1329	5	4.36348366737366	0	0	1	2
TC	UKBB	EUR	15	83	1238	5	7.11462903022766	0	1	0	0
TC	UKBB	EUR	15	85	2204	5	9.95809650421143	0	0	0	0
TC	UKBB	EUR	15	88	1599	5	5.50665903091431	0	0	0	0
TC	UKBB	EUR	15	102	2334	5	8.3986554145813	0	1	0	0
TC	UKBB	EUR	15	111	1691	5	4.38557887077332	0	0	0	0
TC	UKBB	EUR	15	117	1042	5	5.19536113739014	0	0	0	0
TC	UKBB	EUR	16	1	2122	5	21.389223575592	0	0	1	8
TC	UKBB	EUR	16	2	830	5	4.80151963233948	0	0	0	0
TC	UKBB	EUR	16	4	3080	5	9.15008854866028	0	0	0	0
TC	UKBB	EUR	16	5	1228	5	7.66104650497437	0	0	0	0
TC	UKBB	EUR	16	6	1618	5	7.67371559143066	0	0	0	0
TC	UKBB	EUR	16	9	2872	5	14.5685539245605	0	0	0	0
TC	UKBB	EUR	16	31	2649	5	1491.91832184792	0	1	0	0
TC	UKBB	EUR	16	32	403	5	2.9467978477478	1	1	1	1
TC	UKBB	EUR	16	33	4303	5	94.2968637943268	0	0	0	0
TC	UKBB	EUR	16	37	3197	5	3.60542035102844	0	0	0	0
TC	UKBB	EUR	16	41	2214	5	9.87384271621704	0	0	1	26
TC	UKBB	EUR	16	43	1974	5	4.55040192604065	0	0	0	0
TC	UKBB	EUR	16	58	1472	5	10.6863784790039	0	0	0	0
TC	UKBB	EUR	16	59	1757	5	12.4747262001038	0	0	0	0
TC	UKBB	EUR	16	63	2882	5	23.043116569519	0	0	0	0
TC	UKBB	EUR	16	70	963	5	3.20876288414001	0	0	0	0
TC	UKBB	EUR	16	74	508	5	3.57561469078064	0	0	0	0
TC	UKBB	EUR	16	75	3136	5	333.737511634827	1	2	3	8
TC	UKBB	EUR	16	76	2153	5	10.3448705673218	0	1	0	0
TC	UKBB	EUR	16	79	1396	5	6.85641813278198	0	0	0	0
TC	UKBB	EUR	16	83	2324	5	6.58776617050171	0	0	0	0
TC	UKBB	EUR	16	85	5252	5	28.4918024539948	0	1	0	0
TC	UKBB	EUR	16	88	5313	5	2070.94070219994	1	1	1	1
TC	UKBB	EUR	16	89	6707	5	1774.0706744194	0	1	0	0
TC	UKBB	EUR	16	90	1663	5	6.12490558624268	0	0	0	0
TC	UKBB	EUR	16	91	1641	5	4.45095276832581	0	1	0	0
TC	UKBB	EUR	16	94	5743	5	94.0243723392487	0	0	1	12
TC	UKBB	EUR	16	99	1754	5	4.20758032798767	0	1	0	0
TC	UKBB	EUR	16	100	359	5	113.591457605362	0	1	2	15
TC	UKBB	EUR	16	101	424	5	4.81504011154175	0	0	1	22
TC	UKBB	EUR	16	103	7068	5	82.802925825119	0	0	0	0
TC	UKBB	EUR	16	104	2128	5	19.6152493953705	0	1	0	0
TC	UKBB	EUR	16	110	1693	5	15.9482026100159	0	1	1	3
TC	UKBB	EUR	16	113	2553	5	2.27486753463745	0	0	1	17
TC	UKBB	EUR	16	116	1810	5	3.67839479446411	0	1	0	0
TC	UKBB	EUR	16	119	2199	5	8.80673694610596	0	0	1	9
TC	UKBB	EUR	16	120	323	5	7.4798641204834	0	0	0	0
TC	UKBB	EUR	16	125	1620	5	11.3630447387695	0	0	0	0
TC	UKBB	EUR	16	126	390	5	9.26601314544678	0	0	0	0
TC	UKBB	EUR	16	127	671	5	10.1926600933075	0	0	1	8
TC	UKBB	EUR	16	128	5562	5	82.6196246147156	0	0	0	0
TC	UKBB	EUR	17	9	3318	5	29.9498312473297	0	0	1	14
TC	UKBB	EUR	17	15	203	5	2.52983164787292	0	0	0	0
TC	UKBB	EUR	17	16	668	5	2.63512587547302	0	1	1	2
TC	UKBB	EUR	17	17	3240	5	23.5122950077057	1	1	1	1
TC	UKBB	EUR	17	22	528	5	1.75607705116272	0	0	0	0
TC	UKBB	EUR	17	23	1112	5	777.174149990082	1	1	2	9
TC	UKBB	EUR	17	24	2012	5	10.6715199947357	1	3	2	4
TC	UKBB	EUR	17	25	2001	5	5.7910418510437	0	0	1	16
TC	UKBB	EUR	17	28	433	5	2.51377129554749	0	0	0	0
TC	UKBB	EUR	17	30	437	5	3.93735718727112	0	0	0	0
TC	UKBB	EUR	17	49	1299	5	4.66179156303406	0	0	0	0
TC	UKBB	EUR	17	51	4144	5	46.0898225307465	0	0	1	17
TC	UKBB	EUR	17	53	3028	5	12.8052661418915	0	0	0	0
TC	UKBB	EUR	17	54	2540	5	11.6187329292297	0	0	0	0
TC	UKBB	EUR	17	55	5217	5	40.4890794754028	1	1	2	122
TC	UKBB	EUR	17	65	3613	5	36.1072294712067	0	0	0	0
TC	UKBB	EUR	17	70	1727	5	6.509197473526	0	0	0	0
TC	UKBB	EUR	17	71	2415	5	855.315267086029	0	0	1	74
TC	UKBB	EUR	17	73	3967	5	47.6279225349426	1	1	2	19
TC	UKBB	EUR	17	74	4628	5	6.73988103866577	0	0	0	0
TC	UKBB	EUR	17	75	3632	5	757.519378662109	0	0	1	14
TC	UKBB	EUR	17	76	1916	5	7.15212035179138	0	0	0	0
TC	UKBB	EUR	17	78	716	5	5.46867322921753	0	0	0	0
TC	UKBB	EUR	17	80	2168	5	18.8876206874847	0	0	0	0
TC	UKBB	EUR	17	85	3162	5	30.2546892166138	0	0	0	0
TC	UKBB	EUR	17	87	1473	5	8.16282749176025	0	0	0	0
TC	UKBB	EUR	17	90	3802	5	29.8793566226959	0	0	0	0
TC	UKBB	EUR	17	94	2254	5	10.4221112728119	0	0	0	0
TC	UKBB	EUR	17	95	1482	5	8.08256435394287	0	0	0	0
TC	UKBB	EUR	17	97	3256	5	13.183925151825	0	0	1	3
TC	UKBB	EUR	17	98	1709	5	4.88602542877197	0	1	1	2
TC	UKBB	EUR	17	100	1807	5	5.91371917724609	0	0	0	0
TC	UKBB	EUR	17	101	1413	5	14.1659426689148	0	0	0	0
TC	UKBB	EUR	17	102	998	5	3.70156073570251	2	2	2	2
TC	UKBB	EUR	17	103	1255	5	4.6024923324585	0	1	1	2
TC	UKBB	EUR	17	104	240	5	2.01322388648987	0	0	1	12
TC	UKBB	EUR	17	105	2164	5	13.5189006328583	0	1	0	0
TC	UKBB	EUR	17	109	575	5	3.80598783493042	0	0	0	0
TC	UKBB	EUR	17	116	1178	5	11.0906057357788	0	0	0	0
TC	UKBB	EUR	17	117	2272	5	13.6210761070251	0	0	0	0
TC	UKBB	EUR	17	118	2136	5	4.81939268112183	0	0	0	0
TC	UKBB	EUR	17	121	1409	5	2.56625938415527	0	0	0	0
TC	UKBB	EUR	17	123	2290	5	20.2487685680389	0	0	0	0
TC	UKBB	EUR	17	125	3153	5	1308.20831942558	0	0	1	9
TC	UKBB	EUR	17	128	939	5	9.29144263267517	0	0	0	0
TC	UKBB	EUR	17	130	1784	5	6.25008201599121	0	0	0	0
TC	UKBB	EUR	17	133	1825	5	17.5705604553223	0	0	0	0
TC	UKBB	EUR	17	134	1843	5	1.32592439651489	0	0	0	0
TC	UKBB	EUR	18	8	1768	5	13.1581737995148	0	0	0	0
TC	UKBB	EUR	18	9	598	5	3.02547836303711	0	1	0	0
TC	UKBB	EUR	18	31	3447	5	30.3401651382446	0	0	0	0
TC	UKBB	EUR	18	35	782	5	7.32021045684814	0	0	0	0
TC	UKBB	EUR	18	39	4245	5	78.1618885993958	0	1	1	3
TC	UKBB	EUR	18	41	4558	5	66.1508495807648	1	1	2	7
TC	UKBB	EUR	18	42	3068	5	24.6153349876404	0	0	0	0
TC	UKBB	EUR	18	52	2270	5	19.8836696147919	0	0	0	0
TC	UKBB	EUR	18	61	3387	5	21.6362254619598	0	0	0	0
TC	UKBB	EUR	18	68	410	5	4.28841996192932	0	0	0	0
TC	UKBB	EUR	18	69	5208	5	1245.42436552048	1	1	2	11
TC	UKBB	EUR	18	74	5069	5	29.8077220916748	0	0	0	0
TC	UKBB	EUR	18	77	718	5	3.98794746398926	0	0	1	3
TC	UKBB	EUR	18	78	1220	5	5.07936787605286	0	0	0	0
TC	UKBB	EUR	18	81	2307	5	5.48485565185547	0	0	0	0
TC	UKBB	EUR	18	85	3617	5	38.2098455429077	0	0	0	0
TC	UKBB	EUR	18	88	1946	5	9.78025960922241	0	0	0	0
TC	UKBB	EUR	18	119	872	5	3.77678084373474	0	0	0	0
TC	UKBB	EUR	19	2	501	5	4.42153525352478	0	1	1	2
TC	UKBB	EUR	19	5	266	5	4.70335102081299	0	1	0	0
TC	UKBB	EUR	19	6	1467	5	5.42885041236877	0	0	0	0
TC	UKBB	EUR	19	12	933	5	3.6282274723053	0	0	1	23
TC	UKBB	EUR	19	15	725	5	4.76216459274292	0	1	0	0
TC	UKBB	EUR	19	16	822	5	0.632882595062256	0	1	0	0
TC	UKBB	EUR	19	19	652	5	3.20074772834778	0	0	0	0
TC	UKBB	EUR	19	20	1037	5	8.91349267959595	0	0	0	0
TC	UKBB	EUR	19	21	599	5	3.20776081085205	0	0	0	0
TC	UKBB	EUR	19	22	2408	5	12.6156837940216	0	0	0	0
TC	UKBB	EUR	19	25	1603	5	18.4707005023956	0	0	0	0
TC	UKBB	EUR	19	30	1225	5	3.64591383934021	0	1	0	0
TC	UKBB	EUR	19	32	1786	5	16.9653902053833	0	1	0	0
TC	UKBB	EUR	19	33	814	5	3.12965559959412	0	1	1	10
TC	UKBB	EUR	19	35	1865	5	5.58349657058716	0	0	0	0
TC	UKBB	EUR	19	36	646	5	2.70197463035583	0	0	0	0
TC	UKBB	EUR	19	37	2565	5	802.329334974289	0	1	1	2
TC	UKBB	EUR	19	38	610	5	659.753919124603	1	1	2	5
TC	UKBB	EUR	19	39	3517	5	14.547705411911	1	4	3	7
TC	UKBB	EUR	19	42	1228	5	11.1192507743835	0	0	0	0
TC	UKBB	EUR	19	46	2017	5	715.492075681686	0	0	1	7
TC	UKBB	EUR	19	49	2300	5	688.18493103981	0	0	2	37
TC	UKBB	EUR	19	51	1322	5	1.09372496604919	0	0	1	8
TC	UKBB	EUR	19	52	1624	5	6.73318481445312	0	0	0	0
TC	UKBB	EUR	19	53	3053	5	19.7294132709503	2	2	2	2
TC	UKBB	EUR	19	54	4263	5	68.2825241088867	0	1	1	2
TC	UKBB	EUR	19	63	1432	5	5.38472366333008	0	0	1	15
TC	UKBB	EUR	19	64	3905	5	20.9951224327087	0	0	1	6
TC	UKBB	EUR	19	65	1397	5	5.94091892242432	0	0	0	0
TC	UKBB	EUR	19	67	5937	5	860.446636915207	0	0	0	0
TC	UKBB	EUR	19	70	1849	5	6.8454909324646	0	1	0	0
TC	UKBB	EUR	19	71	334	5	151.472276449203	0	1	2	6
TC	UKBB	EUR	19	72	2700	5	2.55522227287292	0	0	1	44
TC	UKBB	EUR	19	73	490	5	3.87279772758484	0	1	1	9
TC	UKBB	EUR	19	74	2876	15	1045.77696299553	9	11	11	15
TC	UKBB	EUR	19	75	747	5	881.710441827774	1	1	1	1
TC	UKBB	EUR	19	76	2845	15	2451.79906725883	2	2	4	8
TC	UKBB	EUR	19	77	5032	5	830.297237873077	1	2	2	6
TC	UKBB	EUR	19	79	1553	5	6.65939927101135	1	1	1	1
TC	UKBB	EUR	19	80	865	5	725.21955871582	0	1	1	3
TC	UKBB	EUR	19	81	2051	5	764.124180555344	1	1	2	15
TC	UKBB	EUR	19	89	1153	5	6.59715676307678	0	1	1	2
TC	UKBB	EUR	19	90	2448	5	6.94019412994385	0	0	0	0
TC	UKBB	EUR	19	98	1067	5	755.47145652771	0	0	1	5
TC	UKBB	EUR	19	103	1261	5	1.00848031044006	0	0	0	0
TC	UKBB	EUR	19	104	1417	5	11.2348198890686	0	0	0	0
TC	UKBB	EUR	19	107	981	5	3.95189499855042	0	1	0	0
TC	UKBB	EUR	19	110	2722	5	8.91020393371582	0	0	0	0
TC	UKBB	EUR	19	111	1204	5	0.979897975921631	1	1	2	17
TC	UKBB	EUR	20	2	1191	5	3.27483201026917	0	0	0	0
TC	UKBB	EUR	20	10	1112	5	0.837422370910645	0	0	0	0
TC	UKBB	EUR	20	12	2024	5	10.4567339420319	0	1	1	8
TC	UKBB	EUR	20	18	1303	5	7.61332631111145	0	1	1	5
TC	UKBB	EUR	20	19	358	5	2.08044075965881	0	0	0	0
TC	UKBB	EUR	20	40	1552	5	9.4847617149353	0	0	1	7
TC	UKBB	EUR	20	48	3926	5	942.20002746582	1	1	2	5
TC	UKBB	EUR	20	55	746	5	6.52422118186951	0	0	0	0
TC	UKBB	EUR	20	59	3886	5	12.9178395271301	0	0	1	52
TC	UKBB	EUR	20	60	2394	5	19.8372776508331	0	0	0	0
TC	UKBB	EUR	20	63	4755	5	7.09031128883362	0	0	0	0
TC	UKBB	EUR	20	64	1437	5	8.9851062297821	2	2	3	19
TC	UKBB	EUR	20	65	2642	5	14.4559483528137	0	0	1	17
TC	UKBB	EUR	20	66	2946	5	44.981315612793	0	0	0	0
TC	UKBB	EUR	20	67	1954	5	9.26071643829346	0	1	0	0
TC	UKBB	EUR	20	68	1093	5	2.25280356407166	0	0	1	5
TC	UKBB	EUR	20	69	2094	5	16.00656914711	1	1	1	1
TC	UKBB	EUR	20	70	1537	5	9.37289524078369	0	0	0	0
TC	UKBB	EUR	20	71	2385	5	25.3641946315765	0	0	0	0
TC	UKBB	EUR	20	77	2271	5	12.9199197292328	0	0	1	44
TC	UKBB	EUR	20	78	2891	5	11.4080708026886	0	1	0	0
TC	UKBB	EUR	20	86	1816	5	1.53755402565002	0	0	0	0
TC	UKBB	EUR	20	87	1137	5	6.31965732574463	0	1	1	5
TC	UKBB	EUR	20	89	1161	5	2.47188377380371	0	0	0	0
TC	UKBB	EUR	20	112	506	5	3.9199538230896	0	0	0	0
TC	UKBB	EUR	20	115	869	5	0.811936378479004	0	0	1	7
TC	UKBB	EUR	21	3	1002	5	6.48076891899109	0	0	1	5
TC	UKBB	EUR	21	5	1163	5	6.34112310409546	0	0	0	0
TC	UKBB	EUR	21	30	3674	5	17.3268673419952	0	0	0	0
TC	UKBB	EUR	21	33	2280	5	19.1591470241547	0	0	0	0
TC	UKBB	EUR	21	37	2686	5	8.90471696853638	0	0	0	0
TC	UKBB	EUR	21	41	4431	5	70.4286053180695	0	0	1	5
TC	UKBB	EUR	21	48	3441	5	875.537483692169	0	0	2	40
TC	UKBB	EUR	21	53	1538	5	6.74735188484192	0	0	0	0
TC	UKBB	EUR	21	64	2364	5	23.5330078601837	0	0	0	0
TC	UKBB	EUR	22	1	1488	5	5.2441771030426	0	1	0	0
TC	UKBB	EUR	22	5	1101	5	13.4487483501434	0	0	0	0
TC	UKBB	EUR	22	9	1745	5	10.5964097976685	0	0	0	0
TC	UKBB	EUR	22	13	1033	5	3.28149104118347	0	0	1	30
TC	UKBB	EUR	22	29	2478	5	24.7272276878357	0	0	0	0
TC	UKBB	EUR	22	30	7969	5	147.723902702332	0	0	0	0
TC	UKBB	EUR	22	36	1301	5	7.10492396354675	0	0	1	41
TC	UKBB	EUR	22	37	2016	5	5.04437160491943	0	1	0	0
TC	UKBB	EUR	22	40	1049	5	5.59306025505066	0	0	0	0
TC	UKBB	EUR	22	43	1897	5	1.52879118919373	0	0	0	0
TC	UKBB	EUR	22	45	1955	5	13.9620909690857	0	0	0	0
TC	UKBB	EUR	22	46	4711	5	286.10979318618803	0	0	1	35
TC	UKBB	EUR	22	47	2449	5	29.4662630558014	0	0	0	0
TC	UKBB	EUR	22	49	597	5	4.13453388214111	0	0	1	18
TC	UKBB	EUR	22	54	1459	5	9.77333998680115	0	0	0	0
TC	UKBB	EUR	22	55	1314	5	3.02699661254883	0	0	0	0
TC	UKBB	EUR	22	56	227	5	3.73299813270569	0	0	0	0
TC	UKBB	EUR	22	57	972	5	4.07111430168152	0	0	0	0
TC	UKBB	EUR	22	69	1519	5	6.67273044586182	0	0	0	0
TC	UKBB	EUR	22	70	2677	5	8.85955786705017	0	0	0	0
