pheno	db	pid	chromosome	block	num_variants	time	num_variants_0.95	num_variants_0.5	num_CS95	num_variants_CS95
TG	UKBB	EAS	1	3	156	18.3343396186829	0	0	0	0
TG	UKBB	EAS	1	4	407	60.0300035476685	0	0	0	0
TG	UKBB	EAS	1	5	488	91.3317782878876	0	0	0	0
TG	UKBB	EAS	1	15	1437	283.174891233444	0	0	0	0
TG	UKBB	EAS	1	17	1882	463.712734460831	0	0	0	0
TG	UKBB	EAS	1	18	790	146.657299757004	0	0	0	0
TG	UKBB	EAS	1	19	1298	306.679550886154	0	0	0	0
TG	UKBB	EAS	1	21	1080	271.452484846115	0	0	0	0
TG	UKBB	EAS	1	23	620	49.1380679607391	0	0	0	0
TG	UKBB	EAS	1	32	511	56.6234421730042	0	0	0	0
TG	UKBB	EAS	1	35	1512	255.543686151505	0	0	0	0
TG	UKBB	EAS	1	43	471	87.5215556621552	0	0	0	0
TG	UKBB	EAS	1	48	691	128.151105165482	0	0	0	0
TG	UKBB	EAS	1	50	951	158.090501070023	0	0	0	0
TG	UKBB	EAS	1	51	611	82.5053150653839	0	0	0	0
TG	UKBB	EAS	1	52	1510	272.487014770508	0	0	0	0
TG	UKBB	EAS	1	53	1289	328.147164821625	0	0	0	0
TG	UKBB	EAS	1	58	1575	429.701401233673	0	0	0	0
TG	UKBB	EAS	1	63	1610	394.294878482819	0	0	0	0
TG	UKBB	EAS	1	67	1234	142.339900016785	0	0	0	0
TG	UKBB	EAS	1	70	1507	370.138148069382	0	0	0	0
TG	UKBB	EAS	1	71	1654	393.824125766754	0	0	0	0
TG	UKBB	EAS	1	83	1626	254.221051216125	0	0	0	0
TG	UKBB	EAS	1	85	958	204.992272377014	0	0	0	0
TG	UKBB	EAS	1	94	353	54.68399477005	0	0	0	0
TG	UKBB	EAS	1	96	1350	352.283974409103	0	0	0	0
TG	UKBB	EAS	1	97	1570	410.57957649231	0	0	0	0
TG	UKBB	EAS	1	100	1650	395.899495840073	0	0	0	0
TG	UKBB	EAS	1	101	1289	176.5054500103	0	0	0	0
TG	UKBB	EAS	1	105	3215	748.21123623848	0	0	0	0
TG	UKBB	EAS	1	124	2078	227.700545549393	0	0	0	0
TG	UKBB	EAS	1	125	2416	683.365918159485	0	0	0	0
TG	UKBB	EAS	1	127	1325	298.134087562561	0	0	0	0
TG	UKBB	EAS	1	129	581	89.4292368888855	0	0	0	0
TG	UKBB	EAS	1	132	1723	426.745414972305	0	0	0	0
TG	UKBB	EAS	1	135	2230	714.33491206169106	0	0	0	0
TG	UKBB	EAS	1	138	1597	396.852117061615	0	0	0	0
TG	UKBB	EAS	1	139	430	55.4039347171783	0	0	0	0
TG	UKBB	EAS	1	143	1210	258.230752229691	0	0	0	0
TG	UKBB	EAS	1	144	749	122.74924659729	0	0	0	0
TG	UKBB	EAS	1	150	1696	335.61138677597	0	0	0	0
TG	UKBB	EAS	1	154	2237	502.241939544678	0	0	0	0
TG	UKBB	EAS	1	155	1128	237.486367940903	0	0	0	0
TG	UKBB	EAS	1	156	1411	222.36906504631	0	0	0	0
TG	UKBB	EAS	1	158	993	221.870020627975	0	0	0	0
TG	UKBB	EAS	1	168	1730	485.580527067184	0	0	0	0
TG	UKBB	EAS	1	182	2209	466.502801418304	0	0	0	0
TG	UKBB	EAS	1	183	2279	653.539175271988	0	0	0	0
TG	UKBB	EAS	1	184	525	79.9894993305206	0	0	0	0
TG	UKBB	EAS	1	187	1542	401.853599309921	0	0	0	0
TG	UKBB	EAS	1	192	1790	424.347612380981	0	0	0	0
TG	UKBB	EAS	1	193	1989	581.1275806427	0	0	0	0
TG	UKBB	EAS	1	201	1846	483.018681526184	0	0	0	0
TG	UKBB	EAS	1	202	1600	412.601722955704	0	0	0	0
TG	UKBB	EAS	1	203	1530	391.176418781281	0	0	0	0
TG	UKBB	EAS	1	207	972	94.9837992191315	0	0	0	0
TG	UKBB	EAS	1	208	1263	299.584941148758	0	0	0	0
TG	UKBB	EAS	1	209	541	78.15158867836	0	0	0	0
TG	UKBB	EAS	1	211	771	113.703306436539	0	0	0	0
TG	UKBB	EAS	1	212	1163	252.940173625946	0	0	0	0
TG	UKBB	EAS	1	213	881	131.535611867905	0	0	0	0
TG	UKBB	EAS	1	214	756	144.73947262764	0	0	0	0
TG	UKBB	EAS	1	217	737	125.300943374634	0	0	0	0
TG	UKBB	EAS	1	219	1622	462.470302343369	0	0	0	0
TG	UKBB	EAS	1	221	1783	429.279608249664	0	0	0	0
TG	UKBB	EAS	1	226	672	76.7673027515411	0	0	0	0
TG	UKBB	EAS	1	228	894	181.333413600922	0	0	0	0
TG	UKBB	EAS	1	233	2269	488.26197886467	0	0	0	0
TG	UKBB	EAS	1	234	2668	750.349371671677	0	0	0	0
TG	UKBB	EAS	1	235	1504	394.392274856567	0	0	0	0
TG	UKBB	EAS	1	238	3673	1152.79272389412	0	0	0	0
TG	UKBB	EAS	1	239	994	84.979453086853	0	0	0	0
TG	UKBB	EAS	1	240	3916	981.040870666504	0	0	0	0
TG	UKBB	EAS	1	242	606	88.7807111740112	0	0	0	0
TG	UKBB	EAS	1	243	927	176.750253915787	0	0	0	0
TG	UKBB	EAS	1	244	2078	471.753625392914	0	0	0	0
TG	UKBB	EAS	1	248	1132	188.750957965851	0	0	0	0
TG	UKBB	EAS	1	252	730	57.7386710643768	0	0	0	0
TG	UKBB	EAS	1	254	1159	268.702342987061	0	0	0	0
TG	UKBB	EAS	1	255	920	112.979476451874	0	0	0	0
TG	UKBB	EAS	1	257	1136	271.725976467133	0	0	0	0
TG	UKBB	EAS	1	264	894	177.27101111412	0	0	0	0
TG	UKBB	EAS	1	274	1896	205.279916286469	0	0	0	0
TG	UKBB	EAS	1	277	352	17.182986497879	0	0	0	0
TG	UKBB	EAS	1	280	3083	461.338085889816	0	0	0	0
TG	UKBB	EAS	2	1	541	87.6933763027191	0	0	0	0
TG	UKBB	EAS	2	2	3005	933.726623773575	0	0	0	0
TG	UKBB	EAS	2	6	901	175.040515899658	0	0	0	0
TG	UKBB	EAS	2	7	670	121.50044631958	0	0	0	0
TG	UKBB	EAS	2	21	349	46.1524841785431	0	0	0	0
TG	UKBB	EAS	2	34	2097	584.57675743103	0	0	0	0
TG	UKBB	EAS	2	41	1052	177.122773885727	0	0	0	0
TG	UKBB	EAS	2	43	198	22.0698173046112	0	0	0	0
TG	UKBB	EAS	2	44	842	150.874042749405	0	0	0	0
TG	UKBB	EAS	2	45	1785	424.346551418304	0	0	0	0
TG	UKBB	EAS	2	47	2124	457.940510988235	0	0	0	0
TG	UKBB	EAS	2	48	1188	230.909206628799	0	0	0	0
TG	UKBB	EAS	2	49	1484	258.313189268112	0	0	0	0
TG	UKBB	EAS	2	50	1391	284.944283246994	0	0	0	0
TG	UKBB	EAS	2	55	2789	946.018249511719	0	0	0	0
TG	UKBB	EAS	2	63	1275	258.644638538361	0	0	0	0
TG	UKBB	EAS	2	66	3593	1148.41504192352	0	0	0	0
TG	UKBB	EAS	2	69	1980	521.317436218262	0	0	0	0
TG	UKBB	EAS	2	71	1182	290.767743825912	0	0	0	0
TG	UKBB	EAS	2	72	2429	254.080325126648	0	0	0	0
TG	UKBB	EAS	2	74	836	146.712003469467	0	0	0	0
TG	UKBB	EAS	2	76	1161	257.157813310623	0	0	0	0
TG	UKBB	EAS	2	79	1438	341.188585519791	0	0	0	0
TG	UKBB	EAS	2	80	3931	1423.79748368263	0	0	0	0
TG	UKBB	EAS	2	84	5569	1561.95728373528	0	0	0	0
TG	UKBB	EAS	2	85	5454	2181.24221014977	0	0	0	0
TG	UKBB	EAS	2	86	1889	527.308240175247	0	0	0	0
TG	UKBB	EAS	2	87	653	67.8232133388519	0	0	0	0
TG	UKBB	EAS	2	88	5432	1486.4042429924	0	0	0	0
TG	UKBB	EAS	2	89	1036	144.213048458099	0	0	0	0
TG	UKBB	EAS	2	90	1250	273.315492630005	0	0	0	0
TG	UKBB	EAS	2	95	1313	216.95357465744	0	0	0	0
TG	UKBB	EAS	2	99	1082	253.519960403442	0	0	0	0
TG	UKBB	EAS	2	115	2652	737.608968734741	0	0	0	0
TG	UKBB	EAS	2	117	1250	293.074891805649	0	0	0	0
TG	UKBB	EAS	2	122	954	190.577526807785	0	0	0	0
TG	UKBB	EAS	2	123	54	4.27389025688171	0	0	0	0
TG	UKBB	EAS	2	124	1715	465.401380300522	0	0	0	0
TG	UKBB	EAS	2	125	1569	344.924509048462	0	0	0	0
TG	UKBB	EAS	2	128	2399	748.672807455063	0	0	0	0
TG	UKBB	EAS	2	131	83	5.61568427085876	0	0	0	0
TG	UKBB	EAS	2	132	283	21.1416220664978	0	0	0	0
TG	UKBB	EAS	2	138	2235	267.543247938156	0	0	0	0
TG	UKBB	EAS	2	153	1814	476.884836912155	0	0	0	0
TG	UKBB	EAS	2	159	3979	1107.93258333206	0	0	0	0
TG	UKBB	EAS	2	161	2516	304.801641702652	0	0	0	0
TG	UKBB	EAS	2	164	402	51.9248175621033	0	0	0	0
TG	UKBB	EAS	2	166	3733	914.941450119019	0	0	0	0
TG	UKBB	EAS	2	168	1554	383.656426668167	0	0	0	0
TG	UKBB	EAS	2	169	2100	642.862847089767	0	0	0	0
TG	UKBB	EAS	2	171	2541	788.066061019897	0	0	0	0
TG	UKBB	EAS	2	174	707	114.661604404449	0	0	0	0
TG	UKBB	EAS	2	176	2565	651.041137456894	0	0	0	0
TG	UKBB	EAS	2	180	1515	292.185648441315	0	0	0	0
TG	UKBB	EAS	2	181	2213	580.62176156044	0	0	0	0
TG	UKBB	EAS	2	184	3316	1077.88695526123	0	0	0	0
TG	UKBB	EAS	2	186	2424	654.365749120712	0	0	0	0
TG	UKBB	EAS	2	195	3986	1626.5565340519	0	0	0	0
TG	UKBB	EAS	2	197	1975	311.30930185318	0	0	0	0
TG	UKBB	EAS	2	198	1147	260.633183717728	0	0	0	0
TG	UKBB	EAS	2	199	2235	641.354801654816	0	0	0	0
TG	UKBB	EAS	2	201	1907	347.800048589706	0	0	0	0
TG	UKBB	EAS	2	202	249	28.026157617569	0	0	0	0
TG	UKBB	EAS	2	205	967	199.927220582962	0	0	0	0
TG	UKBB	EAS	2	210	1272	271.159383296967	0	0	0	0
TG	UKBB	EAS	2	211	1675	441.604223012924	0	0	0	0
TG	UKBB	EAS	2	213	3632	1076.58705353737	0	0	0	0
TG	UKBB	EAS	2	214	908	144.643806934357	0	0	0	0
TG	UKBB	EAS	2	217	879	69.968376159668	0	0	0	0
TG	UKBB	EAS	2	218	734	134.456212043762	0	0	0	0
TG	UKBB	EAS	2	230	1119	211.505492925644	0	0	0	0
TG	UKBB	EAS	2	231	549	82.8585681915283	0	0	0	0
TG	UKBB	EAS	2	235	757	117.298574447632	0	0	0	0
TG	UKBB	EAS	2	237	1448	348.40647649765	0	0	0	0
TG	UKBB	EAS	2	240	1471	365.628172397614	0	0	0	0
TG	UKBB	EAS	2	242	1608	266.780933856964	0	0	0	0
TG	UKBB	EAS	2	250	3431	1053.38976621628	0	0	0	0
TG	UKBB	EAS	2	251	894	171.462167739868	0	0	0	0
TG	UKBB	EAS	2	256	1583	435.035719394684	0	0	0	0
TG	UKBB	EAS	3	1	6691	2483.64890360832	0	0	0	0
TG	UKBB	EAS	3	8	478	57.3801422119141	0	0	0	0
TG	UKBB	EAS	3	9	543	81.2082903385162	0	0	0	0
TG	UKBB	EAS	3	20	1853	464.98654794693	0	0	0	0
TG	UKBB	EAS	3	23	1185	207.940186977386	0	0	0	0
TG	UKBB	EAS	3	24	2011	431.095440626144	0	0	0	0
TG	UKBB	EAS	3	30	1895	471.599132299423	0	0	0	0
TG	UKBB	EAS	3	31	1071	213.204300880432	0	0	0	0
TG	UKBB	EAS	3	33	563	24.9509134292603	0	0	1	28
TG	UKBB	EAS	3	35	2312	593.779018163681	0	0	0	0
TG	UKBB	EAS	3	39	3330	832.61517739296	0	0	0	0
TG	UKBB	EAS	3	40	1470	345.474053621292	0	0	0	0
TG	UKBB	EAS	3	41	2429	286.227735757828	0	0	0	0
TG	UKBB	EAS	3	49	3126	818.943915128708	0	0	0	0
TG	UKBB	EAS	3	55	843	154.489835977554	0	0	0	0
TG	UKBB	EAS	3	57	1232	288.645043849945	0	0	0	0
TG	UKBB	EAS	3	60	2743	927.021766424179	0	0	0	0
TG	UKBB	EAS	3	62	1236	286.526614189148	0	0	0	0
TG	UKBB	EAS	3	65	868	166.737879753113	0	0	0	0
TG	UKBB	EAS	3	70	2150	661.095808744431	0	0	0	0
TG	UKBB	EAS	3	71	1877	543.080201148987	0	0	0	0
TG	UKBB	EAS	3	77	3555	830.454184055328	0	0	0	0
TG	UKBB	EAS	3	83	3298	1059.40726613998	0	0	0	0
TG	UKBB	EAS	3	85	1564	305.701990365982	0	0	0	0
TG	UKBB	EAS	3	88	2047	239.182054042816	0	0	0	0
TG	UKBB	EAS	3	89	1645	220.94092297554	0	0	0	0
TG	UKBB	EAS	3	114	1105	237.074306249619	0	0	0	0
TG	UKBB	EAS	3	115	1722	427.835584878922	0	0	0	0
TG	UKBB	EAS	3	120	1615	390.205297470093	0	0	0	0
TG	UKBB	EAS	3	121	1917	555.186492919922	0	0	0	0
TG	UKBB	EAS	3	124	298	34.832216501236	0	0	0	0
TG	UKBB	EAS	3	132	2587	562.725642681122	0	0	0	0
TG	UKBB	EAS	3	133	1524	160.122368335724	0	0	0	0
TG	UKBB	EAS	3	136	926	190.361800432205	0	0	0	0
TG	UKBB	EAS	3	140	1961	535.89430475235	0	0	0	0
TG	UKBB	EAS	3	145	2316	580.265782117844	0	0	0	0
TG	UKBB	EAS	3	150	1599	404.158941030502	0	0	0	0
TG	UKBB	EAS	3	155	1767	496.00103187561	0	0	0	0
TG	UKBB	EAS	3	161	2548	709.495971918106	0	0	0	0
TG	UKBB	EAS	3	162	3192	836.240637302399	0	0	0	0
TG	UKBB	EAS	3	172	1347	302.80961728096	0	0	0	0
TG	UKBB	EAS	3	173	728	132.01895403862	0	0	0	0
TG	UKBB	EAS	3	174	398	58.2626349925995	0	0	0	0
TG	UKBB	EAS	3	175	600	94.8547430038452	0	0	0	0
TG	UKBB	EAS	3	186	2335	667.547031641006	0	0	0	0
TG	UKBB	EAS	3	191	1401	321.802730798721	0	0	0	0
TG	UKBB	EAS	3	193	2086	608.644989728928	0	0	0	0
TG	UKBB	EAS	3	196	261	31.7629272937775	0	0	0	0
TG	UKBB	EAS	3	214	2108	526.365466117859	0	0	0	0
TG	UKBB	EAS	4	1	4516	1552.86305570602	0	0	0	0
TG	UKBB	EAS	4	4	1604	172.378160953522	0	0	0	0
TG	UKBB	EAS	4	19	645	108.270051002502	0	0	0	0
TG	UKBB	EAS	4	21	3556	1106.0652768611899	0	0	0	0
TG	UKBB	EAS	4	28	1873	480.533633947372	0	0	0	0
TG	UKBB	EAS	4	32	2310	549.855776548386	0	0	0	0
TG	UKBB	EAS	4	42	323	40.5680150985718	0	0	0	0
TG	UKBB	EAS	4	43	851	112.403395175934	0	0	0	0
TG	UKBB	EAS	4	48	2013	409.386936664581	0	0	0	0
TG	UKBB	EAS	4	54	4982	1741.79457211494	0	0	0	0
TG	UKBB	EAS	4	55	1857	353.990496397018	0	0	0	0
TG	UKBB	EAS	4	64	3064	795.342100858688	0	0	0	0
TG	UKBB	EAS	4	66	1472	363.594059705734	0	0	0	0
TG	UKBB	EAS	4	74	2261	684.09795165062	0	0	0	0
TG	UKBB	EAS	4	80	2129	591.648905038834	0	0	0	0
TG	UKBB	EAS	4	82	797	143.338894605637	0	0	0	0
TG	UKBB	EAS	4	84	1785	452.93753361702	0	0	0	0
TG	UKBB	EAS	4	87	2896	974.344503641129	0	0	0	0
TG	UKBB	EAS	4	90	1656	438.550965309143	0	0	0	0
TG	UKBB	EAS	4	95	795	144.884372472763	0	0	0	0
TG	UKBB	EAS	4	97	1060	193.955149173737	0	0	0	0
TG	UKBB	EAS	4	101	2078	540.303306341171	0	0	0	0
TG	UKBB	EAS	4	102	1374	321.332313537598	0	0	0	0
TG	UKBB	EAS	4	103	1099	261.306699991226	0	0	0	0
TG	UKBB	EAS	4	109	889	76.4785988330841	0	0	0	0
TG	UKBB	EAS	4	112	2783	697.38583612442	0	0	0	0
TG	UKBB	EAS	4	113	1919	519.510455131531	0	0	0	0
TG	UKBB	EAS	4	114	2139	629.502177000046	0	0	0	0
TG	UKBB	EAS	4	115	992	214.58496260643	0	0	0	0
TG	UKBB	EAS	4	116	1363	234.671046495438	0	0	0	0
TG	UKBB	EAS	4	117	1912	541.788682460785	0	0	0	0
TG	UKBB	EAS	4	121	1719	257.760272264481	0	0	0	0
TG	UKBB	EAS	4	122	807	151.557050466537	0	0	0	0
TG	UKBB	EAS	4	133	1710	457.593535423279	0	0	0	0
TG	UKBB	EAS	4	134	3496	1135.18562459946	0	0	0	0
TG	UKBB	EAS	4	136	3074	1010.04742646217	0	0	0	0
TG	UKBB	EAS	4	139	3664	774.153348445892	0	0	0	0
TG	UKBB	EAS	4	147	857	163.527896881104	0	0	0	0
TG	UKBB	EAS	4	148	1306	293.653932094574	0	0	0	0
TG	UKBB	EAS	4	149	1898	511.338426113129	0	0	0	0
TG	UKBB	EAS	4	150	1949	555.065667390823	0	0	0	0
TG	UKBB	EAS	4	153	2095	515.899339675903	0	0	0	0
TG	UKBB	EAS	4	154	898	168.537744760513	0	0	0	0
TG	UKBB	EAS	4	156	2926	832.092979669571	0	0	0	0
TG	UKBB	EAS	4	159	793	128.826504945755	0	0	0	0
TG	UKBB	EAS	4	161	618	91.0897436141968	0	0	0	0
TG	UKBB	EAS	4	162	1463	227.447922468185	0	0	0	0
TG	UKBB	EAS	4	165	1470	316.429030179977	0	0	0	0
TG	UKBB	EAS	4	180	2055	576.232255935669	0	0	0	0
TG	UKBB	EAS	4	184	1068	237.576887130737	0	0	0	0
TG	UKBB	EAS	4	199	385	52.202136516571	0	0	0	0
TG	UKBB	EAS	5	27	3600	930.467557907104	0	0	0	0
TG	UKBB	EAS	5	33	1072	207.108906745911	0	0	0	0
TG	UKBB	EAS	5	49	572	94.9461770057678	0	0	0	0
TG	UKBB	EAS	5	64	2480	588.913893461227	0	0	0	0
TG	UKBB	EAS	5	66	1428	320.198567152023	0	0	0	0
TG	UKBB	EAS	5	68	496	72.21080493927	0	0	0	0
TG	UKBB	EAS	5	69	876	166.276490688324	0	0	0	0
TG	UKBB	EAS	5	71	2865	743.849378585815	0	0	0	0
TG	UKBB	EAS	5	72	2762	898.98376083374	0	0	0	0
TG	UKBB	EAS	5	74	3392	1019.28318810463	0	0	0	0
TG	UKBB	EAS	5	78	532	86.5584816932678	0	0	0	0
TG	UKBB	EAS	5	81	1419	325.36114358902	0	0	0	0
TG	UKBB	EAS	5	85	2503	724.422958135605	0	0	0	0
TG	UKBB	EAS	5	88	846	62.8919749259949	0	0	0	0
TG	UKBB	EAS	5	92	1474	149.361582756042	0	0	0	0
TG	UKBB	EAS	5	96	1847	476.580207586288	0	0	0	0
TG	UKBB	EAS	5	97	1529	337.692467927933	0	0	0	0
TG	UKBB	EAS	5	102	2227	580.902311086655	0	0	0	0
TG	UKBB	EAS	5	103	1600	306.651345968246	0	0	0	0
TG	UKBB	EAS	5	108	822	147.564337253571	0	0	0	0
TG	UKBB	EAS	5	109	1120	260.384120702744	0	0	0	0
TG	UKBB	EAS	5	111	2582	791.104683160782	0	0	0	0
TG	UKBB	EAS	5	114	5433	1455.65354847908	0	0	0	0
TG	UKBB	EAS	5	116	2653	855.844492912292	0	0	0	0
TG	UKBB	EAS	5	120	2525	691.914084196091	0	0	0	0
TG	UKBB	EAS	5	127	3422	495.507811546326	0	0	0	0
TG	UKBB	EAS	5	130	2746	819.53839635849	0	0	0	0
TG	UKBB	EAS	5	136	2489	767.832167625427	0	0	0	0
TG	UKBB	EAS	5	142	1516	375.246579170227	0	0	0	0
TG	UKBB	EAS	5	145	2541	819.064817905426	0	0	0	0
TG	UKBB	EAS	5	146	2114	514.524206876755	0	0	0	0
TG	UKBB	EAS	5	147	1157	105.838141202927	0	0	0	0
TG	UKBB	EAS	5	152	3335	1128.29908227921	0	0	0	0
TG	UKBB	EAS	5	156	1640	394.282841920853	0	0	0	0
TG	UKBB	EAS	5	158	1297	252.131923913956	0	0	0	0
TG	UKBB	EAS	5	159	242	17.3033466339111	0	0	0	0
TG	UKBB	EAS	5	164	1293	189.94375538826	0	0	0	0
TG	UKBB	EAS	5	166	1939	519.29282784462	0	0	0	0
TG	UKBB	EAS	5	167	1337	317.359391689301	0	0	0	0
TG	UKBB	EAS	5	168	1769	413.059572935104	0	0	0	0
TG	UKBB	EAS	5	174	1898	484.777271032333	0	0	0	0
TG	UKBB	EAS	5	177	1260	196.468393087387	0	0	0	0
TG	UKBB	EAS	5	181	572	39.3838980197906	0	0	0	0
TG	UKBB	EAS	5	182	807	138.593846797943	0	0	0	0
TG	UKBB	EAS	5	191	2518	627.932945489883	0	0	0	0
TG	UKBB	EAS	5	192	393	50.8299949169159	0	0	0	0
TG	UKBB	EAS	5	193	618	102.180652856827	0	0	0	0
TG	UKBB	EAS	5	194	623	75.588564157486	0	0	0	0
TG	UKBB	EAS	5	202	524	60.2410883903503	0	0	0	0
TG	UKBB	EAS	5	205	955	133.512449264526	0	0	0	0
TG	UKBB	EAS	6	3	365	52.9579439163208	0	0	0	0
TG	UKBB	EAS	6	19	1691	435.228342533112	0	0	0	0
TG	UKBB	EAS	6	21	1274	264.500994443893	0	0	0	0
TG	UKBB	EAS	6	27	1100	101.505820512772	0	0	0	0
TG	UKBB	EAS	6	29	1626	417.533073425293	0	0	0	0
TG	UKBB	EAS	6	32	575	93.9524867534637	0	0	0	0
TG	UKBB	EAS	6	39	2821	787.671755075455	0	0	0	0
TG	UKBB	EAS	6	43	1686	296.772792100906	0	0	0	0
TG	UKBB	EAS	6	46	173	17.9724559783936	0	0	0	0
TG	UKBB	EAS	6	47	2347	584.413112878799	0	0	0	0
TG	UKBB	EAS	6	51	3622	1059.51375341415	0	0	0	0
TG	UKBB	EAS	6	52	1151	225.697718143463	0	0	0	0
TG	UKBB	EAS	6	53	982	160.634378194809	0	0	0	0
TG	UKBB	EAS	6	56	963	194.454532623291	0	0	0	0
TG	UKBB	EAS	6	57	1168	275.122966527939	0	0	0	0
TG	UKBB	EAS	6	58	1660	174.285418272018	0	0	0	0
TG	UKBB	EAS	6	60	866	114.247087001801	0	0	0	0
TG	UKBB	EAS	6	63	1509	336.75604391098	0	0	0	0
TG	UKBB	EAS	6	64	128	7.18996167182922	0	0	0	0
TG	UKBB	EAS	6	73	297	36.8691267967224	0	0	0	0
TG	UKBB	EAS	6	74	923	173.479552030563	0	0	0	0
TG	UKBB	EAS	6	75	307	36.1335060596466	0	0	0	0
TG	UKBB	EAS	6	76	3661	1193.15083479881	0	0	0	0
TG	UKBB	EAS	6	81	3381	1058.71186280251	0	0	0	0
TG	UKBB	EAS	6	88	5034	1912.81620001793	0	0	0	0
TG	UKBB	EAS	6	94	2667	833.973321437836	0	0	0	0
TG	UKBB	EAS	6	97	1728	405.21270442009	0	0	0	0
TG	UKBB	EAS	6	98	2012	550.338558197021	0	0	0	0
TG	UKBB	EAS	6	99	2174	593.986643314362	0	0	0	0
TG	UKBB	EAS	6	100	37	2.10639238357544	0	0	0	0
TG	UKBB	EAS	6	105	1883	521.452406406403	0	0	0	0
TG	UKBB	EAS	6	106	1723	336.511740446091	0	0	0	0
TG	UKBB	EAS	6	108	542	86.7660973072052	0	0	0	0
TG	UKBB	EAS	6	109	1658	355.392849683762	0	0	0	0
TG	UKBB	EAS	6	111	1192	243.956360578537	0	0	0	0
TG	UKBB	EAS	6	112	1708	421.999215602875	0	0	0	0
TG	UKBB	EAS	6	116	2412	311.618659734726	0	0	0	0
TG	UKBB	EAS	6	124	1887	500.541734695435	0	0	0	0
TG	UKBB	EAS	6	125	1053	198.351561784744	0	0	0	0
TG	UKBB	EAS	6	127	1189	229.178574800491	0	0	0	0
TG	UKBB	EAS	6	130	2445	690.665288448334	0	0	0	0
TG	UKBB	EAS	6	140	1329	308.312842130661	0	0	0	0
TG	UKBB	EAS	6	146	905	127.926195144653	0	0	0	0
TG	UKBB	EAS	6	149	2758	739.988636255264	0	0	0	0
TG	UKBB	EAS	6	154	1531	311.285084962845	0	0	0	0
TG	UKBB	EAS	6	157	793	142.203872203827	0	0	0	0
TG	UKBB	EAS	6	158	1566	359.755606889725	0	0	0	0
TG	UKBB	EAS	6	160	2007	570.157950878143	0	0	0	0
TG	UKBB	EAS	6	161	1467	275.890425920486	0	0	0	0
TG	UKBB	EAS	6	169	3456	1096.38293981552	0	0	0	0
TG	UKBB	EAS	6	173	2203	588.433830738068	0	0	0	0
TG	UKBB	EAS	6	175	944	155.881658554077	0	0	0	0
TG	UKBB	EAS	6	178	728	117.318724870682	0	0	0	0
TG	UKBB	EAS	6	179	1219	258.798559188843	0	0	0	0
TG	UKBB	EAS	6	182	1768	331.595501184464	0	0	0	0
TG	UKBB	EAS	7	3	864	175.275002002716	0	0	0	0
TG	UKBB	EAS	7	8	2988	1043.31519341469	0	0	0	0
TG	UKBB	EAS	7	11	624	95.00426197052	0	0	0	0
TG	UKBB	EAS	7	12	2161	467.239375829697	0	0	0	0
TG	UKBB	EAS	7	13	885	127.667105913162	0	0	0	0
TG	UKBB	EAS	7	25	2912	379.486009597778	0	0	0	0
TG	UKBB	EAS	7	26	2475	515.679593086243	0	0	0	0
TG	UKBB	EAS	7	29	1717	381.995340108871	0	0	0	0
TG	UKBB	EAS	7	30	1762	451.641439676285	0	0	0	0
TG	UKBB	EAS	7	31	1933	526.748467206955	0	0	0	0
TG	UKBB	EAS	7	32	1951	459.636201381683	0	0	0	0
TG	UKBB	EAS	7	33	2427	693.497260808945	0	0	0	0
TG	UKBB	EAS	7	35	2480	823.256625413895	0	0	0	0
TG	UKBB	EAS	7	37	2293	527.808147668839	0	0	0	0
TG	UKBB	EAS	7	41	1869	345.366774320602	0	0	0	0
TG	UKBB	EAS	7	42	2014	556.901281118393	0	0	0	0
TG	UKBB	EAS	7	43	2336	567.071899175644	0	0	0	0
TG	UKBB	EAS	7	44	363	46.3578546047211	0	0	0	0
TG	UKBB	EAS	7	45	781	145.912754774094	0	0	0	0
TG	UKBB	EAS	7	48	400	50.0006227493286	0	0	0	0
TG	UKBB	EAS	7	50	1099	218.541370153427	0	0	0	0
TG	UKBB	EAS	7	54	2381	497.548877954483	0	0	0	0
TG	UKBB	EAS	7	58	1730	291.733401298523	0	0	0	0
TG	UKBB	EAS	7	64	171	18.5061976909637	0	0	0	0
TG	UKBB	EAS	7	66	766	106.745866298676	0	0	0	0
TG	UKBB	EAS	7	67	4217	1257.94088745117	0	0	0	0
TG	UKBB	EAS	7	69	1133	266.284382104874	0	0	0	0
TG	UKBB	EAS	7	73	654	114.825372219086	0	0	0	0
TG	UKBB	EAS	7	74	929	93.0872983932495	0	0	0	0
TG	UKBB	EAS	7	85	1621	385.510752916336	0	0	0	0
TG	UKBB	EAS	7	86	511	65.4562585353851	0	0	0	0
TG	UKBB	EAS	7	88	2765	322.209556818008	0	0	0	0
TG	UKBB	EAS	7	93	938	157.68523478508	0	0	0	0
TG	UKBB	EAS	7	95	1241	212.96388053894	0	0	0	0
TG	UKBB	EAS	7	103	1378	345.659256696701	0	0	0	0
TG	UKBB	EAS	7	109	1571	158.676199197769	0	0	0	0
TG	UKBB	EAS	7	114	3618	978.270528078079	0	0	0	0
TG	UKBB	EAS	7	118	647	91.3678557872772	0	0	0	0
TG	UKBB	EAS	7	119	1168	267.857844591141	0	0	0	0
TG	UKBB	EAS	7	120	236	26.2409880161285	0	0	0	0
TG	UKBB	EAS	7	121	2813	746.089462041855	0	0	0	0
TG	UKBB	EAS	7	125	1386	291.559119939804	0	0	0	0
TG	UKBB	EAS	7	127	384	50.3706946372986	0	0	0	0
TG	UKBB	EAS	7	128	386	55.4925668239594	0	0	0	0
TG	UKBB	EAS	7	132	3951	688.357864379883	0	0	0	0
TG	UKBB	EAS	7	133	2700	676.291635990143	0	0	0	0
TG	UKBB	EAS	7	143	474	73.6328718662262	0	0	0	0
TG	UKBB	EAS	7	145	1165	113.700949668884	0	0	0	0
TG	UKBB	EAS	7	147	673	87.6790487766266	0	0	0	0
TG	UKBB	EAS	7	148	836	160.011014699936	0	0	0	0
TG	UKBB	EAS	7	161	459	69.0231904983521	0	0	0	0
TG	UKBB	EAS	7	162	2845	779.160554885864	0	0	0	0
TG	UKBB	EAS	7	169	415	47.3205392360687	0	0	0	0
TG	UKBB	EAS	7	177	147	17.3707807064056	0	0	0	0
TG	UKBB	EAS	7	184	1637	407.520568609238	0	0	0	0
TG	UKBB	EAS	8	13	670	101.177174806595	0	0	0	0
TG	UKBB	EAS	8	17	1580	231.140590429306	0	0	0	0
TG	UKBB	EAS	8	20	1833	263.59171462059	0	0	0	0
TG	UKBB	EAS	8	21	2129	574.50950551033	0	0	0	0
TG	UKBB	EAS	8	24	3985	1189.45484828949	0	0	0	0
TG	UKBB	EAS	8	27	1246	163.419577121735	0	0	0	0
TG	UKBB	EAS	8	28	968	134.474717140198	0	0	0	0
TG	UKBB	EAS	8	29	3750	1199.71941781044	0	0	0	0
TG	UKBB	EAS	8	31	294	31.315723657608	0	0	0	0
TG	UKBB	EAS	8	32	1908	372.631484985352	0	0	0	0
TG	UKBB	EAS	8	33	1904	547.203768253326	0	0	0	0
TG	UKBB	EAS	8	34	704	122.064141273499	0	0	0	0
TG	UKBB	EAS	8	35	758	140.663305282593	0	0	0	0
TG	UKBB	EAS	8	38	591	92.1982181072235	0	0	0	0
TG	UKBB	EAS	8	39	1464	366.510336399078	0	0	0	0
TG	UKBB	EAS	8	40	1685	336.407335042953	0	0	0	0
TG	UKBB	EAS	8	41	1191	222.347972154617	0	0	0	0
TG	UKBB	EAS	8	42	2243	594.061352968216	0	0	0	0
TG	UKBB	EAS	8	46	618	91.3907544612885	0	0	0	0
TG	UKBB	EAS	8	48	1751	470.182535409927	0	0	0	0
TG	UKBB	EAS	8	51	1968	353.326962947845	0	0	0	0
TG	UKBB	EAS	8	53	1091	216.809937238693	0	0	0	0
TG	UKBB	EAS	8	54	314	42.2249546051025	0	0	0	0
TG	UKBB	EAS	8	55	798	148.565050601959	0	0	0	0
TG	UKBB	EAS	8	65	1075	239.239438772202	0	0	0	0
TG	UKBB	EAS	8	66	2154	467.908512353897	0	0	0	0
TG	UKBB	EAS	8	68	1652	374.009307861328	0	0	0	0
TG	UKBB	EAS	8	69	2954	874.656539916992	0	0	0	0
TG	UKBB	EAS	8	71	1849	524.892732143402	0	0	0	0
TG	UKBB	EAS	8	77	1527	278.329972505569	0	0	0	0
TG	UKBB	EAS	8	78	391	50.8783304691315	0	0	0	0
TG	UKBB	EAS	8	80	756	146.25767159462	0	0	0	0
TG	UKBB	EAS	8	83	3100	785.699288129807	0	0	0	0
TG	UKBB	EAS	8	84	3880	995.914721488953	0	0	0	0
TG	UKBB	EAS	8	85	1173	103.831604957581	0	0	0	0
TG	UKBB	EAS	8	86	136	8.76156497001648	0	0	0	0
TG	UKBB	EAS	8	88	1997	299.010707139969	0	0	0	0
TG	UKBB	EAS	8	92	2169	591.495127677917	0	0	0	0
TG	UKBB	EAS	8	107	643	112.955447435379	0	0	0	0
TG	UKBB	EAS	8	108	3178	790.979452610016	0	0	0	0
TG	UKBB	EAS	8	113	1184	222.457014799118	0	0	0	0
TG	UKBB	EAS	8	114	1094	222.137514591217	0	0	0	0
TG	UKBB	EAS	8	124	1050	216.396827459335	0	0	0	0
TG	UKBB	EAS	8	125	447	46.7364201545715	0	0	0	0
TG	UKBB	EAS	8	126	166	15.8747720718384	0	0	0	0
TG	UKBB	EAS	8	130	959	178.794453859329	0	0	0	0
TG	UKBB	EAS	8	133	1739	329.666768312454	0	0	0	0
TG	UKBB	EAS	8	141	979	191.945311069489	0	0	0	0
TG	UKBB	EAS	8	154	849	93.3090410232544	0	0	0	0
TG	UKBB	EAS	8	159	790	150.332859754562	0	0	0	0
TG	UKBB	EAS	9	1	2816	967.663449287415	0	0	0	0
TG	UKBB	EAS	9	4	1636	411.905926465988	0	0	0	0
TG	UKBB	EAS	9	9	1232	277.542960882187	0	0	0	0
TG	UKBB	EAS	9	13	2361	608.328405618668	0	0	0	0
TG	UKBB	EAS	9	27	3873	1200.53388929367	0	0	0	0
TG	UKBB	EAS	9	28	1342	123.04400396347	0	0	0	0
TG	UKBB	EAS	9	31	2389	565.517102718353	0	0	0	0
TG	UKBB	EAS	9	32	843	146.246025562286	0	0	0	0
TG	UKBB	EAS	9	33	1971	490.680100440979	0	0	0	0
TG	UKBB	EAS	9	39	750	136.03488779068	0	0	0	0
TG	UKBB	EAS	9	41	203	23.3731379508972	0	0	0	0
TG	UKBB	EAS	9	48	427	52.3340787887573	0	0	0	0
TG	UKBB	EAS	9	50	2523	731.080588579178	0	0	0	0
TG	UKBB	EAS	9	53	3107	741.14441037178	0	0	0	0
TG	UKBB	EAS	9	71	162	15.5539643764496	0	0	0	0
TG	UKBB	EAS	9	72	410	61.7363729476929	0	0	0	0
TG	UKBB	EAS	9	77	995	158.892840147018	0	0	0	0
TG	UKBB	EAS	9	84	1517	390.254397630692	0	0	0	0
TG	UKBB	EAS	9	93	1538	403.834183216095	0	0	0	0
TG	UKBB	EAS	9	97	998	47.4789524078369	0	0	0	0
TG	UKBB	EAS	9	98	2676	750.830444097519	0	0	0	0
TG	UKBB	EAS	9	100	2572	798.909417390823	0	0	0	0
TG	UKBB	EAS	9	102	2349	701.031064987183	0	0	0	0
TG	UKBB	EAS	9	105	501	76.0089282989502	0	0	0	0
TG	UKBB	EAS	9	106	1780	432.496445894241	0	0	0	0
TG	UKBB	EAS	9	107	579	94.213187456131	0	0	0	0
TG	UKBB	EAS	9	110	2952	844.332521677017	0	0	0	0
TG	UKBB	EAS	9	111	95	8.75817513465881	0	0	0	0
TG	UKBB	EAS	9	112	2148	522.099398374557	0	0	0	0
TG	UKBB	EAS	9	114	712	128.47482585907	0	0	0	0
TG	UKBB	EAS	9	115	3125	749.551652193069	0	0	0	0
TG	UKBB	EAS	9	116	1530	366.317140340805	0	0	0	0
TG	UKBB	EAS	9	118	3584	1230.63729500771	0	0	0	0
TG	UKBB	EAS	9	124	1370	283.371735095978	0	0	0	0
TG	UKBB	EAS	9	128	97	7.28123998641968	0	0	0	0
TG	UKBB	EAS	9	129	1970	380.661464929581	0	0	0	0
TG	UKBB	EAS	9	134	2705	741.200283288956	0	0	0	0
TG	UKBB	EAS	9	135	1147	91.3910233974457	0	0	0	0
TG	UKBB	EAS	9	136	1597	422.149754047394	0	0	0	0
TG	UKBB	EAS	9	138	2336	573.258072853088	0	0	0	0
TG	UKBB	EAS	9	140	3094	823.684527873993	0	0	0	0
TG	UKBB	EAS	9	142	918	103.94522356987	0	0	0	0
TG	UKBB	EAS	9	149	763	111.785082817078	0	0	0	0
TG	UKBB	EAS	9	160	211	22.2764010429382	0	0	0	0
TG	UKBB	EAS	9	161	277	35.9416704177856	0	0	0	0
TG	UKBB	EAS	10	13	1631	170.493327379227	0	0	0	0
TG	UKBB	EAS	10	14	2195	634.895651817322	0	0	0	0
TG	UKBB	EAS	10	20	69	5.3839476108551	0	0	0	0
TG	UKBB	EAS	10	22	1697	323.770238876343	0	0	0	0
TG	UKBB	EAS	10	26	1946	487.917140722275	0	0	0	0
TG	UKBB	EAS	10	34	662	101.527548313141	0	0	0	0
TG	UKBB	EAS	10	43	1398	291.470674991608	0	0	0	0
TG	UKBB	EAS	10	44	987	202.771078586578	0	0	0	0
TG	UKBB	EAS	10	45	2345	680.790858030319	0	0	0	0
TG	UKBB	EAS	10	48	1935	362.675661325455	0	0	0	0
TG	UKBB	EAS	10	49	1741	423.123501777649	0	0	0	0
TG	UKBB	EAS	10	59	1251	261.789371490479	0	0	0	0
TG	UKBB	EAS	10	60	2404	631.993649959564	0	0	0	0
TG	UKBB	EAS	10	61	845	165.639746427536	0	0	0	0
TG	UKBB	EAS	10	64	332	37.5370256900787	0	0	0	0
TG	UKBB	EAS	10	70	1918	530.509499549866	0	0	0	0
TG	UKBB	EAS	10	76	4127	818.336011648178	0	0	0	0
TG	UKBB	EAS	10	78	1021	91.9626162052155	0	0	0	0
TG	UKBB	EAS	10	79	2127	589.035428524017	0	0	0	0
TG	UKBB	EAS	10	80	1747	346.176960229874	0	0	0	0
TG	UKBB	EAS	10	81	2263	690.939539670944	0	0	0	0
TG	UKBB	EAS	10	84	3091	745.107149839401	0	0	0	0
TG	UKBB	EAS	10	85	584	56.8049657344818	0	0	0	0
TG	UKBB	EAS	10	92	3493	1010.46189022064	0	0	0	0
TG	UKBB	EAS	10	93	510	66.9796795845032	0	0	0	0
TG	UKBB	EAS	10	99	144	14.7347404956818	0	0	0	0
TG	UKBB	EAS	10	100	506	78.1736125946045	0	0	0	0
TG	UKBB	EAS	10	109	2004	295.335851430893	0	0	0	0
TG	UKBB	EAS	10	110	619	87.35511469841	0	0	0	0
TG	UKBB	EAS	10	111	1258	248.081900119781	0	0	0	0
TG	UKBB	EAS	10	112	513	78.8864331245422	0	0	0	0
TG	UKBB	EAS	10	117	2518	676.046875	0	0	0	0
TG	UKBB	EAS	10	120	1897	438.153979063034	0	0	0	0
TG	UKBB	EAS	10	123	1687	374.151730060577	0	0	0	0
TG	UKBB	EAS	10	124	472	68.9719932079315	0	0	0	0
TG	UKBB	EAS	10	126	2444	608.033113479614	0	0	0	0
TG	UKBB	EAS	10	129	2684	861.041619062424	0	0	0	0
TG	UKBB	EAS	10	131	2270	628.30884408950806	0	0	0	0
TG	UKBB	EAS	10	136	3064	471.84610080719	0	0	0	0
TG	UKBB	EAS	10	137	2488	691.429564237595	0	0	0	0
TG	UKBB	EAS	10	138	395	55.5040984153748	0	0	0	0
TG	UKBB	EAS	10	140	305	19.1313467025757	0	0	0	0
TG	UKBB	EAS	10	142	518	81.7096829414368	0	0	0	0
TG	UKBB	EAS	10	144	868	168.913980722427	0	0	0	0
TG	UKBB	EAS	10	145	867	158.155456542969	0	0	0	0
TG	UKBB	EAS	10	148	1318	276.968494176865	0	0	0	0
TG	UKBB	EAS	10	152	1556	112.342706918716	0	0	0	0
TG	UKBB	EAS	10	167	318	42.65367603302	0	0	0	0
TG	UKBB	EAS	10	176	896	171.221240997314	0	0	0	0
TG	UKBB	EAS	10	177	562	92.6953778266907	0	0	0	0
TG	UKBB	EAS	11	2	573	83.6105363368988	0	0	0	0
TG	UKBB	EAS	11	4	703	105.745766162872	0	0	0	0
TG	UKBB	EAS	11	7	585	74.1886019706726	0	0	0	0
TG	UKBB	EAS	11	11	1920	502.291431427002	0	0	0	0
TG	UKBB	EAS	11	14	1490	340.994671106339	0	0	0	0
TG	UKBB	EAS	11	19	662	112.545541763306	0	0	0	0
TG	UKBB	EAS	11	22	660	111.041310548782	0	0	0	0
TG	UKBB	EAS	11	27	1484	284.380912065506	0	0	0	0
TG	UKBB	EAS	11	28	1031	200.925232172012	0	0	0	0
TG	UKBB	EAS	11	29	827	100.394362211227	0	0	0	0
TG	UKBB	EAS	11	33	1486	257.458393096924	0	0	0	0
TG	UKBB	EAS	11	51	1597	335.428524494171	0	0	0	0
TG	UKBB	EAS	11	52	900	161.849971532822	0	0	0	0
TG	UKBB	EAS	11	53	1825	90.8266167640686	0	0	0	0
TG	UKBB	EAS	11	54	1418	297.253906011581	0	0	0	0
TG	UKBB	EAS	11	56	326	35.2936770915985	0	0	0	0
TG	UKBB	EAS	11	57	1172	252.47626709938	0	0	0	0
TG	UKBB	EAS	11	65	1495	329.793533563614	0	0	0	0
TG	UKBB	EAS	11	70	2952	424.300941467285	0	0	0	0
TG	UKBB	EAS	11	75	539	87.5522511005402	0	0	0	0
TG	UKBB	EAS	11	76	1276	280.998244047165	0	0	0	0
TG	UKBB	EAS	11	77	892	163.907339572906	0	0	0	0
TG	UKBB	EAS	11	78	1204	281.343462228775	0	0	0	0
TG	UKBB	EAS	11	79	2866	837.645771741867	0	0	0	0
TG	UKBB	EAS	11	80	1332	250.784279584885	0	0	0	0
TG	UKBB	EAS	11	81	1023	228.221558332443	0	0	0	0
TG	UKBB	EAS	11	83	935	189.834501028061	0	0	0	0
TG	UKBB	EAS	11	89	317	34.0525023937225	0	0	0	0
TG	UKBB	EAS	11	90	2897	765.995850801468	0	0	0	0
TG	UKBB	EAS	11	104	3118	893.798621892929	0	0	0	0
TG	UKBB	EAS	11	108	543	74.4996337890625	0	0	0	0
TG	UKBB	EAS	11	112	2298	671.096687555313	0	0	0	0
TG	UKBB	EAS	11	114	1099	237.818008899689	0	0	0	0
TG	UKBB	EAS	11	117	3270	851.447716474533	0	0	0	0
TG	UKBB	EAS	11	121	1677	419.957555770874	0	0	0	0
TG	UKBB	EAS	11	123	653	111.649377346039	0	0	0	0
TG	UKBB	EAS	11	125	1211	285.196358680725	0	0	0	0
TG	UKBB	EAS	11	126	2925	716.939292907715	0	0	0	0
TG	UKBB	EAS	11	127	280	29.872077703476	0	0	0	0
TG	UKBB	EAS	11	128	230	25.9101507663727	0	0	0	0
TG	UKBB	EAS	11	129	1763	22.1351780891418	0	1	1	2
TG	UKBB	EAS	11	130	988	163.188669919968	0	0	0	0
TG	UKBB	EAS	11	131	212	18.8294014930725	0	0	0	0
TG	UKBB	EAS	11	133	1650	410.046733379364	0	0	0	0
TG	UKBB	EAS	11	134	2063	573.057257175446	0	0	0	0
TG	UKBB	EAS	11	138	807	106.279456853867	0	0	0	0
TG	UKBB	EAS	11	140	836	91.5437726974487	0	0	0	0
TG	UKBB	EAS	11	147	2780	729.166272878647	0	0	0	0
TG	UKBB	EAS	11	149	2280	683.29998588562	0	0	0	0
TG	UKBB	EAS	11	151	1059	232.303061962128	0	0	0	0
TG	UKBB	EAS	11	162	979	114.759046316147	0	0	0	0
TG	UKBB	EAS	12	1	917	168.046079397202	0	0	0	0
TG	UKBB	EAS	12	4	938	119.502719402313	0	0	0	0
TG	UKBB	EAS	12	12	545	53.0740098953247	0	0	0	0
TG	UKBB	EAS	12	13	1056	200.415265321732	0	0	0	0
TG	UKBB	EAS	12	17	579	69.7587900161743	0	0	0	0
TG	UKBB	EAS	12	18	1483	361.366029500961	0	0	0	0
TG	UKBB	EAS	12	23	2169	467.760107755661	0	0	0	0
TG	UKBB	EAS	12	26	374	48.7367160320282	0	0	0	0
TG	UKBB	EAS	12	28	1165	237.742240190506	0	0	0	0
TG	UKBB	EAS	12	29	235	18.0245218276978	0	0	0	0
TG	UKBB	EAS	12	31	489	28.9627206325531	0	0	0	0
TG	UKBB	EAS	12	32	1680	427.883162260056	0	0	0	0
TG	UKBB	EAS	12	33	1543	287.269385814667	0	0	0	0
TG	UKBB	EAS	12	34	1271	297.08323264122	0	0	0	0
TG	UKBB	EAS	12	35	723	121.951251745224	0	0	0	0
TG	UKBB	EAS	12	38	2338	305.618374109268	0	0	0	0
TG	UKBB	EAS	12	40	788	146.065666675568	0	0	0	0
TG	UKBB	EAS	12	41	448	19.776181936264	0	0	0	0
TG	UKBB	EAS	12	42	3134	890.510249614716	0	0	0	0
TG	UKBB	EAS	12	45	1300	283.014723777771	0	0	0	0
TG	UKBB	EAS	12	47	523	68.7828426361084	0	0	0	0
TG	UKBB	EAS	12	48	2027	217.106850862503	0	0	0	0
TG	UKBB	EAS	12	49	2015	415.691193580627	0	0	0	0
TG	UKBB	EAS	12	51	1334	304.644133090973	0	0	0	0
TG	UKBB	EAS	12	57	2493	492.340204238892	0	0	0	0
TG	UKBB	EAS	12	58	1554	405.086946487427	0	0	0	0
TG	UKBB	EAS	12	59	2458	527.393044710159	0	0	0	0
TG	UKBB	EAS	12	60	1099	204.750205993652	0	0	0	0
TG	UKBB	EAS	12	62	856	151.383185863495	0	0	0	0
TG	UKBB	EAS	12	63	1804	383.397193670273	0	0	0	0
TG	UKBB	EAS	12	64	900	148.453746080399	0	0	0	0
TG	UKBB	EAS	12	66	1741	443.184445619583	0	0	0	0
TG	UKBB	EAS	12	67	898	173.534603834152	0	0	0	0
TG	UKBB	EAS	12	68	447	48.744372844696	0	0	0	0
TG	UKBB	EAS	12	69	1754	431.918043136597	0	0	0	0
TG	UKBB	EAS	12	70	448	69.7109987735748	0	0	0	0
TG	UKBB	EAS	12	71	1894	485.562592506409	0	0	0	0
TG	UKBB	EAS	12	72	6259	2106.65338516235	0	0	0	0
TG	UKBB	EAS	12	73	1640	410.155575990677	0	0	0	0
TG	UKBB	EAS	12	74	1799	392.670775175095	0	0	0	0
TG	UKBB	EAS	12	75	272	33.0457625389099	0	0	0	0
TG	UKBB	EAS	12	76	1204	244.727266073227	0	0	0	0
TG	UKBB	EAS	12	77	907	150.65787768364	0	0	0	0
TG	UKBB	EAS	12	80	2227	461.882165193558	0	0	0	0
TG	UKBB	EAS	12	88	2040	470.755832433701	0	0	0	0
TG	UKBB	EAS	12	92	2960	1045.56647372246	0	0	0	0
TG	UKBB	EAS	12	94	2620	671.608980417252	0	0	0	0
TG	UKBB	EAS	12	102	702	126.800550937653	0	0	0	0
TG	UKBB	EAS	12	103	329	40.021755695343	0	0	0	0
TG	UKBB	EAS	12	104	2004	425.887234210968	0	0	0	0
TG	UKBB	EAS	12	113	1649	379.794102430344	0	0	0	0
TG	UKBB	EAS	12	114	1565	155.250374794006	0	0	0	0
TG	UKBB	EAS	12	117	2031	557.853620290756	0	0	0	0
TG	UKBB	EAS	12	119	2877	261.895014762878	0	0	0	0
TG	UKBB	EAS	12	120	708	117.784781694412	0	0	0	0
TG	UKBB	EAS	12	121	1397	278.381455898285	0	0	0	0
TG	UKBB	EAS	12	122	2020	449.132098436356	0	0	0	0
TG	UKBB	EAS	12	125	2224	512.951251745224	0	0	0	0
TG	UKBB	EAS	12	128	296	39.329193353653	0	0	0	0
TG	UKBB	EAS	12	132	1533	148.312319993973	0	0	0	0
TG	UKBB	EAS	12	138	2656	508.338454246521	0	0	0	0
TG	UKBB	EAS	12	139	3228	649.080460309982	0	0	0	0
TG	UKBB	EAS	12	140	642	90.077728509903	0	0	0	0
TG	UKBB	EAS	12	141	976	206.409307956696	0	0	0	0
TG	UKBB	EAS	13	8	1612	156.540153503418	0	0	0	0
TG	UKBB	EAS	13	13	914	193.902047872543	0	0	0	0
TG	UKBB	EAS	13	16	1412	332.166375637054	0	0	0	0
TG	UKBB	EAS	13	20	1494	370.942203044891	0	0	0	0
TG	UKBB	EAS	13	21	1710	450.191648483276	0	0	0	0
TG	UKBB	EAS	13	36	1235	294.594837427139	0	0	0	0
TG	UKBB	EAS	13	40	1375	283.216382026672	0	0	0	0
TG	UKBB	EAS	13	45	1511	357.465688228607	0	0	0	0
TG	UKBB	EAS	13	47	1014	198.999366283417	0	0	0	0
TG	UKBB	EAS	13	50	2999	367.675299406052	0	0	0	0
TG	UKBB	EAS	13	53	1541	301.236170768738	0	0	0	0
TG	UKBB	EAS	13	54	5691	1743.86556601524	0	0	0	0
TG	UKBB	EAS	13	55	2213	550.178958177567	0	0	0	0
TG	UKBB	EAS	13	58	3023	460.472608804703	0	0	0	0
TG	UKBB	EAS	13	60	1803	421.941477298737	0	0	0	0
TG	UKBB	EAS	13	64	800	133.231113433838	0	0	0	0
TG	UKBB	EAS	13	70	1959	355.374651908875	0	0	0	0
TG	UKBB	EAS	13	72	1249	251.713232040405	0	0	0	0
TG	UKBB	EAS	13	84	857	154.90438246727	0	0	0	0
TG	UKBB	EAS	13	88	583	82.1448919773102	0	0	0	0
TG	UKBB	EAS	13	90	2233	626.273488759995	0	0	0	0
TG	UKBB	EAS	13	95	567	87.6253137588501	0	0	0	0
TG	UKBB	EAS	13	96	732	127.492990016937	0	0	0	0
TG	UKBB	EAS	13	108	438	37.1251435279846	0	0	0	0
TG	UKBB	EAS	13	115	720	126.914086103439	0	0	0	0
TG	UKBB	EAS	13	118	1256	282.990282773972	0	0	0	0
TG	UKBB	EAS	13	125	1251	232.468001365662	0	0	0	0
TG	UKBB	EAS	14	11	497	70.8689022064209	0	0	0	0
TG	UKBB	EAS	14	13	208	21.6505882740021	0	0	0	0
TG	UKBB	EAS	14	14	2502	484.663985490799	0	0	0	0
TG	UKBB	EAS	14	19	1553	274.749153375626	0	0	0	0
TG	UKBB	EAS	14	24	717	98.0695750713348	0	0	0	0
TG	UKBB	EAS	14	31	2171	586.414881467819	0	0	0	0
TG	UKBB	EAS	14	35	2687	327.283067703247	0	0	0	0
TG	UKBB	EAS	14	42	1241	275.121360778809	0	0	0	0
TG	UKBB	EAS	14	44	1494	153.370725870132	0	0	0	0
TG	UKBB	EAS	14	46	1061	223.975809335709	0	0	0	0
TG	UKBB	EAS	14	47	2029	223.510361909866	0	0	0	0
TG	UKBB	EAS	14	51	2045	517.523971796036	0	0	0	0
TG	UKBB	EAS	14	56	455	62.4395399093628	0	0	0	0
TG	UKBB	EAS	14	57	3666	1257.2145242691	0	0	0	0
TG	UKBB	EAS	14	63	3051	790.221841096878	0	0	0	0
TG	UKBB	EAS	14	64	963	169.042803764343	0	0	0	0
TG	UKBB	EAS	14	66	1420	289.946930646896	0	0	0	0
TG	UKBB	EAS	14	67	1693	387.007438182831	0	0	0	0
TG	UKBB	EAS	14	70	2382	755.66917347908	0	0	0	0
TG	UKBB	EAS	14	72	2984	870.997461557388	0	0	0	0
TG	UKBB	EAS	14	80	339	41.9863548278809	0	0	0	0
TG	UKBB	EAS	14	81	2540	693.436022520065	0	0	0	0
TG	UKBB	EAS	14	84	848	135.405189990997	0	0	0	0
TG	UKBB	EAS	14	95	602	95.8105359077454	0	0	0	0
TG	UKBB	EAS	14	96	188	19.0166330337524	0	0	0	0
TG	UKBB	EAS	14	105	649	111.307263612747	0	0	0	0
TG	UKBB	EAS	14	106	796	124.653696060181	0	0	0	0
TG	UKBB	EAS	14	120	550	74.4156966209412	0	0	0	0
TG	UKBB	EAS	14	121	1667	374.726394176483	0	0	0	0
TG	UKBB	EAS	14	126	1613	350.867471218109	0	0	0	0
TG	UKBB	EAS	14	127	1631	417.24160528183	0	0	0	0
TG	UKBB	EAS	14	129	668	117.626004457474	0	0	0	0
TG	UKBB	EAS	15	22	1976	294.538343191147	0	0	0	0
TG	UKBB	EAS	15	28	1034	183.980308771133	0	0	0	0
TG	UKBB	EAS	15	34	694	120.265840530396	0	0	0	0
TG	UKBB	EAS	15	35	1811	472.079928159714	0	0	0	0
TG	UKBB	EAS	15	37	2023	538.455096006393	0	0	0	0
TG	UKBB	EAS	15	38	2607	794.939057588577	0	0	0	0
TG	UKBB	EAS	15	39	1667	352.995327711105	0	0	0	0
TG	UKBB	EAS	15	41	2065	485.316867351532	0	0	0	0
TG	UKBB	EAS	15	45	4161	1595.0609433651	0	0	0	0
TG	UKBB	EAS	15	48	3917	961.901646137238	0	0	0	0
TG	UKBB	EAS	15	49	436	56.7680943012238	0	0	0	0
TG	UKBB	EAS	15	50	1765	378.927830219269	0	0	0	0
TG	UKBB	EAS	15	52	1349	307.218934297562	0	0	0	0
TG	UKBB	EAS	15	53	226	25.0176131725311	0	0	0	0
TG	UKBB	EAS	15	54	1433	266.652499914169	0	0	0	0
TG	UKBB	EAS	15	56	1276	281.836435317993	0	0	0	0
TG	UKBB	EAS	15	59	2851	706.601494789124	0	0	0	0
TG	UKBB	EAS	15	62	2713	687.00644659996	0	0	0	0
TG	UKBB	EAS	15	64	1180	183.720684051514	0	0	0	0
TG	UKBB	EAS	15	66	2042	483.232883453369	0	0	0	0
TG	UKBB	EAS	15	71	38	2.80609464645386	0	0	0	0
TG	UKBB	EAS	15	72	614	93.8275916576385	0	0	0	0
TG	UKBB	EAS	15	73	430	61.4204838275909	0	0	0	0
TG	UKBB	EAS	15	85	1805	427.531481266022	0	0	0	0
TG	UKBB	EAS	15	99	229	25.5126457214355	0	0	0	0
TG	UKBB	EAS	15	108	510	63.7293026447296	0	0	0	0
TG	UKBB	EAS	15	111	840	125.583676338196	0	0	0	0
TG	UKBB	EAS	15	117	758	95.8168807029724	0	0	0	0
TG	UKBB	EAS	15	118	418	44.851181268692	0	0	0	0
TG	UKBB	EAS	16	1	713	87.1883280277252	0	0	0	0
TG	UKBB	EAS	16	2	155	15.8164710998535	0	0	0	0
TG	UKBB	EAS	16	4	1144	207.440854072571	0	0	0	0
TG	UKBB	EAS	16	5	273	34.1899664402008	0	0	0	0
TG	UKBB	EAS	16	7	1091	213.557629108429	0	0	0	0
TG	UKBB	EAS	16	9	1177	167.990675210953	0	0	0	0
TG	UKBB	EAS	16	17	612	103.277114629745	0	0	0	0
TG	UKBB	EAS	16	24	665	112.717853784561	0	0	0	0
TG	UKBB	EAS	16	25	1356	291.106275558472	0	0	0	0
TG	UKBB	EAS	16	33	2937	831.819931745529	0	0	0	0
TG	UKBB	EAS	16	37	1489	230.875335693359	0	0	0	0
TG	UKBB	EAS	16	59	570	90.3122503757477	0	0	0	0
TG	UKBB	EAS	16	62	979	190.508512496948	0	0	0	0
TG	UKBB	EAS	16	64	288	34.0242042541504	0	0	0	0
TG	UKBB	EAS	16	68	1141	258.166035413742	0	0	0	0
TG	UKBB	EAS	16	75	1947	390.253224372864	0	0	0	0
TG	UKBB	EAS	16	76	1149	204.784964799881	0	0	0	0
TG	UKBB	EAS	16	85	2858	753.553249359131	0	0	0	0
TG	UKBB	EAS	16	88	2372	640.10963010788	0	0	0	0
TG	UKBB	EAS	16	89	3741	842.497319459915	0	0	0	0
TG	UKBB	EAS	16	90	834	127.888602256775	0	0	0	0
TG	UKBB	EAS	16	93	2851	908.380345582962	0	0	0	0
TG	UKBB	EAS	16	94	3918	636.577834844589	0	0	0	0
TG	UKBB	EAS	16	100	149	14.9370920658112	0	0	0	0
TG	UKBB	EAS	16	103	4710	1382.55160880089	0	0	0	0
TG	UKBB	EAS	16	104	1265	289.600195646286	0	0	0	0
TG	UKBB	EAS	16	105	917	149.799852371216	0	0	0	0
TG	UKBB	EAS	16	107	1341	298.51428771019	0	0	0	0
TG	UKBB	EAS	16	110	1062	160.427780866623	0	0	0	0
TG	UKBB	EAS	16	114	209	22.4968602657318	0	0	0	0
TG	UKBB	EAS	16	116	848	95.9889907836914	0	0	0	0
TG	UKBB	EAS	16	119	1365	325.168188333511	0	0	0	0
TG	UKBB	EAS	16	125	500	76.745578289032	0	0	0	0
TG	UKBB	EAS	16	128	2312	688.889056444168	0	0	0	0
TG	UKBB	EAS	17	3	868	144.565877914429	0	0	0	0
TG	UKBB	EAS	17	8	39	1.92250895500183	0	0	0	0
TG	UKBB	EAS	17	9	1433	305.285525798798	0	0	0	0
TG	UKBB	EAS	17	16	100	9.45436000823975	0	0	0	0
TG	UKBB	EAS	17	17	2012	511.93770647049	0	0	0	0
TG	UKBB	EAS	17	23	397	42.8413355350494	0	0	0	0
TG	UKBB	EAS	17	24	937	169.932610988617	0	0	0	0
TG	UKBB	EAS	17	51	1962	516.98309135437	0	0	0	0
TG	UKBB	EAS	17	55	2235	427.201968669891	0	0	0	0
TG	UKBB	EAS	17	66	232	24.5940210819244	0	0	0	0
TG	UKBB	EAS	17	73	1802	334.314119815826	0	0	0	0
TG	UKBB	EAS	17	74	2329	492.785524845123	0	0	0	0
TG	UKBB	EAS	17	75	2388	283.158811092377	0	0	0	0
TG	UKBB	EAS	17	76	989	118.717217445374	0	0	0	0
TG	UKBB	EAS	17	79	873	32.3253581523895	0	0	0	0
TG	UKBB	EAS	17	80	1228	244.344409704208	0	0	0	0
TG	UKBB	EAS	17	87	713	110.311855316162	0	0	0	0
TG	UKBB	EAS	17	90	1959	233.173681020737	0	0	0	0
TG	UKBB	EAS	17	94	1050	200.319775342941	0	0	0	0
TG	UKBB	EAS	17	97	2082	586.572658061981	0	0	0	0
TG	UKBB	EAS	17	98	675	80.9081733226776	0	0	0	0
TG	UKBB	EAS	17	99	185	16.2884438037872	0	0	0	0
TG	UKBB	EAS	17	100	1004	219.886974573135	0	0	0	0
TG	UKBB	EAS	17	101	1009	209.652168035507	0	0	0	0
TG	UKBB	EAS	17	102	603	85.0982444286346	0	0	0	0
TG	UKBB	EAS	17	103	676	71.2087798118591	0	0	0	0
TG	UKBB	EAS	17	105	1255	294.327529191971	0	0	0	0
TG	UKBB	EAS	17	108	200	23.119776725769	0	0	0	0
TG	UKBB	EAS	17	117	985	181.845429182053	0	0	0	0
TG	UKBB	EAS	17	118	995	83.8751256465912	0	0	0	0
TG	UKBB	EAS	17	123	845	148.202199697495	0	0	0	0
TG	UKBB	EAS	17	125	1613	344.2299888134	0	0	0	0
TG	UKBB	EAS	17	133	552	78.0357265472412	0	0	0	0
TG	UKBB	EAS	18	1	597	98.0460920333862	0	0	0	0
TG	UKBB	EAS	18	6	514	68.2479000091553	0	0	0	0
TG	UKBB	EAS	18	7	1227	243.082065343857	0	0	0	0
TG	UKBB	EAS	18	22	485	62.4766900539398	0	0	0	0
TG	UKBB	EAS	18	23	494	70.5843598842621	0	0	0	0
TG	UKBB	EAS	18	28	1235	275.855920314789	0	0	0	0
TG	UKBB	EAS	18	39	2522	701.307583808899	0	0	0	0
TG	UKBB	EAS	18	41	2723	726.40220451355	0	0	0	0
TG	UKBB	EAS	18	42	1968	471.789148330688	0	0	0	0
TG	UKBB	EAS	18	52	1351	290.546334266663	0	0	0	0
TG	UKBB	EAS	18	60	1928	538.947981595993	0	0	0	0
TG	UKBB	EAS	18	61	1873	178.652010440826	0	0	0	0
TG	UKBB	EAS	18	65	1987	491.401638031006	0	0	0	0
TG	UKBB	EAS	18	69	3507	1005.48737931252	0	0	0	0
TG	UKBB	EAS	18	74	2447	753.901094913483	0	0	0	0
TG	UKBB	EAS	18	77	451	59.2114286422729	0	0	0	0
TG	UKBB	EAS	18	79	702	123.413283348083	0	0	0	0
TG	UKBB	EAS	18	80	1249	254.354872703552	0	0	0	0
TG	UKBB	EAS	18	82	2824	646.611436843872	0	0	0	0
TG	UKBB	EAS	18	85	1766	432.983848571777	0	0	0	0
TG	UKBB	EAS	18	86	57	4.74813485145569	0	0	0	0
TG	UKBB	EAS	18	87	175	14.6672790050507	0	0	0	0
TG	UKBB	EAS	18	120	1171	110.382818698883	0	0	0	0
TG	UKBB	EAS	19	1	116	11.3673486709595	0	0	0	0
TG	UKBB	EAS	19	6	57	4.01897311210632	0	0	0	0
TG	UKBB	EAS	19	10	121	10.3166272640228	0	0	0	0
TG	UKBB	EAS	19	15	91	7.26900053024292	0	0	0	0
TG	UKBB	EAS	19	16	90	5.31744933128357	0	0	0	0
TG	UKBB	EAS	19	19	64	4.69983506202698	0	0	0	0
TG	UKBB	EAS	19	20	192	22.2405455112457	0	0	0	0
TG	UKBB	EAS	19	21	115	3.72526049613953	0	0	0	0
TG	UKBB	EAS	19	22	623	81.8847858905792	0	0	0	0
TG	UKBB	EAS	19	29	745	50.2621669769287	0	0	0	0
TG	UKBB	EAS	19	30	616	95.035248041153	0	0	0	0
TG	UKBB	EAS	19	32	472	56.763797044754	0	0	0	0
TG	UKBB	EAS	19	33	223	24.5046858787537	0	0	0	0
TG	UKBB	EAS	19	34	461	66.4549517631531	0	0	0	0
TG	UKBB	EAS	19	35	1036	167.034385919571	0	0	0	0
TG	UKBB	EAS	19	37	1069	147.911826848984	0	0	0	0
TG	UKBB	EAS	19	38	249	27.6228070259094	0	0	0	0
TG	UKBB	EAS	19	39	1365	303.733521699905	0	0	0	0
TG	UKBB	EAS	19	45	279	31.9855260848999	0	0	0	0
TG	UKBB	EAS	19	51	508	30.1016685962677	0	0	0	0
TG	UKBB	EAS	19	52	472	57.6247913837433	0	0	0	0
TG	UKBB	EAS	19	53	1604	387.279195547104	0	0	0	0
TG	UKBB	EAS	19	54	3301	1043.18835639954	0	0	0	0
TG	UKBB	EAS	19	62	1979	204.272577285767	0	0	0	0
TG	UKBB	EAS	19	63	625	89.1035289764404	0	0	0	0
TG	UKBB	EAS	19	64	2050	378.042098045349	0	0	0	0
TG	UKBB	EAS	19	65	633	105.281431913376	0	0	0	0
TG	UKBB	EAS	19	67	3708	742.669725179672	0	0	0	0
TG	UKBB	EAS	19	69	1330	257.867421388626	0	0	0	0
TG	UKBB	EAS	19	70	715	117.83909535408	0	0	0	0
TG	UKBB	EAS	19	71	127	11.9350051879883	0	0	0	0
TG	UKBB	EAS	19	72	929	189.67527794838	0	0	0	0
TG	UKBB	EAS	19	74	1753	399.765450716019	0	0	0	0
TG	UKBB	EAS	19	75	128	2.23856496810913	0	1	0	0
TG	UKBB	EAS	19	76	888	171.110614299774	0	0	0	0
TG	UKBB	EAS	19	77	1790	456.615865945816	0	0	0	0
TG	UKBB	EAS	19	79	768	85.7852771282196	0	0	0	0
TG	UKBB	EAS	19	80	153	15.6643128395081	0	0	0	0
TG	UKBB	EAS	19	81	486	66.9633600711823	0	0	0	0
TG	UKBB	EAS	19	90	1335	237.144079446793	0	0	0	0
TG	UKBB	EAS	19	93	341	40.3156766891479	0	0	0	0
TG	UKBB	EAS	19	98	165	17.9767508506775	0	0	0	0
TG	UKBB	EAS	19	104	579	64.9106857776642	0	0	0	0
TG	UKBB	EAS	19	106	325	43.3171498775482	0	0	0	0
TG	UKBB	EAS	19	109	162	13.4706425666809	0	0	0	0
TG	UKBB	EAS	19	110	1501	366.317573547363	0	0	0	0
TG	UKBB	EAS	20	2	414	56.6609244346619	0	0	0	0
TG	UKBB	EAS	20	7	853	132.821361064911	0	0	0	0
TG	UKBB	EAS	20	18	814	100.35083770752	0	0	0	0
TG	UKBB	EAS	20	19	213	17.4132299423218	0	0	0	0
TG	UKBB	EAS	20	23	209	16.8215038776398	0	0	0	0
TG	UKBB	EAS	20	34	1153	95.7716553211212	0	0	0	0
TG	UKBB	EAS	20	40	908	117.8785841465	0	0	0	0
TG	UKBB	EAS	20	47	1535	362.185969352722	0	0	0	0
TG	UKBB	EAS	20	48	2403	621.520558357239	0	0	0	0
TG	UKBB	EAS	20	59	1520	379.799423217773	0	0	0	0
TG	UKBB	EAS	20	60	1204	267.096092939377	0	0	0	0
TG	UKBB	EAS	20	62	1083	216.040106058121	0	0	0	0
TG	UKBB	EAS	20	63	2862	330.828226089478	0	0	0	0
TG	UKBB	EAS	20	64	723	128.732585430145	0	0	0	0
TG	UKBB	EAS	20	65	1635	416.598954200745	0	0	0	0
TG	UKBB	EAS	20	68	511	76.3808877468109	0	0	0	0
TG	UKBB	EAS	20	69	1164	225.793397188187	0	0	0	0
TG	UKBB	EAS	20	70	815	141.799492120743	0	0	0	0
TG	UKBB	EAS	20	71	1523	384.478684425354	0	0	0	0
TG	UKBB	EAS	20	73	1194	231.274029970169	0	0	0	0
TG	UKBB	EAS	20	84	1580	372.612898826599	0	0	0	0
TG	UKBB	EAS	20	86	849	146.521185159683	0	0	0	0
TG	UKBB	EAS	20	87	700	102.970072984695	0	0	0	0
TG	UKBB	EAS	20	91	874	154.921190500259	0	0	0	0
TG	UKBB	EAS	20	93	1961	486.644789218903	0	0	0	0
TG	UKBB	EAS	20	99	952	164.01719212532	0	0	0	0
TG	UKBB	EAS	20	115	509	80.2758088111877	0	0	0	0
TG	UKBB	EAS	21	2	296	30.0567626953125	0	0	0	0
TG	UKBB	EAS	21	4	232	25.4562120437622	0	0	0	0
TG	UKBB	EAS	21	5	700	120.538083553314	0	0	0	0
TG	UKBB	EAS	21	48	2284	603.65069103241	0	0	0	0
TG	UKBB	EAS	21	53	874	149.136989831924	0	0	0	0
TG	UKBB	EAS	21	63	700	48.6826632022858	0	0	0	0
TG	UKBB	EAS	21	64	1138	124.411733865738	0	0	0	0
TG	UKBB	EAS	21	65	845	144.085394620895	0	0	0	0
TG	UKBB	EAS	22	1	790	112.705080986023	0	0	0	0
TG	UKBB	EAS	22	7	339	36.0129065513611	0	0	0	0
TG	UKBB	EAS	22	13	610	89.1367378234863	0	0	0	0
TG	UKBB	EAS	22	19	758	128.079054117203	0	0	0	0
TG	UKBB	EAS	22	29	1642	403.123747587204	0	0	0	0
TG	UKBB	EAS	22	30	4914	1372.70930552483	0	0	0	0
TG	UKBB	EAS	22	37	993	157.264670848846	0	0	0	0
TG	UKBB	EAS	22	40	408	47.4288566112518	0	0	0	0
TG	UKBB	EAS	22	43	754	126.77791428566	0	0	0	0
TG	UKBB	EAS	22	44	620	95.3627126216888	0	0	0	0
TG	UKBB	EAS	22	45	782	143.201228380203	0	0	0	0
TG	UKBB	EAS	22	46	2464	574.960007667542	0	0	0	0
TG	UKBB	EAS	22	49	255	25.9701867103577	0	0	0	0
TG	UKBB	EAS	22	54	835	153.711366415024	0	0	0	0
TG	UKBB	EAS	22	57	54	3.04755401611328	0	0	0	0
TG	UKBB	EAS	22	64	602	100.89275431633	0	0	0	0
TG	UKBB	EAS	22	69	882	171.945386648178	0	0	0	0
TG	UKBB	EAS	22	70	791	126.564572811127	0	0	0	0
