chromosome	block	num_variants	num_variants.EUR	num_variants.AFR	num_variants.EAS	nlog10minP.EUR	nlog10minP.AFR	nlog10minP.EAS
1	1	1558	487	1401	81	5.6303293360348565	2.5263505596091025	2.5797651235516463
1	2	1781	817	1463	130	7.253780455572569	3.479188003063458	1.2197310412996378
1	4	2434	1278	1983	446	8.238533142949903	2.629648439704585	3.5324748505172616
1	17	7456	3414	6673	1843	5.481680073268348	4.462846107260018	2.592664196808868
1	19	6365	2752	5446	1424	12.882954374611622	2.478646749185542	3.037657388034313
1	35	7642	3204	6606	1476	20.840844314688145	3.4587978571122133	6.160994009737205
1	40	2451	1313	2215	721	9.192004264795578	2.779486092969835	2.451747207901491
1	48	2962	1269	2605	664	35.1969588666817	3.6387212100965174	4.406744730188655
1	49	2814	1109	2515	514	7.229651977531108	3.5295316502579777	1.2245841096117074
1	51	2775	1273	2339	582	74.9572948665409	4.149580692871614	6.995342522785297
1	52	7761	3254	6681	1614	37.0875831287313	3.4029204290495705	2.349106623333911
1	53	6819	3076	5745	1238	12.815808089231826	4.140329968935788	5.521275529865748
1	58	8070	3265	6876	1604	8.228508852040974	3.909191611160321	3.4072929188757013
1	67	5205	2527	4462	1285	5.722259060157924	3.197681341483257	2.898351526068737
1	70	5239	2602	4545	1434	10.524372536054091	4.263182565307136	2.7969136312224614
1	73	7405	3361	6461	1710	6.218900492221895	4.214647177365221	4.408807670925436
1	74	7092	3114	6203	1519	5.4665410706657935	4.305700220271248	2.4494428664445023
1	75	9345	4126	7814	2502	11.460823470611192	4.099129893044385	3.415107017008103
1	76	4619	1936	4022	1364	6.785410739454096	5.381815326839355	3.1807816524713406
1	80	2693	1234	2388	855	2.909210583129171	7.727928589378827	2.730553094222391
1	81	1932	920	1684	557	3.994043421808119	7.102973125617814	2.0589126086425105
1	82	4220	2023	3661	967	3.3211947777819852	5.560609382048025	2.608364621537316
1	83	4906	2438	4307	1594	241.40865530567808	31.005418754749915	7.381212764338192
1	84	7777	3672	6738	2380	1012.9467448092468	263.2365288844761	33.89216085991163
1	85	2269	1292	2030	799	23.37162954095569	4.661993927141065	4.681419567292191
1	89	4347	2038	3876	1230	3.7141059594371657	5.219960698261918	3.4953997255378773
1	92	5210	2655	4539	1453	2.4630452609579496	5.663532120499112	1.9987083754961612
1	94	1219	684	1062	306	10.992949106158884	6.136528068143425	3.107218218878208
1	95	1120	459	1028	317	2.403547285488014	5.622842219855278	1.9707066483481768
1	96	4617	2312	4172	1287	9.367146140944683	5.2299492194003605	2.8866179548303146
1	97	5843	2843	5194	1460	415.3692196191511	57.796283642486536	19.20480596779207
1	100	4720	2251	4171	1545	11.99515105466158	4.410669861940465	5.00303698296427
1	109	6579	3087	5653	1716	5.771314356906861	3.634607914180185	6.61540654469638
1	124	7961	3866	6943	2075	18.93353660664259	2.6104284525326062	1.9603491283525856
1	125	10210	4583	8752	2314	40.62996947075397	16.000071561014995	10.483131398527746
1	127	4278	2212	3748	1265	7.342335065351016	3.751681906157257	2.5713818131615893
1	136	5887	2633	5116	1306	6.06135389118365	3.7808802250653986	2.9092812324513124
1	138	7716	3564	6746	1529	1162.3125511820194	129.6969579130338	71.65726088570291
1	139	1756	911	1521	354	7.952296503132617	2.3367730812829004	3.090476086768714
1	140	2437	1281	2156	699	5.014554832963894	3.3457188445693453	2.734927179004147
1	141	3012	1533	2605	765	7.742348739145882	3.0648510597251835	2.964042187691203
1	144	4259	1795	3689	759	5.623635960840015	3.684588831818949	3.352742978867398
1	145	3428	1771	2854	857	9.041820028809846	4.457495614944677	2.209583476895822
1	150	5766	2708	4985	1536	8.554551629906555	2.4477038237295456	3.5116371376363245
1	151	7703	3424	6771	2238	7.663559881206315	3.1739985982344656	2.5360758138282793
1	153	5837	2557	5273	1674	9.564231670780112	2.8387785111050685	1.765704279032327
1	154	10276	4061	8827	2213	11.1547533156253	3.456229207606232	3.5077291412549916
1	156	5573	2524	4660	1278	9.227039563482082	3.0812777438828287	3.899621101654248
1	158	6421	2671	5394	942	13.889062948694606	3.891144298807986	3.5219802263278197
1	162	4936	2204	4315	1113	14.709991652142556	3.66641167140452	4.097861553055761
1	168	6300	3038	5378	1564	18.770981117829432	3.1674324931873805	3.902634487938158
1	169	8206	4240	7264	2617	6.4798993161055165	3.6676754098060407	3.083831019056739
1	175	8284	4071	7195	2085	8.316907485275731	3.487250483355052	2.9674490768891504
1	182	8745	3641	7706	2046	5.645820468109224	2.9868565528658344	2.5861481603006635
1	183	8358	3828	7267	2136	7.252367672599184	2.9023615638632005	2.049074697157274
1	185	2729	1213	2393	579	5.436536721311084	2.744670490727917	3.286417315044013
1	187	5598	2613	4746	1445	8.366528378587343	2.897480330724482	2.809306788092812
1	188	6148	2952	5430	1835	5.007811193662106	2.9188919169318783	2.0968610082637684
1	192	6158	2847	5275	1664	17.134319003044833	3.4901813362777454	3.5339159321150913
1	201	7464	2970	6319	1726	8.181071315675988	3.706701606832389	4.828096518247374
1	202	5978	2943	5225	1526	10.20299083819388	3.5102997858637486	2.598610292461289
1	205	2293	1086	2069	630	3.144932335820909	6.439604492715818	2.2820268959767156
1	209	1496	808	1295	498	8.264991012529514	2.058010838678757	4.265511530663814
1	213	3255	1586	2836	865	6.403086043121231	3.5067643770664256	2.302601271371375
1	221	5624	2542	4896	1649	7.331147821445089	2.9658706550119316	2.0141552899961823
1	223	6414	3229	5603	1710	6.121579328958334	2.6830594421249674	2.4801408495386363
1	224	3780	1809	3371	1119	6.873599002436176	3.647621198930545	2.9593081087376096
1	226	2362	1309	2006	665	9.475476779369044	3.5831467116188236	2.457467728915764
1	229	5137	2698	4337	1438	3.2513772591136423	5.0177207770991314	3.4846081527581494
1	233	7566	3515	6644	2143	5.266732224144549	3.3707407817661523	2.882354836050834
1	234	8786	4055	7611	2539	73.52036659370239	7.832096485183558	16.202858793041354
1	235	6070	2651	5308	1542	5.298091130862223	2.9063744036867254	4.088044108462112
1	238	11648	5158	9991	3472	16.16917168100641	4.997499025519525	3.4090160185505973
1	239	2805	1426	2352	979	7.309292216676831	3.5105756432070705	2.609636078991629
1	240	11934	5361	10317	3791	5.395380291539701	4.043234101648726	2.810016200645514
1	252	2550	1301	2341	662	199.4587071027612	13.81109469526731	20.717082510176677
1	253	924	596	834	176	28.14880614847015	4.023549955582848	3.863972671944915
1	254	4644	2267	4020	1130	28.841402779001804	3.990264021982576	7.52784581355592
1	255	2804	1274	2547	808	6.702990852923641	2.673947775164014	2.3352003745912304
1	257	2915	1482	2617	1008	6.576808699041299	2.946282257875916	2.4382268841403394
1	280	11466	5237	10183	2869	5.6756458256238655	4.293854804836198	2.417211693614841
1	281	8191	3201	7475	1751	5.969718729004175	3.8490193248693294	3.353560758161063
2	6	3112	1496	2729	929	20.691728519090756	3.06855646705159	4.426683651464009
2	21	1951	968	1697	333	10.987726720519571	3.1169711989304223	2.1832870299801463
2	31	1794	865	1598	425	6.04122732043651	2.989644649617883	1.73903354547841
2	32	2523	1090	2234	654	1.9839198631974673	5.171365898565854	1.3427438563907743
2	37	2623	1332	2336	672	3.123446926827566	9.013683982845407	1.8550984034809317
2	38	5707	2833	4970	1629	10.725069993612625	7.639485245563418	3.687401387824566
2	39	2550	1234	2321	735	3.315858301454527	5.6716373850737405	2.703472934808572
2	40	8073	3939	7198	2233	4.927718580154307	9.1127082718162	4.662587028165345
2	41	3681	1769	3303	962	69.47450137254553	11.965518568135517	6.349627016540207
2	42	333	198	298	73	5.345100182984081	9.760525022240442	3.2965319320413604
2	43	789	405	718	183	16.525597519545542	5.942799572107539	12.185437354044293
2	44	3850	1714	3345	721	700.7886740887291	60.18429897239859	77.61383461042574
2	45	6960	3394	6028	1688	39.83215492888033	16.23116054335409	6.597686931210543
2	46	3059	1614	2651	855	3.2051678700939648	8.206388371235274	4.326961567542127
2	47	8615	4094	7567	2182	9.576110887407822	11.662721018661534	4.350583438057456
2	48	5318	2465	4621	1172	11.04186489176212	8.087737817897535	2.3928063949572977
2	49	8379	3520	7325	1348	370.3624995052491	25.902090980891863	40.928848538787314
2	50	4741	2237	4213	1271	8.925152319221873	6.9082453125794085	2.345642733330771
2	51	5368	2763	4790	1408	2.9637700015224877	7.560200790321512	2.722992986234772
2	53	3532	1815	3128	1072	5.4085438554050365	4.6862818417207635	3.3049341060201325
2	55	12549	6393	11061	2707	10.096175074650867	4.374913885971461	3.0453378605707497
2	56	573	276	526	135	3.202276329423066	5.334199314494812	3.0591361026509656
2	66	12000	5578	10564	3282	6.264819658980664	3.814170279526588	3.12259244454233
2	69	6375	3047	5645	1883	7.623746517040254	3.3783918875336982	3.5401035505649068
2	71	4988	2396	4477	1203	396.1253178680029	24.727523837962224	3.230503087067451
2	72	8297	4122	7393	2370	44.7661857633363	10.50509145834653	4.657000442125264
2	74	2759	1450	2489	744	8.06217476523	2.6205964343789003	2.0388615173171796
2	75	3335	1982	2975	983	14.22496298970986	3.326401927072897	2.722674870619451
2	77	3269	1755	2896	870	5.06997280977259	3.2934512344208886	2.015266175613176
2	84	16654	8339	14595	5250	5.353234981947501	3.540659532285978	2.84082772140382
2	88	19995	9981	16823	5283	32.982435306991874	3.625109338287937	13.23659011368504
2	89	4820	2308	4321	983	13.58428229668349	3.774097262667696	4.101096248778713
2	97	7387	3007	6469	2180	18.15915778908803	7.179787859282348	3.2811930094807695
2	99	4196	2045	3770	889	8.66694873605919	3.777676196270081	2.849216948379907
2	100	5829	2610	5070	945	5.165599721818452	5.005500421911456	2.007578565108712
2	102	4223	1717	3683	806	2.761706922061946	5.475269956989084	3.2482179021886934
2	107	9018	4389	7942	2962	5.855870137547263	4.999688311826387	3.105405166450789
2	115	9738	4158	8548	2468	13.59172944095644	3.314258297968711	2.487477317637443
2	121	8754	4054	7707	2235	22.006255545029553	3.647317272865477	2.6012284973564226
2	122	3950	1869	3370	974	10.912531852665682	3.0047499598006717	4.620034853674395
2	124	7167	2997	6381	1561	20.76295726188232	4.176721498964975	1.7178230151146945
2	125	5934	2511	5255	1561	7.367698281164731	3.43820719732258	2.1528365369563716
2	127	12169	5795	10601	3094	10.186256673388234	3.3867433734608228	2.5885233376621217
2	128	10361	4842	8987	2234	55.25138263958611	3.3656493487153525	4.949228986955669
2	130	1153	671	988	336	7.366844936474219	2.828933666118038	1.719695556296034
2	131	292	135	270	73	42.08445992621533	2.861300339823814	3.4934847674776406
2	138	8766	4226	7590	2170	7.106543373765741	3.2737242355247336	3.2512613351291577
2	146	8335	3055	7475	2626	25.358064104490705	3.372145619819609	2.6532255211586455
2	147	13644	5932	12158	4071	10.408296556489043	3.366772550931802	3.452477602194571
2	152	4917	2501	4208	1219	13.380541085456812	3.5276306632056045	2.6535055546051596
2	153	8316	3956	7068	1781	5.446348912876595	3.626936834524047	2.2066889750858563
2	155	5132	2390	4406	1340	5.768974868062544	3.2781150574046727	2.7378364756166698
2	162	3175	1338	2783	727	8.099943613477985	3.758060369656114	1.953133914782262
2	163	392	187	356	97	22.205770774816795	4.93762036034739	18.85382906513164
2	164	1691	835	1472	382	6.669923887589335	3.1968998851127544	1.5081632178277755
2	166	13878	6603	11660	3626	9.655079425838396	5.486664271504866	2.99135647425388
2	168	6043	2748	5176	1579	8.862938640654175	3.5147235999118607	2.896269766464562
2	171	8616	4183	7590	2376	6.073193661256985	3.529840186052986	3.9918660910934225
2	172	1779	892	1586	468	61.30638490444214	4.25898587466896	6.376588490764573
2	177	6440	3268	5759	2091	7.231251593218034	2.752393031863798	4.3279605501312295
2	180	5356	2606	4686	1402	6.210572072524962	3.012316305830274	2.688408788385901
2	181	8367	3977	7131	1926	5.825075252364858	3.984251991168734	2.4604871820330754
2	192	8170	3577	7139	2235	9.3587204435581	3.571478005475893	2.3669661495371623
2	196	10236	4633	8929	2464	6.329662880309909	3.376266290784951	2.295256918621606
2	198	5394	2415	4625	1047	8.271936138480593	4.084004445047268	1.7603758235114273
2	199	9037	4145	7627	2106	66.44448916516103	3.664288952799723	4.86886332207377
2	205	4184	2022	3614	924	10.038438532193666	3.293029986988664	5.062340529794181
2	208	12787	5305	11200	2549	5.23881682882768	3.402631970819494	3.4891511293093393
2	210	4288	1931	3903	1145	2.812120515625104	5.341975468025069	1.6699242956545786
2	211	6386	3401	5679	1775	5.309242264897496	2.8446419680013757	2.881862923563116
2	212	6557	3267	5720	1778	5.879820279292859	2.8640140955784723	2.7138851816735787
2	213	14222	6685	12754	3250	24.35255723495585	4.421366262478166	4.020954169442339
2	217	3992	1566	3460	821	11.338500733487503	3.9797796812271953	3.28859997740733
2	218	3095	1283	2684	717	5.069262339379332	4.323835793983744	2.153473592752938
2	228	4538	2127	3904	1150	7.378354851691253	2.668627007419749	2.108595159925657
2	232	3051	1617	2738	981	8.798176151620668	6.33462428273807	1.948393694839872
2	233	1501	778	1320	491	8.104004511309611	3.528586321761333	1.1920713628740565
2	241	3127	1520	2830	987	5.123867374077537	3.730136913911149	2.591971458004972
2	242	4736	2308	4113	1446	33.88951666823241	4.997663751720722	3.1383886606204183
2	250	10329	5103	9223	3292	5.7078361574946905	2.8389669295978677	3.647154559333132
2	255	5427	2834	4801	1403	5.051057789562046	4.279276702228562	3.4104945819797536
3	24	7160	3408	6158	1897	61.613239367433714	5.2301472471091355	3.999786362774862
3	41	8494	4380	7666	2229	28.54301863719256	4.257507564408862	2.7051940433245067
3	45	3495	1924	3115	1034	5.545126084522034	3.424172772722858	2.064188995139234
3	51	2814	1326	2544	777	36.017695640926924	7.780018442686054	1.8779759246727368
3	56	5529	2528	4803	1163	7.3351869902252815	3.5371304200772977	1.8538000675165205
3	70	6531	3044	5899	2100	6.2553605335965665	3.4461102801195436	2.8881426253982925
3	71	8584	3722	7674	1808	47.360979804758465	3.630151759575588	3.887785057007731
3	83	9505	4897	8408	3067	5.521271035348959	2.968655835534246	3.645455748923349
3	88	5908	3043	5134	1944	20.417078239809538	2.959842750727923	2.924199159809368
3	89	6635	3115	5808	1621	5.908442439837942	2.9482483514646876	2.797348155195828
3	104	14275	6234	12417	4193	7.342130459780192	3.7074302386111726	2.6824596041603956
3	107	5796	2655	5125	1520	6.366763465905502	2.8651786570046944	2.381582385552344
3	112	6299	3028	5577	1824	6.308508621819893	2.7719778258042873	2.804283825658327
3	113	2220	1052	1928	634	5.424968553054118	3.0073289210550485	1.6663015273116497
3	120	6234	2895	5437	1509	32.383871116843345	4.389782722609992	5.066873185369035
3	121	7664	3600	6511	1786	18.711741007917084	3.8019123253859464	3.1352376513296414
3	122	1627	757	1447	427	10.066454859490094	2.796429733734122	2.306560200881683
3	123	2528	1208	2279	679	15.024199790704456	2.9021414083864503	1.746983238945412
3	127	7921	3398	7015	2228	15.76537110231366	4.298525349803382	2.8548636506158793
3	128	3235	1685	2876	675	7.521535267889865	3.0350343574755247	1.542584346807666
3	129	3692	1875	3287	1104	8.389345888002138	5.1222583611667165	4.152105236905825
3	131	2308	1068	1984	501	7.735823811949068	3.418686537022489	2.0533226631719357
3	132	10453	4329	9106	2533	17.29586584556994	4.4839817152364105	5.728900967001154
3	135	6230	2742	5639	1797	43.42952051293384	4.151700864248246	3.6641310621412537
3	136	3252	1722	2871	904	8.633869176674903	3.2756782208819426	3.217401722360779
3	140	8151	3849	6894	1887	8.920479367894993	3.890773644698835	3.5185736024002123
3	145	7905	3527	6796	2255	24.250046108860943	2.949559354093489	3.865871122313992
3	149	5522	2420	4998	1542	7.817784736884313	3.469968780462641	2.3414888223153163
3	150	6583	3476	5607	1631	8.863073846298706	3.5898686357384735	2.728345484882005
3	154	1558	949	1430	566	6.050830911286797	3.5557038612975274	1.800913776529231
3	158	7770	3599	6809	2250	7.9507194735228435	3.3876532626457645	2.8719943048581453
3	161	9152	4231	8045	2435	12.913750465352836	3.249430146446305	3.4120536219265873
3	165	7255	3104	6297	2178	27.976092807760203	3.202813328452391	3.843567290856596
3	170	4388	2190	3862	1417	5.043565666204481	3.9186552359039943	2.9763792554007207
3	172	4970	2266	4379	1275	13.61803622535674	5.00610824915038	2.369385747794861
3	173	2911	1450	2623	639	7.170971122335483	2.2306616364362357	2.021008957992917
3	175	1968	1112	1763	501	6.9790809990330125	2.3903507401609456	2.2107282752116957
3	190	4084	1771	3664	1086	5.483316099476062	3.273992250415672	2.7786741245769315
3	191	4940	2206	4275	1210	5.634865440642074	3.282188231726538	2.444069204250471
3	193	7686	3497	6819	2073	16.67101402385554	3.0653050674751525	2.2578963784969983
3	195	13020	6820	11532	3672	7.197098971391196	4.65111044265728	3.3280029165281797
3	214	8759	3956	7524	2241	6.807754760853254	4.806069447167014	2.675231837402589
3	216	4428	2053	3829	927	6.398081157344808	3.5092226104542257	4.204474058880218
4	1	21025	9756	18227	4650	63.57148913972643	3.940933941534256	15.109302287369765
4	15	3061	1547	2778	692	13.178644633132224	3.3297483882547896	1.6314956928799589
4	19	3110	1647	2789	600	7.305148200573303	3.6513583462946246	1.287341714749244
4	21	11407	5227	9990	3405	8.456447960279053	3.840120153324698	2.3187503574862127
4	28	5940	2872	5176	1795	6.298049741190668	3.0560746214368097	2.811795102141294
4	42	1021	534	901	278	5.185763203875049	2.361743811520512	2.7172977605107236
4	54	15136	7322	13668	4860	6.253746390465392	3.44269441983028	2.8969025794974006
4	55	6199	2680	5470	1960	8.090895091862368	2.868149213404658	3.5168078374393317
4	57	1322	657	1163	283	7.134387426728477	2.473996051179514	2.780616479912302
4	64	10858	4974	9067	2955	7.051570555047971	4.345380551163018	2.587290307025087
4	65	4168	1940	3601	1169	7.207690236055792	3.805688678571548	4.247896285480089
4	66	5570	2491	4853	1315	6.381440144454638	3.7510038176240745	3.4323177385100303
4	71	2632	1326	2380	850	5.819681593437844	2.3052834284160766	3.949956814262478
4	79	5464	2478	4845	1423	5.779026697449349	4.745546239061747	2.137160101993147
4	80	8069	3482	6862	1963	101.29704485399527	7.853956286277124	9.292315489817955
4	84	7512	2986	6683	1725	16.65259771989588	4.502519815996997	1.7165410909798229
4	85	2523	1288	2175	752	13.063149127334173	3.705631776949384	1.614021591410288
4	86	532	276	473	171	5.876906652157487	2.374930724672432	1.4269543701801273
4	87	10487	4621	9226	2755	14.826653744997548	4.953697145029025	3.206903008961168
4	90	7173	3007	6305	1570	4.651438331190616	2.912893382773326	5.605325839505266
4	92	5804	2470	5187	1469	5.5404823408658626	3.640507437138664	2.7429916710358593
4	101	8749	3740	7641	2099	18.9879467949583	3.0089774055433893	2.9418832762157865
4	113	8349	4044	7142	1833	24.141750431711845	3.306283928932466	8.757180178063594
4	114	7631	3636	6572	1999	6.807853414955506	3.209455835927256	2.3330971289845026
4	115	3469	1566	3030	993	43.63459756330274	2.5913316850868124	2.292199776001295
4	116	6584	2757	5734	1293	9.774067415616829	2.6667009224942566	2.300248341550656
4	117	7601	3510	6485	1731	7.618319856028849	2.9369288055303806	2.6994108461721753
4	121	6094	2502	5330	1659	7.870373256221591	3.0947142206142844	3.2418092960042753
4	129	8536	3577	7659	2195	6.979155705821221	4.319857932926433	3.375427369079536
4	130	7744	3209	6835	2271	10.769403099791692	3.9062721370087017	2.4216230120820392
4	134	11774	5436	10444	3463	5.424141849708421	4.408466949174144	2.7056604667978617
4	136	10973	4900	9288	2925	9.14830147699601	6.424125464009134	2.777694060584592
4	148	4822	2061	4362	1297	6.905322818096303	3.6616293560513458	2.698305386335014
4	150	7776	3004	6788	1848	5.535902441182982	3.5593088547949403	2.38841140246891
4	151	3505	1472	2998	585	6.3837777018807955	2.526605422773472	2.6054467750314845
4	156	10691	4695	9220	2725	10.171371752534997	3.209857344965203	2.317590085467136
4	159	2803	1321	2548	791	24.912836350512084	2.6341765468138547	3.350371930674862
4	161	2779	1291	2408	657	40.549700575494775	2.861940688989551	1.7386254857740546
4	162	4870	2349	4284	1381	14.087070065624845	3.761154172909169	2.051351432826192
4	203	3333	1767	2982	896	12.549414901838844	3.6793253572596103	2.5010969753258494
5	6	2293	1240	2066	800	5.011615399109176	3.9658287931094938	1.9234756753655584
5	28	2223	1059	2027	726	7.297166292695911	2.4507851485708416	1.8245179982248985
5	43	7361	3213	6516	1561	3.0214653640028377	5.112988098174049	3.4633956036153046
5	56	9579	4099	8459	2737	6.756542428423666	2.7534874708170833	3.817967817689517
5	57	6542	3058	5620	1653	5.515396624053807	2.7683578425518287	3.523744245000448
5	64	8242	4035	7054	2280	10.113403312415526	3.346613226509954	3.690617540887207
5	68	1897	999	1697	510	5.862067793208605	2.507694319836651	1.7947794921970013
5	69	2757	1396	2437	793	16.633334972086697	3.333902240335787	2.3244925866313113
5	71	9085	4350	7951	2688	7.661172564635109	3.7111570878417335	3.5772278040602927
5	74	13280	6239	11296	3258	5.789088146454927	4.099610486483968	3.5043825252358105
5	81	5155	2482	4509	1314	23.186443117057618	2.969601417634846	3.008101949543049
5	84	984	501	878	344	7.057937819412917	2.602309818216102	1.8441662021290153
5	85	7556	3484	6654	2343	452.6007233982476	11.700370452693797	64.75747434566922
5	92	4764	2164	4151	1357	5.073710165412322	3.6781268054923775	3.0421595817757203
5	109	3818	1789	3394	1067	6.0829827339878735	2.7094359345539867	1.7543042304046537
5	130	8955	4251	7829	2600	24.90925238889816	3.900442416635209	3.1274175379364904
5	134	4746	2290	4194	1610	4.066735180730252	5.166404675174582	2.6286641547529617
5	136	8626	4023	7468	2417	5.447725467132255	3.560574665244822	3.2553088904748844
5	146	9023	4217	7721	1922	13.52584513995524	2.7664776290327313	3.6068387533677218
5	147	3469	1791	3144	1086	11.755878448218535	2.8743433968348584	1.761509852880923
5	154	5499	2457	4822	1348	5.867302944845853	2.7050921552873133	2.588105323251595
5	156	5304	2217	4705	1504	5.855246489133523	3.5112182435214963	2.2267846543754244
5	158	4537	2029	4033	1266	5.711274610690559	3.6912296065261856	2.2989099207844563
5	165	3660	1962	3126	1095	3.4685124495642135	5.843907059262497	2.9244965794439364
5	166	6927	3367	6157	1772	189.385778774538	18.802073870543563	38.234212646218786
5	167	5651	2526	5057	1311	9.038194071364224	4.105388269197027	3.686028202452425
5	168	6651	3148	5790	1678	5.407673880842043	3.2656735554561336	2.694031836606124
5	191	8912	4411	8031	2336	3.6308554522749503	3.691360689772152	5.031700968498708
5	202	4532	1907	3846	753	6.170937524697766	2.7919053719047766	4.111961418215233
5	207	5728	2660	4954	1325	5.624955957551356	3.06643709663358	2.333175014270592
5	210	730	311	668	199	7.307173726616976	2.3473248668329627	1.07496501801019
5	211	1282	609	1167	468	5.040432169164767	2.2565686590491807	1.6925205415891338
6	1	6540	3328	5963	1715	3.7072339198193314	2.975466920520935	6.292114331138233
6	19	5290	2662	4719	1548	5.425796818256898	3.263704531019532	3.2486159793290614
6	20	3507	1724	3115	1036	6.006860035303221	3.405082116134984	2.6680935646968296
6	25	5254	2514	4643	1151	5.316727381452974	3.4144915309065884	3.281609977049504
6	27	3327	1597	2986	1016	14.391386242501596	2.7366507917734917	6.551472888921277
6	30	813	352	740	200	5.414536871052151	2.154509863706636	1.359846892507279
6	34	6188	3051	5435	1626	13.662735517456628	3.782203003586895	5.275965174716655
6	35	2278	1220	1980	529	73.45482374823818	3.736268988699176	4.5434212377863865
6	39	9729	4680	8669	2672	11.428859480052756	3.6177039857418296	3.345509801963925
6	43	6198	3015	5471	1621	14.475691031702176	3.9182923509585104	5.286245414781853
6	44	1103	544	1001	291	8.534111839035019	2.894482567856605	1.9120301642802495
6	47	7801	3880	6929	2299	13.821948227825745	3.3682814659210703	2.193626614506172
6	51	12595	5822	11018	3561	57.25647128140911	3.9547801995784417	3.9077218294692897
6	52	4016	1850	3626	1111	5.20235428606939	3.1569733839030585	2.4610809455641984
6	53	3768	1679	3339	908	25.748900693839232	2.8389952700815737	3.448321248950277
6	56	3639	1820	3222	908	10.057190713155125	2.6655734173734342	1.5751361640447528
6	58	6198	3197	5441	1550	7.464344363031718	2.75125727823028	2.808355264642842
6	63	6132	2730	5267	1506	5.001954915649249	3.876900679022632	2.224539302297326
6	64	648	297	590	147	11.42828270512424	2.661814633811273	1.5198837671776813
6	65	1677	874	1531	441	6.648504687565702	2.5344385522477815	3.397141046184592
6	69	5856	2796	5094	1194	5.6496222871573165	3.3436379023864613	2.2613489483167974
6	72	2383	1192	2149	724	16.327448137423	4.512647377153849	3.543207611672639
6	73	925	463	823	274	12.583697900229458	5.0556112190803715	2.4068957947941794
6	75	883	440	777	265	19.36106945185024	2.381171150709814	2.400029630360658
6	76	11787	5121	10410	3553	8.910302155389346	3.596554554027444	4.021458778140063
6	85	14632	6264	12679	3985	6.462139376149512	3.274935935579111	2.504899529365206
6	87	10377	4331	8926	2623	4.482771494770231	5.083046595484277	3.120443675881215
6	88	19106	8604	16223	4916	8.070407648209247	3.996099821836572	2.875008007006522
6	94	9266	4323	7971	2730	2.4662890861748794	5.49904793541332	2.484663087890931
6	99	7920	3778	6872	2079	5.4662203807692595	3.940103173310703	2.540462265410484
6	100	93	68	76	35	36.22297334980032	4.078238049421564	0.6354986087926277
6	101	6490	3123	5475	1934	15.857732117915464	3.829252275274612	8.200766725993475
6	105	5768	2927	5131	1809	13.056357655888426	2.578964469430991	2.5995937012529033
6	109	5534	2464	4903	1642	13.2506084941445	5.00029140700664	2.491951893669147
6	115	14383	6447	12341	3724	48.83830262107711	5.010943612447443	4.954100555921949
6	116	8346	4011	7191	2325	6.113601717302777	3.2512367369010184	2.149684055821893
6	117	12106	5509	10465	3990	6.749057604369442	3.494670396985492	2.5528812860507046
6	124	9618	4362	8293	1803	15.899920192728104	4.221859713774846	2.016755851975575
6	127	4629	2225	4185	1090	11.276738656359164	3.2423359271445373	2.3210681714907886
6	128	6663	3035	5932	1826	7.49962846093768	3.8218118602217586	2.627604596031229
6	130	7784	3746	6764	2337	5.757211371930112	3.751768263564203	2.636318295798195
6	134	4644	2096	4122	1175	64.78913515067657	2.854232645256931	12.339028954336468
6	135	3235	1399	2825	597	5.186434830458352	2.5427905151953794	1.8545434479750211
6	137	2688	1270	2348	725	5.657589394868518	3.6190445869363983	2.2552867229125866
6	138	3712	2007	3245	974	5.389542799911817	3.82437550677716	2.1119892299111416
6	140	3953	1922	3548	1238	26.436599459382123	7.299268967892278	3.2629168719090975
6	146	3186	1500	2770	905	8.399798388069488	3.246303251120121	2.620082447865697
6	148	2701	1158	2369	714	7.4120380797933025	2.7863957135034148	1.9000694188829264
6	154	4363	2133	3943	1449	6.260077357199809	2.5054476214508186	3.614118508855426
6	158	5225	2436	4581	1549	21.754217064089588	3.6950056850768624	2.788596174554008
6	160	6413	3090	5706	1890	6.082883981781529	3.1094834176055537	3.4873580816098295
6	168	7933	3843	6933	1966	5.354315108447609	2.8245859589424605	2.963181565699056
6	169	13148	6162	11668	3248	284.8625243131107	27.020173011606097	16.103712009123214
6	183	3600	1546	3305	773	5.025183463883231	2.3795427345710922	2.934732130026933
7	3	5305	2280	4591	961	39.957964257685646	11.180544680000937	4.032517845102631
7	5	8592	3895	7298	1770	7.024973404337804	4.822001841513342	3.336965012405571
7	6	4353	2125	3827	763	5.302802373931879	2.448578058674031	2.47126433328535
7	11	5700	2699	4978	947	5.7233293095021764	5.328629687184206	3.1113746983067374
7	12	10007	4792	8736	2223	22.178964459063007	2.8749261693562653	3.1859285709343466
7	28	2182	986	2017	586	5.221867922656951	3.0539905232518008	1.7282316780715126
7	33	8367	4062	7297	2309	12.220092794705756	4.458516557571084	8.963264622110506
7	37	6645	3549	5826	2370	101.4890617864106	4.444899731351058	10.48351421077509
7	40	9815	4771	8568	3095	3.793503839411868	5.253182524119136	2.6029462220939092
7	41	6127	3103	5472	1689	6.3958546124033004	4.137795372656373	2.801196147361806
7	42	6263	3183	5444	1921	43.38998772355177	7.094345347019705	10.149180140714554
7	44	1265	586	1141	328	6.738603690277519	5.102027015929441	4.347286893079143
7	50	4371	2149	3911	1019	7.366731510184134	4.0849857321319245	2.010811513740815
7	51	4256	2166	3855	1243	2.145239753541502	5.50872007883579	2.4597054346926797
7	58	6218	3211	5455	1578	14.36258024269954	4.332639512258061	5.615073987834412
7	66	2771	1453	2351	685	11.993780723876815	3.7441120257442777	2.247235074760633
7	67	16585	7870	14283	4250	108.9287568589497	8.633563358268658	3.1989329552031474
7	73	2363	1099	2027	635	4.7110019218555665	2.5996923308968523	7.342757357901214
7	85	8555	3584	7211	1590	25.60723401374546	3.398781343921767	2.489804830097816
7	87	872	391	684	78	6.431650361167527	2.33114514679482	2.750133036427116
7	88	9942	4087	8793	2339	13.46475687186764	5.927119857421113	3.8310331179609665
7	89	5018	2633	4394	1754	6.921790535834077	4.5319922949638	3.5111925942192994
7	95	3841	1994	3326	1266	12.06853847927305	3.4286478281127817	2.8950516214163486
7	99	9887	4196	8667	2436	13.75040256177157	3.246810148184933	3.1561510160974535
7	103	5099	2507	4213	1308	6.999822042115656	3.161819598998719	3.5806195205288263
7	107	11927	5774	10345	3181	7.063796468631283	4.533819925626515	4.109955893030984
7	109	5442	2335	4765	1375	19.42622403923783	3.5411337732458215	5.091634822683026
7	111	9755	4111	8178	2041	29.294716448327407	5.302167096997553	4.544411252079279
7	112	4118	1906	3705	1125	7.521804825646978	3.704340939920864	3.9987970086698432
7	113	7902	3340	6992	2109	7.22749645925951	4.516986249571963	1.7859778643277275
7	119	4375	2209	3681	1108	7.697336548558193	3.7448812308332746	3.265842882525227
7	125	7475	3453	6409	1402	5.840857057348825	3.096946999794293	1.7889766113078571
7	127	2089	1023	1724	390	7.067973389436132	3.631362978887391	2.8953385950244854
7	131	13363	6168	11394	3434	6.697409682239964	3.2367096090096217	3.1457411751538618
7	132	14237	6105	12436	3768	7.52743251154147	4.117509294955682	3.4275185164303084
7	133	12772	6081	11115	2953	5.984409990252571	2.6867906586084818	4.719948751950491
7	134	3588	1886	3203	903	5.160752261205909	3.3015283961480364	2.588551696245364
7	138	9281	4244	7987	2652	6.913555990072395	2.9118442438736634	3.111191937278323
7	139	1909	985	1613	492	9.303680326758489	2.503879417007354	3.084712556551928
7	140	4424	2339	3837	1389	7.201977056200004	3.3141066189266226	2.12805126221823
7	141	9398	4538	8231	2372	5.134218893806365	24.85656076762349	4.805556503442136
7	142	1701	829	1521	347	5.064216962685482	2.4304187675540923	4.152015543562776
7	147	3005	1416	2679	734	7.327059230226115	3.650103292011052	2.8545112787851754
7	152	3339	1379	2992	641	6.300491514496764	3.25615038743121	1.738447642553177
7	159	3199	1551	2901	828	5.2592876040667695	3.0176566803075495	3.481861394605602
7	162	12355	5422	10942	2861	5.4590514031628246	4.587676566701721	3.4648422352701824
7	176	1233	712	1099	311	15.496358716432514	2.9029486508596425	4.300320509226696
7	177	1960	1027	1760	247	8.921115896291647	2.0629206501495374	3.944427116640911
7	187	9907	3964	8691	2802	8.3767128607355	3.119235248635246	6.581284249523137
8	17	6182	2977	5543	1401	14.984057602190084	3.822042292837315	3.4243632887916573
8	29	10689	5389	9760	3527	81.88508516985465	9.31378242274498	8.956963039018595
8	32	7417	3735	6681	1827	5.709533724831261	3.577994638058218	2.656849548661202
8	36	2077	1028	1826	494	20.24769942618516	6.535055336883446	2.278639175733037
8	39	4625	2372	4006	1443	8.350180094603692	3.092187094560072	3.7342190520805953
8	41	4278	1990	3730	1058	5.622351574445476	3.834683177068893	2.537615476579084
8	42	7578	3953	6683	2160	6.2201529234185395	3.5424294003501995	2.6564691172954107
8	43	7171	3499	6262	1993	5.203980225766278	3.182404570405761	2.643145709398365
8	44	2314	1215	2012	667	6.865021618190588	3.4191626005397016	2.0720116649247435
8	45	4927	2267	4330	1165	19.404881462195167	3.186041777291354	1.6215529322735205
8	57	3963	1899	3523	1013	3.385130091269262	5.950047468704048	2.834156912268236
8	59	3555	1677	3094	813	10.75577306226824	2.8784685332713535	2.284081619015295
8	65	3848	1872	3326	1031	45.16217336396439	3.902154210214817	5.057868516544889
8	68	5114	2505	4407	1521	150.28481280683332	9.649304170113147	24.29148927925251
8	69	10608	4946	9146	2776	22.439298410281072	3.2749745543074895	4.670962236775108
8	78	1263	664	1110	369	5.65778984257005	2.4509129706927606	1.8473973600368947
8	81	6589	3118	5770	1907	18.340173506077143	4.1432863590684725	2.2519726908171114
8	83	11353	4946	9787	3020	7.133992916865948	3.6909636265686463	2.7828352486181145
8	84	14926	6862	12737	3733	4.295703203146894	5.126774882645039	2.330117459247955
8	85	5853	2600	5101	1052	9.449195690047592	2.670433021091294	2.5291299138764174
8	88	7172	3370	6167	1941	5.63269980277495	3.0876081883054427	2.632883687190925
8	106	6310	3355	5451	2046	8.64097352849127	3.1962437584394676	2.811159357900061
8	109	10212	4803	8936	2752	5.2041830231607635	4.405919001161362	3.436468716026283
8	110	10766	4652	9370	2406	5.298850559720485	3.2041548990560247	2.802704908450135
8	113	4567	2242	3803	1075	73.50427731926685	2.725829650516163	13.170497456065732
8	118	3013	1374	2668	829	9.3404918043739	2.9191778142898515	5.707168226960118
8	121	978	617	862	214	5.246573812186517	2.704275317084681	1.6472806035305965
8	124	3833	1866	3349	989	16.32581026034412	5.109254771963955	3.3584128265362883
8	125	1610	829	1446	406	578.9511752240151	9.550977747964811	42.865050165762234
8	126	492	315	419	138	6.645709649563801	2.1160468791525067	2.1936486240110664
8	135	4870	2476	4253	1357	6.746424573743806	3.970252189892295	3.4344655074004735
8	153	2831	1471	2416	738	6.400641534522699	3.53347071746664	2.091283881837463
8	159	5101	2219	4386	936	6.744229266474313	2.895549104432878	2.5593914881010127
8	160	5438	2079	4702	915	41.485414094544	4.878825260187985	2.4887451061899983
9	4	5063	2704	4588	1495	29.94455326786321	10.077610942185368	4.277315410851667
9	5	1299	555	1174	331	6.34839676316794	2.289411342410367	1.3296969885930516
9	9	3957	1940	3490	1119	5.4408860853327985	3.0261759480907577	3.0595618302507175
9	12	5126	2316	4601	1477	5.266881983828665	3.5216287010330123	2.8642836389581365
9	13	9828	4417	8708	2100	7.535179057467779	3.606729134044513	3.6856337346888295
9	31	7944	3751	7016	2311	37.145167525265194	5.364734730725449	2.782959068470144
9	33	5392	2539	4928	1863	16.797910656862868	5.075807300706079	2.9124576053059164
9	36	5077	2547	4573	1521	39.27960015814137	6.004143320370776	2.6435085649840904
9	39	2353	1102	2034	655	15.69165047655097	3.03601795874396	1.842634428100065
9	40	9793	4735	8662	2845	6.498097951439514	3.109599472372842	2.760209513006115
9	51	3096	1485	2755	854	6.315913413328345	2.798355957633906	3.869028095269597
9	53	10452	4777	8810	2984	7.85226510401745	3.0901207187382416	3.2546772576397593
9	69	3667	1864	3253	935	15.876840892902797	3.2698228509861953	4.223822503102123
9	70	2270	1289	2004	685	5.51600183811383	2.687431053440263	2.530112702271533
9	72	1482	810	1350	350	18.63593304099622	3.3290753087254306	2.446144164954996
9	73	3945	1911	3513	1090	9.863977246906696	3.5112200534369147	3.1089639704622263
9	89	1535	727	1382	293	5.313724325379193	2.5990241182070064	2.893095522494191
9	93	6355	3077	5640	1466	9.502509093527912	3.908174038244935	2.457259140923154
9	99	4486	2185	3894	1427	4.876918865398493	5.573245884059682	2.7396691381186096
9	100	7770	3638	6528	2533	5.029760893089159	4.9005529056752914	3.605298868568011
9	102	8546	3673	7359	2121	7.489324785423541	6.250767167026118	3.030810558633329
9	103	1820	972	1676	581	2.2680947649796095	6.118261985262551	1.8915392156560284
9	104	2133	1166	1871	674	5.181932393382728	5.021376035462176	2.165857998398345
9	105	1548	832	1359	457	4.910762353132299	5.35776092835977	2.1334162766055726
9	106	7389	3625	6293	1720	3.019917940165802	5.889941140265355	4.223690873404204
9	107	1889	939	1679	527	2.8009014517632447	6.902978444495958	1.3651833681932348
9	109	8891	4395	7771	2872	4.195312687080151	7.966102778642675	2.682174643950557
9	110	9824	4434	8614	2879	97.33763782810009	21.944818283419483	27.723362556287796
9	111	350	194	328	71	237.37231741091895	8.290571194145853	63.41625173258997
9	112	8438	4252	7451	2108	14.948233129721231	21.048252208582984	7.878154327998438
9	113	4858	2327	4343	1263	5.826488983422254	6.4981071932503	2.305796785112452
9	114	2839	1527	2508	722	8.989401840458541	6.350640125665353	2.6292598345665392
9	115	8742	4440	7798	2870	4.2385405535707585	6.134923611734578	2.83133328593411
9	116	4329	2343	3736	1377	8.619816738870995	5.952558887513714	6.6665690956465475
9	118	10866	5315	9501	3451	3.477504454166536	5.569178141453404	2.911911779914021
9	119	4227	1918	3689	1322	4.945033842769703	6.886513902120996	1.58124879694176
9	121	2520	1360	2193	684	4.642875671662805	5.523084653933902	2.0297082325384896
9	124	4019	2014	3529	1245	18.347306520620233	6.013707419559519	2.329603359394126
9	125	5595	2837	4942	1957	5.071534514575653	5.7137405166324005	3.89895180938686
9	134	11254	4996	9859	2529	8.499597076870995	4.526090845970158	4.068480884407924
9	140	12131	5249	10184	3120	39.750293452471325	4.938293561255507	15.659295668649436
9	142	3580	1797	3183	937	4.74645507674903	5.399809560567352	2.773491859853216
9	144	3998	2015	3536	704	4.793820624233591	3.496234589201687	5.247750006777694
9	145	4695	2357	3976	1028	5.875992554523704	3.792165963126058	2.3390763465061206
9	149	4100	1833	3596	821	319.734162529783	12.10637199971712	50.29920364099908
9	153	312	206	282	108	6.268177460133308	2.587859180008789	2.6095768575151923
9	160	1623	836	1399	269	18.196945859515612	3.202172912798088	3.5556496556945163
9	161	1612	891	1305	282	9.291764223394985	2.214644366865879	1.7699425591535267
10	13	4956	2342	4494	1519	19.22774811422147	2.3042789931039436	2.5907655909380263
10	22	5384	2736	4837	1665	10.707647182023065	3.542140742136602	3.857720013527703
10	43	4446	2320	4011	1345	47.59146185572352	3.232601600330543	3.927232067553868
10	44	2438	1333	2260	970	5.656399171124537	2.685851789138204	2.7924087934426165
10	46	7511	3648	6815	2479	6.885385330282563	3.5185107516824594	2.878746325722592
10	52	7606	3663	6611	2049	5.738714015350817	2.652019088255491	2.6421800602384025
10	53	3907	1793	3552	955	7.130723295626242	2.9181603014255764	1.5456064013903787
10	58	1479	703	1374	447	6.003409380617503	3.0417764995908874	1.7068574680835018
10	59	4968	1935	4377	1196	5.895015920334784	3.4325000210910184	2.989515908145149
10	67	4958	1886	4328	1418	32.677139882622726	6.5369286695431255	4.108798873012943
10	69	6655	2875	6006	1354	6.843384061644146	2.8622279753597435	1.8203295545370068
10	70	7178	3314	6274	1821	13.895441305936648	3.2552381421480825	3.5460940790788307
10	73	4287	2006	3817	1324	7.468183980246821	2.9402507234974316	4.091519896642263
10	77	17931	7554	15941	3997	5.758234151647194	3.493310374509184	3.1192540157171496
10	80	7327	3786	6094	1683	5.112155687891566	2.9159285912123134	3.061173239182988
10	81	8463	3868	7182	2152	7.2363118748998785	3.1075349608929552	2.427374679617087
10	84	12830	5349	11279	2877	8.053554494077094	4.2218315092154874	3.2597628859924
10	85	2115	1076	1931	611	36.93367009417409	2.6497906873955097	2.638056149538193
10	92	12647	5124	10956	3286	3.76828102657779	3.3769830492334254	14.080080531881755
10	100	1942	1078	1764	510	13.61922020934877	2.509873614456303	2.6953883382272
10	101	6101	2711	5521	1373	9.706576953032734	2.9436371937048125	1.7036353443238814
10	109	7646	3324	6772	1942	7.259523403590634	3.0015925012770563	3.2589896646743894
10	110	2398	1150	2058	595	12.212747165069189	3.927936620297964	3.1483779735917805
10	112	1475	837	1312	489	13.75021692849896	2.749447898075454	1.885588951883742
10	113	4953	2679	4307	1480	5.231641719643381	3.175300502647106	1.7025717721435436
10	117	9312	4416	8052	2475	37.48517971667084	6.985139928512284	3.1507740755808835
10	120	6777	3174	5662	1735	16.144411635951663	2.9906094187760024	5.661950197238881
10	121	4050	2206	3497	1184	6.71658400941493	3.642452583753135	3.469397834414146
10	123	6140	2903	5358	1450	5.0231358704574935	3.7157153316933127	2.985836380563311
10	126	8356	3680	7319	2288	28.669795951860635	3.4594002560184496	1.9702449425866049
10	127	2684	1169	2371	477	5.585333966944076	3.180597133836613	2.24511848797934
10	129	9885	4798	8229	2565	6.69014230003354	3.4711197979303012	3.121258522789469
10	130	3292	1465	2846	768	5.738334774617117	2.9973284750482576	2.238239374612396
10	131	8779	4107	7494	2138	6.043253526537123	2.639147696950159	2.0615855247486414
10	137	8126	3712	7039	2330	60.99569194814555	6.23601194574555	16.657930676079978
10	138	1371	709	1231	323	28.828830490144952	4.8401726349983125	14.082443336229062
10	140	1784	912	1530	318	14.22395122966587	3.562307140790368	2.690895167367071
10	144	3152	1464	2823	865	17.966974817828447	2.9422617659951036	4.072757966390157
10	150	6806	3133	6084	2110	8.227876112766058	3.3377671574365744	3.6891288135873257
10	152	4403	2179	3904	1429	8.65470720744068	4.50046326334877	2.072281624674347
10	154	10095	5129	8935	2851	45.09309132851982	3.7346701683674906	3.323889982456623
10	176	6451	3026	5608	1029	5.362408822924049	3.321974915981423	3.5517873235712245
10	177	3895	1591	3475	625	5.224643638541654	2.913467651103688	2.6586544366949987
11	2	5042	2438	4274	709	7.239411166169685	4.593005440266446	2.4817091554463855
11	3	5107	2577	4371	914	8.024000159418838	3.453731397755658	1.76833297187354
11	4	3756	1624	3372	977	5.765529734223071	2.768044462595138	2.094632704487775
11	7	2856	1404	2475	593	22.36338921690996	3.098053611905627	2.980426059872034
11	11	6778	3024	6134	1747	2.982705096178971	6.390665059840394	2.250141189118733
11	12	8077	3696	7290	2490	12.095270733699651	7.971299100483745	4.27394833382097
11	22	2456	1313	2182	612	9.283433476167072	3.232383249131969	1.8429542295414163
11	28	4198	2056	3489	886	5.9150594303399515	3.163950100109376	4.122028366222507
11	30	3987	1850	3441	932	6.214181877501561	4.118589042208104	1.9970240695064143
11	31	3731	1777	3293	1064	10.496317965703152	2.168652834111049	4.236956172251283
11	33	4899	2372	4226	1342	41.10843041260463	2.7807650878301047	4.540291449916777
11	56	1148	600	1022	302	5.719661014461507	2.8806218079418806	1.674078671527302
11	57	5005	2392	4377	1091	5.871528477258972	4.198561537714311	2.1056421880417022
11	75	3995	1734	3597	539	7.8175584225747805	2.3886644790109486	1.70732931370055
11	76	4820	2125	4291	1275	175.05678050616115	4.130772133660428	20.899141956322076
11	78	5365	2171	4499	1259	13.430566711671256	3.5658856053075194	4.927052144614783
11	79	11669	4666	9766	2733	15.622574615725474	3.196617925099975	4.722399335122639
11	80	7623	3147	6664	1464	5.146395228323976	3.5761480891716477	3.3881415296560013
11	81	4520	2091	4035	1106	5.934310679663996	3.326244691963851	2.1998787972757987
11	82	1300	688	1161	344	9.279028892179	3.07377601439909	1.3855505496671532
11	86	6859	2982	5908	1456	3.671525951760525	5.17533091751582	2.162817952280737
11	88	7345	3298	6375	1958	22.965741583996405	4.089634640603687	6.155247833837862
11	90	11571	4937	10109	2642	13.754773136194135	3.3506908977943723	2.4918380607053225
11	107	2146	1150	1869	736	11.066985440881618	3.103621551951058	2.901267947779022
11	108	1944	978	1733	480	10.168535711887378	2.2795091919915	3.8027673357485967
11	117	12279	5121	10814	3190	14.402629750281152	3.1033427039039405	2.0130928018528333
11	121	5272	2595	4676	1513	4.2125396704222595	4.904036910195499	5.587742900889089
11	125	4715	2263	4203	1125	6.341462477839263	4.03224546063454	2.3295074165603253
11	128	695	406	613	204	9.657945783622134	2.414286642225458	2.1845694927471033
11	129	5219	2572	4634	1643	522.1317943144071	22.165026968216026	38.79259779554506
11	133	5512	2273	4805	1553	17.831968220914025	5.469222566278992	12.115798080519868
11	140	2924	1449	2580	801	8.24638685888508	2.8572569821187783	2.2837417605537573
11	142	6244	3177	5556	1801	53.697544087980305	6.271725217983066	4.447213929089397
11	147	10009	5025	8832	2655	66.40337792996964	4.032463314999841	9.470054155955673
11	163	847	511	765	239	6.7655198076190715	2.9435895078459513	2.5421115807952965
12	1	3239	1604	2830	892	22.825815740198756	3.0023327943695683	2.7116138201691316
12	12	1882	979	1668	471	37.45855300573446	2.238755238324085	2.0639280818663437
12	13	3406	1636	3117	943	3.788110257568108	5.05884831440395	2.616497299662828
12	17	2480	1126	2174	541	8.871228345478075	2.472599148234626	2.3911318265825803
12	18	5090	2207	4467	1471	6.515613170854925	3.2455990959450163	1.9265757692700736
12	23	6948	2980	6274	1995	46.785237376842424	3.030915151281121	8.436218560880173
12	26	1016	488	923	337	6.909137123064723	2.6989875694432275	1.9649684856087808
12	27	626	434	573	166	5.022779079706306	2.625152033235277	2.5568331290231767
12	29	725	362	645	232	8.575553933426379	1.8839227387701225	2.0342071836330997
12	42	10842	4746	9735	2946	6.0441786533130495	5.02838995641243	2.2654137270668047
12	45	4302	2380	3753	1196	6.389229639260557	3.324113426362705	1.8759242195102537
12	47	1727	905	1535	502	32.194156233435	3.5470124880105875	1.5249402036884112
12	48	6027	2963	5386	1964	5.016601824201967	3.022006823729363	1.820932242061561
12	49	6592	3287	5896	1912	10.597213460620695	3.741582668142471	2.199538756010608
12	51	3944	1885	3526	1298	19.27492018511617	2.672592194431632	5.173518344531196
12	52	8674	4110	7707	2631	5.601713483940886	3.3539395559072633	2.7316443521353957
12	59	7962	3460	6923	2254	12.390454207013487	3.635996463401686	2.9817130406810697
12	60	3630	1726	3249	1035	5.891781676686321	3.259718092774681	2.574518505527646
12	61	4315	1979	3824	1207	5.187959664168703	2.974552922655454	2.2029899722879525
12	62	4802	2158	4158	906	9.755620548558207	4.625620736826485	6.431299289001397
12	63	5681	2256	5085	1707	35.155803230193584	4.127378636013164	2.0607718092903733
12	64	3790	1757	3376	787	24.692766062084672	4.472859693180465	2.1686532617947907
12	66	6346	2836	5678	1668	6.065872136949036	5.611202397321263	3.6346026845301567
12	67	3439	1412	3054	812	5.508311996093627	5.851035675339854	2.377021150103446
12	69	6490	2649	5691	1725	5.512987690115736	4.160807660636119	2.9459311959039893
12	71	7756	3298	6694	1766	9.725680097419104	3.268852866827048	2.2788625041107915
12	72	20600	9120	17970	6033	8.416657929739468	4.76865929047181	2.794488479314437
12	82	6760	3231	5866	1725	11.675556856543498	3.708801288804069	2.75680846346599
12	97	9820	4440	8475	2470	9.381436249964883	3.268160155273713	2.942622653996012
12	98	3889	1835	3544	944	8.960562266013246	3.6074868952615233	3.291710557674976
12	106	7007	3369	6242	1959	6.089680698674615	4.101787883228709	1.680686702628697
12	110	7847	3817	6879	2020	14.81357629853423	7.436832971209971	13.535720702087469
12	113	5620	2812	4982	1577	7.605799852905982	4.287069976882667	2.4592226940489232
12	116	1760	889	1609	582	7.211352394395404	4.0147374722489415	3.565146277743296
12	117	6060	2885	5426	1901	14.334434450744553	3.561713621905309	2.522506770110743
12	119	11176	5327	9646	2660	5.814203932302866	3.4539949798894707	2.776934142035331
12	120	2926	1501	2491	726	12.2282278549083	2.776039294847678	4.262843608983674
12	121	4137	2018	3634	1325	36.67460349409545	6.265060337898516	8.841010091905185
12	122	10239	4156	9007	1647	79.20638854925106	3.62564353161672	3.804383389340232
12	123	3217	1555	2784	798	5.582831022974505	3.271644631951523	3.044390470431297
12	127	2536	1335	2263	735	5.964483887489999	3.688891135322113	2.3504325390031173
12	128	959	501	839	281	6.895075520028418	2.1434832489188316	1.017855826751912
12	129	4092	2101	3704	1251	7.679142437483273	3.492055832668389	1.9923190864891112
12	138	10139	4477	9017	2482	122.08792671106092	4.009987953020275	16.16135471442644
12	139	14220	6117	12419	3243	44.87670511000147	4.5827108164057035	8.58258241203255
12	140	2373	1266	2144	627	36.10784811597113	8.609088813581765	12.260260362936696
12	141	3450	1756	3084	1042	25.429908252902397	5.624070993647831	7.416040129773159
13	18	1706	879	1545	589	13.88564461497719	2.602459523763714	3.51094390832164
13	21	6707	3345	6050	1584	11.071909906727525	2.716330664821012	2.812250681792742
13	24	4672	2198	4192	1199	9.933444835560197	3.2681905681254597	3.3274368594616184
13	25	3007	1252	2721	632	31.427800751651304	12.978288604860056	14.386866303556658
13	40	4605	1989	3906	1353	21.499776332025323	2.6355089674125254	3.1717300581346253
13	44	3683	1792	3269	1036	6.313387288107705	3.686081809042266	1.8573423285432165
13	45	5470	2398	4828	1450	5.789546797239731	3.1241208436165295	2.076331411690004
13	50	10237	4991	8848	2945	11.031296590568548	3.5440132063873206	4.994185045891897
13	66	2330	1194	2056	677	14.497653742990805	3.4618087274194775	2.6200411718991683
13	69	9711	4398	8704	2941	8.588259354314397	4.50319848768807	2.7630887329941083
13	70	6501	2949	5805	1836	6.896434427796855	2.9911058220860274	2.4207752605078827
13	84	3560	1624	3187	796	7.813060463387779	2.988767517418068	2.568470611331698
13	95	2166	1019	1926	536	7.317492509956134	2.8499052830038862	2.67273636972346
13	96	2285	1142	2062	608	6.176329743028984	2.6256313828882747	2.430554396047969
13	111	1690	909	1536	437	6.8869130913424	4.4643567479111805	2.200324469334934
13	115	2080	1123	1871	683	6.062949011150188	3.2166902346543504	2.7738775613414512
13	116	1743	988	1603	589	9.77646734484059	3.5297294251500047	4.619932149599189
13	118	3675	1878	3302	1197	20.896367856390462	4.453703908688459	3.7534407923782127
13	124	858	378	700	186	13.360036017523704	2.16151012444817	1.195936943300988
13	125	5783	2500	5151	1474	65.90464418493154	5.319856569036898	5.0706145498818485
14	4	1678	871	1416	401	7.898039742964514	2.8075930793572232	7.041468228632161
14	10	1997	875	1710	343	6.9075562383860785	2.717189367822641	1.191023704902279
14	11	2521	1119	2211	505	6.127357859236927	3.202738778077071	2.058705191528895
14	14	8500	4251	7585	2384	48.61714293471772	3.3035608823155105	3.410377597542965
14	23	8335	3771	7409	2249	12.61640754636963	3.422358902585278	7.307374342967456
14	31	8067	3492	7144	2242	12.92963250511381	3.4643956771428903	2.447768172704058
14	35	8211	3548	7315	2552	12.03197499137914	3.8698277594466095	3.5685409391188747
14	43	369	194	346	129	7.326116626874883	3.0139641250629903	1.151165498281118
14	63	9789	4296	8625	2857	20.6229140110016	4.36667032265619	2.418139566147822
14	67	6132	2985	5506	1565	6.717387342305194	3.089975370387389	2.50651943062128
14	68	4529	2192	4072	1114	20.58244602511849	4.309219117483813	2.8189550282574913
14	72	9511	4164	8455	2763	7.903101538787408	3.584657999391648	3.61085013610025
14	73	4565	2064	3984	1068	16.250796161450804	3.7111676709995582	4.6871071136030205
14	93	6277	3017	5622	1928	3.152213335222375	5.451287598871541	1.686786657804963
14	96	696	409	613	163	9.342884386579856	2.051645533347553	2.5794406474809475
14	105	3001	1493	2661	657	37.68187550587617	3.692339807840733	2.292808847055996
14	106	2655	1457	2381	746	17.845033352722876	4.078640791230446	2.723164745138084
14	120	2183	1084	1934	478	5.322947274034739	2.7805681076887203	2.5856809728351453
14	121	6950	3163	6090	1603	7.668010698435422	3.0067214540623963	4.48374995545529
14	126	8465	3885	7246	1681	8.914307495693523	3.768752053697232	3.54099847878861
14	127	5795	2584	5013	1566	8.341362549954052	4.237077387733371	2.314686986819742
14	129	3979	1572	3493	826	7.1952582644133	4.493539112607248	2.304894756398447
15	37	7880	3628	6785	2025	7.19343236997159	4.255637328239059	5.3196661715883
15	44	3609	1631	3138	941	15.860399151515995	2.714299091715372	2.839379059597648
15	45	13594	6251	11910	3915	5.852002508728307	3.5805295732515785	3.4662718157868695
15	46	4109	1861	3693	1262	9.369361022579543	4.547104183514491	9.909028919872288
15	47	4422	2353	3936	1583	27.59635763659044	3.3740873085192584	2.535930240572271
15	50	6049	2801	5309	1766	29.27606766994785	2.586069870204775	1.7156922032593065
15	52	3992	2006	3656	1259	290.75062877522356	14.478013144601928	33.612306360094614
15	53	757	387	697	209	314.53142832380195	28.928933785209477	56.10069790300588
15	54	4771	2153	4250	1403	13.29314544905565	3.1675077645740695	2.882613217682899
15	59	9370	4808	8157	2743	6.662193229534788	3.65750926872362	2.721316510085484
15	62	12135	5486	10440	2786	29.15518483206589	3.3149608707661993	2.19355578495431
15	63	3330	1622	2836	769	5.300774526487751	2.953272086315172	3.03898875465702
15	64	3465	1727	3061	1046	6.496658369800767	2.7555869794473367	3.1717574225968654
15	66	6716	2998	5848	1906	8.511887073934924	2.920632997834724	3.91982195003
15	80	2783	1329	2438	567	10.005536684250124	2.7834437594106913	1.8191718971776651
15	83	2624	1238	2272	664	6.568467710039138	3.334733092571932	2.628621263501585
15	85	5554	2204	5000	1624	7.318323770746261	3.544737890409403	3.38605537387762
15	88	3279	1599	2982	895	6.080573121447921	2.8826315010217383	1.7209248936835924
15	102	4268	2334	3743	1334	8.329586347889563	2.515940344655899	2.7797678803635515
15	111	3524	1691	3121	776	6.249674234117523	3.707667374011024	2.973959684952354
15	117	2107	1042	1844	679	6.972031026538366	3.206662593761204	3.1825239777681658
16	1	4839	2122	4147	841	7.063088184760663	3.748942565085712	2.2263452277170215
16	2	1509	830	1046	194	5.703991024850698	3.4764611254850823	1.852216750019136
16	4	6426	3080	5240	1274	9.949785954098475	4.940966218376566	2.379565634199214
16	5	2847	1228	2180	296	9.582949794995695	2.5232951476139265	1.2937879930215166
16	6	3785	1618	3363	751	5.561155792778508	3.352224980326552	2.0138740748455484
16	9	6442	2872	5554	1095	5.597886051196967	2.8696536576528664	2.9730280058716385
16	31	5867	2649	5327	1460	18.19778274731797	4.32562759027398	6.318780207500095
16	32	816	403	752	208	32.96181198384436	1.7631071931572777	5.732503383763587
16	33	9218	4303	8204	2750	6.718702829844245	2.9517223213390147	2.3932856008449557
16	37	6866	3197	5974	1468	7.848821110373367	4.305213212957278	2.927300373289178
16	41	4810	2214	4244	1352	10.552339076159354	3.078493990716552	3.296375050735765
16	43	4495	1974	4021	1148	8.722102605529084	2.6040997053066213	2.5932465135422493
16	58	4269	1472	3814	776	8.229691104376352	2.9290967155591217	3.748492721862563
16	59	4710	1757	4068	556	16.020465111264222	2.8031689650317597	1.6318999901220788
16	63	6051	2882	5250	1271	3.501790089742657	5.216593930199627	3.358655113038761
16	70	1625	963	1462	472	6.783226096735217	2.799812398572901	1.806289801062526
16	74	1113	508	997	247	5.926789933732377	5.019383455524825	2.370822847686791
16	75	6502	3136	5668	1882	159.14425164325962	22.146720701565194	45.2497206278892
16	76	4265	2153	3836	1079	20.165130411552987	5.090786595093085	6.306182524006198
16	79	3094	1396	2730	1122	6.5792852192100675	2.6179518667847677	3.0096754163580552
16	83	4779	2324	4227	1359	2.3696002214782976	5.07828521014676	1.8513167765579857
16	85	10969	5252	9614	2734	5.905069012991281	6.450856944161925	2.4646416757026306
16	88	10867	5313	8852	2316	19.28799335328432	13.422686918403468	8.166929719094881
16	89	13817	6707	11620	3744	209.743536212219	93.0147914375528	71.55442372139751
16	90	3044	1663	2697	768	6.372536826188566	5.426973323226281	1.6916288029463429
16	91	3590	1641	3185	686	2.995711510035808	5.226620558951164	2.166483475630571
16	94	11345	5743	10038	3769	5.356750211902352	3.269213647334406	2.2817626041914147
16	99	3536	1754	3172	1095	13.191582883441397	3.107378295210459	3.3278960807901843
16	100	721	359	639	129	11.474613566425369	4.880980753578431	1.9664824507901515
16	101	683	424	623	180	8.15223842405772	2.7455141944966264	2.8430331456244167
16	103	14519	7068	12935	4470	8.568072419063158	3.887897045336355	3.5942716236219767
16	104	3957	2128	3600	1194	9.590806897800643	3.160552196667729	2.077668092907802
16	110	3234	1693	2927	983	30.993303918229504	4.854115604463984	3.320243006199993
16	113	4949	2553	4513	962	8.098517480462336	4.665616484822568	3.4879022889207136
16	116	3071	1810	2643	0	5.407900990289231	3.183387583662706	-Inf
16	119	4036	2199	3765	0	6.775911151802855	3.453904024905305	-Inf
16	120	721	323	683	0	3.084164681559717	5.2546459239986305	-Inf
16	125	3696	1620	3191	0	8.520439245359906	3.6088193957889194	-Inf
16	126	726	390	577	0	17.949246649630528	2.140570871023209	-Inf
16	127	1074	671	850	0	18.12426918619693	4.041737800424044	-Inf
16	128	12694	5562	11387	0	6.162874933704265	4.2165868620235925	-Inf
17	9	6642	3318	5605	1549	16.195229055746893	4.328117635427605	5.056344318520653
17	15	350	203	295	0	9.07660999038746	2.7673797157060633	-Inf
17	16	1287	668	1110	141	24.27507479785551	6.887815392875741	3.1922441032891173
17	17	6679	3240	5732	2110	38.45332663296971	17.08919341842639	3.141347000576287
17	22	1251	528	1121	228	7.661029341412243	3.6347436122643977	2.70190806891542
17	23	2409	1112	2067	559	140.42391164124075	6.6229703676103195	3.801041993984302
17	24	4035	2012	3535	904	30.838465035680805	4.438022331006871	5.485788073584579
17	25	4448	2001	3872	1034	25.840938731059502	3.1095282552560355	2.5662313204510903
17	28	799	433	683	188	9.60579095556765	3.8725918036525258	1.1829281443026145
17	30	837	437	771	254	13.041094981294286	3.8864258218903704	2.2253894163295267
17	49	2287	1299	2042	655	5.460669669389271	3.2643023871863104	1.625182469206654
17	51	9787	4144	8837	2111	14.68965176257499	3.9698667117129585	2.9222432756187975
17	53	8304	3028	7204	1777	6.891433288393804	4.3554898091031795	1.833276708213446
17	54	5125	2540	4545	1239	6.060155559517045	2.493430749290632	2.4412505788143997
17	55	12887	5217	11034	2390	31.292571144960455	3.545782189155541	6.168320002783802
17	65	7785	3613	6706	2156	6.811761617496195	3.6492845798534654	2.986156304912762
17	70	4020	1727	3469	987	9.09180937894408	5.157165339492413	3.276824991515514
17	71	5465	2415	4656	861	20.963076022101728	3.9139111334996746	2.641599690511026
17	73	9946	3967	8594	1763	18.075432928519724	6.666878862562291	3.5717253093837154
17	74	10614	4628	9266	2242	10.20383363615326	4.883254801804159	5.556437805746442
17	75	8045	3632	6941	2269	67.98969242342851	7.176100593400121	12.214768644305078
17	76	4021	1916	3430	921	5.237277076100599	2.7874617184525974	2.673722912063855
17	78	1394	716	1225	266	3.946256937645827	5.02171185357407	2.7989148330262568
17	80	4352	2168	3837	1116	8.667240784083615	2.8823007948169823	1.971153826154012
17	85	6646	3162	5884	1740	6.728533199397936	4.317613995168988	2.6773393616176313
17	87	2894	1473	2543	670	7.25539284489238	2.793516554354324	3.835481548310757
17	90	10028	3802	8641	1999	8.023571030429826	3.48321800403556	3.886812638437878
17	94	5303	2254	4440	993	8.238763090340814	3.223429124547816	2.5472191317737556
17	95	3456	1482	3120	864	7.155613088669408	2.7270067618432328	1.8027387762157308
17	97	6799	3256	6094	1888	44.983679172130174	4.311572541269012	3.3649489001243147
17	98	3543	1709	3122	657	17.425683891022473	3.208493094913091	1.7117894622911751
17	100	4461	1807	3933	952	20.66705038895766	3.176539350529604	3.634633392843392
17	101	3144	1413	2868	950	13.045004500762838	5.575643343535101	2.4446423183617743
17	102	2610	998	2356	572	168.808310104747	9.155416990841516	16.478126894471902
17	103	2586	1255	2220	640	22.06219411261013	2.810557186665845	2.774765065329369
17	104	389	240	327	103	12.676792260802234	1.959682740660179	1.3616202163652202
17	105	4311	2164	3855	1167	6.666194270056437	3.0772521140071523	3.850107380377173
17	109	1053	575	917	286	5.809733319977384	2.992780442759011	0.8650776389985565
17	116	2406	1178	2119	692	5.53022813997285	2.718534879285417	3.964521843412956
17	117	5601	2272	4911	1173	6.958781443141288	2.7090004679429467	3.0295478423792632
17	118	4810	2136	4082	1015	21.911564301505383	3.7501404329902703	4.51502117597492
17	121	2739	1409	2414	827	6.092995002392773	2.4474427060877533	2.388989430881023
17	123	4407	2290	3915	1042	6.165756522773736	3.1355578901466337	3.4613107364635987
17	125	6617	3153	5800	1623	47.61081376677342	4.058405129843774	4.258537775306527
17	128	1793	939	1527	253	5.761857162542912	2.3249132010994136	3.0442828669387723
17	130	3858	1784	3374	879	5.777844805759217	2.151675614131419	2.213718738836161
17	133	3310	1825	2422	560	5.875961814580217	2.7427024534977105	1.164915296051931
17	134	4078	1843	3578	1101	11.172425986327903	2.8304032361576503	1.997413619813294
18	8	3695	1768	3372	888	8.015729716981413	3.0109734003990662	3.882797001683918
18	9	927	598	790	141	6.611960631925708	3.0457596118547623	1.96794645741118
18	31	6311	3447	5604	1731	10.686787449827431	3.764641832106401	2.8436023835083004
18	35	2009	782	1830	506	5.127755996584569	3.277843647984664	2.0923569831089024
18	39	8799	4245	7670	2282	6.206784293450437	2.983036215129227	4.062503251576363
18	41	12371	4558	11138	2479	6.888196718389843	3.744664135956585	4.9022796203480885
18	42	7046	3068	6227	1839	3.983142577272527	2.601112381283557	5.125350280446166
18	52	4933	2270	4395	1279	5.75785453138273	3.0755065131984383	2.704744537871836
18	61	6790	3387	5697	1768	9.554368729185336	3.0437798844584565	3.371879874897342
18	68	619	410	530	135	6.616547528513648	2.5855105314967797	2.118465703895833
18	69	10947	5208	9495	3315	170.89201652292883	10.952087405762343	48.7863648987614
18	74	10495	5069	9053	2396	5.44751560418253	3.077728598965501	2.229795240861523
18	77	1541	718	1367	423	16.21600954576676	2.636537782159577	2.1093447917333648
18	78	2426	1220	2144	525	7.934847957626173	3.2147982538914124	2.6007740770420895
18	81	4201	2307	3765	1427	6.905876500185382	3.086635061068056	2.6310319689542263
18	85	6977	3617	6013	1626	3.8907983098497807	2.8400833863719677	6.443260180722279
18	88	4280	1946	3756	1151	9.07546381700038	2.8365386551182983	3.35629304080611
18	119	1809	872	1551	186	6.252907743833741	2.4206560492038354	1.805482308877905
19	2	727	501	444	0	5.187434736568046	1.874274728482632	-Inf
19	5	280	266	45	0	7.408685888157595	1.0646280691902876	-Inf
19	6	2410	1467	1727	115	8.220266323360748	3.610287998444364	2.4865588407189896
19	12	2094	933	1803	196	27.723380860567868	3.427401080453036	2.568493256215303
19	15	1222	725	985	158	6.537873943163663	2.0797592657761874	0.8768767867800572
19	16	1154	822	725	139	7.100106688105374	2.5189178129818117	3.280179835353319
19	19	909	652	471	113	12.806835546322754	1.949721336327296	2.9160463796347167
19	20	1969	1037	1460	238	17.234027177551187	2.7747933693817735	2.053501287741086
19	21	1177	599	932	142	7.309242686393688	3.460380901475672	0.9075888385087696
19	22	4494	2408	3869	964	5.609722659058644	3.631002987101035	1.9431469286439416
19	25	3257	1603	2782	575	10.376050955017307	5.354910134334791	2.6579966999102105
19	30	2739	1225	2386	596	5.555783292086178	3.8413035378050058	2.0618798626826766
19	32	3498	1786	2924	662	16.736945221863923	5.459242230535566	2.8700358441487768
19	33	1766	814	1503	268	13.294603664314078	5.504659654503515	1.5079572656104294
19	35	4621	1865	4057	1177	6.5877750938358055	4.888625816315223	2.9284886356749342
19	36	1138	646	978	210	6.419345930647824	3.4069366332183293	3.6476923501222074
19	37	5713	2565	4801	1299	1503.2065818084295	180.48913056817827	86.70214886036152
19	38	1288	610	1109	326	107.94117570143362	73.94952061630094	65.92793584233965
19	39	8180	3517	6852	1621	14.07832994301682	13.122661954615568	2.854073316344772
19	42	2404	1228	1690	292	8.180388025948647	3.39034880944912	1.5588823597300483
19	46	4495	2017	4122	1217	13.710307346075084	3.5453613931736028	3.4544626493654755
19	49	4337	2300	3724	995	11.742510400894522	3.6377540653492377	3.40506384027419
19	51	2657	1322	2309	624	14.241131476852194	2.8488152774278905	2.7022932450073105
19	52	3153	1624	2611	622	22.563522883364183	3.413454720895228	2.811862366896404
19	53	6505	3053	5530	1628	508.0345238484127	2.691136051685664	6.929370695328487
19	54	10530	4263	9536	3103	18.95613743046392	2.976855214376895	2.184516288466418
19	63	2760	1432	2461	617	12.957065305972543	5.134226611962394	2.718970795032833
19	64	8153	3905	7054	1964	9.12779467113431	4.53059515274281	6.8320645435255365
19	65	2648	1397	2346	782	11.743450134895172	3.7091178345529494	5.207704263847718
19	67	13252	5937	11139	3881	11.910657803368936	3.5232602321876407	4.68196381152341
19	70	4432	1849	3930	923	10.419705238500386	6.057539570245737	1.9023874544788977
19	71	663	334	557	123	13.96723369656666	2.6632741637666624	1.5397081989819823
19	72	8356	2700	7233	922	12.645280408806718	4.91051317869439	4.397496110379072
19	73	1055	490	919	273	6.081252370262671	2.94661195656652	0.972180819355862
19	74	6527	2876	5802	1638	280.6336733173368	9.088632878289015	2.632837121066503
19	75	1452	747	1279	191	3675.005137164108	323.25266509316856	140.44617349277496
19	76	6136	2845	5227	1341	668.4974267380258	19.984858327617665	4.962362281827879
19	77	9933	5032	8291	2124	22.15760587682939	4.638414361582557	2.7697560933748946
19	79	3509	1553	3113	828	10.793661605522251	2.951880444489337	1.766250253666058
19	80	1759	865	1453	283	91.55905637226594	8.351220851569401	1.6594713155301484
19	81	4812	2051	4025	900	32.804407658309856	3.287233562473306	11.478647695620271
19	89	2203	1153	1932	783	6.1471036402727	2.9144119587363755	2.266003796802579
19	90	4829	2448	4232	1413	5.092644198357403	4.004663477838418	2.779056432182064
19	98	2014	1067	1525	329	26.209387498064068	2.9496787551227728	2.3052191045438684
19	103	2656	1261	2279	0	6.73566012508934	2.644580969042164	-Inf
19	104	2797	1417	2448	0	6.78761280024466	2.9053680099561783	-Inf
19	107	1961	981	1739	0	12.378998943501273	3.0286951614280144	-Inf
19	110	6059	2722	5366	0	15.184716065100156	3.0230524704392954	-Inf
19	111	2962	1204	2667	0	46.51628963179985	2.3335247895557205	-Inf
20	2	2112	1191	1858	403	10.073205041429173	2.8059756732106664	1.2232812033632916
20	10	2251	1112	2041	676	6.942320087456299	4.019246138492986	2.4610054407677437
20	12	4111	2024	3609	859	9.117297855140333	2.988205381653941	2.796724275874745
20	18	2179	1303	1935	815	20.626482796705183	3.604068633937907	2.568082546903016
20	19	726	358	661	194	9.74016290884999	2.440509882245034	1.1441573781344525
20	40	2662	1552	2415	820	17.830678714296866	2.786007527153047	3.410372030392037
20	48	7795	3926	6802	2152	98.50598323984651	3.822126034501089	3.7768689352819904
20	55	1745	746	1550	434	6.348825953831075	2.7367046665186474	3.0497940785655797
20	59	9593	3886	8550	1513	10.951237724927466	3.4478989740808537	3.768001901531952
20	60	5222	2394	4624	1218	11.18050973520251	4.08104501130452	2.882788360607892
20	63	9761	4755	8601	2628	23.507981433152793	4.330349347803374	2.875816916943276
20	64	2506	1437	2204	658	191.44853362419377	7.410740572017971	12.993403682159824
20	65	5381	2642	4665	1603	105.4623927115902	9.80120677738194	13.453792379511182
20	66	5733	2946	5098	1513	5.495088336844258	3.930134085044208	2.8207066151385836
20	67	4366	1954	3882	874	3.3966285062588586	5.758011932803061	2.4323434271766655
20	68	2048	1093	1775	427	8.063595968255909	3.910462855316128	3.150037378024928
20	69	4097	2094	3641	1200	108.8705533359435	3.257712282128884	2.9729899702215756
20	70	3372	1537	2950	707	6.018174211990284	3.6398383856358714	2.6581909459512643
20	71	5001	2385	4344	1473	11.761025500242052	2.454060847214627	5.009171094479829
20	77	4560	2271	3863	1366	13.58842017675344	4.4935983172776455	2.235148208013081
20	78	5974	2891	5204	1635	5.285724546873188	3.3013161775754063	2.781134145537677
20	86	3524	1816	3122	829	9.630928743145848	4.571851643512512	2.872070533244796
20	87	1870	1137	1707	653	19.50137387229807	3.4317636094809467	3.7406386386407178
20	89	2586	1161	2388	552	2.7279096557369926	5.300165334577099	2.6582572491298007
20	112	1053	506	950	0	5.535807495035057	3.1544623704355677	-Inf
20	115	3610	869	3349	0	15.555088437819364	4.2455811401787855	-Inf
21	3	1890	1002	1601	476	5.193091722079264	3.739432617649237	1.904668742539876
21	5	2847	1163	2561	662	8.808740188840677	2.9368938025897355	1.4775849821743938
21	30	9207	3674	8386	2579	5.410175057073118	4.041034038388289	2.7270900685533017
21	33	4555	2280	4099	1244	18.372052070168667	3.5696691973343646	1.5623580869453355
21	37	5724	2686	4920	1312	5.248647473414209	3.907781071380588	1.90497142238123
21	41	8753	4431	7910	2007	5.682679150249672	2.9244106816301207	2.4328350536304972
21	48	7284	3441	6582	2025	21.899151752116687	5.295804704261003	6.820006482153743
21	53	2843	1538	2532	788	6.20801482557948	3.401261584807575	2.2822772109883185
21	64	4983	2364	4259	0	11.59646894368258	8.426252563269879	-Inf
22	1	2524	1488	2260	748	8.835022747324507	3.731224785385156	1.657500086251317
22	5	2289	1101	2098	557	12.011378182583252	3.5930199706788746	3.0507259245505134
22	9	3553	1745	3119	768	6.136646293257669	2.575634859595786	2.526177818915916
22	13	2502	1033	2286	568	46.71062751987238	4.854815169975405	7.457278900496807
22	29	5060	2478	4325	1633	6.041779721348521	2.2666931292328343	3.3514042034112257
22	30	16704	7969	14277	4955	15.133707831685348	3.775874465278502	8.965170215353098
22	36	2648	1301	2286	721	20.051642285276827	3.204060926361131	5.6037879068398215
22	37	4081	2016	3586	1037	11.423033259819306	3.8165065185099056	2.200676004807975
22	40	1979	1049	1780	428	5.747272957686403	2.3820254099850664	2.102297179214581
22	43	4276	1897	3658	917	6.498491146794339	5.185714700439115	1.7919514311624636
22	45	4465	1955	3946	858	5.0994151648823145	3.1166852601383757	2.2567194345076422
22	46	10704	4711	9015	2535	17.19778807024222	3.814554113873307	11.590515783749728
22	47	5329	2449	4747	1110	5.5113231971224375	3.702789839017154	3.6514912302230234
22	49	864	597	786	211	49.801828709518475	4.3584842325491016	11.424126658351224
22	54	2937	1459	2617	0	9.641631449299831	3.7199871236531297	-Inf
22	55	2288	1314	1837	0	11.129064033654728	3.897524382799373	-Inf
22	56	321	227	184	0	5.268352732944429	3.118770095256878	-Inf
22	57	2208	972	1959	0	16.517366475384858	2.4404232074643737	-Inf
22	69	3320	1519	3005	0	6.301416231823017	2.968505874579676	-Inf
22	70	5698	2677	5033	0	14.543182385226189	3.2977695657721977	-Inf
