pheno	db	chromosome	block	num_variants	L	time	num_variants_0.95	num_variants_0.5	num_CS95	num_variants_CS95	num_variants_0.95.EUR	num_variants_0.5.EUR	num_CS95.EUR	num_variants_CS95.EUR	num_variants_0.95.AFR	num_variants_0.5.AFR	num_CS95.AFR	num_variants_CS95.AFR	num_variants_0.95.EAS	num_variants_0.5.EAS	num_CS95.EAS	num_variants_CS95.EAS
LDL	UKBB	1	2	59	5	0.430679082870483	0	0	0	0	0	0	0	0	0	0	0	0	0	0	0	0
LDL	UKBB	1	4	293	5	2.73927187919617	0	0	0	0	0	0	0	0	0	0	0	0	0	0	0	0
LDL	UKBB	1	17	1325	5	762.270530462265	0	0	0	0	0	0	0	0	0	0	0	0	0	0	0	0
LDL	UKBB	1	19	823	5	72.2622230052948	0	0	0	0	0	0	0	0	0	0	0	0	0	0	0	0
LDL	UKBB	1	23	418	5	1.43638110160828	0	1	0	0	0	1	0	0	0	1	0	0	0	0	0	0
LDL	UKBB	1	35	991	5	257.393835306168	0	1	1	15	0	1	1	15	0	0	0	0	0	0	0	0
LDL	UKBB	1	40	605	5	6.12817478179932	0	1	0	0	0	1	0	0	0	0	0	0	0	0	0	0
LDL	UKBB	1	48	483	5	5.93280243873596	0	0	2	16	0	0	2	16	0	0	0	0	0	0	0	0
LDL	UKBB	1	49	305	5	1.39674711227417	0	0	0	0	0	0	0	0	0	0	0	0	0	0	0	0
LDL	UKBB	1	51	456	5	4.00832962989807	0	0	1	17	0	0	1	17	0	0	0	0	0	0	1	17
LDL	UKBB	1	52	958	5	551.000171899796	0	0	1	24	0	0	1	24	0	0	0	0	0	0	0	0
LDL	UKBB	1	53	815	5	10.8054835796356	0	1	0	0	0	1	0	0	0	0	0	0	0	0	0	0
LDL	UKBB	1	58	952	5	375.353761672974	0	0	0	0	0	0	0	0	0	0	0	0	0	0	0	0
LDL	UKBB	1	70	1030	5	1310.47028779984	0	0	0	0	0	0	0	0	0	0	0	0	0	0	0	0
LDL	UKBB	1	73	1277	5	849.623844861984	0	0	0	0	0	0	0	0	0	0	0	0	0	0	0	0
LDL	UKBB	1	75	1448	5	653.24688076973	0	0	1	45	0	0	1	45	0	0	0	0	0	0	0	0
LDL	UKBB	1	76	877	5	15.583756685257	0	0	0	0	0	0	0	0	0	0	0	0	0	0	0	0
LDL	UKBB	1	78	505	5	3.25195240974426	0	0	0	0	0	0	0	0	0	0	0	0	0	0	0	0
LDL	UKBB	1	80	603	5	10.1899588108063	0	0	0	0	0	0	0	0	0	0	0	0	0	0	0	0
LDL	UKBB	1	81	405	5	2.89732575416565	0	0	0	0	0	0	0	0	0	0	0	0	0	0	0	0
LDL	UKBB	1	82	786	5	21.7878315448761	0	0	0	0	0	0	0	0	0	0	0	0	0	0	0	0
LDL	UKBB	1	83	1082	5	25.9247190952301	0	1	1	8	0	1	1	8	0	0	0	0	0	0	0	0
LDL	UKBB	1	84	1730	10	3417.79861187935	7	9	9	11	7	9	9	11	1	4	4	5	0	0	0	0
LDL	UKBB	1	85	679	5	7.18152165412903	0	0	0	0	0	0	0	0	0	0	0	0	0	0	0	0
LDL	UKBB	1	88	956	5	17.6893472671509	0	0	0	0	0	0	0	0	0	0	0	0	0	0	0	0
LDL	UKBB	1	89	931	5	8.88569808006287	0	0	0	0	0	0	0	0	0	0	0	0	0	0	0	0
LDL	UKBB	1	92	1039	5	79.150045633316	0	0	0	0	0	0	0	0	0	0	0	0	0	0	0	0
LDL	UKBB	1	94	256	5	3.6301155090332	0	0	0	0	0	0	0	0	0	0	0	0	0	0	0	0
LDL	UKBB	1	96	958	5	69.7378702163696	0	0	0	0	0	0	0	0	0	0	0	0	0	0	0	0
LDL	UKBB	1	97	1128	5	57.5914545059204	0	0	1	29	0	0	1	29	0	0	0	0	0	0	0	0
LDL	UKBB	1	100	1160	5	19.3295052051544	0	0	0	0	0	0	0	0	0	0	0	0	0	0	0	0
LDL	UKBB	1	109	1209	5	1054.79564809799	0	0	0	0	0	0	0	0	0	0	0	0	0	0	0	0
LDL	UKBB	1	124	1456	5	1050.16819667816	0	0	0	0	0	0	0	0	0	0	0	0	0	0	0	0
LDL	UKBB	1	125	1540	5	1268.08695244789	0	0	2	105	0	0	2	105	0	0	0	0	0	0	0	0
LDL	UKBB	1	136	919	5	155.670555830002	0	0	1	23	0	0	1	23	0	0	0	0	0	0	0	0
LDL	UKBB	1	138	1101	5	926.872609615326	1	1	1	1	1	1	1	1	1	1	1	1	1	1	1	1
LDL	UKBB	1	139	331	5	5.72476553916931	0	1	0	0	0	1	0	0	0	0	0	0	0	0	0	0
LDL	UKBB	1	141	537	5	3.22497463226318	0	0	0	0	0	0	0	0	0	0	0	0	0	0	0	0
LDL	UKBB	1	145	583	5	5.60670208930969	0	0	0	0	0	0	0	0	0	0	0	0	0	0	0	0
LDL	UKBB	1	147	953	5	204.845424175262	0	0	0	0	0	0	0	0	0	0	0	0	0	0	0	0
LDL	UKBB	1	150	1233	5	732.561275243759	0	0	0	0	0	0	0	0	0	0	0	0	0	0	0	0
LDL	UKBB	1	151	1610	5	1400.1734995842	0	0	0	0	0	0	0	0	0	0	0	0	0	0	0	0
LDL	UKBB	1	154	1366	5	939.338497400284	0	0	1	29	0	0	1	29	0	0	0	0	0	0	0	0
LDL	UKBB	1	158	658	5	70.6483058929443	0	0	0	0	0	0	0	0	0	0	0	0	0	0	0	0
LDL	UKBB	1	162	773	5	12.3897576332092	0	0	0	0	0	0	0	0	0	0	0	0	0	0	0	0
LDL	UKBB	1	163	738	5	17.8096022605896	0	0	0	0	0	0	0	0	0	0	0	0	0	0	0	0
LDL	UKBB	1	168	1157	5	464.361193418503	0	0	0	0	0	0	0	0	0	0	0	0	0	0	0	0
LDL	UKBB	1	169	1983	5	1050.75964236259	0	0	0	0	0	0	0	0	0	0	0	0	0	0	0	0
LDL	UKBB	1	175	1604	5	1025.28283858299	0	0	0	0	0	0	0	0	0	0	0	0	0	0	0	0
LDL	UKBB	1	182	1556	5	307.214337825775	0	0	0	0	0	0	0	0	0	0	0	0	0	0	0	0
LDL	UKBB	1	183	1446	5	1462.44075632095	0	0	1	96	0	0	1	96	0	0	0	0	0	0	0	0
LDL	UKBB	1	187	1124	5	787.232918024063	0	0	0	0	0	0	0	0	0	0	0	0	0	0	0	0
LDL	UKBB	1	188	1254	5	585.114828109741	0	0	0	0	0	0	0	0	0	0	0	0	0	0	0	0
LDL	UKBB	1	189	757	5	17.1678061485291	0	0	0	0	0	0	0	0	0	0	0	0	0	0	0	0
LDL	UKBB	1	191	1213	5	101.167193889618	0	0	1	13	0	0	1	13	0	0	0	0	0	0	0	0
LDL	UKBB	1	192	1162	5	45.6027987003326	0	0	1	35	0	0	1	35	0	0	0	0	0	0	0	0
LDL	UKBB	1	201	929	5	522.089744091034	0	0	0	0	0	0	0	0	0	0	0	0	0	0	0	0
LDL	UKBB	1	202	1155	5	224.410002470016	0	0	1	6	0	0	1	6	0	0	0	0	0	0	0	0
LDL	UKBB	1	205	468	5	4.15633797645569	0	0	0	0	0	0	0	0	0	0	0	0	0	0	0	0
LDL	UKBB	1	213	608	5	5.72956824302673	0	0	0	0	0	0	0	0	0	0	0	0	0	0	0	0
LDL	UKBB	1	214	569	5	3.7262849807739302	0	0	0	0	0	0	0	0	0	0	0	0	0	0	0	0
LDL	UKBB	1	216	1142	5	400.171854257584	0	0	0	0	0	0	0	0	0	0	0	0	0	0	0	0
LDL	UKBB	1	221	1231	5	602.948848724365	0	0	0	0	0	0	0	0	0	0	0	0	0	0	0	0
LDL	UKBB	1	223	1283	5	1049.71338891983	0	0	0	0	0	0	0	0	0	0	0	0	0	0	0	0
LDL	UKBB	1	226	507	5	508.291625261307	0	0	0	0	0	0	0	0	0	0	0	0	0	0	0	0
LDL	UKBB	1	233	1550	5	434.664735794067	0	0	0	0	0	0	0	0	0	0	0	0	0	0	0	0
LDL	UKBB	1	234	1779	5	481.665331363678	1	1	2	5	1	1	2	5	0	0	0	0	0	0	1	4
LDL	UKBB	1	238	2312	5	1036.20000624657	0	0	1	7	0	0	1	7	0	0	0	0	0	0	0	0
LDL	UKBB	1	239	621	5	10.5652239322662	0	0	0	0	0	0	0	0	0	0	0	0	0	0	0	0
LDL	UKBB	1	252	568	5	905.599238157272	0	3	4	28	0	3	4	28	0	2	1	2	0	1	1	2
LDL	UKBB	1	253	170	5	3.6767725944519	0	1	1	2	0	1	1	2	0	0	0	0	0	0	0	0
LDL	UKBB	1	254	775	5	584.222986698151	0	1	1	3	0	1	1	3	0	1	1	3	0	0	0	0
LDL	UKBB	1	255	649	5	426.827946424484	0	1	0	0	0	1	0	0	0	0	0	0	0	0	0	0
LDL	UKBB	1	280	2070	5	1212.19779777527	0	0	0	0	0	0	0	0	0	0	0	0	0	0	0	0
LDL	UKBB	2	6	627	5	313.321488618851	0	1	1	2	0	1	1	2	0	0	0	0	0	0	0	0
LDL	UKBB	2	19	258	5	4.9220609664917	0	0	0	0	0	0	0	0	0	0	0	0	0	0	0	0
LDL	UKBB	2	21	273	5	0.789344072341919	0	0	1	10	0	0	1	10	0	0	0	0	0	0	0	0
LDL	UKBB	2	27	383	5	5.91539549827576	0	0	0	0	0	0	0	0	0	0	0	0	0	0	0	0
LDL	UKBB	2	34	1441	5	884.480948925018	0	0	0	0	0	0	0	0	0	0	0	0	0	0	0	0
LDL	UKBB	2	37	526	5	579.250499248505	0	0	0	0	0	0	0	0	0	0	0	0	0	0	0	0
LDL	UKBB	2	38	1200	5	750.752665758133	0	0	0	0	0	0	0	0	0	0	0	0	0	0	0	0
LDL	UKBB	2	39	576	5	104.248709201813	0	0	0	0	0	0	0	0	0	0	0	0	0	0	0	0
LDL	UKBB	2	40	1838	5	1622.36110877991	0	0	0	0	0	0	0	0	0	0	0	0	0	0	0	0
LDL	UKBB	2	41	813	5	477.174286842346	0	1	2	13	0	1	2	13	0	0	0	0	0	0	0	0
LDL	UKBB	2	42	164	5	1.40913271903992	0	1	0	0	0	0	0	0	0	1	0	0	0	0	0	0
LDL	UKBB	2	43	182	5	48.6481521129608	0	0	0	0	0	0	0	0	0	0	0	0	0	0	0	0
LDL	UKBB	2	44	604	15	1303.26083254814	3	9	10	31	3	9	10	31	0	4	4	9	0	2	2	4
LDL	UKBB	2	45	1262	5	1096.3023686409	1	1	1	1	1	1	1	1	0	1	1	1	0	0	0	0
LDL	UKBB	2	46	669	5	200.553376197815	0	0	1	17	0	0	1	17	0	0	0	0	0	0	0	0
LDL	UKBB	2	47	1479	5	924.225378036499	0	0	1	35	0	0	1	35	0	0	0	0	0	0	0	0
LDL	UKBB	2	48	784	5	232.195780277252	0	0	0	0	0	0	0	0	0	0	0	0	0	0	0	0
LDL	UKBB	2	49	1060	5	239.096669197083	1	1	3	44	1	1	3	44	0	1	1	1	0	0	0	0
LDL	UKBB	2	50	987	5	270.444016456604	0	0	0	0	0	0	0	0	0	0	0	0	0	0	0	0
LDL	UKBB	2	51	1213	5	841.347308635712	0	0	0	0	0	0	0	0	0	0	0	0	0	0	0	0
LDL	UKBB	2	53	868	5	563.273462295532	0	0	1	19	0	0	1	19	0	0	0	0	0	0	0	0
LDL	UKBB	2	69	1510	5	951.519042253494	0	0	0	0	0	0	0	0	0	0	0	0	0	0	0	0
LDL	UKBB	2	71	938	10	1235.9519701004	1	6	7	17	1	6	7	16	0	0	0	0	0	0	0	0
LDL	UKBB	2	72	1864	5	1564.68757224083	2	3	3	4	2	3	3	4	0	0	0	0	0	1	1	1
LDL	UKBB	2	74	714	5	297.316250801086	0	0	0	0	0	0	0	0	0	0	0	0	0	0	0	0
LDL	UKBB	2	75	956	5	398.746239900589	0	1	0	0	0	1	0	0	0	0	0	0	0	0	0	0
LDL	UKBB	2	77	801	5	296.08899641037	0	0	0	0	0	0	0	0	0	0	0	0	0	0	0	0
LDL	UKBB	2	84	4135	5	1350.82012438774	0	0	0	0	0	0	0	0	0	0	0	0	0	0	0	0
LDL	UKBB	2	86	1445	5	783.15539932251	0	0	0	0	0	0	0	0	0	0	0	0	0	0	0	0
LDL	UKBB	2	87	496	5	59.8392651081085	0	0	0	0	0	0	0	0	0	0	0	0	0	0	0	0
LDL	UKBB	2	88	3826	5	2608.64903283119	0	0	2	49	0	0	2	49	0	0	0	0	0	0	0	0
LDL	UKBB	2	89	769	5	412.038404226303	0	0	0	0	0	0	0	0	0	0	0	0	0	0	0	0
LDL	UKBB	2	97	1377	5	388.065183162689	0	0	0	0	0	0	0	0	0	0	0	0	0	0	0	0
LDL	UKBB	2	99	739	5	586.359343290329	0	0	0	0	0	0	0	0	0	0	0	0	0	0	0	0
LDL	UKBB	2	100	740	5	383.946056604385	0	0	0	0	0	0	0	0	0	0	0	0	0	0	0	0
LDL	UKBB	2	115	1746	5	581.729876279831	0	0	0	0	0	0	0	0	0	0	0	0	0	0	0	0
LDL	UKBB	2	121	1496	5	448.954261064529	0	0	1	20	0	0	1	20	0	0	0	0	0	0	0	0
LDL	UKBB	2	122	652	5	577.378284215927	0	0	0	0	0	0	0	0	0	0	0	0	0	0	0	0
LDL	UKBB	2	124	1118	5	1014.24497008324	0	0	0	0	0	0	0	0	0	0	0	0	0	0	0	0
LDL	UKBB	2	127	2279	5	1337.66593670845	0	0	0	0	0	0	0	0	0	0	0	0	0	0	0	0
LDL	UKBB	2	128	1689	5	1498.25486326218	1	1	3	48	1	1	3	48	0	0	0	0	0	0	0	0
LDL	UKBB	2	130	231	5	312.115411281586	0	0	0	0	0	0	0	0	0	0	0	0	0	0	0	0
LDL	UKBB	2	131	62	5	24.9733858108521	1	1	1	1	1	1	1	1	0	0	0	0	0	0	0	0
LDL	UKBB	2	138	1578	5	960.438720703125	0	0	0	0	0	0	0	0	0	0	0	0	0	0	0	0
LDL	UKBB	2	145	828	5	408.65483880043	0	0	0	0	0	0	0	0	0	0	0	0	0	0	0	0
LDL	UKBB	2	146	1521	5	1001.07407283783	0	0	1	5	0	0	1	5	0	0	0	0	0	0	0	0
LDL	UKBB	2	147	2818	5	2123.05164194107	0	0	0	0	0	0	0	0	0	0	0	0	0	0	0	0
LDL	UKBB	2	152	858	5	764.721019506454	0	0	0	0	0	0	0	0	0	0	0	0	0	0	0	0
LDL	UKBB	2	162	489	5	328.819126844406	0	0	0	0	0	0	0	0	0	0	0	0	0	0	0	0
LDL	UKBB	2	163	145	5	112.691556453705	0	1	1	4	0	1	1	4	0	0	1	4	0	0	0	0
LDL	UKBB	2	166	2385	5	962.431885004044	0	0	0	0	0	0	0	0	0	0	0	0	0	0	0	0
LDL	UKBB	2	168	1027	5	602.544872283936	0	1	1	4	0	1	1	4	0	0	0	0	0	0	0	0
LDL	UKBB	2	172	373	5	66.4925475120544	0	0	1	7	0	0	1	7	0	0	1	7	0	0	0	0
LDL	UKBB	2	177	1642	5	1065.0209403038	0	0	0	0	0	0	0	0	0	0	0	0	0	0	0	0
LDL	UKBB	2	181	1454	5	846.296278476715	0	0	0	0	0	0	0	0	0	0	0	0	0	0	0	0
LDL	UKBB	2	184	2220	5	1344.70348668098	0	0	0	0	0	0	0	0	0	0	0	0	0	0	0	0
LDL	UKBB	2	192	1585	5	1376.59359812737	0	0	0	0	0	0	0	0	0	0	0	0	0	0	0	0
LDL	UKBB	2	198	722	5	364.738051176071	0	0	0	0	0	0	0	0	0	0	0	0	0	0	0	0
LDL	UKBB	2	199	1503	5	507.371632099152	0	0	2	57	0	0	2	57	0	0	0	0	0	0	0	0
LDL	UKBB	2	205	719	5	1149.18316078186	0	0	0	0	0	0	0	0	0	0	0	0	0	0	0	0
LDL	UKBB	2	208	1706	5	1229.04695343971	0	0	0	0	0	0	0	0	0	0	0	0	0	0	0	0
LDL	UKBB	2	212	1311	5	792.773777484894	0	0	0	0	0	0	0	0	0	0	0	0	0	0	0	0
LDL	UKBB	2	213	2714	5	837.850206613541	0	0	1	7	0	0	1	7	0	0	0	0	0	0	0	0
LDL	UKBB	2	217	618	5	334.165334939957	0	0	0	0	0	0	0	0	0	0	0	0	0	0	0	0
LDL	UKBB	2	232	675	5	722.091568231583	0	0	0	0	0	0	0	0	0	0	0	0	0	0	0	0
LDL	UKBB	2	237	1072	5	519.109211206436	0	0	0	0	0	0	0	0	0	0	0	0	0	0	0	0
LDL	UKBB	2	240	998	5	293.170843839645	0	0	0	0	0	0	0	0	0	0	0	0	0	0	0	0
LDL	UKBB	2	242	1148	5	388.709401130676	0	0	1	5	0	0	1	5	0	0	0	0	0	0	0	0
LDL	UKBB	2	250	2484	5	864.248987913132	0	0	0	0	0	0	0	0	0	0	0	0	0	0	0	0
LDL	UKBB	2	256	790	5	222.414345979691	0	0	1	7	0	0	1	7	0	0	0	0	0	0	0	0
LDL	UKBB	3	24	1401	5	1097.59888267517	0	1	1	3	0	1	1	3	0	0	0	0	0	0	0	0
LDL	UKBB	3	41	1908	5	792.441253185272	0	0	0	0	0	0	0	0	0	0	0	0	0	0	0	0
LDL	UKBB	3	43	1142	5	1255.20768857002	0	0	1	11	0	0	1	11	0	0	0	0	0	0	0	0
LDL	UKBB	3	51	632	5	591.80443406105	0	1	1	2	0	1	1	2	0	0	0	0	0	1	1	2
LDL	UKBB	3	56	860	5	435.080092668533	0	0	0	0	0	0	0	0	0	0	0	0	0	0	0	0
LDL	UKBB	3	70	1558	5	170.157548904419	0	0	0	0	0	0	0	0	0	0	0	0	0	0	0	0
LDL	UKBB	3	71	1256	5	743.994612216949	0	1	1	3	0	1	1	3	0	0	0	0	0	0	0	0
LDL	UKBB	3	83	2393	5	698.423479557037	0	0	0	0	0	0	0	0	0	0	0	0	0	0	0	0
LDL	UKBB	3	88	1506	5	1042.10782289505	0	0	1	32	0	0	1	32	0	0	0	0	0	0	0	0
LDL	UKBB	3	89	1164	5	1173.0402712822	0	0	0	0	0	0	0	0	0	0	0	0	0	0	0	0
LDL	UKBB	3	104	2776	5	1956.34412789345	0	0	0	0	0	0	0	0	0	0	0	0	0	0	0	0
LDL	UKBB	3	107	1040	5	384.591708421707	0	0	0	0	0	0	0	0	0	0	0	0	0	0	0	0
LDL	UKBB	3	109	2234	5	730.927608013153	0	0	0	0	0	0	0	0	0	0	0	0	0	0	0	0
LDL	UKBB	3	120	1092	5	926.35534620285	1	1	1	1	1	1	1	1	0	0	0	0	0	1	1	1
LDL	UKBB	3	121	1234	5	836.110658884048	0	0	2	40	0	0	2	40	0	0	0	0	0	0	0	0
LDL	UKBB	3	122	344	5	518.328710794449	0	0	0	0	0	0	0	0	0	0	0	0	0	0	0	0
LDL	UKBB	3	123	520	5	180.140265226364	0	0	0	0	0	0	0	0	0	0	0	0	0	0	0	0
LDL	UKBB	3	125	1482	5	503.305716514587	0	0	0	0	0	0	0	0	0	0	0	0	0	0	0	0
LDL	UKBB	3	127	1547	5	730.283593416214	0	0	0	0	0	0	0	0	0	0	0	0	0	0	0	0
LDL	UKBB	3	128	557	5	105.522722959518	0	0	0	0	0	0	0	0	0	0	0	0	0	0	0	0
LDL	UKBB	3	129	844	5	590.709925174713	0	0	0	0	0	0	0	0	0	0	0	0	0	0	0	0
LDL	UKBB	3	132	1633	5	637.183349609375	0	0	1	9	0	0	1	9	0	0	0	0	0	0	0	0
LDL	UKBB	3	135	1283	5	1068.3117814064	1	1	2	32	1	1	2	32	0	0	0	0	0	0	0	0
LDL	UKBB	3	140	1231	5	307.630298376083	0	0	1	23	0	0	1	23	0	0	0	0	0	0	0	0
LDL	UKBB	3	145	1461	5	512.416372537613	0	1	1	10	0	1	1	10	0	0	0	0	0	0	0	0
LDL	UKBB	3	148	1066	5	583.513509750366	0	0	0	0	0	0	0	0	0	0	0	0	0	0	0	0
LDL	UKBB	3	149	1101	5	1076.50318217278	0	0	0	0	0	0	0	0	0	0	0	0	0	0	0	0
LDL	UKBB	3	150	1119	5	445.343696832657	0	0	0	0	0	0	0	0	0	0	0	0	0	0	0	0
LDL	UKBB	3	154	445	5	241.678188323975	0	0	0	0	0	0	0	0	0	0	0	0	0	0	0	0
LDL	UKBB	3	155	1245	5	847.210268259048	0	0	0	0	0	0	0	0	0	0	0	0	0	0	0	0
LDL	UKBB	3	158	1600	5	795.636335611343	0	0	0	0	0	0	0	0	0	0	0	0	0	0	0	0
LDL	UKBB	3	159	1047	5	1017.732380867	0	0	0	0	0	0	0	0	0	0	0	0	0	0	0	0
LDL	UKBB	3	161	1695	5	648.516140937805	0	0	0	0	0	0	0	0	0	0	0	0	0	0	0	0
LDL	UKBB	3	165	1373	5	671.070149183273	0	0	0	0	0	0	0	0	0	0	0	0	0	0	0	0
LDL	UKBB	3	166	2596	5	873.298233509064	0	0	0	0	0	0	0	0	0	0	0	0	0	0	0	0
LDL	UKBB	3	172	864	5	741.123075723648	0	0	1	5	0	0	1	5	0	0	0	0	0	0	0	0
LDL	UKBB	3	173	538	5	108.374922275543	0	0	0	0	0	0	0	0	0	0	0	0	0	0	0	0
LDL	UKBB	3	175	472	5	290.63787984848	0	0	0	0	0	0	0	0	0	0	0	0	0	0	0	0
LDL	UKBB	3	186	1580	5	707.054638385773	0	0	0	0	0	0	0	0	0	0	0	0	0	0	0	0
LDL	UKBB	3	190	812	5	480.627601623535	0	0	0	0	0	0	0	0	0	0	0	0	0	0	0	0
LDL	UKBB	3	195	2904	5	1670.64398360252	0	0	0	0	0	0	0	0	0	0	0	0	0	0	0	0
LDL	UKBB	3	214	1321	5	374.870812654495	0	1	0	0	0	1	0	0	0	0	0	0	0	0	0	0
LDL	UKBB	3	216	604	5	1129.23084330559	0	0	0	0	0	0	0	0	0	0	0	0	0	0	0	0
LDL	UKBB	4	1	3147	5	1013.9151570797	0	1	1	2	0	1	1	2	0	0	0	0	0	0	0	0
LDL	UKBB	4	15	614	5	519.203906059265	0	0	0	0	0	0	0	0	0	0	0	0	0	0	0	0
LDL	UKBB	4	19	524	5	211.714507579803	0	1	0	0	0	1	0	0	0	0	0	0	0	1	0	0
LDL	UKBB	4	21	2550	5	862.207539081573	0	0	0	0	0	0	0	0	0	0	0	0	0	0	0	0
LDL	UKBB	4	28	1399	5	469.516705513	0	0	0	0	0	0	0	0	0	0	0	0	0	0	0	0
LDL	UKBB	4	30	945	5	266.44581246376	0	1	0	0	0	0	0	0	0	1	0	0	0	0	0	0
LDL	UKBB	4	42	233	5	782.589154720306	0	0	0	0	0	0	0	0	0	0	0	0	0	0	0	0
LDL	UKBB	4	43	584	5	204.372392177582	0	0	0	0	0	0	0	0	0	0	0	0	0	0	0	0
LDL	UKBB	4	55	1195	5	153.487045526505	0	1	1	18	0	1	1	18	0	0	0	0	0	0	0	0
LDL	UKBB	4	57	155	5	139.539981365204	0	0	0	0	0	0	0	0	0	0	0	0	0	0	0	0
LDL	UKBB	4	64	2023	5	898.054181337357	0	1	0	0	0	0	0	0	0	1	0	0	0	0	0	0
LDL	UKBB	4	65	862	5	342.279243946075	0	0	0	0	0	0	0	0	0	0	0	0	0	0	0	0
LDL	UKBB	4	66	1055	5	165.269388198853	0	0	0	0	0	0	0	0	0	0	0	0	0	0	0	0
LDL	UKBB	4	71	698	5	130.751439571381	0	1	0	0	0	1	0	0	0	0	0	0	0	0	0	0
LDL	UKBB	4	79	1045	5	193.513110876083	0	0	0	0	0	0	0	0	0	0	0	0	0	0	0	0
LDL	UKBB	4	80	1320	5	572.526958465576	0	1	1	4	0	1	1	4	0	1	1	4	0	0	0	0
LDL	UKBB	4	84	1142	5	145.245995283127	0	0	0	0	0	0	0	0	0	0	0	0	0	0	0	0
LDL	UKBB	4	85	537	5	162.296449422836	0	0	0	0	0	0	0	0	0	0	0	0	0	0	0	0
LDL	UKBB	4	86	130	5	50.000391960144	0	0	0	0	0	0	0	0	0	0	0	0	0	0	0	0
LDL	UKBB	4	87	1959	5	1101.15408277512	0	0	0	0	0	0	0	0	0	0	0	0	0	0	0	0
LDL	UKBB	4	90	1052	5	581.711197853088	0	0	0	0	0	0	0	0	0	0	0	0	0	0	0	0
LDL	UKBB	4	92	1034	5	569.111504077911	0	1	1	5	0	1	1	5	0	0	0	0	0	0	0	0
LDL	UKBB	4	101	1311	5	628.023673534393	0	1	1	7	0	1	1	7	0	0	0	0	0	0	0	0
LDL	UKBB	4	113	1333	5	327.390071153641	0	1	0	0	0	1	0	0	0	0	0	0	0	0	0	0
LDL	UKBB	4	115	615	5	183.886850833893	0	1	1	6	0	1	1	6	0	1	1	6	0	0	0	0
LDL	UKBB	4	116	846	5	1131.62923526764	0	0	0	0	0	0	0	0	0	0	0	0	0	0	0	0
LDL	UKBB	4	117	1265	5	512.489864587784	0	0	0	0	0	0	0	0	0	0	0	0	0	0	0	0
LDL	UKBB	4	121	1054	5	568.123777627945	0	0	1	49	0	0	1	49	0	0	0	0	0	0	0	0
LDL	UKBB	4	122	515	5	205.163207292557	0	0	0	0	0	0	0	0	0	0	0	0	0	0	0	0
LDL	UKBB	4	129	1404	5	750.897049427032	0	0	0	0	0	0	0	0	0	0	0	0	0	0	0	0
LDL	UKBB	4	130	1379	5	468.127452373505	0	0	0	0	0	0	0	0	0	0	0	0	0	0	0	0
LDL	UKBB	4	134	2431	5	612.782594203949	0	0	0	0	0	0	0	0	0	0	0	0	0	0	0	0
LDL	UKBB	4	136	1869	5	279.537544250488	0	0	0	0	0	0	0	0	0	0	0	0	0	0	0	0
LDL	UKBB	4	148	853	5	622.556434869766	0	0	0	0	0	0	0	0	0	0	0	0	0	0	0	0
LDL	UKBB	4	156	1903	5	380.556489706039	0	0	0	0	0	0	0	0	0	0	0	0	0	0	0	0
LDL	UKBB	4	159	575	5	35.9423551559448	0	1	0	0	0	1	0	0	0	0	0	0	0	0	0	0
LDL	UKBB	4	161	427	5	239.459888696671	0	0	0	0	0	0	0	0	0	0	0	0	0	0	0	0
LDL	UKBB	4	162	1062	5	309.80823302269	0	0	0	0	0	0	0	0	0	0	0	0	0	0	0	0
LDL	UKBB	4	203	718	5	215.531875371933	0	0	0	0	0	0	0	0	0	0	0	0	0	0	0	0
LDL	UKBB	5	6	609	5	99.9082813262939	0	0	0	0	0	0	0	0	0	0	0	0	0	0	0	0
LDL	UKBB	5	17	749	5	209.476285457611	0	0	0	0	0	0	0	0	0	0	0	0	0	0	0	0
LDL	UKBB	5	55	445	5	206.740654706955	0	0	0	0	0	0	0	0	0	0	0	0	0	0	0	0
LDL	UKBB	5	64	1644	5	1382.14797878265	1	1	1	1	1	1	1	1	0	0	0	0	0	1	1	1
LDL	UKBB	5	69	629	5	1487.95280861855	0	0	1	6	0	0	1	6	0	0	0	0	0	0	1	6
LDL	UKBB	5	71	1973	5	711.348402023315	0	0	0	0	0	0	0	0	0	0	0	0	0	0	0	0
LDL	UKBB	5	81	1023	5	306.42498922348	0	0	1	34	0	0	1	34	0	0	0	0	0	0	0	0
LDL	UKBB	5	82	700	5	843.229750871658	0	0	0	0	0	0	0	0	0	0	0	0	0	0	0	0
LDL	UKBB	5	84	254	5	438.630544900894	0	1	1	30	0	1	1	30	0	1	0	0	0	0	1	30
LDL	UKBB	5	85	1578	5	1142.8291554451	2	2	3	31	2	2	3	31	1	1	1	1	1	1	1	1
LDL	UKBB	5	86	38	5	0.493608474731445	0	0	0	0	0	0	0	0	0	0	0	0	0	0	0	0
LDL	UKBB	5	109	753	5	86.845579624176	0	0	0	0	0	0	0	0	0	0	0	0	0	0	0	0
LDL	UKBB	5	127	2229	5	244.776069164276	0	1	1	2	0	1	0	0	0	0	0	0	0	0	0	0
LDL	UKBB	5	130	1945	5	1213.93134784698	0	0	1	13	0	0	1	13	0	0	0	0	0	0	0	0
LDL	UKBB	5	134	1152	5	779.212918519974	0	0	0	0	0	0	0	0	0	0	0	0	0	0	0	0
LDL	UKBB	5	144	1310	5	897.309158563614	0	0	0	0	0	0	0	0	0	0	0	0	0	0	0	0
LDL	UKBB	5	146	1445	5	662.885609149933	0	0	1	48	0	0	1	48	0	0	0	0	0	0	0	0
LDL	UKBB	5	147	869	5	777.189337730408	0	1	1	4	0	1	1	4	0	0	0	0	0	0	0	0
LDL	UKBB	5	148	77	5	0.125190496444702	0	0	0	0	0	0	0	0	0	0	0	0	0	0	0	0
LDL	UKBB	5	156	968	5	248.580985784531	0	0	1	24	0	0	1	24	0	0	0	0	0	0	0	0
LDL	UKBB	5	157	660	5	418.112438440323	0	0	0	0	0	0	0	0	0	0	0	0	0	0	0	0
LDL	UKBB	5	158	884	5	105.620342493057	0	0	0	0	0	0	0	0	0	0	0	0	0	0	0	0
LDL	UKBB	5	165	832	5	212.562423467636	0	0	0	0	0	0	0	0	0	0	0	0	0	0	0	0
LDL	UKBB	5	166	1372	5	428.859924077988	0	2	2	45	0	2	2	45	0	1	1	4	0	0	0	0
LDL	UKBB	5	167	971	5	404.941305160522	0	0	0	0	0	0	0	0	0	0	0	0	0	0	0	0
LDL	UKBB	5	202	293	5	141.242933034897	0	0	0	0	0	0	0	0	0	0	0	0	0	0	0	0
LDL	UKBB	5	207	918	5	276.2665143013	0	0	0	0	0	0	0	0	0	0	0	0	0	0	0	0
LDL	UKBB	6	19	1210	5	499.118485927582	0	0	1	25	0	0	0	0	0	0	0	0	0	0	0	0
LDL	UKBB	6	20	790	5	175.77733707428	0	0	0	0	0	0	0	0	0	0	0	0	0	0	0	0
LDL	UKBB	6	25	864	5	805.512781143188	0	0	0	0	0	0	0	0	0	0	0	0	0	0	0	0
LDL	UKBB	6	27	755	5	351.924146175385	0	0	0	0	0	0	0	0	0	0	0	0	0	0	0	0
LDL	UKBB	6	34	1279	5	1673.07019948959	0	1	0	0	0	0	0	0	0	0	0	0	0	1	0	0
LDL	UKBB	6	35	386	5	148.836351394653	0	1	1	2	0	1	1	2	0	0	0	0	0	0	1	2
LDL	UKBB	6	39	2003	5	956.542502641678	0	0	0	0	0	0	0	0	0	0	0	0	0	0	0	0
LDL	UKBB	6	43	1286	5	552.422922611237	0	0	0	0	0	0	0	0	0	0	0	0	0	0	0	0
LDL	UKBB	6	44	242	5	345.405762910843	0	1	0	0	0	1	0	0	0	0	0	0	0	0	0	0
LDL	UKBB	6	47	1686	5	626.858405351639	0	0	0	0	0	0	0	0	0	0	0	0	0	0	0	0
LDL	UKBB	6	51	2198	5	824.095901966095	0	0	1	3	0	0	1	3	0	0	0	0	0	0	0	0
LDL	UKBB	6	53	698	5	225.739592313766	0	0	1	17	0	0	1	17	0	0	0	0	0	0	0	0
LDL	UKBB	6	56	726	5	50.8694984912872	0	0	1	15	0	0	1	15	0	0	0	0	0	0	0	0
LDL	UKBB	6	58	1313	5	89.3727414608002	0	0	0	0	0	0	0	0	0	0	0	0	0	0	0	0
LDL	UKBB	6	63	994	5	66.3936097621918	0	0	1	16	0	0	1	16	0	0	0	0	0	0	0	0
LDL	UKBB	6	64	103	5	113.312891244888	0	0	0	0	0	0	0	0	0	0	0	0	0	0	0	0
LDL	UKBB	6	65	385	5	125.29284119606	0	0	0	0	0	0	0	0	0	0	0	0	0	0	0	0
LDL	UKBB	6	71	3731	5	1061.57451152802	0	0	0	0	0	0	0	0	0	0	0	0	0	0	0	0
LDL	UKBB	6	72	573	5	725.562922239304	0	0	0	0	0	0	0	0	0	0	0	0	0	0	0	0
LDL	UKBB	6	73	217	5	153.357831478119	0	0	0	0	0	0	0	0	0	0	0	0	0	0	0	0
LDL	UKBB	6	75	227	5	424.845712184906	0	0	1	9	0	0	1	9	0	0	0	0	0	0	0	0
LDL	UKBB	6	76	2355	5	1400.48012733459	0	0	0	0	0	0	0	0	0	0	0	0	0	0	0	0
LDL	UKBB	6	87	1757	5	822.710623502731	0	0	0	0	0	0	0	0	0	0	0	0	0	0	0	0
LDL	UKBB	6	88	3170	5	936.951508045197	0	0	0	0	0	0	0	0	0	0	0	0	0	0	0	0
LDL	UKBB	6	100	25	5	0.768759489059448	1	1	1	1	1	1	1	1	1	1	1	1	0	0	0	0
LDL	UKBB	6	101	1337	5	112.929043769836	0	0	1	31	0	0	1	31	0	0	0	0	0	0	0	0
LDL	UKBB	6	105	1365	5	99.3355624675751	0	0	0	0	0	0	0	0	0	0	0	0	0	0	0	0
LDL	UKBB	6	106	1070	5	193.496644735336	0	0	0	0	0	0	0	0	0	0	0	0	0	0	0	0
LDL	UKBB	6	109	1075	5	87.104843378067	0	0	0	0	0	0	0	0	0	0	0	0	0	0	0	0
LDL	UKBB	6	115	2419	5	1110.73203635216	0	1	1	4	0	1	1	4	0	0	0	0	0	0	0	0
LDL	UKBB	6	117	2449	5	1106.19456648827	0	0	0	0	0	0	0	0	0	0	0	0	0	0	0	0
LDL	UKBB	6	124	1295	5	405.560586452484	0	0	2	30	0	0	2	30	0	0	0	0	0	0	0	0
LDL	UKBB	6	127	878	5	147.595968961716	0	0	1	10	0	0	1	10	0	0	0	0	0	0	0	0
LDL	UKBB	6	128	1265	5	456.186370372772	0	0	0	0	0	0	0	0	0	0	0	0	0	0	0	0
LDL	UKBB	6	134	933	5	301.983616828918	0	0	1	13	0	0	1	13	0	0	0	0	0	0	1	13
LDL	UKBB	6	136	540	5	327.414715051651	0	0	0	0	0	0	0	0	0	0	0	0	0	0	0	0
LDL	UKBB	6	140	938	5	1391.78966212273	0	0	0	0	0	0	0	0	0	0	0	0	0	0	0	0
LDL	UKBB	6	154	1111	5	128.689269781113	1	1	1	1	1	1	1	1	0	0	0	0	0	0	0	0
LDL	UKBB	6	158	1048	5	365.175700902939	0	0	0	0	0	0	0	0	0	0	0	0	0	0	0	0
LDL	UKBB	6	160	1436	5	880.552337408066	0	0	0	0	0	0	0	0	0	0	0	0	0	0	0	0
LDL	UKBB	6	168	1439	5	1263.78405356407	0	0	0	0	0	0	0	0	0	0	0	0	0	0	0	0
LDL	UKBB	6	169	2447	10	1623.03762674332	6	8	9	14	6	8	9	14	0	2	4	8	0	0	2	6
LDL	UKBB	6	170	481	5	204.114004850388	0	0	0	0	0	0	0	0	0	0	0	0	0	0	0	0
LDL	UKBB	6	180	172	5	15.250321149826	0	0	0	0	0	0	0	0	0	0	0	0	0	0	0	0
LDL	UKBB	6	183	329	5	23.5768492221832	0	0	0	0	0	0	0	0	0	0	0	0	0	0	0	0
LDL	UKBB	6	187	911	5	282.60364317894	0	0	0	0	0	0	0	0	0	0	0	0	0	0	0	0
LDL	UKBB	7	3	566	5	165.125770568848	0	0	1	17	0	0	1	17	0	0	0	0	0	0	0	0
LDL	UKBB	7	5	1269	5	1404.40998625755	0	0	0	0	0	0	0	0	0	0	0	0	0	0	0	0
LDL	UKBB	7	6	552	5	338.74081993103	0	0	0	0	0	0	0	0	0	0	0	0	0	0	0	0
LDL	UKBB	7	11	479	5	627.616191864014	0	0	0	0	0	0	0	0	0	0	0	0	0	0	0	0
LDL	UKBB	7	12	1544	5	709.487554788589	0	1	0	0	0	1	0	0	0	0	0	0	0	0	0	0
LDL	UKBB	7	13	671	5	275.769095659256	0	0	0	0	0	0	0	0	0	0	0	0	0	0	0	0
LDL	UKBB	7	33	1821	5	666.83362865448	0	0	0	0	0	0	0	0	0	0	0	0	0	0	0	0
LDL	UKBB	7	37	1683	5	232.215058326721	0	0	2	7	0	0	2	7	0	0	0	0	0	0	2	7
LDL	UKBB	7	41	1378	5	649.411243200302	0	0	0	0	0	0	0	0	0	0	0	0	0	0	0	0
LDL	UKBB	7	42	1407	5	252.302973031998	1	1	1	1	1	1	1	1	0	0	0	0	0	1	1	1
LDL	UKBB	7	44	262	5	101.420518875122	0	0	1	8	0	0	1	8	0	0	0	0	0	0	0	0
LDL	UKBB	7	50	894	5	253.700186252594	0	0	0	0	0	0	0	0	0	0	0	0	0	0	0	0
LDL	UKBB	7	58	1286	5	276.145124673843	0	1	1	2	0	1	1	2	0	0	1	2	0	0	0	0
LDL	UKBB	7	66	563	5	372.973468542099	0	0	0	0	0	0	0	0	0	0	0	0	0	0	0	0
LDL	UKBB	7	67	2935	5	1260.46619749069	1	1	1	1	1	1	1	1	0	0	0	0	0	0	0	0
LDL	UKBB	7	74	680	5	368.133141994476	0	0	0	0	0	0	0	0	0	0	0	0	0	0	0	0
LDL	UKBB	7	85	1000	5	487.009422302246	0	0	1	26	0	0	1	26	0	0	0	0	0	0	0	0
LDL	UKBB	7	88	1593	5	1202.84647202492	0	0	1	32	0	0	1	32	0	0	0	0	0	0	1	32
LDL	UKBB	7	89	1319	5	379.700299263	0	0	0	0	0	0	0	0	0	0	0	0	0	0	0	0
LDL	UKBB	7	95	837	5	176.570734500885	0	1	0	0	0	1	0	0	0	0	0	0	0	1	0	0
LDL	UKBB	7	99	1623	5	443.744594812393	0	0	1	8	0	0	1	8	0	0	0	0	0	0	0	0
LDL	UKBB	7	103	920	5	497.83487200737	0	0	0	0	0	0	0	0	0	0	0	0	0	0	0	0
LDL	UKBB	7	109	951	5	177.374747037888	0	0	1	16	0	0	1	16	0	0	0	0	0	0	0	0
LDL	UKBB	7	111	1168	5	152.413076877594	1	2	3	13	1	2	3	13	0	0	0	0	0	0	0	0
LDL	UKBB	7	112	793	5	267.555032253265	0	0	0	0	0	0	0	0	0	0	0	0	0	0	0	0
LDL	UKBB	7	113	1362	5	81.6503748893738	0	0	0	0	0	0	0	0	0	0	0	0	0	0	0	0
LDL	UKBB	7	114	2276	5	591.30090045929	0	0	0	0	0	0	0	0	0	0	0	0	0	0	0	0
LDL	UKBB	7	119	816	5	99.9590635299683	0	0	0	0	0	0	0	0	0	0	0	0	0	0	0	0
LDL	UKBB	7	132	2479	5	974.408282756805	0	0	0	0	0	0	0	0	0	0	0	0	0	0	0	0
LDL	UKBB	7	133	1873	5	803.169291973114	0	0	0	0	0	0	0	0	0	0	0	0	0	0	0	0
LDL	UKBB	7	134	708	5	32.8328368663788	0	0	0	0	0	0	0	0	0	0	0	0	0	0	0	0
LDL	UKBB	7	138	1820	5	243.079736709595	0	0	0	0	0	0	0	0	0	0	0	0	0	0	0	0
LDL	UKBB	7	139	422	5	335.652050256729	0	0	0	0	0	0	0	0	0	0	0	0	0	0	0	0
LDL	UKBB	7	141	1716	5	497.180850744247	0	0	0	0	0	0	0	0	0	0	0	0	0	0	0	0
LDL	UKBB	7	147	462	5	128.795806407928	0	0	0	0	0	0	0	0	0	0	0	0	0	0	0	0
LDL	UKBB	7	152	495	5	39.2245934009552	0	0	0	0	0	0	0	0	0	0	0	0	0	0	0	0
LDL	UKBB	7	162	2024	5	220.357175827026	0	0	0	0	0	0	0	0	0	0	0	0	0	0	0	0
LDL	UKBB	7	176	259	5	148.978878259659	0	0	0	0	0	0	0	0	0	0	0	0	0	0	0	0
LDL	UKBB	7	177	116	5	50.153710603714	0	0	0	0	0	0	0	0	0	0	0	0	0	0	0	0
LDL	UKBB	7	187	1617	5	631.417511940002	0	0	0	0	0	0	0	0	0	0	0	0	0	0	0	0
LDL	UKBB	8	17	1196	5	620.338838815689	0	0	1	34	0	0	1	34	0	0	0	0	0	0	0	0
LDL	UKBB	8	29	2921	5	768.255628347397	0	1	1	2	0	1	1	2	0	0	0	0	0	0	0	0
LDL	UKBB	8	36	308	5	227.083757638931	0	0	0	0	0	0	0	0	0	0	0	0	0	0	0	0
LDL	UKBB	8	39	1023	5	436.908168315887	0	0	0	0	0	0	0	0	0	0	0	0	0	0	0	0
LDL	UKBB	8	42	1655	5	554.082594633102	0	0	0	0	0	0	0	0	0	0	0	0	0	0	0	0
LDL	UKBB	8	44	556	5	314.946079969406	0	0	0	0	0	0	0	0	0	0	0	0	0	0	0	0
LDL	UKBB	8	45	802	5	553.381886959076	0	0	0	0	0	0	0	0	0	0	0	0	0	0	0	0
LDL	UKBB	8	56	987	5	285.714792490005	0	0	0	0	0	0	0	0	0	0	0	0	0	0	0	0
LDL	UKBB	8	57	828	5	258.492864131927	0	0	0	0	0	0	0	0	0	0	0	0	0	0	0	0
LDL	UKBB	8	59	574	5	243.532171487808	0	1	1	2	0	1	1	2	0	0	0	0	0	0	0	0
LDL	UKBB	8	65	774	5	279.705227375031	0	0	1	6	0	0	1	6	0	0	0	0	0	0	0	0
LDL	UKBB	8	68	1142	5	243.268470287323	0	1	2	7	0	1	2	7	0	0	0	0	0	0	0	0
LDL	UKBB	8	69	1966	5	259.675007820129	0	0	1	20	0	0	1	20	0	0	0	0	0	0	0	0
LDL	UKBB	8	71	1217	5	1406.09245491028	0	0	0	0	0	0	0	0	0	0	0	0	0	0	0	0
LDL	UKBB	8	75	359	5	3.04047203063965	0	0	0	0	0	0	0	0	0	0	0	0	0	0	0	0
LDL	UKBB	8	78	298	5	166.054800033569	0	1	0	0	0	0	0	0	0	1	0	0	0	0	0	0
LDL	UKBB	8	79	868	5	60.2730629444122	0	0	0	0	0	0	0	0	0	0	0	0	0	0	0	0
LDL	UKBB	8	81	1367	5	77.1862509250641	0	0	1	5	0	0	1	5	0	0	0	0	0	0	0	0
LDL	UKBB	8	83	1917	5	724.715540885925	0	0	0	0	0	0	0	0	0	0	0	0	0	0	0	0
LDL	UKBB	8	85	798	5	783.934988021851	0	0	0	0	0	0	0	0	0	0	0	0	0	0	0	0
LDL	UKBB	8	88	1366	5	541.363523721695	0	0	0	0	0	0	0	0	0	0	0	0	0	0	0	0
LDL	UKBB	8	90	1231	5	412.690969228745	0	0	0	0	0	0	0	0	0	0	0	0	0	0	0	0
LDL	UKBB	8	101	940	5	168.23291516304	0	0	0	0	0	0	0	0	0	0	0	0	0	0	0	0
LDL	UKBB	8	106	1390	5	156.409397125244	0	0	0	0	0	0	0	0	0	0	0	0	0	0	0	0
LDL	UKBB	8	113	806	5	420.522619724274	0	0	2	19	0	0	2	19	0	0	0	0	0	0	0	0
LDL	UKBB	8	124	766	5	21.7112281322479	0	0	0	0	0	0	0	0	0	0	0	0	0	0	0	0
LDL	UKBB	8	125	334	5	43.8564212322235	1	2	2	5	1	2	2	5	0	0	0	0	0	0	0	0
LDL	UKBB	8	135	1067	5	613.330167531967	0	0	0	0	0	0	0	0	0	0	0	0	0	0	0	0
LDL	UKBB	8	153	470	5	34.3688621520996	0	0	1	101	0	0	1	101	0	0	0	0	0	0	0	0
LDL	UKBB	8	159	567	5	282.338577747345	0	0	0	0	0	0	0	0	0	0	0	0	0	0	0	0
LDL	UKBB	8	160	526	5	123.583082914352	0	0	1	10	0	0	1	10	0	0	0	0	0	0	0	0
LDL	UKBB	9	4	1308	5	338.157637834549	1	1	2	3	1	1	1	1	0	1	1	2	1	1	1	2
LDL	UKBB	9	5	291	5	119.8734395504	0	0	0	0	0	0	0	0	0	0	0	0	0	0	0	0
LDL	UKBB	9	13	1740	5	727.645586013794	0	0	0	0	0	0	0	0	0	0	0	0	0	0	0	0
LDL	UKBB	9	33	1426	5	650.593261003494	0	0	1	22	0	0	1	22	0	0	0	0	0	0	0	0
LDL	UKBB	9	36	1192	5	527.381029129028	0	0	1	26	0	0	1	26	0	0	0	0	0	0	1	26
LDL	UKBB	9	39	490	5	53.4852592945099	0	1	1	4	0	1	1	4	0	0	0	0	0	0	0	0
LDL	UKBB	9	40	2107	5	269.590913534164	0	1	0	0	0	1	0	0	0	1	0	0	0	1	0	0
LDL	UKBB	9	51	631	5	393.727509975433	0	0	0	0	0	0	0	0	0	0	0	0	0	0	0	0
LDL	UKBB	9	53	1868	5	429.491362094879	0	0	0	0	0	0	0	0	0	0	0	0	0	0	0	0
LDL	UKBB	9	62	1513	5	1069.23755192757	0	0	0	0	0	0	0	0	0	0	0	0	0	0	0	0
LDL	UKBB	9	69	723	5	399.565960168839	0	0	1	7	0	0	1	7	0	0	0	0	0	0	0	0
LDL	UKBB	9	70	558	5	141.137558460236	0	0	0	0	0	0	0	0	0	0	0	0	0	0	0	0
LDL	UKBB	9	72	329	5	234.243953704834	0	0	1	10	0	0	1	10	0	0	0	0	0	0	0	0
LDL	UKBB	9	73	899	5	104.073504447937	0	0	0	0	0	0	0	0	0	0	0	0	0	0	0	0
LDL	UKBB	9	80	2462	5	560.362533807755	0	0	0	0	0	0	0	0	0	0	0	0	0	0	0	0
LDL	UKBB	9	84	1071	5	167.994020938873	0	0	0	0	0	0	0	0	0	0	0	0	0	0	0	0
LDL	UKBB	9	89	260	5	146.422186374664	0	0	0	0	0	0	0	0	0	0	0	0	0	0	0	0
LDL	UKBB	9	93	1129	5	371.829338550568	0	0	0	0	0	0	0	0	0	0	0	0	0	0	0	0
LDL	UKBB	9	99	974	5	130.559638738632	0	0	0	0	0	0	0	0	0	0	0	0	0	0	0	0
LDL	UKBB	9	102	1443	5	22.6447014808655	0	0	0	0	0	0	0	0	0	0	0	0	0	0	0	0
LDL	UKBB	9	104	539	5	164.864015817642	0	0	0	0	0	0	0	0	0	0	0	0	0	0	0	0
LDL	UKBB	9	110	1979	5	226.094702959061	1	2	2	3	1	2	2	3	0	1	1	1	0	0	0	0
LDL	UKBB	9	111	79	5	36.9572794437408	1	2	2	3	1	2	2	3	0	0	0	0	0	0	0	0
LDL	UKBB	9	112	1521	5	686.255135536194	0	0	0	0	0	0	0	0	0	0	0	0	0	0	0	0
LDL	UKBB	9	114	543	5	25.5689113140106	0	0	0	0	0	0	0	0	0	0	0	0	0	0	0	0
LDL	UKBB	9	115	2316	5	950.257847309113	0	0	0	0	0	0	0	0	0	0	0	0	0	0	0	0
LDL	UKBB	9	116	1108	5	544.907892465591	0	0	0	0	0	0	0	0	0	0	0	0	0	0	0	0
LDL	UKBB	9	118	2464	5	462.302153110504	0	1	0	0	0	1	0	0	0	0	0	0	0	1	0	0
LDL	UKBB	9	119	913	5	538.519874095917	0	0	0	0	0	0	0	0	0	0	0	0	0	0	0	0
LDL	UKBB	9	124	915	5	364.39247918129	0	0	0	0	0	0	0	0	0	0	0	0	0	0	0	0
LDL	UKBB	9	125	1425	5	924.182761192322	0	0	0	0	0	0	0	0	0	0	0	0	0	0	0	0
LDL	UKBB	9	134	1909	5	294.526196241379	0	0	1	34	0	0	1	34	0	0	0	0	0	0	0	0
LDL	UKBB	9	140	1776	5	462.145042181015	1	1	2	5	1	1	2	5	0	1	1	1	0	0	0	0
LDL	UKBB	9	144	524	5	522.105354070663	0	0	0	0	0	0	0	0	0	0	0	0	0	0	0	0
LDL	UKBB	9	145	789	5	148.036362171173	0	0	0	0	0	0	0	0	0	0	0	0	0	0	0	0
LDL	UKBB	9	148	593	5	194.233351230621	0	0	0	0	0	0	0	0	0	0	0	0	0	0	0	0
LDL	UKBB	9	149	519	5	299.436236381531	0	1	1	2	0	1	1	2	0	0	0	0	0	0	0	0
LDL	UKBB	9	153	54	5	6.86785459518433	0	0	0	0	0	0	0	0	0	0	0	0	0	0	0	0
LDL	UKBB	9	160	153	5	57.2158913612366	0	1	0	0	0	1	0	0	0	0	0	0	0	0	0	0
LDL	UKBB	9	161	218	5	77.4330720901489	0	1	1	5	0	1	1	5	0	0	0	0	0	0	0	0
LDL	UKBB	10	14	1532	5	229.93723654747	0	0	0	0	0	0	0	0	0	0	0	0	0	0	0	0
LDL	UKBB	10	22	1215	5	215.884843349457	0	0	0	0	0	0	0	0	0	0	0	0	0	0	0	0
LDL	UKBB	10	30	457	5	8.16713070869446	0	0	0	0	0	0	0	0	0	0	0	0	0	0	0	0
LDL	UKBB	10	43	1036	5	627.639653205872	0	0	0	0	0	0	0	0	0	0	0	0	0	0	0	0
LDL	UKBB	10	45	1673	5	168.707985877991	0	0	0	0	0	0	0	0	0	0	0	0	0	0	0	0
LDL	UKBB	10	46	1799	5	60.1317942142487	0	0	0	0	0	0	0	0	0	0	0	0	0	0	0	0
LDL	UKBB	10	52	1361	5	445.254809856415	0	0	0	0	0	0	0	0	0	0	0	0	0	0	0	0
LDL	UKBB	10	53	712	5	322.309650182724	0	0	0	0	0	0	0	0	0	0	0	0	0	0	0	0
LDL	UKBB	10	59	792	5	113.594706535339	0	0	0	0	0	0	0	0	0	0	0	0	0	0	0	0
LDL	UKBB	10	60	1642	5	599.132321357727	0	0	1	15	0	0	1	15	0	0	0	0	0	0	1	15
LDL	UKBB	10	67	713	5	151.190956830978	0	0	0	0	0	0	0	0	0	0	0	0	0	0	0	0
LDL	UKBB	10	69	1035	5	279.170175075531	0	0	0	0	0	0	0	0	0	0	0	0	0	0	0	0
LDL	UKBB	10	70	1307	5	376.565007686615	0	0	1	14	0	0	1	14	0	0	0	0	0	0	0	0
LDL	UKBB	10	73	950	5	8.16612482070923	0	0	0	0	0	0	0	0	0	0	0	0	0	0	0	0
LDL	UKBB	10	80	1235	5	287.273723363876	0	0	2	24	0	0	2	24	0	0	0	0	0	0	0	0
LDL	UKBB	10	81	1417	5	421.662202835083	0	1	1	19	0	1	1	19	0	0	0	0	0	0	0	0
LDL	UKBB	10	84	1955	5	364.155645608902	0	0	0	0	0	0	0	0	0	0	0	0	0	0	0	0
LDL	UKBB	10	85	442	5	134.231798887253	0	1	2	10	0	1	2	10	0	0	0	0	0	0	0	0
LDL	UKBB	10	92	2202	5	604.123367071152	0	0	0	0	0	0	0	0	0	0	0	0	0	0	0	0
LDL	UKBB	10	100	422	5	270.416139602661	0	0	0	0	0	0	0	0	0	0	0	0	0	0	0	0
LDL	UKBB	10	101	997	5	325.757165193558	0	0	0	0	0	0	0	0	0	0	0	0	0	0	0	0
LDL	UKBB	10	109	1308	5	417.093820095062	0	0	0	0	0	0	0	0	0	0	0	0	0	0	0	0
LDL	UKBB	10	110	440	5	345.102765321732	0	0	0	0	0	0	0	0	0	0	0	0	0	0	0	0
LDL	UKBB	10	112	400	5	98.5792877674103	0	0	0	0	0	0	0	0	0	0	0	0	0	0	0	0
LDL	UKBB	10	113	1117	5	101.975671768188	0	0	0	0	0	0	0	0	0	0	0	0	0	0	0	0
LDL	UKBB	10	117	1673	5	47.2381985187531	1	1	3	34	1	1	3	34	0	0	0	0	0	0	0	0
LDL	UKBB	10	120	1179	5	576.695701122284	0	0	0	0	0	0	0	0	0	0	0	0	0	0	0	0
LDL	UKBB	10	121	892	5	218.890231132507	0	0	0	0	0	0	0	0	0	0	0	0	0	0	0	0
LDL	UKBB	10	126	1604	5	960.072148084641	0	1	1	19	0	1	1	19	0	0	0	0	0	0	0	0
LDL	UKBB	10	127	379	5	256.560852050781	0	0	0	0	0	0	0	0	0	0	0	0	0	0	0	0
LDL	UKBB	10	128	134	5	151.958755970001	0	0	0	0	0	0	0	0	0	0	0	0	0	0	0	0
LDL	UKBB	10	129	1704	5	717.358355283737	0	0	0	0	0	0	0	0	0	0	0	0	0	0	0	0
LDL	UKBB	10	131	1497	5	728.558570146561	0	0	0	0	0	0	0	0	0	0	0	0	0	0	0	0
LDL	UKBB	10	137	1698	5	462.856390476227	0	0	1	18	0	0	1	18	0	0	0	0	0	0	0	0
LDL	UKBB	10	138	318	5	98.7943987846375	0	1	2	14	0	1	2	14	0	0	0	0	0	0	0	0
LDL	UKBB	10	142	388	5	95.1795427799225	0	0	1	20	0	0	1	20	0	0	0	0	0	0	0	0
LDL	UKBB	10	144	621	5	135.95019364357	0	0	1	20	0	0	0	0	0	0	0	0	0	0	0	0
LDL	UKBB	10	150	1518	5	112.970781087875	0	0	0	0	0	0	0	0	0	0	0	0	0	0	0	0
LDL	UKBB	10	152	1068	5	7.30277109146118	0	0	0	0	0	0	0	0	0	0	0	0	0	0	0	0
LDL	UKBB	10	154	2310	5	309.361664533615	0	0	1	21	0	0	1	21	0	0	0	0	0	0	0	0
LDL	UKBB	11	2	417	5	151.99745965004	0	0	0	0	0	0	0	0	0	0	0	0	0	0	0	0
LDL	UKBB	11	3	644	5	86.9534709453583	0	0	0	0	0	0	0	0	0	0	0	0	0	0	0	0
LDL	UKBB	11	4	497	5	208.565944671631	0	0	0	0	0	0	0	0	0	0	0	0	0	0	0	0
LDL	UKBB	11	7	422	5	174.724466323853	0	1	1	5	0	1	1	5	0	1	0	0	0	0	0	0
LDL	UKBB	11	12	1792	5	371.723100662231	1	1	1	1	1	1	1	1	0	0	0	0	0	0	0	0
LDL	UKBB	11	18	2367	5	790.300929069519	0	0	0	0	0	0	0	0	0	0	0	0	0	0	0	0
LDL	UKBB	11	22	502	5	333.801430225372	0	0	0	0	0	0	0	0	0	0	0	0	0	0	0	0
LDL	UKBB	11	28	684	5	358.527618408203	0	0	0	0	0	0	0	0	0	0	0	0	0	0	0	0
LDL	UKBB	11	30	675	5	91.9388663768768	0	0	1	3	0	0	1	3	0	0	0	0	0	0	1	3
LDL	UKBB	11	31	834	5	322.210910320282	0	0	0	0	0	0	0	0	0	0	0	0	0	0	0	0
LDL	UKBB	11	33	1031	5	59.7904193401337	0	0	1	3	0	0	1	3	0	0	0	0	0	0	0	0
LDL	UKBB	11	51	1119	5	78.9269745349884	0	0	0	0	0	0	0	0	0	0	0	0	0	0	0	0
LDL	UKBB	11	56	255	5	118.528096675873	0	0	0	0	0	0	0	0	0	0	0	0	0	0	0	0
LDL	UKBB	11	75	405	5	102.1429708004	0	0	0	0	0	0	0	0	0	0	0	0	0	0	0	0
LDL	UKBB	11	76	855	5	808.854454040527	0	1	2	7	0	1	2	7	0	0	0	0	0	0	0	0
LDL	UKBB	11	78	655	5	66.400276184082	0	0	0	0	0	0	0	0	0	0	0	0	0	0	0	0
LDL	UKBB	11	79	1652	5	174.376009941101	0	0	1	33	0	0	1	33	0	0	0	0	0	0	0	0
LDL	UKBB	11	81	751	5	198.558024168015	0	0	0	0	0	0	0	0	0	0	0	0	0	0	0	0
LDL	UKBB	11	82	244	5	129.101365327835	0	1	0	0	0	1	0	0	0	0	0	0	0	0	0	0
LDL	UKBB	11	86	933	5	222.563688516617	0	0	0	0	0	0	0	0	0	0	0	0	0	0	0	0
LDL	UKBB	11	90	2034	5	113.587682962418	0	0	0	0	0	0	0	0	0	0	0	0	0	0	0	0
LDL	UKBB	11	107	518	5	43.7968263626099	0	0	0	0	0	0	0	0	0	0	0	0	0	0	0	0
LDL	UKBB	11	108	408	5	169.565491437912	0	0	0	0	0	0	0	0	0	0	0	0	0	0	0	0
LDL	UKBB	11	115	1056	5	192.022159814835	0	0	0	0	0	0	0	0	0	0	0	0	0	0	0	0
LDL	UKBB	11	117	2141	5	65.838109254837	0	0	1	11	0	0	1	11	0	0	0	0	0	0	0	0
LDL	UKBB	11	123	457	5	97.0433006286621	0	0	0	0	0	0	0	0	0	0	0	0	0	0	0	0
LDL	UKBB	11	125	958	5	343.952913045883	0	0	1	14	0	0	1	14	0	0	0	0	0	0	0	0
LDL	UKBB	11	129	1283	5	63.5085501670837	1	2	2	3	1	2	2	3	0	0	0	0	0	1	2	3
LDL	UKBB	11	133	995	5	174.869242191315	0	0	0	0	0	0	0	0	0	0	0	0	0	0	0	0
LDL	UKBB	11	139	34	5	0.619144439697266	0	0	0	0	0	0	0	0	0	0	0	0	0	0	0	0
LDL	UKBB	11	140	584	5	139.703358411789	0	0	0	0	0	0	0	0	0	0	0	0	0	0	0	0
LDL	UKBB	11	142	1262	5	408.771771430969	0	0	1	32	0	0	1	32	0	0	0	0	0	0	0	0
LDL	UKBB	11	147	2018	5	69.4834885597229	0	1	1	4	0	1	1	4	0	0	0	0	0	0	0	0
LDL	UKBB	11	163	176	5	60.7729389667511	0	0	0	0	0	0	0	0	0	0	0	0	0	0	0	0
LDL	UKBB	12	1	588	5	83.6007363796234	0	0	0	0	0	0	0	0	0	0	0	0	0	0	0	0
LDL	UKBB	12	4	622	5	88.1589214801788	0	0	0	0	0	0	0	0	0	0	0	0	0	0	0	0
LDL	UKBB	12	12	375	5	80.1800010204315	0	0	0	0	0	0	0	0	0	0	0	0	0	0	0	0
LDL	UKBB	12	17	418	5	144.170542001724	0	0	0	0	0	0	0	0	0	0	0	0	0	0	0	0
LDL	UKBB	12	18	892	5	529.11034154892	0	0	0	0	0	0	0	0	0	0	0	0	0	0	0	0
LDL	UKBB	12	23	1432	5	628.216883897781	0	0	1	9	0	0	1	9	0	0	0	0	0	0	0	0
LDL	UKBB	12	29	170	5	136.932200908661	0	0	0	0	0	0	0	0	0	0	0	0	0	0	0	0
LDL	UKBB	12	33	993	5	375.444711923599	0	0	0	0	0	0	0	0	0	0	0	0	0	0	0	0
LDL	UKBB	12	42	2006	5	490.701166629791	0	0	0	0	0	0	0	0	0	0	0	0	0	0	0	0
LDL	UKBB	12	45	1001	5	11.6095297336578	0	0	0	0	0	0	0	0	0	0	0	0	0	0	0	0
LDL	UKBB	12	47	371	5	1.75088310241699	0	0	0	0	0	0	0	0	0	0	0	0	0	0	0	0
LDL	UKBB	12	49	1416	5	208.574216842651	0	1	0	0	0	1	0	0	0	0	0	0	0	0	0	0
LDL	UKBB	12	51	870	5	93.792219877243	0	0	0	0	0	0	0	0	0	0	0	0	0	0	0	0
LDL	UKBB	12	59	1540	5	658.972935438156	0	0	0	0	0	0	0	0	0	0	0	0	0	0	0	0
LDL	UKBB	12	61	828	5	392.203433036804	0	1	0	0	0	0	0	0	0	1	0	0	0	0	0	0
LDL	UKBB	12	62	629	5	268.853098869324	0	0	0	0	0	0	0	0	0	0	0	0	0	0	0	0
LDL	UKBB	12	63	1132	5	232.192868232727	0	1	1	2	0	1	1	2	0	0	0	0	0	0	1	2
LDL	UKBB	12	64	628	5	145.318072080612	0	0	0	0	0	0	0	0	0	0	0	0	0	0	0	0
LDL	UKBB	12	66	1254	5	428.013390779495	0	0	0	0	0	0	0	0	0	0	0	0	0	0	0	0
LDL	UKBB	12	67	543	5	688.047342777252	0	0	0	0	0	0	0	0	0	0	0	0	0	0	0	0
LDL	UKBB	12	69	1045	5	197.807709217072	0	0	0	0	0	0	0	0	0	0	0	0	0	0	0	0
LDL	UKBB	12	71	1206	5	170.125219583511	0	0	1	14	0	0	1	14	0	0	0	0	0	0	0	0
LDL	UKBB	12	72	3833	5	683.99044919014	0	0	0	0	0	0	0	0	0	0	0	0	0	0	0	0
LDL	UKBB	12	82	1199	5	11.8672506809235	0	0	0	0	0	0	0	0	0	0	0	0	0	0	0	0
LDL	UKBB	12	97	1540	5	85.1607854366302	0	0	0	0	0	0	0	0	0	0	0	0	0	0	0	0
LDL	UKBB	12	98	711	5	86.615757226944	0	0	0	0	0	0	0	0	0	0	0	0	0	0	0	0
LDL	UKBB	12	110	1408	5	68.4136850833893	0	1	0	0	0	1	0	0	0	0	0	0	0	0	0	0
LDL	UKBB	12	112	161	5	82.893336057663	0	0	0	0	0	0	0	0	0	0	0	0	0	0	0	0
LDL	UKBB	12	113	1226	5	307.148669958115	0	0	0	0	0	0	0	0	0	0	0	0	0	0	0	0
LDL	UKBB	12	114	1125	5	52.3550984859467	0	0	0	0	0	0	0	0	0	0	0	0	0	0	0	0
LDL	UKBB	12	115	910	5	12.2389919757843	0	0	0	0	0	0	0	0	0	0	0	0	0	0	0	0
LDL	UKBB	12	117	1372	5	305.714502811432	0	1	0	0	0	1	0	0	0	0	0	0	0	0	0	0
LDL	UKBB	12	120	493	5	289.338184595108	0	0	0	0	0	0	0	0	0	0	0	0	0	0	0	0
LDL	UKBB	12	121	953	5	64.9106936454773	0	0	1	5	0	0	1	5	0	0	1	5	0	0	0	0
LDL	UKBB	12	122	1346	5	189.46518945694	1	1	2	28	1	1	2	28	0	0	0	0	0	0	0	0
LDL	UKBB	12	127	551	5	42.6044228076935	0	0	0	0	0	0	0	0	0	0	0	0	0	0	0	0
LDL	UKBB	12	128	230	5	38.7694845199585	0	1	1	3	0	1	1	3	0	0	0	0	0	0	0	0
LDL	UKBB	12	138	1776	5	943.667716741562	0	0	1	6	0	0	1	6	0	0	0	0	0	0	1	6
LDL	UKBB	12	139	2047	5	358.818810224533	0	0	1	25	0	0	1	25	0	0	0	0	0	0	0	0
LDL	UKBB	12	140	475	5	315.019814491272	0	0	2	17	0	0	2	17	0	0	0	0	0	0	0	0
LDL	UKBB	12	141	717	5	39.1153783798218	0	0	0	0	0	0	0	0	0	0	0	0	0	0	0	0
LDL	UKBB	12	164	250	5	4.29317569732666	0	0	0	0	0	0	0	0	0	0	0	0	0	0	0	0
LDL	UKBB	13	11	694	5	217.971384048462	0	0	0	0	0	0	0	0	0	0	0	0	0	0	0	0
LDL	UKBB	13	18	436	5	222.578438997269	0	0	0	0	0	0	0	0	0	0	0	0	0	0	0	0
LDL	UKBB	13	21	1252	5	283.933430433273	0	0	0	0	0	0	0	0	0	0	0	0	0	0	0	0
LDL	UKBB	13	24	916	5	8.7041335105896	0	0	0	0	0	0	0	0	0	0	0	0	0	0	0	0
LDL	UKBB	13	25	440	5	22.3962543010712	0	1	3	25	0	1	3	25	0	1	1	5	0	0	0	0
LDL	UKBB	13	40	777	5	317.223428964615	0	0	0	0	0	0	0	0	0	0	0	0	0	0	0	0
LDL	UKBB	13	44	742	5	47.2327365875244	0	0	0	0	0	0	0	0	0	0	0	0	0	0	0	0
LDL	UKBB	13	50	2064	5	47.4532084465027	0	0	0	0	0	0	0	0	0	0	0	0	0	0	0	0
LDL	UKBB	13	52	1153	5	198.46755862236	0	0	0	0	0	0	0	0	0	0	0	0	0	0	0	0
LDL	UKBB	13	66	480	5	270.038023471832	0	0	0	0	0	0	0	0	0	0	0	0	0	0	0	0
LDL	UKBB	13	69	2144	5	84.9034779071808	0	0	0	0	0	0	0	0	0	0	0	0	0	0	0	0
LDL	UKBB	13	84	617	5	56.5115072727203	0	0	0	0	0	0	0	0	0	0	0	0	0	0	0	0
LDL	UKBB	13	96	549	5	14.4035201072693	0	0	0	0	0	0	0	0	0	0	0	0	0	0	0	0
LDL	UKBB	13	102	514	5	191.418492794037	0	0	0	0	0	0	0	0	0	0	0	0	0	0	0	0
LDL	UKBB	13	115	567	5	298.151116847992	0	0	0	0	0	0	0	0	0	0	0	0	0	0	0	0
LDL	UKBB	13	116	417	5	1.55082249641418	0	1	1	5	0	1	1	5	0	0	1	5	0	0	0	0
LDL	UKBB	13	118	941	5	94.8200943470001	0	0	1	14	0	0	1	14	0	0	0	0	0	0	0	0
LDL	UKBB	13	125	715	5	67.8443274497986	0	0	0	0	0	0	0	0	0	0	0	0	0	0	0	0
LDL	UKBB	14	4	244	5	13.3959369659424	0	1	0	0	0	1	0	0	0	0	0	0	0	0	0	0
LDL	UKBB	14	14	1836	5	271.317451953888	0	1	1	5	0	1	1	5	0	0	0	0	0	0	0	0
LDL	UKBB	14	23	1453	5	309.039016485214	0	0	0	0	0	0	0	0	0	0	0	0	0	0	0	0
LDL	UKBB	14	31	1374	5	274.789308786392	0	0	0	0	0	0	0	0	0	0	0	0	0	0	0	0
LDL	UKBB	14	35	1795	5	1156.26032233238	0	0	0	0	0	0	0	0	0	0	0	0	0	0	0	0
LDL	UKBB	14	42	879	5	156.743500709534	0	0	0	0	0	0	0	0	0	0	0	0	0	0	0	0
LDL	UKBB	14	43	104	5	71.3004353046417	0	0	0	0	0	0	0	0	0	0	0	0	0	0	0	0
LDL	UKBB	14	46	806	5	146.105779647827	0	0	0	0	0	0	0	0	0	0	0	0	0	0	0	0
LDL	UKBB	14	63	1946	5	63.7547078132629	0	0	1	48	0	0	1	48	0	0	0	0	0	0	0	0
LDL	UKBB	14	68	858	5	6.19530367851257	0	0	2	48	0	0	2	48	0	0	0	0	0	0	1	21
LDL	UKBB	14	72	1962	5	119.182123184204	0	1	2	47	0	1	2	47	0	0	0	0	0	0	0	0
LDL	UKBB	14	73	827	5	72.7963898181915	0	0	1	35	0	0	1	35	0	0	0	0	0	0	0	0
LDL	UKBB	14	96	140	5	35.2816579341888	0	0	0	0	0	0	0	0	0	0	0	0	0	0	0	0
LDL	UKBB	14	105	460	5	234.81683921814	0	0	0	0	0	0	0	0	0	0	0	0	0	0	0	0
LDL	UKBB	14	106	650	5	215.507943868637	0	0	0	0	0	0	0	0	0	0	0	0	0	0	0	0
LDL	UKBB	14	121	1094	5	239.139352560043	0	0	0	0	0	0	0	0	0	0	0	0	0	0	0	0
LDL	UKBB	14	126	1034	5	429.129924535751	0	0	0	0	0	0	0	0	0	0	0	0	0	0	0	0
LDL	UKBB	14	127	1050	5	132.597804546356	0	0	0	0	0	0	0	0	0	0	0	0	0	0	0	0
LDL	UKBB	15	3	36	5	1.46884226799011	0	0	0	0	0	0	0	0	0	0	0	0	0	0	0	0
LDL	UKBB	15	37	1365	5	78.6619403362274	0	0	0	0	0	0	0	0	0	0	0	0	0	0	0	0
LDL	UKBB	15	39	1107	5	98.7106649875641	0	0	0	0	0	0	0	0	0	0	0	0	0	0	0	0
LDL	UKBB	15	44	639	5	2.1718168258667	0	0	1	26	0	0	1	26	0	0	0	0	0	0	0	0
LDL	UKBB	15	45	2723	5	142.568160772324	0	0	0	0	0	0	0	0	0	0	0	0	0	0	0	0
LDL	UKBB	15	46	1001	5	11.6067590713501	0	0	0	0	0	0	0	0	0	0	0	0	0	0	0	0
LDL	UKBB	15	47	1281	5	101.236961126328	0	0	0	0	0	0	0	0	0	0	0	0	0	0	0	0
LDL	UKBB	15	50	1193	5	72.325813293457	0	1	1	3	0	1	1	3	0	0	1	3	0	0	0	0
LDL	UKBB	15	52	1070	5	232.831465005875	0	0	1	4	0	0	1	4	0	0	0	0	0	0	0	0
LDL	UKBB	15	53	189	5	40.4836251735687	1	1	1	1	1	1	1	1	0	0	0	0	0	0	0	0
LDL	UKBB	15	54	1022	5	37.2751274108887	0	0	0	0	0	0	0	0	0	0	0	0	0	0	0	0
LDL	UKBB	15	56	946	5	9.33838796615601	0	0	0	0	0	0	0	0	0	0	0	0	0	0	0	0
LDL	UKBB	15	59	2111	5	401.325935125351	0	0	0	0	0	0	0	0	0	0	0	0	0	0	0	0
LDL	UKBB	15	62	1859	5	735.06054186821	0	0	0	0	0	0	0	0	0	0	0	0	0	0	0	0
LDL	UKBB	15	63	576	5	125.099433660507	0	0	0	0	0	0	0	0	0	0	0	0	0	0	0	0
LDL	UKBB	15	64	862	5	8.8293342590332	0	0	0	0	0	0	0	0	0	0	0	0	0	0	0	0
LDL	UKBB	15	66	1382	5	27.856344461441	0	0	0	0	0	0	0	0	0	0	0	0	0	0	0	0
LDL	UKBB	15	80	467	5	43.282550573349	0	0	0	0	0	0	0	0	0	0	0	0	0	0	0	0
LDL	UKBB	15	83	513	5	186.958873510361	0	0	0	0	0	0	0	0	0	0	0	0	0	0	0	0
LDL	UKBB	15	85	1161	5	16.2999713420868	0	0	0	0	0	0	0	0	0	0	0	0	0	0	0	0
LDL	UKBB	15	117	524	5	133.267024993896	0	0	0	0	0	0	0	0	0	0	0	0	0	0	0	0
LDL	UKBB	15	118	329	5	48.3879456520081	0	0	0	0	0	0	0	0	0	0	0	0	0	0	0	0
LDL	UKBB	16	1	513	5	3.27336430549622	0	0	0	0	0	0	0	0	0	0	0	0	0	0	0	0
LDL	UKBB	16	4	756	5	413.283186435699	0	0	0	0	0	0	0	0	0	0	0	0	0	0	0	0
LDL	UKBB	16	5	181	5	179.014997959137	0	0	0	0	0	0	0	0	0	0	0	0	0	0	0	0
LDL	UKBB	16	9	893	5	142.355345010757	0	0	0	0	0	0	0	0	0	0	0	0	0	0	0	0
LDL	UKBB	16	31	1283	5	17.1619181632996	0	1	1	7	0	1	1	7	0	0	0	0	0	0	0	0
LDL	UKBB	16	32	124	5	4.45766711235046	1	1	1	1	1	1	1	1	0	0	0	0	0	0	0	0
LDL	UKBB	16	37	1040	5	316.025951623917	0	0	0	0	0	0	0	0	0	0	0	0	0	0	0	0
LDL	UKBB	16	38	2324	5	529.125730991364	0	0	0	0	0	0	0	0	0	0	0	0	0	0	0	0
LDL	UKBB	16	43	804	5	3.99063158035278	0	0	1	5	0	0	1	5	0	0	1	5	0	0	0	0
LDL	UKBB	16	59	339	5	11.2597229480743	0	0	1	41	0	0	1	41	0	0	0	0	0	0	0	0
LDL	UKBB	16	60	639	5	161.70643901825	0	0	0	0	0	0	0	0	0	0	0	0	0	0	0	0
LDL	UKBB	16	74	226	5	0.813013553619385	0	0	0	0	0	0	0	0	0	0	0	0	0	0	0	0
LDL	UKBB	16	75	1343	5	135.581528425217	0	1	2	6	0	1	2	6	0	0	1	2	0	0	0	0
LDL	UKBB	16	76	836	5	10.0043897628784	0	0	0	0	0	0	0	0	0	0	0	0	0	0	0	0
LDL	UKBB	16	80	932	5	637.209840536118	0	0	0	0	0	0	0	0	0	0	0	0	0	0	0	0
LDL	UKBB	16	85	2009	5	341.353034973145	0	0	0	0	0	0	0	0	0	0	0	0	0	0	0	0
LDL	UKBB	16	88	1565	5	25.9468138217926	0	0	0	0	0	0	0	0	0	0	0	0	0	0	0	0
LDL	UKBB	16	89	2381	10	1756.13267970085	1	5	5	48	1	5	5	48	0	1	1	2	0	0	0	0
LDL	UKBB	16	90	698	5	6.85346984863281	0	0	0	0	0	0	0	0	0	0	0	0	0	0	0	0
LDL	UKBB	16	94	3056	5	389.089963674545	0	0	1	5	0	0	1	5	0	0	1	5	0	0	0	0
LDL	UKBB	16	96	2809	5	177.503049612045	0	0	0	0	0	0	0	0	0	0	0	0	0	0	0	0
LDL	UKBB	16	99	950	5	108.804017543793	0	0	0	0	0	0	0	0	0	0	0	0	0	0	0	0
LDL	UKBB	16	100	126	5	101.123417615891	0	0	0	0	0	0	0	0	0	0	0	0	0	0	0	0
LDL	UKBB	16	101	177	5	81.1486587524414	0	1	1	5	0	1	1	5	0	0	0	0	0	0	0	0
LDL	UKBB	16	103	3554	5	439.7990629673	0	0	0	0	0	0	0	0	0	0	0	0	0	0	0	0
LDL	UKBB	16	104	1026	5	244.140582084656	0	0	0	0	0	0	0	0	0	0	0	0	0	0	0	0
LDL	UKBB	16	110	850	5	19.6826636791229	0	0	1	3	0	0	1	3	0	0	0	0	0	0	0	0
LDL	UKBB	16	119	1136	5	9.961186170578	0	0	1	14	0	0	1	14	0	0	0	0	0	0	0	0
LDL	UKBB	16	120	110	5	0.250324010848999	0	0	0	0	0	0	0	0	0	0	0	0	0	0	0	0
LDL	UKBB	16	125	369	5	2.29574465751648	0	0	0	0	0	0	0	0	0	0	0	0	0	0	0	0
LDL	UKBB	16	126	62	5	24.9438865184784	0	0	1	14	0	0	0	0	0	0	0	0	0	0	1	14
LDL	UKBB	16	127	97	5	61.5729432106018	0	0	0	0	0	0	0	0	0	0	0	0	0	0	0	0
LDL	UKBB	16	128	1633	5	155.533788442612	0	0	0	0	0	0	0	0	0	0	0	0	0	0	0	0
LDL	UKBB	17	9	1032	5	283.010195493698	0	0	1	14	0	0	0	0	0	0	0	0	0	0	0	0
LDL	UKBB	17	14	481	5	53.8508770465851	0	0	1	16	0	0	1	16	0	0	0	0	0	0	0	0
LDL	UKBB	17	16	75	5	48.5228087902069	0	0	0	0	0	0	0	0	0	0	0	0	0	0	0	0
LDL	UKBB	17	17	1350	5	78.1401522159576	0	1	1	10	0	1	0	0	0	1	0	0	0	1	1	10
LDL	UKBB	17	22	119	5	71.5782563686371	0	0	1	13	0	0	1	13	0	0	0	0	0	0	1	13
LDL	UKBB	17	23	287	5	6.99145746231079	1	2	2	4	1	2	2	4	0	1	1	3	0	0	0	0
LDL	UKBB	17	24	664	5	52.2912311553955	1	2	2	5	1	2	2	5	0	2	1	1	0	0	1	4
LDL	UKBB	17	25	772	5	2.95562672615051	0	0	0	0	0	0	0	0	0	0	0	0	0	0	0	0
LDL	UKBB	17	28	121	5	0.2581467628479	0	0	0	0	0	0	0	0	0	0	0	0	0	0	0	0
LDL	UKBB	17	30	153	5	1.28313374519348	0	0	0	0	0	0	0	0	0	0	0	0	0	0	0	0
LDL	UKBB	17	51	1250	5	487.660001039505	0	0	0	0	0	0	0	0	0	0	0	0	0	0	0	0
LDL	UKBB	17	54	929	5	14.9529235363007	0	0	0	0	0	0	0	0	0	0	0	0	0	0	0	0
LDL	UKBB	17	55	1371	5	170.830140352249	1	2	2	69	1	2	2	69	0	1	1	1	0	0	0	0
LDL	UKBB	17	65	1459	5	69.720546245575	0	0	0	0	0	0	0	0	0	0	0	0	0	0	0	0
LDL	UKBB	17	70	527	5	12.2614750862122	0	0	0	0	0	0	0	0	0	0	0	0	0	0	0	0
LDL	UKBB	17	71	588	5	3.31213808059692	0	0	0	0	0	0	0	0	0	0	0	0	0	0	0	0
LDL	UKBB	17	73	1141	5	133.025192975998	0	0	0	0	0	0	0	0	0	0	0	0	0	0	0	0
LDL	UKBB	17	74	1583	5	238.145714521408	0	0	0	0	0	0	0	0	0	0	0	0	0	0	0	0
LDL	UKBB	17	75	1496	5	32.1512892246246	0	0	1	11	0	0	1	11	0	0	1	11	0	0	0	0
LDL	UKBB	17	80	916	5	6.90777969360352	0	0	0	0	0	0	0	0	0	0	0	0	0	0	0	0
LDL	UKBB	17	84	394	5	1.21001124382019	0	0	0	0	0	0	0	0	0	0	0	0	0	0	0	0
LDL	UKBB	17	87	537	5	55.9493908882141	0	0	0	0	0	0	0	0	0	0	0	0	0	0	0	0
LDL	UKBB	17	90	1210	5	503.401594400406	0	0	0	0	0	0	0	0	0	0	0	0	0	0	0	0
LDL	UKBB	17	94	671	5	3.34770441055298	0	0	0	0	0	0	0	0	0	0	0	0	0	0	0	0
LDL	UKBB	17	97	1517	5	355.835392951965	0	0	0	0	0	0	0	0	0	0	0	0	0	0	0	0
LDL	UKBB	17	98	515	5	51.6564300060272	0	0	0	0	0	0	0	0	0	0	0	0	0	0	0	0
LDL	UKBB	17	100	657	5	2.34426784515381	0	0	0	0	0	0	0	0	0	0	0	0	0	0	0	0
LDL	UKBB	17	101	762	5	323.081283807755	0	0	1	17	0	0	0	0	0	0	0	0	0	0	0	0
LDL	UKBB	17	102	374	5	183.549785137177	1	1	1	1	1	1	1	1	0	1	1	1	0	0	0	0
LDL	UKBB	17	103	476	5	23.7795794010162	1	1	2	17	1	1	2	17	0	1	1	1	0	0	0	0
LDL	UKBB	17	104	95	5	0.4339759349823	0	0	1	9	0	0	1	9	0	0	0	0	0	0	0	0
LDL	UKBB	17	105	914	5	31.6534814834595	0	0	0	0	0	0	0	0	0	0	0	0	0	0	0	0
LDL	UKBB	17	117	622	5	259.934284925461	0	1	0	0	0	1	0	0	0	1	0	0	0	0	0	0
LDL	UKBB	17	118	679	5	85.3739490509033	0	0	0	0	0	0	0	0	0	0	0	0	0	0	0	0
LDL	UKBB	17	121	487	5	1.29093384742737	0	0	0	0	0	0	0	0	0	0	0	0	0	0	0	0
LDL	UKBB	17	123	634	5	3.54100942611694	0	0	0	0	0	0	0	0	0	0	0	0	0	0	0	0
LDL	UKBB	17	125	1093	5	97.6354916095734	0	0	1	10	0	0	1	10	0	0	0	0	0	0	1	10
LDL	UKBB	17	130	655	5	6.53146839141846	0	0	0	0	0	0	0	0	0	0	0	0	0	0	0	0
LDL	UKBB	17	133	350	5	3.98488855361938	0	0	0	0	0	0	0	0	0	0	0	0	0	0	0	0
LDL	UKBB	17	134	760	5	6.19987273216248	0	0	0	0	0	0	0	0	0	0	0	0	0	0	0	0
LDL	UKBB	18	31	1349	5	321.849707365036	0	0	0	0	0	0	0	0	0	0	0	0	0	0	0	0
LDL	UKBB	18	41	1729	5	49.205650806427	0	0	1	20	0	0	1	20	0	0	0	0	0	0	0	0
LDL	UKBB	18	61	1265	5	10.6270885467529	0	0	0	0	0	0	0	0	0	0	0	0	0	0	0	0
LDL	UKBB	18	69	2395	5	125.455580711365	0	1	3	33	0	1	3	33	0	0	0	0	0	0	0	0
LDL	UKBB	18	77	301	5	1.1640830039978	0	0	1	3	0	0	1	3	0	0	0	0	0	0	0	0
LDL	UKBB	18	88	863	5	7.77552056312561	0	1	1	2	0	1	0	0	0	0	0	0	0	0	0	0
LDL	UKBB	18	98	656	5	2.18402433395386	0	0	0	0	0	0	0	0	0	0	0	0	0	0	0	0
LDL	UKBB	18	119	134	5	66.6680903434753	0	0	0	0	0	0	0	0	0	0	0	0	0	0	0	0
LDL	UKBB	18	120	531	5	158.236466884613	0	0	0	0	0	0	0	0	0	0	0	0	0	0	0	0
LDL	UKBB	19	5	32	5	0.109784841537476	0	0	0	0	0	0	0	0	0	0	0	0	0	0	0	0
LDL	UKBB	19	6	43	5	0.338624477386475	0	0	0	0	0	0	0	0	0	0	0	0	0	0	0	0
LDL	UKBB	19	12	124	5	52.1852927207947	0	0	1	6	0	0	1	6	0	0	0	0	0	0	0	0
LDL	UKBB	19	15	61	5	1.00765180587769	0	0	0	0	0	0	0	0	0	0	0	0	0	0	0	0
LDL	UKBB	19	16	57	5	0.236977815628052	0	0	0	0	0	0	0	0	0	0	0	0	0	0	0	0
LDL	UKBB	19	20	143	5	0.604103326797485	0	0	0	0	0	0	0	0	0	0	0	0	0	0	0	0
LDL	UKBB	19	21	87	5	0.388858795166016	0	0	0	0	0	0	0	0	0	0	0	0	0	0	0	0
LDL	UKBB	19	22	438	5	143.449518680573	0	0	0	0	0	0	0	0	0	0	0	0	0	0	0	0
LDL	UKBB	19	25	398	5	147.129942655563	0	0	0	0	0	0	0	0	0	0	0	0	0	0	0	0
LDL	UKBB	19	32	346	5	271.000919103622	0	0	0	0	0	0	0	0	0	0	0	0	0	0	0	0
LDL	UKBB	19	33	162	5	16.3460605144501	0	0	0	0	0	0	0	0	0	0	0	0	0	0	0	0
LDL	UKBB	19	35	607	5	29.4551010131836	0	0	0	0	0	0	0	0	0	0	0	0	0	0	0	0
LDL	UKBB	19	36	96	5	86.9923582077026	0	0	0	0	0	0	0	0	0	0	0	0	0	0	0	0
LDL	UKBB	19	37	685	15	167.950245857239	8	12	14	27	8	12	14	27	0	2	2	9	0	0	0	0
LDL	UKBB	19	38	184	10	666.212032794952	2	5	7	34	1	5	7	34	1	2	2	5	1	1	2	6
LDL	UKBB	19	39	879	5	67.9885439872742	1	1	1	1	1	1	1	1	0	0	0	0	0	0	0	0
LDL	UKBB	19	40	353	5	64.0134971141815	0	0	0	0	0	0	0	0	0	0	0	0	0	0	0	0
LDL	UKBB	19	42	97	5	0.238618612289429	0	0	0	0	0	0	0	0	0	0	0	0	0	0	0	0
LDL	UKBB	19	46	862	5	5.33555150032043	0	1	2	23	0	1	1	3	0	0	1	3	0	0	0	0
LDL	UKBB	19	49	560	5	8.41528463363647	0	0	0	0	0	0	0	0	0	0	0	0	0	0	0	0
LDL	UKBB	19	51	369	5	59.1667313575745	0	0	1	5	0	0	1	5	0	0	0	0	0	0	1	5
LDL	UKBB	19	52	356	5	1.84197735786438	0	0	0	0	0	0	0	0	0	0	0	0	0	0	0	0
LDL	UKBB	19	53	1051	5	9.05899333953857	0	1	1	2	0	1	1	2	0	0	0	0	0	0	0	0
LDL	UKBB	19	54	1973	5	83.8595440387726	0	0	0	0	0	0	0	0	0	0	0	0	0	0	0	0
LDL	UKBB	19	62	1386	5	46.1353189945221	0	0	0	0	0	0	0	0	0	0	0	0	0	0	0	0
LDL	UKBB	19	63	488	5	2.5142605304718	0	0	0	0	0	0	0	0	0	0	0	0	0	0	0	0
LDL	UKBB	19	65	468	5	23.4008519649506	0	0	0	0	0	0	0	0	0	0	0	0	0	0	0	0
LDL	UKBB	19	67	2232	5	158.648490190506	0	0	0	0	0	0	0	0	0	0	0	0	0	0	0	0
LDL	UKBB	19	68	515	5	1.87289547920227	0	0	0	0	0	0	0	0	0	0	0	0	0	0	0	0
LDL	UKBB	19	70	475	5	1.95484972000122	0	1	2	9	0	1	2	7	0	1	0	0	0	1	2	7
LDL	UKBB	19	71	95	5	1.17582893371582	0	0	1	5	0	0	1	5	0	0	0	0	0	0	0	0
LDL	UKBB	19	72	611	5	4.20670127868652	0	0	0	0	0	0	0	0	0	0	0	0	0	0	0	0
LDL	UKBB	19	73	157	5	74.3462584018707	0	1	1	6	0	1	1	6	0	1	1	6	0	0	0	0
LDL	UKBB	19	74	1221	15	78.3592617511749	8	10	11	17	8	10	11	17	1	4	4	5	0	0	1	3
LDL	UKBB	19	75	93	10	107.530369997025	8	9	9	11	8	9	9	11	3	3	3	3	4	6	6	8
LDL	UKBB	19	76	645	15	139.226663827896	4	10	14	35	4	10	14	35	1	1	3	8	1	2	3	10
LDL	UKBB	19	77	1202	5	11.2926969528198	0	1	0	0	0	1	0	0	0	0	0	0	0	0	0	0
LDL	UKBB	19	79	530	5	97.10861992836	0	0	0	0	0	0	0	0	0	0	0	0	0	0	0	0
LDL	UKBB	19	80	116	5	20.2349112033844	0	0	1	8	0	0	1	8	0	0	0	0	0	0	0	0
LDL	UKBB	19	81	289	5	3.10704159736633	0	1	2	14	0	1	2	14	0	0	0	0	0	0	0	0
LDL	UKBB	19	98	80	5	0.633891344070435	0	0	0	0	0	0	0	0	0	0	0	0	0	0	0	0
LDL	UKBB	19	103	238	5	32.1709423065186	0	0	0	0	0	0	0	0	0	0	0	0	0	0	0	0
LDL	UKBB	19	104	369	5	177.059958219528	0	0	0	0	0	0	0	0	0	0	0	0	0	0	0	0
LDL	UKBB	19	107	317	5	60.9096231460571	0	0	1	21	0	0	1	21	0	0	0	0	0	0	0	0
LDL	UKBB	19	110	1086	5	9.60855674743652	0	0	0	0	0	0	0	0	0	0	0	0	0	0	0	0
LDL	UKBB	19	111	568	5	3.03038597106934	0	2	3	14	0	2	3	14	0	0	0	0	0	0	0	0
LDL	UKBB	20	2	314	5	39.9360673427582	0	0	0	0	0	0	0	0	0	0	0	0	0	0	0	0
LDL	UKBB	20	10	578	5	2.37994050979614	0	0	0	0	0	0	0	0	0	0	0	0	0	0	0	0
LDL	UKBB	20	11	386	5	1.99864220619202	0	0	0	0	0	0	0	0	0	0	0	0	0	0	0	0
LDL	UKBB	20	12	664	5	5.11539578437805	0	0	0	0	0	0	0	0	0	0	0	0	0	0	0	0
LDL	UKBB	20	13	1055	5	220.278504371643	0	0	0	0	0	0	0	0	0	0	0	0	0	0	0	0
LDL	UKBB	20	18	587	5	3.1577615737915	0	1	1	3	0	1	1	3	0	0	0	0	0	0	0	0
LDL	UKBB	20	19	149	5	0.924656391143799	0	0	0	0	0	0	0	0	0	0	0	0	0	0	0	0
LDL	UKBB	20	40	678	5	3.30755281448364	0	0	1	6	0	0	1	6	0	0	0	0	0	0	0	0
LDL	UKBB	20	48	1662	5	34.2046451568604	1	2	3	6	1	2	3	6	0	0	0	0	0	0	0	0
LDL	UKBB	20	59	1038	5	7.12284541130066	0	0	1	54	0	0	1	54	0	0	0	0	0	0	0	0
LDL	UKBB	20	60	866	5	5.20056462287903	0	0	0	0	0	0	0	0	0	0	0	0	0	0	0	0
LDL	UKBB	20	63	2123	5	243.675770521164	0	0	0	0	0	0	0	0	0	0	0	0	0	0	0	0
LDL	UKBB	20	64	572	5	91.4469907283783	1	1	3	16	1	1	3	16	0	0	0	0	0	0	0	0
LDL	UKBB	20	65	1160	5	92.2825562953949	0	0	1	18	0	0	1	18	0	0	0	0	0	0	0	0
LDL	UKBB	20	66	1401	5	14.4110176563263	0	0	0	0	0	0	0	0	0	0	0	0	0	0	0	0
LDL	UKBB	20	68	341	5	83.7283351421356	0	0	1	3	0	0	1	3	0	0	1	3	0	0	0	0
LDL	UKBB	20	69	854	5	55.9190242290497	1	1	1	1	1	1	1	1	0	0	0	0	0	1	1	1
LDL	UKBB	20	70	611	5	2.5777747631073	0	0	0	0	0	0	0	0	0	0	0	0	0	0	0	0
LDL	UKBB	20	71	975	5	8.02713489532471	0	0	1	12	0	0	1	12	0	0	0	0	0	0	0	0
LDL	UKBB	20	77	951	5	6.88433980941772	0	0	1	56	0	0	1	56	0	0	0	0	0	0	0	0
LDL	UKBB	20	78	1133	5	280.15033864975	0	0	0	0	0	0	0	0	0	0	0	0	0	0	0	0
LDL	UKBB	20	86	631	5	15.629723072052	0	0	0	0	0	0	0	0	0	0	0	0	0	0	0	0
LDL	UKBB	20	87	545	5	141.630465984344	0	1	0	0	0	1	0	0	0	0	0	0	0	0	0	0
LDL	UKBB	20	89	447	5	50.8918564319611	0	0	0	0	0	0	0	0	0	0	0	0	0	0	0	0
LDL	UKBB	20	110	583	5	75.3511929512024	0	0	0	0	0	0	0	0	0	0	0	0	0	0	0	0
LDL	UKBB	20	111	53	5	52.1920392513275	0	0	0	0	0	0	0	0	0	0	0	0	0	0	0	0
LDL	UKBB	20	112	171	5	1.13518714904785	0	0	0	0	0	0	0	0	0	0	0	0	0	0	0	0
LDL	UKBB	20	113	184	5	33.5703644752502	0	0	0	0	0	0	0	0	0	0	0	0	0	0	0	0
LDL	UKBB	20	115	269	5	1.1968252658844	0	0	2	16	0	0	2	16	0	0	0	0	0	0	0	0
LDL	UKBB	21	3	403	5	24.2490873336792	0	0	0	0	0	0	0	0	0	0	0	0	0	0	0	0
LDL	UKBB	21	30	1812	5	39.5617849826813	0	0	0	0	0	0	0	0	0	0	0	0	0	0	0	0
LDL	UKBB	21	33	980	5	10.2439217567444	0	0	0	0	0	0	0	0	0	0	0	0	0	0	0	0
LDL	UKBB	21	37	1018	5	8.41427087783813	0	0	0	0	0	0	0	0	0	0	0	0	0	0	0	0
LDL	UKBB	21	41	1693	5	225.222412109375	0	0	1	3	0	0	1	3	0	0	0	0	0	0	0	0
LDL	UKBB	21	48	1714	5	89.0126523971558	0	0	1	48	0	0	1	48	0	0	0	0	0	0	0	0
LDL	UKBB	21	53	674	5	3.84677791595459	0	0	0	0	0	0	0	0	0	0	0	0	0	0	0	0
LDL	UKBB	21	62	269	5	1.13695955276489	0	0	0	0	0	0	0	0	0	0	0	0	0	0	0	0
LDL	UKBB	21	64	839	5	51.6041007041931	0	0	0	0	0	0	0	0	0	0	0	0	0	0	0	0
LDL	UKBB	21	65	290	5	1.11919569969177	0	0	0	0	0	0	0	0	0	0	0	0	0	0	0	0
LDL	UKBB	22	5	445	5	11.8751881122589	0	0	0	0	0	0	0	0	0	0	0	0	0	0	0	0
LDL	UKBB	22	9	598	5	3.38169121742249	0	0	0	0	0	0	0	0	0	0	0	0	0	0	0	0
LDL	UKBB	22	13	408	5	1.23261952400208	0	1	1	11	0	1	1	11	0	0	0	0	0	0	0	0
LDL	UKBB	22	29	1036	5	12.9877440929413	0	0	0	0	0	0	0	0	0	0	0	0	0	0	0	0
LDL	UKBB	22	30	3154	5	218.080694913864	0	0	0	0	0	0	0	0	0	0	0	0	0	0	0	0
LDL	UKBB	22	36	511	5	1.71611762046814	0	0	1	35	0	0	1	35	0	0	0	0	0	0	0	0
LDL	UKBB	22	37	725	5	208.733240127563	0	0	0	0	0	0	0	0	0	0	0	0	0	0	0	0
LDL	UKBB	22	40	328	5	1.43985772132874	0	0	0	0	0	0	0	0	0	0	0	0	0	0	0	0
LDL	UKBB	22	43	541	5	82.486168384552	0	0	0	0	0	0	0	0	0	0	0	0	0	0	0	0
LDL	UKBB	22	46	1542	5	18.1423380374908	0	0	1	36	0	0	1	36	0	0	0	0	0	0	0	0
LDL	UKBB	22	49	202	5	0.50871205329895	0	0	0	0	0	0	0	0	0	0	0	0	0	0	0	0
LDL	UKBB	22	54	598	5	176.639530658722	0	0	0	0	0	0	0	0	0	0	0	0	0	0	0	0
LDL	UKBB	22	55	449	5	122.648562431335	0	0	0	0	0	0	0	0	0	0	0	0	0	0	0	0
LDL	UKBB	22	56	91	5	0.0871806144714355	0	0	0	0	0	0	0	0	0	0	0	0	0	0	0	0
LDL	UKBB	22	57	29	5	0.104278802871704	0	0	0	0	0	0	0	0	0	0	0	0	0	0	0	0
LDL	UKBB	22	70	591	5	3.69064807891846	0	0	1	18	0	0	0	0	0	0	0	0	0	0	0	0
