pheno	chromosome	block	UKBB_nCS.EUR	GLGC_nCS.EUR	UKBB_in_GLGC.EUR	GLGC_in_UKBB.EUR	UKBB_nCS.AFR	GLGC_nCS.AFR	UKBB_in_GLGC.AFR	GLGC_in_UKBB.AFR	UKBB_nCS.EAS	GLGC_nCS.EAS	UKBB_in_GLGC.EAS	GLGC_in_UKBB.EAS
HDL	1	1	0	0	0	0	0	0	0	0	0	0	0	0
HDL	1	2	0	0	0	0	0	0	0	0	0	0	0	0
HDL	1	3	1	1	1	1	0	0	0	0	0	0	0	0
HDL	1	5	0	1	0	0	0	0	0	0	0	0	0	0
HDL	1	15	1	0	0	0	0	0	0	0	1	0	0	0
HDL	1	17	0	0	0	0	0	0	0	0	0	0	0	0
HDL	1	18	0	0	0	0	0	0	0	0	0	0	0	0
HDL	1	19	0	0	0	0	0	0	0	0	0	0	0	0
HDL	1	21	0	1	0	0	0	0	0	0	0	0	0	0
HDL	1	23	0	0	0	0	0	0	0	0	0	0	0	0
HDL	1	24	0	0	0	0	0	0	0	0	0	0	0	0
HDL	1	35	1	0	0	0	0	0	0	0	0	0	0	0
HDL	1	40	0	0	0	0	0	0	0	0	0	0	0	0
HDL	1	43	0	0	0	0	0	0	0	0	0	0	0	0
HDL	1	44	1	1	1	1	0	1	0	0	0	1	0	0
HDL	1	46	0	1	0	0	0	0	0	0	0	0	0	0
HDL	1	48	1	1	0	0	0	0	0	0	0	0	0	0
HDL	1	49	1	1	1	1	0	0	0	0	0	1	0	0
HDL	1	50	1	1	1	1	0	0	0	0	0	1	0	0
HDL	1	51	1	1	1	1	0	0	0	0	0	0	0	0
HDL	1	52	1	3	1	1	0	0	0	0	1	1	0	0
HDL	1	53	3	1	1	1	1	1	1	1	0	1	0	0
HDL	1	57	0	1	0	0	0	0	0	0	0	0	0	0
HDL	1	63	1	0	0	0	0	0	0	0	0	0	0	0
HDL	1	70	1	4	0	0	0	1	0	0	0	2	0	0
HDL	1	71	2	1	1	1	0	0	0	0	1	0	0	0
HDL	1	73	0	0	0	0	0	0	0	0	0	0	0	0
HDL	1	74	0	1	0	0	0	0	0	0	0	0	0	0
HDL	1	75	1	0	0	0	0	0	0	0	0	0	0	0
HDL	1	76	0	0	0	0	0	0	0	0	0	0	0	0
HDL	1	80	0	0	0	0	0	0	0	0	0	0	0	0
HDL	1	85	0	1	0	0	0	0	0	0	0	0	0	0
HDL	1	87	0	0	0	0	0	0	0	0	0	0	0	0
HDL	1	90	0	1	0	0	0	0	0	0	0	0	0	0
HDL	1	92	0	0	0	0	0	0	0	0	0	0	0	0
HDL	1	94	1	2	1	1	0	0	0	0	0	1	0	0
HDL	1	96	1	0	0	0	0	0	0	0	0	0	0	0
HDL	1	97	1	1	1	1	0	1	0	0	0	0	0	0
HDL	1	98	0	0	0	0	0	0	0	0	0	0	0	0
HDL	1	100	2	2	2	2	0	0	0	0	1	1	1	1
HDL	1	102	0	0	0	0	0	0	0	0	0	0	0	0
HDL	1	105	1	2	0	0	0	1	0	0	1	1	0	0
HDL	1	110	1	1	0	0	0	0	0	0	0	0	0	0
HDL	1	113	1	0	0	0	0	0	0	0	0	0	0	0
HDL	1	117	0	1	0	0	0	0	0	0	0	1	0	0
HDL	1	122	0	0	0	0	0	0	0	0	0	0	0	0
HDL	1	124	0	1	0	0	0	0	0	0	0	0	0	0
HDL	1	125	3	1	0	0	0	0	0	0	2	1	0	0
HDL	1	128	0	0	0	0	0	0	0	0	0	0	0	0
HDL	1	129	1	2	1	1	0	0	0	0	1	0	0	0
HDL	1	132	0	1	0	0	0	0	0	0	0	1	0	0
HDL	1	136	2	1	0	0	2	0	0	0	2	0	0	0
HDL	1	138	4	5	3	3	0	1	0	0	1	3	0	0
HDL	1	139	4	5	3	3	0	0	0	0	1	2	0	0
HDL	1	143	0	1	0	0	0	0	0	0	0	1	0	0
HDL	1	153	1	1	1	1	0	0	0	0	0	0	0	0
HDL	1	154	1	1	1	1	0	1	0	0	0	0	0	0
HDL	1	156	1	2	0	0	0	1	0	0	1	2	0	0
HDL	1	158	3	1	1	1	1	0	0	0	0	0	0	0
HDL	1	159	2	1	1	1	0	0	0	0	1	0	0	0
HDL	1	160	0	1	0	0	0	1	0	0	0	1	0	0
HDL	1	168	2	3	0	0	0	0	0	0	0	1	0	0
HDL	1	173	0	0	0	0	0	0	0	0	0	0	0	0
HDL	1	181	0	0	0	0	0	0	0	0	0	0	0	0
HDL	1	182	2	3	1	1	1	0	0	0	0	1	0	0
HDL	1	183	1	0	0	0	0	0	0	0	0	1	0	0
HDL	1	187	2	3	1	1	0	1	0	0	0	3	0	0
HDL	1	189	2	0	0	0	0	0	0	0	1	0	0	0
HDL	1	191	2	1	1	1	0	1	0	0	1	1	1	1
HDL	1	192	2	0	0	0	0	0	0	0	1	0	0	0
HDL	1	193	0	1	0	0	0	0	0	0	0	1	0	0
HDL	1	201	1	1	0	0	0	0	0	0	0	0	0	0
HDL	1	202	0	1	0	0	0	0	0	0	0	0	0	0
HDL	1	203	0	1	0	0	0	0	0	0	0	1	0	0
HDL	1	204	1	1	1	1	1	0	0	0	0	0	0	0
HDL	1	207	1	1	1	1	0	0	0	0	1	0	0	0
HDL	1	208	1	1	0	0	1	0	0	0	1	0	0	0
HDL	1	209	1	2	1	1	0	0	0	0	0	0	0	0
HDL	1	211	0	0	0	0	0	0	0	0	0	0	0	0
HDL	1	213	1	2	1	1	0	0	0	0	0	1	0	0
HDL	1	214	1	1	1	1	0	1	0	0	0	1	0	0
HDL	1	215	0	1	0	0	0	0	0	0	0	0	0	0
HDL	1	216	0	0	0	0	0	0	0	0	0	0	0	0
HDL	1	218	0	0	0	0	0	0	0	0	0	0	0	0
HDL	1	221	1	1	0	0	0	0	0	0	0	1	0	0
HDL	1	224	1	1	1	1	0	0	0	0	0	0	0	0
HDL	1	228	0	1	0	0	0	0	0	0	0	0	0	0
HDL	1	233	1	2	1	1	0	1	0	0	0	1	0	0
HDL	1	234	2	1	1	1	0	1	0	0	0	1	0	0
HDL	1	235	0	1	0	0	0	0	0	0	0	0	0	0
HDL	1	238	1	1	0	0	0	0	0	0	0	0	0	0
HDL	1	239	0	0	0	0	0	0	0	0	0	0	0	0
HDL	1	240	1	1	1	1	0	1	0	0	1	1	1	1
HDL	1	242	1	2	1	1	0	3	0	0	0	2	0	0
HDL	1	243	3	4	2	2	2	2	1	1	0	3	0	0
HDL	1	244	1	1	1	1	0	0	0	0	0	0	0	0
HDL	1	252	2	4	2	2	0	1	0	0	0	3	0	0
HDL	1	253	0	0	0	0	0	0	0	0	0	0	0	0
HDL	1	254	0	2	0	0	0	1	0	0	0	0	0	0
HDL	1	255	1	1	0	0	0	0	0	0	0	1	0	0
HDL	1	257	0	0	0	0	0	0	0	0	0	0	0	0
HDL	1	264	0	1	0	0	0	0	0	0	0	1	0	0
HDL	1	275	0	0	0	0	0	0	0	0	0	0	0	0
HDL	2	1	1	1	1	1	1	0	0	0	0	0	0	0
HDL	2	2	0	1	0	0	0	0	0	0	0	1	0	0
HDL	2	3	0	0	0	0	0	0	0	0	0	0	0	0
HDL	2	4	0	0	0	0	0	0	0	0	0	0	0	0
HDL	2	6	1	1	1	1	1	0	0	0	0	1	0	0
HDL	2	13	0	0	0	0	0	0	0	0	0	0	0	0
HDL	2	28	0	1	0	0	0	0	0	0	0	1	0	0
HDL	2	40	0	1	0	0	0	0	0	0	0	0	0	0
HDL	2	41	1	2	1	1	1	1	1	1	0	0	0	0
HDL	2	44	2	3	2	2	1	1	0	0	1	4	1	1
HDL	2	45	0	0	0	0	0	0	0	0	0	0	0	0
HDL	2	46	0	0	0	0	0	0	0	0	0	0	0	0
HDL	2	47	1	1	0	0	0	0	0	0	1	0	0	0
HDL	2	48	0	2	0	0	0	0	0	0	0	0	0	0
HDL	2	49	0	0	0	0	0	0	0	0	0	0	0	0
HDL	2	50	0	1	0	0	0	0	0	0	0	0	0	0
HDL	2	51	0	0	0	0	0	0	0	0	0	0	0	0
HDL	2	53	1	1	0	0	1	0	0	0	0	0	0	0
HDL	2	55	0	2	0	0	0	0	0	0	0	1	0	0
HDL	2	60	0	0	0	0	0	0	0	0	0	0	0	0
HDL	2	62	0	0	0	0	0	0	0	0	0	0	0	0
HDL	2	63	0	0	0	0	0	0	0	0	0	0	0	0
HDL	2	66	0	1	0	0	0	0	0	0	0	1	0	0
HDL	2	67	0	0	0	0	0	0	0	0	0	0	0	0
HDL	2	68	1	1	1	1	0	0	0	0	0	0	0	0
HDL	2	69	0	1	0	0	0	0	0	0	0	1	0	0
HDL	2	79	2	2	1	1	0	1	0	0	0	0	0	0
HDL	2	80	0	1	0	0	0	0	0	0	0	1	0	0
HDL	2	84	0	2	0	0	0	0	0	0	0	0	0	0
HDL	2	85	0	2	0	0	0	1	0	0	0	1	0	0
HDL	2	86	1	1	1	1	0	0	0	0	0	0	0	0
HDL	2	87	0	0	0	0	0	0	0	0	0	0	0	0
HDL	2	88	0	0	0	0	0	0	0	0	0	0	0	0
HDL	2	89	1	1	1	1	0	1	0	0	1	1	1	1
HDL	2	90	1	1	1	1	0	1	0	0	0	1	0	0
HDL	2	97	0	1	0	0	0	0	0	0	0	0	0	0
HDL	2	99	0	0	0	0	0	0	0	0	0	0	0	0
HDL	2	100	0	0	0	0	0	0	0	0	0	0	0	0
HDL	2	115	2	1	1	1	1	0	0	0	1	0	0	0
HDL	2	117	0	1	0	0	0	0	0	0	0	1	0	0
HDL	2	122	2	2	2	2	0	0	0	0	0	1	0	0
HDL	2	124	1	0	0	0	1	0	0	0	0	0	0	0
HDL	2	125	0	0	0	0	0	0	0	0	0	0	0	0
HDL	2	128	0	0	0	0	0	0	0	0	0	0	0	0
HDL	2	130	2	0	0	0	0	0	0	0	0	0	0	0
HDL	2	131	1	2	1	1	1	0	0	0	0	1	0	0
HDL	2	132	0	1	0	0	0	0	0	0	0	1	0	0
HDL	2	138	1	0	0	0	0	0	0	0	1	0	0	0
HDL	2	146	2	2	0	0	0	0	0	0	0	0	0	0
HDL	2	147	0	0	0	0	0	0	0	0	0	0	0	0
HDL	2	151	0	1	0	0	0	0	0	0	0	1	0	0
HDL	2	153	0	1	0	0	0	0	0	0	0	0	0	0
HDL	2	154	1	0	0	0	0	0	0	0	0	0	0	0
HDL	2	159	0	1	0	0	0	0	0	0	0	1	0	0
HDL	2	163	0	1	0	0	0	0	0	0	0	1	0	0
HDL	2	164	0	1	0	0	0	1	0	0	0	0	0	0
HDL	2	166	3	3	2	2	0	0	0	0	0	3	0	0
HDL	2	168	4	4	4	4	0	3	0	0	1	0	0	0
HDL	2	171	1	1	0	0	0	0	0	0	0	0	0	0
HDL	2	175	0	1	0	0	0	0	0	0	0	0	0	0
HDL	2	176	0	1	0	0	0	0	0	0	0	0	0	0
HDL	2	177	1	2	0	0	0	0	0	0	0	1	0	0
HDL	2	180	0	0	0	0	0	0	0	0	0	0	0	0
HDL	2	181	0	0	0	0	0	0	0	0	0	0	0	0
HDL	2	183	0	0	0	0	0	0	0	0	0	0	0	0
HDL	2	184	0	1	0	0	0	0	0	0	0	1	0	0
HDL	2	185	0	0	0	0	0	0	0	0	0	0	0	0
HDL	2	186	0	0	0	0	0	0	0	0	0	0	0	0
HDL	2	191	0	0	0	0	0	0	0	0	0	0	0	0
HDL	2	195	0	0	0	0	0	0	0	0	0	0	0	0
HDL	2	197	0	0	0	0	0	0	0	0	0	0	0	0
HDL	2	199	3	2	1	1	2	0	0	0	1	0	0	0
HDL	2	202	0	0	0	0	0	0	0	0	0	0	0	0
HDL	2	205	0	2	0	0	0	0	0	0	0	2	0	0
HDL	2	208	0	0	0	0	0	0	0	0	0	0	0	0
HDL	2	209	1	1	1	1	0	1	0	0	0	1	0	0
HDL	2	210	0	1	0	0	0	0	0	0	0	0	0	0
HDL	2	213	2	1	1	1	0	0	0	0	0	0	0	0
HDL	2	215	0	1	0	0	0	0	0	0	0	0	0	0
HDL	2	217	1	2	1	1	0	0	0	0	0	0	0	0
HDL	2	218	2	1	1	1	0	0	0	0	0	0	0	0
HDL	2	221	0	1	0	0	0	0	0	0	0	0	0	0
HDL	2	227	0	1	0	0	0	1	0	0	0	1	0	0
HDL	2	228	0	1	0	0	0	0	0	0	0	1	0	0
HDL	2	230	2	2	2	2	1	2	1	1	1	1	1	1
HDL	2	232	0	1	0	0	0	1	0	0	0	0	0	0
HDL	2	233	0	2	0	0	0	0	0	0	0	0	0	0
HDL	2	234	0	0	0	0	0	0	0	0	0	0	0	0
HDL	2	235	1	2	1	1	1	0	0	0	0	1	0	0
HDL	2	237	0	1	0	0	0	0	0	0	0	0	0	0
HDL	2	240	1	1	1	1	0	0	0	0	0	0	0	0
HDL	2	247	0	0	0	0	0	0	0	0	0	0	0	0
HDL	2	250	0	0	0	0	0	0	0	0	0	0	0	0
HDL	2	251	1	0	0	0	0	0	0	0	1	0	0	0
HDL	2	256	1	1	0	0	0	1	0	0	0	1	0	0
HDL	3	8	0	0	0	0	0	0	0	0	0	0	0	0
HDL	3	9	1	0	0	0	0	0	0	0	1	0	0	0
HDL	3	20	0	0	0	0	0	0	0	0	0	0	0	0
HDL	3	23	0	2	0	0	0	0	0	0	0	1	0	0
HDL	3	24	5	5	4	4	0	1	0	0	1	4	1	1
HDL	3	25	0	1	0	0	0	0	0	0	0	0	0	0
HDL	3	28	0	1	0	0	0	0	0	0	0	0	0	0
HDL	3	30	1	1	1	1	0	0	0	0	0	0	0	0
HDL	3	32	0	0	0	0	0	0	0	0	0	0	0	0
HDL	3	34	0	0	0	0	0	0	0	0	0	0	0	0
HDL	3	35	0	1	0	0	0	0	0	0	0	0	0	0
HDL	3	39	0	0	0	0	0	0	0	0	0	0	0	0
HDL	3	40	0	1	0	0	0	0	0	0	0	1	0	0
HDL	3	41	0	0	0	0	0	0	0	0	0	0	0	0
HDL	3	42	1	0	0	0	0	0	0	0	0	0	0	0
HDL	3	55	1	2	0	0	0	0	0	0	0	2	0	0
HDL	3	59	0	0	0	0	0	0	0	0	0	0	0	0
HDL	3	60	0	1	0	0	0	0	0	0	0	0	0	0
HDL	3	64	0	0	0	0	0	0	0	0	0	0	0	0
HDL	3	65	0	0	0	0	0	0	0	0	0	0	0	0
HDL	3	71	1	1	0	0	0	0	0	0	0	1	0	0
HDL	3	77	1	0	0	0	0	0	0	0	0	0	0	0
HDL	3	81	0	0	0	0	0	0	0	0	0	0	0	0
HDL	3	83	0	1	0	0	0	0	0	0	0	0	0	0
HDL	3	84	1	1	0	0	0	0	0	0	0	0	0	0
HDL	3	85	0	1	0	0	0	0	0	0	0	1	0	0
HDL	3	88	1	1	0	0	0	0	0	0	0	0	0	0
HDL	3	89	3	2	1	1	0	1	0	0	0	1	0	0
HDL	3	90	1	0	0	0	0	0	0	0	0	0	0	0
HDL	3	105	0	0	0	0	0	0	0	0	0	0	0	0
HDL	3	106	0	0	0	0	0	0	0	0	0	0	0	0
HDL	3	108	0	0	0	0	0	0	0	0	0	0	0	0
HDL	3	109	1	2	1	1	0	0	0	0	0	0	0	0
HDL	3	112	0	0	0	0	0	0	0	0	0	0	0	0
HDL	3	114	1	2	0	0	0	2	0	0	0	1	0	0
HDL	3	119	0	0	0	0	0	0	0	0	0	0	0	0
HDL	3	120	1	1	1	1	1	1	1	1	0	0	0	0
HDL	3	121	0	0	0	0	0	0	0	0	0	0	0	0
HDL	3	123	1	1	1	1	0	0	0	0	0	0	0	0
HDL	3	124	2	1	1	1	1	0	0	0	0	0	0	0
HDL	3	125	0	0	0	0	0	0	0	0	0	0	0	0
HDL	3	127	0	0	0	0	0	0	0	0	0	0	0	0
HDL	3	128	1	0	0	0	0	0	0	0	0	0	0	0
HDL	3	129	1	1	1	1	0	0	0	0	0	0	0	0
HDL	3	132	0	1	0	0	0	0	0	0	0	1	0	0
HDL	3	134	1	1	1	1	0	0	0	0	0	0	0	0
HDL	3	135	1	0	0	0	0	0	0	0	1	0	0	0
HDL	3	136	1	1	1	1	0	1	0	0	1	1	1	1
HDL	3	140	1	1	0	0	1	1	0	0	0	0	0	0
HDL	3	144	1	0	0	0	0	0	0	0	0	0	0	0
HDL	3	145	0	1	0	0	0	0	0	0	0	0	0	0
HDL	3	146	0	0	0	0	0	0	0	0	0	0	0	0
HDL	3	155	1	1	1	1	0	1	0	0	0	0	0	0
HDL	3	158	2	1	1	1	0	1	0	0	0	1	0	0
HDL	3	159	0	1	0	0	0	0	0	0	0	0	0	0
HDL	3	161	1	1	0	0	0	0	0	0	0	1	0	0
HDL	3	162	1	1	1	1	1	0	0	0	0	0	0	0
HDL	3	165	3	2	3	2	2	0	0	0	2	1	0	0
HDL	3	170	0	0	0	0	0	0	0	0	0	0	0	0
HDL	3	171	0	1	0	0	0	0	0	0	0	0	0	0
HDL	3	174	1	1	1	1	0	0	0	0	0	1	0	0
HDL	3	175	0	0	0	0	0	0	0	0	0	0	0	0
HDL	3	179	0	1	0	0	0	0	0	0	0	0	0	0
HDL	3	183	0	0	0	0	0	0	0	0	0	0	0	0
HDL	3	184	0	0	0	0	0	0	0	0	0	0	0	0
HDL	3	186	0	1	0	0	0	0	0	0	0	1	0	0
HDL	3	191	0	1	0	0	0	0	0	0	0	0	0	0
HDL	3	193	3	3	3	3	0	1	0	0	0	1	0	0
HDL	3	195	0	1	0	0	0	0	0	0	0	0	0	0
HDL	3	212	0	0	0	0	0	0	0	0	0	0	0	0
HDL	3	214	1	2	1	1	0	0	0	0	0	0	0	0
HDL	3	216	0	0	0	0	0	0	0	0	0	0	0	0
HDL	4	1	2	2	2	2	1	1	1	1	0	2	0	0
HDL	4	4	0	0	0	0	0	0	0	0	0	0	0	0
HDL	4	10	0	1	0	0	0	0	0	0	0	0	0	0
HDL	4	21	0	0	0	0	0	0	0	0	0	0	0	0
HDL	4	32	1	1	1	1	0	0	0	0	0	0	0	0
HDL	4	33	0	0	0	0	0	0	0	0	0	0	0	0
HDL	4	37	0	1	0	0	0	0	0	0	0	0	0	0
HDL	4	39	0	0	0	0	0	0	0	0	0	0	0	0
HDL	4	42	1	2	1	1	0	0	0	0	0	1	0	0
HDL	4	54	2	2	0	0	0	0	0	0	2	0	0	0
HDL	4	55	1	1	1	1	1	0	0	0	0	1	0	0
HDL	4	63	0	1	0	0	0	0	0	0	0	1	0	0
HDL	4	64	1	0	0	0	0	0	0	0	0	0	0	0
HDL	4	66	1	2	1	1	0	0	0	0	0	2	0	0
HDL	4	67	0	0	0	0	0	0	0	0	0	0	0	0
HDL	4	71	1	1	1	1	0	0	0	0	0	0	0	0
HDL	4	79	0	1	0	0	0	0	0	0	0	0	0	0
HDL	4	80	0	1	0	0	0	0	0	0	0	0	0	0
HDL	4	87	2	0	0	0	0	0	0	0	0	0	0	0
HDL	4	94	0	0	0	0	0	0	0	0	0	0	0	0
HDL	4	95	1	1	1	1	0	0	0	0	0	1	0	0
HDL	4	101	3	1	1	1	0	0	0	0	1	1	0	0
HDL	4	102	1	3	1	1	0	0	0	0	0	1	0	0
HDL	4	103	3	2	2	2	2	2	2	2	0	1	0	0
HDL	4	109	1	1	1	1	0	0	0	0	0	0	0	0
HDL	4	113	3	3	2	2	0	1	0	0	0	2	0	0
HDL	4	114	1	1	1	1	0	1	0	0	0	0	0	0
HDL	4	115	3	4	2	2	0	1	0	0	1	0	0	0
HDL	4	116	4	4	2	2	1	0	0	0	2	1	0	0
HDL	4	117	1	1	1	1	0	0	0	0	0	1	0	0
HDL	4	121	1	0	0	0	0	0	0	0	0	0	0	0
HDL	4	122	0	0	0	0	0	0	0	0	0	0	0	0
HDL	4	123	0	1	0	0	0	0	0	0	0	0	0	0
HDL	4	124	0	0	0	0	0	0	0	0	0	0	0	0
HDL	4	129	1	1	1	1	0	0	0	0	0	0	0	0
HDL	4	130	0	0	0	0	0	0	0	0	0	0	0	0
HDL	4	134	0	0	0	0	0	0	0	0	0	0	0	0
HDL	4	136	0	0	0	0	0	0	0	0	0	0	0	0
HDL	4	146	0	0	0	0	0	0	0	0	0	0	0	0
HDL	4	147	0	1	0	0	0	0	0	0	0	0	0	0
HDL	4	149	0	1	0	0	0	0	0	0	0	0	0	0
HDL	4	150	1	1	0	0	0	0	0	0	0	0	0	0
HDL	4	151	1	1	1	1	0	0	0	0	0	0	0	0
HDL	4	152	2	1	1	1	0	0	0	0	1	0	0	0
HDL	4	153	0	1	0	0	0	0	0	0	0	0	0	0
HDL	4	154	0	1	0	0	0	0	0	0	0	0	0	0
HDL	4	156	0	1	0	0	0	0	0	0	0	0	0	0
HDL	4	159	0	2	0	0	0	1	0	0	0	1	0	0
HDL	4	164	0	0	0	0	0	0	0	0	0	0	0	0
HDL	4	165	1	1	1	1	0	0	0	0	0	1	0	0
HDL	4	168	0	0	0	0	0	0	0	0	0	0	0	0
HDL	4	180	0	0	0	0	0	0	0	0	0	0	0	0
HDL	4	182	0	1	0	0	0	0	0	0	0	0	0	0
HDL	4	184	0	1	0	0	0	0	0	0	0	0	0	0
HDL	4	205	0	0	0	0	0	0	0	0	0	0	0	0
HDL	4	209	0	1	0	0	0	0	0	0	0	0	0	0
HDL	5	1	1	1	0	0	0	0	0	0	1	0	0	0
HDL	5	2	0	0	0	0	0	0	0	0	0	0	0	0
HDL	5	9	0	0	0	0	0	0	0	0	0	0	0	0
HDL	5	27	0	0	0	0	0	0	0	0	0	0	0	0
HDL	5	56	0	0	0	0	0	0	0	0	0	0	0	0
HDL	5	57	0	0	0	0	0	0	0	0	0	0	0	0
HDL	5	58	0	0	0	0	0	0	0	0	0	0	0	0
HDL	5	60	0	1	0	0	0	0	0	0	0	1	0	0
HDL	5	64	1	2	1	1	0	1	0	0	0	1	0	0
HDL	5	66	0	0	0	0	0	0	0	0	0	0	0	0
HDL	5	68	1	1	0	0	1	1	0	0	0	1	0	0
HDL	5	69	2	3	2	2	0	0	0	0	0	2	0	0
HDL	5	70	0	0	0	0	0	0	0	0	0	0	0	0
HDL	5	71	0	0	0	0	0	0	0	0	0	0	0	0
HDL	5	72	0	0	0	0	0	0	0	0	0	0	0	0
HDL	5	75	0	0	0	0	0	0	0	0	0	0	0	0
HDL	5	78	0	2	0	0	0	0	0	0	0	0	0	0
HDL	5	80	0	0	0	0	0	0	0	0	0	0	0	0
HDL	5	81	1	1	0	0	0	0	0	0	0	1	0	0
HDL	5	82	1	1	1	1	0	0	0	0	0	1	0	0
HDL	5	85	2	2	2	2	0	0	0	0	0	1	0	0
HDL	5	88	1	0	0	0	0	0	0	0	0	0	0	0
HDL	5	92	0	1	0	0	0	0	0	0	0	0	0	0
HDL	5	93	0	0	0	0	0	0	0	0	0	0	0	0
HDL	5	96	1	0	0	0	0	0	0	0	0	0	0	0
HDL	5	97	1	1	1	1	0	1	0	0	0	0	0	0
HDL	5	102	1	0	0	0	0	0	0	0	1	0	0	0
HDL	5	104	0	0	0	0	0	0	0	0	0	0	0	0
HDL	5	105	1	1	1	1	0	1	0	0	0	0	0	0
HDL	5	108	0	1	0	0	0	0	0	0	0	0	0	0
HDL	5	109	1	1	0	0	0	0	0	0	0	0	0	0
HDL	5	114	1	0	0	0	1	0	0	0	0	0	0	0
HDL	5	116	0	0	0	0	0	0	0	0	0	0	0	0
HDL	5	117	0	1	0	0	0	0	0	0	0	0	0	0
HDL	5	119	1	1	1	1	1	0	0	0	0	0	0	0
HDL	5	120	0	1	0	0	0	0	0	0	0	0	0	0
HDL	5	127	1	1	1	1	0	1	0	0	0	1	0	0
HDL	5	130	1	0	0	0	0	0	0	0	0	0	0	0
HDL	5	132	1	1	0	0	0	0	0	0	0	1	0	0
HDL	5	133	0	1	0	0	0	0	0	0	0	0	0	0
HDL	5	134	0	0	0	0	0	0	0	0	0	0	0	0
HDL	5	136	1	1	1	1	0	0	0	0	0	1	0	0
HDL	5	142	1	3	1	1	0	1	0	0	0	1	0	0
HDL	5	144	1	1	1	1	0	0	0	0	0	0	0	0
HDL	5	145	0	1	0	0	0	0	0	0	0	0	0	0
HDL	5	146	0	3	0	0	0	0	0	0	0	2	0	0
HDL	5	147	1	2	1	1	0	0	0	0	0	1	0	0
HDL	5	151	0	0	0	0	0	0	0	0	0	0	0	0
HDL	5	152	0	1	0	0	0	0	0	0	0	0	0	0
HDL	5	154	0	1	0	0	0	0	0	0	0	0	0	0
HDL	5	156	1	0	0	0	0	0	0	0	0	0	0	0
HDL	5	158	1	1	0	0	0	0	0	0	0	1	0	0
HDL	5	160	0	0	0	0	0	0	0	0	0	0	0	0
HDL	5	163	2	2	2	2	0	1	0	0	0	0	0	0
HDL	5	167	0	1	0	0	0	0	0	0	0	1	0	0
HDL	5	168	4	4	4	4	0	1	0	0	1	3	0	0
HDL	5	181	0	0	0	0	0	0	0	0	0	0	0	0
HDL	5	189	1	1	1	1	0	1	0	0	0	0	0	0
HDL	5	191	1	1	0	0	0	0	0	0	0	1	0	0
HDL	5	193	0	0	0	0	0	0	0	0	0	0	0	0
HDL	5	194	0	1	0	0	0	0	0	0	0	0	0	0
HDL	5	202	0	2	0	0	0	0	0	0	0	1	0	0
HDL	5	207	1	1	1	1	0	0	0	0	0	0	0	0
HDL	5	208	0	0	0	0	0	0	0	0	0	0	0	0
HDL	5	209	2	2	2	2	0	0	0	0	1	2	1	1
HDL	5	210	1	1	1	1	0	0	0	0	0	0	0	0
HDL	6	18	0	0	0	0	0	0	0	0	0	0	0	0
HDL	6	19	0	0	0	0	0	0	0	0	0	0	0	0
HDL	6	21	0	0	0	0	0	0	0	0	0	0	0	0
HDL	6	23	1	0	0	0	0	0	0	0	0	0	0	0
HDL	6	29	0	0	0	0	0	0	0	0	0	0	0	0
HDL	6	34	0	0	0	0	0	0	0	0	0	0	0	0
HDL	6	36	1	1	1	1	0	0	0	0	0	1	0	0
HDL	6	37	1	1	1	1	0	0	0	0	0	1	0	0
HDL	6	38	0	1	0	0	0	0	0	0	0	1	0	0
HDL	6	39	0	1	0	0	0	0	0	0	0	1	0	0
HDL	6	43	1	2	1	1	0	0	0	0	0	1	0	0
HDL	6	49	0	1	0	0	0	0	0	0	0	0	0	0
HDL	6	50	1	0	0	0	0	0	0	0	0	0	0	0
HDL	6	51	3	4	2	2	1	1	1	1	1	2	1	1
HDL	6	52	0	1	0	0	0	0	0	0	0	2	0	0
HDL	6	53	1	0	0	0	0	0	0	0	0	0	0	0
HDL	6	55	1	0	0	0	0	0	0	0	0	0	0	0
HDL	6	57	0	0	0	0	0	0	0	0	0	0	0	0
HDL	6	58	0	0	0	0	0	0	0	0	0	0	0	0
HDL	6	60	1	3	1	1	0	0	0	0	0	0	0	0
HDL	6	63	3	4	2	2	0	0	0	0	0	3	0	0
HDL	6	64	5	7	3	3	1	2	0	0	1	4	1	1
HDL	6	68	0	0	0	0	0	0	0	0	0	0	0	0
HDL	6	69	0	1	0	0	0	0	0	0	0	0	0	0
HDL	6	71	0	0	0	0	0	0	0	0	0	0	0	0
HDL	6	73	1	1	1	1	0	0	0	0	0	0	0	0
HDL	6	76	0	0	0	0	0	0	0	0	0	0	0	0
HDL	6	84	0	1	0	0	0	0	0	0	0	1	0	0
HDL	6	85	0	1	0	0	0	1	0	0	0	0	0	0
HDL	6	86	0	2	0	0	0	0	0	0	0	1	0	0
HDL	6	88	0	1	0	0	0	0	0	0	0	0	0	0
HDL	6	90	0	1	0	0	0	0	0	0	0	0	0	0
HDL	6	94	2	0	0	0	0	0	0	0	1	0	0	0
HDL	6	97	1	1	0	0	0	0	0	0	1	0	0	0
HDL	6	98	1	1	1	1	0	0	0	0	0	1	0	0
HDL	6	101	1	1	1	1	0	0	0	0	0	0	0	0
HDL	6	105	1	0	0	0	0	0	0	0	0	0	0	0
HDL	6	106	0	1	0	0	0	0	0	0	0	0	0	0
HDL	6	108	1	0	0	0	0	0	0	0	0	0	0	0
HDL	6	109	4	3	3	3	0	2	0	0	1	2	0	0
HDL	6	115	1	3	1	1	0	0	0	0	0	2	0	0
HDL	6	116	0	1	0	0	0	0	0	0	0	0	0	0
HDL	6	117	1	0	0	0	0	0	0	0	0	0	0	0
HDL	6	118	0	1	0	0	0	0	0	0	0	0	0	0
HDL	6	124	2	2	1	1	0	1	0	0	2	2	1	1
HDL	6	127	0	1	0	0	0	0	0	0	0	0	0	0
HDL	6	128	1	2	1	1	0	0	0	0	0	1	0	0
HDL	6	134	0	2	0	0	0	0	0	0	0	2	0	0
HDL	6	137	1	1	1	1	1	0	0	0	0	0	0	0
HDL	6	140	0	1	0	0	0	0	0	0	0	1	0	0
HDL	6	146	1	0	0	0	0	0	0	0	0	0	0	0
HDL	6	160	3	3	2	2	0	1	0	0	0	2	0	0
HDL	6	161	0	1	0	0	0	0	0	0	0	0	0	0
HDL	6	164	0	0	0	0	0	0	0	0	0	0	0	0
HDL	6	167	0	0	0	0	0	0	0	0	0	0	0	0
HDL	6	168	0	0	0	0	0	0	0	0	0	0	0	0
HDL	6	169	5	4	2	2	0	1	0	0	0	2	0	0
HDL	6	173	0	1	0	0	0	0	0	0	0	0	0	0
HDL	6	175	2	2	2	2	0	0	0	0	0	1	0	0
HDL	6	179	0	1	0	0	0	0	0	0	0	0	0	0
HDL	6	182	0	1	0	0	0	0	0	0	0	1	0	0
HDL	6	183	1	1	0	0	0	0	0	0	0	1	0	0
HDL	7	1	0	0	0	0	0	0	0	0	0	0	0	0
HDL	7	3	3	4	2	2	0	1	0	0	0	2	0	0
HDL	7	12	2	4	0	0	1	3	0	0	0	1	0	0
HDL	7	13	1	1	1	1	0	0	0	0	0	0	0	0
HDL	7	21	0	1	0	0	0	0	0	0	0	0	0	0
HDL	7	25	0	1	0	0	0	1	0	0	0	1	0	0
HDL	7	26	0	0	0	0	0	0	0	0	0	0	0	0
HDL	7	31	2	1	0	0	0	1	0	0	0	0	0	0
HDL	7	32	1	2	1	1	0	0	0	0	0	0	0	0
HDL	7	33	2	2	1	1	0	1	0	0	0	1	0	0
HDL	7	37	0	1	0	0	0	0	0	0	0	1	0	0
HDL	7	39	0	0	0	0	0	0	0	0	0	0	0	0
HDL	7	40	0	0	0	0	0	0	0	0	0	0	0	0
HDL	7	42	2	3	2	2	0	2	0	0	0	2	0	0
HDL	7	43	0	0	0	0	0	0	0	0	0	0	0	0
HDL	7	44	0	1	0	0	0	1	0	0	0	1	0	0
HDL	7	45	1	1	1	1	0	0	0	0	0	0	0	0
HDL	7	46	0	0	0	0	0	0	0	0	0	0	0	0
HDL	7	48	1	1	0	0	0	1	0	0	0	1	0	0
HDL	7	49	1	1	0	0	0	1	0	0	0	1	0	0
HDL	7	51	0	0	0	0	0	0	0	0	0	0	0	0
HDL	7	53	0	0	0	0	0	0	0	0	0	0	0	0
HDL	7	58	2	3	1	1	0	1	0	0	0	2	0	0
HDL	7	62	1	1	0	0	1	1	0	0	0	1	0	0
HDL	7	64	1	1	0	0	0	0	0	0	0	0	0	0
HDL	7	67	1	1	1	1	0	0	0	0	1	1	1	1
HDL	7	69	0	1	0	0	0	0	0	0	0	0	0	0
HDL	7	72	0	0	0	0	0	0	0	0	0	0	0	0
HDL	7	73	1	1	1	1	0	1	0	0	0	1	0	0
HDL	7	74	2	1	0	0	0	0	0	0	1	1	0	0
HDL	7	82	0	0	0	0	0	0	0	0	0	1	0	0
HDL	7	85	1	2	1	1	0	1	0	0	0	2	0	0
HDL	7	86	0	1	0	0	0	0	0	0	0	1	0	0
HDL	7	87	1	1	1	1	0	0	0	0	1	0	0	0
HDL	7	88	1	0	0	0	0	0	0	0	0	0	0	0
HDL	7	89	0	0	0	0	0	0	0	0	0	0	0	0
HDL	7	90	0	0	0	0	0	0	0	0	0	0	0	0
HDL	7	92	0	1	0	0	0	0	0	0	0	0	0	0
HDL	7	93	1	2	1	1	0	3	0	0	0	3	0	0
HDL	7	94	0	0	0	0	0	2	0	0	0	0	0	0
HDL	7	95	0	0	0	0	0	0	0	0	0	0	0	0
HDL	7	99	0	0	0	0	0	0	0	0	0	0	0	0
HDL	7	101	0	1	0	0	0	0	0	0	0	0	0	0
HDL	7	107	1	1	0	0	0	1	0	0	0	0	0	0
HDL	7	111	1	3	0	0	0	1	0	0	0	0	0	0
HDL	7	113	1	1	1	1	0	0	0	0	0	0	0	0
HDL	7	114	0	0	0	0	0	0	0	0	0	0	0	0
HDL	7	119	2	2	2	2	0	0	0	0	0	1	0	0
HDL	7	121	0	1	0	0	0	1	0	0	0	1	0	0
HDL	7	127	0	1	0	0	0	0	0	0	0	0	0	0
HDL	7	128	0	1	0	0	0	0	0	0	0	1	0	0
HDL	7	131	0	1	0	0	0	0	0	0	0	0	0	0
HDL	7	132	0	0	0	0	0	0	0	0	0	0	0	0
HDL	7	133	2	4	2	2	0	4	0	0	0	2	0	0
HDL	7	134	0	1	0	0	0	0	0	0	0	1	0	0
HDL	7	139	1	2	1	1	0	0	0	0	0	0	0	0
HDL	7	141	1	0	0	0	0	0	0	0	1	0	0	0
HDL	7	143	0	1	0	0	0	0	0	0	0	0	0	0
HDL	7	145	1	1	1	1	0	0	0	0	0	0	0	0
HDL	7	146	0	0	0	0	0	0	0	0	0	0	0	0
HDL	7	147	0	0	0	0	0	0	0	0	0	0	0	0
HDL	7	160	0	1	0	0	0	0	0	0	0	0	0	0
HDL	7	161	0	0	0	0	0	0	0	0	0	0	0	0
HDL	7	162	3	4	1	1	0	0	0	0	0	2	0	0
HDL	7	164	1	1	1	1	0	0	0	0	0	0	0	0
HDL	7	184	0	0	0	0	0	0	0	0	0	0	0	0
HDL	7	187	0	0	0	0	0	0	0	0	0	0	0	0
HDL	8	13	1	0	0	0	0	0	0	0	0	0	0	0
HDL	8	17	1	1	1	1	0	1	0	0	0	1	0	0
HDL	8	20	0	0	0	0	0	0	0	0	0	0	0	0
HDL	8	21	0	1	0	0	0	0	0	0	0	0	0	0
HDL	8	22	0	0	0	0	0	0	0	0	0	0	0	0
HDL	8	23	0	0	0	0	0	0	0	0	0	0	0	0
HDL	8	24	0	0	0	0	0	0	0	0	0	0	0	0
HDL	8	27	0	0	0	0	0	0	0	0	0	0	0	0
HDL	8	29	1	1	1	1	0	0	0	0	0	0	0	0
HDL	8	30	0	0	0	0	0	0	0	0	0	0	0	0
HDL	8	31	0	0	0	0	0	0	0	0	0	0	0	0
HDL	8	32	9	18	4	4	3	13	2	2	3	11	0	0
HDL	8	33	2	3	2	2	0	1	0	0	1	0	0	0
HDL	8	34	0	0	0	0	0	0	0	0	0	0	0	0
HDL	8	35	1	0	0	0	0	0	0	0	0	0	0	0
HDL	8	36	0	2	0	0	0	1	0	0	0	0	0	0
HDL	8	37	0	1	0	0	0	0	0	0	0	0	0	0
HDL	8	39	0	1	0	0	0	0	0	0	0	0	0	0
HDL	8	40	0	1	0	0	0	0	0	0	0	0	0	0
HDL	8	42	1	1	0	0	0	1	0	0	0	0	0	0
HDL	8	46	0	0	0	0	0	0	0	0	0	0	0	0
HDL	8	48	0	1	0	0	0	0	0	0	0	0	0	0
HDL	8	51	0	1	0	0	0	0	0	0	0	0	0	0
HDL	8	53	0	1	0	0	0	1	0	0	0	1	0	0
HDL	8	55	1	1	1	1	0	0	0	0	0	1	0	0
HDL	8	69	0	1	0	0	0	0	0	0	0	0	0	0
HDL	8	70	0	0	0	0	0	0	0	0	0	0	0	0
HDL	8	71	2	1	1	1	0	0	0	0	0	1	0	0
HDL	8	77	2	1	0	0	1	1	0	0	0	1	0	0
HDL	8	78	0	2	0	0	0	0	0	0	0	1	0	0
HDL	8	80	1	0	0	0	0	0	0	0	0	0	0	0
HDL	8	81	1	1	1	1	0	0	0	0	0	0	0	0
HDL	8	84	0	0	0	0	0	0	0	0	0	0	0	0
HDL	8	88	2	1	0	0	1	0	0	0	0	0	0	0
HDL	8	93	1	0	0	0	0	0	0	0	0	0	0	0
HDL	8	94	0	1	0	0	0	0	0	0	0	0	0	0
HDL	8	107	1	1	1	1	0	0	0	0	0	0	0	0
HDL	8	108	1	2	1	1	0	0	0	0	0	0	0	0
HDL	8	109	1	2	1	1	0	0	0	0	0	0	0	0
HDL	8	110	0	0	0	0	0	0	0	0	0	0	0	0
HDL	8	112	0	0	0	0	0	0	0	0	0	0	0	0
HDL	8	113	2	3	2	2	0	2	0	0	0	3	0	0
HDL	8	115	0	0	0	0	0	0	0	0	0	0	0	0
HDL	8	118	1	2	0	0	0	1	0	0	0	1	0	0
HDL	8	119	0	1	0	0	0	0	0	0	0	1	0	0
HDL	8	124	0	0	0	0	0	0	0	0	0	0	0	0
HDL	8	125	3	6	3	3	0	4	0	0	1	5	1	1
HDL	8	127	0	0	0	0	0	0	0	0	0	0	0	0
HDL	8	130	0	0	0	0	0	1	0	0	0	1	0	0
HDL	8	159	3	2	0	0	0	2	0	0	0	1	0	0
HDL	8	160	0	2	0	0	0	0	0	0	0	0	0	0
HDL	9	1	2	1	1	1	1	1	0	0	2	1	1	1
HDL	9	4	1	0	0	0	0	0	0	0	0	0	0	0
HDL	9	9	0	1	0	0	0	0	0	0	0	0	0	0
HDL	9	12	0	0	0	0	0	0	0	0	0	0	0	0
HDL	9	27	1	3	1	1	0	0	0	0	0	0	0	0
HDL	9	31	3	3	2	2	0	2	0	0	0	2	0	0
HDL	9	33	0	1	0	0	0	0	0	0	0	0	0	0
HDL	9	36	1	1	1	1	0	0	0	0	0	0	0	0
HDL	9	40	1	0	0	0	0	0	0	0	0	0	0	0
HDL	9	48	1	1	1	1	0	1	0	0	0	0	0	0
HDL	9	49	0	0	0	0	0	0	0	0	0	0	0	0
HDL	9	50	0	1	0	0	0	0	0	0	0	0	0	0
HDL	9	51	0	1	0	0	0	1	0	0	0	1	0	0
HDL	9	53	1	0	0	0	0	0	0	0	0	0	0	0
HDL	9	56	0	0	0	0	0	0	0	0	0	0	0	0
HDL	9	63	0	0	0	0	0	0	0	0	0	0	0	0
HDL	9	78	0	1	0	0	0	0	0	0	0	1	0	0
HDL	9	84	0	1	0	0	0	0	0	0	0	0	0	0
HDL	9	85	0	0	0	0	0	0	0	0	0	0	0	0
HDL	9	88	0	1	0	0	0	0	0	0	0	0	0	0
HDL	9	91	0	0	0	0	0	0	0	0	0	0	0	0
HDL	9	92	0	0	0	0	0	1	0	0	0	0	0	0
HDL	9	93	1	0	0	0	0	0	0	0	1	0	0	0
HDL	9	97	1	1	1	1	0	0	0	0	0	0	0	0
HDL	9	98	1	1	1	1	0	0	0	0	0	0	0	0
HDL	9	100	0	0	0	0	0	0	0	0	0	0	0	0
HDL	9	102	1	1	1	1	0	0	0	0	0	0	0	0
HDL	9	103	0	0	0	0	0	0	0	0	0	0	0	0
HDL	9	104	0	0	0	0	0	0	0	0	0	0	0	0
HDL	9	105	0	0	0	0	0	0	0	0	0	0	0	0
HDL	9	106	2	1	1	1	0	1	0	0	0	0	0	0
HDL	9	107	0	0	0	0	0	0	0	0	0	0	0	0
HDL	9	109	0	0	0	0	0	0	0	0	0	0	0	0
HDL	9	110	4	7	4	4	1	5	1	1	2	3	2	2
HDL	9	111	6	4	3	3	0	3	0	0	2	3	1	1
HDL	9	112	5	8	1	1	0	5	0	0	0	5	0	0
HDL	9	113	0	1	0	0	0	1	0	0	0	1	0	0
HDL	9	114	0	1	0	0	0	0	0	0	0	0	0	0
HDL	9	115	0	0	0	0	0	0	0	0	0	0	0	0
HDL	9	116	1	1	0	0	0	1	0	0	0	0	0	0
HDL	9	118	1	2	1	1	0	0	0	0	0	1	0	0
HDL	9	124	2	2	2	2	0	0	0	0	0	0	0	0
HDL	9	129	0	1	0	0	0	0	0	0	0	0	0	0
HDL	9	130	0	0	0	0	0	0	0	0	0	0	0	0
HDL	9	134	0	2	0	0	0	0	0	0	0	1	0	0
HDL	9	136	1	1	1	1	0	0	0	0	0	0	0	0
HDL	9	138	2	2	2	2	0	0	0	0	0	0	0	0
HDL	9	140	1	1	1	1	0	0	0	0	0	0	0	0
HDL	9	141	0	0	0	0	0	0	0	0	0	0	0	0
HDL	9	144	0	0	0	0	0	0	0	0	0	0	0	0
HDL	9	148	1	1	0	0	0	0	0	0	0	0	0	0
HDL	9	149	1	1	1	1	1	0	0	0	0	1	0	0
HDL	9	152	1	1	1	1	0	0	0	0	1	0	0	0
HDL	9	153	0	1	0	0	0	1	0	0	0	1	0	0
HDL	9	154	0	1	0	0	0	0	0	0	0	1	0	0
HDL	9	156	0	0	0	0	0	0	0	0	0	0	0	0
HDL	9	162	2	1	1	1	0	1	0	0	0	0	0	0
HDL	10	1	0	1	0	0	0	0	0	0	0	0	0	0
HDL	10	9	0	1	0	0	0	0	0	0	0	1	0	0
HDL	10	11	0	1	0	0	0	0	0	0	0	0	0	0
HDL	10	13	0	1	0	0	0	0	0	0	0	1	0	0
HDL	10	14	1	0	0	0	0	0	0	0	0	0	0	0
HDL	10	20	0	0	0	0	0	0	0	0	0	0	0	0
HDL	10	22	0	0	0	0	0	0	0	0	0	0	0	0
HDL	10	23	1	1	0	0	0	0	0	0	0	0	0	0
HDL	10	33	1	2	1	1	0	1	0	0	0	1	0	0
HDL	10	40	0	1	0	0	0	0	0	0	0	0	0	0
HDL	10	43	1	1	1	1	0	0	0	0	0	0	0	0
HDL	10	46	0	1	0	0	0	0	0	0	0	0	0	0
HDL	10	48	1	0	0	0	0	0	0	0	0	0	0	0
HDL	10	49	0	0	0	0	0	0	0	0	0	0	0	0
HDL	10	52	0	0	0	0	0	0	0	0	0	0	0	0
HDL	10	54	0	1	0	0	0	0	0	0	0	0	0	0
HDL	10	60	3	4	2	2	0	0	0	0	0	1	0	0
HDL	10	61	1	1	1	1	0	1	0	0	1	1	1	1
HDL	10	64	1	1	1	1	0	0	0	0	0	0	0	0
HDL	10	67	1	2	1	1	0	1	0	0	0	2	0	0
HDL	10	68	0	0	0	0	0	0	0	0	0	0	0	0
HDL	10	70	0	1	0	0	0	0	0	0	0	0	0	0
HDL	10	79	1	1	1	1	0	0	0	0	0	1	0	0
HDL	10	80	0	1	0	0	0	1	0	0	0	1	0	0
HDL	10	81	1	1	1	1	0	0	0	0	0	1	0	0
HDL	10	83	0	1	0	0	0	0	0	0	0	0	0	0
HDL	10	85	1	0	0	0	0	0	0	0	0	0	0	0
HDL	10	87	0	1	0	0	0	0	0	0	0	0	0	0
HDL	10	92	3	5	3	3	1	1	1	1	0	1	0	0
HDL	10	93	1	1	0	0	0	0	0	0	0	0	0	0
HDL	10	100	2	3	2	2	0	1	0	0	0	1	0	0
HDL	10	101	0	1	0	0	0	0	0	0	0	0	0	0
HDL	10	109	1	1	0	0	0	0	0	0	0	0	0	0
HDL	10	113	0	0	0	0	0	0	0	0	0	0	0	0
HDL	10	117	2	4	2	2	1	1	0	0	1	3	1	1
HDL	10	124	1	1	1	1	0	0	0	0	0	0	0	0
HDL	10	126	1	1	1	1	0	1	0	0	0	0	0	0
HDL	10	127	0	1	0	0	0	0	0	0	0	0	0	0
HDL	10	128	1	1	1	1	0	0	0	0	0	0	0	0
HDL	10	129	1	0	0	0	1	0	0	0	0	0	0	0
HDL	10	130	0	0	0	0	0	0	0	0	0	0	0	0
HDL	10	137	1	1	1	1	0	0	0	0	1	1	1	1
HDL	10	138	2	4	2	2	0	0	0	0	0	3	0	0
HDL	10	140	2	3	1	1	0	1	0	0	1	0	0	0
HDL	10	141	0	0	0	0	0	0	0	0	0	0	0	0
HDL	10	142	2	3	2	2	0	1	0	0	1	1	1	1
HDL	10	143	0	1	0	0	0	1	0	0	0	0	0	0
HDL	10	144	0	1	0	0	0	0	0	0	0	0	0	0
HDL	10	145	2	1	0	0	0	0	0	0	0	1	0	0
HDL	10	150	1	1	0	0	0	0	0	0	0	1	0	0
HDL	10	152	5	3	2	2	0	0	0	0	1	2	1	1
HDL	10	153	1	0	0	0	0	0	0	0	0	0	0	0
HDL	10	154	0	0	0	0	0	0	0	0	0	0	0	0
HDL	10	157	2	2	2	2	0	0	0	0	1	1	1	1
HDL	10	162	1	1	0	0	1	0	0	0	0	0	0	0
HDL	10	167	0	1	0	0	0	0	0	0	0	0	0	0
HDL	11	2	1	1	0	0	0	0	0	0	1	0	0	0
HDL	11	4	0	0	0	0	0	0	0	0	0	0	0	0
HDL	11	6	1	1	0	0	0	0	0	0	0	0	0	0
HDL	11	7	2	2	2	2	0	1	0	0	0	0	0	0
HDL	11	11	0	1	0	0	0	1	0	0	0	1	0	0
HDL	11	18	1	1	1	1	0	0	0	0	0	1	0	0
HDL	11	19	0	1	0	0	0	0	0	0	0	0	0	0
HDL	11	26	0	1	0	0	0	0	0	0	0	0	0	0
HDL	11	27	0	1	0	0	0	0	0	0	0	0	0	0
HDL	11	28	2	3	2	2	0	1	0	0	0	1	0	0
HDL	11	29	0	0	0	0	0	0	0	0	0	0	0	0
HDL	11	30	0	0	0	0	0	0	0	0	0	0	0	0
HDL	11	33	0	1	0	0	0	0	0	0	0	1	0	0
HDL	11	51	0	0	0	0	0	0	0	0	0	0	0	0
HDL	11	52	1	1	0	0	0	0	0	0	0	0	0	0
HDL	11	53	0	1	0	0	0	0	0	0	0	1	0	0
HDL	11	54	1	0	0	0	0	0	0	0	0	0	0	0
HDL	11	57	0	1	0	0	0	1	0	0	0	1	0	0
HDL	11	65	0	1	0	0	0	0	0	0	0	0	0	0
HDL	11	70	1	2	1	1	0	0	0	0	0	2	0	0
HDL	11	75	0	0	0	0	0	0	0	0	0	0	0	0
HDL	11	76	4	4	0	0	0	2	0	0	1	3	0	0
HDL	11	77	1	1	1	1	0	0	0	0	0	0	0	0
HDL	11	78	4	3	2	2	0	0	0	0	0	1	0	0
HDL	11	79	4	4	1	1	0	1	0	0	1	2	0	0
HDL	11	80	1	1	1	1	0	0	0	0	0	0	0	0
HDL	11	81	2	2	1	1	0	0	0	0	0	1	0	0
HDL	11	86	3	1	0	0	0	0	0	0	1	0	0	0
HDL	11	88	2	4	2	2	0	2	0	0	0	2	0	0
HDL	11	89	0	1	0	0	0	0	0	0	0	1	0	0
HDL	11	90	0	1	0	0	0	0	0	0	0	0	0	0
HDL	11	100	0	0	0	0	0	0	0	0	0	0	0	0
HDL	11	107	1	1	0	0	0	0	0	0	0	0	0	0
HDL	11	108	2	0	0	0	0	0	0	0	1	0	0	0
HDL	11	109	0	0	0	0	0	0	0	0	0	0	0	0
HDL	11	115	0	1	0	0	0	0	0	0	0	0	0	0
HDL	11	117	1	1	0	0	0	0	0	0	0	0	0	0
HDL	11	121	1	1	1	1	0	1	0	0	0	1	0	0
HDL	11	123	2	1	0	0	1	0	0	0	0	1	0	0
HDL	11	126	1	0	0	0	1	0	0	0	0	0	0	0
HDL	11	128	0	2	0	0	0	1	0	0	0	2	0	0
HDL	11	129	11	15	3	3	2	11	0	0	2	19	1	1
HDL	11	130	3	2	2	2	1	0	0	0	0	3	0	0
HDL	11	131	0	0	0	0	0	0	0	0	0	0	0	0
HDL	11	132	1	0	0	0	0	0	0	0	0	0	0	0
HDL	11	133	5	3	2	2	0	2	0	0	0	3	0	0
HDL	11	134	1	1	1	1	0	0	0	0	0	0	0	0
HDL	11	138	0	0	0	0	0	0	0	0	0	0	0	0
HDL	11	140	0	1	0	0	0	1	0	0	0	0	0	0
HDL	11	141	0	0	0	0	0	0	0	0	0	0	0	0
HDL	11	142	1	2	1	1	0	1	0	0	0	1	0	0
HDL	11	147	2	2	2	2	0	1	0	0	0	2	0	0
HDL	11	148	1	0	0	0	0	0	0	0	0	0	0	0
HDL	11	149	0	0	0	0	0	0	0	0	0	0	0	0
HDL	12	4	0	1	0	0	0	0	0	0	0	0	0	0
HDL	12	8	1	0	0	0	0	0	0	0	0	0	0	0
HDL	12	9	0	0	0	0	0	0	0	0	0	0	0	0
HDL	12	12	0	1	0	0	0	1	0	0	0	0	0	0
HDL	12	17	2	1	1	1	1	1	1	1	0	1	0	0
HDL	12	18	2	3	1	1	0	1	0	0	0	2	0	0
HDL	12	23	2	3	1	1	0	1	0	0	0	3	0	0
HDL	12	24	0	0	0	0	0	0	0	0	0	0	0	0
HDL	12	25	0	0	0	0	0	0	0	0	0	0	0	0
HDL	12	31	0	1	0	0	0	0	0	0	0	1	0	0
HDL	12	32	0	0	0	0	0	0	0	0	0	0	0	0
HDL	12	34	0	0	0	0	0	0	0	0	0	0	0	0
HDL	12	35	1	2	0	0	0	1	0	0	0	0	0	0
HDL	12	36	0	0	0	0	0	0	0	0	0	0	0	0
HDL	12	38	0	0	0	0	0	0	0	0	0	0	0	0
HDL	12	40	1	2	1	1	0	1	0	0	1	1	1	1
HDL	12	41	2	2	2	2	0	1	0	0	0	2	0	0
HDL	12	42	0	0	0	0	0	1	0	0	0	1	0	0
HDL	12	45	1	1	0	0	0	0	0	0	0	0	0	0
HDL	12	48	1	1	1	1	0	1	0	0	0	1	0	0
HDL	12	49	1	0	0	0	0	0	0	0	0	0	0	0
HDL	12	53	0	0	0	0	0	0	0	0	0	0	0	0
HDL	12	59	0	0	0	0	0	0	0	0	0	0	0	0
HDL	12	60	0	0	0	0	0	0	0	0	0	0	0	0
HDL	12	61	0	0	0	0	0	0	0	0	0	0	0	0
HDL	12	62	3	3	0	0	0	1	0	0	1	1	0	0
HDL	12	63	1	2	1	1	0	1	0	0	0	1	0	0
HDL	12	66	0	1	0	0	0	0	0	0	0	1	0	0
HDL	12	67	1	2	1	1	0	0	0	0	0	1	0	0
HDL	12	68	0	1	0	0	0	1	0	0	0	0	0	0
HDL	12	69	0	1	0	0	0	0	0	0	0	0	0	0
HDL	12	70	1	1	1	1	0	0	0	0	0	1	0	0
HDL	12	71	4	4	3	3	1	2	0	0	1	3	0	0
HDL	12	72	0	0	0	0	0	0	0	0	0	0	0	0
HDL	12	73	0	1	0	0	0	0	0	0	0	1	0	0
HDL	12	77	2	1	1	1	0	0	0	0	1	1	1	1
HDL	12	80	1	1	1	1	0	0	0	0	0	0	0	0
HDL	12	81	1	1	1	1	0	0	0	0	0	0	0	0
HDL	12	82	0	0	0	0	0	0	0	0	0	0	0	0
HDL	12	94	0	0	0	0	0	0	0	0	0	0	0	0
HDL	12	96	0	0	0	0	0	0	0	0	0	0	0	0
HDL	12	97	0	0	0	0	0	0	0	0	0	0	0	0
HDL	12	100	1	1	1	1	0	0	0	0	0	0	0	0
HDL	12	103	0	1	0	0	0	0	0	0	0	0	0	0
HDL	12	108	0	0	0	0	0	0	0	0	0	0	0	0
HDL	12	110	0	0	0	0	0	0	0	0	0	0	0	0
HDL	12	112	1	2	0	0	1	1	0	0	1	1	0	0
HDL	12	119	1	0	0	0	0	0	0	0	0	0	0	0
HDL	12	120	0	1	0	0	0	0	0	0	0	0	0	0
HDL	12	121	1	2	1	1	0	1	0	0	0	2	0	0
HDL	12	122	3	4	0	0	0	0	0	0	0	2	0	0
HDL	12	123	0	0	0	0	0	1	0	0	0	1	0	0
HDL	12	125	1	2	1	1	0	0	0	0	0	0	0	0
HDL	12	129	0	1	0	0	0	0	0	0	0	0	0	0
HDL	12	132	2	1	1	1	0	0	0	0	0	0	0	0
HDL	12	138	1	1	1	1	0	1	0	0	0	0	0	0
HDL	12	139	7	8	5	5	0	4	0	0	1	3	0	0
HDL	12	140	12	9	4	4	2	4	0	0	0	6	0	0
HDL	12	141	9	4	2	2	2	4	0	0	1	3	1	1
HDL	12	154	0	0	0	0	0	0	0	0	0	0	0	0
HDL	12	156	0	0	0	0	0	0	0	0	0	0	0	0
HDL	12	163	0	0	0	0	0	0	0	0	0	0	0	0
HDL	13	1	0	0	0	0	0	0	0	0	0	0	0	0
HDL	13	8	1	1	1	1	0	1	0	0	0	0	0	0
HDL	13	16	0	1	0	0	0	0	0	0	0	0	0	0
HDL	13	18	1	1	1	1	0	1	0	0	0	1	0	0
HDL	13	20	0	0	0	0	0	0	0	0	0	0	0	0
HDL	13	21	0	0	0	0	0	0	0	0	0	0	0	0
HDL	13	23	0	1	0	0	0	0	0	0	0	0	0	0
HDL	13	25	0	1	0	0	0	0	0	0	0	1	0	0
HDL	13	38	0	1	0	0	0	0	0	0	0	0	0	0
HDL	13	40	0	1	0	0	0	1	0	0	0	1	0	0
HDL	13	45	0	1	0	0	0	0	0	0	0	0	0	0
HDL	13	47	0	1	0	0	0	0	0	0	0	0	0	0
HDL	13	50	2	2	2	2	0	1	0	0	0	0	0	0
HDL	13	52	0	1	0	0	0	1	0	0	0	0	0	0
HDL	13	54	0	2	0	0	0	0	0	0	0	0	0	0
HDL	13	55	1	1	1	1	0	0	0	0	0	0	0	0
HDL	13	57	0	0	0	0	0	0	0	0	0	0	0	0
HDL	13	58	0	1	0	0	0	0	0	0	0	0	0	0
HDL	13	60	0	0	0	0	0	0	0	0	0	0	0	0
HDL	13	61	1	0	0	0	0	0	0	0	0	0	0	0
HDL	13	70	0	0	0	0	0	0	0	0	0	0	0	0
HDL	13	72	0	0	0	0	0	0	0	0	0	0	0	0
HDL	13	73	1	0	0	0	0	0	0	0	0	0	0	0
HDL	13	80	0	1	0	0	0	0	0	0	0	0	0	0
HDL	13	82	0	1	0	0	0	0	0	0	0	0	0	0
HDL	13	88	1	1	1	1	0	0	0	0	0	0	0	0
HDL	13	94	0	0	0	0	0	0	0	0	0	0	0	0
HDL	13	96	0	0	0	0	0	0	0	0	0	0	0	0
HDL	13	111	0	0	0	0	0	0	0	0	0	0	0	0
HDL	13	119	1	1	1	1	0	0	0	0	0	0	0	0
HDL	13	124	1	1	1	1	0	0	0	0	0	0	0	0
HDL	13	125	0	1	0	0	0	0	0	0	0	0	0	0
HDL	14	1	1	1	1	1	0	0	0	0	0	0	0	0
HDL	14	6	1	0	0	0	0	0	0	0	0	0	0	0
HDL	14	14	1	1	1	1	0	0	0	0	0	0	0	0
HDL	14	19	0	2	0	0	0	0	0	0	0	0	0	0
HDL	14	24	2	2	1	1	0	0	0	0	0	1	0	0
HDL	14	31	0	0	0	0	0	0	0	0	0	0	0	0
HDL	14	35	0	0	0	0	0	0	0	0	0	0	0	0
HDL	14	46	1	1	0	0	0	0	0	0	0	1	0	0
HDL	14	47	0	1	0	0	0	0	0	0	0	0	0	0
HDL	14	49	0	1	0	0	0	0	0	0	0	0	0	0
HDL	14	64	0	1	0	0	0	0	0	0	0	1	0	0
HDL	14	67	2	2	2	2	0	0	0	0	0	1	0	0
HDL	14	68	0	1	0	0	0	0	0	0	0	1	0	0
HDL	14	70	0	0	0	0	0	0	0	0	0	0	0	0
HDL	14	72	1	2	1	1	0	0	0	0	0	1	0	0
HDL	14	73	1	3	1	1	0	1	0	0	0	2	0	0
HDL	14	80	0	1	0	0	0	0	0	0	0	0	0	0
HDL	14	81	0	0	0	0	0	0	0	0	0	0	0	0
HDL	14	84	1	2	1	1	0	0	0	0	0	0	0	0
HDL	14	86	1	2	0	0	0	0	0	0	0	1	0	0
HDL	14	93	1	0	0	0	0	0	0	0	0	0	0	0
HDL	14	95	1	2	1	1	0	0	0	0	0	1	0	0
HDL	14	97	0	1	0	0	0	0	0	0	0	0	0	0
HDL	14	100	1	1	0	0	0	0	0	0	0	1	0	0
HDL	14	103	2	0	0	0	1	0	0	0	0	0	0	0
HDL	14	117	1	0	0	0	0	0	0	0	1	0	0	0
HDL	14	121	1	2	1	1	0	0	0	0	0	2	0	0
HDL	14	122	0	1	0	0	0	0	0	0	0	0	0	0
HDL	14	126	1	2	1	1	0	0	0	0	0	2	0	0
HDL	14	128	0	0	0	0	0	0	0	0	0	0	0	0
HDL	14	129	3	5	3	3	0	3	0	0	0	3	0	0
HDL	15	4	1	1	1	1	0	1	0	0	0	0	0	0
HDL	15	10	0	0	0	0	0	0	0	0	0	0	0	0
HDL	15	22	1	1	1	1	0	0	0	0	0	0	0	0
HDL	15	27	0	0	0	0	0	0	0	0	0	0	0	0
HDL	15	28	1	1	1	1	0	0	0	0	0	0	0	0
HDL	15	29	0	1	0	0	0	0	0	0	0	0	0	0
HDL	15	31	0	1	0	0	0	0	0	0	0	0	0	0
HDL	15	34	0	1	0	0	0	0	0	0	0	0	0	0
HDL	15	35	0	0	0	0	0	0	0	0	0	0	0	0
HDL	15	37	3	2	1	1	0	0	0	0	0	1	0	0
HDL	15	38	2	3	2	2	0	0	0	0	0	1	0	0
HDL	15	39	0	0	0	0	0	0	0	0	0	0	0	0
HDL	15	40	2	1	1	1	0	0	0	0	0	1	0	0
HDL	15	41	0	0	0	0	0	0	0	0	0	0	0	0
HDL	15	45	0	1	0	0	0	0	0	0	0	1	0	0
HDL	15	46	0	0	0	0	0	0	0	0	0	0	0	0
HDL	15	48	0	0	0	0	0	0	0	0	0	0	0	0
HDL	15	50	0	2	0	0	0	0	0	0	0	0	0	0
HDL	15	51	0	1	0	0	0	0	0	0	0	1	0	0
HDL	15	52	8	14	4	4	3	11	1	1	2	11	0	0
HDL	15	53	6	9	2	2	3	6	1	1	1	9	1	1
HDL	15	54	3	5	2	2	0	2	0	0	1	3	1	1
HDL	15	55	0	1	0	0	0	0	0	0	0	0	0	0
HDL	15	56	0	0	0	0	0	0	0	0	0	0	0	0
HDL	15	59	0	2	0	0	0	0	0	0	0	2	0	0
HDL	15	62	3	3	1	2	0	1	0	0	0	0	0	0
HDL	15	64	0	0	0	0	0	0	0	0	0	0	0	0
HDL	15	66	2	1	1	1	0	0	0	0	0	0	0	0
HDL	15	70	0	1	0	0	0	1	0	0	0	1	0	0
HDL	15	71	1	1	1	1	0	1	0	0	0	0	0	0
HDL	15	73	1	1	1	1	0	0	0	0	0	0	0	0
HDL	15	76	0	0	0	0	0	0	0	0	0	0	0	0
HDL	15	79	0	0	0	0	0	0	0	0	0	0	0	0
HDL	15	86	1	1	1	1	0	0	0	0	0	0	0	0
HDL	15	88	0	0	0	0	0	0	0	0	0	0	0	0
HDL	15	90	0	0	0	0	0	0	0	0	0	0	0	0
HDL	15	98	0	0	0	0	0	0	0	0	0	0	0	0
HDL	15	102	1	1	0	0	1	0	0	0	0	1	0	0
HDL	15	108	1	0	0	0	0	0	0	0	0	0	0	0
HDL	15	111	1	1	1	1	0	0	0	0	0	1	0	0
HDL	15	117	1	1	1	1	0	0	0	0	0	0	0	0
HDL	15	118	0	1	0	0	0	1	0	0	0	1	0	0
HDL	16	2	1	1	0	0	0	0	0	0	0	0	0	0
HDL	16	4	0	0	0	0	0	0	0	0	0	0	0	0
HDL	16	5	0	0	0	0	0	0	0	0	0	0	0	0
HDL	16	7	0	2	0	0	0	0	0	0	0	1	0	0
HDL	16	9	1	1	0	0	0	0	0	0	0	1	0	0
HDL	16	10	0	0	0	0	0	0	0	0	0	0	0	0
HDL	16	30	0	1	0	0	0	1	0	0	0	0	0	0
HDL	16	31	1	2	1	1	0	0	0	0	0	1	0	0
HDL	16	33	1	1	0	0	0	0	0	0	0	0	0	0
HDL	16	37	3	2	2	2	0	1	0	0	2	1	1	1
HDL	16	41	0	1	0	0	0	0	0	0	0	0	0	0
HDL	16	42	0	1	0	0	0	0	0	0	0	1	0	0
HDL	16	43	0	0	0	0	0	0	0	0	0	0	0	0
HDL	16	47	1	1	0	0	0	0	0	0	0	0	0	0
HDL	16	49	1	1	1	1	0	0	0	0	0	0	0	0
HDL	16	52	0	0	0	0	0	0	0	0	0	0	0	0
HDL	16	57	1	1	1	1	0	0	0	0	0	1	0	0
HDL	16	58	1	1	1	1	0	0	0	0	0	0	0	0
HDL	16	59	4	3	2	2	0	0	0	0	1	1	0	0
HDL	16	62	0	1	0	0	0	0	0	0	0	1	0	0
HDL	16	65	1	0	0	0	0	0	0	0	0	0	0	0
HDL	16	67	0	0	0	0	0	0	0	0	0	0	0	0
HDL	16	68	3	3	2	2	1	2	1	1	0	2	0	0
HDL	16	69	0	0	0	0	0	0	0	0	0	0	0	0
HDL	16	73	0	0	0	0	0	0	0	0	0	0	0	0
HDL	16	74	0	1	0	0	0	0	0	0	0	0	0	0
HDL	16	75	14	8	5	5	2	6	2	2	4	7	2	2
HDL	16	76	12	14	5	5	2	7	1	1	2	6	0	0
HDL	16	77	1	0	0	0	0	0	0	0	0	0	0	0
HDL	16	79	0	1	0	0	0	0	0	0	0	0	0	0
HDL	16	86	0	0	0	0	0	0	0	0	0	0	0	0
HDL	16	87	0	1	0	0	0	1	0	0	0	2	0	0
HDL	16	88	2	3	1	1	1	3	0	0	0	4	0	0
HDL	16	89	3	3	2	2	0	1	0	0	0	1	0	0
HDL	16	91	1	1	0	0	0	0	0	0	0	0	0	0
HDL	16	93	1	3	1	1	0	0	0	0	0	1	0	0
HDL	16	94	0	0	0	0	0	0	0	0	0	1	0	0
HDL	16	103	1	0	0	0	0	0	0	0	0	0	0	0
HDL	16	104	2	4	2	2	0	1	0	0	0	2	0	0
HDL	16	105	0	1	0	0	0	0	0	0	0	1	0	0
HDL	16	106	0	0	0	0	0	0	0	0	0	0	0	0
HDL	16	107	0	0	0	0	0	0	0	0	0	0	0	0
HDL	16	111	0	0	0	0	0	0	0	0	0	0	0	0
HDL	16	114	1	1	1	1	0	1	0	0	0	0	0	0
HDL	16	116	1	2	0	0	0	0	0	0	0	0	0	0
HDL	16	125	1	1	1	1	0	0	0	0	0	0	0	0
HDL	16	126	1	1	1	1	0	0	0	0	0	0	0	0
HDL	16	128	1	0	0	0	0	0	0	0	0	0	0	0
HDL	17	3	1	1	1	1	0	0	0	0	0	0	0	0
HDL	17	7	1	1	1	1	0	0	0	0	0	1	0	0
HDL	17	9	0	0	0	0	0	0	0	0	0	1	0	0
HDL	17	14	2	1	1	1	0	0	0	0	0	0	0	0
HDL	17	23	0	3	0	0	0	0	0	0	0	0	0	0
HDL	17	24	3	4	0	0	0	1	0	0	0	1	0	0
HDL	17	25	1	1	1	1	0	0	0	0	0	0	0	0
HDL	17	30	1	0	0	0	0	0	0	0	0	0	0	0
HDL	17	49	0	0	0	0	0	0	0	0	0	0	0	0
HDL	17	51	1	3	0	0	0	0	0	0	0	0	0	0
HDL	17	55	2	2	1	1	0	0	0	0	0	1	0	0
HDL	17	66	0	1	0	0	0	0	0	0	0	0	0	0
HDL	17	68	0	0	0	0	0	0	0	0	0	0	0	0
HDL	17	71	1	2	1	1	0	0	0	0	1	1	0	0
HDL	17	72	0	0	0	0	0	0	0	0	0	0	0	0
HDL	17	73	9	12	7	7	1	4	1	1	1	3	1	1
HDL	17	74	2	3	2	2	0	0	0	0	1	2	0	0
HDL	17	75	2	3	0	0	0	2	0	0	0	2	0	0
HDL	17	76	1	0	0	0	0	0	0	0	0	0	0	0
HDL	17	78	0	1	0	0	0	1	0	0	0	0	0	0
HDL	17	85	2	1	0	0	0	1	0	0	1	0	0	0
HDL	17	87	0	1	0	0	0	0	0	0	0	0	0	0
HDL	17	90	1	1	0	0	0	0	0	0	0	1	0	0
HDL	17	93	0	0	0	0	0	0	0	0	0	0	0	0
HDL	17	94	0	0	0	0	0	0	0	0	0	0	0	0
HDL	17	97	0	0	0	0	0	0	0	0	0	0	0	0
HDL	17	98	1	2	1	1	0	0	0	0	0	0	0	0
HDL	17	99	0	0	0	0	0	0	0	0	0	0	0	0
HDL	17	100	1	1	1	1	0	0	0	0	0	1	0	0
HDL	17	101	1	3	1	1	0	1	0	0	0	1	0	0
HDL	17	102	1	1	0	0	1	0	0	0	0	0	0	0
HDL	17	103	0	1	0	0	0	1	0	0	0	1	0	0
HDL	17	105	1	1	1	1	0	0	0	0	0	1	0	0
HDL	17	108	1	1	1	1	0	0	0	0	0	0	0	0
HDL	17	109	0	1	0	0	0	1	0	0	0	0	0	0
HDL	17	117	0	1	0	0	0	0	0	0	0	0	0	0
HDL	17	118	1	2	0	0	0	1	0	0	0	0	0	0
HDL	17	125	3	3	3	3	0	2	0	0	1	1	1	1
HDL	17	133	2	2	1	1	0	1	0	0	1	2	1	1
HDL	18	1	1	2	1	1	0	0	0	0	0	0	0	0
HDL	18	7	1	0	0	0	0	0	0	0	0	0	0	0
HDL	18	8	0	1	0	0	0	1	0	0	0	1	0	0
HDL	18	27	0	0	0	0	0	0	0	0	0	0	0	0
HDL	18	28	0	0	0	0	0	0	0	0	0	0	0	0
HDL	18	39	1	0	0	0	0	0	0	0	0	0	0	0
HDL	18	41	1	2	1	1	0	0	0	0	0	0	0	0
HDL	18	42	2	2	2	2	0	1	0	0	0	0	0	0
HDL	18	44	0	1	0	0	0	0	0	0	0	0	0	0
HDL	18	46	0	0	0	0	0	0	0	0	0	0	0	0
HDL	18	49	0	1	0	0	0	0	0	0	0	0	0	0
HDL	18	52	0	1	0	0	0	0	0	0	0	0	0	0
HDL	18	53	2	1	1	1	0	0	0	0	1	0	0	0
HDL	18	58	1	1	1	1	0	0	0	0	0	1	0	0
HDL	18	59	0	0	0	0	0	0	0	0	0	0	0	0
HDL	18	60	1	1	0	0	0	0	0	0	0	1	0	0
HDL	18	61	2	1	0	0	0	0	0	0	1	1	0	0
HDL	18	62	0	0	0	0	0	0	0	0	0	0	0	0
HDL	18	65	0	0	0	0	0	0	0	0	0	0	0	0
HDL	18	66	0	0	0	0	0	0	0	0	0	0	0	0
HDL	18	67	0	0	0	0	0	0	0	0	0	0	0	0
HDL	18	68	0	0	0	0	0	0	0	0	0	0	0	0
HDL	18	69	13	12	8	8	4	10	3	3	5	10	2	2
HDL	18	73	2	2	1	1	0	0	0	0	1	2	0	0
HDL	18	74	0	0	0	0	0	0	0	0	0	0	0	0
HDL	18	76	0	0	0	0	0	0	0	0	0	0	0	0
HDL	18	79	1	1	0	0	0	0	0	0	0	0	0	0
HDL	18	80	0	0	0	0	0	0	0	0	0	0	0	0
HDL	18	82	2	3	1	1	1	1	0	0	2	3	1	1
HDL	18	84	0	1	0	0	0	0	0	0	0	0	0	0
HDL	18	86	0	1	0	0	0	0	0	0	0	1	0	0
HDL	19	5	0	0	0	0	0	0	0	0	0	0	0	0
HDL	19	6	0	0	0	0	0	0	0	0	0	0	0	0
HDL	19	10	0	0	0	0	0	0	0	0	0	0	0	0
HDL	19	11	1	0	0	0	0	0	0	0	0	0	0	0
HDL	19	12	0	1	0	0	0	0	0	0	0	1	0	0
HDL	19	16	1	1	1	1	0	0	0	0	0	1	0	0
HDL	19	19	2	2	1	1	0	1	0	0	0	1	0	0
HDL	19	22	2	1	0	0	1	0	0	0	0	0	0	0
HDL	19	25	0	1	0	0	0	0	0	0	0	0	0	0
HDL	19	29	1	1	0	0	0	0	0	0	0	0	0	0
HDL	19	30	2	2	2	2	0	0	0	0	1	1	1	1
HDL	19	32	1	2	1	1	0	1	0	0	0	1	0	0
HDL	19	33	9	8	6	6	1	3	1	1	2	1	0	0
HDL	19	34	0	0	0	0	0	0	0	0	0	0	0	0
HDL	19	37	1	1	1	1	0	0	0	0	0	0	0	0
HDL	19	38	3	6	2	2	1	4	1	1	1	2	1	1
HDL	19	39	0	1	0	0	0	0	0	0	0	0	0	0
HDL	19	47	0	0	0	0	0	0	0	0	0	0	0	0
HDL	19	50	0	2	0	0	0	1	0	0	0	1	0	0
HDL	19	51	1	1	0	0	0	0	0	0	0	0	0	0
HDL	19	52	1	2	0	0	0	0	0	0	0	0	0	0
HDL	19	57	0	0	0	0	0	0	0	0	0	0	0	0
HDL	19	58	0	1	0	0	0	0	0	0	0	1	0	0
HDL	19	61	0	0	0	0	0	0	0	0	0	0	0	0
HDL	19	63	3	4	1	1	0	3	0	0	0	1	0	0
HDL	19	64	0	1	0	0	0	0	0	0	0	0	0	0
HDL	19	67	1	1	0	0	0	0	0	0	0	1	0	0
HDL	19	68	0	0	0	0	0	0	0	0	0	0	0	0
HDL	19	70	0	0	0	0	0	0	0	0	0	0	0	0
HDL	19	71	1	1	0	0	0	0	0	0	0	1	0	0
HDL	19	73	2	1	0	0	0	0	0	0	0	0	0	0
HDL	19	74	1	1	0	0	0	0	0	0	0	0	0	0
HDL	19	75	5	8	4	4	3	6	3	3	0	6	0	0
HDL	19	76	5	4	3	3	0	2	0	0	1	3	1	1
HDL	19	77	3	2	1	1	0	1	0	0	0	2	0	0
HDL	19	79	0	1	0	0	0	0	0	0	0	0	0	0
HDL	19	80	0	0	0	0	0	0	0	0	0	0	0	0
HDL	19	81	0	2	0	0	0	0	0	0	0	1	0	0
HDL	19	89	0	0	0	0	0	0	0	0	0	0	0	0
HDL	19	90	1	3	0	0	0	1	0	0	0	2	0	0
HDL	19	93	0	1	0	0	0	0	0	0	0	1	0	0
HDL	19	94	0	1	0	0	0	1	0	0	0	0	0	0
HDL	19	98	4	3	3	3	1	1	1	1	0	1	0	0
HDL	19	104	2	1	1	1	0	0	0	0	0	0	0	0
HDL	19	109	1	1	1	1	0	0	0	0	0	0	0	0
HDL	20	1	0	0	0	0	0	0	0	0	0	0	0	0
HDL	20	2	0	1	0	0	0	1	0	0	0	0	0	0
HDL	20	3	0	0	0	0	0	0	0	0	0	0	0	0
HDL	20	11	0	1	0	0	0	0	0	0	0	0	0	0
HDL	20	22	0	0	0	0	0	0	0	0	0	0	0	0
HDL	20	23	1	1	1	1	0	0	0	0	0	0	0	0
HDL	20	24	0	0	0	0	0	0	0	0	0	0	0	0
HDL	20	29	0	0	0	0	0	0	0	0	0	0	0	0
HDL	20	40	0	1	0	0	0	0	0	0	0	1	0	0
HDL	20	42	1	0	0	0	0	0	0	0	0	0	0	0
HDL	20	48	2	2	1	1	0	1	0	0	0	2	0	0
HDL	20	54	1	1	1	1	0	0	0	0	0	0	0	0
HDL	20	59	0	0	0	0	0	0	0	0	0	0	0	0
HDL	20	62	0	1	0	0	0	0	0	0	0	0	0	0
HDL	20	63	0	1	0	0	0	0	0	0	0	0	0	0
HDL	20	64	0	1	0	0	0	0	0	0	0	0	0	0
HDL	20	65	0	1	0	0	0	0	0	0	0	0	0	0
HDL	20	67	2	0	0	0	0	0	0	0	0	0	0	0
HDL	20	68	0	1	0	0	0	1	0	0	0	0	0	0
HDL	20	69	2	3	2	2	0	0	0	0	0	0	0	0
HDL	20	70	1	1	1	1	0	0	0	0	0	1	0	0
HDL	20	71	5	6	4	4	3	4	2	2	3	3	2	2
HDL	20	72	0	1	0	0	0	0	0	0	0	0	0	0
HDL	20	73	0	0	0	0	0	0	0	0	0	0	0	0
HDL	20	74	2	5	1	1	0	4	0	0	0	5	0	0
HDL	20	75	1	2	1	1	0	0	0	0	0	1	0	0
HDL	20	84	2	2	2	2	0	1	0	0	0	1	0	0
HDL	20	86	0	0	0	0	0	0	0	0	0	0	0	0
HDL	20	93	1	2	1	1	0	1	0	0	0	1	0	0
HDL	20	99	0	1	0	0	0	1	0	0	0	0	0	0
HDL	20	114	0	0	0	0	0	0	0	0	0	0	0	0
HDL	20	115	1	3	1	1	0	1	0	0	0	0	0	0
HDL	21	2	3	1	1	1	0	0	0	0	0	0	0	0
HDL	21	3	2	3	0	0	1	0	0	0	0	2	0	0
HDL	21	4	1	1	1	1	0	0	0	0	0	0	0	0
HDL	21	30	1	1	1	1	0	0	0	0	0	1	0	0
HDL	21	37	0	0	0	0	0	0	0	0	0	0	0	0
HDL	21	41	1	2	0	0	0	1	0	0	0	0	0	0
HDL	21	45	0	1	0	0	0	0	0	0	0	0	0	0
HDL	21	53	0	1	0	0	0	0	0	0	0	0	0	0
HDL	21	57	2	1	1	1	0	0	0	0	0	0	0	0
HDL	21	62	1	2	1	1	0	1	0	0	0	0	0	0
HDL	21	63	0	1	0	0	0	0	0	0	0	0	0	0
HDL	21	64	2	1	1	1	0	0	0	0	0	0	0	0
HDL	22	13	1	1	1	1	0	1	0	0	1	1	1	1
HDL	22	14	0	0	0	0	0	0	0	0	0	0	0	0
HDL	22	24	0	0	0	0	0	0	0	0	0	0	0	0
HDL	22	26	0	0	0	0	0	0	0	0	0	0	0	0
HDL	22	29	1	2	1	1	0	0	0	0	0	1	0	0
HDL	22	30	3	4	2	2	0	1	0	0	0	3	0	0
HDL	22	33	0	1	0	0	0	1	0	0	0	1	0	0
HDL	22	37	0	1	0	0	0	0	0	0	0	0	0	0
HDL	22	43	1	2	1	1	0	0	0	0	0	1	0	0
HDL	22	44	1	1	1	1	0	0	0	0	0	1	0	0
HDL	22	45	1	1	1	1	0	0	0	0	0	1	0	0
HDL	22	46	0	1	0	0	0	0	0	0	0	1	0	0
HDL	22	47	0	0	0	0	0	0	0	0	0	0	0	0
HDL	22	49	0	1	0	0	0	0	0	0	0	1	0	0
HDL	22	50	0	1	0	0	0	0	0	0	0	0	0	0
HDL	22	54	0	0	0	0	0	0	0	0	0	0	0	0
HDL	22	59	0	1	0	0	0	0	0	0	0	0	0	0
HDL	22	62	0	0	0	0	0	0	0	0	0	0	0	0
HDL	22	64	1	1	1	1	0	0	0	0	0	0	0	0
HDL	22	66	0	0	0	0	0	0	0	0	0	0	0	0
HDL	22	70	1	0	0	0	1	0	0	0	0	0	0	0
