pheno	db	pid	chromosome	block	num_variants	L	time	num_variants_0.95	num_variants_0.5	num_CS95	num_variants_CS95
TG	UKBB	AFR	1	3	820	5	0.722794055938721	0	0	0	0
TG	UKBB	AFR	1	4	1984	5	1.9170503616333	0	0	0	0
TG	UKBB	AFR	1	5	3594	5	4.34962368011475	0	0	0	0
TG	UKBB	AFR	1	15	5216	5	10.4843301773071	0	0	0	0
TG	UKBB	AFR	1	17	6602	5	16.6617329120636	0	0	0	0
TG	UKBB	AFR	1	18	2496	5	2.50300288200378	0	0	0	0
TG	UKBB	AFR	1	19	5384	5	11.2507538795471	0	0	0	0
TG	UKBB	AFR	1	21	3660	5	4.79315161705017	0	0	0	0
TG	UKBB	AFR	1	23	1852	5	1.73788547515869	0	0	0	0
TG	UKBB	AFR	1	32	1442	5	1.11965084075928	0	0	0	0
TG	UKBB	AFR	1	35	6543	5	15.8202366828918	0	0	0	0
TG	UKBB	AFR	1	43	1376	5	1.08467149734497	0	0	0	0
TG	UKBB	AFR	1	48	2576	5	2.58872985839844	0	0	0	0
TG	UKBB	AFR	1	50	3554	5	4.25857090950012	0	0	0	0
TG	UKBB	AFR	1	51	2313	5	2.20841979980469	0	0	0	0
TG	UKBB	AFR	1	52	6601	5	17.0751156806946	0	0	0	0
TG	UKBB	AFR	1	53	5709	5	12.7662253379822	0	0	0	0
TG	UKBB	AFR	1	58	6810	5	18.3265929222107	0	0	0	0
TG	UKBB	AFR	1	63	5211	5	11.0515625476837	0	0	0	0
TG	UKBB	AFR	1	67	4388	5	7.52745199203491	0	0	0	0
TG	UKBB	AFR	1	70	4508	5	8.57874178886414	0	0	0	0
TG	UKBB	AFR	1	71	4682	5	9.22732830047607	0	0	0	0
TG	UKBB	AFR	1	83	4244	5	7.48860597610474	0	0	0	0
TG	UKBB	AFR	1	85	1974	5	1.63520574569702	0	0	0	0
TG	UKBB	AFR	1	94	1055	5	0.973703861236572	0	0	0	0
TG	UKBB	AFR	1	96	4148	5	7.01922249794006	0	0	0	0
TG	UKBB	AFR	1	97	5089	5	9.4201385974884	0	0	0	0
TG	UKBB	AFR	1	100	4054	5	6.38478994369507	0	0	0	0
TG	UKBB	AFR	1	101	4245	5	7.30545568466187	0	0	0	0
TG	UKBB	AFR	1	105	11487	5	62.9263732433319	0	0	0	0
TG	UKBB	AFR	1	124	6840	5	17.5462319850922	0	0	0	0
TG	UKBB	AFR	1	125	8663	5	36.4361629486084	0	0	0	0
TG	UKBB	AFR	1	127	3674	5	4.97175621986389	0	0	0	0
TG	UKBB	AFR	1	129	2213	5	2.54895734786987	0	0	0	0
TG	UKBB	AFR	1	132	4547	5	8.03723692893982	0	0	0	0
TG	UKBB	AFR	1	135	7509	5	22.6798920631409	0	1	0	0
TG	UKBB	AFR	1	138	6665	5	19.0180592536926	0	0	0	0
TG	UKBB	AFR	1	139	1514	5	1.13782811164856	0	0	0	0
TG	UKBB	AFR	1	143	4016	5	5.70887112617493	0	0	0	0
TG	UKBB	AFR	1	144	3661	5	4.83758211135864	0	0	0	0
TG	UKBB	AFR	1	150	4916	5	9.98248362541199	0	0	0	0
TG	UKBB	AFR	1	154	8691	5	38.9755363464355	0	0	0	0
TG	UKBB	AFR	1	155	3504	5	5.55862784385681	0	0	0	0
TG	UKBB	AFR	1	156	4612	5	9.8656165599823	0	0	0	0
TG	UKBB	AFR	1	158	5374	5	12.2790884971619	0	0	0	0
TG	UKBB	AFR	1	168	5333	5	11.9988059997559	0	0	0	0
TG	UKBB	AFR	1	182	7605	5	22.3353660106659	0	1	0	0
TG	UKBB	AFR	1	183	7164	5	19.8877763748169	0	0	0	0
TG	UKBB	AFR	1	184	1603	5	1.59082865715027	0	0	0	0
TG	UKBB	AFR	1	187	4655	5	8.27278971672058	0	0	0	0
TG	UKBB	AFR	1	192	5207	5	11.0561857223511	0	0	0	0
TG	UKBB	AFR	1	193	6039	5	14.3857035636902	0	0	0	0
TG	UKBB	AFR	1	201	6258	5	15.7864933013916	0	0	0	0
TG	UKBB	AFR	1	202	5163	5	10.2089877128601	0	0	0	0
TG	UKBB	AFR	1	203	4393	5	7.26445364952087	0	0	0	0
TG	UKBB	AFR	1	207	3090	5	4.15159034729004	0	0	0	0
TG	UKBB	AFR	1	208	3716	5	5.94209790229797	0	0	0	0
TG	UKBB	AFR	1	209	1258	5	1.1458215713501	0	0	0	0
TG	UKBB	AFR	1	211	2773	5	2.80428290367126	0	0	0	0
TG	UKBB	AFR	1	212	3850	5	6.72704553604126	0	0	0	0
TG	UKBB	AFR	1	213	2785	5	2.835693359375	0	0	0	0
TG	UKBB	AFR	1	214	2484	5	2.67194700241089	0	0	0	0
TG	UKBB	AFR	1	217	2056	5	2.22728800773621	0	0	0	0
TG	UKBB	AFR	1	219	4148	5	7.15728974342346	0	0	0	0
TG	UKBB	AFR	1	221	4835	5	8.44674515724182	0	0	0	0
TG	UKBB	AFR	1	226	1978	5	2.10603284835815	0	0	0	0
TG	UKBB	AFR	1	228	2787	5	3.22176194190979	0	0	0	0
TG	UKBB	AFR	1	233	6521	5	15.9131100177765	0	0	0	0
TG	UKBB	AFR	1	234	7476	5	25.1565759181976	0	0	0	0
TG	UKBB	AFR	1	235	5239	5	10.3843605518341	0	0	0	0
TG	UKBB	AFR	1	238	9835	5	43.9692113399506	0	0	0	0
TG	UKBB	AFR	1	239	2306	5	2.24488520622253	0	0	0	0
TG	UKBB	AFR	1	240	10161	5	52.7415976524353	0	0	0	0
TG	UKBB	AFR	1	242	2439	5	2.30055117607117	0	0	0	0
TG	UKBB	AFR	1	243	2762	5	3.83138608932495	0	0	0	0
TG	UKBB	AFR	1	244	5951	5	13.1320674419403	0	0	0	0
TG	UKBB	AFR	1	248	3070	5	3.71111464500427	0	0	0	0
TG	UKBB	AFR	1	252	2317	5	2.70730400085449	0	0	0	0
TG	UKBB	AFR	1	254	3997	5	5.45200705528259	0	0	0	0
TG	UKBB	AFR	1	255	2516	5	3.3802924156189	0	0	0	0
TG	UKBB	AFR	1	257	2584	5	2.91509294509888	0	0	0	0
TG	UKBB	AFR	1	264	2785	5	2.88185048103333	0	0	0	0
TG	UKBB	AFR	1	274	6482	5	15.4595849514008	0	0	0	0
TG	UKBB	AFR	1	277	1390	5	1.51562547683716	0	0	0	0
TG	UKBB	AFR	1	280	10100	5	51.2882881164551	0	0	0	0
TG	UKBB	AFR	2	1	1410	5	1.40960741043091	0	0	0	0
TG	UKBB	AFR	2	2	8995	5	43.8402168750763	0	0	0	0
TG	UKBB	AFR	2	6	2716	5	2.70923972129822	0	0	0	0
TG	UKBB	AFR	2	7	1923	5	2.00850582122803	0	0	0	0
TG	UKBB	AFR	2	21	1680	5	1.74711346626282	0	0	0	0
TG	UKBB	AFR	2	34	6254	5	16.9101941585541	0	0	0	0
TG	UKBB	AFR	2	41	3253	5	3.88064670562744	0	0	0	0
TG	UKBB	AFR	2	43	711	5	0.831996202468872	0	0	0	0
TG	UKBB	AFR	2	44	3326	5	6.69855904579163	0	0	0	0
TG	UKBB	AFR	2	45	5959	5	14.0439629554749	0	0	0	0
TG	UKBB	AFR	2	47	7471	5	20.9146845340729	0	0	0	0
TG	UKBB	AFR	2	48	4596	5	10.7289900779724	0	0	0	0
TG	UKBB	AFR	2	49	7286	5	24.5790958404541	0	0	0	0
TG	UKBB	AFR	2	50	4173	5	9.11371064186096	0	0	0	0
TG	UKBB	AFR	2	55	11035	5	56.5617327690125	0	0	0	0
TG	UKBB	AFR	2	63	4482	5	9.67931127548218	0	0	0	0
TG	UKBB	AFR	2	66	10535	5	49.9879517555237	0	0	0	0
TG	UKBB	AFR	2	69	5621	5	11.6643135547638	0	0	0	0
TG	UKBB	AFR	2	71	4455	5	7.99466490745544	0	0	0	0
TG	UKBB	AFR	2	72	7354	5	23.882744550705	0	0	0	0
TG	UKBB	AFR	2	74	2485	5	2.82020735740662	0	0	0	0
TG	UKBB	AFR	2	76	3423	5	6.37106323242188	0	0	0	0
TG	UKBB	AFR	2	79	6455	5	19.1789247989655	0	0	0	0
TG	UKBB	AFR	2	80	10846	5	57.1743900775909	0	0	0	0
TG	UKBB	AFR	2	84	14486	5	109.438157081604	0	0	0	0
TG	UKBB	AFR	2	85	13800	5	96.9372756481171	0	0	0	0
TG	UKBB	AFR	2	86	5700	5	12.5908193588257	0	0	0	0
TG	UKBB	AFR	2	87	2015	5	2.0715663433075	0	1	0	0
TG	UKBB	AFR	2	88	16712	5	196.808211803436	0	0	0	0
TG	UKBB	AFR	2	89	4258	5	6.93990921974182	0	0	0	0
TG	UKBB	AFR	2	90	3547	5	5.98032140731812	0	0	0	0
TG	UKBB	AFR	2	95	3908	5	8.10338568687439	0	0	0	0
TG	UKBB	AFR	2	99	3745	5	4.77745795249939	0	0	0	0
TG	UKBB	AFR	2	115	8448	5	40.8484671115875	0	0	0	0
TG	UKBB	AFR	2	117	4508	5	9.69742870330811	0	0	0	0
TG	UKBB	AFR	2	122	3348	5	4.38021636009216	0	0	0	0
TG	UKBB	AFR	2	123	669	5	0.705914735794067	0	0	0	0
TG	UKBB	AFR	2	124	6305	5	15.8478705883026	0	0	0	0
TG	UKBB	AFR	2	125	5184	5	11.3593158721924	0	0	0	0
TG	UKBB	AFR	2	128	8911	5	37.8065404891968	0	0	0	0
TG	UKBB	AFR	2	131	266	5	0.609946727752686	0	0	0	0
TG	UKBB	AFR	2	132	981	5	0.972724437713623	0	1	0	0
TG	UKBB	AFR	2	138	7510	5	23.0785579681396	0	0	0	0
TG	UKBB	AFR	2	153	6986	5	20.0309150218964	0	0	0	0
TG	UKBB	AFR	2	159	10172	5	51.7433903217316	0	0	0	0
TG	UKBB	AFR	2	161	7534	5	25.8698499202728	0	0	0	0
TG	UKBB	AFR	2	163	345	5	0.680366039276123	0	0	0	0
TG	UKBB	AFR	2	164	1473	5	1.56029677391052	0	0	0	0
TG	UKBB	AFR	2	166	11511	5	65.5824792385101	0	0	0	0
TG	UKBB	AFR	2	168	5116	5	10.1069512367249	0	0	0	0
TG	UKBB	AFR	2	169	5802	5	14.3405177593231	0	0	0	0
TG	UKBB	AFR	2	171	7519	5	24.9866394996643	0	0	0	0
TG	UKBB	AFR	2	174	1858	5	1.70296764373779	0	1	1	3
TG	UKBB	AFR	2	176	7052	5	18.4092795848846	0	0	0	0
TG	UKBB	AFR	2	180	4623	5	9.25412344932556	0	0	0	0
TG	UKBB	AFR	2	181	7100	5	22.8458988666534	0	0	0	0
TG	UKBB	AFR	2	184	9583	5	41.8900969028473	0	0	0	0
TG	UKBB	AFR	2	186	6953	5	24.3596122264862	0	0	0	0
TG	UKBB	AFR	2	195	13217	5	84.1892273426056	0	0	0	0
TG	UKBB	AFR	2	197	6156	5	19.7920179367065	0	0	0	0
TG	UKBB	AFR	2	198	4600	5	12.3512766361237	0	0	0	0
TG	UKBB	AFR	2	199	7545	5	24.4639735221863	0	0	0	0
TG	UKBB	AFR	2	201	6288	5	15.6837024688721	0	0	0	0
TG	UKBB	AFR	2	202	1029	5	1.60953855514526	0	1	0	0
TG	UKBB	AFR	2	205	3573	5	4.94348430633545	0	0	0	0
TG	UKBB	AFR	2	210	3888	5	6.8309919834137	0	0	0	0
TG	UKBB	AFR	2	211	5627	5	12.3017747402191	0	0	0	0
TG	UKBB	AFR	2	213	12633	5	73.8001170158386	0	0	0	0
TG	UKBB	AFR	2	214	2295	5	2.07214140892029	0	0	0	0
TG	UKBB	AFR	2	217	3415	5	4.62730145454407	0	0	0	0
TG	UKBB	AFR	2	218	2652	5	2.944176197052	0	0	0	0
TG	UKBB	AFR	2	230	3553	5	6.8589608669281	0	0	0	0
TG	UKBB	AFR	2	231	1985	5	1.76408457756042	0	0	0	0
TG	UKBB	AFR	2	235	2158	5	1.99231815338135	0	0	0	0
TG	UKBB	AFR	2	237	4875	5	9.51693487167358	0	0	0	0
TG	UKBB	AFR	2	240	4352	5	8.39771604537964	0	0	0	0
TG	UKBB	AFR	2	242	4042	5	7.57428789138794	0	0	0	0
TG	UKBB	AFR	2	250	9119	5	35.2606711387634	0	0	0	0
TG	UKBB	AFR	2	251	3114	5	3.86253333091736	0	0	0	0
TG	UKBB	AFR	2	256	5444	5	11.5872142314911	0	0	0	0
TG	UKBB	AFR	3	1	19642	5	264.758531332016	0	0	0	0
TG	UKBB	AFR	3	8	1375	5	1.25853896141052	0	0	0	0
TG	UKBB	AFR	3	9	1479	5	1.8794367313385	0	0	0	0
TG	UKBB	AFR	3	20	5669	5	13.5642013549805	0	0	0	0
TG	UKBB	AFR	3	23	3909	5	6.4623236656189	0	0	0	0
TG	UKBB	AFR	3	24	6100	5	15.3232264518738	0	0	0	0
TG	UKBB	AFR	3	30	5924	5	14.785350561142	0	0	0	0
TG	UKBB	AFR	3	31	2859	5	3.28967213630676	0	0	0	0
TG	UKBB	AFR	3	33	1362	5	1.39528656005859	0	0	0	0
TG	UKBB	AFR	3	35	6072	5	15.9076151847839	0	0	0	0
TG	UKBB	AFR	3	39	8012	5	26.4614000320435	0	0	0	0
TG	UKBB	AFR	3	40	3941	5	5.66725444793701	0	0	0	0
TG	UKBB	AFR	3	41	7579	5	27.3104295730591	0	0	0	0
TG	UKBB	AFR	3	49	7485	5	22.1510622501373	0	0	0	0
TG	UKBB	AFR	3	55	3230	5	5.11993432044983	0	0	0	0
TG	UKBB	AFR	3	57	3717	5	4.62452507019043	0	0	0	0
TG	UKBB	AFR	3	60	10367	5	49.9314920902252	0	0	0	0
TG	UKBB	AFR	3	62	3610	5	4.98005867004395	0	0	0	0
TG	UKBB	AFR	3	65	2622	5	2.67136263847351	0	0	0	0
TG	UKBB	AFR	3	70	5832	5	14.0906150341034	0	0	0	0
TG	UKBB	AFR	3	71	7594	5	24.0802600383759	0	0	0	0
TG	UKBB	AFR	3	77	11212	5	64.8784980773926	0	0	0	0
TG	UKBB	AFR	3	83	8340	5	37.0722351074219	0	0	0	0
TG	UKBB	AFR	3	85	4081	5	7.94693565368652	0	0	0	0
TG	UKBB	AFR	3	88	5064	5	9.24370050430298	0	0	0	0
TG	UKBB	AFR	3	89	5793	5	19.9666953086853	0	0	0	0
TG	UKBB	AFR	3	114	3908	5	4.77507948875427	0	0	0	0
TG	UKBB	AFR	3	115	5112	5	11.6049749851227	0	0	0	0
TG	UKBB	AFR	3	120	5353	5	9.80969786643982	0	0	0	0
TG	UKBB	AFR	3	121	6384	5	18.3453614711761	0	0	0	0
TG	UKBB	AFR	3	124	1208	5	1.08884453773499	0	0	0	0
TG	UKBB	AFR	3	132	9006	5	40.4337468147278	0	0	0	0
TG	UKBB	AFR	3	133	4120	5	11.8843178749084	0	0	0	0
TG	UKBB	AFR	3	136	2849	5	3.07368111610413	0	0	0	0
TG	UKBB	AFR	3	140	6784	5	22.0240051746368	0	0	0	0
TG	UKBB	AFR	3	145	6683	5	17.7929875850677	0	0	0	0
TG	UKBB	AFR	3	150	5523	5	15.0802471637726	0	0	0	0
TG	UKBB	AFR	3	155	5449	5	15.4880056381226	0	0	0	0
TG	UKBB	AFR	3	161	7933	5	20.9375879764557	0	0	0	0
TG	UKBB	AFR	3	162	9762	5	57.1872737407684	0	0	0	0
TG	UKBB	AFR	3	172	4342	5	7.52523899078369	0	0	0	0
TG	UKBB	AFR	3	173	2586	5	2.46963500976562	0	0	0	0
TG	UKBB	AFR	3	174	1398	5	1.06717562675476	0	0	0	0
TG	UKBB	AFR	3	175	1754	5	1.60396718978882	0	0	0	0
TG	UKBB	AFR	3	186	7402	5	20.188304901123	0	0	0	0
TG	UKBB	AFR	3	191	4249	5	8.50257468223572	0	0	0	0
TG	UKBB	AFR	3	193	6729	5	20.9510927200317	0	0	0	0
TG	UKBB	AFR	3	196	1224	5	1.02942514419556	0	0	0	0
TG	UKBB	AFR	3	214	7467	5	23.2302467823029	0	0	0	0
TG	UKBB	AFR	4	1	18153	5	230.538616657257	0	0	0	0
TG	UKBB	AFR	4	4	4397	5	7.83498215675354	0	0	0	0
TG	UKBB	AFR	4	19	2777	5	3.54094982147217	0	1	0	0
TG	UKBB	AFR	4	21	9992	5	48.6132128238678	0	0	0	0
TG	UKBB	AFR	4	28	5087	5	9.13543272018433	0	0	0	0
TG	UKBB	AFR	4	32	7184	5	20.5179297924042	0	0	0	0
TG	UKBB	AFR	4	42	891	5	0.851446151733398	0	0	0	0
TG	UKBB	AFR	4	43	3015	5	4.15374565124512	0	0	0	0
TG	UKBB	AFR	4	48	5670	5	12.6046586036682	0	0	0	0
TG	UKBB	AFR	4	54	13467	5	86.6147904396057	0	0	0	0
TG	UKBB	AFR	4	55	5398	5	13.8841023445129	0	0	0	0
TG	UKBB	AFR	4	64	8963	5	39.5012307167053	0	0	0	0
TG	UKBB	AFR	4	66	4810	5	8.96030473709106	0	0	0	0
TG	UKBB	AFR	4	74	5808	5	12.9406833648682	0	0	0	0
TG	UKBB	AFR	4	80	6791	5	15.9382028579712	0	0	0	0
TG	UKBB	AFR	4	82	3010	5	4.55561089515686	0	0	0	0
TG	UKBB	AFR	4	84	6612	5	27.355162858963	0	0	0	0
TG	UKBB	AFR	4	87	9109	5	46.1375007629395	0	0	0	0
TG	UKBB	AFR	4	90	6224	5	13.1803915500641	0	0	0	0
TG	UKBB	AFR	4	95	2321	5	2.15893983840942	0	0	0	0
TG	UKBB	AFR	4	97	3759	5	5.01985859870911	0	0	0	0
TG	UKBB	AFR	4	101	7513	5	24.2009768486023	0	0	0	0
TG	UKBB	AFR	4	102	4119	5	7.56804609298706	0	0	0	0
TG	UKBB	AFR	4	103	3091	5	3.67278861999512	0	0	1	18
TG	UKBB	AFR	4	109	3006	5	3.6694643497467	0	0	0	0
TG	UKBB	AFR	4	112	9121	5	41.1441345214844	0	0	0	0
TG	UKBB	AFR	4	113	7036	5	27.9926116466522	0	0	0	0
TG	UKBB	AFR	4	114	6484	5	17.2533106803894	0	0	0	0
TG	UKBB	AFR	4	115	2990	5	3.31635451316833	0	0	0	0
TG	UKBB	AFR	4	116	5686	5	12.8677170276642	0	0	0	0
TG	UKBB	AFR	4	117	6407	5	16.8520114421844	0	0	0	0
TG	UKBB	AFR	4	121	5305	5	12.8065631389618	0	0	0	0
TG	UKBB	AFR	4	122	2040	5	2.2143497467041	0	0	0	0
TG	UKBB	AFR	4	133	6558	5	19.0441586971283	0	0	0	0
TG	UKBB	AFR	4	134	10256	5	57.6079843044281	0	0	0	0
TG	UKBB	AFR	4	136	9167	5	39.774961233139	0	0	0	0
TG	UKBB	AFR	4	139	10646	5	56.5214693546295	0	0	0	0
TG	UKBB	AFR	4	147	2526	5	2.42959499359131	0	0	0	0
TG	UKBB	AFR	4	148	4297	5	7.13902521133423	0	0	0	0
TG	UKBB	AFR	4	149	5522	5	11.9346640110016	0	0	0	0
TG	UKBB	AFR	4	150	6740	5	18.9482989311218	0	0	0	0
TG	UKBB	AFR	4	153	6349	5	14.134477853775	0	0	0	0
TG	UKBB	AFR	4	154	2721	5	3.26361489295959	0	0	0	0
TG	UKBB	AFR	4	156	9110	5	44.2768540382385	0	0	0	0
TG	UKBB	AFR	4	159	2540	5	3.28338217735291	0	0	0	0
TG	UKBB	AFR	4	161	2369	5	5.1012065410614	0	0	0	0
TG	UKBB	AFR	4	162	4203	5	7.62062454223633	0	0	0	0
TG	UKBB	AFR	4	165	4494	5	8.11509895324707	0	0	0	0
TG	UKBB	AFR	4	180	7377	5	19.4185605049133	0	0	0	0
TG	UKBB	AFR	4	184	2946	5	4.30931258201599	0	0	0	0
TG	UKBB	AFR	4	199	1145	5	1.33995771408081	0	0	0	0
TG	UKBB	AFR	5	27	10594	5	58.8736193180084	0	0	0	0
TG	UKBB	AFR	5	33	3440	5	5.55400419235229	0	0	0	0
TG	UKBB	AFR	5	49	1408	5	1.56217217445374	0	0	0	0
TG	UKBB	AFR	5	64	6965	5	21.9286780357361	0	0	0	0
TG	UKBB	AFR	5	66	5481	5	15.47154712677	0	0	0	0
TG	UKBB	AFR	5	68	1660	5	1.80409550666809	0	0	0	0
TG	UKBB	AFR	5	69	2395	5	2.39625906944275	0	0	0	0
TG	UKBB	AFR	5	71	7788	5	21.6762616634369	0	0	0	0
TG	UKBB	AFR	5	72	8965	5	35.9311363697052	0	0	0	0
TG	UKBB	AFR	5	74	11158	5	60.1909792423248	0	0	0	0
TG	UKBB	AFR	5	78	1898	5	2.78188300132751	0	0	0	0
TG	UKBB	AFR	5	81	4435	5	8.97248482704163	0	0	0	0
TG	UKBB	AFR	5	85	6550	5	17.7319214344025	0	0	0	0
TG	UKBB	AFR	5	88	2446	5	2.71171522140503	0	0	0	0
TG	UKBB	AFR	5	92	4093	5	7.02520060539246	0	0	0	0
TG	UKBB	AFR	5	96	6244	5	14.6213669776917	0	0	0	0
TG	UKBB	AFR	5	97	3921	5	6.73700523376465	0	0	0	0
TG	UKBB	AFR	5	102	8105	5	33.617644071579	0	0	0	0
TG	UKBB	AFR	5	103	5856	5	13.6598885059357	0	0	0	0
TG	UKBB	AFR	5	108	2748	5	2.89994096755981	0	0	0	0
TG	UKBB	AFR	5	109	3343	5	4.15052461624146	0	0	0	0
TG	UKBB	AFR	5	111	8441	5	36.1423180103302	0	0	0	0
TG	UKBB	AFR	5	114	18456	5	247.543949604034	0	0	0	0
TG	UKBB	AFR	5	116	7612	5	22.4269886016846	0	0	0	0
TG	UKBB	AFR	5	120	6912	5	19.3835451602936	0	0	0	0
TG	UKBB	AFR	5	127	11027	5	62.793648481369	0	1	0	0
TG	UKBB	AFR	5	130	7778	5	25.5366418361664	0	0	0	0
TG	UKBB	AFR	5	136	7357	5	20.5426409244537	0	0	0	0
TG	UKBB	AFR	5	142	5302	5	9.62302446365356	0	0	0	0
TG	UKBB	AFR	5	145	9054	5	39.824934720993	0	0	0	0
TG	UKBB	AFR	5	146	7651	5	21.4646527767181	0	0	0	0
TG	UKBB	AFR	5	147	3099	5	5.0659966468811	0	0	0	0
TG	UKBB	AFR	5	152	9520	5	45.9141359329224	0	0	0	0
TG	UKBB	AFR	5	156	4623	5	9.07313346862793	0	0	0	0
TG	UKBB	AFR	5	158	3998	5	5.93136143684387	0	0	0	0
TG	UKBB	AFR	5	159	755	5	0.791364192962646	0	1	0	0
TG	UKBB	AFR	5	164	3752	5	6.22420310974121	0	0	0	0
TG	UKBB	AFR	5	166	6138	5	14.0070862770081	0	0	0	0
TG	UKBB	AFR	5	167	4985	5	11.0818290710449	0	0	0	0
TG	UKBB	AFR	5	168	5752	5	12.8778860569	0	0	0	0
TG	UKBB	AFR	5	174	5031	5	9.36783504486084	0	0	0	0
TG	UKBB	AFR	5	177	4059	5	6.03212594985962	0	0	0	0
TG	UKBB	AFR	5	181	1689	5	2.55461645126343	0	0	0	0
TG	UKBB	AFR	5	182	2176	5	2.68169021606445	0	0	0	0
TG	UKBB	AFR	5	191	7961	5	25.2775366306305	0	0	0	0
TG	UKBB	AFR	5	192	886	5	0.888514280319214	0	0	0	0
TG	UKBB	AFR	5	193	1752	5	2.00900864601135	0	0	0	0
TG	UKBB	AFR	5	194	2199	5	2.49480533599854	0	0	0	0
TG	UKBB	AFR	5	202	3853	5	6.76641821861267	0	0	0	0
TG	UKBB	AFR	5	205	2851	5	2.81783485412598	0	0	0	0
TG	UKBB	AFR	6	3	1009	5	0.881938457489014	0	0	0	0
TG	UKBB	AFR	6	19	4682	5	9.95103049278259	0	0	0	0
TG	UKBB	AFR	6	21	3499	5	5.47360277175903	0	0	0	0
TG	UKBB	AFR	6	27	2929	5	6.71539306640625	0	0	0	0
TG	UKBB	AFR	6	29	5070	5	10.3750290870667	0	0	0	0
TG	UKBB	AFR	6	32	1417	5	1.17943167686462	0	0	0	0
TG	UKBB	AFR	6	39	8566	5	43.6496405601501	0	0	0	0
TG	UKBB	AFR	6	43	5398	5	11.7630310058594	0	0	0	0
TG	UKBB	AFR	6	46	422	5	0.9237060546875	0	0	0	0
TG	UKBB	AFR	6	47	6802	5	17.4228482246399	0	0	0	0
TG	UKBB	AFR	6	51	10908	5	59.304309129715	0	0	0	0
TG	UKBB	AFR	6	52	3585	5	7.69250464439392	0	0	0	0
TG	UKBB	AFR	6	53	3300	5	5.23825979232788	0	0	0	0
TG	UKBB	AFR	6	56	3168	5	3.88194561004639	0	0	0	0
TG	UKBB	AFR	6	57	3171	5	3.79810190200806	0	0	0	0
TG	UKBB	AFR	6	58	5348	5	10.1908810138702	0	0	0	0
TG	UKBB	AFR	6	60	3033	5	4.76277780532837	0	0	0	0
TG	UKBB	AFR	6	63	5211	5	10.5488784313202	0	0	0	0
TG	UKBB	AFR	6	64	589	5	0.706563949584961	0	0	0	0
TG	UKBB	AFR	6	73	808	5	1.03242826461792	0	0	0	0
TG	UKBB	AFR	6	74	2671	5	2.79106903076172	0	0	0	0
TG	UKBB	AFR	6	75	757	5	0.702660322189331	0	0	0	0
TG	UKBB	AFR	6	76	10249	5	49.0211534500122	0	0	0	0
TG	UKBB	AFR	6	81	10751	5	62.3756375312805	0	0	0	0
TG	UKBB	AFR	6	88	15916	5	129.398233652115	0	0	0	0
TG	UKBB	AFR	6	94	7842	5	23.7464275360107	0	0	0	0
TG	UKBB	AFR	6	97	5003	5	11.2693128585815	0	0	0	0
TG	UKBB	AFR	6	98	6431	5	19.1428558826447	0	0	0	0
TG	UKBB	AFR	6	99	6753	5	17.0558383464813	0	0	0	0
TG	UKBB	AFR	6	100	73	5	0.526116132736206	0	0	0	0
TG	UKBB	AFR	6	105	5044	5	10.3719506263733	0	0	0	0
TG	UKBB	AFR	6	106	4207	5	8.84304285049438	0	0	0	0
TG	UKBB	AFR	6	108	1674	5	1.64323854446411	0	0	0	0
TG	UKBB	AFR	6	109	4825	5	14.4271123409271	0	0	0	0
TG	UKBB	AFR	6	111	3375	5	4.59302258491516	0	0	0	0
TG	UKBB	AFR	6	112	4977	5	9.46495389938354	0	0	0	0
TG	UKBB	AFR	6	116	7108	5	20.2108871936798	0	0	0	0
TG	UKBB	AFR	6	124	8225	5	36.8488667011261	0	0	0	0
TG	UKBB	AFR	6	125	5577	5	11.2901463508606	0	0	0	0
TG	UKBB	AFR	6	127	4126	5	7.94712114334106	0	0	0	0
TG	UKBB	AFR	6	130	6655	5	18.1045281887054	0	0	0	0
TG	UKBB	AFR	6	140	3503	5	5.67863154411316	0	0	0	0
TG	UKBB	AFR	6	143	112	5	0.616897344589233	0	0	0	0
TG	UKBB	AFR	6	146	2735	5	2.8464732170105	0	0	0	0
TG	UKBB	AFR	6	149	8414	5	32.1470367908478	0	0	0	0
TG	UKBB	AFR	6	154	3889	5	5.30888795852661	0	0	0	0
TG	UKBB	AFR	6	157	2332	5	3.07354807853699	0	0	0	0
TG	UKBB	AFR	6	158	4512	5	7.26329159736633	0	0	0	0
TG	UKBB	AFR	6	160	5605	5	12.7788646221161	0	0	0	0
TG	UKBB	AFR	6	161	4957	5	11.047598361969	0	0	0	0
TG	UKBB	AFR	6	169	11508	5	62.6353168487549	0	0	0	0
TG	UKBB	AFR	6	173	5345	5	11.0440666675568	0	0	0	0
TG	UKBB	AFR	6	175	2820	5	6.63688445091248	0	0	0	0
TG	UKBB	AFR	6	178	1823	5	1.50830411911011	0	0	0	0
TG	UKBB	AFR	6	179	2963	5	4.1064612865448	0	0	0	0
TG	UKBB	AFR	6	182	4746	5	10.7093396186829	0	0	0	0
TG	UKBB	AFR	7	3	4573	5	10.250560760498	0	0	0	0
TG	UKBB	AFR	7	8	10346	5	50.3757593631744	0	0	0	0
TG	UKBB	AFR	7	11	4957	5	10.3559737205505	0	0	0	0
TG	UKBB	AFR	7	12	8719	5	37.391832113266	0	0	0	0
TG	UKBB	AFR	7	13	3510	5	4.38936066627502	0	0	0	0
TG	UKBB	AFR	7	25	6904	5	19.2756428718567	0	0	0	0
TG	UKBB	AFR	7	26	6687	5	18.4022731781006	0	0	0	0
TG	UKBB	AFR	7	29	4678	5	9.20680546760559	0	0	0	0
TG	UKBB	AFR	7	30	5866	5	16.9643058776855	0	0	0	0
TG	UKBB	AFR	7	31	4972	5	10.21004986763	0	0	0	0
TG	UKBB	AFR	7	32	5544	5	14.6434264183044	0	0	0	0
TG	UKBB	AFR	7	33	7273	5	21.1438684463501	0	0	0	0
TG	UKBB	AFR	7	35	6119	5	14.9659402370453	0	0	0	0
TG	UKBB	AFR	7	37	5776	5	13.1392691135406	0	0	0	0
TG	UKBB	AFR	7	41	5446	5	13.3598396778107	0	0	0	0
TG	UKBB	AFR	7	42	5379	5	10.1823930740356	0	0	0	0
TG	UKBB	AFR	7	43	7807	5	27.1979446411133	0	0	0	0
TG	UKBB	AFR	7	44	1133	5	1.20603632926941	0	0	0	0
TG	UKBB	AFR	7	45	2241	5	3.77291750907898	0	0	0	0
TG	UKBB	AFR	7	48	1160	5	0.953265190124512	0	0	0	0
TG	UKBB	AFR	7	50	3875	5	5.13329577445984	0	0	0	0
TG	UKBB	AFR	7	54	6545	5	14.6429781913757	0	0	0	0
TG	UKBB	AFR	7	58	5373	5	11.5171227455139	0	0	0	0
TG	UKBB	AFR	7	64	450	5	0.639792203903198	0	0	0	0
TG	UKBB	AFR	7	66	2336	5	2.29680132865906	0	0	0	0
TG	UKBB	AFR	7	67	14047	5	93.6579144001007	0	0	0	0
TG	UKBB	AFR	7	69	3311	5	3.90085744857788	0	0	0	0
TG	UKBB	AFR	7	73	2004	5	2.36249375343323	0	0	0	0
TG	UKBB	AFR	7	74	2476	5	2.34843158721924	0	0	0	0
TG	UKBB	AFR	7	85	7164	5	18.2862470149994	0	0	0	0
TG	UKBB	AFR	7	86	2015	5	1.80234718322754	0	0	0	0
TG	UKBB	AFR	7	87	682	5	0.686619281768799	0	0	0	0
TG	UKBB	AFR	7	88	8765	5	46.243625164032	0	0	0	0
TG	UKBB	AFR	7	93	2437	5	2.53011536598206	0	0	0	0
TG	UKBB	AFR	7	95	3286	5	3.84437155723572	0	0	0	0
TG	UKBB	AFR	7	103	4142	5	6.7616868019104	0	0	0	0
TG	UKBB	AFR	7	109	4709	5	9.1847972869873	0	0	0	0
TG	UKBB	AFR	7	114	9454	5	41.0513565540314	0	0	0	0
TG	UKBB	AFR	7	118	1965	5	1.65131092071533	0	0	0	0
TG	UKBB	AFR	7	119	3636	5	5.93521738052368	0	0	0	0
TG	UKBB	AFR	7	120	732	5	0.747573614120483	0	0	0	0
TG	UKBB	AFR	7	121	10640	5	57.3156201839447	0	0	0	0
TG	UKBB	AFR	7	125	6348	5	16.5545327663422	0	0	0	0
TG	UKBB	AFR	7	127	1698	5	1.67083477973938	0	0	0	0
TG	UKBB	AFR	7	128	1908	5	1.60473489761353	0	0	0	0
TG	UKBB	AFR	7	132	12268	5	79.2677202224731	0	0	0	0
TG	UKBB	AFR	7	133	11011	5	62.1687340736389	0	0	0	0
TG	UKBB	AFR	7	143	1764	5	1.65381169319153	0	0	0	0
TG	UKBB	AFR	7	145	4044	5	7.58153629302979	0	0	0	0
TG	UKBB	AFR	7	147	2642	5	3.66003513336182	0	0	0	0
TG	UKBB	AFR	7	148	3398	5	4.8062117099762	0	0	0	0
TG	UKBB	AFR	7	161	1290	5	1.5418496131897	0	0	0	0
TG	UKBB	AFR	7	162	10855	5	54.0014193058014	0	0	0	0
TG	UKBB	AFR	7	169	1241	5	2.01678562164307	0	0	0	0
TG	UKBB	AFR	7	177	1758	5	1.91149616241455	0	0	0	0
TG	UKBB	AFR	7	184	4805	5	9.1098484992981	0	0	0	0
TG	UKBB	AFR	8	13	1822	5	1.49192118644714	0	0	0	0
TG	UKBB	AFR	8	17	5510	5	12.3589015007019	0	0	0	0
TG	UKBB	AFR	8	20	4547	5	11.6184830665588	0	0	0	0
TG	UKBB	AFR	8	21	4634	5	7.78746724128723	0	0	0	0
TG	UKBB	AFR	8	24	10939	5	50.9745950698853	0	1	0	0
TG	UKBB	AFR	8	27	3486	5	4.50764751434326	0	0	0	0
TG	UKBB	AFR	8	28	2173	5	2.24146580696106	0	0	0	0
TG	UKBB	AFR	8	29	9673	5	44.3145313262939	0	0	0	0
TG	UKBB	AFR	8	31	1218	5	1.24790811538696	0	0	0	0
TG	UKBB	AFR	8	32	6646	5	17.6110279560089	0	0	0	0
TG	UKBB	AFR	8	33	5435	5	12.3772485256195	0	0	0	0
TG	UKBB	AFR	8	34	2703	5	3.18795561790466	0	0	0	0
TG	UKBB	AFR	8	35	2098	5	2.09318900108337	0	0	0	0
TG	UKBB	AFR	8	38	2096	5	1.78417658805847	0	0	0	0
TG	UKBB	AFR	8	39	3950	5	5.0833113193512	0	0	0	0
TG	UKBB	AFR	8	40	5688	5	12.2379751205444	0	0	0	0
TG	UKBB	AFR	8	41	3681	5	4.650235414505	0	0	0	0
TG	UKBB	AFR	8	42	6573	5	16.4700756072998	0	0	0	0
TG	UKBB	AFR	8	46	2177	5	1.99058127403259	0	0	0	0
TG	UKBB	AFR	8	48	5503	5	10.3149461746216	0	0	0	0
TG	UKBB	AFR	8	51	8737	5	35.0297334194183	0	0	0	0
TG	UKBB	AFR	8	53	4485	5	8.82173657417297	0	0	0	0
TG	UKBB	AFR	8	54	1669	5	1.98560810089111	0	0	0	0
TG	UKBB	AFR	8	55	3894	5	8.05836653709412	0	0	0	0
TG	UKBB	AFR	8	65	3269	5	4.0813262462616	0	0	0	0
TG	UKBB	AFR	8	66	7741	5	31.9944095611572	0	0	0	0
TG	UKBB	AFR	8	68	4306	5	8.95741748809814	0	0	0	0
TG	UKBB	AFR	8	69	9021	5	38.8354103565216	0	0	0	0
TG	UKBB	AFR	8	71	5806	5	12.9587247371674	0	0	0	0
TG	UKBB	AFR	8	77	5145	5	10.0656294822693	0	0	0	0
TG	UKBB	AFR	8	78	1092	5	0.915284156799316	0	0	0	0
TG	UKBB	AFR	8	80	2309	5	2.29232549667358	0	0	0	0
TG	UKBB	AFR	8	83	9655	5	44.862713098526	0	0	0	0
TG	UKBB	AFR	8	84	12591	5	78.230313539505	0	0	0	0
TG	UKBB	AFR	8	85	5070	5	10.6159222126007	0	0	0	0
TG	UKBB	AFR	8	86	1143	5	1.22936153411865	0	0	0	0
TG	UKBB	AFR	8	88	6083	5	16.3178200721741	0	0	0	0
TG	UKBB	AFR	8	92	6367	5	15.6556329727173	0	0	0	0
TG	UKBB	AFR	8	107	1835	5	1.73648524284363	0	0	0	0
TG	UKBB	AFR	8	108	9502	5	37.5950276851654	0	0	0	0
TG	UKBB	AFR	8	113	3748	5	6.25589728355408	0	0	0	0
TG	UKBB	AFR	8	114	3564	5	5.56885361671448	0	0	0	0
TG	UKBB	AFR	8	124	3298	5	4.05727100372314	0	0	0	0
TG	UKBB	AFR	8	125	1432	5	1.14473295211792	0	0	0	0
TG	UKBB	AFR	8	126	408	5	1.81012320518494	0	0	0	0
TG	UKBB	AFR	8	130	2972	5	3.47145771980286	0	0	0	0
TG	UKBB	AFR	8	133	5072	5	11.1405324935913	0	0	0	0
TG	UKBB	AFR	8	141	3257	5	3.80508971214294	0	0	0	0
TG	UKBB	AFR	8	154	3427	5	5.03013753890991	0	0	0	0
TG	UKBB	AFR	8	159	4384	5	8.07007646560669	0	0	0	0
TG	UKBB	AFR	9	1	8621	5	38.0970799922943	0	0	0	0
TG	UKBB	AFR	9	4	4547	5	9.81780099868774	0	0	0	0
TG	UKBB	AFR	9	9	3469	5	5.54279851913452	0	1	1	2
TG	UKBB	AFR	9	13	8671	5	33.6396627426147	0	0	0	0
TG	UKBB	AFR	9	27	12046	5	61.6936964988708	0	0	0	0
TG	UKBB	AFR	9	28	3538	5	6.56591963768005	0	0	0	0
TG	UKBB	AFR	9	31	6975	5	21.0037696361542	0	0	0	0
TG	UKBB	AFR	9	32	2684	5	2.49295616149902	0	0	0	0
TG	UKBB	AFR	9	33	4881	5	11.3633494377136	0	0	0	0
TG	UKBB	AFR	9	39	2029	5	2.01451849937439	0	0	0	0
TG	UKBB	AFR	9	41	654	5	0.827259063720703	0	0	0	0
TG	UKBB	AFR	9	48	1156	5	0.934012174606323	0	0	0	0
TG	UKBB	AFR	9	50	6922	5	16.968533039093	0	0	0	0
TG	UKBB	AFR	9	53	8749	5	39.018018245697	0	0	0	0
TG	UKBB	AFR	9	71	565	5	0.826975345611572	0	0	0	0
TG	UKBB	AFR	9	72	1338	5	1.11836075782776	0	0	0	0
TG	UKBB	AFR	9	77	3009	5	4.62094044685364	0	0	0	0
TG	UKBB	AFR	9	84	4238	5	7.37101459503174	0	0	0	0
TG	UKBB	AFR	9	93	5597	5	11.2107124328613	0	0	0	0
TG	UKBB	AFR	9	97	2068	5	2.92557835578918	0	0	0	0
TG	UKBB	AFR	9	98	6781	5	17.1909482479095	0	0	0	0
TG	UKBB	AFR	9	100	6431	5	17.3333158493042	0	0	0	0
TG	UKBB	AFR	9	102	7264	5	25.085423707962	0	0	0	0
TG	UKBB	AFR	9	105	1331	5	1.08225989341736	0	0	0	0
TG	UKBB	AFR	9	106	6214	5	16.2509775161743	0	0	0	0
TG	UKBB	AFR	9	107	1662	5	1.42081093788147	0	0	0	0
TG	UKBB	AFR	9	110	8498	5	36.0329878330231	0	0	0	0
TG	UKBB	AFR	9	111	324	5	0.599117279052734	0	0	0	0
TG	UKBB	AFR	9	112	7397	5	24.7355394363403	0	0	0	0
TG	UKBB	AFR	9	114	2474	5	2.50004959106445	0	0	0	0
TG	UKBB	AFR	9	115	7684	5	21.3563923835754	0	0	0	0
TG	UKBB	AFR	9	116	3686	5	6.65882682800293	0	0	0	0
TG	UKBB	AFR	9	118	9353	5	45.6621971130371	0	0	0	0
TG	UKBB	AFR	9	124	3492	5	4.97740721702576	0	0	0	0
TG	UKBB	AFR	9	128	362	5	0.614848375320435	0	0	0	0
TG	UKBB	AFR	9	129	5190	5	10.3049936294556	0	0	0	0
TG	UKBB	AFR	9	134	9724	5	45.3577220439911	0	0	0	0
TG	UKBB	AFR	9	135	4255	5	7.50758957862854	0	0	0	0
TG	UKBB	AFR	9	136	4134	5	8.83449554443359	0	0	0	0
TG	UKBB	AFR	9	138	6651	5	17.113808631897	0	0	0	0
TG	UKBB	AFR	9	140	10079	5	50.5103347301483	0	0	0	0
TG	UKBB	AFR	9	142	3148	5	4.60549020767212	0	0	0	0
TG	UKBB	AFR	9	149	3558	5	6.24552464485168	0	0	0	0
TG	UKBB	AFR	9	160	1402	5	2.39670324325562	0	0	0	0
TG	UKBB	AFR	9	161	1289	5	1.04708576202393	0	0	0	0
TG	UKBB	AFR	10	13	4413	5	8.46333646774292	0	0	0	0
TG	UKBB	AFR	10	14	5559	5	15.4845521450043	0	0	0	0
TG	UKBB	AFR	10	20	185	5	0.624566555023193	0	0	0	0
TG	UKBB	AFR	10	22	4781	5	8.52636289596558	0	0	0	0
TG	UKBB	AFR	10	26	5229	5	10.3778750896454	0	0	0	0
TG	UKBB	AFR	10	34	1657	5	2.0108060836792	0	0	0	0
TG	UKBB	AFR	10	43	3967	5	6.96411299705505	0	0	0	0
TG	UKBB	AFR	10	44	2240	5	2.06641149520874	0	0	0	0
TG	UKBB	AFR	10	45	6390	5	14.5426671504974	0	0	0	0
TG	UKBB	AFR	10	48	9254	5	42.3566517829895	0	0	0	0
TG	UKBB	AFR	10	49	5369	5	11.719562292099	0	0	0	0
TG	UKBB	AFR	10	59	4338	5	7.68717527389526	0	0	0	0
TG	UKBB	AFR	10	60	7928	5	23.3354182243347	0	0	0	0
TG	UKBB	AFR	10	61	2635	5	3.50827646255493	0	0	0	0
TG	UKBB	AFR	10	64	1105	5	1.01093292236328	0	0	0	0
TG	UKBB	AFR	10	70	6192	5	13.5249116420746	0	0	0	0
TG	UKBB	AFR	10	76	11559	5	53.3056185245514	0	0	0	0
TG	UKBB	AFR	10	78	3132	5	4.31009984016418	0	0	0	0
TG	UKBB	AFR	10	79	6491	5	16.6351294517517	0	0	0	0
TG	UKBB	AFR	10	80	5985	5	14.2588648796082	0	0	0	0
TG	UKBB	AFR	10	81	7075	5	20.1190378665924	0	0	0	0
TG	UKBB	AFR	10	84	11171	5	59.1222796440125	0	0	0	0
TG	UKBB	AFR	10	85	1885	5	2.01718831062317	0	0	0	0
TG	UKBB	AFR	10	92	10809	5	57.5163125991821	0	0	0	0
TG	UKBB	AFR	10	93	1940	5	1.70152187347412	0	0	0	0
TG	UKBB	AFR	10	99	384	5	0.758395910263062	0	0	0	0
TG	UKBB	AFR	10	100	1742	5	1.98378539085388	0	0	0	0
TG	UKBB	AFR	10	109	6707	5	18.5013821125031	0	0	0	0
TG	UKBB	AFR	10	110	2028	5	2.1755952835083	0	0	0	0
TG	UKBB	AFR	10	111	3197	5	3.7176525592804	0	0	0	0
TG	UKBB	AFR	10	112	1286	5	1.03065872192383	0	0	0	0
TG	UKBB	AFR	10	117	7913	5	25.6679954528809	0	0	0	0
TG	UKBB	AFR	10	120	5610	5	14.1078743934631	0	0	0	0
TG	UKBB	AFR	10	123	5305	5	11.1411294937134	0	0	0	0
TG	UKBB	AFR	10	124	1531	5	1.29648637771606	0	0	0	0
TG	UKBB	AFR	10	126	7162	5	25.9153242111206	0	0	0	0
TG	UKBB	AFR	10	129	8118	5	21.6025266647339	0	0	0	0
TG	UKBB	AFR	10	131	7386	5	23.2698137760162	0	0	0	0
TG	UKBB	AFR	10	136	9946	5	43.4455945491791	0	0	0	0
TG	UKBB	AFR	10	137	6967	5	20.7609398365021	0	0	0	0
TG	UKBB	AFR	10	138	1218	5	1.05853152275085	0	0	0	0
TG	UKBB	AFR	10	140	1542	5	1.22140979766846	0	0	0	0
TG	UKBB	AFR	10	142	2363	5	3.75592088699341	0	0	0	0
TG	UKBB	AFR	10	144	2760	5	3.22050261497498	0	0	0	0
TG	UKBB	AFR	10	145	2583	5	3.01483702659607	0	0	0	0
TG	UKBB	AFR	10	148	4317	5	6.276198387146	0	0	0	0
TG	UKBB	AFR	10	152	3847	5	6.07420134544373	0	0	0	0
TG	UKBB	AFR	10	167	752	5	0.915946960449219	0	0	0	0
TG	UKBB	AFR	10	176	5587	5	11.4964170455933	0	0	0	0
TG	UKBB	AFR	10	177	3452	5	6.14535617828369	0	0	0	0
TG	UKBB	AFR	11	2	4280	5	7.55578017234802	0	0	0	0
TG	UKBB	AFR	11	4	3337	5	4.17004871368408	0	0	0	0
TG	UKBB	AFR	11	7	2482	5	2.34559845924377	0	0	0	0
TG	UKBB	AFR	11	11	6071	5	14.6502652168274	0	0	0	0
TG	UKBB	AFR	11	14	4676	5	8.01803970336914	0	0	0	0
TG	UKBB	AFR	11	19	2461	5	3.25807929039001	0	0	0	0
TG	UKBB	AFR	11	22	2159	5	2.51891589164734	0	0	0	0
TG	UKBB	AFR	11	27	4702	5	8.03855657577515	0	0	0	0
TG	UKBB	AFR	11	28	3445	5	4.90696120262146	0	0	0	0
TG	UKBB	AFR	11	29	2537	5	3.65043902397156	0	0	0	0
TG	UKBB	AFR	11	33	4165	5	6.84037041664124	0	0	0	0
TG	UKBB	AFR	11	51	4831	5	11.5099532604218	0	0	0	0
TG	UKBB	AFR	11	52	2654	5	3.89138913154602	0	0	0	0
TG	UKBB	AFR	11	53	5970	5	14.9768252372742	0	0	0	0
TG	UKBB	AFR	11	54	4344	5	7.15758609771729	0	0	0	0
TG	UKBB	AFR	11	56	996	5	0.977820158004761	0	0	0	0
TG	UKBB	AFR	11	57	4305	5	6.51146292686462	0	0	0	0
TG	UKBB	AFR	11	65	4075	5	5.21677613258362	0	0	0	0
TG	UKBB	AFR	11	70	7813	5	21.6141705513	0	0	0	0
TG	UKBB	AFR	11	75	3581	5	4.24892282485962	0	0	0	0
TG	UKBB	AFR	11	76	4239	5	7.66866779327393	0	0	0	0
TG	UKBB	AFR	11	77	4315	5	6.82879567146301	0	0	0	0
TG	UKBB	AFR	11	78	4466	5	8.47617220878601	0	0	0	0
TG	UKBB	AFR	11	79	9636	5	38.8124384880066	0	0	0	0
TG	UKBB	AFR	11	80	6607	5	16.6235284805298	0	0	0	0
TG	UKBB	AFR	11	81	3991	5	8.54611301422119	0	0	0	0
TG	UKBB	AFR	11	83	3189	5	3.63055396080017	0	0	0	0
TG	UKBB	AFR	11	89	829	5	0.814594745635986	0	0	0	0
TG	UKBB	AFR	11	90	10059	5	46.7025752067566	0	0	0	0
TG	UKBB	AFR	11	104	9132	5	37.9337303638458	0	0	0	0
TG	UKBB	AFR	11	108	1718	5	1.3325667381286599	0	0	0	0
TG	UKBB	AFR	11	112	5550	5	10.3520765304565	0	0	0	0
TG	UKBB	AFR	11	114	3752	5	6.08558392524719	0	0	0	0
TG	UKBB	AFR	11	117	10667	5	59.8598203659058	0	0	0	0
TG	UKBB	AFR	11	121	4624	5	8.02340006828308	0	0	0	0
TG	UKBB	AFR	11	123	3001	5	3.45260095596313	0	0	0	0
TG	UKBB	AFR	11	125	4146	5	6.49260449409485	0	0	0	0
TG	UKBB	AFR	11	126	9551	5	39.1058213710785	0	0	0	0
TG	UKBB	AFR	11	127	1047	5	1.41218733787537	0	0	0	0
TG	UKBB	AFR	11	128	607	5	0.735310077667236	0	0	0	0
TG	UKBB	AFR	11	129	4573	5	6.98683738708496	1	3	3	6
TG	UKBB	AFR	11	130	2322	5	3.02329325675964	0	0	0	0
TG	UKBB	AFR	11	131	465	5	0.759899377822876	0	0	0	0
TG	UKBB	AFR	11	133	4767	5	13.1145985126495	0	0	0	0
TG	UKBB	AFR	11	134	6118	5	15.8981971740723	0	0	0	0
TG	UKBB	AFR	11	138	2910	5	3.18115973472595	0	0	0	0
TG	UKBB	AFR	11	140	2538	5	2.73468732833862	0	0	0	0
TG	UKBB	AFR	11	147	8712	5	37.0950620174408	0	0	0	0
TG	UKBB	AFR	11	149	6795	5	15.9433867931366	0	0	0	0
TG	UKBB	AFR	11	151	3114	5	4.75642085075378	0	0	0	0
TG	UKBB	AFR	11	162	3121	5	3.63405561447144	0	0	0	0
TG	UKBB	AFR	12	1	2826	5	2.66976857185364	0	0	0	0
TG	UKBB	AFR	12	4	3212	5	3.72488570213318	0	0	0	0
TG	UKBB	AFR	12	12	1651	5	1.57235026359558	0	0	0	0
TG	UKBB	AFR	12	13	3088	5	6.00006461143494	0	0	0	0
TG	UKBB	AFR	12	17	2151	5	2.02546286582947	0	0	0	0
TG	UKBB	AFR	12	18	4409	5	7.00822615623474	0	0	0	0
TG	UKBB	AFR	12	23	6216	5	18.6361930370331	0	0	0	0
TG	UKBB	AFR	12	26	918	5	0.91563081741333	0	0	0	0
TG	UKBB	AFR	12	28	3477	5	4.13285565376282	0	0	0	0
TG	UKBB	AFR	12	29	642	5	0.799131631851196	0	0	0	0
TG	UKBB	AFR	12	31	1316	5	1.22690224647522	0	0	0	0
TG	UKBB	AFR	12	32	4695	5	7.09387493133545	0	0	0	0
TG	UKBB	AFR	12	33	4158	5	6.05850458145142	0	0	0	0
TG	UKBB	AFR	12	34	3429	5	3.97736430168152	0	0	0	0
TG	UKBB	AFR	12	35	1853	5	2.0899224281311	0	0	0	0
TG	UKBB	AFR	12	38	6232	5	17.2001979351044	0	0	0	0
TG	UKBB	AFR	12	40	2323	5	2.32086062431335	0	0	0	0
TG	UKBB	AFR	12	41	1525	5	1.197678565979	0	0	0	0
TG	UKBB	AFR	12	42	9586	5	45.0712130069733	0	0	0	0
TG	UKBB	AFR	12	45	3742	5	6.14641213417053	0	0	0	0
TG	UKBB	AFR	12	47	1512	5	1.3717668056488	0	0	0	0
TG	UKBB	AFR	12	48	5272	5	11.9596464633942	0	0	0	0
TG	UKBB	AFR	12	49	5823	5	13.6810073852539	0	0	0	0
TG	UKBB	AFR	12	51	3466	5	5.45263838768005	0	0	0	0
TG	UKBB	AFR	12	57	7387	5	20.6192998886108	0	0	0	0
TG	UKBB	AFR	12	58	4458	5	6.58336091041565	0	0	0	0
TG	UKBB	AFR	12	59	6832	5	16.9710941314697	0	0	0	0
TG	UKBB	AFR	12	60	3220	5	3.55255079269409	0	0	0	0
TG	UKBB	AFR	12	62	4119	5	6.8413462638855	0	0	0	0
TG	UKBB	AFR	12	63	5012	5	12.8985331058502	0	0	0	0
TG	UKBB	AFR	12	64	3338	5	4.25387501716614	0	0	0	0
TG	UKBB	AFR	12	66	5569	5	11.1351161003113	0	0	0	0
TG	UKBB	AFR	12	67	2997	5	3.18338561058044	0	0	0	0
TG	UKBB	AFR	12	68	1957	5	1.5716495513916	0	0	0	0
TG	UKBB	AFR	12	69	5623	5	17.6129953861237	0	0	0	0
TG	UKBB	AFR	12	70	2620	5	3.30135917663574	0	0	0	0
TG	UKBB	AFR	12	71	6630	5	16.8457360267639	0	0	0	0
TG	UKBB	AFR	12	72	17719	5	217.053718566895	0	0	0	0
TG	UKBB	AFR	12	73	5600	5	11.8047664165497	0	0	0	0
TG	UKBB	AFR	12	74	6578	5	13.9841411113739	0	0	0	0
TG	UKBB	AFR	12	75	807	5	0.751128196716309	0	0	0	0
TG	UKBB	AFR	12	76	3326	5	5.52529358863831	0	0	0	0
TG	UKBB	AFR	12	77	2903	5	3.692462682724	0	0	0	0
TG	UKBB	AFR	12	80	6780	5	21.854483127594	0	0	0	0
TG	UKBB	AFR	12	88	6204	5	17.9677753448486	0	0	0	0
TG	UKBB	AFR	12	92	8278	5	30.7310464382172	0	0	0	0
TG	UKBB	AFR	12	94	7020	5	21.9660937786102	0	0	0	0
TG	UKBB	AFR	12	102	1871	5	2.55403828620911	0	0	0	0
TG	UKBB	AFR	12	103	719	5	0.788143396377563	0	0	0	0
TG	UKBB	AFR	12	104	5337	5	14.8372921943665	0	0	0	0
TG	UKBB	AFR	12	113	4916	5	7.68474268913269	0	0	0	0
TG	UKBB	AFR	12	114	4779	5	8.85898375511169	0	0	0	0
TG	UKBB	AFR	12	117	5360	5	13.1416137218475	0	0	0	0
TG	UKBB	AFR	12	119	9521	5	43.6249310970306	0	0	0	0
TG	UKBB	AFR	12	120	2449	5	2.45690083503723	0	0	0	0
TG	UKBB	AFR	12	121	3620	5	4.98487544059753	0	0	0	0
TG	UKBB	AFR	12	122	8950	5	39.427850484848	0	0	0	0
TG	UKBB	AFR	12	125	5186	5	11.5455987453461	0	0	0	0
TG	UKBB	AFR	12	128	819	5	0.805131673812866	0	0	0	0
TG	UKBB	AFR	12	132	4740	5	7.95487999916077	0	0	0	0
TG	UKBB	AFR	12	138	8922	5	32.6211822032928	0	0	0	0
TG	UKBB	AFR	12	139	12323	5	64.5792276859283	0	0	0	0
TG	UKBB	AFR	12	140	2136	5	1.78805184364319	0	0	0	0
TG	UKBB	AFR	12	141	3051	5	4.11952185630798	0	0	0	0
TG	UKBB	AFR	13	8	4390	5	7.6067099571228	0	0	0	0
TG	UKBB	AFR	13	13	3004	5	4.15383791923523	0	0	0	0
TG	UKBB	AFR	13	16	4524	5	9.48218560218811	0	0	0	0
TG	UKBB	AFR	13	20	4310	5	6.51861763000488	0	0	0	0
TG	UKBB	AFR	13	21	5993	5	13.9810202121735	0	0	0	0
TG	UKBB	AFR	13	36	3562	5	4.01905298233032	0	0	0	0
TG	UKBB	AFR	13	40	3867	5	5.0119686126709	0	0	0	0
TG	UKBB	AFR	13	45	4752	5	8.10835742950439	0	0	0	0
TG	UKBB	AFR	13	47	2846	5	3.69323325157166	0	0	0	0
TG	UKBB	AFR	13	50	8693	5	37.5410399436951	0	0	0	0
TG	UKBB	AFR	13	53	4758	5	9.3308277130127	0	0	0	0
TG	UKBB	AFR	13	54	15315	5	112.621944665909	0	0	0	0
TG	UKBB	AFR	13	55	6160	5	13.4067404270172	0	0	0	0
TG	UKBB	AFR	13	58	9130	5	34.1235189437866	0	0	0	0
TG	UKBB	AFR	13	60	4906	5	8.77963471412659	0	0	0	0
TG	UKBB	AFR	13	64	2487	5	2.4276602268219	0	0	0	0
TG	UKBB	AFR	13	70	5741	5	11.065479516983	0	0	0	0
TG	UKBB	AFR	13	72	4101	5	6.16413259506226	0	0	0	0
TG	UKBB	AFR	13	84	3148	5	3.72436881065369	0	0	0	0
TG	UKBB	AFR	13	88	2010	5	1.69629096984863	0	0	0	0
TG	UKBB	AFR	13	90	5939	5	12.7717545032501	0	0	0	0
TG	UKBB	AFR	13	95	1899	5	1.83762526512146	0	0	0	0
TG	UKBB	AFR	13	96	2031	5	1.6834659576416	0	0	0	0
TG	UKBB	AFR	13	108	1056	5	1.85913872718811	0	0	0	0
TG	UKBB	AFR	13	115	1837	5	1.38865995407104	0	0	0	0
TG	UKBB	AFR	13	118	3266	5	3.59419655799866	0	0	0	0
TG	UKBB	AFR	13	125	5114	5	9.89496397972107	0	0	0	0
TG	UKBB	AFR	14	11	2173	5	2.64841175079346	0	0	0	0
TG	UKBB	AFR	14	13	1227	5	1.01829099655151	0	0	0	0
TG	UKBB	AFR	14	14	7456	5	20.8415722846985	0	0	0	0
TG	UKBB	AFR	14	19	5527	5	9.83341526985168	0	0	0	0
TG	UKBB	AFR	14	24	2101	5	1.94266891479492	0	0	0	0
TG	UKBB	AFR	14	31	7057	5	16.6068341732025	0	0	0	0
TG	UKBB	AFR	14	35	7201	5	16.5544271469116	0	0	0	0
TG	UKBB	AFR	14	42	3965	5	5.31313967704773	0	0	0	0
TG	UKBB	AFR	14	44	3689	5	4.31746459007263	0	0	0	0
TG	UKBB	AFR	14	46	3342	5	5.94252300262451	0	0	0	0
TG	UKBB	AFR	14	47	6418	5	15.687949180603	0	0	0	0
TG	UKBB	AFR	14	51	5386	5	11.910736322403	0	0	0	0
TG	UKBB	AFR	14	56	2574	5	4.42829537391663	0	0	0	0
TG	UKBB	AFR	14	57	9634	5	46.7244448661804	0	0	0	0
TG	UKBB	AFR	14	63	8531	5	35.3346002101898	0	0	0	0
TG	UKBB	AFR	14	64	2602	5	2.81487107276917	0	0	0	0
TG	UKBB	AFR	14	66	4388	5	7.36338305473328	0	0	0	0
TG	UKBB	AFR	14	67	5457	5	10.1103503704071	0	0	0	0
TG	UKBB	AFR	14	70	6285	5	15.2009801864624	0	0	0	0
TG	UKBB	AFR	14	72	8333	5	27.8991405963898	0	0	0	0
TG	UKBB	AFR	14	80	1205	5	1.12389755249023	0	0	0	0
TG	UKBB	AFR	14	81	6863	5	23.907208442688	0	0	0	0
TG	UKBB	AFR	14	84	2252	5	2.20662093162537	0	0	0	0
TG	UKBB	AFR	14	95	1780	5	1.3580641746521	0	0	0	0
TG	UKBB	AFR	14	96	608	5	2.23962807655334	0	0	0	0
TG	UKBB	AFR	14	105	2636	5	2.36628556251526	0	0	0	0
TG	UKBB	AFR	14	106	2336	5	2.02608489990234	0	0	0	0
TG	UKBB	AFR	14	120	1904	5	2.43052554130554	0	0	0	0
TG	UKBB	AFR	14	121	6054	5	11.9319756031036	0	0	0	0
TG	UKBB	AFR	14	126	7217	5	19.0054717063904	0	0	0	0
TG	UKBB	AFR	14	127	4978	5	9.24947190284729	0	0	0	0
TG	UKBB	AFR	14	129	3477	5	5.74486541748047	0	0	0	0
TG	UKBB	AFR	15	22	6927	5	18.9675998687744	0	0	0	0
TG	UKBB	AFR	15	28	3852	5	5.16108894348145	0	0	0	0
TG	UKBB	AFR	15	34	1751	5	1.24274182319641	0	0	0	0
TG	UKBB	AFR	15	35	5014	5	9.12545299530029	0	0	0	0
TG	UKBB	AFR	15	37	6765	5	16.1682116985321	0	0	0	0
TG	UKBB	AFR	15	38	7893	5	25.3925228118896	0	0	0	0
TG	UKBB	AFR	15	39	6015	5	13.4192707538605	0	0	0	0
TG	UKBB	AFR	15	41	5395	5	13.7100849151611	0	0	0	0
TG	UKBB	AFR	15	45	11854	5	67.7979619503021	0	0	0	0
TG	UKBB	AFR	15	48	10467	5	50.4115087985992	0	0	0	0
TG	UKBB	AFR	15	49	1095	5	0.999956607818604	0	0	0	0
TG	UKBB	AFR	15	50	5279	5	11.6389954090118	0	0	0	0
TG	UKBB	AFR	15	52	3613	5	6.20632529258728	0	0	0	0
TG	UKBB	AFR	15	53	693	5	0.676919460296631	0	1	1	3
TG	UKBB	AFR	15	54	4234	5	6.32610678672791	0	0	0	0
TG	UKBB	AFR	15	56	4671	5	8.36512112617493	0	0	0	0
TG	UKBB	AFR	15	59	8092	5	23.3847472667694	0	0	0	0
TG	UKBB	AFR	15	62	10422	5	48.4007787704468	0	0	0	0
TG	UKBB	AFR	15	64	3036	5	4.5148241519928	0	0	0	0
TG	UKBB	AFR	15	66	5818	5	12.6978321075439	0	0	0	0
TG	UKBB	AFR	15	71	205	5	0.599576234817505	0	0	0	0
TG	UKBB	AFR	15	72	1876	5	1.66874265670776	0	0	0	0
TG	UKBB	AFR	15	73	2184	5	2.12813282012939	0	0	0	0
TG	UKBB	AFR	15	85	4991	5	10.2674951553345	0	0	0	0
TG	UKBB	AFR	15	99	632	5	0.686972141265869	0	0	0	0
TG	UKBB	AFR	15	108	1777	5	1.40586876869202	0	0	0	0
TG	UKBB	AFR	15	111	3109	5	3.60788774490356	0	0	0	0
TG	UKBB	AFR	15	117	1863	5	1.78368735313416	0	0	0	0
TG	UKBB	AFR	15	118	1202	5	1.01312613487244	0	1	0	0
TG	UKBB	AFR	16	1	4144	5	9.01610708236694	0	0	0	0
TG	UKBB	AFR	16	2	1038	5	0.946368932723999	0	0	0	0
TG	UKBB	AFR	16	4	5215	5	11.073176622390701	0	0	0	0
TG	UKBB	AFR	16	5	2182	5	1.80550956726074	0	0	0	0
TG	UKBB	AFR	16	7	3705	5	4.75291991233826	0	0	0	0
TG	UKBB	AFR	16	9	5541	5	12.6892433166504	0	0	0	0
TG	UKBB	AFR	16	17	1688	5	1.26936316490173	0	0	0	0
TG	UKBB	AFR	16	24	1957	5	1.65310883522034	0	0	0	0
TG	UKBB	AFR	16	25	4194	5	7.18468880653381	0	0	0	0
TG	UKBB	AFR	16	33	8148	5	25.9229485988617	0	0	0	0
TG	UKBB	AFR	16	37	5929	5	13.2001571655273	0	0	0	0
TG	UKBB	AFR	16	59	4057	5	5.61923027038574	0	0	0	0
TG	UKBB	AFR	16	62	2974	5	3.27236580848694	0	0	0	0
TG	UKBB	AFR	16	64	1353	5	0.942483425140381	0	0	0	0
TG	UKBB	AFR	16	68	3553	5	3.98347043991089	0	0	0	0
TG	UKBB	AFR	16	75	5598	5	13.9301421642303	0	0	0	0
TG	UKBB	AFR	16	76	3795	5	5.07661366462708	0	0	0	0
TG	UKBB	AFR	16	85	9492	5	55.9914903640747	0	0	0	0
TG	UKBB	AFR	16	88	8751	5	32.1672103404999	0	0	0	0
TG	UKBB	AFR	16	89	11501	5	53.0284700393677	0	0	0	0
TG	UKBB	AFR	16	90	2683	5	2.56292605400085	0	0	0	0
TG	UKBB	AFR	16	93	9257	5	33.5972707271576	0	0	0	0
TG	UKBB	AFR	16	94	9923	5	37.8610255718231	0	0	0	0
TG	UKBB	AFR	16	100	637	5	0.959290981292725	0	1	0	0
TG	UKBB	AFR	16	103	12847	5	64.2225029468536	0	1	0	0
TG	UKBB	AFR	16	104	3572	5	4.95698475837708	0	0	0	0
TG	UKBB	AFR	16	105	2929	5	3.1666886806488	0	0	0	0
TG	UKBB	AFR	16	107	3419	5	5.19780588150024	0	0	0	0
TG	UKBB	AFR	16	110	2915	5	3.00048112869263	0	0	0	0
TG	UKBB	AFR	16	114	2243	5	2.35443043708801	0	0	0	0
TG	UKBB	AFR	16	116	2676	5	3.50384449958801	0	0	0	0
TG	UKBB	AFR	16	119	3799	5	6.56167674064636	0	0	0	0
TG	UKBB	AFR	16	125	3217	5	4.66183733940125	0	0	0	0
TG	UKBB	AFR	16	128	11526	5	55.0130450725555	0	0	0	0
TG	UKBB	AFR	17	3	3276	5	3.65613222122192	0	0	0	0
TG	UKBB	AFR	17	8	460	5	0.659400224685669	0	0	0	0
TG	UKBB	AFR	17	9	5553	5	11.9701800346375	0	0	0	0
TG	UKBB	AFR	17	15	295	5	0.695327043533325	0	0	0	0
TG	UKBB	AFR	17	16	1101	5	0.895774841308594	0	0	0	0
TG	UKBB	AFR	17	17	5662	5	13.9284749031067	0	0	0	0
TG	UKBB	AFR	17	23	2058	5	1.65716099739075	0	0	0	0
TG	UKBB	AFR	17	24	3495	5	4.01300191879272	0	0	0	0
TG	UKBB	AFR	17	45	248	5	0.566688537597656	0	0	0	0
TG	UKBB	AFR	17	51	8748	5	31.4407675266266	0	0	0	0
TG	UKBB	AFR	17	55	10957	5	49.6282856464386	0	0	0	0
TG	UKBB	AFR	17	66	666	5	0.933376550674438	0	0	0	0
TG	UKBB	AFR	17	73	8540	5	38.8005290031433	0	0	0	0
TG	UKBB	AFR	17	74	9211	5	40.606344461441	0	0	0	0
TG	UKBB	AFR	17	75	6858	5	17.0080211162567	0	0	0	0
TG	UKBB	AFR	17	76	3405	5	3.92090797424316	0	0	0	0
TG	UKBB	AFR	17	79	3253	5	3.69241094589233	0	0	0	0
TG	UKBB	AFR	17	80	3811	5	4.56923007965088	0	0	0	0
TG	UKBB	AFR	17	87	2526	5	2.33745574951172	0	0	0	0
TG	UKBB	AFR	17	90	8569	5	34.385057926178	0	0	0	0
TG	UKBB	AFR	17	94	4401	5	8.78519868850708	0	0	0	0
TG	UKBB	AFR	17	97	5989	5	11.6706187725067	0	0	0	0
TG	UKBB	AFR	17	98	3091	5	3.4258668422699	0	0	0	0
TG	UKBB	AFR	17	99	566	5	0.659831285476685	0	0	0	0
TG	UKBB	AFR	17	100	3928	5	5.0151948928833	0	0	0	0
TG	UKBB	AFR	17	101	2826	5	2.68853092193604	0	0	0	0
TG	UKBB	AFR	17	102	2331	5	2.34737992286682	0	0	0	0
TG	UKBB	AFR	17	103	2198	5	1.92980122566223	0	0	0	0
TG	UKBB	AFR	17	105	3811	5	6.66971135139465	0	0	0	0
TG	UKBB	AFR	17	108	587	5	0.574335336685181	0	0	0	0
TG	UKBB	AFR	17	117	4887	5	8.35354256629944	0	0	0	0
TG	UKBB	AFR	17	118	4059	5	5.95390462875366	0	0	0	0
TG	UKBB	AFR	17	123	3901	5	5.03317189216614	0	0	0	0
TG	UKBB	AFR	17	125	5751	5	11.5297720432281	0	0	0	0
TG	UKBB	AFR	17	133	2406	5	2.13715243339539	0	0	0	0
TG	UKBB	AFR	18	1	1804	5	1.51896977424622	0	0	0	0
TG	UKBB	AFR	18	6	1544	5	1.79806184768677	0	0	0	0
TG	UKBB	AFR	18	7	3649	5	5.44345712661743	0	0	0	0
TG	UKBB	AFR	18	22	1221	5	1.33294296264648	0	0	0	0
TG	UKBB	AFR	18	23	1299	5	1.04314947128296	0	0	0	0
TG	UKBB	AFR	18	28	3926	5	4.47853088378906	0	0	0	0
TG	UKBB	AFR	18	39	7582	5	18.2755796909332	0	0	0	0
TG	UKBB	AFR	18	41	11091	5	51.6782164573669	0	0	0	0
TG	UKBB	AFR	18	42	6173	5	14.4958822727203	0	0	0	0
TG	UKBB	AFR	18	52	4333	5	9.13357257843018	0	0	0	0
TG	UKBB	AFR	18	60	6801	5	15.6620423793793	0	0	0	0
TG	UKBB	AFR	18	61	5647	5	12.3705153465271	0	0	0	0
TG	UKBB	AFR	18	65	5765	5	12.6532168388367	0	0	0	0
TG	UKBB	AFR	18	69	9400	5	33.1827330589294	0	0	0	0
TG	UKBB	AFR	18	74	8927	5	32.8517129421234	0	0	0	0
TG	UKBB	AFR	18	77	1357	5	1.6922402381897	0	0	0	0
TG	UKBB	AFR	18	79	1987	5	1.76895666122437	0	0	0	0
TG	UKBB	AFR	18	80	3570	5	4.48666667938232	0	0	0	0
TG	UKBB	AFR	18	82	7491	5	20.5242302417755	0	0	0	0
TG	UKBB	AFR	18	85	5953	5	11.7525496482849	0	0	0	0
TG	UKBB	AFR	18	86	196	5	0.622848510742188	0	0	0	0
TG	UKBB	AFR	18	87	275	5	0.909297227859497	0	0	0	0
TG	UKBB	AFR	18	120	3222	5	3.41567468643188	0	0	0	0
TG	UKBB	AFR	19	1	512	5	0.626327276229858	0	0	0	0
TG	UKBB	AFR	19	4	51	5	0.569081544876099	0	0	0	0
TG	UKBB	AFR	19	5	45	5	0.676195621490479	0	0	0	0
TG	UKBB	AFR	19	6	1725	5	1.47638130187988	0	0	0	0
TG	UKBB	AFR	19	10	1528	5	1.76841139793396	0	0	0	0
TG	UKBB	AFR	19	15	971	5	0.926759719848633	0	0	0	0
TG	UKBB	AFR	19	16	725	5	0.751276254653931	0	0	0	0
TG	UKBB	AFR	19	19	471	5	0.679365396499634	0	0	0	0
TG	UKBB	AFR	19	20	1450	5	2.41019821166992	0	0	0	0
TG	UKBB	AFR	19	21	929	5	0.800816774368286	0	0	0	0
TG	UKBB	AFR	19	22	3852	5	4.54357528686523	0	0	0	0
TG	UKBB	AFR	19	29	2301	5	2.36560964584351	0	0	0	0
TG	UKBB	AFR	19	30	2376	5	4.21744060516357	0	0	0	0
TG	UKBB	AFR	19	32	2902	5	2.81318831443787	0	0	0	0
TG	UKBB	AFR	19	33	1497	5	1.09411120414734	0	0	0	0
TG	UKBB	AFR	19	34	1648	5	1.17688536643982	0	0	0	0
TG	UKBB	AFR	19	35	4021	5	5.28653979301453	0	0	0	0
TG	UKBB	AFR	19	37	4743	5	9.48694562911987	0	0	0	0
TG	UKBB	AFR	19	38	1094	5	0.969681262969971	0	1	0	0
TG	UKBB	AFR	19	39	6780	5	13.8002212047577	0	0	0	0
TG	UKBB	AFR	19	45	1250	5	1.22597432136536	0	0	0	0
TG	UKBB	AFR	19	51	2289	5	2.11228537559509	0	0	0	0
TG	UKBB	AFR	19	52	2589	5	2.95343327522278	0	0	0	0
TG	UKBB	AFR	19	53	5454	5	12.518214225769	0	0	0	0
TG	UKBB	AFR	19	54	9436	5	38.6162037849426	0	0	0	0
TG	UKBB	AFR	19	62	5922	5	14.52077460289	0	0	0	0
TG	UKBB	AFR	19	63	2438	5	2.53223371505737	0	0	0	0
TG	UKBB	AFR	19	64	6984	5	14.9802076816559	0	0	0	0
TG	UKBB	AFR	19	65	2323	5	2.11465883255005	0	0	0	0
TG	UKBB	AFR	19	67	10985	5	52.1351091861725	0	0	0	0
TG	UKBB	AFR	19	69	4679	5	7.58449387550354	0	0	0	0
TG	UKBB	AFR	19	70	3901	5	4.95852947235107	0	0	0	0
TG	UKBB	AFR	19	71	549	5	0.577097654342651	0	0	0	0
TG	UKBB	AFR	19	72	7242	5	18.7721090316772	0	0	0	0
TG	UKBB	AFR	19	74	5716	5	14.004894733429	0	0	0	0
TG	UKBB	AFR	19	75	1275	5	1.05124187469482	1	1	1	1
TG	UKBB	AFR	19	76	5202	5	8.79781699180603	0	0	0	0
TG	UKBB	AFR	19	77	8227	5	26.110182762146	0	0	0	0
TG	UKBB	AFR	19	79	3079	5	3.20368194580078	0	0	0	0
TG	UKBB	AFR	19	80	1437	5	1.3896541595459	0	0	0	0
TG	UKBB	AFR	19	81	3989	5	4.6914746761322	0	0	0	0
TG	UKBB	AFR	19	90	4172	5	6.29769420623779	0	0	0	0
TG	UKBB	AFR	19	93	1602	5	1.32082533836365	0	0	0	0
TG	UKBB	AFR	19	98	1514	5	1.18738985061646	0	0	0	0
TG	UKBB	AFR	19	104	2466	5	3.42315459251404	0	0	0	0
TG	UKBB	AFR	19	106	1252	5	0.958370685577393	0	0	0	0
TG	UKBB	AFR	19	109	435	5	0.616925477981567	0	0	0	0
TG	UKBB	AFR	19	110	5441	5	9.83773875236511	0	0	0	0
TG	UKBB	AFR	20	2	1854	5	1.95989632606506	0	0	0	0
TG	UKBB	AFR	20	7	2874	5	3.6091787815094	0	0	0	0
TG	UKBB	AFR	20	18	1913	5	1.62472033500671	0	0	0	0
TG	UKBB	AFR	20	19	658	5	0.706734180450439	0	0	0	0
TG	UKBB	AFR	20	23	526	5	0.665613412857056	0	0	0	0
TG	UKBB	AFR	20	34	3145	5	3.46895575523376	0	0	0	0
TG	UKBB	AFR	20	40	2374	5	2.12488913536072	0	0	0	0
TG	UKBB	AFR	20	47	3830	5	7.51440834999084	0	0	0	0
TG	UKBB	AFR	20	48	6717	5	14.185685634613	0	0	0	0
TG	UKBB	AFR	20	59	8531	5	31.8740990161896	0	0	0	0
TG	UKBB	AFR	20	60	4593	5	9.56818699836731	0	0	0	0
TG	UKBB	AFR	20	62	3972	5	6.51832818984985	0	0	0	0
TG	UKBB	AFR	20	63	8548	5	30.1001343727112	0	0	0	0
TG	UKBB	AFR	20	64	2164	5	1.81351661682129	0	0	0	0
TG	UKBB	AFR	20	65	4608	5	6.84875345230103	0	0	0	0
TG	UKBB	AFR	20	68	1768	5	1.59009218215942	0	0	0	0
TG	UKBB	AFR	20	69	3603	5	5.17829442024231	0	0	0	0
TG	UKBB	AFR	20	70	2899	5	2.7632429599762	0	0	0	0
TG	UKBB	AFR	20	71	4278	5	5.93154430389404	0	0	0	0
TG	UKBB	AFR	20	73	3981	5	5.3383936882019	0	0	0	0
TG	UKBB	AFR	20	84	4183	5	5.62642765045166	0	0	0	0
TG	UKBB	AFR	20	86	3101	5	3.88888907432556	0	0	0	0
TG	UKBB	AFR	20	87	1669	5	1.34967756271362	0	0	0	0
TG	UKBB	AFR	20	91	3564	5	4.50665664672852	0	0	0	0
TG	UKBB	AFR	20	93	6031	5	17.6703116893768	0	0	0	0
TG	UKBB	AFR	20	99	3483	5	4.19819593429565	0	0	0	0
TG	UKBB	AFR	20	115	3411	5	3.63076448440552	0	0	0	0
TG	UKBB	AFR	21	2	932	5	0.786386728286743	0	0	0	0
TG	UKBB	AFR	21	4	684	5	0.69769549369812	0	0	0	0
TG	UKBB	AFR	21	5	2551	5	2.80692934989929	0	0	0	0
TG	UKBB	AFR	21	48	6502	5	15.6641473770142	0	0	0	0
TG	UKBB	AFR	21	53	2531	5	2.24742245674133	0	0	0	0
TG	UKBB	AFR	21	63	2536	5	2.30953288078308	0	0	0	0
TG	UKBB	AFR	21	64	4493	5	6.63693308830261	0	1	1	3
TG	UKBB	AFR	21	65	3101	5	3.29745388031006	0	0	0	0
TG	UKBB	AFR	22	1	2254	5	5.25493168830872	0	0	0	0
TG	UKBB	AFR	22	7	1319	5	0.903842449188232	0	0	0	0
TG	UKBB	AFR	22	13	2263	5	1.98180270195007	0	0	0	0
TG	UKBB	AFR	22	19	2443	5	2.27290105819702	0	0	0	0
TG	UKBB	AFR	22	29	4289	5	6.550537109375	0	0	0	0
TG	UKBB	AFR	22	30	14085	5	77.8681285381317	0	0	0	0
TG	UKBB	AFR	22	37	3536	5	7.73174929618835	0	0	0	0
TG	UKBB	AFR	22	40	1761	5	1.59749150276184	0	0	0	0
TG	UKBB	AFR	22	43	3635	5	4.54016256332397	0	0	0	0
TG	UKBB	AFR	22	44	2508	5	3.3554744720459	0	0	0	0
TG	UKBB	AFR	22	45	3920	5	5.23634815216064	0	0	0	0
TG	UKBB	AFR	22	46	8934	5	32.7752268314362	0	0	0	0
TG	UKBB	AFR	22	49	770	5	0.747560977935791	0	0	0	0
TG	UKBB	AFR	22	54	2641	5	2.84968280792236	0	0	0	0
TG	UKBB	AFR	22	56	184	5	0.565844297409058	0	0	0	0
TG	UKBB	AFR	22	57	1963	5	1.47021317481995	0	0	0	0
TG	UKBB	AFR	22	64	1781	5	1.43089985847473	0	0	0	0
TG	UKBB	AFR	22	69	3063	5	3.24055504798889	0	0	0	0
TG	UKBB	AFR	22	70	5094	5	11.3888885974884	0	0	0	0
