pheno	db	pid	chromosome	block	num_variants	time	num_variants_0.95	num_variants_0.5	num_CS95	num_variants_CS95
HDL	META	EAS	1	1	79	7.05519413948059	0	0	0	0
HDL	META	EAS	1	2	125	13.2700073719025	0	0	0	0
HDL	META	EAS	1	3	185	22.8613169193268	0	0	0	0
HDL	META	EAS	1	5	706	147.084209442139	0	0	0	0
HDL	META	EAS	1	15	1491	314.793520212173	0	0	0	0
HDL	META	EAS	1	17	1897	585.628168106079	0	0	0	0
HDL	META	EAS	1	18	764	73.5142688751221	0	0	0	0
HDL	META	EAS	1	19	1408	359.11333656311	0	0	0	0
HDL	META	EAS	1	21	1162	227.677000045776	0	0	0	0
HDL	META	EAS	1	23	687	105.420257091522	0	0	0	0
HDL	META	EAS	1	24	410	64.7256059646606	0	0	0	0
HDL	META	EAS	1	35	1503	325.541176795959	0	0	0	0
HDL	META	EAS	1	40	763	143.128828048706	0	0	0	0
HDL	META	EAS	1	43	434	49.7475774288177	0	0	0	0
HDL	META	EAS	1	44	461	53.5401537418365	0	0	0	0
HDL	META	EAS	1	46	1305	272.007125854492	0	0	0	0
HDL	META	EAS	1	48	670	67.3459634780884	0	0	0	0
HDL	META	EAS	1	49	467	70.7506587505341	0	0	0	0
HDL	META	EAS	1	50	975	78.713885307312	0	0	0	0
HDL	META	EAS	1	51	593	119.287971019745	0	0	0	0
HDL	META	EAS	1	52	1588	331.34694814682	0	0	0	0
HDL	META	EAS	1	53	1255	221.687766313553	0	0	0	0
HDL	META	EAS	1	57	1409	327.212194442749	0	0	0	0
HDL	META	EAS	1	63	1603	359.359165430069	0	0	0	0
HDL	META	EAS	1	70	1467	319.949101686478	0	0	1	25
HDL	META	EAS	1	71	1609	278.093821763992	0	0	0	0
HDL	META	EAS	1	73	1742	463.421824932098	0	0	0	0
HDL	META	EAS	1	74	1570	444.046043634415	0	0	0	0
HDL	META	EAS	1	75	2538	718.843314409256	0	0	0	0
HDL	META	EAS	1	76	1397	313.657570123672	0	0	0	0
HDL	META	EAS	1	80	877	184.277939796448	0	0	0	0
HDL	META	EAS	1	85	864	164.676491498947	0	0	0	0
HDL	META	EAS	1	87	736	114.261099815369	0	0	0	0
HDL	META	EAS	1	90	183	21.5711011886597	0	0	0	0
HDL	META	EAS	1	92	1472	103.41056728363	0	0	0	0
HDL	META	EAS	1	94	315	32.2628419399261	0	0	0	0
HDL	META	EAS	1	96	1336	358.4533598423	0	0	0	0
HDL	META	EAS	1	97	1543	432.378489732742	0	0	0	0
HDL	META	EAS	1	98	1352	262.802693128586	0	0	0	0
HDL	META	EAS	1	100	1601	353.847375631332	0	0	0	0
HDL	META	EAS	1	102	1084	260.145061016083	0	0	0	0
HDL	META	EAS	1	105	3186	1178.33570766449	0	0	0	0
HDL	META	EAS	1	110	567	98.3997843265533	0	0	0	0
HDL	META	EAS	1	113	1198	281.162676334381	0	0	0	0
HDL	META	EAS	1	117	957	165.018241643906	0	0	0	0
HDL	META	EAS	1	122	2436	629.389458179474	0	0	0	0
HDL	META	EAS	1	124	2163	614.840312004089	0	0	0	0
HDL	META	EAS	1	125	2333	820.880048513412	0	0	1	51
HDL	META	EAS	1	128	2148	560.150539875031	0	0	0	0
HDL	META	EAS	1	129	528	68.5671308040619	0	0	0	0
HDL	META	EAS	1	132	1620	373.872666358948	0	0	0	0
HDL	META	EAS	1	136	1302	309.399441719055	0	0	0	0
HDL	META	EAS	1	138	1511	89.9233829975128	0	0	0	0
HDL	META	EAS	1	139	404	38.9819869995117	1	1	1	1
HDL	META	EAS	1	143	1088	186.875456571579	0	0	0	0
HDL	META	EAS	1	153	1690	446.539681911469	0	0	0	0
HDL	META	EAS	1	154	2238	719.201019048691	0	0	0	0
HDL	META	EAS	1	156	1318	312.431648492813	0	0	0	0
HDL	META	EAS	1	158	972	195.621007442474	0	0	0	0
HDL	META	EAS	1	159	244	28.7322199344635	0	0	0	0
HDL	META	EAS	1	160	1181	192.755525588989	0	0	0	0
HDL	META	EAS	1	168	1652	371.486423969269	0	0	0	0
HDL	META	EAS	1	173	1318	316.315111160278	0	0	0	0
HDL	META	EAS	1	181	2184	300.409996032715	0	0	0	0
HDL	META	EAS	1	182	2121	698.893137216568	0	0	0	0
HDL	META	EAS	1	183	2195	672.662130355835	0	0	0	0
HDL	META	EAS	1	187	1469	100.153152704239	0	0	1	15
HDL	META	EAS	1	189	1035	152.797908782959	0	0	0	0
HDL	META	EAS	1	191	1476	208.146590709686	0	0	0	0
HDL	META	EAS	1	192	1721	302.147488355637	0	0	0	0
HDL	META	EAS	1	193	1979	476.034246444702	0	0	0	0
HDL	META	EAS	1	201	1770	542.369245529175	0	0	0	0
HDL	META	EAS	1	202	1551	366.31533741951	0	0	0	0
HDL	META	EAS	1	203	1474	369.165733098984	0	0	0	0
HDL	META	EAS	1	204	1393	299.900298833847	0	0	0	0
HDL	META	EAS	1	207	962	150.211444377899	0	0	0	0
HDL	META	EAS	1	208	1320	336.629049777985	0	0	0	0
HDL	META	EAS	1	209	522	84.0718991756439	0	0	0	0
HDL	META	EAS	1	211	769	142.150946378708	0	0	0	0
HDL	META	EAS	1	213	860	135.619272947311	0	0	0	0
HDL	META	EAS	1	214	698	96.0902683734894	0	0	0	0
HDL	META	EAS	1	215	283	19.0710065364838	0	0	0	0
HDL	META	EAS	1	216	1555	378.751843214035	0	0	0	0
HDL	META	EAS	1	218	271	34.9666492938995	0	0	0	0
HDL	META	EAS	1	221	1701	75.1023275852203	0	0	0	0
HDL	META	EAS	1	224	1161	133.850622177124	0	0	0	0
HDL	META	EAS	1	228	842	159.336889505386	0	0	0	0
HDL	META	EAS	1	233	2215	468.621461391449	0	0	0	0
HDL	META	EAS	1	234	2592	245.945630788803	0	1	1	2
HDL	META	EAS	1	235	1543	344.439019203186	0	0	0	0
HDL	META	EAS	1	238	3544	1328.77600836754	0	0	0	0
HDL	META	EAS	1	239	1000	132.009495973587	0	0	0	0
HDL	META	EAS	1	240	3844	1328.76196360588	0	0	0	0
HDL	META	EAS	1	242	578	59.0007643699646	0	0	1	24
HDL	META	EAS	1	243	912	281.317746639252	1	1	2	15
HDL	META	EAS	1	244	2001	579.979855775833	0	0	0	0
HDL	META	EAS	1	252	678	15.6810193061829	0	0	0	0
HDL	META	EAS	1	253	195	21.559063911438	0	0	0	0
HDL	META	EAS	1	254	1131	167.729753255844	0	0	0	0
HDL	META	EAS	1	255	857	153.550348043442	0	0	0	0
HDL	META	EAS	1	257	1056	255.427757501602	0	0	0	0
HDL	META	EAS	1	264	872	128.406658411026	0	0	0	0
HDL	META	EAS	1	275	431	64.241025686264	0	0	0	0
HDL	META	EAS	2	1	500	60.798100233078	0	0	0	0
HDL	META	EAS	2	2	2996	995.150498628616	0	0	0	0
HDL	META	EAS	2	3	947	159.322895288467	0	0	0	0
HDL	META	EAS	2	4	733	53.6260161399841	0	0	0	0
HDL	META	EAS	2	6	961	156.124763011932	0	0	0	0
HDL	META	EAS	2	13	1971	519.276270151138	0	0	0	0
HDL	META	EAS	2	28	322	42.6449840068817	0	0	0	0
HDL	META	EAS	2	40	2287	581.429655075073	0	0	0	0
HDL	META	EAS	2	41	990	209.821716785431	0	0	0	0
HDL	META	EAS	2	44	771	119.007364034653	0	0	2	42
HDL	META	EAS	2	45	1738	422.947432756424	0	0	0	0
HDL	META	EAS	2	46	887	144.010093450546	0	0	0	0
HDL	META	EAS	2	47	2226	589.510836839676	0	0	0	0
HDL	META	EAS	2	48	1204	291.773764610291	0	0	0	0
HDL	META	EAS	2	49	1381	360.271682739258	0	0	0	0
HDL	META	EAS	2	50	1317	233.978373765945	0	0	0	0
HDL	META	EAS	2	51	1426	352.256994009018	0	0	0	0
HDL	META	EAS	2	53	1099	231.599767208099	0	0	0	0
HDL	META	EAS	2	55	2764	752.91666674614	0	0	0	0
HDL	META	EAS	2	60	1681	427.568489789963	0	0	0	0
HDL	META	EAS	2	62	865	168.057881832123	0	0	0	0
HDL	META	EAS	2	63	1242	255.157113313675	0	0	0	0
HDL	META	EAS	2	66	3397	1218.25296711922	0	0	0	0
HDL	META	EAS	2	67	3664	1453.21244120598	0	0	0	0
HDL	META	EAS	2	68	591	100.272732496262	0	0	0	0
HDL	META	EAS	2	69	1987	542.979902267456	0	0	0	0
HDL	META	EAS	2	79	1481	361.22580242157	0	0	0	0
HDL	META	EAS	2	80	3732	920.43580532074	0	0	0	0
HDL	META	EAS	2	84	5318	1093.7052423954	0	0	0	0
HDL	META	EAS	2	85	5200	1690.89161109924	0	0	0	0
HDL	META	EAS	2	86	1820	537.786025524139	0	0	0	0
HDL	META	EAS	2	87	642	114.676483631134	0	0	0	0
HDL	META	EAS	2	88	5381	1854.53401255608	0	0	0	0
HDL	META	EAS	2	89	1018	207.738019227982	0	0	0	0
HDL	META	EAS	2	90	1201	214.168296337128	0	0	0	0
HDL	META	EAS	2	97	2242	754.491631984711	0	0	0	0
HDL	META	EAS	2	99	998	192.977330684662	0	0	0	0
HDL	META	EAS	2	100	946	196.655749559402	0	0	0	0
HDL	META	EAS	2	115	2598	718.873471975327	0	0	0	0
HDL	META	EAS	2	117	1185	228.16402888298	0	0	0	0
HDL	META	EAS	2	122	958	6.91599488258362	0	1	0	0
HDL	META	EAS	2	124	1661	173.063722610474	0	0	0	0
HDL	META	EAS	2	125	1580	350.721747875214	0	0	0	0
HDL	META	EAS	2	128	2313	277.825233697891	0	0	0	0
HDL	META	EAS	2	130	328	44.3219041824341	0	0	0	0
HDL	META	EAS	2	131	85	5.58842587471008	0	0	0	0
HDL	META	EAS	2	132	270	33.9350402355194	0	0	0	0
HDL	META	EAS	2	138	2247	579.850432872772	0	0	0	0
HDL	META	EAS	2	146	2696	694.328574895859	0	0	0	0
HDL	META	EAS	2	147	4114	1592.88815760612	0	0	0	0
HDL	META	EAS	2	151	1386	365.024460077286	0	0	0	0
HDL	META	EAS	2	153	1807	473.859915018082	0	0	0	0
HDL	META	EAS	2	154	1152	215.270037889481	0	0	0	0
HDL	META	EAS	2	159	3794	615.896377325058	0	0	0	0
HDL	META	EAS	2	163	62	4.59603667259216	0	0	0	0
HDL	META	EAS	2	164	406	54.2401623725891	0	0	0	0
HDL	META	EAS	2	166	3675	565.953528642654	0	0	0	0
HDL	META	EAS	2	168	1587	321.583832025528	0	0	0	0
HDL	META	EAS	2	171	2469	275.75124669075	0	0	0	0
HDL	META	EAS	2	175	94	8.48870444297791	0	0	0	0
HDL	META	EAS	2	176	2589	591.158037900925	0	0	0	0
HDL	META	EAS	2	177	2152	589.262311458588	0	0	0	0
HDL	META	EAS	2	180	1461	297.704903841019	0	0	0	0
HDL	META	EAS	2	181	2105	550.056774616241	0	0	0	0
HDL	META	EAS	2	183	771	113.884385824203	0	0	0	0
HDL	META	EAS	2	184	3170	1206.15585422516	0	0	0	0
HDL	META	EAS	2	185	824	157.658908843994	0	0	0	0
HDL	META	EAS	2	186	2360	555.386636018753	0	0	0	0
HDL	META	EAS	2	191	554	88.0376572608948	0	0	0	0
HDL	META	EAS	2	195	3948	1041.08209061623	0	0	0	0
HDL	META	EAS	2	197	1899	591.634004592896	0	0	0	0
HDL	META	EAS	2	199	2179	651.20076584816	0	0	0	0
HDL	META	EAS	2	202	224	25.483952999115	0	0	0	0
HDL	META	EAS	2	205	936	176.016319990158	0	0	0	0
HDL	META	EAS	2	208	2585	909.505884647369	0	0	0	0
HDL	META	EAS	2	209	556	68.6986486911774	0	0	0	0
HDL	META	EAS	2	210	1200	273.332389831543	0	0	0	0
HDL	META	EAS	2	213	3410	1215.70586252213	0	0	0	0
HDL	META	EAS	2	215	1340	305.258607387543	0	0	0	0
HDL	META	EAS	2	217	821	131.923035621643	0	0	0	0
HDL	META	EAS	2	218	735	124.096845149994	0	0	0	0
HDL	META	EAS	2	221	1446	358.289457321167	0	0	0	0
HDL	META	EAS	2	227	1009	119.214211940765	0	0	0	0
HDL	META	EAS	2	228	1194	203.893648386002	0	0	0	0
HDL	META	EAS	2	230	1067	180.492030858994	0	0	1	54
HDL	META	EAS	2	232	1014	175.149449110031	0	0	0	0
HDL	META	EAS	2	233	449	68.8102262020111	0	0	0	0
HDL	META	EAS	2	234	1360	209.060997009277	0	0	0	0
HDL	META	EAS	2	235	723	73.6473526954651	0	0	0	0
HDL	META	EAS	2	237	1423	334.358708143234	0	0	0	0
HDL	META	EAS	2	240	1496	367.245478868484	0	0	0	0
HDL	META	EAS	2	247	590	39.0162510871887	0	0	0	0
HDL	META	EAS	2	250	3462	362.932734727859	0	0	0	0
HDL	META	EAS	2	251	995	85.1132128238678	0	0	0	0
HDL	META	EAS	2	256	1541	101.657958030701	0	0	0	0
HDL	META	EAS	3	8	431	61.2413759231567	0	0	0	0
HDL	META	EAS	3	9	526	75.5792136192322	0	0	0	0
HDL	META	EAS	3	20	1822	470.284802913666	0	0	0	0
HDL	META	EAS	3	23	1230	187.222506761551	0	0	0	0
HDL	META	EAS	3	24	1939	539.657301902771	0	1	1	4
HDL	META	EAS	3	25	251	30.3716793060303	0	0	0	0
HDL	META	EAS	3	28	95	7.13251614570618	0	0	0	0
HDL	META	EAS	3	30	1900	513.601377725601	0	0	0	0
HDL	META	EAS	3	32	2540	586.550079345703	0	0	0	0
HDL	META	EAS	3	34	729	132.060965061188	0	0	0	0
HDL	META	EAS	3	35	2352	473.897626161575	0	0	0	0
HDL	META	EAS	3	39	3318	1253.14085936546	0	0	0	0
HDL	META	EAS	3	40	1422	107.431254148483	0	0	0	0
HDL	META	EAS	3	41	2365	554.080991506577	0	0	0	0
HDL	META	EAS	3	42	1728	439.320565462112	0	0	0	0
HDL	META	EAS	3	55	801	41.3912358283997	0	0	1	57
HDL	META	EAS	3	59	2180	432.726393222809	0	0	0	0
HDL	META	EAS	3	60	2630	274.444444417953	0	0	0	0
HDL	META	EAS	3	64	109	10.7077796459198	0	0	0	0
HDL	META	EAS	3	65	840	86.9758627414703	0	0	0	0
HDL	META	EAS	3	71	1849	464.19889998436	0	0	0	0
HDL	META	EAS	3	77	3478	1105.51481461525	0	0	0	0
HDL	META	EAS	3	81	1257	263.340263128281	0	0	0	0
HDL	META	EAS	3	83	3188	1000.61610341072	0	0	0	0
HDL	META	EAS	3	84	1261	274.989324808121	0	0	0	0
HDL	META	EAS	3	85	1478	193.218030929565	0	0	0	0
HDL	META	EAS	3	88	1986	468.644731283188	0	0	0	0
HDL	META	EAS	3	89	1685	404.711831569672	0	0	0	0
HDL	META	EAS	3	90	1084	218.57895898819	0	0	0	0
HDL	META	EAS	3	105	1484	354.541926622391	0	0	0	0
HDL	META	EAS	3	106	4681	686.686676979065	0	0	0	0
HDL	META	EAS	3	108	1328	258.66460943222	0	0	0	0
HDL	META	EAS	3	109	3318	1242.22368741035	0	0	0	0
HDL	META	EAS	3	112	1860	487.450806379318	0	0	0	0
HDL	META	EAS	3	114	1095	154.583243131638	0	0	0	0
HDL	META	EAS	3	119	3363	1292.99304151535	0	0	0	0
HDL	META	EAS	3	120	1560	381.648741722107	0	0	0	0
HDL	META	EAS	3	121	1844	409.0442237854	0	0	0	0
HDL	META	EAS	3	123	661	76.4484560489655	0	0	0	0
HDL	META	EAS	3	124	289	36.4257867336273	0	0	0	0
HDL	META	EAS	3	125	1990	243.784639835358	0	0	0	0
HDL	META	EAS	3	127	2401	546.319269418716	0	0	0	0
HDL	META	EAS	3	128	688	99.1088299751282	0	0	0	0
HDL	META	EAS	3	129	1098	246.778646230698	0	0	0	0
HDL	META	EAS	3	132	2583	762.605219602585	0	0	0	0
HDL	META	EAS	3	134	1071	193.365364313126	0	0	0	0
HDL	META	EAS	3	135	1828	183.063519716263	0	0	0	0
HDL	META	EAS	3	136	924	171.331053256989	0	0	0	0
HDL	META	EAS	3	140	1903	541.264664649963	0	0	0	0
HDL	META	EAS	3	144	537	84.4684085845947	0	0	0	0
HDL	META	EAS	3	145	2307	579.65561580658	0	0	0	0
HDL	META	EAS	3	146	684	49.7034642696381	0	0	0	0
HDL	META	EAS	3	155	1789	322.28027009964	0	0	0	0
HDL	META	EAS	3	158	2340	672.497408628464	0	0	0	0
HDL	META	EAS	3	159	1604	328.350873470306	0	0	0	0
HDL	META	EAS	3	161	2486	292.826513767242	0	0	0	0
HDL	META	EAS	3	162	3088	898.312804698944	0	0	0	0
HDL	META	EAS	3	165	2211	540.988916397095	0	0	0	0
HDL	META	EAS	3	170	1474	315.627650976181	0	0	0	0
HDL	META	EAS	3	171	1511	359.342713356018	0	0	0	0
HDL	META	EAS	3	174	392	33.6954343318939	0	0	0	0
HDL	META	EAS	3	175	575	18.1864380836487	0	0	0	0
HDL	META	EAS	3	179	1295	240.057363510132	0	0	0	0
HDL	META	EAS	3	183	994	204.809123039246	0	0	0	0
HDL	META	EAS	3	184	1141	274.157730102539	0	0	0	0
HDL	META	EAS	3	186	2270	729.017829179764	0	0	0	0
HDL	META	EAS	3	191	1290	239.307765960693	0	0	0	0
HDL	META	EAS	3	193	2154	246.794801950455	0	0	0	0
HDL	META	EAS	3	195	3888	1259.39561843872	0	0	0	0
HDL	META	EAS	3	212	753	135.824386358261	0	0	0	0
HDL	META	EAS	3	214	2164	637.442467451096	0	0	0	0
HDL	META	EAS	3	216	880	148.098680257797	0	0	0	0
HDL	META	EAS	4	1	4743	1256.88999462128	0	0	0	0
HDL	META	EAS	4	4	1513	304.261527776718	0	0	0	0
HDL	META	EAS	4	10	205	22.7851169109344	0	0	0	0
HDL	META	EAS	4	21	3477	1040.79332327843	0	0	0	0
HDL	META	EAS	4	32	2317	633.558323144913	0	0	0	0
HDL	META	EAS	4	33	2313	405.040550947189	0	0	0	0
HDL	META	EAS	4	37	1241	241.191337108612	0	0	0	0
HDL	META	EAS	4	39	1303	258.110521793365	0	0	0	0
HDL	META	EAS	4	42	286	36.9491007328033	0	0	0	0
HDL	META	EAS	4	54	5052	1556.20796656609	0	0	0	0
HDL	META	EAS	4	55	1981	559.7398853302	0	0	0	0
HDL	META	EAS	4	63	3469	969.066169261932	0	0	0	0
HDL	META	EAS	4	64	2985	1108.32904243469	0	0	0	0
HDL	META	EAS	4	66	1408	318.651965379715	0	0	0	0
HDL	META	EAS	4	67	322	41.861483335495	0	0	0	0
HDL	META	EAS	4	71	917	115.269092321396	0	0	0	0
HDL	META	EAS	4	79	1486	313.912971735001	0	0	0	0
HDL	META	EAS	4	80	2007	550.314893722534	0	0	0	0
HDL	META	EAS	4	87	2833	367.445825815201	0	0	0	0
HDL	META	EAS	4	94	1154	210.178117990494	0	0	0	0
HDL	META	EAS	4	95	736	81.2542932033539	0	0	0	0
HDL	META	EAS	4	101	2127	446.232502222061	0	0	0	0
HDL	META	EAS	4	102	1344	319.213026285172	0	0	0	0
HDL	META	EAS	4	103	1057	89.6662132740021	0	0	1	54
HDL	META	EAS	4	109	859	114.511452198029	0	0	0	0
HDL	META	EAS	4	113	1885	122.523844480515	0	0	1	39
HDL	META	EAS	4	114	2105	271.167661905289	0	0	0	0
HDL	META	EAS	4	115	1013	150.118716716766	0	0	0	0
HDL	META	EAS	4	116	1297	227.645721435547	0	0	0	0
HDL	META	EAS	4	117	1846	411.132241487503	0	0	0	0
HDL	META	EAS	4	121	1718	439.149686574936	0	0	0	0
HDL	META	EAS	4	122	803	110.475561380386	0	0	0	0
HDL	META	EAS	4	123	433	63.4380903244019	0	0	0	0
HDL	META	EAS	4	124	2637	377.43967461586	0	0	0	0
HDL	META	EAS	4	129	2206	467.301926374435	0	0	0	0
HDL	META	EAS	4	130	2288	638.103612184525	0	0	0	0
HDL	META	EAS	4	134	3543	240.085747003555	0	0	0	0
HDL	META	EAS	4	136	2991	953.193942546844	0	0	0	0
HDL	META	EAS	4	146	1337	311.326371192932	0	0	0	0
HDL	META	EAS	4	147	815	152.600037813187	0	0	0	0
HDL	META	EAS	4	149	1810	193.062040090561	0	0	0	0
HDL	META	EAS	4	150	1929	442.632857561111	0	0	0	0
HDL	META	EAS	4	151	604	101.072738409042	0	0	0	0
HDL	META	EAS	4	152	774	137.624847888947	0	0	0	0
HDL	META	EAS	4	153	2071	238.068462371826	0	0	0	0
HDL	META	EAS	4	154	870	119.364940166473	0	0	0	0
HDL	META	EAS	4	156	2835	389.183436632156	0	0	0	0
HDL	META	EAS	4	159	839	152.786599636078	0	0	0	0
HDL	META	EAS	4	164	1787	360.904239416122	0	0	0	0
HDL	META	EAS	4	165	1430	252.511698484421	0	0	0	0
HDL	META	EAS	4	168	3105	868.856072425842	0	0	0	0
HDL	META	EAS	4	180	2124	416.127573728561	0	0	0	0
HDL	META	EAS	4	182	461	70.7476050853729	0	0	0	0
HDL	META	EAS	4	184	1054	138.734462022781	0	0	0	0
HDL	META	EAS	4	205	428	62.8362209796906	0	0	0	0
HDL	META	EAS	4	209	1238	241.598846197128	0	0	0	0
HDL	META	EAS	5	1	1251	177.953786373138	0	0	0	0
HDL	META	EAS	5	2	356	33.2269186973572	0	0	0	0
HDL	META	EAS	5	9	1024	209.229925870895	0	0	0	0
HDL	META	EAS	5	27	3475	968.941857814789	0	0	0	0
HDL	META	EAS	5	56	2781	727.635248184204	0	0	0	0
HDL	META	EAS	5	57	1717	432.084723234177	0	0	0	0
HDL	META	EAS	5	58	926	156.235442876816	0	0	0	0
HDL	META	EAS	5	60	1155	230.7705514431	0	0	0	0
HDL	META	EAS	5	64	2390	642.37844824791	0	0	0	0
HDL	META	EAS	5	66	1396	297.634586334229	0	0	0	0
HDL	META	EAS	5	68	540	19.1399440765381	0	0	1	6
HDL	META	EAS	5	69	849	142.672959804535	0	0	0	0
HDL	META	EAS	5	70	636	71.8902533054352	0	0	0	0
HDL	META	EAS	5	71	2803	839.33514380455	0	0	0	0
HDL	META	EAS	5	72	2666	787.289556503296	0	0	0	0
HDL	META	EAS	5	75	1908	422.085325717926	0	0	0	0
HDL	META	EAS	5	78	506	51.3674011230469	0	0	0	0
HDL	META	EAS	5	80	1705	442.721361160278	0	0	0	0
HDL	META	EAS	5	81	1378	325.028511047363	0	0	0	0
HDL	META	EAS	5	82	960	168.260698795319	0	0	0	0
HDL	META	EAS	5	85	2418	56.8581156730652	0	0	1	35
HDL	META	EAS	5	88	828	152.971125841141	0	0	0	0
HDL	META	EAS	5	92	1448	319.695847988129	0	0	0	0
HDL	META	EAS	5	93	728	126.264256000519	0	0	0	0
HDL	META	EAS	5	96	1824	368.316474914551	0	0	0	0
HDL	META	EAS	5	97	1537	310.212343454361	0	0	0	0
HDL	META	EAS	5	102	2276	622.357886314392	0	0	0	0
HDL	META	EAS	5	104	1741	310.51335477829	0	0	0	0
HDL	META	EAS	5	105	744	135.296161413193	0	0	0	0
HDL	META	EAS	5	108	786	140.171430110931	0	0	0	0
HDL	META	EAS	5	109	1093	103.098952054977	0	0	0	0
HDL	META	EAS	5	114	5334	1806.03136277199	0	0	0	0
HDL	META	EAS	5	116	2545	285.663735866547	0	0	0	0
HDL	META	EAS	5	117	1511	308.994078159332	0	0	0	0
HDL	META	EAS	5	119	2116	607.226640701294	0	0	0	0
HDL	META	EAS	5	120	2476	702.053776741028	0	0	0	0
HDL	META	EAS	5	127	3422	1199.14265537262	0	0	0	0
HDL	META	EAS	5	130	2683	833.514916419983	0	0	0	0
HDL	META	EAS	5	132	883	162.39669919014	0	0	0	0
HDL	META	EAS	5	133	1270	235.720916032791	0	0	0	0
HDL	META	EAS	5	134	1639	425.834693193436	0	0	0	0
HDL	META	EAS	5	136	2469	568.635084152222	0	0	0	0
HDL	META	EAS	5	142	1449	308.644469499588	0	0	0	0
HDL	META	EAS	5	144	1786	170.800937175751	0	0	0	0
HDL	META	EAS	5	145	2437	711.62407708168	0	0	0	0
HDL	META	EAS	5	146	2015	240.438747167587	0	0	0	0
HDL	META	EAS	5	147	1137	122.66725564003	0	0	0	0
HDL	META	EAS	5	151	487	51.9835824966431	0	1	0	0
HDL	META	EAS	5	152	3202	1075.1877245903	0	0	0	0
HDL	META	EAS	5	154	1424	318.929788589478	0	0	0	0
HDL	META	EAS	5	156	1582	413.993537664413	0	0	0	0
HDL	META	EAS	5	158	1326	283.538003444672	0	0	0	0
HDL	META	EAS	5	160	1287	202.871057033539	0	0	0	0
HDL	META	EAS	5	163	1221	279.72119307518	0	0	0	0
HDL	META	EAS	5	167	1350	296.885567188263	0	0	0	0
HDL	META	EAS	5	168	1718	361.715218305588	0	0	0	0
HDL	META	EAS	5	181	511	78.1251020431519	0	0	0	0
HDL	META	EAS	5	189	841	125.210209846497	0	0	0	0
HDL	META	EAS	5	191	2455	432.851527929306	0	0	0	0
HDL	META	EAS	5	193	520	74.2397866249084	0	0	0	0
HDL	META	EAS	5	194	578	86.5422320365906	0	0	0	0
HDL	META	EAS	5	202	627	90.9192774295807	0	0	1	27
HDL	META	EAS	5	207	1447	354.934993982315	0	0	0	0
HDL	META	EAS	5	208	1210	115.660777568817	0	0	0	0
HDL	META	EAS	5	209	263	27.7195820808411	0	0	0	0
HDL	META	EAS	5	210	202	22.2771921157837	0	0	0	0
HDL	META	EAS	6	18	212	23.9745917320251	0	0	0	0
HDL	META	EAS	6	19	1597	305.886522531509	0	0	0	0
HDL	META	EAS	6	21	1292	295.899682760239	0	0	0	0
HDL	META	EAS	6	23	1129	163.675099134445	0	0	0	0
HDL	META	EAS	6	29	1551	368.881177186966	0	0	0	0
HDL	META	EAS	6	34	1700	301.926692485809	0	0	0	0
HDL	META	EAS	6	36	549	15.0580024719238	0	0	1	7
HDL	META	EAS	6	37	864	130.328345537186	0	0	0	0
HDL	META	EAS	6	38	570	87.5845856666565	0	0	0	0
HDL	META	EAS	6	39	2714	744.419884204865	0	0	0	0
HDL	META	EAS	6	43	1681	91.59796667099	0	0	0	0
HDL	META	EAS	6	49	391	54.2180020809174	0	0	0	0
HDL	META	EAS	6	50	2859	719.391748666763	0	0	0	0
HDL	META	EAS	6	51	3578	357.115486383438	0	0	1	124
HDL	META	EAS	6	52	1104	119.017298460007	0	0	0	0
HDL	META	EAS	6	53	946	132.188116788864	0	0	0	0
HDL	META	EAS	6	55	1093	165.132634878159	0	0	0	0
HDL	META	EAS	6	57	1155	249.035622119904	0	0	0	0
HDL	META	EAS	6	58	1587	200.65219783783	0	0	0	0
HDL	META	EAS	6	60	911	140.858329772949	0	0	0	0
HDL	META	EAS	6	63	1528	356.28725028038	0	0	0	0
HDL	META	EAS	6	64	144	13.193017244339	1	1	1	1
HDL	META	EAS	6	68	397	51.86137342453	0	0	0	0
HDL	META	EAS	6	69	1289	201.184135437012	0	0	0	0
HDL	META	EAS	6	71	5371	852.783130168915	0	0	0	0
HDL	META	EAS	6	73	276	34.8082044124603	0	0	0	0
HDL	META	EAS	6	76	3619	536.97026014328	0	0	0	0
HDL	META	EAS	6	84	1739	415.777437210083	0	0	0	0
HDL	META	EAS	6	85	4009	1277.7500872612	0	0	0	0
HDL	META	EAS	6	86	4388	1261.9943087101	0	0	0	0
HDL	META	EAS	6	88	5023	1709.42454695702	0	0	0	0
HDL	META	EAS	6	90	378	48.6851327419281	0	0	0	0
HDL	META	EAS	6	94	2728	732.183620929718	0	0	0	0
HDL	META	EAS	6	97	1697	420.539522886276	0	0	0	0
HDL	META	EAS	6	98	1976	442.499425649643	0	0	0	0
HDL	META	EAS	6	101	1983	401.225565195084	0	0	0	0
HDL	META	EAS	6	105	1864	519.857904672623	0	0	0	0
HDL	META	EAS	6	106	1679	387.405050039291	0	0	0	0
HDL	META	EAS	6	108	522	80.7612462043762	0	0	0	0
HDL	META	EAS	6	109	1676	140.412830591202	0	0	0	0
HDL	META	EAS	6	115	3730	2120.55687665939	0	0	1	27
HDL	META	EAS	6	116	2346	291.171793222427	0	0	0	0
HDL	META	EAS	6	117	4056	690.52179479599	0	0	0	0
HDL	META	EAS	6	118	1554	362.379781723022	0	0	0	0
HDL	META	EAS	6	124	1783	286.715576410294	0	0	0	0
HDL	META	EAS	6	127	1129	197.902171134949	0	0	0	0
HDL	META	EAS	6	128	1886	154.260638237	0	0	0	0
HDL	META	EAS	6	134	1204	243.628307104111	0	0	0	0
HDL	META	EAS	6	137	759	105.193044185638	0	0	0	0
HDL	META	EAS	6	140	1306	173.03737449646	0	0	0	0
HDL	META	EAS	6	146	907	89.9450602531433	0	0	0	0
HDL	META	EAS	6	160	1947	422.958432435989	0	0	0	0
HDL	META	EAS	6	161	1433	282.942069530487	0	0	0	0
HDL	META	EAS	6	164	823	134.210988521576	0	0	0	0
HDL	META	EAS	6	167	991	206.183839082718	0	0	0	0
HDL	META	EAS	6	168	2010	510.974145412445	0	0	0	0
HDL	META	EAS	6	169	3308	219.332729101181	0	0	1	4
HDL	META	EAS	6	173	2215	667.46324133873	0	0	0	0
HDL	META	EAS	6	175	917	115.882038354874	0	0	0	0
HDL	META	EAS	6	179	1186	244.645670175552	0	0	0	0
HDL	META	EAS	6	182	1754	366.233121395111	0	0	0	0
HDL	META	EAS	6	183	619	77.9255051612854	0	0	1	52
HDL	META	EAS	7	1	371	48.4040634632111	0	0	0	0
HDL	META	EAS	7	3	968	88.6716785430908	0	0	1	55
HDL	META	EAS	7	12	2208	464.39981007576	0	0	0	0
HDL	META	EAS	7	13	907	179.808583974838	0	0	0	0
HDL	META	EAS	7	21	302	36.83083319664	0	0	0	0
HDL	META	EAS	7	25	2877	809.997245073318	0	0	0	0
HDL	META	EAS	7	26	2411	504.966865539551	0	0	0	0
HDL	META	EAS	7	31	1989	473.82236623764	0	0	0	0
HDL	META	EAS	7	32	1874	463.624253034592	0	0	0	0
HDL	META	EAS	7	33	2424	113.71421289444	0	0	1	5
HDL	META	EAS	7	37	2430	487.006263971329	0	0	0	0
HDL	META	EAS	7	39	1388	316.049580574036	0	0	0	0
HDL	META	EAS	7	40	3194	1060.50196099281	0	0	0	0
HDL	META	EAS	7	42	1984	305.733246803284	0	1	1	8
HDL	META	EAS	7	43	2344	529.67800951004	0	0	0	0
HDL	META	EAS	7	44	352	46.1086492538452	0	0	0	0
HDL	META	EAS	7	45	740	117.626076221466	0	0	0	0
HDL	META	EAS	7	46	324	42.1545479297638	0	0	0	0
HDL	META	EAS	7	48	377	46.3433492183685	0	0	0	0
HDL	META	EAS	7	49	1423	305.696736097336	0	0	0	0
HDL	META	EAS	7	51	1294	227.941581487656	0	0	0	0
HDL	META	EAS	7	53	760	138.112155675888	0	0	0	0
HDL	META	EAS	7	58	1662	109.903777837753	0	0	0	0
HDL	META	EAS	7	62	1074	137.71236371994	0	0	0	0
HDL	META	EAS	7	64	165	16.9171712398529	0	0	0	0
HDL	META	EAS	7	67	4229	1695.34150934219	0	0	0	0
HDL	META	EAS	7	69	1094	215.072314977646	0	0	0	0
HDL	META	EAS	7	72	2732	825.074831724167	0	0	0	0
HDL	META	EAS	7	73	655	30.0120148658752	0	0	1	14
HDL	META	EAS	7	74	926	130.164265871048	0	0	0	0
HDL	META	EAS	7	82	1789	429.475246191025	0	0	0	0
HDL	META	EAS	7	85	1661	218.904699802399	0	0	1	42
HDL	META	EAS	7	86	511	53.6368997097015	0	0	0	0
HDL	META	EAS	7	87	56	4.55651521682739	0	0	0	0
HDL	META	EAS	7	88	2400	480.568757772446	0	0	0	0
HDL	META	EAS	7	89	1795	417.563358545303	0	0	0	0
HDL	META	EAS	7	90	549	69.1474580764771	0	0	0	0
HDL	META	EAS	7	92	2028	882.482421636581	1	1	1	1
HDL	META	EAS	7	93	921	170.442211151123	0	2	1	26
HDL	META	EAS	7	94	1134	197.704898834229	0	0	0	0
HDL	META	EAS	7	95	1292	242.670894384384	0	0	0	0
HDL	META	EAS	7	99	2505	656.620233297348	0	0	0	0
HDL	META	EAS	7	101	2461	466.292705535889	0	0	0	0
HDL	META	EAS	7	107	3369	1146.47177219391	0	0	0	0
HDL	META	EAS	7	111	1956	485.741431236267	0	0	0	0
HDL	META	EAS	7	113	2110	592.829720497131	0	0	0	0
HDL	META	EAS	7	114	3560	678.680333375931	0	0	0	0
HDL	META	EAS	7	119	1139	210.273540735245	0	0	0	0
HDL	META	EAS	7	121	2691	512.998339653015	0	0	0	0
HDL	META	EAS	7	127	405	54.622983455658	0	0	0	0
HDL	META	EAS	7	128	364	48.8638076782227	0	0	0	0
HDL	META	EAS	7	131	3557	883.961737632751	0	0	0	0
HDL	META	EAS	7	132	3880	86.5736193656921	0	0	0	0
HDL	META	EAS	7	133	2977	189.914981365204	0	0	0	0
HDL	META	EAS	7	134	923	177.920409917831	0	0	0	0
HDL	META	EAS	7	139	502	68.2783231735229	0	0	0	0
HDL	META	EAS	7	141	2437	302.060558319092	0	0	0	0
HDL	META	EAS	7	143	523	76.8290650844574	0	0	0	0
HDL	META	EAS	7	145	1191	262.585349559784	0	0	0	0
HDL	META	EAS	7	146	354	50.50408244133	0	0	0	0
HDL	META	EAS	7	147	738	123.048690795898	0	0	0	0
HDL	META	EAS	7	160	927	182.130463600159	0	0	0	0
HDL	META	EAS	7	161	466	59.7417747974396	0	0	0	0
HDL	META	EAS	7	162	2918	768.387711524963	0	0	0	0
HDL	META	EAS	7	164	345	46.3495647907257	0	0	0	0
HDL	META	EAS	7	184	1690	366.954368829727	0	0	0	0
HDL	META	EAS	7	187	2915	931.431179761887	0	0	0	0
HDL	META	EAS	8	13	661	112.263603925705	0	0	0	0
HDL	META	EAS	8	17	1546	330.669302463531	0	0	0	0
HDL	META	EAS	8	20	1720	495.628139972687	0	0	0	0
HDL	META	EAS	8	21	2106	604.285499095917	0	0	0	0
HDL	META	EAS	8	22	3319	629.975833892822	0	0	0	0
HDL	META	EAS	8	23	1751	448.806779146194	0	0	0	0
HDL	META	EAS	8	24	3776	1208.26572155952	0	0	0	0
HDL	META	EAS	8	27	1263	247.041168689728	0	0	0	0
HDL	META	EAS	8	29	3620	1140.9923286438	0	0	0	0
HDL	META	EAS	8	30	808	146.635603427887	0	0	0	0
HDL	META	EAS	8	31	321	40.3102653026581	0	0	0	0
HDL	META	EAS	8	32	1857	4390.09360551834	1	5	4	8
HDL	META	EAS	8	33	1803	423.264107942581	0	0	0	0
HDL	META	EAS	8	34	654	107.259756565094	0	0	0	0
HDL	META	EAS	8	35	802	143.222595453262	0	0	0	0
HDL	META	EAS	8	36	504	78.3311002254486	0	0	0	0
HDL	META	EAS	8	37	638	109.950889110565	0	0	0	0
HDL	META	EAS	8	39	1437	326.026450157166	0	0	0	0
HDL	META	EAS	8	40	1645	378.580888032913	0	0	0	0
HDL	META	EAS	8	42	2200	432.94899892807	0	0	0	0
HDL	META	EAS	8	46	588	97.6391508579254	0	0	0	0
HDL	META	EAS	8	48	1675	301.247646808624	0	0	0	0
HDL	META	EAS	8	51	1964	512.953706979752	0	0	0	0
HDL	META	EAS	8	53	1046	170.578260421753	0	0	0	0
HDL	META	EAS	8	55	848	87.9033596515656	0	0	0	0
HDL	META	EAS	8	69	2870	595.57715177536	0	0	0	0
HDL	META	EAS	8	70	3265	811.658939361572	0	0	0	0
HDL	META	EAS	8	71	1806	450.529754400253	0	0	0	0
HDL	META	EAS	8	77	1489	251.390369176865	0	0	1	28
HDL	META	EAS	8	78	373	38.0766665935516	0	0	0	0
HDL	META	EAS	8	80	705	122.697186946869	0	0	0	0
HDL	META	EAS	8	81	1947	249.199731111526	0	0	0	0
HDL	META	EAS	8	84	3834	1558.20789384842	0	0	0	0
HDL	META	EAS	8	88	1999	562.127558946609	0	0	0	0
HDL	META	EAS	8	93	2502	754.169690132141	0	0	0	0
HDL	META	EAS	8	94	1254	253.318359375	0	0	0	0
HDL	META	EAS	8	107	640	79.4117875099182	0	0	0	0
HDL	META	EAS	8	108	3089	923.381166219711	0	0	0	0
HDL	META	EAS	8	109	2794	812.139916181564	0	0	0	0
HDL	META	EAS	8	110	2447	611.303554296494	0	0	0	0
HDL	META	EAS	8	112	2143	70.7779145240784	0	0	0	0
HDL	META	EAS	8	113	1114	224.297238826752	0	0	1	12
HDL	META	EAS	8	115	1184	232.035739898682	0	0	0	0
HDL	META	EAS	8	118	868	35.2921216487885	0	0	1	10
HDL	META	EAS	8	119	1388	271.842612028122	0	0	0	0
HDL	META	EAS	8	124	1028	199.907580137253	0	0	0	0
HDL	META	EAS	8	125	418	126.713526010513	0	1	1	19
HDL	META	EAS	8	127	956	172.273949384689	0	0	0	0
HDL	META	EAS	8	130	981	69.1900107860565	0	0	0	0
HDL	META	EAS	8	159	931	42.6731925010681	0	0	0	0
HDL	META	EAS	8	160	944	151.413995981216	0	0	0	0
HDL	META	EAS	9	1	2719	690.549246788025	0	0	0	0
HDL	META	EAS	9	4	1570	375.630759000778	0	0	0	0
HDL	META	EAS	9	9	1156	247.423085212708	0	0	0	0
HDL	META	EAS	9	12	1529	240.925173521042	0	0	0	0
HDL	META	EAS	9	27	3690	1122.91263961792	0	0	0	0
HDL	META	EAS	9	31	2317	465.148757696152	0	0	0	0
HDL	META	EAS	9	33	1952	218.933592557907	0	0	0	0
HDL	META	EAS	9	36	1560	251.196081399918	0	0	0	0
HDL	META	EAS	9	40	2853	819.870193004608	0	0	0	0
HDL	META	EAS	9	48	423	48.3099546432495	0	0	0	0
HDL	META	EAS	9	49	4881	1873.99165081978	0	0	0	0
HDL	META	EAS	9	50	2477	716.114954471588	0	0	0	0
HDL	META	EAS	9	51	868	67.6608514785767	0	0	1	47
HDL	META	EAS	9	53	3047	837.496585845947	0	0	0	0
HDL	META	EAS	9	56	2031	482.010951042175	0	0	0	0
HDL	META	EAS	9	63	2492	312.005012512207	0	0	0	0
HDL	META	EAS	9	78	583	87.4138898849487	0	0	0	0
HDL	META	EAS	9	84	1532	355.166947364807	0	0	0	0
HDL	META	EAS	9	85	1833	448.013017416	0	0	0	0
HDL	META	EAS	9	88	1033	137.273458480835	0	0	0	0
HDL	META	EAS	9	91	1210	251.954266309738	0	0	0	0
HDL	META	EAS	9	92	231	27.2674293518066	0	0	0	0
HDL	META	EAS	9	93	1509	363.869622945786	0	0	0	0
HDL	META	EAS	9	97	969	199.615540266037	0	0	0	0
HDL	META	EAS	9	98	2688	557.961449146271	0	0	0	0
HDL	META	EAS	9	100	2593	612.625531196594	0	0	0	0
HDL	META	EAS	9	102	2281	593.259698390961	0	0	0	0
HDL	META	EAS	9	103	593	79.3492243289948	0	0	0	0
HDL	META	EAS	9	104	727	116.644317865372	0	0	0	0
HDL	META	EAS	9	105	484	73.995786190033	0	0	0	0
HDL	META	EAS	9	106	1742	445.072833299637	0	0	0	0
HDL	META	EAS	9	107	542	63.4706284999847	0	0	0	0
HDL	META	EAS	9	109	2932	986.613297462463	0	0	0	0
HDL	META	EAS	9	110	2881	517.501920223236	2	2	3	5
HDL	META	EAS	9	111	73	47.7802178859711	1	3	4	13
HDL	META	EAS	9	112	2206	281.102105379105	0	1	1	4
HDL	META	EAS	9	113	1289	293.373288154602	0	0	0	0
HDL	META	EAS	9	114	797	95.5787715911865	0	0	0	0
HDL	META	EAS	9	115	2955	831.785723209381	0	0	0	0
HDL	META	EAS	9	116	1447	316.323307275772	0	0	0	0
HDL	META	EAS	9	118	3596	1064.18155789375	0	0	0	0
HDL	META	EAS	9	124	1310	258.068077802658	0	0	0	0
HDL	META	EAS	9	129	1866	453.187480211258	0	0	0	0
HDL	META	EAS	9	130	1601	311.246684789658	0	0	0	0
HDL	META	EAS	9	134	2588	749.549188137054	0	0	0	0
HDL	META	EAS	9	136	1545	301.310582399368	0	0	0	0
HDL	META	EAS	9	138	2397	632.897831916809	0	0	0	0
HDL	META	EAS	9	140	3218	496.946805000305	0	0	0	0
HDL	META	EAS	9	141	347	34.8715569972992	0	0	0	0
HDL	META	EAS	9	144	733	121.000217676163	0	0	0	0
HDL	META	EAS	9	148	713	104.4038438797	0	0	0	0
HDL	META	EAS	9	149	879	168.948967933655	0	0	0	0
HDL	META	EAS	9	152	175	17.4457535743713	0	0	0	0
HDL	META	EAS	9	153	105	7.19970178604126	0	0	0	0
HDL	META	EAS	9	154	400	55.248067855835	0	0	0	0
HDL	META	EAS	9	156	800	135.313779354095	0	0	0	0
HDL	META	EAS	9	162	338	40.8306481838226	0	0	0	0
HDL	META	EAS	10	1	1949	225.727816343307	0	0	0	0
HDL	META	EAS	10	9	168	16.3540737628937	0	0	0	0
HDL	META	EAS	10	11	624	95.8531703948975	0	0	0	0
HDL	META	EAS	10	13	1574	307.905613660812	0	0	0	0
HDL	META	EAS	10	14	2155	232.270352125168	0	0	0	0
HDL	META	EAS	10	20	80	5.61933207511902	0	0	0	0
HDL	META	EAS	10	22	1688	431.595405340195	0	0	0	0
HDL	META	EAS	10	23	425	53.5403640270233	0	0	0	0
HDL	META	EAS	10	33	1424	194.530450820923	0	0	0	0
HDL	META	EAS	10	40	1209	280.590954065323	0	0	0	0
HDL	META	EAS	10	43	1391	298.459727048874	0	0	0	0
HDL	META	EAS	10	46	2531	538.635617733002	0	0	0	0
HDL	META	EAS	10	48	1919	496.079794406891	0	0	0	0
HDL	META	EAS	10	49	1713	385.176971435547	0	0	0	0
HDL	META	EAS	10	52	2085	255.995891332626	0	0	0	0
HDL	META	EAS	10	54	4195	1523.36706662178	0	0	0	0
HDL	META	EAS	10	60	2317	539.161016941071	0	0	0	0
HDL	META	EAS	10	61	763	129.511805295944	0	0	0	0
HDL	META	EAS	10	64	367	38.5443968772888	0	0	0	0
HDL	META	EAS	10	67	1399	83.8402583599091	0	0	0	0
HDL	META	EAS	10	68	1018	209.780446529388	0	0	0	0
HDL	META	EAS	10	70	1903	449.643799543381	0	0	0	0
HDL	META	EAS	10	79	2066	375.999274969101	0	0	0	0
HDL	META	EAS	10	80	1675	310.234805583954	0	0	0	0
HDL	META	EAS	10	81	2223	553.951897382736	0	0	0	0
HDL	META	EAS	10	83	2278	539.515902042389	0	0	0	0
HDL	META	EAS	10	85	599	94.5324804782867	0	0	0	0
HDL	META	EAS	10	87	1059	218.996842861176	0	0	0	0
HDL	META	EAS	10	92	3394	91.3474318981171	0	0	1	50
HDL	META	EAS	10	93	464	65.2617127895355	0	0	0	0
HDL	META	EAS	10	100	527	80.9464831352234	0	0	0	0
HDL	META	EAS	10	101	1425	96.8250131607056	0	0	0	0
HDL	META	EAS	10	109	2000	450.123452425003	0	0	0	0
HDL	META	EAS	10	113	1498	193.909835338593	0	0	0	0
HDL	META	EAS	10	117	2504	1237.44206857681	1	1	1	1
HDL	META	EAS	10	124	449	42.0331773757935	0	0	0	0
HDL	META	EAS	10	126	2353	604.14319062233	0	0	0	0
HDL	META	EAS	10	127	503	72.3877129554749	0	0	0	0
HDL	META	EAS	10	128	150	15.8014557361603	0	0	0	0
HDL	META	EAS	10	129	2640	744.843312740326	0	0	0	0
HDL	META	EAS	10	130	809	145.360776424408	0	0	0	0
HDL	META	EAS	10	137	2395	268.183251619339	0	0	1	15
HDL	META	EAS	10	138	356	199.497030258179	0	0	2	46
HDL	META	EAS	10	140	310	40.1414813995361	0	0	0	0
HDL	META	EAS	10	141	1184	222.822006225586	0	0	0	0
HDL	META	EAS	10	142	504	34.8017067909241	0	0	0	0
HDL	META	EAS	10	143	2018	555.819546461105	0	0	0	0
HDL	META	EAS	10	144	901	176.824812412262	0	0	0	0
HDL	META	EAS	10	145	835	87.9721508026123	0	0	0	0
HDL	META	EAS	10	150	2181	639.346237897873	0	0	0	0
HDL	META	EAS	10	152	1493	111.688144683838	0	0	1	8
HDL	META	EAS	10	153	1599	282.430458068848	0	0	0	0
HDL	META	EAS	10	154	2964	847.308869361877	0	0	0	0
HDL	META	EAS	10	157	1157	204.411149740219	0	0	0	0
HDL	META	EAS	10	162	1002	192.377876281738	0	0	0	0
HDL	META	EAS	10	167	297	38.2512147426605	0	0	0	0
HDL	META	EAS	11	2	784	95.9868972301483	0	0	0	0
HDL	META	EAS	11	4	973	156.489196300507	0	0	0	0
HDL	META	EAS	11	6	184	18.7830283641815	0	0	0	0
HDL	META	EAS	11	7	616	84.4237198829651	0	0	0	0
HDL	META	EAS	11	11	1802	457.458054065704	0	0	0	0
HDL	META	EAS	11	18	3292	1182.83872461319	0	0	0	0
HDL	META	EAS	11	19	633	102.939754724503	0	0	0	0
HDL	META	EAS	11	26	549	83.6326568126678	0	0	0	0
HDL	META	EAS	11	27	1458	322.420792102814	0	0	0	0
HDL	META	EAS	11	28	922	122.457825422287	0	0	0	0
HDL	META	EAS	11	29	737	49.7065541744232	0	0	0	0
HDL	META	EAS	11	30	979	163.669359922409	0	0	0	0
HDL	META	EAS	11	33	1431	338.223637342453	0	0	0	0
HDL	META	EAS	11	51	1567	415.899648189545	0	0	0	0
HDL	META	EAS	11	52	891	115.987203598022	0	0	1	17
HDL	META	EAS	11	53	1785	295.340722084045	0	0	0	0
HDL	META	EAS	11	54	1377	228.63494849205	0	0	0	0
HDL	META	EAS	11	57	1114	248.4074883461	0	0	0	0
HDL	META	EAS	11	65	1437	186.769802808762	0	0	0	0
HDL	META	EAS	11	70	2835	878.234560728073	0	0	0	0
HDL	META	EAS	11	75	552	82.4052896499634	0	0	0	0
HDL	META	EAS	11	76	1286	32.5699980258942	0	1	1	2
HDL	META	EAS	11	77	916	170.358651161194	0	0	0	0
HDL	META	EAS	11	78	1216	135.254804372787	0	0	0	0
HDL	META	EAS	11	79	2784	746.882706880569	0	0	0	0
HDL	META	EAS	11	80	1417	328.601647138596	0	0	0	0
HDL	META	EAS	11	81	1138	168.13429117202799	0	0	0	0
HDL	META	EAS	11	86	1474	145.792014122009	0	0	0	0
HDL	META	EAS	11	88	2007	276.455132484436	0	0	1	64
HDL	META	EAS	11	89	306	36.7986736297607	0	0	0	0
HDL	META	EAS	11	90	2785	723.76203083992	0	0	0	0
HDL	META	EAS	11	100	1872	509.600470304489	0	0	0	0
HDL	META	EAS	11	107	754	113.875488758087	0	0	0	0
HDL	META	EAS	11	108	507	59.7687699794769	0	0	0	0
HDL	META	EAS	11	109	529	64.1791324615479	0	0	0	0
HDL	META	EAS	11	115	1619	390.115272760391	0	0	0	0
HDL	META	EAS	11	117	3179	797.551898241043	0	0	0	0
HDL	META	EAS	11	121	1606	385.212710618973	0	0	0	0
HDL	META	EAS	11	123	614	81.7242538928986	0	0	0	0
HDL	META	EAS	11	126	2766	867.384362220764	0	0	0	0
HDL	META	EAS	11	128	221	21.7266294956207	0	0	0	0
HDL	META	EAS	11	129	1679	5278.86315178871	6	9	10	21
HDL	META	EAS	11	130	888	15.1247110366821	0	1	1	5
HDL	META	EAS	11	131	209	21.2333514690399	0	0	0	0
HDL	META	EAS	11	132	602	81.7093336582184	0	0	0	0
HDL	META	EAS	11	133	1615	384.583779811859	0	0	0	0
HDL	META	EAS	11	134	1967	544.075917005539	0	0	0	0
HDL	META	EAS	11	138	792	141.234343528748	0	0	0	0
HDL	META	EAS	11	140	806	134.88765501976	0	0	0	0
HDL	META	EAS	11	141	259	30.1742928028107	0	0	0	0
HDL	META	EAS	11	142	1881	251.165737867355	0	0	0	0
HDL	META	EAS	11	147	2750	717.364258289337	0	0	0	0
HDL	META	EAS	11	148	841	158.947677612305	0	0	0	0
HDL	META	EAS	11	149	2238	608.061813354492	0	0	0	0
HDL	META	EAS	12	4	944	190.726447105408	0	0	0	0
HDL	META	EAS	12	8	509	76.1187000274658	0	0	0	0
HDL	META	EAS	12	9	205	21.7146530151367	0	0	1	64
HDL	META	EAS	12	12	507	55.9107336997986	0	0	0	0
HDL	META	EAS	12	17	542	23.3004684448242	0	0	1	68
HDL	META	EAS	12	18	1505	775.436750411987	0	1	2	36
HDL	META	EAS	12	23	2089	125.271615028381	0	1	1	4
HDL	META	EAS	12	24	491	67.0462999343872	0	0	0	0
HDL	META	EAS	12	25	1810	477.724582910538	0	0	0	0
HDL	META	EAS	12	31	444	51.1465547084808	0	0	0	0
HDL	META	EAS	12	32	1576	222.625555753708	0	0	0	0
HDL	META	EAS	12	34	1176	158.162660837173	0	0	0	0
HDL	META	EAS	12	35	658	97.8699226379395	0	0	0	0
HDL	META	EAS	12	36	517	68.2272429466248	0	0	0	0
HDL	META	EAS	12	38	2295	440.255317926407	0	0	0	0
HDL	META	EAS	12	40	824	15.7686657905579	0	0	0	0
HDL	META	EAS	12	41	444	53.139342546463	0	0	0	0
HDL	META	EAS	12	42	3032	380.731266498566	0	0	1	59
HDL	META	EAS	12	45	1206	186.258533000946	0	0	0	0
HDL	META	EAS	12	48	2014	606.536664962769	0	0	0	0
HDL	META	EAS	12	49	1947	528.655725955963	0	0	0	0
HDL	META	EAS	12	53	3058	781.316784620285	0	0	0	0
HDL	META	EAS	12	59	2375	532.468304872513	0	0	0	0
HDL	META	EAS	12	60	1066	233.082441329956	0	0	0	0
HDL	META	EAS	12	61	1237	248.760444641113	0	0	0	0
HDL	META	EAS	12	62	896	87.6799113750458	0	0	0	0
HDL	META	EAS	12	63	1756	417.649634599686	0	0	0	0
HDL	META	EAS	12	66	1725	71.8728427886963	0	0	0	0
HDL	META	EAS	12	67	859	150.108996629715	0	0	0	0
HDL	META	EAS	12	68	395	49.7065017223358	0	0	0	0
HDL	META	EAS	12	69	1760	451.288612127304	0	0	0	0
HDL	META	EAS	12	70	442	20.264714717865	0	0	1	39
HDL	META	EAS	12	71	1840	111.289662837982	0	0	0	0
HDL	META	EAS	12	72	6130	1580.60883927345	0	0	0	0
HDL	META	EAS	12	73	1581	401.581662654877	0	0	0	0
HDL	META	EAS	12	77	870	139.177869319916	0	0	0	0
HDL	META	EAS	12	80	2221	531.918290615082	0	0	0	0
HDL	META	EAS	12	81	329	40.7813160419464	0	0	0	0
HDL	META	EAS	12	82	1760	350.578114271164	0	0	0	0
HDL	META	EAS	12	94	2602	864.164994955063	0	0	0	0
HDL	META	EAS	12	96	928	174.882345676422	0	0	0	0
HDL	META	EAS	12	97	2526	238.180404901505	0	0	0	0
HDL	META	EAS	12	100	997	145.044531822205	0	0	0	0
HDL	META	EAS	12	103	333	13.4842355251312	0	0	0	0
HDL	META	EAS	12	108	1615	287.096287250519	0	0	0	0
HDL	META	EAS	12	110	2038	453.536992073059	0	0	0	0
HDL	META	EAS	12	112	212	12.139310836792	0	0	1	22
HDL	META	EAS	12	119	2752	617.336107969284	0	0	0	0
HDL	META	EAS	12	120	752	104.956133365631	0	0	0	0
HDL	META	EAS	12	121	1347	384.384135007858	0	1	2	36
HDL	META	EAS	12	122	1803	649.958383321762	1	1	1	1
HDL	META	EAS	12	123	777	51.2302367687225	0	1	1	2
HDL	META	EAS	12	125	2159	394.122941970825	0	0	0	0
HDL	META	EAS	12	129	1264	197.205051422119	0	0	0	0
HDL	META	EAS	12	132	1510	233.312482833862	0	0	0	0
HDL	META	EAS	12	138	2557	553.12029337883	0	0	0	0
HDL	META	EAS	12	139	3328	701.538097858429	0	0	1	27
HDL	META	EAS	12	140	696	228.87774848938	0	2	3	9
HDL	META	EAS	12	141	1090	602.266063213348	0	4	2	5
HDL	META	EAS	12	154	443	60.1285996437073	0	0	0	0
HDL	META	EAS	12	156	474	67.7539486885071	0	0	0	0
HDL	META	EAS	12	163	665	109.900008916855	0	0	0	0
HDL	META	EAS	13	1	1821	456.753858089447	0	0	0	0
HDL	META	EAS	13	8	1569	369.190821409225	0	0	0	0
HDL	META	EAS	13	16	1405	176.102234840393	0	0	0	0
HDL	META	EAS	13	18	625	95.2666018009186	0	0	0	0
HDL	META	EAS	13	20	1430	352.868097543716	0	0	0	0
HDL	META	EAS	13	21	1650	328.726315021515	0	0	0	0
HDL	META	EAS	13	23	586	95.4824402332306	0	0	0	0
HDL	META	EAS	13	25	639	101.072305202484	0	0	0	0
HDL	META	EAS	13	38	344	44.2772836685181	0	0	0	0
HDL	META	EAS	13	40	1402	141.066492319107	0	0	0	0
HDL	META	EAS	13	45	1523	308.096602201462	0	0	0	0
HDL	META	EAS	13	47	1004	135.646165132523	0	0	0	0
HDL	META	EAS	13	50	3045	938.417294025421	0	0	0	0
HDL	META	EAS	13	52	1835	303.122555017471	0	0	0	0
HDL	META	EAS	13	54	5715	842.404721021652	0	0	0	0
HDL	META	EAS	13	55	2110	605.68626499176	0	0	0	0
HDL	META	EAS	13	57	4007	676.705411911011	0	0	0	0
HDL	META	EAS	13	58	2964	1005.64990711212	0	0	0	0
HDL	META	EAS	13	60	1785	506.617960453033	0	0	0	0
HDL	META	EAS	13	61	1125	241.40855884552	0	0	0	0
HDL	META	EAS	13	70	1896	510.458536863327	0	0	0	0
HDL	META	EAS	13	72	1241	276.348589658737	0	0	0	0
HDL	META	EAS	13	73	1714	408.299119472504	0	0	0	0
HDL	META	EAS	13	80	511	76.0756983757019	0	0	0	0
HDL	META	EAS	13	82	1739	312.964854955673	0	0	0	0
HDL	META	EAS	13	88	610	79.7275598049164	0	0	0	0
HDL	META	EAS	13	94	1566	373.23691868782	0	0	0	0
HDL	META	EAS	13	96	654	110.47171831131	0	0	0	0
HDL	META	EAS	13	111	460	63.8864908218384	0	0	0	0
HDL	META	EAS	13	119	1896	379.797087669373	0	0	0	0
HDL	META	EAS	13	124	183	20.1519274711609	0	0	0	0
HDL	META	EAS	13	125	1412	282.926140069962	0	0	0	0
HDL	META	EAS	14	1	1065	234.809340953827	0	0	0	0
HDL	META	EAS	14	6	361	46.446629524231	0	0	0	0
HDL	META	EAS	14	14	2436	605.502565383911	0	0	0	0
HDL	META	EAS	14	19	1532	252.091192245483	0	0	0	0
HDL	META	EAS	14	24	703	96.8996598720551	0	0	0	0
HDL	META	EAS	14	31	2324	518.563769817352	0	0	0	0
HDL	META	EAS	14	35	2634	668.481390714645	0	0	0	0
HDL	META	EAS	14	46	1018	169.626847743988	0	0	1	25
HDL	META	EAS	14	47	1974	448.605010032654	0	0	0	0
HDL	META	EAS	14	49	964	188.296344518661	0	0	0	0
HDL	META	EAS	14	64	963	188.959286928177	0	0	0	0
HDL	META	EAS	14	67	1590	334.063154935837	0	0	0	0
HDL	META	EAS	14	68	1170	225.475872039795	0	0	0	0
HDL	META	EAS	14	70	2243	589.547074794769	0	0	0	0
HDL	META	EAS	14	72	2841	627.517510890961	0	0	0	0
HDL	META	EAS	14	73	1147	67.2412385940552	0	0	1	16
HDL	META	EAS	14	80	368	48.5080442428589	0	0	0	0
HDL	META	EAS	14	81	2489	602.571888208389	0	0	0	0
HDL	META	EAS	14	84	804	147.438999891281	0	0	0	0
HDL	META	EAS	14	86	1255	189.151910543442	0	0	0	0
HDL	META	EAS	14	93	1926	386.730619907379	0	0	0	0
HDL	META	EAS	14	95	588	92.1163806915283	0	0	0	0
HDL	META	EAS	14	97	1138	146.548040628433	0	0	0	0
HDL	META	EAS	14	100	1664	208.445870161057	0	0	0	0
HDL	META	EAS	14	103	1683	341.312295436859	0	0	0	0
HDL	META	EAS	14	117	1473	368.02356004715	0	0	0	0
HDL	META	EAS	14	121	1683	172.678206443787	0	0	0	0
HDL	META	EAS	14	122	346	41.7766468524933	0	0	0	0
HDL	META	EAS	14	126	1709	348.669672727585	0	0	0	0
HDL	META	EAS	14	128	617	89.3437113761902	0	0	0	0
HDL	META	EAS	14	129	827	65.6612937450409	0	0	1	26
HDL	META	EAS	15	4	293	2.28704190254211	0	1	0	0
HDL	META	EAS	15	10	645	104.944838047028	0	0	0	0
HDL	META	EAS	15	22	1752	303.353175163269	0	0	0	0
HDL	META	EAS	15	27	777	141.664860963821	0	0	0	0
HDL	META	EAS	15	28	1039	227.611457109451	0	0	0	0
HDL	META	EAS	15	29	767	139.390091657639	0	0	0	0
HDL	META	EAS	15	31	2795	726.771695613861	0	0	0	0
HDL	META	EAS	15	34	644	104.433965206146	0	0	0	0
HDL	META	EAS	15	35	1730	401.676639556885	0	0	0	0
HDL	META	EAS	15	37	1989	449.799210786819	0	0	0	0
HDL	META	EAS	15	38	2528	684.384006738663	0	0	0	0
HDL	META	EAS	15	39	1649	347.202628612518	0	0	0	0
HDL	META	EAS	15	40	472	62.9498782157898	0	0	0	0
HDL	META	EAS	15	41	2031	356.890718221664	0	0	0	0
HDL	META	EAS	15	45	4056	1309.55022454262	0	0	0	0
HDL	META	EAS	15	46	1327	287.704751253128	0	0	0	0
HDL	META	EAS	15	48	3858	1171.03994464874	0	0	0	0
HDL	META	EAS	15	50	1762	455.77402639389	0	0	0	0
HDL	META	EAS	15	51	1163	236.65495800972	0	0	0	0
HDL	META	EAS	15	52	1334	10796.8052616119	4	10	10	22
HDL	META	EAS	15	53	228	156.919995069504	3	5	4	5
HDL	META	EAS	15	54	1432	159.625989198685	0	0	0	0
HDL	META	EAS	15	55	783	119.472238302231	0	0	0	0
HDL	META	EAS	15	56	1236	253.78096818924	0	0	0	0
HDL	META	EAS	15	59	2797	669.324129581451	0	0	0	0
HDL	META	EAS	15	62	2734	801.610366821289	0	0	0	0
HDL	META	EAS	15	64	1145	208.945614814758	0	0	0	0
HDL	META	EAS	15	66	1940	384.10258436203	0	0	0	0
HDL	META	EAS	15	70	706	32.799350976944	0	0	1	10
HDL	META	EAS	15	71	38	1.46935272216797	0	0	0	0
HDL	META	EAS	15	73	415	36.5924773216248	0	0	0	0
HDL	META	EAS	15	76	3659	986.899302721024	0	0	0	0
HDL	META	EAS	15	79	1971	369.118833065033	0	0	0	0
HDL	META	EAS	15	86	816	145.373885393143	0	0	0	0
HDL	META	EAS	15	88	940	89.1660006046295	0	0	0	0
HDL	META	EAS	15	90	1458	286.717709302902	0	0	0	0
HDL	META	EAS	15	98	771	105.664300203323	0	0	0	0
HDL	META	EAS	15	102	1369	150.127704620361	0	0	0	0
HDL	META	EAS	15	108	478	67.4088263511658	0	0	0	0
HDL	META	EAS	15	111	833	33.2186942100525	0	0	0	0
HDL	META	EAS	15	117	709	88.2851569652557	0	0	0	0
HDL	META	EAS	15	118	455	61.3560485839844	0	0	0	0
HDL	META	EAS	16	2	185	19.3942975997925	0	0	0	0
HDL	META	EAS	16	4	1262	232.211793422699	0	0	0	0
HDL	META	EAS	16	5	301	38.3602652549744	0	0	0	0
HDL	META	EAS	16	7	1188	146.75944852829	0	0	0	0
HDL	META	EAS	16	9	1165	182.950678110123	0	0	0	0
HDL	META	EAS	16	10	623	91.5737254619598	0	0	0	0
HDL	META	EAS	16	30	98	6.90241408348083	0	0	0	0
HDL	META	EAS	16	31	1602	376.510888576508	0	0	0	0
HDL	META	EAS	16	33	2858	695.232980489731	0	0	0	0
HDL	META	EAS	16	37	1516	362.251139163971	0	0	0	0
HDL	META	EAS	16	41	1380	315.145536661148	0	0	0	0
HDL	META	EAS	16	42	136	11.0085628032684	0	0	0	0
HDL	META	EAS	16	43	1241	219.013511180878	0	0	0	0
HDL	META	EAS	16	47	865	129.978210449219	0	0	0	0
HDL	META	EAS	16	49	995	174.08713388443	0	0	0	0
HDL	META	EAS	16	52	1165	247.746745824814	0	0	0	0
HDL	META	EAS	16	57	243	24.2564496994019	0	0	1	37
HDL	META	EAS	16	58	762	109.352488279343	0	0	0	0
HDL	META	EAS	16	59	543	84.7568662166595	0	0	0	0
HDL	META	EAS	16	62	911	144.44456076622	0	0	0	0
HDL	META	EAS	16	65	858	152.062510967255	0	0	0	0
HDL	META	EAS	16	67	577	85.0071704387665	0	0	0	0
HDL	META	EAS	16	68	1112	135.525980472565	0	0	0	0
HDL	META	EAS	16	69	801	154.15017747879	0	0	0	0
HDL	META	EAS	16	73	977	173.657168865204	0	0	0	0
HDL	META	EAS	16	74	270	27.3590257167816	0	0	0	0
HDL	META	EAS	16	75	1966	12369.2400972843	3	11	8	13
HDL	META	EAS	16	76	1127	665.597914934158	2	4	4	6
HDL	META	EAS	16	77	546	74.2061131000519	0	0	0	0
HDL	META	EAS	16	79	1179	191.135435819626	0	0	0	0
HDL	META	EAS	16	86	855	145.546946048737	0	0	0	0
HDL	META	EAS	16	87	150	13.000278711319	0	0	0	0
HDL	META	EAS	16	88	2332	1097.75032520294	1	1	2	17
HDL	META	EAS	16	89	3788	1009.13849401474	0	0	0	0
HDL	META	EAS	16	91	693	115.766423225403	0	0	0	0
HDL	META	EAS	16	93	2813	679.142702102661	0	0	0	0
HDL	META	EAS	16	94	3852	1308.46788167953	0	0	0	0
HDL	META	EAS	16	103	4562	1275.84361386299	0	0	0	0
HDL	META	EAS	16	104	1246	209.107398748398	1	1	2	3
HDL	META	EAS	16	105	847	144.023305654526	0	0	0	0
HDL	META	EAS	16	106	1583	167.78498506546	0	0	0	0
HDL	META	EAS	16	107	1252	260.914114952087	0	0	0	0
HDL	META	EAS	16	111	957	177.216569185257	0	0	0	0
HDL	META	EAS	17	3	964	141.692492485046	0	0	0	0
HDL	META	EAS	17	7	504	72.0982644557953	0	0	0	0
HDL	META	EAS	17	9	1554	219.883864164352	0	0	0	0
HDL	META	EAS	17	14	719	100.742832660675	0	0	0	0
HDL	META	EAS	17	23	496	63.9167015552521	0	0	0	0
HDL	META	EAS	17	24	933	37.4300575256348	0	0	0	0
HDL	META	EAS	17	25	1154	211.855066299438	0	0	0	0
HDL	META	EAS	17	30	242	25.7182531356812	0	0	0	0
HDL	META	EAS	17	49	692	122.035671234131	0	0	0	0
HDL	META	EAS	17	51	2122	490.959675073624	0	0	0	0
HDL	META	EAS	17	55	2368	549.887115716934	0	0	0	0
HDL	META	EAS	17	66	229	25.215473651886	0	0	0	0
HDL	META	EAS	17	68	676	98.8297374248505	0	0	0	0
HDL	META	EAS	17	71	876	365.950919389725	0	0	1	41
HDL	META	EAS	17	72	1547	259.886027574539	0	0	0	0
HDL	META	EAS	17	73	1804	325.652886152267	0	0	0	0
HDL	META	EAS	17	74	2333	656.437067747116	0	0	0	0
HDL	META	EAS	17	75	2336	410.965747117996	0	0	0	0
HDL	META	EAS	17	76	953	147.002397060394	0	0	0	0
HDL	META	EAS	17	78	258	22.0884985923767	0	0	0	0
HDL	META	EAS	17	85	1796	427.44532752037	0	0	0	0
HDL	META	EAS	17	87	651	100.142615795135	0	0	0	0
HDL	META	EAS	17	90	2016	233.373646736145	0	0	0	0
HDL	META	EAS	17	93	1200	214.42348408699	0	0	0	0
HDL	META	EAS	17	94	1029	171.774758338928	0	0	0	0
HDL	META	EAS	17	97	1978	519.163373470306	0	0	0	0
HDL	META	EAS	17	98	678	101.455290794373	0	0	0	0
HDL	META	EAS	17	99	164	16.9732820987701	0	0	0	0
HDL	META	EAS	17	100	955	154.078429460526	0	0	0	0
HDL	META	EAS	17	101	1002	44.2743599414825	0	0	1	18
HDL	META	EAS	17	102	601	101.955058813095	0	0	0	0
HDL	META	EAS	17	103	650	104.253776788712	0	0	0	0
HDL	META	EAS	17	105	1210	168.149182796478	0	0	0	0
HDL	META	EAS	17	108	194	20.6679985523224	0	0	0	0
HDL	META	EAS	17	109	304	36.4555757045746	0	0	0	0
HDL	META	EAS	17	117	1095	235.854613542557	0	0	0	0
HDL	META	EAS	17	118	1028	181.907042980194	0	0	0	0
HDL	META	EAS	17	125	1671	125.444519042969	0	0	1	9
HDL	META	EAS	17	133	579	34.9984860420227	0	0	1	39
HDL	META	EAS	18	1	623	105.959572553635	0	0	0	0
HDL	META	EAS	18	7	1243	286.847231149673	0	0	0	0
HDL	META	EAS	18	8	925	143.974046230316	0	0	0	0
HDL	META	EAS	18	27	546	84.3382813930511	0	0	0	0
HDL	META	EAS	18	28	1213	247.579094648361	0	0	0	0
HDL	META	EAS	18	39	2467	691.227931976318	0	0	0	0
HDL	META	EAS	18	41	2606	524.809215784073	0	0	0	0
HDL	META	EAS	18	42	1899	207.219191074371	0	0	0	0
HDL	META	EAS	18	44	1578	274.434141635895	0	0	0	0
HDL	META	EAS	18	46	1634	298.39887547493	0	0	0	0
HDL	META	EAS	18	49	1988	364.08996295929	0	0	0	0
HDL	META	EAS	18	52	1317	261.416908979416	0	0	0	0
HDL	META	EAS	18	53	1268	288.30428981781	0	0	0	0
HDL	META	EAS	18	58	1622	139.27140378952	0	0	0	0
HDL	META	EAS	18	59	2112	580.800560712814	0	0	0	0
HDL	META	EAS	18	60	1921	374.493257045746	0	0	0	0
HDL	META	EAS	18	61	1828	435.527695655823	0	0	0	0
HDL	META	EAS	18	62	2048	400.156133651733	0	0	0	0
HDL	META	EAS	18	65	1914	434.316282510757	0	0	0	0
HDL	META	EAS	18	66	478	56.6499338150024	0	0	0	0
HDL	META	EAS	18	67	630	101.16250038147	0	0	0	0
HDL	META	EAS	18	68	130	7.73583340644836	0	0	0	0
HDL	META	EAS	18	69	3411	11010.4776997566	4	7	6	10
HDL	META	EAS	18	73	2757	559.109465360641	0	0	0	0
HDL	META	EAS	18	74	2435	478.019429206848	0	0	0	0
HDL	META	EAS	18	76	1469	306.26042342186	0	0	0	0
HDL	META	EAS	18	79	672	109.106482505798	0	0	0	0
HDL	META	EAS	18	80	1257	183.993321418762	0	0	0	0
HDL	META	EAS	18	82	2669	441.052888393402	0	0	1	115
HDL	META	EAS	18	84	382	50.2299344539642	0	0	0	0
HDL	META	EAS	18	86	49	2.60652923583984	0	0	0	0
HDL	META	EAS	19	6	118	2.08700251579285	0	0	0	0
HDL	META	EAS	19	10	176	12.0733749866486	0	0	0	0
HDL	META	EAS	19	11	227	24.8132357597351	0	0	0	0
HDL	META	EAS	19	12	214	15.3556895256042	0	0	0	0
HDL	META	EAS	19	16	133	2.53327035903931	0	0	0	0
HDL	META	EAS	19	19	78	3.18386888504028	0	0	0	0
HDL	META	EAS	19	22	792	90.9678897857666	0	0	0	0
HDL	META	EAS	19	25	599	83.4518086910248	0	0	0	0
HDL	META	EAS	19	29	769	123.542259216309	0	0	0	0
HDL	META	EAS	19	30	618	89.3196535110474	0	0	0	0
HDL	META	EAS	19	32	577	77.0364141464233	0	0	0	0
HDL	META	EAS	19	33	236	5.1402268409729	0	0	0	0
HDL	META	EAS	19	34	446	38.0345180034637	0	0	0	0
HDL	META	EAS	19	37	1318	145.886597156525	0	0	0	0
HDL	META	EAS	19	38	305	19.2622978687286	0	0	1	5
HDL	META	EAS	19	39	1509	347.88890504837	0	0	0	0
HDL	META	EAS	19	47	839	134.138542413712	0	0	0	0
HDL	META	EAS	19	50	135	12.7066538333893	0	0	0	0
HDL	META	EAS	19	51	592	97.5937898159027	0	0	0	0
HDL	META	EAS	19	52	541	22.9289360046387	0	1	0	0
HDL	META	EAS	19	57	1563	354.648677825928	0	0	0	0
HDL	META	EAS	19	58	701	100.430602788925	0	0	0	0
HDL	META	EAS	19	61	1072	160.134545087814	0	0	0	0
HDL	META	EAS	19	63	631	46.9665102958679	0	0	0	0
HDL	META	EAS	19	64	2013	339.016288042068	0	0	0	0
HDL	META	EAS	19	67	3820	614.746445894241	0	0	0	0
HDL	META	EAS	19	68	794	114.249100923538	0	0	0	0
HDL	META	EAS	19	70	836	80.940521478653	0	0	0	0
HDL	META	EAS	19	71	125	11.5370488166809	0	0	0	0
HDL	META	EAS	19	73	268	30.1038556098938	0	0	0	0
HDL	META	EAS	19	74	1694	364.169015169144	0	0	0	0
HDL	META	EAS	19	75	158	31.109415769577	1	2	2	3
HDL	META	EAS	19	76	1161	58.211630821228	0	0	1	9
HDL	META	EAS	19	77	2044	341.110745429993	0	0	0	0
HDL	META	EAS	19	79	820	98.1323003768921	0	0	0	0
HDL	META	EAS	19	80	196	21.3624985218048	0	0	0	0
HDL	META	EAS	19	81	749	80.2396614551544	0	0	0	0
HDL	META	EAS	19	89	815	155.349336147308	0	0	0	0
HDL	META	EAS	19	90	1415	253.06907916069	0	0	0	0
HDL	META	EAS	19	93	405	53.3635914325714	0	0	0	0
HDL	META	EAS	19	94	885	141.326978206635	0	0	0	0
HDL	META	EAS	19	98	218	3.01327681541443	0	1	1	4
HDL	META	EAS	20	1	563	82.407342672348	0	0	0	0
HDL	META	EAS	20	2	418	48.9622437953949	0	0	0	0
HDL	META	EAS	20	3	203	20.2603712081909	0	0	0	0
HDL	META	EAS	20	11	546	79.4390351772308	0	0	0	0
HDL	META	EAS	20	22	700	125.676754713058	0	0	0	0
HDL	META	EAS	20	23	208	22.4855291843414	0	0	0	0
HDL	META	EAS	20	24	121	10.1216876506805	0	0	0	0
HDL	META	EAS	20	29	1088	108.20450925827	0	0	0	0
HDL	META	EAS	20	40	846	132.987899541855	0	0	0	0
HDL	META	EAS	20	42	2125	404.134287595749	0	0	0	0
HDL	META	EAS	20	48	2241	487.183820486069	0	0	0	0
HDL	META	EAS	20	54	1817	177.195846319199	0	0	0	0
HDL	META	EAS	20	59	1503	342.823212623596	0	0	0	0
HDL	META	EAS	20	62	1141	232.045936822891	0	0	0	0
HDL	META	EAS	20	63	2723	630.91609120369	0	0	0	0
HDL	META	EAS	20	64	669	114.877851486206	0	0	0	0
HDL	META	EAS	20	65	1608	244.623110532761	0	0	0	0
HDL	META	EAS	20	67	919	82.0177619457245	0	0	0	0
HDL	META	EAS	20	68	487	68.8912580013275	0	0	0	0
HDL	META	EAS	20	69	1219	124.298384666443	0	0	0	0
HDL	META	EAS	20	70	756	103.010441541672	0	0	0	0
HDL	META	EAS	20	71	1500	143.679373264313	0	1	2	12
HDL	META	EAS	20	72	318	35.4266612529755	0	0	0	0
HDL	META	EAS	20	73	1278	188.703972816467	0	0	0	0
HDL	META	EAS	20	74	620	12.073343038559	0	1	1	3
HDL	META	EAS	20	75	1038	138.343371868134	0	0	0	0
HDL	META	EAS	20	84	1560	311.040488958359	0	0	0	0
HDL	META	EAS	20	86	881	157.85498547554	0	0	0	0
HDL	META	EAS	20	93	1878	416.729357004166	0	0	0	0
HDL	META	EAS	20	99	836	107.517320394516	0	0	0	0
HDL	META	EAS	21	2	306	40.1557672023773	0	0	0	0
HDL	META	EAS	21	3	509	28.4632523059845	0	0	0	0
HDL	META	EAS	21	4	244	29.1290085315704	0	0	0	0
HDL	META	EAS	21	30	2616	275.089213132858	0	0	0	0
HDL	META	EAS	21	37	1337	261.227258205414	0	0	0	0
HDL	META	EAS	21	41	2097	527.318236112595	0	0	0	0
HDL	META	EAS	21	45	1883	390.883943080902	0	0	0	0
HDL	META	EAS	21	53	819	126.448077440262	0	0	0	0
HDL	META	EAS	21	57	533	74.2458221912384	0	0	0	0
HDL	META	EAS	22	13	565	70.1558449268341	0	0	1	25
HDL	META	EAS	22	14	594	84.2999670505524	0	0	0	0
HDL	META	EAS	22	24	1650	369.376507759094	0	0	0	0
HDL	META	EAS	22	26	581	82.0239260196686	0	0	0	0
HDL	META	EAS	22	29	1604	388.608049154282	0	0	0	0
HDL	META	EAS	22	30	4977	1819.35888242722	0	0	0	0
HDL	META	EAS	22	33	806	141.200991630554	0	0	0	0
HDL	META	EAS	22	37	1024	178.222473621368	0	0	0	0
HDL	META	EAS	22	43	908	118.843818187714	0	0	0	0
HDL	META	EAS	22	44	618	80.786018371582	0	0	0	0
HDL	META	EAS	22	45	850	59.6240458488464	0	0	0	0
HDL	META	EAS	22	46	2540	645.110857248306	0	0	0	0
HDL	META	EAS	22	47	1113	164.75989484787	0	0	0	0
HDL	META	EAS	22	49	215	22.7691352367401	0	0	0	0
HDL	META	EAS	22	50	465	64.0955736637115	0	0	0	0
