pheno	db	pid	chromosome	block	num_variants	time	num_variants_0.95	num_variants_0.5	num_CS95	num_variants_CS95
LDL	UKBB	AFR	1	2	1472	274.323047637939	0	0	0	0
LDL	UKBB	AFR	1	4	1992	514.249728441238	0	0	0	0
LDL	UKBB	AFR	1	17	6619	3393.89575147629	0	0	0	0
LDL	UKBB	AFR	1	19	5388	2079.7546517849	0	0	0	0
LDL	UKBB	AFR	1	23	1856	409.542838573456	0	0	0	0
LDL	UKBB	AFR	1	35	6558	1602.76754665375	0	0	0	0
LDL	UKBB	AFR	1	40	2184	706.688712596893	0	0	0	0
LDL	UKBB	AFR	1	48	2575	922.761142015457	0	0	0	0
LDL	UKBB	AFR	1	49	2481	417.646723747253	0	0	0	0
LDL	UKBB	AFR	1	51	2317	627.241472005844	0	0	0	0
LDL	UKBB	AFR	1	52	6619	2219.4854619503	0	0	0	0
LDL	UKBB	AFR	1	53	5723	2433.35513496399	0	0	0	0
LDL	UKBB	AFR	1	58	6819	1707.66036105156	0	0	0	0
LDL	UKBB	AFR	1	70	4511	540.127248764038	0	0	0	0
LDL	UKBB	AFR	1	73	6384	948.212624073029	0	0	0	0
LDL	UKBB	AFR	1	75	7752	1515.75695872307	0	0	0	0
LDL	UKBB	AFR	1	76	3972	1201.23512268066	0	0	0	0
LDL	UKBB	AFR	1	78	2455	736.250999450684	0	0	0	0
LDL	UKBB	AFR	1	80	2349	488.769691228867	0	0	0	0
LDL	UKBB	AFR	1	81	1666	389.45549631118803	0	0	0	0
LDL	UKBB	AFR	1	82	3622	610.097811222076	0	0	0	0
LDL	UKBB	AFR	1	83	4259	1278.74965405464	0	0	0	0
LDL	UKBB	AFR	1	84	6650	1803.3264913559	2	2	2	2
LDL	UKBB	AFR	1	85	1976	476.831734895706	0	0	0	0
LDL	UKBB	AFR	1	88	3502	1156.31825089455	0	0	0	0
LDL	UKBB	AFR	1	89	3798	1448.36034464836	0	0	0	0
LDL	UKBB	AFR	1	92	4457	1635.9124455452	0	0	0	0
LDL	UKBB	AFR	1	94	1059	224.951547384262	0	0	0	0
LDL	UKBB	AFR	1	96	4153	1035.76147031784	0	0	0	0
LDL	UKBB	AFR	1	97	5112	1677.79329037666	0	0	0	0
LDL	UKBB	AFR	1	100	4064	1802.91289114952	0	0	0	0
LDL	UKBB	AFR	1	109	5577	1137.99089384079	0	0	0	0
LDL	UKBB	AFR	1	124	6844	2492.90402030945	0	0	0	0
LDL	UKBB	AFR	1	125	8668	2974.98871731758	0	0	0	0
LDL	UKBB	AFR	1	136	5068	1603.99319648743	0	0	0	0
LDL	UKBB	AFR	1	138	6689	1887.72281146049	1	1	1	1
LDL	UKBB	AFR	1	139	1513	406.360378265381	0	0	0	0
LDL	UKBB	AFR	1	141	2563	711.64764213562	0	0	0	0
LDL	UKBB	AFR	1	145	2809	890.969614744186	0	0	0	0
LDL	UKBB	AFR	1	147	4581	1539.98239302635	0	0	0	0
LDL	UKBB	AFR	1	150	4926	1887.68449425697	0	0	0	0
LDL	UKBB	AFR	1	151	6645	1905.1987183094	0	0	0	0
LDL	UKBB	AFR	1	154	8722	2855.51889252663	0	0	0	0
LDL	UKBB	AFR	1	158	5387	2199.69491624832	0	0	0	0
LDL	UKBB	AFR	1	162	4256	1520.7464659214	0	0	0	0
LDL	UKBB	AFR	1	163	3284	1009.33538985252	0	0	0	0
LDL	UKBB	AFR	1	168	5337	1675.8659696579	0	0	0	0
LDL	UKBB	AFR	1	169	7103	3471.58976411819	0	0	0	0
LDL	UKBB	AFR	1	175	7083	2918.54413461685	0	0	0	0
LDL	UKBB	AFR	1	182	7601	2682.79669737816	0	0	0	0
LDL	UKBB	AFR	1	183	7176	1777.60396122932	0	0	0	0
LDL	UKBB	AFR	1	187	4677	1829.16750383377	0	0	0	0
LDL	UKBB	AFR	1	188	5325	2143.58063864708	0	0	0	0
LDL	UKBB	AFR	1	189	3739	1503.79108166695	0	0	0	0
LDL	UKBB	AFR	1	191	5189	2368.26686573029	0	0	0	0
LDL	UKBB	AFR	1	192	5202	2320.7356004715	0	0	0	0
LDL	UKBB	AFR	1	201	6278	2672.4967880249	0	0	0	0
LDL	UKBB	AFR	1	202	5171	1647.39258885384	0	0	0	0
LDL	UKBB	AFR	1	205	2040	478.363075971603	0	0	0	0
LDL	UKBB	AFR	1	213	2803	808.390730142593	0	0	0	0
LDL	UKBB	AFR	1	214	2494	506.995450973511	0	0	0	0
LDL	UKBB	AFR	1	216	5669	1587.90302038193	0	0	0	0
LDL	UKBB	AFR	1	221	4849	2292.54462361336	0	0	0	0
LDL	UKBB	AFR	1	223	5525	1158.05486893654	0	0	0	0
LDL	UKBB	AFR	1	226	1984	379.271846294403	0	0	0	0
LDL	UKBB	AFR	1	233	6542	3162.22506213188	0	0	0	0
LDL	UKBB	AFR	1	234	7505	2872.53250074387	0	0	0	0
LDL	UKBB	AFR	1	238	9842	2944.71182799339	0	0	0	0
LDL	UKBB	AFR	1	239	2309	693.612325429916	0	0	0	0
LDL	UKBB	AFR	1	252	2316	847.673991680145	0	0	0	0
LDL	UKBB	AFR	1	253	822	56.8540079593658	0	0	0	0
LDL	UKBB	AFR	1	254	3999	1188.99349021912	0	0	0	0
LDL	UKBB	AFR	1	255	2519	533.303799390793	0	0	0	0
LDL	UKBB	AFR	1	280	10099	1440.67911124229	0	0	0	0
LDL	UKBB	AFR	2	6	2716	597.460538387299	0	0	0	0
LDL	UKBB	AFR	2	19	825	100.645359516144	0	0	0	0
LDL	UKBB	AFR	2	21	1674	351.286395549774	0	0	0	0
LDL	UKBB	AFR	2	27	2245	714.792027235031	0	0	0	0
LDL	UKBB	AFR	2	34	6265	2544.42725801468	0	0	0	0
LDL	UKBB	AFR	2	37	2303	562.643824100494	0	0	0	0
LDL	UKBB	AFR	2	38	4925	1900.7744448185	0	0	0	0
LDL	UKBB	AFR	2	39	2296	704.092909097672	0	0	0	0
LDL	UKBB	AFR	2	40	7094	2025.17160606384	0	0	0	0
LDL	UKBB	AFR	2	41	3250	1037.71796679497	0	0	0	0
LDL	UKBB	AFR	2	42	298	7.11726784706116	0	1	0	0
LDL	UKBB	AFR	2	43	714	128.749134778976	0	0	0	0
LDL	UKBB	AFR	2	44	3342	568.351012706757	0	0	0	0
LDL	UKBB	AFR	2	45	5978	2521.796033144	0	0	0	0
LDL	UKBB	AFR	2	46	2604	726.697731018066	0	0	0	0
LDL	UKBB	AFR	2	47	7471	3489.00787711143	0	0	0	0
LDL	UKBB	AFR	2	48	4608	1103.04827833176	0	0	0	0
LDL	UKBB	AFR	2	49	7290	3380.81073141098	0	0	0	0
LDL	UKBB	AFR	2	50	4163	1450.69861793518	0	0	0	0
LDL	UKBB	AFR	2	51	4755	1486.19188499451	0	0	0	0
LDL	UKBB	AFR	2	53	3091	1032.4402282238	0	0	0	0
LDL	UKBB	AFR	2	69	5620	2375.61755347252	0	0	0	0
LDL	UKBB	AFR	2	71	4440	958.015612602234	0	0	0	0
LDL	UKBB	AFR	2	72	7365	2170.5894985199	0	0	0	0
LDL	UKBB	AFR	2	74	2491	570.628759622574	0	0	0	0
LDL	UKBB	AFR	2	75	2977	975.738860607147	0	0	0	0
LDL	UKBB	AFR	2	77	2882	940.341531991959	0	0	0	0
LDL	UKBB	AFR	2	84	14498	2987.3471570015	0	0	0	0
LDL	UKBB	AFR	2	86	5708	2156.52009820938	0	0	0	0
LDL	UKBB	AFR	2	87	2015	517.084300279617	0	0	0	0
LDL	UKBB	AFR	2	88	16740	6738.01321315765	0	0	0	0
LDL	UKBB	AFR	2	89	4268	1498.16063427925	0	0	0	0
LDL	UKBB	AFR	2	97	6392	2171.58080434799	0	0	0	0
LDL	UKBB	AFR	2	99	3744	1272.88448286057	0	0	0	0
LDL	UKBB	AFR	2	100	5073	1763.51435375214	0	0	0	0
LDL	UKBB	AFR	2	115	8462	1715.46021103859	0	0	0	0
LDL	UKBB	AFR	2	121	7623	1206.59204721451	0	0	0	0
LDL	UKBB	AFR	2	122	3357	1055.49462175369	0	0	0	0
LDL	UKBB	AFR	2	124	6304	2179.24060726166	0	0	0	0
LDL	UKBB	AFR	2	127	10494	4185.39398288727	0	0	0	0
LDL	UKBB	AFR	2	128	8920	2884.28377079964	0	0	0	0
LDL	UKBB	AFR	2	130	972	173.941912651062	0	0	0	0
LDL	UKBB	AFR	2	131	267	27.059410572052	0	0	0	0
LDL	UKBB	AFR	2	138	7521	2977.30225658417	0	0	0	0
LDL	UKBB	AFR	2	145	2691	713.009270429611	0	0	0	0
LDL	UKBB	AFR	2	146	7338	1375.24962234497	0	0	0	0
LDL	UKBB	AFR	2	147	11956	4687.14949321747	0	0	0	0
LDL	UKBB	AFR	2	152	4175	1456.29941153526	0	0	0	0
LDL	UKBB	AFR	2	162	2765	812.5662150383	0	0	0	0
LDL	UKBB	AFR	2	163	346	45.9430999755859	0	0	0	0
LDL	UKBB	AFR	2	166	11540	2212.57563018799	0	0	0	0
LDL	UKBB	AFR	2	168	5132	2377.89424014091	0	0	0	0
LDL	UKBB	AFR	2	172	1571	150.015949249268	0	0	0	0
LDL	UKBB	AFR	2	177	5697	2051.61679291725	0	0	0	0
LDL	UKBB	AFR	2	181	7110	1332.48897099495	0	0	0	0
LDL	UKBB	AFR	2	184	9623	4995.00119829178	0	0	0	0
LDL	UKBB	AFR	2	192	7048	2209.2899286747	0	0	0	0
LDL	UKBB	AFR	2	198	4605	1697.08735990524	0	0	0	0
LDL	UKBB	AFR	2	199	7545	2940.40790486336	0	0	0	0
LDL	UKBB	AFR	2	205	3574	1045.29011797905	0	0	0	0
LDL	UKBB	AFR	2	208	11091	4073.68252277374	0	0	0	0
LDL	UKBB	AFR	2	212	5673	1909.73565530777	0	0	0	0
LDL	UKBB	AFR	2	213	12646	4181.08419513702	0	0	0	0
LDL	UKBB	AFR	2	217	3417	734.038615703583	0	0	0	0
LDL	UKBB	AFR	2	232	2710	704.653691053391	0	0	0	0
LDL	UKBB	AFR	2	237	4890	1352.23033738136	0	0	0	0
LDL	UKBB	AFR	2	240	4368	1261.415807724	0	0	0	0
LDL	UKBB	AFR	2	242	4041	1131.42063474655	0	0	0	0
LDL	UKBB	AFR	2	250	9156	1671.69311642647	0	0	0	0
LDL	UKBB	AFR	2	256	5481	787.296311616898	0	0	0	0
LDL	UKBB	AFR	3	24	6107	1685.69183826447	0	0	0	0
LDL	UKBB	AFR	3	41	7590	3136.29019427299	0	0	0	0
LDL	UKBB	AFR	3	43	4631	1963.65029597282	0	0	0	0
LDL	UKBB	AFR	3	51	2523	755.529969215393	0	0	0	0
LDL	UKBB	AFR	3	56	4792	1892.89064908028	0	0	0	0
LDL	UKBB	AFR	3	70	5844	857.232999801636	0	0	0	0
LDL	UKBB	AFR	3	71	7615	3512.92413878441	0	0	0	0
LDL	UKBB	AFR	3	83	8358	2012.82927584648	0	0	0	0
LDL	UKBB	AFR	3	88	5089	1609.6346449852	0	0	0	0
LDL	UKBB	AFR	3	89	5797	2601.31332492828	0	0	0	0
LDL	UKBB	AFR	3	104	12234	4749.86981415749	0	0	0	0
LDL	UKBB	AFR	3	107	5065	815.564671278	0	0	0	0
LDL	UKBB	AFR	3	109	11353	2944.36170148849	0	0	0	0
LDL	UKBB	AFR	3	120	5358	1127.70593500137	0	0	0	0
LDL	UKBB	AFR	3	121	6403	2267.70942187309	0	0	0	0
LDL	UKBB	AFR	3	122	1429	325.305430412292	0	0	0	0
LDL	UKBB	AFR	3	123	2258	699.853013753891	0	0	0	0
LDL	UKBB	AFR	3	125	5709	1005.24680447578	0	0	0	0
LDL	UKBB	AFR	3	127	6931	2989.41558027267	0	0	0	0
LDL	UKBB	AFR	3	128	2851	731.694905996323	0	0	0	0
LDL	UKBB	AFR	3	129	3235	1158.79767894745	0	0	0	0
LDL	UKBB	AFR	3	132	9026	3417.6981215477	0	0	0	0
LDL	UKBB	AFR	3	135	5546	1638.21600818634	0	0	0	0
LDL	UKBB	AFR	3	140	6801	1717.72712039948	0	0	0	0
LDL	UKBB	AFR	3	145	6700	2469.55686426163	0	0	0	0
LDL	UKBB	AFR	3	148	5962	2040.19751787186	0	0	0	0
LDL	UKBB	AFR	3	149	4927	1775.25814342499	0	0	0	0
LDL	UKBB	AFR	3	150	5539	1910.48921179771	0	0	0	0
LDL	UKBB	AFR	3	154	1407	226.406393766403	0	0	0	0
LDL	UKBB	AFR	3	155	5451	2087.15631461143	0	0	0	0
LDL	UKBB	AFR	3	158	6737	2613.92638707161	0	0	0	0
LDL	UKBB	AFR	3	159	5503	1605.90137434006	0	0	0	0
LDL	UKBB	AFR	3	161	7943	1622.70270514488	0	0	0	0
LDL	UKBB	AFR	3	165	6166	1179.55003404617	0	0	0	0
LDL	UKBB	AFR	3	166	12444	2438.25571346283	0	0	0	0
LDL	UKBB	AFR	3	172	4335	1250.6424407959	0	0	0	0
LDL	UKBB	AFR	3	173	2587	314.955734729767	0	0	0	0
LDL	UKBB	AFR	3	175	1755	467.590228557587	0	0	0	0
LDL	UKBB	AFR	3	186	7418	1496.93048524857	0	0	0	0
LDL	UKBB	AFR	3	190	3623	1271.94013881683	0	0	0	0
LDL	UKBB	AFR	3	195	11407	1966.16779088974	0	0	0	0
LDL	UKBB	AFR	3	214	7491	2454.88347315788	0	0	0	0
LDL	UKBB	AFR	3	216	3834	1437.62229466438	0	0	0	0
LDL	UKBB	AFR	4	1	18183	4313.45246553421	0	0	0	0
LDL	UKBB	AFR	4	15	2772	797.919113636017	0	0	0	0
LDL	UKBB	AFR	4	19	2793	738.23145866394	0	0	0	0
LDL	UKBB	AFR	4	21	10021	4360.66547870636	0	0	0	0
LDL	UKBB	AFR	4	28	5101	1868.07100605965	0	0	0	0
LDL	UKBB	AFR	4	30	3052	176.34148812294	0	0	0	0
LDL	UKBB	AFR	4	42	894	150.383924722672	0	0	0	0
LDL	UKBB	AFR	4	43	3026	877.020300388336	0	0	0	0
LDL	UKBB	AFR	4	55	5412	1906.65617990494	0	0	0	0
LDL	UKBB	AFR	4	57	1167	242.883718967438	0	0	0	0
LDL	UKBB	AFR	4	64	8992	1564.91988492012	0	1	0	0
LDL	UKBB	AFR	4	65	3570	871.215620517731	0	0	0	0
LDL	UKBB	AFR	4	66	4811	1390.51360273361	0	0	0	0
LDL	UKBB	AFR	4	71	2357	665.946464776993	0	0	0	0
LDL	UKBB	AFR	4	79	4772	1410.21606707573	0	0	0	0
LDL	UKBB	AFR	4	80	6787	2758.36549425125	0	0	0	0
LDL	UKBB	AFR	4	84	6625	1425.66226601601	0	0	0	0
LDL	UKBB	AFR	4	85	2127	556.028944730759	0	0	0	0
LDL	UKBB	AFR	4	86	464	60.401599407196	0	0	0	0
LDL	UKBB	AFR	4	87	9146	1393.46033477783	0	0	0	0
LDL	UKBB	AFR	4	90	6228	947.339922189713	0	0	0	0
LDL	UKBB	AFR	4	92	5146	1550.43699026108	0	0	0	0
LDL	UKBB	AFR	4	101	7532	1683.93023395538	0	0	0	0
LDL	UKBB	AFR	4	113	7040	2192.3337893486	0	0	0	0
LDL	UKBB	AFR	4	115	2991	733.659413337708	0	0	0	0
LDL	UKBB	AFR	4	116	5697	2405.29950261116	0	0	0	0
LDL	UKBB	AFR	4	117	6420	1125.17330217361	0	0	0	0
LDL	UKBB	AFR	4	121	5308	1384.19398522377	0	0	0	0
LDL	UKBB	AFR	4	122	2045	530.959700345993	0	0	0	0
LDL	UKBB	AFR	4	129	7572	1979.86232018471	0	0	0	0
LDL	UKBB	AFR	4	130	6734	2742.57349824905	0	0	0	0
LDL	UKBB	AFR	4	134	10283	1736.98223233223	0	0	0	0
LDL	UKBB	AFR	4	136	9190	2556.68315172195	0	0	0	0
LDL	UKBB	AFR	4	148	4312	1248.93311047554	0	0	0	0
LDL	UKBB	AFR	4	156	9122	2889.21113586426	0	0	0	0
LDL	UKBB	AFR	4	159	2533	36.4320585727692	0	0	0	0
LDL	UKBB	AFR	4	161	2367	705.01987361908	0	0	0	0
LDL	UKBB	AFR	4	162	4199	1328.952221632	0	0	0	0
LDL	UKBB	AFR	4	203	2966	899.088784456253	0	0	0	0
LDL	UKBB	AFR	5	6	2028	199.130889415741	0	0	0	0
LDL	UKBB	AFR	5	17	3936	1247.86617708206	0	0	0	0
LDL	UKBB	AFR	5	55	1422	317.452119112015	0	0	0	0
LDL	UKBB	AFR	5	64	6972	3310.10393381119	0	0	0	0
LDL	UKBB	AFR	5	69	2397	601.851861715317	0	0	0	0
LDL	UKBB	AFR	5	71	7801	1693.46956324577	0	0	0	0
LDL	UKBB	AFR	5	81	4440	1874.42933726311	0	0	0	0
LDL	UKBB	AFR	5	82	3086	710.774596691132	0	0	0	0
LDL	UKBB	AFR	5	84	871	160.610023021698	0	0	0	0
LDL	UKBB	AFR	5	85	6561	2427.18988132477	0	0	0	0
LDL	UKBB	AFR	5	86	83	5.833092212677	0	0	0	0
LDL	UKBB	AFR	5	109	3336	1320.63363862038	0	0	0	0
LDL	UKBB	AFR	5	127	11072	4095.33417463303	0	0	0	0
LDL	UKBB	AFR	5	130	7783	3089.99949455261	0	0	0	0
LDL	UKBB	AFR	5	134	4128	1138.30696058273	0	0	0	0
LDL	UKBB	AFR	5	144	5662	2116.52723431587	0	0	0	0
LDL	UKBB	AFR	5	146	7648	1851.82319426537	0	0	0	0
LDL	UKBB	AFR	5	147	3097	829.081632852554	0	0	0	0
LDL	UKBB	AFR	5	148	94	9.1630654335022	0	0	0	0
LDL	UKBB	AFR	5	156	4575	779.80429649353	0	0	0	0
LDL	UKBB	AFR	5	157	2662	332.144818782806	0	0	0	0
LDL	UKBB	AFR	5	158	3934	1265.25991535187	0	0	0	0
LDL	UKBB	AFR	5	165	3077	1030.23133802414	0	0	0	0
LDL	UKBB	AFR	5	166	6099	2708.66422820091	0	0	0	0
LDL	UKBB	AFR	5	167	4973	1468.54160404205	0	0	0	0
LDL	UKBB	AFR	5	202	3745	867.406839132309	0	0	0	0
LDL	UKBB	AFR	5	207	4845	1972.6861448288	0	0	0	0
LDL	UKBB	AFR	6	19	4685	1618.49053144455	0	0	0	0
LDL	UKBB	AFR	6	20	3079	361.312582731247	0	0	0	0
LDL	UKBB	AFR	6	25	4625	1890.94016385078	0	0	0	0
LDL	UKBB	AFR	6	27	2939	345.721233606339	0	0	0	0
LDL	UKBB	AFR	6	34	5438	1396.52342033386	0	0	0	0
LDL	UKBB	AFR	6	35	1961	286.174204587936	0	0	0	0
LDL	UKBB	AFR	6	39	8602	3333.37943387032	0	0	0	0
LDL	UKBB	AFR	6	43	5409	2567.33918094635	0	0	0	0
LDL	UKBB	AFR	6	44	995	159.300040960312	0	0	0	0
LDL	UKBB	AFR	6	47	6811	1747.15475296974	0	0	0	0
LDL	UKBB	AFR	6	51	10938	2130.31744456291	0	0	0	0
LDL	UKBB	AFR	6	53	3305	1132.24589300156	0	0	0	0
LDL	UKBB	AFR	6	56	3174	932.964645862579	0	0	0	0
LDL	UKBB	AFR	6	58	5359	1700.09569835663	0	0	0	0
LDL	UKBB	AFR	6	63	5242	185.155708551407	0	1	0	0
LDL	UKBB	AFR	6	64	584	70.2697234153748	0	0	0	0
LDL	UKBB	AFR	6	65	1517	386.363770723343	0	0	0	0
LDL	UKBB	AFR	6	71	20696	4154.38824987411	0	0	0	0
LDL	UKBB	AFR	6	72	2114	270.081458330154	0	0	0	0
LDL	UKBB	AFR	6	73	809	119.027988195419	0	0	0	0
LDL	UKBB	AFR	6	75	756	36.2397468090057	0	0	0	0
LDL	UKBB	AFR	6	76	10261	3911.17965769768	0	0	0	0
LDL	UKBB	AFR	6	87	8807	2319.58878421783	0	0	0	0
LDL	UKBB	AFR	6	88	15999	7608.63159942627	0	0	0	0
LDL	UKBB	AFR	6	100	74	4.63308429718018	0	0	0	0
LDL	UKBB	AFR	6	101	5427	1813.68867969513	0	0	0	0
LDL	UKBB	AFR	6	105	5063	1648.68258452415	0	0	0	0
LDL	UKBB	AFR	6	106	4217	1125.99671626091	0	0	0	0
LDL	UKBB	AFR	6	109	4835	1389.02475690842	0	0	0	0
LDL	UKBB	AFR	6	115	12197	3952.26374173164	0	0	0	0
LDL	UKBB	AFR	6	117	10303	3649.21713328362	0	0	0	0
LDL	UKBB	AFR	6	124	8229	3226.34203934669	0	0	0	0
LDL	UKBB	AFR	6	127	4140	1511.63692688942	0	0	0	0
LDL	UKBB	AFR	6	128	5865	2251.81145381927	0	0	0	0
LDL	UKBB	AFR	6	134	4084	1232.12631082535	0	0	0	0
LDL	UKBB	AFR	6	136	2567	502.102334976196	0	0	0	0
LDL	UKBB	AFR	6	140	3506	508.074630260468	0	0	0	0
LDL	UKBB	AFR	6	154	3903	1387.62120366096	0	0	0	0
LDL	UKBB	AFR	6	158	4514	1344.12169337273	0	0	0	0
LDL	UKBB	AFR	6	160	5628	2474.52898073196	0	0	0	0
LDL	UKBB	AFR	6	168	6860	1357.97280430794	0	0	0	0
LDL	UKBB	AFR	6	169	11513	2586.39154219627	0	0	0	0
LDL	UKBB	AFR	6	170	2171	261.844702005386	0	0	0	0
LDL	UKBB	AFR	6	180	642	103.146389961243	0	0	0	0
LDL	UKBB	AFR	6	183	3292	1120.75664377213	0	0	0	0
LDL	UKBB	AFR	6	187	3719	1313.93524551392	0	0	0	0
LDL	UKBB	AFR	7	3	4576	1657.0400557518	0	0	0	0
LDL	UKBB	AFR	7	5	7295	2169.38360786438	0	0	0	0
LDL	UKBB	AFR	7	6	3813	1396.72271156311	0	0	0	0
LDL	UKBB	AFR	7	11	4977	2293.16468405724	0	0	0	0
LDL	UKBB	AFR	7	12	8755	2764.27643728256	0	0	0	0
LDL	UKBB	AFR	7	13	3555	907.697157144547	0	0	0	0
LDL	UKBB	AFR	7	33	7276	2992.99824643135	0	0	0	0
LDL	UKBB	AFR	7	37	5774	1047.61243128777	0	0	0	0
LDL	UKBB	AFR	7	41	5445	1711.67879199982	0	0	0	0
LDL	UKBB	AFR	7	42	5383	1660.29934668541	0	0	0	0
LDL	UKBB	AFR	7	44	1131	250.442955732346	0	0	0	0
LDL	UKBB	AFR	7	50	3872	1300.81315755844	0	0	0	0
LDL	UKBB	AFR	7	58	5367	1948.97829627991	0	0	0	0
LDL	UKBB	AFR	7	66	2336	297.384035110474	0	0	0	0
LDL	UKBB	AFR	7	67	14085	2604.64439940453	0	0	0	0
LDL	UKBB	AFR	7	74	2473	515.311125993729	0	0	0	0
LDL	UKBB	AFR	7	85	7189	1987.33458328247	0	0	0	0
LDL	UKBB	AFR	7	88	8808	1951.03798317909	0	0	0	0
LDL	UKBB	AFR	7	89	4350	1718.3090159893	0	0	0	0
LDL	UKBB	AFR	7	95	3291	1050.92277312279	0	0	0	0
LDL	UKBB	AFR	7	99	8507	3347.6527068615	0	0	0	0
LDL	UKBB	AFR	7	103	4146	1952.35072827339	0	0	0	0
LDL	UKBB	AFR	7	109	4707	2018.11820483208	0	0	0	0
LDL	UKBB	AFR	7	111	8158	2339.02328205109	0	0	0	0
LDL	UKBB	AFR	7	112	3672	1138.53414821625	0	0	0	0
LDL	UKBB	AFR	7	113	6938	2369.84296989441	0	0	0	0
LDL	UKBB	AFR	7	114	9495	1419.83934569359	0	0	0	0
LDL	UKBB	AFR	7	119	3646	1057.03706264496	0	0	0	0
LDL	UKBB	AFR	7	132	12280	4057.05584168434	0	0	0	0
LDL	UKBB	AFR	7	133	11013	4702.87863659859	0	0	0	0
LDL	UKBB	AFR	7	134	3163	1098.36243700981	0	0	0	0
LDL	UKBB	AFR	7	138	7908	2670.42058563232	0	0	0	0
LDL	UKBB	AFR	7	139	1616	382.164492845535	0	0	0	0
LDL	UKBB	AFR	7	141	8185	1079.56050133705	0	0	0	0
LDL	UKBB	AFR	7	147	2655	730.776141166687	0	0	0	0
LDL	UKBB	AFR	7	152	2961	889.524039268494	0	0	0	0
LDL	UKBB	AFR	7	162	10902	3843.90717601776	0	0	0	0
LDL	UKBB	AFR	7	176	1091	196.992631912231	0	0	0	0
LDL	UKBB	AFR	7	177	1763	513.200900316238	0	0	0	0
LDL	UKBB	AFR	7	187	8681	4174.07336711884	0	0	0	0
LDL	UKBB	AFR	8	17	5540	1911.74242520332	0	0	0	0
LDL	UKBB	AFR	8	29	9680	2104.0522403717	0	0	0	0
LDL	UKBB	AFR	8	36	1815	537.035622596741	0	0	0	0
LDL	UKBB	AFR	8	39	3964	1340.95199513435	0	0	0	0
LDL	UKBB	AFR	8	42	6598	587.558994293213	0	1	0	0
LDL	UKBB	AFR	8	44	1977	451.308076143265	0	0	0	0
LDL	UKBB	AFR	8	45	4296	1480.03849411011	0	0	0	0
LDL	UKBB	AFR	8	56	4884	1523.96000170708	0	0	0	0
LDL	UKBB	AFR	8	57	3464	448.826080560684	0	0	0	0
LDL	UKBB	AFR	8	59	3075	1014.35151672363	0	0	0	0
LDL	UKBB	AFR	8	65	3275	995.466780900955	0	0	0	0
LDL	UKBB	AFR	8	68	4334	907.888265609741	0	0	0	0
LDL	UKBB	AFR	8	69	9028	2429.90577721596	0	0	0	0
LDL	UKBB	AFR	8	71	5815	2451.53490424156	0	0	0	0
LDL	UKBB	AFR	8	75	1495	369.663574457169	0	0	0	0
LDL	UKBB	AFR	8	78	1104	59.8043823242188	0	0	0	0
LDL	UKBB	AFR	8	79	3659	289.619084119797	0	0	0	0
LDL	UKBB	AFR	8	81	5715	2731.50286269188	0	0	0	0
LDL	UKBB	AFR	8	83	9665	3403.8004117012	0	0	0	0
LDL	UKBB	AFR	8	85	5074	1935.02915525436	0	0	0	0
LDL	UKBB	AFR	8	88	6083	1371.35590910912	0	0	0	0
LDL	UKBB	AFR	8	90	7690	1088.98625850677	0	0	0	0
LDL	UKBB	AFR	8	101	4298	1547.72106528282	0	0	0	0
LDL	UKBB	AFR	8	106	5377	1800.38649392128	0	0	0	0
LDL	UKBB	AFR	8	113	3762	812.589423418045	0	0	0	0
LDL	UKBB	AFR	8	124	3305	609.186203479767	0	0	0	0
LDL	UKBB	AFR	8	125	1434	374.536449670792	0	0	0	0
LDL	UKBB	AFR	8	135	4245	1246.52420544624	0	0	0	0
LDL	UKBB	AFR	8	153	2405	207.775485992432	0	0	0	0
LDL	UKBB	AFR	8	159	4397	1377.31173706055	0	0	0	0
LDL	UKBB	AFR	8	160	4742	1635.28681015968	0	0	0	0
LDL	UKBB	AFR	9	4	4547	1163.70224642754	0	0	0	0
LDL	UKBB	AFR	9	5	1171	281.583405971527	0	0	0	0
LDL	UKBB	AFR	9	13	8695	2814.66394114494	0	0	0	0
LDL	UKBB	AFR	9	33	4894	1325.12967181206	0	0	0	0
LDL	UKBB	AFR	9	36	4545	1949.69798445702	0	0	0	0
LDL	UKBB	AFR	9	39	2031	531.073240756989	0	0	0	0
LDL	UKBB	AFR	9	40	8635	2874.46043348312	0	0	0	0
LDL	UKBB	AFR	9	51	2722	698.90234041214	0	0	0	0
LDL	UKBB	AFR	9	53	8737	1676.63842749596	0	0	0	0
LDL	UKBB	AFR	9	62	6852	1723.78031086922	0	0	0	0
LDL	UKBB	AFR	9	69	3205	884.243803739548	0	0	0	0
LDL	UKBB	AFR	9	70	1989	434.254585266113	0	0	0	0
LDL	UKBB	AFR	9	72	1344	246.278310537338	0	0	0	0
LDL	UKBB	AFR	9	73	3467	1095.44318771362	0	0	0	0
LDL	UKBB	AFR	9	80	9353	3614.44809675217	0	0	0	0
LDL	UKBB	AFR	9	84	4231	1298.56974840164	0	0	0	0
LDL	UKBB	AFR	9	89	1368	338.544370174408	0	0	0	0
LDL	UKBB	AFR	9	93	5615	1148.36931848526	0	0	0	0
LDL	UKBB	AFR	9	99	3825	346.831553697586	0	1	0	0
LDL	UKBB	AFR	9	102	7288	1848.49856233597	0	0	0	0
LDL	UKBB	AFR	9	104	1842	213.857823133469	0	0	0	0
LDL	UKBB	AFR	9	110	8514	2593.73736929893	0	0	0	0
LDL	UKBB	AFR	9	111	323	38.830331325531	0	0	0	0
LDL	UKBB	AFR	9	112	7391	921.406855106354	0	0	0	0
LDL	UKBB	AFR	9	114	2476	289.549533367157	0	0	0	0
LDL	UKBB	AFR	9	115	7700	2247.57268738747	0	0	0	0
LDL	UKBB	AFR	9	116	3663	1434.27095007896	0	0	0	0
LDL	UKBB	AFR	9	118	9347	2630.96598148346	0	0	0	0
LDL	UKBB	AFR	9	119	3647	1385.51345777512	0	0	0	0
LDL	UKBB	AFR	9	124	3488	749.572046995163	0	0	0	0
LDL	UKBB	AFR	9	125	4830	1799.35561990738	0	0	0	0
LDL	UKBB	AFR	9	134	9747	1450.97556734085	0	0	0	0
LDL	UKBB	AFR	9	140	10124	3822.75206756592	0	0	0	0
LDL	UKBB	AFR	9	144	3524	1272.52966070175	0	0	0	0
LDL	UKBB	AFR	9	145	3946	1235.84880137444	0	0	0	0
LDL	UKBB	AFR	9	148	2621	796.790271043777	0	0	0	0
LDL	UKBB	AFR	9	149	3570	1142.95197534561	0	0	0	0
LDL	UKBB	AFR	9	153	280	33.4174358844757	0	0	0	0
LDL	UKBB	AFR	9	160	1404	292.981606245041	0	0	0	0
LDL	UKBB	AFR	9	161	1290	317.609779119492	0	0	0	0
LDL	UKBB	AFR	10	14	5554	1039.70210838318	0	0	0	0
LDL	UKBB	AFR	10	22	4782	2060.14296293259	0	0	0	0
LDL	UKBB	AFR	10	30	1380	312.441936254501	0	0	0	0
LDL	UKBB	AFR	10	43	3973	1208.51339316368	0	0	0	0
LDL	UKBB	AFR	10	45	6405	2206.71387434006	0	0	0	0
LDL	UKBB	AFR	10	46	6778	2500.02818489075	0	0	0	0
LDL	UKBB	AFR	10	52	6542	1815.54758667946	0	0	0	0
LDL	UKBB	AFR	10	53	3489	575.441341161728	0	0	0	0
LDL	UKBB	AFR	10	59	4346	1189.14441490173	0	0	0	0
LDL	UKBB	AFR	10	60	7936	3825.29817891121	0	0	0	0
LDL	UKBB	AFR	10	67	4310	1563.4527618885	0	0	0	0
LDL	UKBB	AFR	10	69	5933	2390.36401724815	0	0	0	0
LDL	UKBB	AFR	10	70	6209	1603.43628191948	0	0	0	0
LDL	UKBB	AFR	10	73	3755	1045.01580762863	0	0	0	0
LDL	UKBB	AFR	10	80	6005	1923.32939791679	0	0	0	0
LDL	UKBB	AFR	10	81	7078	2379.33681201935	0	0	0	0
LDL	UKBB	AFR	10	84	11182	2106.63512825966	0	0	0	0
LDL	UKBB	AFR	10	85	1896	522.525342941284	0	0	0	0
LDL	UKBB	AFR	10	92	10840	4254.56261730194	0	0	0	0
LDL	UKBB	AFR	10	100	1749	454.222259044647	0	0	0	0
LDL	UKBB	AFR	10	101	5465	1483.24602556229	0	0	0	0
LDL	UKBB	AFR	10	109	6726	2790.34486842155	0	0	0	0
LDL	UKBB	AFR	10	110	2032	492.702843427658	0	0	0	0
LDL	UKBB	AFR	10	112	1281	286.67544054985	0	0	0	0
LDL	UKBB	AFR	10	113	4246	1210.33899641037	0	0	0	0
LDL	UKBB	AFR	10	117	7935	1391.30401778221	0	0	0	0
LDL	UKBB	AFR	10	120	5587	1413.96198153496	0	0	0	0
LDL	UKBB	AFR	10	121	3453	939.728652715683	0	0	0	0
LDL	UKBB	AFR	10	126	7177	2745.39196753502	0	0	0	0
LDL	UKBB	AFR	10	127	2357	681.460663318634	0	0	0	0
LDL	UKBB	AFR	10	128	605	84.5955884456635	0	0	0	0
LDL	UKBB	AFR	10	129	8132	3444.84799981117	0	0	0	0
LDL	UKBB	AFR	10	131	7402	2172.34370422363	0	0	0	0
LDL	UKBB	AFR	10	137	6987	2207.10761141777	0	0	0	0
LDL	UKBB	AFR	10	138	1225	284.682608604431	0	0	0	0
LDL	UKBB	AFR	10	142	2361	680.609195709229	0	0	0	0
LDL	UKBB	AFR	10	144	2769	357.728454113007	0	0	0	0
LDL	UKBB	AFR	10	150	6001	2323.65217733383	0	0	0	0
LDL	UKBB	AFR	10	152	3853	1197.7158677578	0	0	0	0
LDL	UKBB	AFR	10	154	8821	3477.34886693954	0	0	0	0
LDL	UKBB	AFR	11	2	4307	592.800884246826	0	0	0	0
LDL	UKBB	AFR	11	3	4367	1688.19467020035	0	0	0	0
LDL	UKBB	AFR	11	4	3345	980.863614797592	0	0	0	0
LDL	UKBB	AFR	11	7	2487	680.031699895859	0	0	0	0
LDL	UKBB	AFR	11	12	7202	2358.05364155769	0	0	0	0
LDL	UKBB	AFR	11	18	10414	2808.82726264	0	0	0	0
LDL	UKBB	AFR	11	22	2157	628.260457992554	0	0	0	0
LDL	UKBB	AFR	11	28	3437	1176.67146587372	0	0	0	0
LDL	UKBB	AFR	11	30	3407	522.860074281693	0	0	0	0
LDL	UKBB	AFR	11	31	3226	991.76882147789	0	0	0	0
LDL	UKBB	AFR	11	33	4167	1525.82852673531	0	0	0	0
LDL	UKBB	AFR	11	51	4832	1895.08990263939	0	0	0	0
LDL	UKBB	AFR	11	56	1001	213.31370139122	0	0	0	0
LDL	UKBB	AFR	11	75	3576	880.487628936768	0	0	0	0
LDL	UKBB	AFR	11	76	4249	1757.96835327148	0	0	0	0
LDL	UKBB	AFR	11	78	4471	1296.97800588608	0	0	0	0
LDL	UKBB	AFR	11	79	9695	3749.2665708065	0	0	0	0
LDL	UKBB	AFR	11	81	3986	1374.26292872429	0	0	0	0
LDL	UKBB	AFR	11	82	1138	112.932060956955	0	0	0	0
LDL	UKBB	AFR	11	86	5914	1294.64475488663	0	0	0	0
LDL	UKBB	AFR	11	90	10084	3329.90134620667	0	0	0	0
LDL	UKBB	AFR	11	107	1829	423.914950370789	0	0	0	0
LDL	UKBB	AFR	11	108	1720	421.966984272003	0	0	0	0
LDL	UKBB	AFR	11	115	5952	2076.12266373634	0	0	0	0
LDL	UKBB	AFR	11	117	10692	5175.74367332458	0	0	0	0
LDL	UKBB	AFR	11	123	3009	668.130881309509	0	0	0	0
LDL	UKBB	AFR	11	125	4153	1304.89878034592	0	0	0	0
LDL	UKBB	AFR	11	129	4585	1304.02000904083	0	0	0	0
LDL	UKBB	AFR	11	133	4776	1005.71651768684	0	0	0	0
LDL	UKBB	AFR	11	139	184	19.6281707286835	0	0	0	0
LDL	UKBB	AFR	11	140	2539	820.532937765121	0	0	0	0
LDL	UKBB	AFR	11	142	5491	1110.28722906113	0	0	0	0
LDL	UKBB	AFR	11	147	8728	1903.39368343353	0	0	0	0
LDL	UKBB	AFR	11	163	755	129.546418428421	0	0	0	0
LDL	UKBB	AFR	12	1	2836	746.599097251892	0	0	0	0
LDL	UKBB	AFR	12	4	3223	828.792311429977	0	0	0	0
LDL	UKBB	AFR	12	12	1658	127.973410129547	0	0	0	0
LDL	UKBB	AFR	12	17	2149	419.221796989441	0	0	0	0
LDL	UKBB	AFR	12	18	4432	1347.95374679565	0	0	0	0
LDL	UKBB	AFR	12	23	6211	1300.92207551003	0	0	0	0
LDL	UKBB	AFR	12	29	641	85.9661400318146	0	0	0	0
LDL	UKBB	AFR	12	33	4172	1323.70978331566	0	0	0	0
LDL	UKBB	AFR	12	42	9608	2831.78295516968	0	0	0	0
LDL	UKBB	AFR	12	45	3750	571.084613084793	0	0	0	0
LDL	UKBB	AFR	12	47	1512	158.404831886292	0	0	0	0
LDL	UKBB	AFR	12	49	5817	1732.82030439377	0	0	0	0
LDL	UKBB	AFR	12	51	3456	992.044101953506	0	0	0	0
LDL	UKBB	AFR	12	59	6839	2804.6722741127	0	0	0	0
LDL	UKBB	AFR	12	61	3781	613.691005706787	0	0	0	0
LDL	UKBB	AFR	12	62	4136	1495.64688396454	0	0	0	0
LDL	UKBB	AFR	12	63	5032	877.76516699791	0	0	0	0
LDL	UKBB	AFR	12	64	3343	508.929909944534	0	0	0	0
LDL	UKBB	AFR	12	66	5580	1463.39276695251	0	0	0	0
LDL	UKBB	AFR	12	67	3004	913.614779949188	0	0	0	0
LDL	UKBB	AFR	12	69	5657	2099.56702542305	0	0	0	0
LDL	UKBB	AFR	12	71	6653	2563.25581049919	0	0	0	0
LDL	UKBB	AFR	12	72	17737	7162.55045461655	0	0	0	0
LDL	UKBB	AFR	12	82	5805	2413.46973180771	0	0	0	0
LDL	UKBB	AFR	12	97	8335	2937.21915268898	0	0	0	0
LDL	UKBB	AFR	12	98	3513	887.177000284195	0	0	0	0
LDL	UKBB	AFR	12	110	6793	1124.60718083382	0	0	0	0
LDL	UKBB	AFR	12	112	622	94.828147649765	0	0	0	0
LDL	UKBB	AFR	12	113	4919	1333.03960227966	0	0	0	0
LDL	UKBB	AFR	12	114	4788	1490.89200735092	0	0	0	0
LDL	UKBB	AFR	12	115	3574	813.713835716248	0	0	0	0
LDL	UKBB	AFR	12	117	5352	1351.22476625443	0	0	0	0
LDL	UKBB	AFR	12	120	2438	732.86337351799	0	0	0	0
LDL	UKBB	AFR	12	121	3614	366.002146482468	0	0	1	6
LDL	UKBB	AFR	12	122	8973	3305.41695356369	0	0	0	0
LDL	UKBB	AFR	12	127	2229	500.155240774155	0	0	0	0
LDL	UKBB	AFR	12	128	817	32.4442689418793	0	0	0	0
LDL	UKBB	AFR	12	138	8954	2120.7747695446	0	0	0	0
LDL	UKBB	AFR	12	139	12319	2780.32923817635	0	0	0	0
LDL	UKBB	AFR	12	140	2151	511.797759771347	0	0	0	0
LDL	UKBB	AFR	12	141	3057	993.059218168259	0	0	0	0
LDL	UKBB	AFR	12	164	3126	1073.08733439445	0	0	0	0
LDL	UKBB	AFR	13	11	3137	949.478738546371	0	0	0	0
LDL	UKBB	AFR	13	18	1505	422.012789487839	0	0	0	0
LDL	UKBB	AFR	13	21	5987	2645.50414705276	0	0	0	0
LDL	UKBB	AFR	13	24	4124	1039.37661933899	0	0	0	0
LDL	UKBB	AFR	13	25	2672	799.80035161972	0	0	0	0
LDL	UKBB	AFR	13	40	3873	1468.04318404198	0	0	0	0
LDL	UKBB	AFR	13	44	3233	777.295332193375	0	0	0	0
LDL	UKBB	AFR	13	50	8720	1534.22441911697	0	0	0	0
LDL	UKBB	AFR	13	52	6733	2165.61561703682	0	0	0	0
LDL	UKBB	AFR	13	66	2019	570.86349439621	0	0	0	0
LDL	UKBB	AFR	13	69	8587	1585.68379592896	0	0	0	0
LDL	UKBB	AFR	13	84	3140	908.980637788773	0	0	0	0
LDL	UKBB	AFR	13	96	2032	566.668499231339	0	0	0	0
LDL	UKBB	AFR	13	102	2238	603.641167402267	0	0	0	0
LDL	UKBB	AFR	13	115	1837	485.202978610992	0	0	0	0
LDL	UKBB	AFR	13	116	1580	244.918800354004	0	0	0	0
LDL	UKBB	AFR	13	118	3281	267.035986423492	0	0	0	0
LDL	UKBB	AFR	13	125	5141	1988.06721949577	0	0	0	0
LDL	UKBB	AFR	14	4	1418	381.733079910278	0	0	0	0
LDL	UKBB	AFR	14	14	7462	2094.92552471161	0	0	0	0
LDL	UKBB	AFR	14	23	7343	2747.91067171097	0	0	0	0
LDL	UKBB	AFR	14	31	7061	1610.5093152523	0	0	0	0
LDL	UKBB	AFR	14	35	7234	1606.66604590416	0	0	0	0
LDL	UKBB	AFR	14	42	3980	1235.8471186161	0	0	0	0
LDL	UKBB	AFR	14	43	336	37.4835486412048	0	0	0	0
LDL	UKBB	AFR	14	46	3337	896.719635725021	0	0	0	0
LDL	UKBB	AFR	14	63	8551	2219.08274078369	0	0	0	0
LDL	UKBB	AFR	14	68	4012	1070.96957969666	0	0	0	0
LDL	UKBB	AFR	14	72	8363	1960.11293172836	0	0	0	0
LDL	UKBB	AFR	14	73	3978	1677.42884469032	0	0	0	0
LDL	UKBB	AFR	14	96	606	73.441468000412	0	0	0	0
LDL	UKBB	AFR	14	105	2644	946.308794021606	0	0	0	0
LDL	UKBB	AFR	14	106	2344	653.637662410736	0	0	0	0
LDL	UKBB	AFR	14	121	6064	1967.09165477753	0	0	0	0
LDL	UKBB	AFR	14	126	7235	2386.36309313774	0	0	0	0
LDL	UKBB	AFR	14	127	4980	2224.35547208786	0	0	0	0
LDL	UKBB	AFR	15	3	253	21.4122846126556	0	0	0	0
LDL	UKBB	AFR	15	37	6805	1748.83832073212	0	0	0	0
LDL	UKBB	AFR	15	39	6044	696.951326370239	0	0	0	0
LDL	UKBB	AFR	15	44	3095	1009.62493896484	0	0	0	0
LDL	UKBB	AFR	15	45	11863	2724.30163002014	0	0	0	0
LDL	UKBB	AFR	15	46	3654	1197.57544708252	0	0	0	0
LDL	UKBB	AFR	15	47	3898	1275.98117542267	0	0	0	0
LDL	UKBB	AFR	15	50	5301	1720.23406386375	0	0	0	0
LDL	UKBB	AFR	15	52	3612	779.809253454208	0	0	0	0
LDL	UKBB	AFR	15	53	693	92.8751046657562	0	0	0	0
LDL	UKBB	AFR	15	54	4234	1282.13813853264	0	0	0	0
LDL	UKBB	AFR	15	56	4683	1984.63844251633	0	0	0	0
LDL	UKBB	AFR	15	59	8118	1041.82755708694	0	0	0	0
LDL	UKBB	AFR	15	62	10457	2592.82704758644	0	0	0	0
LDL	UKBB	AFR	15	63	2856	736.821980714798	0	0	0	0
LDL	UKBB	AFR	15	64	3040	431.090464353561	0	0	0	0
LDL	UKBB	AFR	15	66	5820	2151.74560713768	0	0	0	0
LDL	UKBB	AFR	15	80	2469	785.760678529739	0	0	0	0
LDL	UKBB	AFR	15	83	2311	498.026025295258	0	0	0	0
LDL	UKBB	AFR	15	85	4984	1708.75767588615	0	0	0	0
LDL	UKBB	AFR	15	117	1860	445.490386247635	0	0	0	0
LDL	UKBB	AFR	15	118	1205	257.471029520035	0	0	0	0
LDL	UKBB	AFR	16	1	4170	1912.92617702484	0	0	0	0
LDL	UKBB	AFR	16	4	5228	1882.94235873222	0	0	0	0
LDL	UKBB	AFR	16	5	2196	645.783438682556	0	0	0	0
LDL	UKBB	AFR	16	9	5561	2171.41641879082	0	0	0	0
LDL	UKBB	AFR	16	31	5305	2075.59841132164	0	0	0	0
LDL	UKBB	AFR	16	32	737	110.330593109131	0	0	0	0
LDL	UKBB	AFR	16	37	5959	2325.25459551811	0	0	0	0
LDL	UKBB	AFR	16	38	10119	3230.59735107422	0	0	0	0
LDL	UKBB	AFR	16	43	3974	511.34770989418	0	0	0	0
LDL	UKBB	AFR	16	59	4058	724.452119827271	0	0	0	0
LDL	UKBB	AFR	16	60	6555	1167.34446358681	0	0	0	0
LDL	UKBB	AFR	16	74	991	96.1219804286957	0	0	0	0
LDL	UKBB	AFR	16	75	5618	2300.3586306572	0	0	0	0
LDL	UKBB	AFR	16	76	3806	513.260143041611	0	0	0	0
LDL	UKBB	AFR	16	80	3583	1086.21924710274	0	0	0	0
LDL	UKBB	AFR	16	85	9499	3066.73349905014	0	0	0	0
LDL	UKBB	AFR	16	88	8788	3076.16945099831	0	0	0	0
LDL	UKBB	AFR	16	89	11535	1173.12098646164	0	0	1	5
LDL	UKBB	AFR	16	90	2695	644.070297718048	0	0	0	0
LDL	UKBB	AFR	16	94	9947	3254.94308590889	0	0	0	0
LDL	UKBB	AFR	16	96	10977	3146.10504555702	0	0	0	0
LDL	UKBB	AFR	16	99	3167	844.054165840149	0	0	0	0
LDL	UKBB	AFR	16	100	636	89.4238579273224	0	0	0	0
LDL	UKBB	AFR	16	101	616	47.6168215274811	0	0	0	0
LDL	UKBB	AFR	16	103	12889	1812.51228070259	0	0	0	0
LDL	UKBB	AFR	16	104	3568	969.634592294693	0	0	0	0
LDL	UKBB	AFR	16	110	2930	877.279676437378	0	0	0	0
LDL	UKBB	AFR	16	119	3814	1225.79627537727	0	0	0	0
LDL	UKBB	AFR	16	120	688	86.6932108402252	0	0	0	0
LDL	UKBB	AFR	16	125	3238	981.589836835861	0	0	0	0
LDL	UKBB	AFR	16	126	588	84.3573784828186	0	0	0	0
LDL	UKBB	AFR	16	127	860	171.342589855194	0	0	0	0
LDL	UKBB	AFR	16	128	11555	1716.33368611336	0	0	0	0
LDL	UKBB	AFR	17	9	5570	2174.08121919632	0	0	0	0
LDL	UKBB	AFR	17	14	3017	1153.12267661095	0	0	0	0
LDL	UKBB	AFR	17	16	1104	227.298626184464	0	0	0	0
LDL	UKBB	AFR	17	17	5669	1815.66227650642	0	0	0	0
LDL	UKBB	AFR	17	22	1112	128.94672203064	0	0	0	0
LDL	UKBB	AFR	17	23	2060	596.013376712799	0	0	0	0
LDL	UKBB	AFR	17	24	3507	1203.4611325264	0	0	0	0
LDL	UKBB	AFR	17	25	3851	1069.05819988251	0	0	0	0
LDL	UKBB	AFR	17	28	680	107.446317672729	0	0	0	0
LDL	UKBB	AFR	17	30	753	15.8443427085876	0	1	0	0
LDL	UKBB	AFR	17	51	8770	1427.01579141617	0	0	0	0
LDL	UKBB	AFR	17	54	4501	1582.70013070107	0	0	0	0
LDL	UKBB	AFR	17	55	10994	2087.65971851349	0	0	0	0
LDL	UKBB	AFR	17	65	6639	1587.0260078907	0	0	0	0
LDL	UKBB	AFR	17	70	3459	822.556864738464	0	0	0	0
LDL	UKBB	AFR	17	71	4628	1315.7376947403	0	0	0	0
LDL	UKBB	AFR	17	73	8549	1359.1689183712	0	0	0	0
LDL	UKBB	AFR	17	74	9253	2681.84446525574	0	0	0	0
LDL	UKBB	AFR	17	75	6904	1222.51893687248	0	0	0	0
LDL	UKBB	AFR	17	80	3820	1162.4502286911	0	0	0	0
LDL	UKBB	AFR	17	84	1563	392.192725419998	0	0	0	0
LDL	UKBB	AFR	17	87	2525	532.008208990097	0	0	0	0
LDL	UKBB	AFR	17	90	8570	1916.29356646538	0	0	0	0
LDL	UKBB	AFR	17	94	4410	1243.32193803787	0	0	0	0
LDL	UKBB	AFR	17	97	6024	666.905075550079	0	0	0	0
LDL	UKBB	AFR	17	98	3097	50.7908573150635	0	0	1	4
LDL	UKBB	AFR	17	100	3933	462.061826467514	0	0	0	0
LDL	UKBB	AFR	17	101	2826	796.054274559021	0	0	0	0
LDL	UKBB	AFR	17	102	2335	689.476421833038	0	0	0	0
LDL	UKBB	AFR	17	103	2207	267.116377353668	0	0	0	0
LDL	UKBB	AFR	17	104	320	35.8350391387939	0	0	0	0
LDL	UKBB	AFR	17	105	3820	1140.11670684814	0	0	0	0
LDL	UKBB	AFR	17	117	4892	1140.33703184128	0	0	0	0
LDL	UKBB	AFR	17	118	4071	1077.16668772697	0	0	0	0
LDL	UKBB	AFR	17	121	2383	607.963588953018	0	0	0	0
LDL	UKBB	AFR	17	123	3912	1103.11180472374	0	0	0	0
LDL	UKBB	AFR	17	125	5781	1650.64023065567	0	0	0	0
LDL	UKBB	AFR	17	130	3368	787.508358478546	0	0	0	0
LDL	UKBB	AFR	17	133	2416	625.783297538757	0	0	0	0
LDL	UKBB	AFR	17	134	3576	837.178355693817	0	0	0	0
LDL	UKBB	AFR	18	31	5549	2125.58909034729	0	0	0	0
LDL	UKBB	AFR	18	41	11224	1699.38150620461	0	0	0	0
LDL	UKBB	AFR	18	61	5645	2063.82104444504	0	0	0	0
LDL	UKBB	AFR	18	69	9419	2484.00061774254	0	0	0	0
LDL	UKBB	AFR	18	77	1361	132.531647443771	0	0	0	0
LDL	UKBB	AFR	18	88	3694	958.974629163742	0	0	0	0
LDL	UKBB	AFR	18	98	2703	857.280418395996	0	0	0	0
LDL	UKBB	AFR	18	119	1547	248.702058553696	0	0	0	0
LDL	UKBB	AFR	18	120	3253	934.411228656769	0	0	0	0
LDL	UKBB	AFR	19	5	45	3.1975405216217	0	0	0	0
LDL	UKBB	AFR	19	6	1730	417.267140865326	0	0	0	0
LDL	UKBB	AFR	19	12	1798	356.32469367981	0	0	0	0
LDL	UKBB	AFR	19	15	984	179.090353012085	0	0	0	0
LDL	UKBB	AFR	19	16	731	22.3930397033691	0	0	0	0
LDL	UKBB	AFR	19	20	1464	222.771327733994	0	0	0	0
LDL	UKBB	AFR	19	21	922	162.159894227982	0	0	0	0
LDL	UKBB	AFR	19	22	3863	1204.99076533318	0	0	0	0
LDL	UKBB	AFR	19	25	2790	848.588618993759	0	0	0	0
LDL	UKBB	AFR	19	32	2908	795.983278751373	0	0	0	0
LDL	UKBB	AFR	19	33	1510	181.038877725601	0	0	0	0
LDL	UKBB	AFR	19	35	4017	681.492344617844	0	0	0	0
LDL	UKBB	AFR	19	36	973	175.388213634491	0	0	0	0
LDL	UKBB	AFR	19	37	4778	2129.72930812836	0	2	2	8
LDL	UKBB	AFR	19	38	1093	116.258630275726	0	0	0	0
LDL	UKBB	AFR	19	39	6791	2411.5377802848798	0	0	0	0
LDL	UKBB	AFR	19	40	1586	386.970084905624	0	0	0	0
LDL	UKBB	AFR	19	42	1690	410.504875421524	0	0	0	0
LDL	UKBB	AFR	19	46	4042	1376.61009955406	0	0	0	0
LDL	UKBB	AFR	19	49	3701	561.229048967361	0	0	0	0
LDL	UKBB	AFR	19	51	2299	682.352167367935	0	0	0	0
LDL	UKBB	AFR	19	52	2607	593.326955318451	0	0	0	0
LDL	UKBB	AFR	19	53	5469	1694.10566782951	0	0	0	0
LDL	UKBB	AFR	19	54	9452	1990.33244800568	0	0	0	0
LDL	UKBB	AFR	19	62	5935	1623.65033197403	0	0	0	0
LDL	UKBB	AFR	19	63	2447	598.220678567886	0	0	0	0
LDL	UKBB	AFR	19	65	2326	530.038886785507	0	0	0	0
LDL	UKBB	AFR	19	67	11045	2823.62169098854	0	0	0	0
LDL	UKBB	AFR	19	68	2977	663.183222770691	0	0	0	0
LDL	UKBB	AFR	19	70	3911	843.791563034058	0	0	0	0
LDL	UKBB	AFR	19	71	549	80.1969306468964	0	0	0	0
LDL	UKBB	AFR	19	72	7357	1881.40409636497	0	0	0	0
LDL	UKBB	AFR	19	73	902	138.727554321289	0	0	0	0
LDL	UKBB	AFR	19	74	5738	2060.9077193737	0	0	0	0
LDL	UKBB	AFR	19	75	1280	168.157324790955	3	3	3	3
LDL	UKBB	AFR	19	76	5234	518.902579784393	0	0	0	0
LDL	UKBB	AFR	19	77	8243	1071.99055194855	0	0	0	0
LDL	UKBB	AFR	19	79	3082	874.403136968613	0	0	0	0
LDL	UKBB	AFR	19	80	1444	293.391498327255	0	0	0	0
LDL	UKBB	AFR	19	81	3996	992.784092187881	0	0	0	0
LDL	UKBB	AFR	19	98	1522	414.932674646378	0	0	0	0
LDL	UKBB	AFR	19	103	2300	481.044461488724	0	0	0	0
LDL	UKBB	AFR	19	104	2484	393.08988237381	0	0	0	0
LDL	UKBB	AFR	19	107	1776	356.176432847977	0	0	0	0
LDL	UKBB	AFR	19	110	5442	892.84330201149	0	0	0	0
LDL	UKBB	AFR	19	111	2702	594.521900177002	0	0	0	0
LDL	UKBB	AFR	20	2	1872	512.305149555206	0	0	0	0
LDL	UKBB	AFR	20	10	2007	406.117784738541	0	0	0	0
LDL	UKBB	AFR	20	11	1813	434.007790088654	0	0	0	0
LDL	UKBB	AFR	20	12	3605	1073.33214259148	0	0	0	0
LDL	UKBB	AFR	20	13	3421	921.657913923264	0	0	0	0
LDL	UKBB	AFR	20	18	1915	468.436534881592	0	0	0	0
LDL	UKBB	AFR	20	19	658	88.1828866004944	0	0	0	0
LDL	UKBB	AFR	20	40	2377	545.627372503281	0	0	0	0
LDL	UKBB	AFR	20	48	6698	1591.85768294334	0	0	0	0
LDL	UKBB	AFR	20	59	8546	2441.15043926239	0	0	0	0
LDL	UKBB	AFR	20	60	4604	788.324005365372	0	0	0	0
LDL	UKBB	AFR	20	63	8564	1370.34870815277	0	0	0	0
LDL	UKBB	AFR	20	64	2172	595.457280158997	0	0	0	0
LDL	UKBB	AFR	20	65	4620	478.718328952789	0	0	0	0
LDL	UKBB	AFR	20	66	5065	1690.25198888779	0	0	0	0
LDL	UKBB	AFR	20	68	1768	437.640829801559	0	0	0	0
LDL	UKBB	AFR	20	69	3613	1061.89825773239	0	0	0	0
LDL	UKBB	AFR	20	70	2897	997.365818738937	0	0	0	0
LDL	UKBB	AFR	20	71	4277	1547.9649374485	0	0	0	0
LDL	UKBB	AFR	20	77	3792	1252.7320754528	0	0	0	0
LDL	UKBB	AFR	20	78	5162	1245.24352169037	0	0	0	0
LDL	UKBB	AFR	20	86	3107	843.765945672989	0	0	0	0
LDL	UKBB	AFR	20	87	1672	387.414873600006	0	0	0	0
LDL	UKBB	AFR	20	89	2370	678.895901679993	0	0	0	0
LDL	UKBB	AFR	20	110	3966	1378.95042800903	0	0	0	0
LDL	UKBB	AFR	20	111	866	119.223991155624	0	0	0	0
LDL	UKBB	AFR	20	112	963	156.960076808929	0	0	0	0
LDL	UKBB	AFR	20	113	351	35.6191184520721	0	0	0	0
LDL	UKBB	AFR	20	115	3445	1105.67377829552	0	0	0	0
LDL	UKBB	AFR	21	3	1592	261.624844789505	0	0	0	0
LDL	UKBB	AFR	21	30	8321	1363.93894028664	0	0	0	0
LDL	UKBB	AFR	21	33	4068	834.723015785217	0	0	0	0
LDL	UKBB	AFR	21	37	4901	100.806038141251	0	1	0	0
LDL	UKBB	AFR	21	41	7888	2278.11656284332	0	0	0	0
LDL	UKBB	AFR	21	48	6520	759.317739248276	0	0	0	0
LDL	UKBB	AFR	21	53	2525	624.06437420845	0	0	0	0
LDL	UKBB	AFR	21	62	1147	218.530137777328	0	0	0	0
LDL	UKBB	AFR	21	64	4508	1037.70796942711	0	0	0	0
LDL	UKBB	AFR	21	65	3129	881.506640911102	0	0	0	0
LDL	UKBB	AFR	22	5	2097	549.717192649841	0	0	0	0
LDL	UKBB	AFR	22	9	3098	771.520199775696	0	0	0	0
LDL	UKBB	AFR	22	13	2271	364.364769935608	0	0	0	0
LDL	UKBB	AFR	22	29	4272	1143.93752908707	0	0	0	0
LDL	UKBB	AFR	22	30	14112	1505.22844791412	0	0	0	0
LDL	UKBB	AFR	22	36	2265	624.672387599945	0	0	0	0
LDL	UKBB	AFR	22	37	3549	1296.57413434982	0	0	0	0
LDL	UKBB	AFR	22	40	1762	360.823201417923	0	0	0	0
LDL	UKBB	AFR	22	43	3650	874.839045524597	0	0	0	0
LDL	UKBB	AFR	22	46	8954	1664.42847013474	0	0	0	0
LDL	UKBB	AFR	22	49	771	84.2335643768311	0	0	0	0
LDL	UKBB	AFR	22	54	2650	601.95157790184	0	0	0	0
LDL	UKBB	AFR	22	55	1881	560.389906167984	0	0	0	0
LDL	UKBB	AFR	22	56	184	18.89701628685	0	0	0	0
LDL	UKBB	AFR	22	57	1972	554.126719713211	0	0	0	0
LDL	UKBB	AFR	22	70	5104	1147.99604034424	0	0	0	0
