pheno	db	pid	chromosome	block	num_variants	L	time	num_variants_0.95	num_variants_0.5	num_CS95	num_variants_CS95
LDL	UKBB	EUR	1	2	820	5	2.11998057365417	0	0	0	0
LDL	UKBB	EUR	1	4	1277	5	2.1844048500061	0	0	0	0
LDL	UKBB	EUR	1	17	3343	5	17.6345102787018	0	0	0	0
LDL	UKBB	EUR	1	19	2679	5	5.78689098358154	0	0	1	4
LDL	UKBB	EUR	1	23	994	5	1.76792621612549	0	0	0	0
LDL	UKBB	EUR	1	35	3121	5	14.0762219429016	0	1	1	14
LDL	UKBB	EUR	1	40	1268	5	1.70882511138916	0	1	0	0
LDL	UKBB	EUR	1	48	1233	5	2.29975414276123	1	1	3	22
LDL	UKBB	EUR	1	49	1066	5	1.94393706321716	0	0	0	0
LDL	UKBB	EUR	1	51	1253	5	2.31957864761353	0	0	1	21
LDL	UKBB	EUR	1	52	3176	5	1096.99672913551	0	1	2	29
LDL	UKBB	EUR	1	53	3012	5	10.6868798732758	0	0	0	0
LDL	UKBB	EUR	1	58	3188	5	13.4556200504303	0	0	0	0
LDL	UKBB	EUR	1	70	2543	5	4.87534594535828	0	0	0	0
LDL	UKBB	EUR	1	73	3261	5	14.5185182094574	0	0	0	0
LDL	UKBB	EUR	1	75	4012	5	33.3789007663727	0	0	2	50
LDL	UKBB	EUR	1	76	1869	5	2.03134894371033	0	1	0	0
LDL	UKBB	EUR	1	78	1244	5	2.37907147407532	0	0	0	0
LDL	UKBB	EUR	1	80	1184	5	2.19368386268616	0	0	0	0
LDL	UKBB	EUR	1	81	889	5	1.57556867599487	0	0	0	0
LDL	UKBB	EUR	1	82	1970	5	2.03419637680054	0	0	0	0
LDL	UKBB	EUR	1	83	2368	5	81.4345211982727	3	3	4	11
LDL	UKBB	EUR	1	84	3556	5	1450.52061414719	1	1	1	1
LDL	UKBB	EUR	1	85	1239	5	1.95311546325684	1	1	1	1
LDL	UKBB	EUR	1	88	1969	5	2.09640336036682	0	0	0	0
LDL	UKBB	EUR	1	89	1959	5	2.27476096153259	0	0	0	0
LDL	UKBB	EUR	1	92	2564	5	5.4987165927887	0	0	0	0
LDL	UKBB	EUR	1	94	675	5	1.93489170074463	0	0	0	0
LDL	UKBB	EUR	1	96	2274	5	2.98602867126465	1	1	2	7
LDL	UKBB	EUR	1	97	2748	5	8.65991234779358	0	0	1	32
LDL	UKBB	EUR	1	100	2143	5	3.68944430351257	0	0	0	0
LDL	UKBB	EUR	1	109	2991	5	13.6009240150452	0	0	0	0
LDL	UKBB	EUR	1	124	3741	5	20.6739127635956	0	0	0	0
LDL	UKBB	EUR	1	125	4466	5	1389.88486623764	0	0	0	0
LDL	UKBB	EUR	1	136	2553	5	7.52078676223755	0	0	1	23
LDL	UKBB	EUR	1	138	3465	5	18.4559097290039	0	1	1	2
LDL	UKBB	EUR	1	139	893	5	357.121850967407	0	0	0	0
LDL	UKBB	EUR	1	141	1476	5	8.45107054710388	0	0	0	0
LDL	UKBB	EUR	1	145	1711	5	5.42613434791565	0	0	0	0
LDL	UKBB	EUR	1	147	2696	5	15.6187143325806	0	0	0	0
LDL	UKBB	EUR	1	150	2630	5	22.8787932395935	1	1	1	1
LDL	UKBB	EUR	1	151	3285	5	10.8123898506165	0	0	0	0
LDL	UKBB	EUR	1	154	3946	5	27.8335773944855	0	0	1	32
LDL	UKBB	EUR	1	158	2620	5	7.49223446846008	0	1	0	0
LDL	UKBB	EUR	1	162	2107	5	2.80705547332764	0	0	0	0
LDL	UKBB	EUR	1	163	1937	5	3.30529737472534	0	0	0	0
LDL	UKBB	EUR	1	168	2971	5	22.5237786769867	0	0	0	0
LDL	UKBB	EUR	1	169	4058	5	26.2375068664551	0	0	0	0
LDL	UKBB	EUR	1	175	3927	5	20.8543486595154	0	0	0	0
LDL	UKBB	EUR	1	182	3512	5	25.4336037635803	0	0	0	0
LDL	UKBB	EUR	1	183	3699	5	19.0083026885986	0	0	1	96
LDL	UKBB	EUR	1	187	2531	5	7.6469554901123	0	0	0	0
LDL	UKBB	EUR	1	188	2838	5	16.8133368492126	0	0	0	0
LDL	UKBB	EUR	1	189	1966	5	9.66223645210266	0	0	0	0
LDL	UKBB	EUR	1	191	2690	5	10.7364485263824	0	0	1	14
LDL	UKBB	EUR	1	192	2752	5	17.0355138778687	0	0	1	36
LDL	UKBB	EUR	1	201	2900	5	8.8875892162323	0	0	0	0
LDL	UKBB	EUR	1	202	2869	5	16.4735283851624	0	0	1	7
LDL	UKBB	EUR	1	205	1048	5	3.23844861984253	0	0	0	0
LDL	UKBB	EUR	1	213	1537	5	4.54079246520996	0	0	0	0
LDL	UKBB	EUR	1	214	1378	5	2.88853573799133	0	0	0	0
LDL	UKBB	EUR	1	216	2890	5	18.0293385982513	0	0	0	0
LDL	UKBB	EUR	1	221	2474	5	8.55389595031738	0	0	0	0
LDL	UKBB	EUR	1	223	3129	5	22.9582788944244	0	0	0	0
LDL	UKBB	EUR	1	226	1276	5	5.06846594810486	0	0	0	0
LDL	UKBB	EUR	1	233	3391	5	26.138397693634	0	0	0	0
LDL	UKBB	EUR	1	234	3921	5	17.6046965122223	2	2	3	6
LDL	UKBB	EUR	1	238	4968	5	74.6165089607239	0	0	1	27
LDL	UKBB	EUR	1	239	1376	5	6.09396243095398	0	0	0	0
LDL	UKBB	EUR	1	252	1272	5	572.662011623383	0	2	4	37
LDL	UKBB	EUR	1	253	580	5	142.606890916824	0	3	3	6
LDL	UKBB	EUR	1	254	2227	5	14.9022789001465	0	0	1	6
LDL	UKBB	EUR	1	255	1251	5	3.92035412788391	0	0	0	0
LDL	UKBB	EUR	1	280	5124	5	78.1447298526764	0	0	0	0
LDL	UKBB	EUR	2	6	1476	5	9.98147773742676	0	0	1	4
LDL	UKBB	EUR	2	19	473	5	3.7123746871948198	0	0	0	0
LDL	UKBB	EUR	2	21	950	5	5.11543273925781	0	0	1	14
LDL	UKBB	EUR	2	27	1184	5	3.85691237449646	0	1	1	4
LDL	UKBB	EUR	2	34	3502	5	28.9407887458801	0	0	0	0
LDL	UKBB	EUR	2	37	1298	5	7.19018387794495	0	0	0	0
LDL	UKBB	EUR	2	38	2763	5	23.3903150558472	0	0	0	0
LDL	UKBB	EUR	2	39	1208	5	5.38626194000244	0	0	0	0
LDL	UKBB	EUR	2	40	3805	5	33.9256057739258	0	0	0	0
LDL	UKBB	EUR	2	41	1710	5	7.79608273506165	0	1	2	12
LDL	UKBB	EUR	2	42	198	5	120.823472499847	0	1	0	0
LDL	UKBB	EUR	2	43	394	5	3.22926783561707	3	3	3	3
LDL	UKBB	EUR	2	44	1686	5	1058.44934344292	0	1	1	3
LDL	UKBB	EUR	2	45	3325	5	237.15416431427	2	4	3	5
LDL	UKBB	EUR	2	46	1560	5	10.3213138580322	0	0	0	0
LDL	UKBB	EUR	2	47	4003	5	42.9056987762451	0	0	0	0
LDL	UKBB	EUR	2	48	2433	5	12.1468062400818	0	0	0	0
LDL	UKBB	EUR	2	49	3445	5	1264.47722578049	1	1	1	1
LDL	UKBB	EUR	2	50	2194	5	16.5540809631348	0	0	0	0
LDL	UKBB	EUR	2	51	2709	5	24.0829563140869	0	0	0	0
LDL	UKBB	EUR	2	53	1766	5	7.0244357585907	0	1	1	15
LDL	UKBB	EUR	2	69	3007	5	20.6952571868896	0	0	0	0
LDL	UKBB	EUR	2	71	2355	5	1053.30184078217	1	1	4	16
LDL	UKBB	EUR	2	72	4068	5	999.176830053329	3	3	3	3
LDL	UKBB	EUR	2	74	1444	5	9.82759881019592	0	0	0	0
LDL	UKBB	EUR	2	75	1976	5	11.9179172515869	0	0	0	0
LDL	UKBB	EUR	2	77	1733	5	7.78406667709351	0	0	0	0
LDL	UKBB	EUR	2	84	8205	5	248.290426969528	0	0	0	0
LDL	UKBB	EUR	2	86	3207	5	26.7860276699066	0	0	0	0
LDL	UKBB	EUR	2	87	1205	5	9.08151268959045	0	0	0	0
LDL	UKBB	EUR	2	88	9816	5	308.201254606247	0	1	3	52
LDL	UKBB	EUR	2	89	2245	5	9.01243138313293	0	0	0	0
LDL	UKBB	EUR	2	97	2906	5	25.2808427810669	0	0	0	0
LDL	UKBB	EUR	2	99	2022	5	11.1377348899841	0	0	0	0
LDL	UKBB	EUR	2	100	2583	5	20.2176129817963	0	0	0	0
LDL	UKBB	EUR	2	115	4037	5	40.5731048583984	0	0	0	0
LDL	UKBB	EUR	2	121	3932	5	32.7285447120667	0	0	1	32
LDL	UKBB	EUR	2	122	1828	5	12.9782407283783	0	0	0	0
LDL	UKBB	EUR	2	124	2897	5	21.9865040779114	0	0	0	0
LDL	UKBB	EUR	2	127	5656	5	88.9721074104309	0	0	0	0
LDL	UKBB	EUR	2	128	4728	5	1853.03437519073	0	0	2	61
LDL	UKBB	EUR	2	130	655	5	4.5549304485321	0	1	0	0
LDL	UKBB	EUR	2	131	131	5	3.64635634422302	0	1	1	2
LDL	UKBB	EUR	2	138	4124	5	51.6327886581421	0	0	0	0
LDL	UKBB	EUR	2	145	1531	5	8.46233344078064	1	1	1	1
LDL	UKBB	EUR	2	146	2937	5	22.3402059078217	0	0	1	5
LDL	UKBB	EUR	2	147	5711	5	89.3290371894836	0	0	0	0
LDL	UKBB	EUR	2	152	2457	5	8.04201340675354	0	0	0	0
LDL	UKBB	EUR	2	162	1314	5	5.26879286766052	0	0	0	0
LDL	UKBB	EUR	2	163	178	5	5.16222786903381	0	1	2	7
LDL	UKBB	EUR	2	166	6414	5	125.122369766235	0	0	0	0
LDL	UKBB	EUR	2	168	2674	5	15.0268955230713	0	1	1	4
LDL	UKBB	EUR	2	172	874	5	5.48145389556885	0	0	2	18
LDL	UKBB	EUR	2	177	3199	5	19.0247118473053	0	1	0	0
LDL	UKBB	EUR	2	181	3917	5	38.6359305381775	0	0	0	0
LDL	UKBB	EUR	2	184	4850	5	34.4934990406036	0	0	0	0
LDL	UKBB	EUR	2	192	3478	5	30.1698534488678	0	0	0	0
LDL	UKBB	EUR	2	198	2362	5	13.8316380977631	0	0	0	0
LDL	UKBB	EUR	2	199	4041	5	40.041136264801	0	0	2	54
LDL	UKBB	EUR	2	205	1964	5	11.3781905174255	0	0	0	0
LDL	UKBB	EUR	2	208	5164	5	41.891530752182	0	0	0	0
LDL	UKBB	EUR	2	212	3197	5	16.8509242534637	0	0	0	0
LDL	UKBB	EUR	2	213	6541	5	137.539491176605	0	0	1	9
LDL	UKBB	EUR	2	217	1515	5	11.2026922702789	0	0	0	0
LDL	UKBB	EUR	2	232	1571	5	5.6126663684845	0	1	1	1
LDL	UKBB	EUR	2	237	2726	5	6.91550493240356	0	0	0	0
LDL	UKBB	EUR	2	240	2608	5	24.8638274669647	0	0	0	0
LDL	UKBB	EUR	2	242	2219	5	10.2345213890076	0	0	1	27
LDL	UKBB	EUR	2	250	5026	5	47.535653591156	0	0	0	0
LDL	UKBB	EUR	2	256	2597	5	12.9669826030731	0	0	1	8
LDL	UKBB	EUR	3	24	3320	5	1356.21646308899	0	1	1	3
LDL	UKBB	EUR	3	41	4295	5	64.024564743042	0	0	0	0
LDL	UKBB	EUR	3	43	2472	5	19.8684725761414	0	1	0	0
LDL	UKBB	EUR	3	51	1299	5	6.31308674812317	0	0	1	5
LDL	UKBB	EUR	3	56	2485	5	15.0992381572723	0	0	0	0
LDL	UKBB	EUR	3	70	2948	5	23.8645486831665	0	0	0	0
LDL	UKBB	EUR	3	71	3642	5	37.4679064750671	0	0	1	24
LDL	UKBB	EUR	3	83	4815	5	58.558488368988	0	0	0	0
LDL	UKBB	EUR	3	88	2985	5	8.67186880111694	0	0	1	33
LDL	UKBB	EUR	3	89	3069	5	21.913423538208	0	0	0	0
LDL	UKBB	EUR	3	104	5996	5	95.9077107906342	0	0	0	0
LDL	UKBB	EUR	3	107	2592	5	17.7736494541168	0	0	0	0
LDL	UKBB	EUR	3	109	5518	5	104.789391756058	0	0	0	0
LDL	UKBB	EUR	3	120	2789	5	20.9050388336182	0	1	1	3
LDL	UKBB	EUR	3	121	3467	5	32.2775399684906	0	0	2	32
LDL	UKBB	EUR	3	122	727	5	7.13517904281616	0	0	0	0
LDL	UKBB	EUR	3	123	1188	5	7.00922322273254	0	0	0	0
LDL	UKBB	EUR	3	125	3025	5	21.8751957416534	0	0	0	0
LDL	UKBB	EUR	3	127	3298	5	17.2921118736267	0	1	0	0
LDL	UKBB	EUR	3	128	1646	5	6.94729161262512	0	0	0	0
LDL	UKBB	EUR	3	129	1819	5	4.96958947181702	0	0	0	0
LDL	UKBB	EUR	3	132	4214	5	58.2606060504913	0	0	1	19
LDL	UKBB	EUR	3	135	2636	5	1207.99524831772	0	0	1	4
LDL	UKBB	EUR	3	140	3739	5	37.2285795211792	0	0	0	0
LDL	UKBB	EUR	3	145	3426	5	31.519647359848	0	1	1	10
LDL	UKBB	EUR	3	148	2962	5	32.8960258960724	0	0	0	0
LDL	UKBB	EUR	3	149	2341	5	8.9465389251709	0	0	0	0
LDL	UKBB	EUR	3	150	3378	5	44.6994354724884	0	0	0	0
LDL	UKBB	EUR	3	154	928	5	7.2502908706665	0	0	0	0
LDL	UKBB	EUR	3	155	3060	5	25.3540365695953	0	0	0	0
LDL	UKBB	EUR	3	158	3501	5	35.9663536548615	0	0	0	0
LDL	UKBB	EUR	3	159	2829	5	18.0168356895447	0	0	0	0
LDL	UKBB	EUR	3	161	4120	5	34.7022230625153	0	0	0	0
LDL	UKBB	EUR	3	165	2967	5	14.4387512207031	0	0	0	0
LDL	UKBB	EUR	3	166	6191	5	57.2646863460541	0	0	0	0
LDL	UKBB	EUR	3	172	2211	5	4.09275794029236	0	0	1	8
LDL	UKBB	EUR	3	173	1416	5	7.05019640922546	0	0	0	0
LDL	UKBB	EUR	3	175	1096	5	8.3459906578064	0	0	0	0
LDL	UKBB	EUR	3	186	4056	5	41.3297665119171	0	0	0	0
LDL	UKBB	EUR	3	190	1713	5	12.0881395339966	0	0	0	0
LDL	UKBB	EUR	3	195	6658	5	140.353419542313	0	0	0	0
LDL	UKBB	EUR	3	214	3905	5	44.1180710792542	0	0	0	0
LDL	UKBB	EUR	3	216	2031	5	5.95046973228455	0	0	0	0
LDL	UKBB	EUR	4	1	9631	5	2042.25619745255	0	1	1	2
LDL	UKBB	EUR	4	15	1533	5	4.68287634849548	0	0	0	0
LDL	UKBB	EUR	4	19	1640	5	8.25405621528625	0	0	1	8
LDL	UKBB	EUR	4	21	5123	5	67.7955286502838	0	0	0	0
LDL	UKBB	EUR	4	28	2771	5	6.95156908035278	0	0	1	25
LDL	UKBB	EUR	4	30	1777	5	10.3219888210297	0	0	0	0
LDL	UKBB	EUR	4	42	524	5	6.21862411499023	0	0	0	0
LDL	UKBB	EUR	4	43	1710	5	8.83877801895142	0	0	0	0
LDL	UKBB	EUR	4	55	2595	5	15.6057915687561	0	1	0	0
LDL	UKBB	EUR	4	57	656	5	8.29058909416199	0	0	0	0
LDL	UKBB	EUR	4	64	4843	5	63.9894487857819	0	0	0	0
LDL	UKBB	EUR	4	65	1895	5	14.5260095596313	0	0	0	0
LDL	UKBB	EUR	4	66	2428	5	14.7569873332977	0	0	0	0
LDL	UKBB	EUR	4	71	1295	5	8.65680646896362	0	0	0	0
LDL	UKBB	EUR	4	79	2385	5	8.60188436508179	0	0	0	0
LDL	UKBB	EUR	4	80	3396	5	1289.24912405014	0	1	1	2
LDL	UKBB	EUR	4	84	2890	5	16.5563454627991	0	0	0	0
LDL	UKBB	EUR	4	85	1240	5	5.47102975845337	0	0	0	0
LDL	UKBB	EUR	4	86	269	5	6.22544980049133	0	1	0	0
LDL	UKBB	EUR	4	87	4477	5	49.2917757034302	0	0	0	0
LDL	UKBB	EUR	4	90	2920	5	21.4644587039948	0	0	0	0
LDL	UKBB	EUR	4	92	2401	5	17.3044970035553	0	0	1	5
LDL	UKBB	EUR	4	101	3603	5	48.6842665672302	0	1	1	8
LDL	UKBB	EUR	4	113	3912	5	41.2212352752686	1	1	1	1
LDL	UKBB	EUR	4	115	1507	5	10.1167430877686	0	1	1	3
LDL	UKBB	EUR	4	116	2686	5	25.5032556056976	0	0	0	0
LDL	UKBB	EUR	4	117	3442	5	14.656911611557	0	0	0	0
LDL	UKBB	EUR	4	121	2434	5	18.9332716464996	0	0	1	49
LDL	UKBB	EUR	4	122	1057	5	8.34157800674438	0	0	0	0
LDL	UKBB	EUR	4	129	3449	5	45.9069979190826	0	0	0	0
LDL	UKBB	EUR	4	130	3105	5	21.4152448177338	0	0	0	0
LDL	UKBB	EUR	4	134	5256	5	63.9749736785889	0	0	0	0
LDL	UKBB	EUR	4	136	4773	5	77.2613890171051	0	0	0	0
LDL	UKBB	EUR	4	148	1997	5	8.97509264945984	0	0	0	0
LDL	UKBB	EUR	4	156	4562	5	48.4082775115967	0	0	0	0
LDL	UKBB	EUR	4	159	1296	5	6.74444437026978	0	1	1	3
LDL	UKBB	EUR	4	161	1241	5	6.40426325798035	1	1	1	1
LDL	UKBB	EUR	4	162	2258	5	9.30125999450684	0	0	0	0
LDL	UKBB	EUR	4	203	1735	5	7.43505001068115	0	0	0	0
LDL	UKBB	EUR	5	6	1206	5	7.25252890586853	0	0	0	0
LDL	UKBB	EUR	5	17	1947	5	3.78203010559082	0	0	0	0
LDL	UKBB	EUR	5	55	738	5	4.29972171783447	0	1	1	2
LDL	UKBB	EUR	5	64	3938	5	46.9027876853943	0	0	0	0
LDL	UKBB	EUR	5	69	1349	5	7.18585062026978	0	0	1	6
LDL	UKBB	EUR	5	71	4171	5	23.4447975158691	0	0	0	0
LDL	UKBB	EUR	5	81	2409	5	12.4662725925446	0	0	1	33
LDL	UKBB	EUR	5	82	1584	5	11.6874437332153	0	0	0	0
LDL	UKBB	EUR	5	84	488	5	3.97089600563049	0	3	2	4
LDL	UKBB	EUR	5	85	3363	5	410.591226816177	1	1	1	1
LDL	UKBB	EUR	5	86	62	5	2.71959948539734	0	0	0	0
LDL	UKBB	EUR	5	109	1724	5	9.4564995765686	0	0	0	0
LDL	UKBB	EUR	5	127	5539	5	88.5285997390747	0	1	0	0
LDL	UKBB	EUR	5	130	4176	5	30.030189037323	0	0	1	14
LDL	UKBB	EUR	5	134	2227	5	6.12471961975098	0	0	0	0
LDL	UKBB	EUR	5	144	3203	5	28.3287632465363	0	0	0	0
LDL	UKBB	EUR	5	146	4116	5	24.8960011005402	0	0	1	43
LDL	UKBB	EUR	5	147	1742	5	6.47016167640686	0	0	1	12
LDL	UKBB	EUR	5	148	90	5	2.54746675491333	0	0	0	0
LDL	UKBB	EUR	5	156	2116	5	12.6146106719971	0	0	1	24
LDL	UKBB	EUR	5	157	1506	5	8.12697076797485	0	0	0	0
LDL	UKBB	EUR	5	158	1971	5	6.14597272872925	0	0	0	0
LDL	UKBB	EUR	5	165	1906	5	4.83721137046814	0	0	0	0
LDL	UKBB	EUR	5	166	3313	5	814.067148923874	0	0	3	52
LDL	UKBB	EUR	5	167	2440	5	19.1353487968445	0	0	0	0
LDL	UKBB	EUR	5	202	1867	5	10.4358773231506	0	1	0	0
LDL	UKBB	EUR	5	207	2599	5	2.51410913467407	0	0	0	0
LDL	UKBB	EUR	6	19	2620	5	14.3482644557953	0	0	0	0
LDL	UKBB	EUR	6	20	1676	5	12.30965924263	0	0	0	0
LDL	UKBB	EUR	6	25	2473	5	18.9865424633026	0	0	0	0
LDL	UKBB	EUR	6	27	1544	5	5.19798231124878	0	0	1	9
LDL	UKBB	EUR	6	34	3003	5	19.9868712425232	0	0	0	0
LDL	UKBB	EUR	6	35	1186	5	888.776873826981	0	1	1	3
LDL	UKBB	EUR	6	39	4567	5	62.8073759078979	0	0	0	0
LDL	UKBB	EUR	6	43	2936	5	36.1795086860657	0	0	0	0
LDL	UKBB	EUR	6	44	536	5	3.2442843914032	0	1	0	0
LDL	UKBB	EUR	6	47	3743	5	43.4018042087555	0	0	0	0
LDL	UKBB	EUR	6	51	5691	5	61.9766669273376	0	0	1	3
LDL	UKBB	EUR	6	53	1638	5	5.5349977016449	0	0	1	17
LDL	UKBB	EUR	6	56	1767	5	19.9937677383423	0	0	1	15
LDL	UKBB	EUR	6	58	3103	5	23.0378241539001	0	0	0	0
LDL	UKBB	EUR	6	63	2662	5	30.052294254303	0	0	1	20
LDL	UKBB	EUR	6	64	291	5	2.63026714324951	0	0	0	0
LDL	UKBB	EUR	6	65	856	5	3.662930727005	0	0	0	0
LDL	UKBB	EUR	6	71	9843	5	456.952431201935	0	0	0	0
LDL	UKBB	EUR	6	72	1150	5	7.34772753715515	0	0	1	11
LDL	UKBB	EUR	6	73	445	5	8.12369656562805	0	0	0	0
LDL	UKBB	EUR	6	75	422	5	9.36956644058228	0	0	0	0
LDL	UKBB	EUR	6	76	4912	5	58.2585754394531	0	0	0	0
LDL	UKBB	EUR	6	87	4174	5	41.9731492996216	0	0	0	0
LDL	UKBB	EUR	6	88	8297	5	25.8279230594635	0	0	0	0
LDL	UKBB	EUR	6	100	66	5	1.2605118751525901	0	0	1	5
LDL	UKBB	EUR	6	101	3046	5	32.8376789093018	0	0	1	36
LDL	UKBB	EUR	6	105	2840	5	24.2610535621643	0	0	1	10
LDL	UKBB	EUR	6	106	2234	5	20.2567296028137	0	0	0	0
LDL	UKBB	EUR	6	109	2379	5	12.7455196380615	0	0	0	0
LDL	UKBB	EUR	6	115	6242	5	157.794998645782	0	0	1	8
LDL	UKBB	EUR	6	117	5305	5	84.0913450717926	0	0	0	0
LDL	UKBB	EUR	6	124	4273	5	771.758338212967	0	0	2	50
LDL	UKBB	EUR	6	127	2166	5	16.6036293506622	0	1	1	6
LDL	UKBB	EUR	6	128	2946	5	15.9901072978973	0	0	0	0
LDL	UKBB	EUR	6	134	2033	5	6.80841398239136	0	0	1	13
LDL	UKBB	EUR	6	136	1154	5	6.17088389396667	0	0	0	0
LDL	UKBB	EUR	6	140	1868	5	6.83251714706421	0	0	0	0
LDL	UKBB	EUR	6	154	2078	5	22.8058185577393	0	1	1	4
LDL	UKBB	EUR	6	158	2352	5	8.97322559356689	0	0	0	0
LDL	UKBB	EUR	6	160	2990	5	18.8378949165344	0	0	0	0
LDL	UKBB	EUR	6	168	3738	5	24.221935749054	0	0	0	0
LDL	UKBB	EUR	6	169	5975	10	3168.30366945267	1	1	3	19
LDL	UKBB	EUR	6	170	1166	5	5.71506810188293	0	0	0	0
LDL	UKBB	EUR	6	180	343	5	3.77637696266174	0	0	0	0
LDL	UKBB	EUR	6	183	1537	5	8.04627394676208	0	0	0	0
LDL	UKBB	EUR	6	187	1896	5	17.4891777038574	0	0	0	0
LDL	UKBB	EUR	7	3	2264	5	9.48913717269897	0	0	1	24
LDL	UKBB	EUR	7	5	3856	5	24.0091276168823	0	0	0	0
LDL	UKBB	EUR	7	6	2111	5	1.84679627418518	0	0	0	0
LDL	UKBB	EUR	7	11	2673	5	6.84620809555054	0	0	0	0
LDL	UKBB	EUR	7	12	4760	5	36.9324238300323	0	1	0	0
LDL	UKBB	EUR	7	13	1867	5	5.32767343521118	0	0	0	0
LDL	UKBB	EUR	7	33	4014	5	51.0365521907806	0	0	0	0
LDL	UKBB	EUR	7	37	3477	5	46.6096034049988	0	0	2	18
LDL	UKBB	EUR	7	41	3054	5	19.6109459400177	0	0	0	0
LDL	UKBB	EUR	7	42	3110	5	1363.67738962173	1	1	1	1
LDL	UKBB	EUR	7	44	579	5	5.44738912582397	0	0	1	7
LDL	UKBB	EUR	7	50	2109	5	7.02863907814026	0	1	1	5
LDL	UKBB	EUR	7	58	3096	5	17.0727527141571	0	1	2	13
LDL	UKBB	EUR	7	66	1416	5	3.6371054649353	0	0	0	0
LDL	UKBB	EUR	7	67	7625	5	611.131983041763	0	1	2	26
LDL	UKBB	EUR	7	74	1376	5	5.12866497039795	0	0	0	0
LDL	UKBB	EUR	7	85	3527	5	22.3494505882263	0	0	0	0
LDL	UKBB	EUR	7	88	4012	5	37.9780192375183	0	0	0	0
LDL	UKBB	EUR	7	89	2570	5	12.7509062290192	0	0	0	0
LDL	UKBB	EUR	7	95	1940	5	16.1748795509338	0	1	1	3
LDL	UKBB	EUR	7	99	4030	5	19.7348048686981	0	0	1	15
LDL	UKBB	EUR	7	103	2432	5	30.4626085758209	0	0	1	6
LDL	UKBB	EUR	7	109	2272	5	7.69457793235779	0	0	1	17
LDL	UKBB	EUR	7	111	4010	5	29.0888857841492	1	2	3	14
LDL	UKBB	EUR	7	112	1865	5	5.76205945014954	0	0	0	0
LDL	UKBB	EUR	7	113	3253	5	27.0259742736816	0	1	0	0
LDL	UKBB	EUR	7	114	4842	5	74.8823692798615	0	0	0	0
LDL	UKBB	EUR	7	119	2158	5	14.2386784553528	0	0	0	0
LDL	UKBB	EUR	7	132	5913	5	69.040253162384	0	0	0	0
LDL	UKBB	EUR	7	133	5947	5	59.562735080719	0	0	0	0
LDL	UKBB	EUR	7	134	1837	5	4.87120771408081	0	0	0	0
LDL	UKBB	EUR	7	138	4134	5	57.2386121749878	0	0	0	0
LDL	UKBB	EUR	7	139	970	5	4.71833109855652	0	0	0	0
LDL	UKBB	EUR	7	141	4443	5	48.2544023990631	0	0	0	0
LDL	UKBB	EUR	7	147	1388	5	6.64909553527832	0	0	0	0
LDL	UKBB	EUR	7	152	1321	5	5.23160147666931	0	0	0	0
LDL	UKBB	EUR	7	162	5319	5	105.501215457916	0	1	0	0
LDL	UKBB	EUR	7	176	704	5	3.13705706596375	0	0	0	0
LDL	UKBB	EUR	7	177	1028	5	6.42792582511902	0	0	0	0
LDL	UKBB	EUR	7	187	3900	5	28.9808957576752	0	0	0	0
LDL	UKBB	EUR	8	17	2981	5	18.0817136764526	0	0	1	31
LDL	UKBB	EUR	8	29	5291	5	122.948496580124	0	1	1	2
LDL	UKBB	EUR	8	36	1006	5	2.56122446060181	0	0	1	19
LDL	UKBB	EUR	8	39	2298	5	1.87968397140503	0	0	0	0
LDL	UKBB	EUR	8	42	3833	5	15.730605840683	0	0	0	0
LDL	UKBB	EUR	8	44	1171	5	7.83079862594604	0	0	0	0
LDL	UKBB	EUR	8	45	2217	5	10.556587934494	0	1	0	0
LDL	UKBB	EUR	8	56	2479	5	9.05975723266602	0	0	0	0
LDL	UKBB	EUR	8	57	1833	5	12.6414213180542	0	0	0	0
LDL	UKBB	EUR	8	59	1643	5	4.05743908882141	0	0	1	3
LDL	UKBB	EUR	8	65	1816	5	8.19558095932007	0	0	1	6
LDL	UKBB	EUR	8	68	2407	5	17.3979027271271	0	1	2	7
LDL	UKBB	EUR	8	69	4801	5	37.8561630249023	0	0	1	24
LDL	UKBB	EUR	8	71	3183	5	34.5951001644135	0	0	0	0
LDL	UKBB	EUR	8	75	790	5	5.18159651756287	0	0	0	0
LDL	UKBB	EUR	8	78	645	5	3.86900067329407	0	0	0	0
LDL	UKBB	EUR	8	79	2125	5	8.2093813419342	0	1	0	0
LDL	UKBB	EUR	8	81	3035	5	15.255517244339	0	0	1	5
LDL	UKBB	EUR	8	83	4789	5	49.406183719635	0	0	0	0
LDL	UKBB	EUR	8	85	2550	5	7.37251162528992	0	1	0	0
LDL	UKBB	EUR	8	88	3259	5	28.7924754619598	0	0	0	0
LDL	UKBB	EUR	8	90	3634	5	22.638099193573	0	0	0	0
LDL	UKBB	EUR	8	101	2080	5	10.4625687599182	0	1	1	2
LDL	UKBB	EUR	8	106	3267	5	28.0085077285767	0	0	0	0
LDL	UKBB	EUR	8	113	2176	5	1337.32040190697	0	0	1	7
LDL	UKBB	EUR	8	124	1812	5	9.06574082374573	0	0	0	0
LDL	UKBB	EUR	8	125	814	5	7.38084840774536	2	3	3	7
LDL	UKBB	EUR	8	135	2430	5	14.2813169956207	0	0	0	0
LDL	UKBB	EUR	8	153	1452	5	1.02561712265015	0	0	0	0
LDL	UKBB	EUR	8	159	2188	5	14.7971928119659	0	0	0	0
LDL	UKBB	EUR	8	160	2068	5	18.5625483989716	0	0	1	14
LDL	UKBB	EUR	9	4	2656	5	14.7531425952911	1	1	1	1
LDL	UKBB	EUR	9	5	553	5	4.5378737449646	0	0	0	0
LDL	UKBB	EUR	9	13	4364	5	70.1583271026611	0	0	0	0
LDL	UKBB	EUR	9	33	2499	5	14.7174236774445	0	0	0	0
LDL	UKBB	EUR	9	36	2503	5	9.5612268447876	0	0	0	0
LDL	UKBB	EUR	9	39	1089	5	5.35512781143188	0	1	1	4
LDL	UKBB	EUR	9	40	4668	5	42.6718225479126	0	0	0	0
LDL	UKBB	EUR	9	51	1445	5	15.9709315299988	0	0	0	0
LDL	UKBB	EUR	9	53	4656	5	62.4886035919189	0	0	0	0
LDL	UKBB	EUR	9	62	3171	5	24.0936768054962	0	1	0	0
LDL	UKBB	EUR	9	69	1791	5	43.6551170349121	0	0	0	0
LDL	UKBB	EUR	9	70	1266	5	7.11789560317993	0	0	0	0
LDL	UKBB	EUR	9	72	799	5	4.04783749580383	0	1	1	2
LDL	UKBB	EUR	9	73	1843	5	11.9851551055908	0	1	0	0
LDL	UKBB	EUR	9	80	5272	5	38.8874032497406	0	0	0	0
LDL	UKBB	EUR	9	84	2359	5	8.31082773208618	0	0	0	0
LDL	UKBB	EUR	9	89	708	5	4.48022437095642	0	0	0	0
LDL	UKBB	EUR	9	93	3025	5	15.9239118099213	0	0	0	0
LDL	UKBB	EUR	9	99	2108	5	18.2879254817963	0	0	0	0
LDL	UKBB	EUR	9	102	3575	5	28.1857385635376	0	0	0	0
LDL	UKBB	EUR	9	104	1127	5	6.20379638671875	0	0	0	0
LDL	UKBB	EUR	9	110	4308	5	48.5306026935577	1	2	2	3
LDL	UKBB	EUR	9	111	188	5	154.015895366669	0	1	3	11
LDL	UKBB	EUR	9	112	4161	5	64.2122783660889	0	1	0	0
LDL	UKBB	EUR	9	114	1492	5	7.99963784217834	0	0	0	0
LDL	UKBB	EUR	9	115	4317	5	59.338353395462	0	0	0	0
LDL	UKBB	EUR	9	116	2261	5	5.89678120613098	0	0	0	0
LDL	UKBB	EUR	9	118	5125	5	36.571802854538	0	1	0	0
LDL	UKBB	EUR	9	119	1867	5	7.14283609390259	0	0	0	0
LDL	UKBB	EUR	9	124	1967	5	8.22740173339844	0	1	0	0
LDL	UKBB	EUR	9	125	2709	5	13.591295003891	0	0	0	0
LDL	UKBB	EUR	9	134	4838	5	105.465185642242	0	0	1	35
LDL	UKBB	EUR	9	140	5136	5	75.1118876934052	0	0	2	10
LDL	UKBB	EUR	9	144	1990	5	10.821412563324	0	0	0	0
LDL	UKBB	EUR	9	145	2294	5	20.6291854381561	0	0	0	0
LDL	UKBB	EUR	9	148	1435	5	7.06752800941467	0	0	0	0
LDL	UKBB	EUR	9	149	1805	5	5.63386034965515	0	1	1	2
LDL	UKBB	EUR	9	153	207	5	2.57381987571716	0	0	0	0
LDL	UKBB	EUR	9	160	842	5	5.45411562919617	0	0	1	8
LDL	UKBB	EUR	9	161	879	5	6.18474078178406	0	1	1	5
LDL	UKBB	EUR	10	14	3236	5	31.3958003520966	0	0	0	0
LDL	UKBB	EUR	10	22	2664	5	6.59522247314453	0	1	0	0
LDL	UKBB	EUR	10	30	860	5	4.49221229553223	0	0	0	0
LDL	UKBB	EUR	10	43	2273	5	12.0470972061157	0	0	0	0
LDL	UKBB	EUR	10	45	3441	5	24.542115688324	0	0	0	0
LDL	UKBB	EUR	10	46	3567	5	3.82031512260437	0	0	0	0
LDL	UKBB	EUR	10	52	3561	5	31.2388639450073	0	0	0	0
LDL	UKBB	EUR	10	53	1731	5	6.02296996116638	0	0	0	0
LDL	UKBB	EUR	10	59	1871	5	20.1595888137817	0	0	0	0
LDL	UKBB	EUR	10	60	4081	5	37.645213842392	0	0	0	0
LDL	UKBB	EUR	10	67	1845	5	16.2642464637756	0	0	0	0
LDL	UKBB	EUR	10	69	2775	5	17.8130543231964	0	0	0	0
LDL	UKBB	EUR	10	70	3212	5	19.6291208267212	0	1	2	17
LDL	UKBB	EUR	10	73	1935	5	4.49534583091736	0	0	0	0
LDL	UKBB	EUR	10	80	3670	5	1176.4473118782	0	0	0	0
LDL	UKBB	EUR	10	81	3739	5	1049.45516204834	0	0	1	23
LDL	UKBB	EUR	10	84	5216	5	90.0064523220062	0	0	0	0
LDL	UKBB	EUR	10	85	1044	5	8.24402022361755	0	1	1	2
LDL	UKBB	EUR	10	92	4938	5	89.3284549713135	0	0	0	0
LDL	UKBB	EUR	10	100	1060	5	5.47211050987244	0	0	0	0
LDL	UKBB	EUR	10	101	2649	5	19.1629617214203	0	0	0	0
LDL	UKBB	EUR	10	109	3249	5	27.306884050369302	0	0	0	0
LDL	UKBB	EUR	10	110	1115	5	5.50415802001953	0	0	0	0
LDL	UKBB	EUR	10	112	799	5	6.44568276405334	0	0	0	0
LDL	UKBB	EUR	10	113	2601	5	14.9367990493774	0	0	0	0
LDL	UKBB	EUR	10	117	4263	5	1300.87061953545	0	0	2	38
LDL	UKBB	EUR	10	120	3087	5	19.8498575687408	0	0	0	0
LDL	UKBB	EUR	10	121	2132	5	12.2468438148499	0	0	0	0
LDL	UKBB	EUR	10	126	3514	5	910.346683502197	0	0	0	0
LDL	UKBB	EUR	10	127	1148	5	3.60918092727661	0	0	0	0
LDL	UKBB	EUR	10	128	303	5	3.11763191223145	0	0	0	0
LDL	UKBB	EUR	10	129	4669	5	68.9939792156219	0	0	0	0
LDL	UKBB	EUR	10	131	3984	5	36.1536726951599	0	1	1	9
LDL	UKBB	EUR	10	137	3617	5	3.96496438980103	0	0	1	18
LDL	UKBB	EUR	10	138	696	5	110.218801259995	0	2	3	26
LDL	UKBB	EUR	10	142	1168	5	11.750855922699	0	0	1	6
LDL	UKBB	EUR	10	144	1406	5	8.21134972572327	0	0	0	0
LDL	UKBB	EUR	10	150	3027	5	42.1795847415924	0	0	0	0
LDL	UKBB	EUR	10	152	2103	5	11.8282790184021	0	0	0	0
LDL	UKBB	EUR	10	154	4986	5	1267.83745622635	0	0	0	0
LDL	UKBB	EUR	11	2	2420	5	24.5503394603729	0	0	0	0
LDL	UKBB	EUR	11	3	2539	5	25.9001734256744	0	0	0	0
LDL	UKBB	EUR	11	4	1612	5	8.25855803489685	0	0	0	0
LDL	UKBB	EUR	11	7	1394	5	4.12800264358521	0	0	0	0
LDL	UKBB	EUR	11	12	3578	5	1228.35766124725	0	1	2	10
LDL	UKBB	EUR	11	18	5720	5	91.2480366230011	0	0	0	0
LDL	UKBB	EUR	11	22	1276	5	3.47678279876709	0	0	0	0
LDL	UKBB	EUR	11	28	1996	5	18.4330489635468	0	0	0	0
LDL	UKBB	EUR	11	30	1788	5	16.3812024593353	0	0	0	0
LDL	UKBB	EUR	11	31	1700	5	13.6197502613068	0	0	0	0
LDL	UKBB	EUR	11	33	2303	5	11.1305594444275	0	1	1	3
LDL	UKBB	EUR	11	51	2557	5	17.9065215587616	0	0	0	0
LDL	UKBB	EUR	11	56	578	5	6.40324997901917	0	0	0	0
LDL	UKBB	EUR	11	75	1704	5	11.6552073955536	0	1	0	0
LDL	UKBB	EUR	11	76	2067	5	20.632025718689	0	0	1	13
LDL	UKBB	EUR	11	78	2124	5	1.78872156143188	0	0	0	0
LDL	UKBB	EUR	11	79	4524	5	1507.97008705139	0	0	1	33
LDL	UKBB	EUR	11	81	2043	5	11.6368055343628	0	0	0	0
LDL	UKBB	EUR	11	82	661	5	3.78049683570862	0	0	0	0
LDL	UKBB	EUR	11	86	2914	5	20.7538373470306	0	0	0	0
LDL	UKBB	EUR	11	90	4821	5	41.6411826610565	0	0	0	0
LDL	UKBB	EUR	11	107	1105	5	2.71149587631226	0	0	0	0
LDL	UKBB	EUR	11	108	958	5	3.44833159446716	0	0	0	0
LDL	UKBB	EUR	11	115	3006	5	19.6604261398315	0	0	0	0
LDL	UKBB	EUR	11	117	4952	5	39.5933666229248	0	0	1	11
LDL	UKBB	EUR	11	123	1466	5	12.195732831955	0	0	0	0
LDL	UKBB	EUR	11	125	2204	5	7.435378074646	0	0	0	0
LDL	UKBB	EUR	11	129	2510	5	1352.58842468262	1	2	2	3
LDL	UKBB	EUR	11	133	2215	5	28.5560040473938	0	0	0	0
LDL	UKBB	EUR	11	139	104	5	2.06342077255249	0	0	0	0
LDL	UKBB	EUR	11	140	1400	5	3.39482641220093	0	0	0	0
LDL	UKBB	EUR	11	142	3110	5	26.7577474117279	0	0	1	32
LDL	UKBB	EUR	11	147	4882	5	2073.65156722069	0	0	1	6
LDL	UKBB	EUR	11	163	501	5	4.6157021522522	0	0	0	0
LDL	UKBB	EUR	12	1	1583	5	10.5623681545258	0	1	1	2
LDL	UKBB	EUR	12	4	1489	5	7.13563442230225	0	0	0	0
LDL	UKBB	EUR	12	12	967	5	6.63338685035706	0	1	0	0
LDL	UKBB	EUR	12	17	1105	5	6.2628321647644	0	0	0	0
LDL	UKBB	EUR	12	18	2150	5	17.5194721221924	0	0	0	0
LDL	UKBB	EUR	12	23	2889	5	2.86948823928833	0	0	2	21
LDL	UKBB	EUR	12	29	358	5	7.34503936767578	0	1	0	0
LDL	UKBB	EUR	12	33	2229	5	15.5854876041412	0	0	0	0
LDL	UKBB	EUR	12	42	4607	5	48.1570219993591	0	0	0	0
LDL	UKBB	EUR	12	45	2354	5	7.54879546165466	0	0	0	0
LDL	UKBB	EUR	12	47	881	5	5.03938126564026	0	0	0	0
LDL	UKBB	EUR	12	49	3186	5	12.2442779541016	0	1	0	0
LDL	UKBB	EUR	12	51	1810	5	10.71031665802	0	0	0	0
LDL	UKBB	EUR	12	59	3362	5	33.4919941425323	0	0	0	0
LDL	UKBB	EUR	12	61	1921	5	21.9743640422821	0	0	0	0
LDL	UKBB	EUR	12	62	2099	5	12.1618266105652	0	0	0	0
LDL	UKBB	EUR	12	63	2166	5	19.9291772842407	0	0	1	19
LDL	UKBB	EUR	12	64	1716	5	16.7363073825836	0	0	0	0
LDL	UKBB	EUR	12	66	2711	5	8.19541049003601	0	0	0	0
LDL	UKBB	EUR	12	67	1361	5	7.73152256011963	0	0	0	0
LDL	UKBB	EUR	12	69	2577	5	27.4829168319702	0	0	0	0
LDL	UKBB	EUR	12	71	3196	5	21.0108888149261	0	1	2	16
LDL	UKBB	EUR	12	72	8797	5	218.441713094711	0	0	0	0
LDL	UKBB	EUR	12	82	3149	5	13.0477278232574	0	1	1	2
LDL	UKBB	EUR	12	97	4261	5	51.034059047699	0	0	0	0
LDL	UKBB	EUR	12	98	1797	5	4.96828055381775	0	0	0	0
LDL	UKBB	EUR	12	110	3720	5	35.9386646747589	0	0	0	0
LDL	UKBB	EUR	12	112	417	5	6.01158237457275	0	0	0	0
LDL	UKBB	EUR	12	113	2735	5	2.63612675666809	0	0	0	0
LDL	UKBB	EUR	12	114	2609	5	15.7716777324677	0	0	0	0
LDL	UKBB	EUR	12	115	2022	5	15.785432100296	0	0	0	0
LDL	UKBB	EUR	12	117	2784	5	24.309800863266	0	0	0	0
LDL	UKBB	EUR	12	120	1449	5	10.1428709030151	0	0	0	0
LDL	UKBB	EUR	12	121	1968	5	19.4637129306793	0	0	0	0
LDL	UKBB	EUR	12	122	4098	5	948.504340171814	1	1	1	1
LDL	UKBB	EUR	12	127	1300	5	4.30212259292603	0	0	0	0
LDL	UKBB	EUR	12	128	483	5	2.9278998374939	0	1	1	3
LDL	UKBB	EUR	12	138	4362	5	58.7903764247894	0	0	2	30
LDL	UKBB	EUR	12	139	5982	5	176.730987548828	0	0	0	0
LDL	UKBB	EUR	12	140	1250	5	464.860666513443	0	0	2	15
LDL	UKBB	EUR	12	141	1719	5	5.48503851890564	0	0	0	0
LDL	UKBB	EUR	12	164	394	5	2.46121406555176	0	0	1	20
LDL	UKBB	EUR	13	11	1546	5	5.69688844680786	0	0	0	0
LDL	UKBB	EUR	13	18	846	5	3.26466679573059	1	1	1	1
LDL	UKBB	EUR	13	21	3268	5	28.6979925632477	0	0	0	0
LDL	UKBB	EUR	13	24	2120	5	18.5320048332214	0	0	0	0
LDL	UKBB	EUR	13	25	1198	5	7.21147227287292	0	1	3	20
LDL	UKBB	EUR	13	40	1936	5	11.6515777111053	0	0	1	8
LDL	UKBB	EUR	13	44	1745	5	6.66840147972107	0	0	0	0
LDL	UKBB	EUR	13	50	4830	5	48.0027146339417	0	0	0	0
LDL	UKBB	EUR	13	52	3325	5	35.6656270027161	0	0	0	0
LDL	UKBB	EUR	13	66	1155	5	8.34845972061157	0	0	0	0
LDL	UKBB	EUR	13	69	4263	5	45.4886448383331	0	0	0	0
LDL	UKBB	EUR	13	84	1569	5	7.57715749740601	0	0	0	0
LDL	UKBB	EUR	13	96	1105	5	4.21780586242676	0	0	0	0
LDL	UKBB	EUR	13	102	1345	5	6.69662117958069	0	0	0	0
LDL	UKBB	EUR	13	115	1088	5	4.3157274723053	0	0	0	0
LDL	UKBB	EUR	13	116	959	5	4.77596020698547	0	0	1	6
LDL	UKBB	EUR	13	118	1840	5	12.7984869480133	0	0	0	0
LDL	UKBB	EUR	13	125	2458	5	13.7121815681458	0	1	1	7
LDL	UKBB	EUR	14	4	853	5	7.68720984458923	0	0	0	0
LDL	UKBB	EUR	14	14	4111	5	26.8494715690613	0	1	1	5
LDL	UKBB	EUR	14	23	3686	5	23.7776114940643	0	0	0	0
LDL	UKBB	EUR	14	31	3402	5	32.2044394016266	0	0	0	0
LDL	UKBB	EUR	14	35	3442	5	25.7130770683289	0	0	0	0
LDL	UKBB	EUR	14	42	2098	5	18.6081821918488	0	0	0	0
LDL	UKBB	EUR	14	43	185	5	2.70258855819702	0	0	0	0
LDL	UKBB	EUR	14	46	1764	5	4.84325885772705	0	0	0	0
LDL	UKBB	EUR	14	63	4184	5	71.0834391117096	0	0	1	41
LDL	UKBB	EUR	14	68	2114	5	1324.78159356117	0	0	0	0
LDL	UKBB	EUR	14	72	4036	5	29.5103569030762	0	1	2	45
LDL	UKBB	EUR	14	73	2037	5	14.2205588817596	0	0	1	30
LDL	UKBB	EUR	14	96	402	5	3.33886170387268	0	0	0	0
LDL	UKBB	EUR	14	105	1462	5	4.48896193504333	0	0	1	3
LDL	UKBB	EUR	14	106	1402	5	7.61515617370605	0	0	0	0
LDL	UKBB	EUR	14	121	3098	5	38.1060826778412	0	0	0	0
LDL	UKBB	EUR	14	126	3821	5	54.2856426239014	0	0	0	0
LDL	UKBB	EUR	14	127	2529	5	8.52537226676941	0	0	0	0
LDL	UKBB	EUR	15	3	164	5	3.34662866592407	0	0	0	0
LDL	UKBB	EUR	15	37	3548	5	34.8813493251801	0	1	0	0
LDL	UKBB	EUR	15	39	2732	5	20.9165196418762	0	0	0	0
LDL	UKBB	EUR	15	44	1595	5	9.71732926368713	0	0	1	25
LDL	UKBB	EUR	15	45	6114	5	77.1185998916626	0	0	0	0
LDL	UKBB	EUR	15	46	1813	5	10.9609382152557	0	0	0	0
LDL	UKBB	EUR	15	47	2293	5	6.91720938682556	0	0	0	0
LDL	UKBB	EUR	15	50	2761	5	34.6642246246338	0	1	1	4
LDL	UKBB	EUR	15	52	1949	5	1.42538404464722	0	0	1	8
LDL	UKBB	EUR	15	53	379	5	2.69035840034485	0	2	2	7
LDL	UKBB	EUR	15	54	2113	5	7.80476665496826	0	0	0	0
LDL	UKBB	EUR	15	56	2289	5	6.60315680503845	0	0	0	0
LDL	UKBB	EUR	15	59	4715	5	94.3852815628052	0	0	0	0
LDL	UKBB	EUR	15	62	5408	5	45.7203500270844	0	0	0	0
LDL	UKBB	EUR	15	63	1605	5	6.32563233375549	0	0	0	0
LDL	UKBB	EUR	15	64	1692	5	5.5663013458252	0	0	0	0
LDL	UKBB	EUR	15	66	2926	5	22.5794103145599	0	0	0	0
LDL	UKBB	EUR	15	80	1311	5	2.83716893196106	0	0	0	0
LDL	UKBB	EUR	15	83	1224	5	8.79456210136414	0	0	0	0
LDL	UKBB	EUR	15	85	2159	5	11.3432142734528	0	0	0	0
LDL	UKBB	EUR	15	117	1028	5	11.3450748920441	0	0	0	0
LDL	UKBB	EUR	15	118	684	5	2.55260992050171	0	0	0	0
LDL	UKBB	EUR	16	1	2115	5	19.9007050991058	0	1	0	0
LDL	UKBB	EUR	16	4	3057	5	8.63603162765503	0	0	0	0
LDL	UKBB	EUR	16	5	1220	5	6.51857852935791	0	0	0	0
LDL	UKBB	EUR	16	9	2833	5	32.2877445220947	0	0	0	0
LDL	UKBB	EUR	16	31	2609	5	18.4099082946777	0	0	1	8
LDL	UKBB	EUR	16	32	387	5	4.70037031173706	1	1	1	1
LDL	UKBB	EUR	16	37	3155	5	10.2419292926788	0	0	0	0
LDL	UKBB	EUR	16	38	5206	5	58.3724195957184	0	0	0	0
LDL	UKBB	EUR	16	43	1902	5	9.21118474006653	0	0	0	0
LDL	UKBB	EUR	16	59	1712	5	11.7453999519348	0	0	0	0
LDL	UKBB	EUR	16	60	3060	5	15.5175461769104	0	1	0	0
LDL	UKBB	EUR	16	74	496	5	8.66496300697327	0	0	0	0
LDL	UKBB	EUR	16	75	3053	5	20.907630443573	0	0	1	3
LDL	UKBB	EUR	16	76	2097	5	10.4834961891174	0	1	0	0
LDL	UKBB	EUR	16	80	2092	5	6.38172841072083	0	0	0	0
LDL	UKBB	EUR	16	85	5119	5	44.2873723506927	0	0	0	0
LDL	UKBB	EUR	16	88	5194	5	139.593053817749	0	0	0	0
LDL	UKBB	EUR	16	89	6555	5	1785.50332784653	0	1	1	2
LDL	UKBB	EUR	16	90	1649	5	4.663649559021	0	0	0	0
LDL	UKBB	EUR	16	94	5625	5	75.8085656166077	0	0	1	11
LDL	UKBB	EUR	16	96	6273	5	53.6665019989014	0	0	0	0
LDL	UKBB	EUR	16	99	1739	5	3.30154204368591	1	1	1	1
LDL	UKBB	EUR	16	100	354	5	5.4796769618988	0	1	3	18
LDL	UKBB	EUR	16	101	421	5	5.20001149177551	0	0	1	15
LDL	UKBB	EUR	16	103	6943	5	143.102640151978	0	0	0	0
LDL	UKBB	EUR	16	104	2090	5	9.71012353897095	0	0	0	0
LDL	UKBB	EUR	16	110	1681	5	7.55045437812805	0	0	1	3
LDL	UKBB	EUR	16	119	2232	5	7.79802632331848	0	0	1	12
LDL	UKBB	EUR	16	120	327	5	6.83339905738831	0	0	0	0
LDL	UKBB	EUR	16	125	1680	5	6.7143542766571	0	0	0	0
LDL	UKBB	EUR	16	126	396	5	2.30171895027161	0	0	0	0
LDL	UKBB	EUR	16	127	673	5	3.56341123580933	0	0	1	8
LDL	UKBB	EUR	16	128	5659	5	45.3885278701782	0	0	0	0
LDL	UKBB	EUR	17	9	3243	5	9.75809478759766	0	0	0	0
LDL	UKBB	EUR	17	14	1643	5	5.44220328330994	0	0	1	17
LDL	UKBB	EUR	17	16	657	5	4.07298302650452	0	0	0	0
LDL	UKBB	EUR	17	17	3164	5	43.5785355567932	1	1	1	1
LDL	UKBB	EUR	17	22	521	5	4.59072303771973	0	1	1	2
LDL	UKBB	EUR	17	23	1087	5	4.40855813026428	1	1	2	8
LDL	UKBB	EUR	17	24	1967	5	12.1257786750793	1	2	2	6
LDL	UKBB	EUR	17	25	1962	5	6.26587748527527	0	0	0	0
LDL	UKBB	EUR	17	28	429	5	3.49678874015808	0	0	0	0
LDL	UKBB	EUR	17	30	423	5	10.3141279220581	0	0	0	0
LDL	UKBB	EUR	17	51	4039	5	24.9846932888031	0	0	0	0
LDL	UKBB	EUR	17	54	2468	5	13.7842209339142	0	1	0	0
LDL	UKBB	EUR	17	55	5107	5	24.8900561332703	0	2	3	92
LDL	UKBB	EUR	17	65	3513	5	31.6035349369049	0	0	0	0
LDL	UKBB	EUR	17	70	1698	5	4.04141139984131	0	0	0	0
LDL	UKBB	EUR	17	71	2351	5	17.2552225589752	0	0	0	0
LDL	UKBB	EUR	17	73	3870	5	56.2328588962555	0	0	0	0
LDL	UKBB	EUR	17	74	4535	5	49.2184436321259	0	0	0	0
LDL	UKBB	EUR	17	75	3537	5	1249.27188444138	0	0	1	13
LDL	UKBB	EUR	17	80	2128	5	11.5906386375427	0	0	0	0
LDL	UKBB	EUR	17	84	835	5	4.77217149734497	0	0	0	0
LDL	UKBB	EUR	17	87	1441	5	5.19662284851074	0	0	0	0
LDL	UKBB	EUR	17	90	3697	5	28.4948289394379	0	0	0	0
LDL	UKBB	EUR	17	94	2206	5	11.1652202606201	0	0	0	0
LDL	UKBB	EUR	17	97	3150	5	26.8118205070496	0	0	1	3
LDL	UKBB	EUR	17	98	1677	5	7.76719617843628	0	1	1	2
LDL	UKBB	EUR	17	100	1792	5	8.83957695960999	0	0	0	0
LDL	UKBB	EUR	17	101	1373	5	429.603045701981	0	0	0	0
LDL	UKBB	EUR	17	102	965	5	2.95985960960388	2	2	2	2
LDL	UKBB	EUR	17	103	1221	5	11.9154319763184	0	1	1	2
LDL	UKBB	EUR	17	104	231	5	1.76067566871643	0	0	1	8
LDL	UKBB	EUR	17	105	2112	5	21.6762862205505	0	0	0	0
LDL	UKBB	EUR	17	117	2228	5	28.2883303165436	0	0	0	0
LDL	UKBB	EUR	17	118	2099	5	1.63719892501831	0	0	0	0
LDL	UKBB	EUR	17	121	1387	5	6.03137063980103	0	0	0	0
LDL	UKBB	EUR	17	123	2260	5	11.6486957073212	0	0	0	0
LDL	UKBB	EUR	17	125	3102	5	23.9367923736572	0	0	1	10
LDL	UKBB	EUR	17	130	1749	5	18.0166974067688	0	0	0	0
LDL	UKBB	EUR	17	133	1807	5	6.73159122467041	0	0	0	0
LDL	UKBB	EUR	17	134	1820	5	5.47716665267944	0	0	0	0
LDL	UKBB	EUR	18	31	3389	5	12.8148186206818	0	0	0	0
LDL	UKBB	EUR	18	41	4508	5	44.3262255191803	0	0	0	0
LDL	UKBB	EUR	18	61	3301	5	10.8178782463074	0	0	0	0
LDL	UKBB	EUR	18	69	5083	5	1024.51604104042	1	1	2	14
LDL	UKBB	EUR	18	77	705	5	3.63640713691711	0	0	1	3
LDL	UKBB	EUR	18	88	1867	5	6.73402976989746	0	1	0	0
LDL	UKBB	EUR	18	98	1564	5	5.79972743988037	0	0	0	0
LDL	UKBB	EUR	18	119	863	5	2.99192786216736	0	0	0	0
LDL	UKBB	EUR	18	120	932	5	3.38232469558716	0	0	0	0
LDL	UKBB	EUR	19	5	276	5	2.78104639053345	0	1	0	0
LDL	UKBB	EUR	19	6	1485	5	8.45163655281067	0	0	0	0
LDL	UKBB	EUR	19	12	934	5	2.64121055603027	0	0	1	22
LDL	UKBB	EUR	19	15	721	5	7.6255955696106	0	0	0	0
LDL	UKBB	EUR	19	16	828	5	7.53208684921265	0	0	0	0
LDL	UKBB	EUR	19	20	1026	5	0.822235345840454	0	0	0	0
LDL	UKBB	EUR	19	21	590	5	3.94199347496033	0	0	0	0
LDL	UKBB	EUR	19	22	2372	5	9.38311386108398	0	0	0	0
LDL	UKBB	EUR	19	25	1578	5	10.0543050765991	0	0	0	0
LDL	UKBB	EUR	19	32	1761	5	7.66743350028992	0	0	0	0
LDL	UKBB	EUR	19	33	802	5	2.51434302330017	0	0	0	0
LDL	UKBB	EUR	19	35	1817	5	5.1070773601532	0	0	0	0
LDL	UKBB	EUR	19	36	628	5	4.26094198226929	0	0	0	0
LDL	UKBB	EUR	19	37	2520	5	823.705373764038	0	1	1	3
LDL	UKBB	EUR	19	38	593	5	376.47824215889	2	2	3	5
LDL	UKBB	EUR	19	39	3423	5	558.136829137802	1	5	4	12
LDL	UKBB	EUR	19	40	926	5	4.89819765090942	0	0	0	0
LDL	UKBB	EUR	19	42	1218	5	4.96818852424622	0	0	0	0
LDL	UKBB	EUR	19	46	1935	5	611.706210851669	0	0	1	7
LDL	UKBB	EUR	19	49	2266	5	13.7317662239075	0	0	0	0
LDL	UKBB	EUR	19	51	1295	5	3.52047181129456	0	0	1	6
LDL	UKBB	EUR	19	52	1597	5	6.61084294319153	0	0	0	0
LDL	UKBB	EUR	19	53	2969	5	472.5570936203	2	2	2	2
LDL	UKBB	EUR	19	54	4148	5	33.6429281234741	0	1	1	2
LDL	UKBB	EUR	19	62	2979	5	22.6845126152039	0	0	0	0
LDL	UKBB	EUR	19	63	1405	5	7.36588668823242	0	0	0	0
LDL	UKBB	EUR	19	65	1374	5	4.04431104660034	0	0	0	0
LDL	UKBB	EUR	19	67	5769	5	31.9202928543091	0	0	0	0
LDL	UKBB	EUR	19	68	1393	5	4.85019683837891	0	0	0	0
LDL	UKBB	EUR	19	70	1809	5	10.438047170639	0	1	1	2
LDL	UKBB	EUR	19	71	322	5	113.75226187706	0	1	2	6
LDL	UKBB	EUR	19	72	2677	5	24.2177879810333	0	0	0	0
LDL	UKBB	EUR	19	73	470	5	11.6259567737579	0	1	0	0
LDL	UKBB	EUR	19	74	2804	15	25.6746814250946	8	10	10	14
LDL	UKBB	EUR	19	75	742	5	711.243806123734	1	1	1	1
LDL	UKBB	EUR	19	76	2801	15	1580.02578091621	1	1	1	1
LDL	UKBB	EUR	19	77	4930	5	1040.72190332413	0	0	0	0
LDL	UKBB	EUR	19	79	1514	5	12.8693056106567	1	1	1	1
LDL	UKBB	EUR	19	80	853	5	547.085538625717	0	1	1	4
LDL	UKBB	EUR	19	81	1997	5	641.013706207275	0	0	0	0
LDL	UKBB	EUR	19	98	1050	5	4.1570029258728	0	1	0	0
LDL	UKBB	EUR	19	103	1275	5	1.29902267456055	0	0	0	0
LDL	UKBB	EUR	19	104	1434	5	4.61966514587402	0	0	0	0
LDL	UKBB	EUR	19	107	1000	5	4.64967513084412	0	1	2	23
LDL	UKBB	EUR	19	110	2769	5	17.4015080928802	0	0	0	0
LDL	UKBB	EUR	19	111	1227	5	4.23390221595764	1	1	2	11
LDL	UKBB	EUR	20	2	1183	5	3.61401319503784	0	0	0	0
LDL	UKBB	EUR	20	10	1072	5	4.7825174331665	0	0	0	0
LDL	UKBB	EUR	20	11	996	5	6.9306583404541	0	0	0	0
LDL	UKBB	EUR	20	12	2000	5	23.0608966350555	0	0	0	0
LDL	UKBB	EUR	20	13	2080	5	11.3134756088257	0	0	0	0
LDL	UKBB	EUR	20	18	1278	5	9.86141490936279	0	1	1	5
LDL	UKBB	EUR	20	19	353	5	2.84981393814087	0	0	0	0
LDL	UKBB	EUR	20	40	1508	5	4.82658672332764	0	0	1	6
LDL	UKBB	EUR	20	48	3816	5	683.285455226898	1	2	2	3
LDL	UKBB	EUR	20	59	3811	5	32.9840314388275	0	0	0	0
LDL	UKBB	EUR	20	60	2346	5	6.30497741699219	0	0	0	0
LDL	UKBB	EUR	20	63	4665	5	51.1262331008911	0	0	0	0
LDL	UKBB	EUR	20	64	1406	5	7.80580496788025	2	2	3	12
LDL	UKBB	EUR	20	65	2582	5	2.34146165847778	0	0	1	18
LDL	UKBB	EUR	20	66	2901	5	18.2094447612762	0	0	0	0
LDL	UKBB	EUR	20	68	1074	5	5.60715794563293	0	0	1	5
LDL	UKBB	EUR	20	69	2047	5	7.65341544151306	1	1	1	1
LDL	UKBB	EUR	20	70	1475	5	6.47388100624084	0	0	0	0
LDL	UKBB	EUR	20	71	2305	5	8.08189988136292	0	0	1	13
LDL	UKBB	EUR	20	77	2178	5	7.5565140247345	0	0	0	0
LDL	UKBB	EUR	20	78	2830	5	10.4333641529083	0	0	0	0
LDL	UKBB	EUR	20	86	1781	5	10.0707149505615	0	0	0	0
LDL	UKBB	EUR	20	87	1097	5	1.20995044708252	0	1	0	0
LDL	UKBB	EUR	20	89	1141	5	5.16682481765747	0	0	0	0
LDL	UKBB	EUR	20	110	2039	5	9.68452858924866	0	0	0	0
LDL	UKBB	EUR	20	111	519	5	2.54664301872253	0	0	0	0
LDL	UKBB	EUR	20	112	521	5	4.67556571960449	0	0	0	0
LDL	UKBB	EUR	20	113	219	5	5.11986613273621	0	0	0	0
LDL	UKBB	EUR	20	115	1012	5	1042.53748440742	0	0	2	26
LDL	UKBB	EUR	21	3	970	5	6.23641800880432	0	0	1	5
LDL	UKBB	EUR	21	30	3560	5	37.3699269294739	0	0	0	0
LDL	UKBB	EUR	21	33	2226	5	9.05793404579163	0	0	0	0
LDL	UKBB	EUR	21	37	2611	5	14.9469013214111	0	0	0	0
LDL	UKBB	EUR	21	41	4339	5	13.7724783420563	0	0	1	3
LDL	UKBB	EUR	21	48	3341	5	920.538671016693	0	0	2	39
LDL	UKBB	EUR	21	53	1507	5	4.99144172668457	0	0	0	0
LDL	UKBB	EUR	21	62	631	5	3.53849577903748	0	0	0	0
LDL	UKBB	EUR	21	64	2442	5	27.2036657333374	0	0	0	0
LDL	UKBB	EUR	21	65	699	5	0.698057889938354	0	1	0	0
LDL	UKBB	EUR	22	5	1086	5	6.16747784614563	0	0	0	0
LDL	UKBB	EUR	22	9	1719	5	8.23356342315674	0	0	0	0
LDL	UKBB	EUR	22	13	1005	5	4.14613389968872	0	1	1	10
LDL	UKBB	EUR	22	29	2413	5	31.1857235431671	0	0	0	0
LDL	UKBB	EUR	22	30	7767	5	19.1276998519897	0	0	0	0
LDL	UKBB	EUR	22	36	1266	5	2.70609450340271	0	0	1	37
LDL	UKBB	EUR	22	37	1958	5	3.89740967750549	0	0	0	0
LDL	UKBB	EUR	22	40	1033	5	5.71262955665588	0	0	0	0
LDL	UKBB	EUR	22	43	1868	5	1.90112113952637	0	0	0	0
LDL	UKBB	EUR	22	46	4590	5	21.7906811237335	0	0	1	52
LDL	UKBB	EUR	22	49	579	5	5.15080118179321	0	0	0	0
LDL	UKBB	EUR	22	54	1477	5	8.55045700073242	0	0	0	0
LDL	UKBB	EUR	22	55	1353	5	5.39302039146423	0	0	0	0
LDL	UKBB	EUR	22	56	244	5	3.14809799194336	0	0	0	0
LDL	UKBB	EUR	22	57	980	5	11.4584567546844	0	0	0	0
LDL	UKBB	EUR	22	70	2717	5	18.4135632514954	0	0	0	0
