pheno	db	pid	chromosome	block	num_variants	L	time	num_variants_0.95	num_variants_0.5	num_CS95	num_variants_CS95
HDL	UKBB	EUR	1	1	475	5	15.2370581626892	0	0	0	0
HDL	UKBB	EUR	1	2	805	5	14.5395498275757	0	0	0	0
HDL	UKBB	EUR	1	3	507	5	14.4808011054993	0	0	1	32
HDL	UKBB	EUR	1	5	1967	5	14.8743426799774	0	1	0	0
HDL	UKBB	EUR	1	15	2777	5	14.0030884742737	0	0	0	0
HDL	UKBB	EUR	1	17	3413	5	30.2785840034485	0	0	0	0
HDL	UKBB	EUR	1	18	1470	5	924.831707239151	0	0	0	0
HDL	UKBB	EUR	1	19	2744	5	8.88212728500366	0	0	0	0
HDL	UKBB	EUR	1	21	1765	5	14.6392586231232	1	1	1	1
HDL	UKBB	EUR	1	23	1028	5	15.4760315418243	0	0	0	0
HDL	UKBB	EUR	1	24	1164	5	15.2040445804596	0	0	0	0
HDL	UKBB	EUR	1	35	3193	5	14.2367601394653	0	0	0	0
HDL	UKBB	EUR	1	40	1290	5	14.6215791702271	0	1	0	0
HDL	UKBB	EUR	1	43	901	5	13.9472277164459	0	0	0	0
HDL	UKBB	EUR	1	44	697	5	14.2040209770203	0	0	1	10
HDL	UKBB	EUR	1	46	2423	5	13.494099855423	0	0	0	0
HDL	UKBB	EUR	1	48	1267	5	729.081592559814	0	1	2	12
HDL	UKBB	EUR	1	49	1100	5	14.7734634876251	0	0	0	0
HDL	UKBB	EUR	1	50	1895	5	15.2147538661957	0	0	1	27
HDL	UKBB	EUR	1	51	1277	5	14.8437206745148	0	0	1	70
HDL	UKBB	EUR	1	52	3236	5	2130.12617564201	0	0	2	34
HDL	UKBB	EUR	1	53	3055	5	1743.97421646118	1	1	4	34
HDL	UKBB	EUR	1	57	2050	5	20.3847301006317	0	0	0	0
HDL	UKBB	EUR	1	63	2132	5	8.4259238243103	0	0	0	0
HDL	UKBB	EUR	1	70	2607	5	1463.40933561325	1	1	2	4
HDL	UKBB	EUR	1	71	2526	5	1325.51677012444	0	0	2	37
HDL	UKBB	EUR	1	73	3340	5	36.2597484588623	1	1	1	1
HDL	UKBB	EUR	1	74	3101	5	28.9149556159973	0	0	0	0
HDL	UKBB	EUR	1	75	4105	5	106.213471412659	0	0	1	48
HDL	UKBB	EUR	1	76	1916	5	7.8686318397522	0	0	0	0
HDL	UKBB	EUR	1	80	1227	5	4.06588816642761	0	0	0	0
HDL	UKBB	EUR	1	85	1278	5	13.1872577667236	0	0	0	0
HDL	UKBB	EUR	1	87	1475	5	6.3241593837738	0	0	0	0
HDL	UKBB	EUR	1	90	302	5	2.69891333580017	0	0	0	0
HDL	UKBB	EUR	1	92	2654	5	18.2093501091003	0	0	1	7
HDL	UKBB	EUR	1	94	681	5	767.841531038284	0	0	2	28
HDL	UKBB	EUR	1	96	2307	5	23.8944954872131	1	1	1	1
HDL	UKBB	EUR	1	97	2826	5	22.3575663566589	0	0	1	48
HDL	UKBB	EUR	1	98	2436	5	26.9742758274078	0	0	0	0
HDL	UKBB	EUR	1	100	2249	5	405.554545402527	0	0	2	28
HDL	UKBB	EUR	1	102	2085	5	23.6597464084625	0	1	0	0
HDL	UKBB	EUR	1	105	5965	5	97.8742461204529	0	0	2	24
HDL	UKBB	EUR	1	110	1108	5	6.87628960609436	0	0	0	0
HDL	UKBB	EUR	1	113	1888	5	13.3550570011139	0	0	1	25
HDL	UKBB	EUR	1	117	1444	5	14.5430598258972	0	1	2	12
HDL	UKBB	EUR	1	122	4195	5	43.7652678489685	1	1	2	6
HDL	UKBB	EUR	1	124	3865	5	94.4039199352264	0	0	0	0
HDL	UKBB	EUR	1	125	4578	5	2926.32358407974	0	0	1	3
HDL	UKBB	EUR	1	128	4125	5	93.9089574813843	0	0	0	0
HDL	UKBB	EUR	1	129	1493	5	6.03531980514526	0	0	0	0
HDL	UKBB	EUR	1	132	2639	5	22.0280215740204	0	0	0	0
HDL	UKBB	EUR	1	136	2621	5	49.849419593811	0	0	0	0
HDL	UKBB	EUR	1	138	3541	10	3893.99889087677	1	1	5	77
HDL	UKBB	EUR	1	139	912	5	753.974014759064	3	3	4	9
HDL	UKBB	EUR	1	143	2254	5	22.4363498687744	0	0	0	0
HDL	UKBB	EUR	1	153	2542	5	738.362020969391	0	0	0	0
HDL	UKBB	EUR	1	154	4038	5	2034.7397172451	1	1	2	36
HDL	UKBB	EUR	1	156	2514	5	1751.29409599304	0	0	0	0
HDL	UKBB	EUR	1	158	2657	5	525.763363838196	1	2	2	7
HDL	UKBB	EUR	1	159	568	5	860.157321691513	0	0	0	0
HDL	UKBB	EUR	1	160	2231	5	17.7714829444885	0	0	0	0
HDL	UKBB	EUR	1	168	3013	5	144.482405424118	1	1	2	9
HDL	UKBB	EUR	1	173	2436	5	11.420821428299	0	0	0	0
HDL	UKBB	EUR	1	181	3786	5	56.1244850158691	0	0	0	0
HDL	UKBB	EUR	1	182	3638	5	666.830839157104	0	0	1	4
HDL	UKBB	EUR	1	183	3781	5	78.185985326767	0	0	0	0
HDL	UKBB	EUR	1	187	2604	5	29.0168142318726	0	0	2	34
HDL	UKBB	EUR	1	189	1990	5	19.1151404380798	0	1	2	28
HDL	UKBB	EUR	1	191	2762	5	561.544666290283	0	1	2	10
HDL	UKBB	EUR	1	192	2843	5	20.9583761692047	0	0	2	49
HDL	UKBB	EUR	1	193	3226	5	27.7578616142273	0	1	0	0
HDL	UKBB	EUR	1	201	2958	5	38.1339571475983	0	0	0	0
HDL	UKBB	EUR	1	202	2929	5	20.8041014671326	1	1	1	1
HDL	UKBB	EUR	1	203	2277	5	27.3952140808105	0	0	0	0
HDL	UKBB	EUR	1	204	2293	5	22.2468190193176	0	0	0	0
HDL	UKBB	EUR	1	207	1727	5	1458.43345189095	0	0	2	31
HDL	UKBB	EUR	1	208	2038	5	658.948230266571	0	0	0	0
HDL	UKBB	EUR	1	209	808	5	3.06427121162415	0	1	2	17
HDL	UKBB	EUR	1	211	1439	5	7.15609574317932	0	0	1	9
HDL	UKBB	EUR	1	213	1578	5	24.5671696662903	0	0	0	0
HDL	UKBB	EUR	1	214	1412	5	16.0616827011108	0	0	1	3
HDL	UKBB	EUR	1	215	685	5	426.409211158752	0	0	0	0
HDL	UKBB	EUR	1	216	2969	5	37.4197494983673	0	0	0	0
HDL	UKBB	EUR	1	218	566	5	3.84315466880798	0	0	0	0
HDL	UKBB	EUR	1	221	2537	5	42.5322296619415	1	2	2	2
HDL	UKBB	EUR	1	224	1806	5	28.8240900039673	0	0	1	20
HDL	UKBB	EUR	1	228	1428	5	5.66351938247681	0	0	0	0
HDL	UKBB	EUR	1	233	3506	5	837.371247529984	0	1	1	4
HDL	UKBB	EUR	1	234	4037	5	1836.02451252937	3	3	4	11
HDL	UKBB	EUR	1	235	2641	5	29.8881814479828	1	1	1	1
HDL	UKBB	EUR	1	238	5124	5	1941.01639866829	0	0	0	0
HDL	UKBB	EUR	1	239	1422	5	13.864794254303	0	0	0	0
HDL	UKBB	EUR	1	240	5344	5	151.51203918457	0	0	1	3
HDL	UKBB	EUR	1	242	1366	5	596.430240631104	0	1	1	2
HDL	UKBB	EUR	1	243	1636	5	2208.18380665779	0	1	1	3
HDL	UKBB	EUR	1	244	3432	5	49.891996383667	0	1	2	44
HDL	UKBB	EUR	1	252	1296	5	1773.75784397125	0	0	1	8
HDL	UKBB	EUR	1	253	591	5	8.43099761009216	0	1	1	2
HDL	UKBB	EUR	1	254	2253	5	31.4447576999664	0	1	0	0
HDL	UKBB	EUR	1	255	1271	5	2.64304995536804	0	0	1	26
HDL	UKBB	EUR	1	257	1483	5	5.82103323936462	0	0	0	0
HDL	UKBB	EUR	1	264	1616	5	11.9974298477173	0	0	0	0
HDL	UKBB	EUR	1	275	776	5	9.96815395355225	0	1	1	1
HDL	UKBB	EUR	2	1	677	5	7.42943549156189	0	0	1	17
HDL	UKBB	EUR	2	2	4278	5	96.2337126731873	0	0	0	0
HDL	UKBB	EUR	2	3	1721	5	19.4106726646423	0	0	0	0
HDL	UKBB	EUR	2	4	1552	5	20.4676024913788	0	1	0	0
HDL	UKBB	EUR	2	6	1496	5	21.9123876094818	0	1	1	2
HDL	UKBB	EUR	2	13	3796	5	22.5938346385956	0	1	0	0
HDL	UKBB	EUR	2	28	678	5	12.6342568397522	0	0	0	0
HDL	UKBB	EUR	2	40	3933	5	67.7790977954865	0	1	1	7
HDL	UKBB	EUR	2	41	1765	5	16.0616071224213	0	2	2	19
HDL	UKBB	EUR	2	44	1710	5	1987.95094394684	0	1	1	3
HDL	UKBB	EUR	2	45	3368	5	43.4356322288513	1	3	2	4
HDL	UKBB	EUR	2	46	1609	5	9.72448372840881	0	0	0	0
HDL	UKBB	EUR	2	47	4094	5	55.859334230423	0	0	0	0
HDL	UKBB	EUR	2	48	2464	5	27.3200237751007	0	0	0	0
HDL	UKBB	EUR	2	49	3517	5	64.7962186336517	0	0	0	0
HDL	UKBB	EUR	2	50	2239	5	18.088543176651	0	0	0	0
HDL	UKBB	EUR	2	51	2752	5	27.5627956390381	0	0	0	0
HDL	UKBB	EUR	2	53	1812	5	23.3279905319214	0	0	2	16
HDL	UKBB	EUR	2	55	6372	5	149.529815912247	0	0	0	0
HDL	UKBB	EUR	2	60	2429	5	40.5468180179596	0	0	0	0
HDL	UKBB	EUR	2	62	1338	5	19.1451117992401	0	0	0	0
HDL	UKBB	EUR	2	63	2406	5	31.9389526844025	0	0	0	0
HDL	UKBB	EUR	2	66	5573	5	155.983960151672	0	1	0	0
HDL	UKBB	EUR	2	67	5325	5	87.6343693733215	0	1	0	0
HDL	UKBB	EUR	2	68	909	5	11.4850347042084	0	0	1	7
HDL	UKBB	EUR	2	69	3039	5	40.0165486335754	0	0	0	0
HDL	UKBB	EUR	2	79	3859	5	45.4514207839966	0	3	2	6
HDL	UKBB	EUR	2	80	6125	5	145.365154504776	0	0	0	0
HDL	UKBB	EUR	2	84	8313	5	517.174406528473	0	0	0	0
HDL	UKBB	EUR	2	85	7488	5	2550.46458292007	0	1	2	6
HDL	UKBB	EUR	2	86	3244	5	47.9006052017212	0	0	1	11
HDL	UKBB	EUR	2	87	1230	5	21.4830820560455	0	0	0	0
HDL	UKBB	EUR	2	88	9952	5	625.868580341339	0	0	0	0
HDL	UKBB	EUR	2	89	2298	5	23.4940826892853	0	1	1	3
HDL	UKBB	EUR	2	90	2008	5	19.1775341033936	0	0	1	12
HDL	UKBB	EUR	2	97	2993	5	53.6367542743683	0	0	0	0
HDL	UKBB	EUR	2	99	2040	5	991.910368919373	0	0	2	19
HDL	UKBB	EUR	2	100	2606	5	13.1271221637726	0	0	0	0
HDL	UKBB	EUR	2	115	4151	5	108.72562623024	0	0	0	0
HDL	UKBB	EUR	2	117	2315	5	38.9733512401581	0	0	0	0
HDL	UKBB	EUR	2	122	1858	5	1104.62842822075	0	0	3	62
HDL	UKBB	EUR	2	124	2981	5	41.3758652210236	0	0	0	0
HDL	UKBB	EUR	2	125	2496	5	25.7394797801971	0	1	0	0
HDL	UKBB	EUR	2	128	4829	5	145.140140533447	0	1	0	0
HDL	UKBB	EUR	2	130	672	5	4.63092827796936	0	0	0	0
HDL	UKBB	EUR	2	131	133	5	140.658022642136	0	1	2	4
HDL	UKBB	EUR	2	132	539	5	7.61007833480835	0	0	0	0
HDL	UKBB	EUR	2	138	4227	5	1869.32140612602	0	0	0	0
HDL	UKBB	EUR	2	146	3041	5	41.9457166194916	0	0	2	19
HDL	UKBB	EUR	2	147	5921	5	195.780077934265	0	0	0	0
HDL	UKBB	EUR	2	151	2626	5	22.6478404998779	0	0	0	0
HDL	UKBB	EUR	2	153	3944	5	56.766991853714	1	1	2	7
HDL	UKBB	EUR	2	154	1700	5	19.4592199325562	0	0	1	22
HDL	UKBB	EUR	2	159	5511	5	132.152642965317	0	0	0	0
HDL	UKBB	EUR	2	163	183	5	4.22598218917847	1	1	3	15
HDL	UKBB	EUR	2	164	835	5	5.27665209770203	0	0	0	0
HDL	UKBB	EUR	2	166	6593	5	3146.42454195023	1	1	2	4
HDL	UKBB	EUR	2	168	2735	5	1725.6738421917	0	0	0	0
HDL	UKBB	EUR	2	171	4167	5	115.287455320358	0	0	1	10
HDL	UKBB	EUR	2	175	165	5	8.35561347007751	0	0	0	0
HDL	UKBB	EUR	2	176	3878	5	62.9115815162659	0	0	0	0
HDL	UKBB	EUR	2	177	3260	5	73.8057165145874	0	0	1	15
HDL	UKBB	EUR	2	180	2595	5	21.2314891815186	0	0	0	0
HDL	UKBB	EUR	2	181	3981	5	66.749344587326	0	0	0	0
HDL	UKBB	EUR	2	183	1721	5	19.3872630596161	0	1	0	0
HDL	UKBB	EUR	2	184	4994	5	99.1077501773834	0	1	3	14
HDL	UKBB	EUR	2	185	1496	5	12.836788892746	0	0	0	0
HDL	UKBB	EUR	2	186	4321	5	76.9618484973907	0	0	0	0
HDL	UKBB	EUR	2	191	1009	5	4.30684566497803	0	0	2	31
HDL	UKBB	EUR	2	195	6741	5	108.971387147903	0	0	0	0
HDL	UKBB	EUR	2	197	3407	5	1921.97474169731	0	0	0	0
HDL	UKBB	EUR	2	199	4138	5	84.9514875411987	1	1	2	16
HDL	UKBB	EUR	2	202	631	5	4.10604572296143	0	0	0	0
HDL	UKBB	EUR	2	205	2016	5	39.0485010147095	0	0	1	15
HDL	UKBB	EUR	2	208	5299	5	128.267614126205	0	0	0	0
HDL	UKBB	EUR	2	209	1040	5	7.82146167755127	0	1	0	0
HDL	UKBB	EUR	2	210	1939	5	10.7904677391052	0	0	0	0
HDL	UKBB	EUR	2	213	6677	5	112.756201505661	0	0	2	41
HDL	UKBB	EUR	2	215	2090	5	1841.11030817032	0	0	0	0
HDL	UKBB	EUR	2	217	1565	5	1085.64215302467	1	2	3	38
HDL	UKBB	EUR	2	218	1276	5	1399.75009393692	0	1	3	11
HDL	UKBB	EUR	2	221	2472	5	36.1375343799591	0	0	0	0
HDL	UKBB	EUR	2	227	1387	5	4.56884980201721	0	0	0	0
HDL	UKBB	EUR	2	228	2122	5	21.269020318985	0	0	0	0
HDL	UKBB	EUR	2	230	1962	5	9.08692622184753	1	3	3	19
HDL	UKBB	EUR	2	232	1616	5	10.130467414856	0	0	1	8
HDL	UKBB	EUR	2	233	773	5	6.1637225151062	0	0	0	0
HDL	UKBB	EUR	2	234	2689	5	23.0889010429382	0	0	0	0
HDL	UKBB	EUR	2	235	1452	5	2.81832456588745	0	0	2	18
HDL	UKBB	EUR	2	237	2797	5	33.995423078537	0	0	0	0
HDL	UKBB	EUR	2	240	2646	5	25.3644015789032	0	0	1	28
HDL	UKBB	EUR	2	247	1110	5	7.74558782577515	0	0	0	0
HDL	UKBB	EUR	2	250	5095	5	139.158249855042	0	0	2	60
HDL	UKBB	EUR	2	251	1953	5	15.3280642032623	0	0	0	0
HDL	UKBB	EUR	2	256	2615	5	402.544461250305	0	1	1	3
HDL	UKBB	EUR	3	8	969	5	9.97941327095032	0	1	0	0
HDL	UKBB	EUR	3	9	906	5	9.3213005065918	0	0	0	0
HDL	UKBB	EUR	3	20	3306	5	18.056072473526	0	0	0	0
HDL	UKBB	EUR	3	23	2024	5	26.8282210826874	0	0	0	0
HDL	UKBB	EUR	3	24	3407	5	2377.43239021301	0	1	4	55
HDL	UKBB	EUR	3	25	498	5	7.65938425064087	0	0	0	0
HDL	UKBB	EUR	3	28	221	5	2.15719294548035	0	1	1	6
HDL	UKBB	EUR	3	30	3355	5	59.4919817447662	0	0	1	33
HDL	UKBB	EUR	3	32	4121	5	62.399151802063	0	0	0	0
HDL	UKBB	EUR	3	34	1422	5	9.85354375839233	0	0	0	0
HDL	UKBB	EUR	3	35	3479	5	40.6107950210571	0	0	0	0
HDL	UKBB	EUR	3	39	4431	5	38.0156357288361	0	0	0	0
HDL	UKBB	EUR	3	40	2119	5	19.1739468574524	0	0	0	0
HDL	UKBB	EUR	3	41	4368	5	64.8266015052795	0	0	0	0
HDL	UKBB	EUR	3	42	3164	5	2128.12152600288	0	0	2	40
HDL	UKBB	EUR	3	55	1712	5	1387.17340779305	0	0	1	10
HDL	UKBB	EUR	3	59	3159	5	36.2462751865387	0	0	0	0
HDL	UKBB	EUR	3	60	5643	5	184.935200691223	0	0	0	0
HDL	UKBB	EUR	3	64	166	5	5.29659628868103	0	1	0	0
HDL	UKBB	EUR	3	65	1391	5	7.65806818008423	0	0	0	0
HDL	UKBB	EUR	3	71	3710	5	1620.62188196182	0	0	0	0
HDL	UKBB	EUR	3	77	6378	5	81.7539894580841	0	1	1	5
HDL	UKBB	EUR	3	81	2178	5	32.5692028999329	0	0	0	0
HDL	UKBB	EUR	3	83	4890	5	87.8754811286926	0	0	0	0
HDL	UKBB	EUR	3	84	2296	5	8.10875368118286	0	0	0	0
HDL	UKBB	EUR	3	85	2063	5	8.57244515419006	0	0	0	0
HDL	UKBB	EUR	3	88	3030	5	57.8164722919464	0	0	0	0
HDL	UKBB	EUR	3	89	3110	5	2056.95943927765	0	0	3	118
HDL	UKBB	EUR	3	90	1837	5	1533.01818490028	0	0	0	0
HDL	UKBB	EUR	3	105	2332	5	29.6774175167084	0	0	0	0
HDL	UKBB	EUR	3	106	8149	5	377.996552228928	0	0	0	0
HDL	UKBB	EUR	3	108	3061	5	38.6721308231354	0	1	0	0
HDL	UKBB	EUR	3	109	5706	5	82.7346577644348	0	1	1	3
HDL	UKBB	EUR	3	112	3029	5	28.9464731216431	0	0	0	0
HDL	UKBB	EUR	3	114	2342	5	1274.37849450111	0	0	0	0
HDL	UKBB	EUR	3	119	4798	5	125.450128078461	0	0	0	0
HDL	UKBB	EUR	3	120	2885	5	44.8588600158691	1	2	2	11
HDL	UKBB	EUR	3	121	3572	5	57.9023394584656	0	0	0	0
HDL	UKBB	EUR	3	123	1202	5	5.77302432060242	0	2	2	22
HDL	UKBB	EUR	3	124	563	5	694.106812238693	0	0	1	13
HDL	UKBB	EUR	3	125	3127	5	23.9825747013092	0	0	0	0
HDL	UKBB	EUR	3	127	3392	5	18.5844490528107	0	0	0	0
HDL	UKBB	EUR	3	128	1684	5	5.33524751663208	0	0	0	0
HDL	UKBB	EUR	3	129	1872	5	26.8305444717407	0	0	1	8
HDL	UKBB	EUR	3	132	4330	5	37.5923836231232	0	0	0	0
HDL	UKBB	EUR	3	134	1409	5	8.53729009628296	0	0	0	0
HDL	UKBB	EUR	3	135	2732	5	22.0714139938354	0	1	1	2
HDL	UKBB	EUR	3	136	1720	5	29.3791513442993	1	1	1	1
HDL	UKBB	EUR	3	140	3826	5	28.6936540603638	0	1	1	2
HDL	UKBB	EUR	3	144	872	5	350.465114831924	0	0	0	0
HDL	UKBB	EUR	3	145	3522	5	49.9889121055603	0	0	0	0
HDL	UKBB	EUR	3	146	1421	5	4.68496608734131	0	1	0	0
HDL	UKBB	EUR	3	155	3136	5	28.4002439975739	1	1	1	1
HDL	UKBB	EUR	3	158	3605	5	49.8977887630463	0	1	2	19
HDL	UKBB	EUR	3	159	2895	5	36.1703991889954	0	1	1	7
HDL	UKBB	EUR	3	161	4215	5	89.2136914730072	0	0	0	0
HDL	UKBB	EUR	3	162	4728	5	2794.97053003311	0	0	1	6
HDL	UKBB	EUR	3	165	3097	5	1345.65585923195	0	0	2	38
HDL	UKBB	EUR	3	170	2191	5	24.7793231010437	0	0	0	0
HDL	UKBB	EUR	3	171	2220	5	32.5024559497833	0	0	0	0
HDL	UKBB	EUR	3	174	899	5	6.94190692901611	0	0	0	0
HDL	UKBB	EUR	3	175	1113	5	8.45984816551208	0	1	0	0
HDL	UKBB	EUR	3	179	2008	5	17.8707745075226	0	1	0	0
HDL	UKBB	EUR	3	183	1480	5	15.2472829818726	0	0	0	0
HDL	UKBB	EUR	3	184	1960	5	12.5302295684814	0	0	0	0
HDL	UKBB	EUR	3	186	4150	5	107.483662366867	0	0	0	0
HDL	UKBB	EUR	3	191	2202	5	19.4952626228333	0	1	0	0
HDL	UKBB	EUR	3	193	3496	5	28.7983062267303	0	1	4	33
HDL	UKBB	EUR	3	195	6818	5	205.577028989792	0	0	0	0
HDL	UKBB	EUR	3	212	1210	5	7.70813226699829	0	0	0	0
HDL	UKBB	EUR	3	214	3940	5	2131.60472846031	1	1	2	14
HDL	UKBB	EUR	3	216	2042	5	16.0329303741455	0	0	0	0
HDL	UKBB	EUR	4	1	9736	5	4513.57694363594	0	0	1	9
HDL	UKBB	EUR	4	4	2520	5	34.1901040077209	0	1	0	0
HDL	UKBB	EUR	4	10	563	5	12.3350574970245	0	0	0	0
HDL	UKBB	EUR	4	21	5219	5	176.127076625824	0	0	0	0
HDL	UKBB	EUR	4	32	3816	5	57.3998916149139	0	0	0	0
HDL	UKBB	EUR	4	33	3820	5	19.7762591838837	0	1	0	0
HDL	UKBB	EUR	4	37	1871	5	11.8556163311005	0	0	0	0
HDL	UKBB	EUR	4	39	1952	5	15.907808303833	0	0	0	0
HDL	UKBB	EUR	4	42	533	5	5.85269713401794	1	1	1	1
HDL	UKBB	EUR	4	54	7305	5	4201.96725702286	0	0	0	0
HDL	UKBB	EUR	4	55	2676	5	53.0472874641418	0	0	1	10
HDL	UKBB	EUR	4	63	6857	5	229.135269403458	0	0	0	0
HDL	UKBB	EUR	4	64	4971	5	4752.32377433777	0	0	0	0
HDL	UKBB	EUR	4	66	2487	5	16.2145278453827	0	0	1	19
HDL	UKBB	EUR	4	67	739	5	8.56368398666382	0	0	0	0
HDL	UKBB	EUR	4	71	1330	5	17.8456206321716	0	0	1	8
HDL	UKBB	EUR	4	79	2472	5	31.5374746322632	0	0	0	0
HDL	UKBB	EUR	4	80	3472	5	41.0493121147156	1	1	2	14
HDL	UKBB	EUR	4	87	4616	5	88.224702835083	0	1	2	7
HDL	UKBB	EUR	4	94	1899	5	13.0584743022919	0	0	0	0
HDL	UKBB	EUR	4	95	1195	5	13.5337867736816	0	0	1	23
HDL	UKBB	EUR	4	101	3721	5	3100.90737342834	0	0	1	8
HDL	UKBB	EUR	4	102	2174	5	1201.12161922455	0	0	0	0
HDL	UKBB	EUR	4	103	1615	5	1408.65139245987	0	0	2	30
HDL	UKBB	EUR	4	109	1493	5	20.206684589386	0	1	1	13
HDL	UKBB	EUR	4	113	4040	5	109.39489364624	0	1	4	32
HDL	UKBB	EUR	4	114	3621	5	1699.92170095444	2	2	2	2
HDL	UKBB	EUR	4	115	1565	5	7.23914241790771	1	2	2	3
HDL	UKBB	EUR	4	116	2736	5	1841.12789011002	0	0	1	6
HDL	UKBB	EUR	4	117	3505	5	90.768566608429	0	0	0	0
HDL	UKBB	EUR	4	121	2497	5	30.5589487552643	1	2	2	3
HDL	UKBB	EUR	4	122	1079	5	10.350732088089	0	0	0	0
HDL	UKBB	EUR	4	123	743	5	10.2845687866211	0	0	0	0
HDL	UKBB	EUR	4	124	4008	5	92.2601535320282	0	0	0	0
HDL	UKBB	EUR	4	129	3568	5	45.6364879608154	0	1	0	0
HDL	UKBB	EUR	4	130	3208	5	24.4127035140991	0	0	0	0
HDL	UKBB	EUR	4	134	5424	5	160.001117229462	0	0	0	0
HDL	UKBB	EUR	4	136	4883	5	68.0859277248383	0	0	0	0
HDL	UKBB	EUR	4	146	2274	5	12.2117285728455	0	0	0	0
HDL	UKBB	EUR	4	147	1447	5	18.3798971176147	0	0	0	0
HDL	UKBB	EUR	4	149	2897	5	38.0646641254425	0	0	0	0
HDL	UKBB	EUR	4	150	2998	5	1771.73878026009	0	0	0	0
HDL	UKBB	EUR	4	151	1460	5	781.073231697083	0	1	2	24
HDL	UKBB	EUR	4	152	1369	5	10.0187299251556	1	2	2	3
HDL	UKBB	EUR	4	153	3273	5	48.9584143161774	0	0	0	0
HDL	UKBB	EUR	4	154	1277	5	19.7351953983307	0	0	0	0
HDL	UKBB	EUR	4	156	4680	5	72.9833989143372	0	0	0	0
HDL	UKBB	EUR	4	159	1316	5	21.9006149768829	0	0	0	0
HDL	UKBB	EUR	4	164	2585	5	20.1439671516418	0	0	0	0
HDL	UKBB	EUR	4	165	2469	5	45.826696395874	0	0	1	32
HDL	UKBB	EUR	4	168	4523	5	55.4973421096802	0	0	0	0
HDL	UKBB	EUR	4	180	3256	5	55.358286857605	0	0	0	0
HDL	UKBB	EUR	4	182	755	5	9.5114004611969	0	0	0	0
HDL	UKBB	EUR	4	184	1628	5	10.2242915630341	0	0	0	0
HDL	UKBB	EUR	4	205	879	5	5.31126523017883	0	0	0	0
HDL	UKBB	EUR	4	209	1770	5	14.1520342826843	0	0	0	0
HDL	UKBB	EUR	5	1	3216	5	35.2701194286346	0	0	0	0
HDL	UKBB	EUR	5	2	1003	5	10.730427980423	1	2	2	5
HDL	UKBB	EUR	5	9	1932	5	22.5324058532715	0	1	0	0
HDL	UKBB	EUR	5	27	5391	5	85.7976975440979	0	0	0	0
HDL	UKBB	EUR	5	56	4089	5	28.2022640705109	0	0	0	0
HDL	UKBB	EUR	5	57	3050	5	22.7106583118439	0	0	0	0
HDL	UKBB	EUR	5	58	1379	5	4.53695607185364	0	0	0	0
HDL	UKBB	EUR	5	60	1683	5	12.008332490921	0	0	0	0
HDL	UKBB	EUR	5	64	4036	5	2750.91225218773	0	0	2	23
HDL	UKBB	EUR	5	66	2628	5	38.8869688510895	0	1	0	0
HDL	UKBB	EUR	5	68	997	5	654.672518253326	1	1	1	1
HDL	UKBB	EUR	5	69	1396	5	570.734346628189	0	1	2	4
HDL	UKBB	EUR	5	70	1369	5	8.71189785003662	0	0	0	0
HDL	UKBB	EUR	5	71	4343	5	494.002951383591	0	0	0	0
HDL	UKBB	EUR	5	72	4643	5	2707.79888653755	0	0	0	0
HDL	UKBB	EUR	5	75	3111	5	55.0167224407196	0	0	0	0
HDL	UKBB	EUR	5	78	1166	5	5.91792106628418	1	1	1	1
HDL	UKBB	EUR	5	80	2571	5	34.1796929836273	0	0	0	0
HDL	UKBB	EUR	5	81	2477	5	29.3866851329803	0	0	0	0
HDL	UKBB	EUR	5	82	1629	5	17.6115334033966	0	0	0	0
HDL	UKBB	EUR	5	85	3467	5	2080.60288715363	1	1	1	1
HDL	UKBB	EUR	5	88	1488	5	20.0241348743439	0	0	0	0
HDL	UKBB	EUR	5	92	2158	5	12.9203705787659	0	0	0	0
HDL	UKBB	EUR	5	93	1166	5	14.413211107254	0	0	0	0
HDL	UKBB	EUR	5	96	3423	5	54.2031314373016	0	0	0	0
HDL	UKBB	EUR	5	97	2070	5	11.2780723571777	0	1	1	2
HDL	UKBB	EUR	5	102	4591	5	104.923150062561	0	0	0	0
HDL	UKBB	EUR	5	104	2791	5	16.2172605991364	0	1	1	2
HDL	UKBB	EUR	5	105	1366	5	7.565190076828	0	0	1	22
HDL	UKBB	EUR	5	108	1370	5	5.40752077102661	0	0	0	0
HDL	UKBB	EUR	5	109	1787	5	30.5752403736115	0	1	1	10
HDL	UKBB	EUR	5	114	9541	5	553.464163780212	0	0	1	28
HDL	UKBB	EUR	5	116	3972	5	54.1133372783661	0	0	0	0
HDL	UKBB	EUR	5	117	2852	5	35.744181394577	0	0	0	0
HDL	UKBB	EUR	5	119	3567	5	63.6549801826477	0	0	1	20
HDL	UKBB	EUR	5	120	3931	5	77.3208253383636	0	0	0	0
HDL	UKBB	EUR	5	127	5610	5	127.577537298203	0	0	1	5
HDL	UKBB	EUR	5	130	4239	5	149.747077226639	0	0	1	41
HDL	UKBB	EUR	5	132	1801	5	10.131893157959	0	0	0	0
HDL	UKBB	EUR	5	133	2223	5	50.742639541626	0	0	0	0
HDL	UKBB	EUR	5	134	2286	5	35.2120938301086	0	0	0	0
HDL	UKBB	EUR	5	136	4002	5	61.4177067279816	0	0	1	8
HDL	UKBB	EUR	5	142	2852	5	28.090274810791	1	2	2	6
HDL	UKBB	EUR	5	144	3308	5	15.2156779766083	0	0	1	24
HDL	UKBB	EUR	5	145	5023	5	156.999892711639	0	0	0	0
HDL	UKBB	EUR	5	146	4200	5	95.2530236244202	0	0	0	0
HDL	UKBB	EUR	5	147	1785	5	1139.41252613068	0	0	2	13
HDL	UKBB	EUR	5	151	891	5	6.0432436466217	0	0	0	0
HDL	UKBB	EUR	5	152	4922	5	111.442358970642	0	0	0	0
HDL	UKBB	EUR	5	154	2461	5	26.7144305706024	0	0	0	0
HDL	UKBB	EUR	5	156	2214	5	27.2107009887695	1	1	2	13
HDL	UKBB	EUR	5	158	2032	5	7.35795283317566	0	0	1	7
HDL	UKBB	EUR	5	160	1986	5	12.4905638694763	0	0	0	0
HDL	UKBB	EUR	5	163	2201	5	1768.92570281029	0	0	0	0
HDL	UKBB	EUR	5	167	2520	5	21.8512449264526	0	0	0	0
HDL	UKBB	EUR	5	168	3146	10	747.167427062988	0	1	5	65
HDL	UKBB	EUR	5	181	989	5	8.69172668457031	0	1	0	0
HDL	UKBB	EUR	5	189	1589	5	4.65854263305664	0	0	1	4
HDL	UKBB	EUR	5	191	4409	5	94.7680876255035	0	0	1	5
HDL	UKBB	EUR	5	193	983	5	10.1865720748901	0	0	0	0
HDL	UKBB	EUR	5	194	1243	5	7.44062733650208	0	0	0	0
HDL	UKBB	EUR	5	202	1904	5	21.3406620025635	0	0	0	0
HDL	UKBB	EUR	5	207	2649	5	120.875859498978	0	0	0	0
HDL	UKBB	EUR	5	208	1921	5	6.72678279876709	0	1	1	3
HDL	UKBB	EUR	5	209	494	5	376.879319429398	0	1	0	0
HDL	UKBB	EUR	5	210	310	5	4.51521229743958	1	1	1	1
HDL	UKBB	EUR	6	18	519	5	7.88304901123047	0	0	0	0
HDL	UKBB	EUR	6	19	2661	5	40.8139171600342	0	0	0	0
HDL	UKBB	EUR	6	21	1829	5	10.8431107997894	0	0	0	0
HDL	UKBB	EUR	6	23	2241	5	24.0821349620819	0	1	1	7
HDL	UKBB	EUR	6	29	2542	5	22.8731648921967	0	0	0	0
HDL	UKBB	EUR	6	34	3063	5	34.415337562561	0	0	0	0
HDL	UKBB	EUR	6	36	1019	5	6.95255064964294	0	1	1	11
HDL	UKBB	EUR	6	37	1401	5	22.5711619853973	0	0	1	11
HDL	UKBB	EUR	6	38	990	5	9.4227352142334	0	0	0	0
HDL	UKBB	EUR	6	39	4668	5	174.388258457184	0	0	0	0
HDL	UKBB	EUR	6	43	3006	5	1774.20044660568	1	1	2	17
HDL	UKBB	EUR	6	49	640	5	7.26970338821411	0	0	0	0
HDL	UKBB	EUR	6	50	4720	5	129.126894712448	0	0	1	8
HDL	UKBB	EUR	6	51	5797	10	2849.99220871925	1	4	4	40
HDL	UKBB	EUR	6	52	1845	5	22.8521709442139	0	0	0	0
HDL	UKBB	EUR	6	53	1679	5	1174.4695327282	0	0	2	32
HDL	UKBB	EUR	6	55	1605	5	17.419894695282	0	0	1	7
HDL	UKBB	EUR	6	57	1842	5	17.5696897506714	0	0	0	0
HDL	UKBB	EUR	6	58	3177	5	71.2226495742798	0	0	0	0
HDL	UKBB	EUR	6	60	1711	5	11.6358470916748	0	0	1	11
HDL	UKBB	EUR	6	63	2725	5	924.691733598709	1	5	3	14
HDL	UKBB	EUR	6	64	298	5	362.947670221329	1	1	2	11
HDL	UKBB	EUR	6	68	678	5	10.9768357276917	0	0	0	0
HDL	UKBB	EUR	6	69	2777	5	42.059752702713	0	0	0	0
HDL	UKBB	EUR	6	71	10085	5	593.714444875717	0	0	0	0
HDL	UKBB	EUR	6	73	459	5	10.8011484146118	0	0	1	13
HDL	UKBB	EUR	6	76	5101	5	74.5096158981323	0	0	0	0
HDL	UKBB	EUR	6	84	2529	5	51.9920856952667	0	0	0	0
HDL	UKBB	EUR	6	85	6251	5	183.06884264946	0	0	0	0
HDL	UKBB	EUR	6	86	5993	5	178.290714502335	0	0	0	0
HDL	UKBB	EUR	6	88	8583	5	339.010163545609	0	0	0	0
HDL	UKBB	EUR	6	90	692	5	12.2843568325043	0	0	0	0
HDL	UKBB	EUR	6	94	4318	5	3512.84264230728	0	0	0	0
HDL	UKBB	EUR	6	97	2797	5	25.3927185535431	0	0	0	0
HDL	UKBB	EUR	6	98	3487	5	56.5809590816498	0	0	1	3
HDL	UKBB	EUR	6	101	3123	5	44.8853116035461	0	1	2	23
HDL	UKBB	EUR	6	105	2926	5	32.2819156646729	1	1	1	1
HDL	UKBB	EUR	6	106	2288	5	31.2626383304596	0	1	0	0
HDL	UKBB	EUR	6	108	908	5	493.399616003036	0	0	0	0
HDL	UKBB	EUR	6	109	2459	5	2793.88976669312	0	1	1	2
HDL	UKBB	EUR	6	115	6423	5	103.521935939789	0	0	1	10
HDL	UKBB	EUR	6	116	4015	5	142.907335758209	0	0	0	0
HDL	UKBB	EUR	6	117	5487	5	113.526818990707	0	1	1	3
HDL	UKBB	EUR	6	118	2402	5	25.3348169326782	0	0	0	0
HDL	UKBB	EUR	6	124	4335	5	3002.60055756569	0	0	2	35
HDL	UKBB	EUR	6	127	2207	5	17.0614783763885	0	1	2	10
HDL	UKBB	EUR	6	128	3027	5	38.6303064823151	0	1	1	4
HDL	UKBB	EUR	6	134	2088	5	16.2098298072815	0	0	0	0
HDL	UKBB	EUR	6	137	1261	5	12.7854788303375	0	0	1	9
HDL	UKBB	EUR	6	140	1925	5	8.91610097885132	0	0	0	0
HDL	UKBB	EUR	6	146	1497	5	34.6064636707306	0	0	1	7
HDL	UKBB	EUR	6	160	3092	5	1378.23516607285	0	0	1	4
HDL	UKBB	EUR	6	161	2467	5	33.365448474884	0	0	0	0
HDL	UKBB	EUR	6	164	1471	5	834.715508937836	0	1	0	0
HDL	UKBB	EUR	6	167	2775	5	25.6764738559723	1	1	1	1
HDL	UKBB	EUR	6	168	3828	5	100.252750396729	0	0	0	0
HDL	UKBB	EUR	6	169	6165	5	1593.08832502365	1	1	2	15
HDL	UKBB	EUR	6	173	3068	5	54.518048286438	0	0	0	0
HDL	UKBB	EUR	6	175	1886	5	23.6449687480927	0	1	2	9
HDL	UKBB	EUR	6	179	1770	5	12.3197448253632	0	0	0	0
HDL	UKBB	EUR	6	182	2301	5	10.5541307926178	0	0	1	43
HDL	UKBB	EUR	6	183	1540	5	4.75848054885864	0	1	1	3
HDL	UKBB	EUR	7	1	944	5	6.4445686340332	0	0	0	0
HDL	UKBB	EUR	7	3	2245	5	1918.19104528427	0	0	3	57
HDL	UKBB	EUR	7	12	4770	5	104.49943447113	1	3	3	6
HDL	UKBB	EUR	7	13	1869	5	20.7320988178253	0	0	0	0
HDL	UKBB	EUR	7	21	664	5	1061.52708244324	0	0	0	0
HDL	UKBB	EUR	7	25	3982	5	45.7718658447266	0	0	0	0
HDL	UKBB	EUR	7	26	3822	5	48.521452665329	1	1	1	1
HDL	UKBB	EUR	7	31	2785	5	1803.88738870621	0	0	2	23
HDL	UKBB	EUR	7	32	3241	5	42.1440541744232	0	1	1	3
HDL	UKBB	EUR	7	33	4057	5	4753.79844522476	0	0	1	4
HDL	UKBB	EUR	7	37	3537	5	63.4002506732941	0	0	0	0
HDL	UKBB	EUR	7	39	2054	5	19.0685610771179	0	0	0	0
HDL	UKBB	EUR	7	40	4761	5	112.544324636459	0	0	0	0
HDL	UKBB	EUR	7	42	3185	5	2242.06915640831	0	0	3	19
HDL	UKBB	EUR	7	43	4179	5	80.1544671058655	0	0	0	0
HDL	UKBB	EUR	7	44	584	5	3.03571915626526	0	1	1	7
HDL	UKBB	EUR	7	45	1344	5	11.963463306427	0	0	1	7
HDL	UKBB	EUR	7	46	582	5	9.09850311279297	0	0	0	0
HDL	UKBB	EUR	7	48	651	5	5.24471187591553	0	0	0	0
HDL	UKBB	EUR	7	49	2078	5	29.8973217010498	0	0	0	0
HDL	UKBB	EUR	7	51	2152	5	15.66486287117	1	1	1	1
HDL	UKBB	EUR	7	53	1314	5	14.7220792770386	0	0	0	0
HDL	UKBB	EUR	7	58	3206	5	46.1194739341736	0	1	2	14
HDL	UKBB	EUR	7	62	1560	5	28.6450827121735	0	0	0	0
HDL	UKBB	EUR	7	64	260	5	4.56451797485352	0	0	1	13
HDL	UKBB	EUR	7	67	7818	5	248.919461488724	0	0	1	6
HDL	UKBB	EUR	7	69	2140	5	969.481921195984	0	0	0	0
HDL	UKBB	EUR	7	72	5005	5	95.7350974082947	0	0	0	0
HDL	UKBB	EUR	7	73	1099	5	16.2351260185242	0	0	1	7
HDL	UKBB	EUR	7	74	1409	5	2073.82187962532	0	0	2	13
HDL	UKBB	EUR	7	82	3240	5	40.8508336544037	0	0	0	0
HDL	UKBB	EUR	7	85	3583	5	30.0079987049103	0	2	2	4
HDL	UKBB	EUR	7	86	1233	5	18.119843006134	0	0	0	0
HDL	UKBB	EUR	7	87	386	5	8.42211747169495	0	1	1	3
HDL	UKBB	EUR	7	88	4074	5	33.5077702999115	1	1	2	36
HDL	UKBB	EUR	7	89	2630	5	29.452162027359	0	0	0	0
HDL	UKBB	EUR	7	90	818	5	4.24144721031189	0	0	0	0
HDL	UKBB	EUR	7	92	3030	5	48.9182636737823	0	0	0	0
HDL	UKBB	EUR	7	93	1308	5	5.95866298675537	0	0	0	0
HDL	UKBB	EUR	7	94	1818	5	35.5469779968262	0	0	0	0
HDL	UKBB	EUR	7	95	1991	5	20.0148079395294	0	0	0	0
HDL	UKBB	EUR	7	99	4186	5	99.8900599479675	0	0	0	0
HDL	UKBB	EUR	7	101	4149	5	72.9309961795807	0	0	0	0
HDL	UKBB	EUR	7	107	5761	5	3517.56193256378	1	1	1	1
HDL	UKBB	EUR	7	111	4103	5	119.89292883873	0	0	2	12
HDL	UKBB	EUR	7	113	3333	5	45.5088920593262	0	0	1	38
HDL	UKBB	EUR	7	114	4938	5	116.639542341232	0	0	0	0
HDL	UKBB	EUR	7	119	2203	5	2447.8500752449	0	0	1	74
HDL	UKBB	EUR	7	121	5422	5	200.751448869705	0	0	0	0
HDL	UKBB	EUR	7	127	1008	5	7.58874320983887	0	1	0	0
HDL	UKBB	EUR	7	128	1041	5	7.67244839668274	0	0	0	0
HDL	UKBB	EUR	7	131	6152	5	220.6193318367	0	0	0	0
HDL	UKBB	EUR	7	132	6103	5	216.596423864365	0	0	0	0
HDL	UKBB	EUR	7	133	6062	5	3459.06599211693	0	0	1	6
HDL	UKBB	EUR	7	134	1880	5	22.6756608486176	0	0	0	0
HDL	UKBB	EUR	7	139	980	5	6.44899225234985	0	0	2	6
HDL	UKBB	EUR	7	141	4535	5	87.8784875869751	0	1	0	0
HDL	UKBB	EUR	7	143	1057	5	749.306132078171	0	0	0	0
HDL	UKBB	EUR	7	145	2058	5	40.5709869861603	0	0	1	30
HDL	UKBB	EUR	7	146	1202	5	10.3429729938507	0	0	0	0
HDL	UKBB	EUR	7	147	1412	5	18.2820529937744	0	0	0	0
HDL	UKBB	EUR	7	160	1973	5	27.2973883152008	0	0	0	0
HDL	UKBB	EUR	7	161	746	5	7.37968754768372	0	0	0	0
HDL	UKBB	EUR	7	162	5389	5	2718.70372819901	0	0	4	60
HDL	UKBB	EUR	7	164	548	5	9.45378470420837	0	0	1	21
HDL	UKBB	EUR	7	184	2682	5	27.0494809150696	0	0	0	0
HDL	UKBB	EUR	7	187	3955	5	110.510417222977	0	0	0	0
HDL	UKBB	EUR	8	13	1007	5	6.9649498462677	0	0	0	0
HDL	UKBB	EUR	8	17	2977	5	48.2195117473602	0	0	1	27
HDL	UKBB	EUR	8	20	2522	5	27.3831655979156	0	0	0	0
HDL	UKBB	EUR	8	21	2776	5	16.2022225856781	0	0	1	6
HDL	UKBB	EUR	8	22	4739	5	86.8200759887695	0	0	0	0
HDL	UKBB	EUR	8	23	2500	5	19.988734960556	0	0	0	0
HDL	UKBB	EUR	8	24	5390	5	109.565406560898	0	0	0	0
HDL	UKBB	EUR	8	27	2103	5	46.7213799953461	0	0	0	0
HDL	UKBB	EUR	8	29	5390	5	124.201729536057	0	0	0	0
HDL	UKBB	EUR	8	30	1165	5	8.97796154022217	0	0	0	0
HDL	UKBB	EUR	8	31	672	5	9.74832844734192	1	2	2	2
HDL	UKBB	EUR	8	32	3733	10	7524.35690426826	1	1	1	1
HDL	UKBB	EUR	8	33	3138	10	3382.64436197281	4	6	6	9
HDL	UKBB	EUR	8	34	1633	5	28.5992026329041	0	0	0	0
HDL	UKBB	EUR	8	35	1393	5	27.109252214431802	0	1	0	0
HDL	UKBB	EUR	8	36	1030	5	6.38822317123413	0	0	1	15
HDL	UKBB	EUR	8	37	1430	5	15.5150549411774	0	1	0	0
HDL	UKBB	EUR	8	39	2368	5	57.5858869552612	0	0	0	0
HDL	UKBB	EUR	8	40	3008	5	51.7995588779449	0	0	0	0
HDL	UKBB	EUR	8	42	3931	5	81.9128665924072	0	1	1	4
HDL	UKBB	EUR	8	46	1175	5	8.45235824584961	0	0	0	0
HDL	UKBB	EUR	8	48	2796	5	3012.51611328125	0	1	1	2
HDL	UKBB	EUR	8	51	4306	5	1937.36059856415	0	2	2	4
HDL	UKBB	EUR	8	53	2454	5	41.2673103809357	0	1	0	0
HDL	UKBB	EUR	8	55	2255	5	28.1339046955109	0	1	2	8
HDL	UKBB	EUR	8	69	4924	5	3314.36866879463	0	0	0	0
HDL	UKBB	EUR	8	70	5066	5	112.135618925095	0	0	0	0
HDL	UKBB	EUR	8	71	3268	5	2594.88129520416	0	0	1	37
HDL	UKBB	EUR	8	77	2964	5	2696.95006251335	0	1	2	37
HDL	UKBB	EUR	8	78	661	5	10.6307623386383	0	0	0	0
HDL	UKBB	EUR	8	80	1396	5	14.5523345470428	0	0	1	5
HDL	UKBB	EUR	8	81	3108	5	60.7055993080139	0	0	1	41
HDL	UKBB	EUR	8	84	6852	5	314.527883529663	0	0	0	0
HDL	UKBB	EUR	8	88	3369	5	80.2179503440857	0	0	0	0
HDL	UKBB	EUR	8	93	4143	5	49.8275580406189	0	0	1	14
HDL	UKBB	EUR	8	94	2882	5	73.8769536018372	0	0	0	0
HDL	UKBB	EUR	8	107	1071	5	4.27697086334229	0	0	1	9
HDL	UKBB	EUR	8	108	5242	5	2819.00564455986	0	0	2	27
HDL	UKBB	EUR	8	109	4795	5	2271.79060292244	0	0	0	0
HDL	UKBB	EUR	8	110	4638	5	136.440959215164	0	0	0	0
HDL	UKBB	EUR	8	112	3004	5	59.3737399578094	0	0	0	0
HDL	UKBB	EUR	8	113	2229	5	3050.45950961113	1	1	2	15
HDL	UKBB	EUR	8	115	1833	5	16.8501627445221	0	0	0	0
HDL	UKBB	EUR	8	118	1366	5	148.507789611816	1	3	2	6
HDL	UKBB	EUR	8	119	2173	5	27.2925522327423	0	0	0	0
HDL	UKBB	EUR	8	124	1865	5	16.666100025177	0	1	1	2
HDL	UKBB	EUR	8	125	828	5	366.941881656647	2	3	4	10
HDL	UKBB	EUR	8	127	1992	5	21.7563235759735	0	1	1	5
HDL	UKBB	EUR	8	130	1672	5	25.1445696353912	0	0	0	0
HDL	UKBB	EUR	8	159	2198	5	3246.34910416603	0	1	1	3
HDL	UKBB	EUR	8	160	2066	5	47.6270196437836	0	0	0	0
HDL	UKBB	EUR	9	1	4451	5	73.1131756305695	0	0	1	10
HDL	UKBB	EUR	9	4	2700	5	52.9465494155884	0	0	0	0
HDL	UKBB	EUR	9	9	1939	5	41.0517771244049	0	0	0	0
HDL	UKBB	EUR	9	12	2308	5	20.3724074363708	0	0	0	0
HDL	UKBB	EUR	9	27	6999	5	5282.25010156631	0	0	0	0
HDL	UKBB	EUR	9	31	3740	5	1781.55782914162	2	2	2	2
HDL	UKBB	EUR	9	33	2547	5	43.970137834549	0	0	0	0
HDL	UKBB	EUR	9	36	2538	5	1002.66889572144	0	0	1	26
HDL	UKBB	EUR	9	40	4726	5	83.1904819011688	0	0	1	14
HDL	UKBB	EUR	9	48	630	5	12.7616102695465	0	0	1	9
HDL	UKBB	EUR	9	49	7005	5	192.20624756813	0	1	0	0
HDL	UKBB	EUR	9	50	3702	5	1647.68148303032	0	1	2	38
HDL	UKBB	EUR	9	51	1481	5	746.008747816086	0	1	0	0
HDL	UKBB	EUR	9	53	4772	5	125.926527500153	0	0	0	0
HDL	UKBB	EUR	9	56	3387	5	35.3858215808868	0	0	0	0
HDL	UKBB	EUR	9	63	3966	5	106.50593662262	0	0	0	0
HDL	UKBB	EUR	9	78	1209	5	24.3723974227905	0	0	0	0
HDL	UKBB	EUR	9	84	2430	5	9.98863482475281	0	0	0	0
HDL	UKBB	EUR	9	85	2700	5	30.3348255157471	0	0	0	0
HDL	UKBB	EUR	9	88	2200	5	25.3168404102325	1	1	1	1
HDL	UKBB	EUR	9	91	1831	5	19.3411500453949	0	0	0	0
HDL	UKBB	EUR	9	92	511	5	6.25831627845764	0	0	0	0
HDL	UKBB	EUR	9	93	3084	5	41.5883457660675	0	0	1	16
HDL	UKBB	EUR	9	97	1400	5	6.39078235626221	0	1	1	20
HDL	UKBB	EUR	9	98	4022	5	38.1081609725952	0	2	2	17
HDL	UKBB	EUR	9	100	3623	5	9.53130722045898	0	0	0	0
HDL	UKBB	EUR	9	102	3684	5	3373.37083554268	0	1	0	0
HDL	UKBB	EUR	9	103	972	5	17.7044804096222	0	0	0	0
HDL	UKBB	EUR	9	104	1166	5	12.3685593605042	0	1	1	1
HDL	UKBB	EUR	9	105	832	5	8.99308609962463	0	0	0	0
HDL	UKBB	EUR	9	106	3610	5	67.4295363426208	1	1	1	1
HDL	UKBB	EUR	9	107	939	5	7.90523552894592	0	0	0	0
HDL	UKBB	EUR	9	109	4374	5	146.820295810699	0	0	0	0
HDL	UKBB	EUR	9	110	4425	10	4866.02955079079	1	3	4	57
HDL	UKBB	EUR	9	111	194	5	422.911333560944	3	3	4	14
HDL	UKBB	EUR	9	112	4250	5	2607.41621255875	0	2	3	13
HDL	UKBB	EUR	9	113	2331	5	1198.42217564583	0	2	2	4
HDL	UKBB	EUR	9	114	1532	5	22.2967777252197	0	0	0	0
HDL	UKBB	EUR	9	115	4421	5	89.4772965908051	0	0	0	0
HDL	UKBB	EUR	9	116	2340	5	19.8156447410583	0	0	1	16
HDL	UKBB	EUR	9	118	5303	5	2456.9148671627	0	3	3	19
HDL	UKBB	EUR	9	124	2007	5	24.8409399986267	1	1	1	1
HDL	UKBB	EUR	9	129	2924	5	43.7533149719238	0	0	0	0
HDL	UKBB	EUR	9	130	3032	5	65.7580623626709	0	0	0	0
HDL	UKBB	EUR	9	134	4985	5	133.014602184296	0	0	0	0
HDL	UKBB	EUR	9	136	2427	5	335.604998111725	0	0	1	8
HDL	UKBB	EUR	9	138	3792	5	1982.39436602592	0	0	2	94
HDL	UKBB	EUR	9	140	5250	5	2278.326795578	0	1	2	38
HDL	UKBB	EUR	9	141	739	5	11.6517179012299	0	0	0	0
HDL	UKBB	EUR	9	144	2015	5	35.342524766922	1	1	1	1
HDL	UKBB	EUR	9	148	1469	5	27.9053976535797	0	0	0	0
HDL	UKBB	EUR	9	149	1825	5	11.815856218338	0	0	1	4
HDL	UKBB	EUR	9	152	589	5	6.28437089920044	0	0	1	31
HDL	UKBB	EUR	9	153	206	5	6.1249897480011	0	0	0	0
HDL	UKBB	EUR	9	154	967	5	9.48425054550171	0	0	0	0
HDL	UKBB	EUR	9	156	1897	5	30.3122882843018	0	0	0	0
HDL	UKBB	EUR	9	162	1639	5	33.0554754734039	0	0	1	9
HDL	UKBB	EUR	10	1	3271	5	45.4403872489929	0	0	0	0
HDL	UKBB	EUR	10	9	248	5	15.950587272644	0	0	0	0
HDL	UKBB	EUR	10	11	1059	5	8.34419393539429	0	0	0	0
HDL	UKBB	EUR	10	13	2339	5	43.3698325157166	0	0	0	0
HDL	UKBB	EUR	10	14	3294	5	52.6544938087463	0	0	0	0
HDL	UKBB	EUR	10	20	138	5	4.4749813079834	0	1	0	0
HDL	UKBB	EUR	10	22	2727	5	61.9147570133209	0	0	0	0
HDL	UKBB	EUR	10	23	653	5	5.19104623794556	0	0	0	0
HDL	UKBB	EUR	10	33	2094	5	1744.20807909966	0	0	2	29
HDL	UKBB	EUR	10	40	1635	5	20.0834970474243	0	0	0	0
HDL	UKBB	EUR	10	43	2325	5	22.2741389274597	0	0	1	7
HDL	UKBB	EUR	10	46	3651	5	40.6967163085938	0	0	0	0
HDL	UKBB	EUR	10	48	4039	5	61.9935216903687	0	1	0	0
HDL	UKBB	EUR	10	49	2603	5	40.8944108486176	0	0	0	0
HDL	UKBB	EUR	10	52	3648	5	71.0284280776978	0	0	0	0
HDL	UKBB	EUR	10	54	5918	5	134.813713788986	0	0	0	0
HDL	UKBB	EUR	10	60	4217	5	100.122873067856	1	2	2	4
HDL	UKBB	EUR	10	61	1598	5	15.4469037055969	0	0	0	0
HDL	UKBB	EUR	10	64	693	5	9.04619669914246	0	0	0	0
HDL	UKBB	EUR	10	67	1884	5	38.7229154109955	0	0	1	11
HDL	UKBB	EUR	10	68	2005	5	11.6333765983582	0	0	0	0
HDL	UKBB	EUR	10	70	3314	5	83.0837359428406	0	0	3	10
HDL	UKBB	EUR	10	79	3565	5	3781.46018886566	0	0	0	0
HDL	UKBB	EUR	10	80	3766	5	19.7181234359741	0	0	0	0
HDL	UKBB	EUR	10	81	3855	5	110.906732082367	0	0	1	10
HDL	UKBB	EUR	10	83	3132	5	44.3768434524536	0	0	0	0
HDL	UKBB	EUR	10	85	1078	5	11.9420442581177	0	1	1	2
HDL	UKBB	EUR	10	87	1892	5	11.8876039981842	0	0	0	0
HDL	UKBB	EUR	10	92	5114	5	154.041669368744	0	1	3	26
HDL	UKBB	EUR	10	93	1039	5	6.14877653121948	0	0	0	0
HDL	UKBB	EUR	10	100	1074	5	5.60957455635071	0	0	2	18
HDL	UKBB	EUR	10	101	2711	5	52.9039528369904	0	0	0	0
HDL	UKBB	EUR	10	109	3316	5	20.7716279029846	0	1	2	10
HDL	UKBB	EUR	10	113	2676	5	37.3736865520477	0	0	0	0
HDL	UKBB	EUR	10	117	4409	5	2983.61548662186	1	2	3	31
HDL	UKBB	EUR	10	124	840	5	14.2529587745667	0	0	1	5
HDL	UKBB	EUR	10	126	3675	5	59.2348725795746	0	0	1	4
HDL	UKBB	EUR	10	127	1162	5	2054.033649683	0	1	0	0
HDL	UKBB	EUR	10	128	314	5	12.384464263916	0	1	1	3
HDL	UKBB	EUR	10	129	4784	5	81.2078697681427	0	0	1	13
HDL	UKBB	EUR	10	130	1465	5	26.1044824123383	0	0	0	0
HDL	UKBB	EUR	10	137	3698	5	1321.36936736107	1	1	2	18
HDL	UKBB	EUR	10	138	715	5	1452.84746718407	0	0	1	7
HDL	UKBB	EUR	10	140	912	5	659.552919626236	1	1	3	21
HDL	UKBB	EUR	10	141	1939	5	31.4181430339813	0	0	0	0
HDL	UKBB	EUR	10	142	1200	5	2415.03580951691	0	0	1	6
HDL	UKBB	EUR	10	143	3421	5	93.5923626422882	0	0	0	0
HDL	UKBB	EUR	10	144	1463	5	14.9904763698578	0	0	0	0
HDL	UKBB	EUR	10	145	1409	5	9.49571442604065	0	0	2	39
HDL	UKBB	EUR	10	150	3128	5	1023.19923591614	0	0	0	0
HDL	UKBB	EUR	10	152	2179	10	1616.37680244446	0	2	6	77
HDL	UKBB	EUR	10	153	2430	5	12.2238414287567	0	0	1	6
HDL	UKBB	EUR	10	154	5118	5	105.991659164429	0	1	2	25
HDL	UKBB	EUR	10	157	1932	5	3232.82580590248	0	0	0	0
HDL	UKBB	EUR	10	162	1815	5	1347.38828897476	0	0	0	0
HDL	UKBB	EUR	10	167	604	5	14.8431661128998	0	1	0	0
HDL	UKBB	EUR	11	2	2424	5	2093.45470166206	1	1	1	1
HDL	UKBB	EUR	11	4	1623	5	1340.91208767891	0	0	2	19
HDL	UKBB	EUR	11	6	413	5	7.7306022644043	0	0	0	0
HDL	UKBB	EUR	11	7	1406	5	21.2530915737152	1	2	3	29
HDL	UKBB	EUR	11	11	3016	5	14.7473165988922	0	0	0	0
HDL	UKBB	EUR	11	18	5813	5	178.115945100784	0	0	1	4
HDL	UKBB	EUR	11	19	1267	5	22.0215561389923	0	0	0	0
HDL	UKBB	EUR	11	26	990	5	16.9967267513275	0	1	1	4
HDL	UKBB	EUR	11	27	2571	5	33.7868688106537	0	0	0	0
HDL	UKBB	EUR	11	28	2051	5	1889.59229683876	0	1	4	19
HDL	UKBB	EUR	11	29	1378	5	14.1574001312256	0	0	0	0
HDL	UKBB	EUR	11	30	1844	5	16.0355532169342	0	0	0	0
HDL	UKBB	EUR	11	33	2365	5	30.047110080719	0	0	0	0
HDL	UKBB	EUR	11	51	2630	5	13.2152025699615	0	0	0	0
HDL	UKBB	EUR	11	52	1538	5	8.39800953865051	1	1	2	19
HDL	UKBB	EUR	11	53	3126	5	57.7827110290527	0	0	0	0
HDL	UKBB	EUR	11	54	2341	5	995.290556907654	0	1	2	16
HDL	UKBB	EUR	11	57	2378	5	44.7643423080444	0	0	0	0
HDL	UKBB	EUR	11	65	2237	5	14.6472182273865	0	0	0	0
HDL	UKBB	EUR	11	70	4378	5	2052.14389920235	0	0	1	25
HDL	UKBB	EUR	11	75	1733	5	12.6747164726257	0	0	0	0
HDL	UKBB	EUR	11	76	2126	5	2507.39308571815	0	0	1	6
HDL	UKBB	EUR	11	77	2080	5	24.6975085735321	1	2	2	19
HDL	UKBB	EUR	11	78	2159	5	1928.81116509438	1	1	1	1
HDL	UKBB	EUR	11	79	4651	5	1424.93769860268	0	1	4	23
HDL	UKBB	EUR	11	80	3140	5	1736.03106665611	0	0	2	16
HDL	UKBB	EUR	11	81	2086	5	2923.48330140114	0	0	0	0
HDL	UKBB	EUR	11	86	2976	5	2078.24151945114	0	0	1	37
HDL	UKBB	EUR	11	88	3284	5	3722.43217587471	0	0	3	58
HDL	UKBB	EUR	11	89	487	5	6.62655448913574	0	1	0	0
HDL	UKBB	EUR	11	90	4910	5	119.317643165588	0	0	0	0
HDL	UKBB	EUR	11	100	3008	5	49.7643947601318	0	0	0	0
HDL	UKBB	EUR	11	107	1153	5	1261.7755355835	1	1	2	4
HDL	UKBB	EUR	11	108	971	5	21.9147055149078	0	0	1	4
HDL	UKBB	EUR	11	109	886	5	14.503839969635	0	0	0	0
HDL	UKBB	EUR	11	115	3059	5	40.7625288963318	0	0	0	0
HDL	UKBB	EUR	11	117	5103	5	115.893264293671	0	0	0	0
HDL	UKBB	EUR	11	121	2578	5	3261.77805495262	0	1	1	7
HDL	UKBB	EUR	11	123	1498	5	5.1054413318634	0	1	2	7
HDL	UKBB	EUR	11	126	5288	5	191.823953390121	0	0	0	0
HDL	UKBB	EUR	11	128	405	5	417.719462156296	0	1	0	0
HDL	UKBB	EUR	11	129	2561	5	2924.32457613945	1	1	1	1
HDL	UKBB	EUR	11	130	1344	5	13.1262428760529	2	3	3	4
HDL	UKBB	EUR	11	131	349	5	5.70175647735596	1	1	2	6
HDL	UKBB	EUR	11	132	937	5	591.018928766251	0	2	2	18
HDL	UKBB	EUR	11	133	2265	5	1085.12012529373	0	3	4	34
HDL	UKBB	EUR	11	134	3392	5	33.6560704708099	0	0	1	3
HDL	UKBB	EUR	11	138	1575	5	20.5984041690826	0	0	0	0
HDL	UKBB	EUR	11	140	1444	5	13.8509669303894	0	0	0	0
HDL	UKBB	EUR	11	141	516	5	19.499849319458	0	0	0	0
HDL	UKBB	EUR	11	142	3187	5	64.1769709587097	0	0	1	14
HDL	UKBB	EUR	11	147	5013	5	2975.81031060219	0	0	3	57
HDL	UKBB	EUR	11	148	1762	5	8.18702387809753	0	0	0	0
HDL	UKBB	EUR	11	149	4262	5	108.377214670181	0	0	0	0
HDL	UKBB	EUR	12	4	1517	5	24.6567833423615	0	0	0	0
HDL	UKBB	EUR	12	8	897	5	869.875627756119	0	0	0	0
HDL	UKBB	EUR	12	9	302	5	6.25396227836609	0	0	0	0
HDL	UKBB	EUR	12	12	975	5	14.5565576553345	0	0	0	0
HDL	UKBB	EUR	12	17	1119	5	219.351422071457	0	2	2	14
HDL	UKBB	EUR	12	18	2192	5	912.457218885422	2	2	4	33
HDL	UKBB	EUR	12	23	2982	5	4060.84214687347	0	0	1	6
HDL	UKBB	EUR	12	24	764	5	2.96263432502747	0	1	0	0
HDL	UKBB	EUR	12	25	2903	5	33.781533241272	0	1	0	0
HDL	UKBB	EUR	12	31	755	5	9.60617852210999	0	0	0	0
HDL	UKBB	EUR	12	32	3018	5	48.2294688224792	0	0	0	0
HDL	UKBB	EUR	12	34	2015	5	12.0816693305969	0	0	0	0
HDL	UKBB	EUR	12	35	964	5	6.02920651435852	0	0	1	25
HDL	UKBB	EUR	12	36	1062	5	10.7806098461151	0	0	0	0
HDL	UKBB	EUR	12	38	3517	5	105.588487625122	0	0	0	0
HDL	UKBB	EUR	12	40	1522	5	1703.38041567802	1	1	2	18
HDL	UKBB	EUR	12	41	928	5	2.48389744758606	0	1	2	10
HDL	UKBB	EUR	12	42	4741	5	1341.72266793251	0	1	2	5
HDL	UKBB	EUR	12	45	2375	5	8.29665040969849	0	0	1	15
HDL	UKBB	EUR	12	48	2951	5	23.8961396217346	0	0	1	9
HDL	UKBB	EUR	12	49	3281	5	168.496023654938	0	0	0	0
HDL	UKBB	EUR	12	53	3632	5	85.7942583560944	0	0	0	0
HDL	UKBB	EUR	12	59	3440	5	32.888112783432	0	0	0	0
HDL	UKBB	EUR	12	60	1719	5	7.13813018798828	0	1	0	0
HDL	UKBB	EUR	12	61	1971	5	22.222320318222	0	0	0	0
HDL	UKBB	EUR	12	62	2153	5	33.1292903423309	0	2	3	25
HDL	UKBB	EUR	12	63	2247	5	9.58009004592896	0	0	1	26
HDL	UKBB	EUR	12	66	2834	5	67.7875685691833	0	0	0	0
HDL	UKBB	EUR	12	67	1408	5	966.68672990799	0	0	0	0
HDL	UKBB	EUR	12	68	1050	5	13.8403182029724	0	0	0	0
HDL	UKBB	EUR	12	69	2632	5	53.1637907028198	0	0	0	0
HDL	UKBB	EUR	12	70	1294	5	11.7036437988281	0	0	1	7
HDL	UKBB	EUR	12	71	3287	5	1979.29717135429	0	0	2	33
HDL	UKBB	EUR	12	72	9077	5	289.993279933929	1	1	1	1
HDL	UKBB	EUR	12	73	2784	5	34.1378812789917	0	0	0	0
HDL	UKBB	EUR	12	77	1714	5	1567.70860505104	0	0	2	23
HDL	UKBB	EUR	12	80	3777	5	42.8094375133514	0	0	0	0
HDL	UKBB	EUR	12	81	673	5	17.6520454883575	0	0	1	16
HDL	UKBB	EUR	12	82	3219	5	46.4717364311218	0	0	0	0
HDL	UKBB	EUR	12	94	3700	5	1848.4908080101	0	1	0	0
HDL	UKBB	EUR	12	96	1819	5	8.03551983833313	0	0	0	0
HDL	UKBB	EUR	12	97	4434	5	110.413356304169	0	0	0	0
HDL	UKBB	EUR	12	100	1641	5	6.09867739677429	0	0	0	0
HDL	UKBB	EUR	12	103	491	5	3.491455078125	0	0	0	0
HDL	UKBB	EUR	12	108	2704	5	26.1194396018982	0	0	0	0
HDL	UKBB	EUR	12	110	3789	5	46.1115746498108	0	0	0	0
HDL	UKBB	EUR	12	112	429	5	9.6135938167572	0	1	1	9
HDL	UKBB	EUR	12	119	5292	5	213.04332280159	1	2	2	7
HDL	UKBB	EUR	12	120	1487	5	15.8010711669922	0	0	1	4
HDL	UKBB	EUR	12	121	2016	5	37.3207912445068	0	0	2	27
HDL	UKBB	EUR	12	122	4139	5	360.550730705261	3	4	4	6
HDL	UKBB	EUR	12	123	1543	5	27.6840090751648	1	3	2	2
HDL	UKBB	EUR	12	125	2996	5	59.0381999015808	0	0	1	6
HDL	UKBB	EUR	12	129	2090	5	30.0592849254608	0	0	0	0
HDL	UKBB	EUR	12	132	2535	5	30.9393692016602	1	2	2	3
HDL	UKBB	EUR	12	138	4467	5	2413.74193453789	0	0	1	7
HDL	UKBB	EUR	12	139	6082	10	3687.18040060997	1	1	6	54
HDL	UKBB	EUR	12	140	1247	5	2967.65562582016	1	1	1	1
HDL	UKBB	EUR	12	141	1741	5	1897.63444566727	1	2	2	3
HDL	UKBB	EUR	12	154	656	5	7.49998998641968	0	0	0	0
HDL	UKBB	EUR	12	156	774	5	7.46222734451294	0	0	1	13
HDL	UKBB	EUR	12	163	1050	5	11.6321716308594	0	0	0	0
HDL	UKBB	EUR	13	1	3175	5	47.4178380966187	0	0	0	0
HDL	UKBB	EUR	13	8	2491	5	44.5526478290558	0	0	0	0
HDL	UKBB	EUR	13	16	2501	5	17.0732703208923	0	0	0	0
HDL	UKBB	EUR	13	18	882	5	20.1593406200409	1	1	2	7
HDL	UKBB	EUR	13	20	2400	5	37.7779130935669	0	0	0	0
HDL	UKBB	EUR	13	21	3342	5	17.9458522796631	0	1	2	10
HDL	UKBB	EUR	13	23	1008	5	1162.41217255592	1	2	2	2
HDL	UKBB	EUR	13	25	1238	5	11.9619648456573	0	0	0	0
HDL	UKBB	EUR	13	38	643	5	8.45656061172485	0	1	0	0
HDL	UKBB	EUR	13	40	1990	5	7.60024905204773	1	1	1	1
HDL	UKBB	EUR	13	45	2387	5	30.2162976264954	0	0	0	0
HDL	UKBB	EUR	13	47	1535	5	6.74696755409241	0	0	0	0
HDL	UKBB	EUR	13	50	4969	5	99.467218875885	0	0	2	14
HDL	UKBB	EUR	13	52	3387	5	68.7578449249268	0	0	0	0
HDL	UKBB	EUR	13	54	8443	5	376.906552314758	0	0	0	0
HDL	UKBB	EUR	13	55	3715	5	13.1915502548218	0	0	0	0
HDL	UKBB	EUR	13	57	6670	5	116.011215925217	0	0	0	0
HDL	UKBB	EUR	13	58	4825	5	66.710645198822	0	0	1	21
HDL	UKBB	EUR	13	60	2968	5	58.9537670612335	0	0	0	0
HDL	UKBB	EUR	13	61	1686	5	23.844170331955	0	1	0	0
HDL	UKBB	EUR	13	70	2949	5	56.3388252258301	0	0	0	0
HDL	UKBB	EUR	13	72	2215	5	25.3114793300629	0	0	0	0
HDL	UKBB	EUR	13	73	2808	5	35.3917152881622	0	1	1	2
HDL	UKBB	EUR	13	80	982	5	3.25946760177612	0	0	0	0
HDL	UKBB	EUR	13	82	2535	5	37.0100035667419	0	0	0	0
HDL	UKBB	EUR	13	88	1109	5	7.86529612541199	0	0	0	0
HDL	UKBB	EUR	13	94	2879	5	18.7326509952545	0	0	0	0
HDL	UKBB	EUR	13	96	1137	5	11.5809082984924	0	0	0	0
HDL	UKBB	EUR	13	111	908	5	4.84576654434204	1	1	1	1
HDL	UKBB	EUR	13	119	3049	5	2222.14987969398	0	0	1	22
HDL	UKBB	EUR	13	124	376	5	4.50958371162415	1	1	1	1
HDL	UKBB	EUR	13	125	2479	5	22.7126004695892	0	0	0	0
HDL	UKBB	EUR	14	1	1791	5	20.524121761322	0	0	1	5
HDL	UKBB	EUR	14	6	686	5	6.24478578567505	0	1	2	12
HDL	UKBB	EUR	14	14	4239	5	1549.47092223167	0	0	0	0
HDL	UKBB	EUR	14	19	2942	5	56.8194937705994	0	0	0	0
HDL	UKBB	EUR	14	24	1240	5	4.63704466819763	0	1	1	7
HDL	UKBB	EUR	14	31	3481	5	45.6168868541718	0	1	0	0
HDL	UKBB	EUR	14	35	3540	5	29.1278841495514	0	1	0	0
HDL	UKBB	EUR	14	46	1828	5	908.015071630478	1	1	2	8
HDL	UKBB	EUR	14	47	3133	5	29.4316902160645	0	0	0	0
HDL	UKBB	EUR	14	49	1634	5	7.68624520301819	0	0	0	0
HDL	UKBB	EUR	14	64	1369	5	6.13698482513428	0	0	0	0
HDL	UKBB	EUR	14	67	2982	5	16.3097531795502	1	2	2	18
HDL	UKBB	EUR	14	68	2190	5	28.5722558498383	0	0	0	0
HDL	UKBB	EUR	14	70	3586	5	69.5827927589417	0	0	0	0
HDL	UKBB	EUR	14	72	4150	5	1447.5886361599	1	2	2	3
HDL	UKBB	EUR	14	73	2056	5	19.8532247543335	0	0	1	18
HDL	UKBB	EUR	14	80	644	5	10.6655466556549	0	0	0	0
HDL	UKBB	EUR	14	81	3697	5	48.6622667312622	0	0	0	0
HDL	UKBB	EUR	14	84	1300	5	1207.66589784622	1	1	2	25
HDL	UKBB	EUR	14	86	2012	5	1565.85758972168	0	1	2	21
HDL	UKBB	EUR	14	93	2999	5	15.2780089378357	0	0	1	14
HDL	UKBB	EUR	14	95	1061	5	13.0404305458069	0	0	1	10
HDL	UKBB	EUR	14	97	1995	5	33.8996815681458	0	0	0	0
HDL	UKBB	EUR	14	100	2770	5	54.3499829769135	0	0	0	0
HDL	UKBB	EUR	14	103	3020	5	463.054912567139	0	0	0	0
HDL	UKBB	EUR	14	117	2379	5	31.3861885070801	0	0	1	23
HDL	UKBB	EUR	14	121	3164	5	20.838769197464	1	2	3	13
HDL	UKBB	EUR	14	122	909	5	2.79880475997925	0	0	0	0
HDL	UKBB	EUR	14	126	3870	5	50.437088727951	0	0	1	19
HDL	UKBB	EUR	14	128	1456	5	7.45221185684204	0	0	0	0
HDL	UKBB	EUR	14	129	1575	5	1336.9937171936	0	1	1	3
HDL	UKBB	EUR	15	4	667	5	7.62196111679077	0	0	1	7
HDL	UKBB	EUR	15	10	1160	5	5.7131016254425	0	1	1	6
HDL	UKBB	EUR	15	22	3737	5	18.2065234184265	0	1	1	2
HDL	UKBB	EUR	15	27	1360	5	11.7986602783203	0	1	0	0
HDL	UKBB	EUR	15	28	2094	5	22.2350032329559	0	0	1	28
HDL	UKBB	EUR	15	29	1580	5	4.59269404411316	0	0	0	0
HDL	UKBB	EUR	15	31	5061	5	168.175139904022	0	0	0	0
HDL	UKBB	EUR	15	34	869	5	9.15596270561218	0	0	0	0
HDL	UKBB	EUR	15	35	2527	5	23.6754055023193	0	0	0	0
HDL	UKBB	EUR	15	37	3613	5	2098.84478974342	0	1	2	81
HDL	UKBB	EUR	15	38	3974	5	1598.49573540688	1	1	1	1
HDL	UKBB	EUR	15	39	2799	5	41.8937563896179	0	0	0	0
HDL	UKBB	EUR	15	40	827	5	17.6555142402649	0	0	2	29
HDL	UKBB	EUR	15	41	2966	5	47.6741027832031	0	0	0	0
HDL	UKBB	EUR	15	45	6260	5	214.98656463623	0	1	0	0
HDL	UKBB	EUR	15	46	1860	5	19.5651142597198	0	0	0	0
HDL	UKBB	EUR	15	48	5608	5	94.3564484119415	0	0	0	0
HDL	UKBB	EUR	15	50	2806	5	1274.72169041634	0	0	0	0
HDL	UKBB	EUR	15	51	2103	5	15.9014732837677	1	1	1	1
HDL	UKBB	EUR	15	52	2006	5	377.77223110199	1	1	1	1
HDL	UKBB	EUR	15	53	388	10	800.57274389267	4	9	8	16
HDL	UKBB	EUR	15	54	2144	10	3691.63830280304	0	0	4	77
HDL	UKBB	EUR	15	55	1288	5	6.18407821655273	0	0	0	0
HDL	UKBB	EUR	15	56	2319	5	18.5091705322266	0	0	0	0
HDL	UKBB	EUR	15	59	4793	5	32.5215191841125	0	0	0	0
HDL	UKBB	EUR	15	62	5497	5	1957.8447740078	0	0	3	62
HDL	UKBB	EUR	15	64	1729	5	10.199658870697	0	0	0	0
HDL	UKBB	EUR	15	66	2999	5	1522.97422719002	0	1	2	13
HDL	UKBB	EUR	15	70	1353	5	15.2179229259491	0	0	0	0
HDL	UKBB	EUR	15	71	174	5	8.30975914001465	1	3	3	12
HDL	UKBB	EUR	15	73	1194	5	10.5195968151093	0	0	0	0
HDL	UKBB	EUR	15	76	5570	5	187.542632818222	0	0	0	0
HDL	UKBB	EUR	15	79	3313	5	26.4626269340515	0	0	0	0
HDL	UKBB	EUR	15	86	2018	5	21.6063494682312	0	0	1	8
HDL	UKBB	EUR	15	88	1595	5	13.3319289684296	1	1	1	1
HDL	UKBB	EUR	15	90	2287	5	28.3047611713409	0	0	0	0
HDL	UKBB	EUR	15	98	1314	5	8.74941802024841	0	0	0	0
HDL	UKBB	EUR	15	102	2324	5	1300.24816513062	0	1	0	0
HDL	UKBB	EUR	15	108	952	5	11.7178628444672	0	0	0	0
HDL	UKBB	EUR	15	111	1688	5	43.8620600700378	0	0	1	19
HDL	UKBB	EUR	15	117	1037	5	8.89802575111389	0	1	3	20
HDL	UKBB	EUR	15	118	695	5	0.787741422653198	0	0	0	0
HDL	UKBB	EUR	16	2	830	5	8.85359358787537	1	1	2	12
HDL	UKBB	EUR	16	4	3070	5	46.970972776413	0	0	0	0
HDL	UKBB	EUR	16	5	1217	5	6.55427360534668	0	1	0	0
HDL	UKBB	EUR	16	7	2010	5	11.0014727115631	0	1	0	0
HDL	UKBB	EUR	16	9	2853	5	676.872594594955	1	1	2	51
HDL	UKBB	EUR	16	10	1551	5	9.32736349105835	0	0	0	0
HDL	UKBB	EUR	16	30	181	5	2.05913925170898	0	0	0	0
HDL	UKBB	EUR	16	31	2652	5	35.2521097660065	0	1	1	11
HDL	UKBB	EUR	16	33	4303	5	48.0154733657837	0	0	1	38
HDL	UKBB	EUR	16	37	3195	5	3713.92848539352	0	1	1	2
HDL	UKBB	EUR	16	41	2204	5	19.1877710819244	0	0	0	0
HDL	UKBB	EUR	16	42	254	5	3.85713171958923	0	0	0	0
HDL	UKBB	EUR	16	43	1971	5	13.5766813755035	0	0	0	0
HDL	UKBB	EUR	16	47	1842	5	9.79995703697205	0	0	1	31
HDL	UKBB	EUR	16	49	1903	5	18.7371776103973	0	0	1	35
HDL	UKBB	EUR	16	52	2233	5	33.2102689743042	0	0	0	0
HDL	UKBB	EUR	16	57	465	5	5.805424451828	0	0	1	26
HDL	UKBB	EUR	16	58	1467	5	10.232537984848	0	0	0	0
HDL	UKBB	EUR	16	59	1749	5	3411.43556952477	0	0	2	34
HDL	UKBB	EUR	16	62	1745	5	21.0232756137848	0	0	0	0
HDL	UKBB	EUR	16	65	1652	5	1418.69476675987	0	0	0	0
HDL	UKBB	EUR	16	67	1206	5	12.7478737831116	0	1	0	0
HDL	UKBB	EUR	16	68	1899	5	897.070124149323	0	0	2	47
HDL	UKBB	EUR	16	69	1354	5	2.47097063064575	0	0	0	0
HDL	UKBB	EUR	16	73	1544	5	7.08651423454285	0	1	0	0
HDL	UKBB	EUR	16	74	509	5	10.2153170108795	1	3	2	3
HDL	UKBB	EUR	16	75	3134	5	1983.12286162376	1	1	1	1
HDL	UKBB	EUR	16	76	2149	10	1279.27562355995	3	4	5	8
HDL	UKBB	EUR	16	77	808	5	5.27733707427979	0	1	1	2
HDL	UKBB	EUR	16	79	1389	5	9.60863161087036	1	1	1	1
HDL	UKBB	EUR	16	86	1334	5	7.85904836654663	0	0	0	0
HDL	UKBB	EUR	16	87	321	5	6.68441867828369	0	0	0	0
HDL	UKBB	EUR	16	88	5293	5	2455.38817691803	1	2	2	3
HDL	UKBB	EUR	16	89	6671	5	5038.5830180645	0	0	1	36
HDL	UKBB	EUR	16	91	1637	5	8.15571975708008	1	2	2	4
HDL	UKBB	EUR	16	93	4997	5	2867.74679756165	0	0	0	0
HDL	UKBB	EUR	16	94	5723	5	204.743299484253	0	0	0	0
HDL	UKBB	EUR	16	103	7032	5	3082.08712315559	1	1	2	18
HDL	UKBB	EUR	16	104	2122	5	11.0711531639099	1	1	1	1
HDL	UKBB	EUR	16	105	1820	5	15.7471780776978	0	1	0	0
HDL	UKBB	EUR	16	106	3134	5	34.5802810192108	0	0	0	0
HDL	UKBB	EUR	16	107	2471	5	27.8022022247314	0	0	0	0
HDL	UKBB	EUR	16	111	1768	5	4.25396919250488	0	0	0	0
HDL	UKBB	EUR	16	114	1372	5	6.72390270233154	1	1	1	1
HDL	UKBB	EUR	16	116	1807	5	14.6722180843353	0	1	2	18
HDL	UKBB	EUR	16	125	1612	5	7.19662737846375	0	0	1	29
HDL	UKBB	EUR	16	126	388	5	266.102172851562	0	1	2	21
HDL	UKBB	EUR	16	128	5548	5	195.27223944664	0	0	2	28
HDL	UKBB	EUR	17	3	1773	5	26.6834282875061	0	1	1	7
HDL	UKBB	EUR	17	7	1273	5	20.5613932609558	0	1	2	31
HDL	UKBB	EUR	17	9	3294	5	1047.94844555855	0	1	2	7
HDL	UKBB	EUR	17	14	1673	5	1062.29974126816	0	0	1	12
HDL	UKBB	EUR	17	23	1110	5	12.8129675388336	0	0	0	0
HDL	UKBB	EUR	17	24	2006	5	1296.78590226173	2	3	2	2
HDL	UKBB	EUR	17	25	1995	5	19.5663433074951	0	0	0	0
HDL	UKBB	EUR	17	30	432	5	4.83744668960571	0	0	0	0
HDL	UKBB	EUR	17	49	1291	5	16.3473329544067	0	0	0	0
HDL	UKBB	EUR	17	51	4130	5	2437.65160107613	0	0	2	100
HDL	UKBB	EUR	17	55	5203	10	3923.25255346298	0	1	3	50
HDL	UKBB	EUR	17	66	391	5	0.569736480712891	0	0	0	0
HDL	UKBB	EUR	17	68	1461	5	19.8878405094147	1	1	2	4
HDL	UKBB	EUR	17	71	2409	5	2323.09748244286	0	0	1	5
HDL	UKBB	EUR	17	72	2611	5	10.0979661941528	0	0	0	0
HDL	UKBB	EUR	17	73	3959	5	10.4252672195435	1	2	4	24
HDL	UKBB	EUR	17	74	4598	5	883.572742462158	2	3	4	22
HDL	UKBB	EUR	17	75	3634	5	441.93896818161	0	0	3	55
HDL	UKBB	EUR	17	76	1917	5	5.56285238265991	0	0	0	0
HDL	UKBB	EUR	17	78	715	5	14.4733798503876	0	0	0	0
HDL	UKBB	EUR	17	85	3150	5	1565.44061589241	0	0	2	52
HDL	UKBB	EUR	17	87	1465	5	8.28556942939758	0	0	0	0
HDL	UKBB	EUR	17	90	3772	5	977.128567457199	0	0	0	0
HDL	UKBB	EUR	17	93	2340	5	62.0522518157959	0	0	0	0
HDL	UKBB	EUR	17	94	2246	5	960.425333023071	0	0	0	0
HDL	UKBB	EUR	17	97	3242	5	31.6277325153351	0	0	0	0
HDL	UKBB	EUR	17	98	1706	5	16.9312603473663	0	1	2	7
HDL	UKBB	EUR	17	99	385	5	6.0380437374115	0	0	0	0
HDL	UKBB	EUR	17	100	1809	5	13.0983047485352	0	0	1	33
HDL	UKBB	EUR	17	101	1406	5	1177.31486392021	0	0	2	14
HDL	UKBB	EUR	17	102	999	5	587.456147432327	0	1	0	0
HDL	UKBB	EUR	17	103	1252	5	192.962141990662	0	1	0	0
HDL	UKBB	EUR	17	105	2163	5	26.3649525642395	1	1	2	18
HDL	UKBB	EUR	17	108	419	5	4.98319268226624	0	0	0	0
HDL	UKBB	EUR	17	109	576	5	10.2086384296417	0	0	0	0
HDL	UKBB	EUR	17	117	2272	5	14.7934074401855	0	0	0	0
HDL	UKBB	EUR	17	118	2133	5	1352.97940087318	0	0	1	10
HDL	UKBB	EUR	17	125	3142	5	1838.74688410759	0	0	2	78
HDL	UKBB	EUR	17	133	1824	5	1007.96840572357	0	1	0	0
HDL	UKBB	EUR	18	1	1234	5	16.6619408130646	0	0	1	5
HDL	UKBB	EUR	18	7	2022	5	9.65521597862244	0	0	0	0
HDL	UKBB	EUR	18	8	1756	5	8.70236253738403	0	0	0	0
HDL	UKBB	EUR	18	27	865	5	5.98836207389832	0	0	0	0
HDL	UKBB	EUR	18	28	2098	5	30.7079317569733	0	0	0	0
HDL	UKBB	EUR	18	39	4240	5	57.6518428325653	0	1	0	0
HDL	UKBB	EUR	18	41	4561	5	1711.25725579262	0	0	2	67
HDL	UKBB	EUR	18	42	3062	5	1881.31928181648	0	0	3	39
HDL	UKBB	EUR	18	44	2337	5	40.1418597698212	0	0	0	0
HDL	UKBB	EUR	18	46	2977	5	49.0009543895721	0	0	0	0
HDL	UKBB	EUR	18	49	3843	5	52.4395399093628	0	0	0	0
HDL	UKBB	EUR	18	52	2264	5	1.90366077423096	0	0	0	0
HDL	UKBB	EUR	18	53	3181	5	871.944037914276	0	0	1	27
HDL	UKBB	EUR	18	58	3410	5	4.30979156494141	0	0	0	0
HDL	UKBB	EUR	18	59	4288	5	38.5710880756378	0	1	0	0
HDL	UKBB	EUR	18	60	3711	5	1066.64719343185	0	0	2	70
HDL	UKBB	EUR	18	61	3389	5	31.2616760730743	0	0	2	50
HDL	UKBB	EUR	18	62	3562	5	118.02094745636	0	0	0	0
HDL	UKBB	EUR	18	65	3226	5	47.6166415214539	0	0	0	0
HDL	UKBB	EUR	18	66	1020	5	3.47669219970703	0	0	0	0
HDL	UKBB	EUR	18	67	1403	5	20.0160925388336	0	0	0	0
HDL	UKBB	EUR	18	68	409	5	8.10634422302246	0	0	0	0
HDL	UKBB	EUR	18	69	5202	10	3217.49072313309	1	1	1	1
HDL	UKBB	EUR	18	73	3911	5	523.299748420715	0	0	2	82
HDL	UKBB	EUR	18	74	5055	5	91.5932292938232	0	0	0	0
HDL	UKBB	EUR	18	76	2336	5	13.855301618576	0	0	0	0
HDL	UKBB	EUR	18	79	1075	5	4.69229960441589	1	1	1	1
HDL	UKBB	EUR	18	80	2034	5	20.6705968379974	0	1	1	2
HDL	UKBB	EUR	18	82	4194	5	50.6682081222534	0	0	2	25
HDL	UKBB	EUR	18	84	748	5	6.95901966094971	0	0	0	0
HDL	UKBB	EUR	18	86	123	5	6.58877563476562	0	0	0	0
HDL	UKBB	EUR	19	5	267	5	3.38065242767334	0	1	0	0
HDL	UKBB	EUR	19	6	1464	5	4.07639646530151	0	1	0	0
HDL	UKBB	EUR	19	10	1010	5	1.11473512649536	0	1	1	2
HDL	UKBB	EUR	19	11	1552	5	9.27698254585266	0	0	0	0
HDL	UKBB	EUR	19	12	928	5	3.28017401695251	0	0	0	0
HDL	UKBB	EUR	19	16	820	5	427.80859208107	0	3	2	5
HDL	UKBB	EUR	19	19	645	5	1748.09995436668	0	0	0	0
HDL	UKBB	EUR	19	22	2391	5	954.664577722549	0	0	1	25
HDL	UKBB	EUR	19	25	1601	5	26.166008234024	0	0	0	0
HDL	UKBB	EUR	19	29	1371	5	1368.49083352089	0	0	0	0
HDL	UKBB	EUR	19	30	1224	5	2.74382328987122	0	3	2	15
HDL	UKBB	EUR	19	32	1781	5	1861.11908364296	1	3	4	15
HDL	UKBB	EUR	19	33	801	5	898.495103597641	0	1	2	10
HDL	UKBB	EUR	19	34	815	5	4.13090467453003	0	1	1	2
HDL	UKBB	EUR	19	37	2554	5	1612.03320908546	0	0	1	6
HDL	UKBB	EUR	19	38	605	5	455.847538232803	0	0	2	12
HDL	UKBB	EUR	19	39	3506	5	45.8118586540222	0	0	0	0
HDL	UKBB	EUR	19	47	1903	5	19.3125214576721	0	0	0	0
HDL	UKBB	EUR	19	50	469	5	7.74585437774658	0	0	0	0
HDL	UKBB	EUR	19	51	1314	5	991.189949035645	0	1	1	5
HDL	UKBB	EUR	19	52	1628	5	6.48080396652222	0	1	0	0
HDL	UKBB	EUR	19	57	2419	5	2.2981014251709	0	0	0	0
HDL	UKBB	EUR	19	58	1382	5	3.67632341384888	0	1	0	0
HDL	UKBB	EUR	19	61	2658	5	10.7619893550873	0	0	0	0
HDL	UKBB	EUR	19	63	1427	5	1047.75521421432	0	1	2	7
HDL	UKBB	EUR	19	64	3913	5	112.079714298248	0	0	0	0
HDL	UKBB	EUR	19	67	5918	5	1125.96664333344	0	0	0	0
HDL	UKBB	EUR	19	68	1415	5	30.8622441291809	0	0	0	0
HDL	UKBB	EUR	19	70	1840	5	4.56444501876831	0	0	1	4
HDL	UKBB	EUR	19	71	334	5	5.47257661819458	0	1	1	4
HDL	UKBB	EUR	19	73	489	5	4.26825070381165	1	1	1	1
HDL	UKBB	EUR	19	74	2881	5	402.015838861465	3	3	4	7
HDL	UKBB	EUR	19	75	744	5	489.792350530624	4	4	4	4
HDL	UKBB	EUR	19	76	2848	10	1285.76360368729	1	1	3	11
HDL	UKBB	EUR	19	77	5009	5	305.026157855988	0	1	3	19
HDL	UKBB	EUR	19	79	1546	5	15.5968430042267	0	0	0	0
HDL	UKBB	EUR	19	80	855	5	12.4527442455292	0	0	0	0
HDL	UKBB	EUR	19	81	2043	5	27.219705581665	1	2	2	4
HDL	UKBB	EUR	19	89	1149	5	9.39777517318726	0	0	0	0
HDL	UKBB	EUR	19	90	2443	5	1101.99382805824	0	3	2	9
HDL	UKBB	EUR	19	93	877	5	2.82362866401672	0	0	0	0
HDL	UKBB	EUR	19	94	1710	5	21.3255569934845	0	0	0	0
HDL	UKBB	EUR	19	98	1051	5	1608.55579423904	0	1	1	2
HDL	UKBB	EUR	19	104	1416	5	14.4652411937714	1	1	2	9
HDL	UKBB	EUR	19	109	342	5	0.551380395889282	0	0	1	10
HDL	UKBB	EUR	20	1	869	5	6.16708922386169	0	0	0	0
HDL	UKBB	EUR	20	2	1188	5	6.58742523193359	2	3	2	2
HDL	UKBB	EUR	20	3	456	5	2.57643818855286	0	0	0	0
HDL	UKBB	EUR	20	11	1017	5	0.809249877929688	0	0	0	0
HDL	UKBB	EUR	20	22	1291	5	4.21522736549377	0	0	0	0
HDL	UKBB	EUR	20	23	390	5	691.821395635605	0	0	0	0
HDL	UKBB	EUR	20	24	337	5	6.57839751243591	0	0	0	0
HDL	UKBB	EUR	20	29	2018	5	4.42220640182495	0	0	0	0
HDL	UKBB	EUR	20	40	1545	5	7.90896368026733	0	0	0	0
HDL	UKBB	EUR	20	42	3774	5	617.946308135986	0	0	0	0
HDL	UKBB	EUR	20	48	3926	5	931.933768033981	0	1	2	12
HDL	UKBB	EUR	20	54	3209	5	391.904502153397	0	0	2	47
HDL	UKBB	EUR	20	59	3880	5	46.9864549636841	0	0	1	39
HDL	UKBB	EUR	20	62	2165	5	19.2555756568909	0	0	0	0
HDL	UKBB	EUR	20	63	4765	5	149.412244081497	0	0	0	0
HDL	UKBB	EUR	20	64	1432	5	15.8521308898926	0	0	0	0
HDL	UKBB	EUR	20	65	2636	5	30.1671509742737	0	0	0	0
HDL	UKBB	EUR	20	67	1944	5	1.4269597530365	0	0	2	20
HDL	UKBB	EUR	20	68	1100	5	18.3311061859131	0	0	0	0
HDL	UKBB	EUR	20	69	2085	5	515.109596014023	2	3	2	2
HDL	UKBB	EUR	20	70	1528	5	9.87304925918579	2	3	3	5
HDL	UKBB	EUR	20	71	2377	5	814.356937646866	1	1	1	1
HDL	UKBB	EUR	20	72	548	5	2.21621966362	0	1	0	0
HDL	UKBB	EUR	20	73	2035	5	14.2014245986938	0	0	1	6
HDL	UKBB	EUR	20	74	979	5	601.750092506409	1	1	2	22
HDL	UKBB	EUR	20	75	1603	5	11.6751475334167	0	0	1	3
HDL	UKBB	EUR	20	84	2567	5	1754.66086292267	0	0	2	35
HDL	UKBB	EUR	20	86	1811	5	5.3656165599823	0	0	0	0
HDL	UKBB	EUR	20	93	3640	5	41.9511704444885	1	4	2	3
HDL	UKBB	EUR	20	99	2066	5	14.7635877132416	0	1	1	2
HDL	UKBB	EUR	20	114	2794	5	28.0541837215424	0	0	0	0
HDL	UKBB	EUR	20	115	872	5	12.1533105373383	0	0	1	10
HDL	UKBB	EUR	21	2	489	5	598.745829820633	0	0	0	0
HDL	UKBB	EUR	21	3	1000	5	564.453353404999	1	1	3	22
HDL	UKBB	EUR	21	4	377	5	3.66163969039917	0	0	1	11
HDL	UKBB	EUR	21	30	3668	5	7.24432516098022	0	0	1	32
HDL	UKBB	EUR	21	37	2671	5	19.6810276508331	0	0	0	0
HDL	UKBB	EUR	21	41	4427	5	43.08140873909	0	0	2	32
HDL	UKBB	EUR	21	45	3109	5	13.6417133808136	0	0	0	0
HDL	UKBB	EUR	21	53	1541	5	30.9312934875488	0	0	0	0
HDL	UKBB	EUR	21	57	1151	5	10.6673183441162	0	0	1	6
HDL	UKBB	EUR	21	62	616	5	11.6886391639709	0	1	1	2
HDL	UKBB	EUR	21	63	1388	5	10.2621927261353	0	0	0	0
HDL	UKBB	EUR	21	64	2388	5	6.98858213424683	0	1	2	39
HDL	UKBB	EUR	22	13	1034	5	5.97840309143066	0	0	1	25
HDL	UKBB	EUR	22	14	946	5	5.36785006523132	0	0	0	0
HDL	UKBB	EUR	22	24	2876	5	22.5648539066315	0	0	0	0
HDL	UKBB	EUR	22	26	1212	5	12.0339698791504	0	0	0	0
HDL	UKBB	EUR	22	29	2458	5	874.875220537186	0	1	2	14
HDL	UKBB	EUR	22	30	7952	5	1863.10224080086	0	0	4	80
HDL	UKBB	EUR	22	33	1677	5	6.33647704124451	0	1	0	0
HDL	UKBB	EUR	22	37	2018	5	15.6434142589569	0	1	0	0
HDL	UKBB	EUR	22	43	1899	5	1.75969052314758	0	0	1	4
HDL	UKBB	EUR	22	44	1288	5	24.2366750240326	0	0	1	40
HDL	UKBB	EUR	22	45	1952	5	13.8192648887634	0	1	1	3
HDL	UKBB	EUR	22	46	4692	5	80.3570837974548	0	0	0	0
HDL	UKBB	EUR	22	47	2444	5	297.416639566422	0	0	1	4
HDL	UKBB	EUR	22	49	595	5	3.3896861076355	0	0	0	0
HDL	UKBB	EUR	22	50	744	5	2.12452983856201	0	0	0	0
HDL	UKBB	EUR	22	54	1446	5	20.8277366161346	0	0	0	0
HDL	UKBB	EUR	22	59	2348	5	6.31590700149536	0	0	0	0
HDL	UKBB	EUR	22	62	1613	5	16.1718249320984	0	0	0	0
HDL	UKBB	EUR	22	64	957	5	10.2023074626923	0	0	1	8
HDL	UKBB	EUR	22	66	1560	5	3.22223329544067	0	0	0	0
HDL	UKBB	EUR	22	70	2677	5	15.4658980369568	0	1	1	3
