pheno	db	pid	chromosome	block	num_variants	time	num_variants_0.95	num_variants_0.5	num_CS95	num_variants_CS95
HDL	UKBB	EUR	1	1	475	78.9030306339264	0	0	1	46
HDL	UKBB	EUR	1	2	805	76.5759618282318	0	0	0	0
HDL	UKBB	EUR	1	3	507	109.971585512161	0	0	1	32
HDL	UKBB	EUR	1	5	1967	242.393822669983	0	1	0	0
HDL	UKBB	EUR	1	15	2777	630.754477500916	0	1	0	0
HDL	UKBB	EUR	1	17	3413	715.972910642624	0	0	0	0
HDL	UKBB	EUR	1	18	1470	411.097970247269	0	1	1	9
HDL	UKBB	EUR	1	19	2744	954.76530122757	0	0	0	0
HDL	UKBB	EUR	1	21	1765	542.759343862534	1	2	1	1
HDL	UKBB	EUR	1	23	1028	217.900464296341	0	0	0	0
HDL	UKBB	EUR	1	24	1164	146.407932758331	0	1	1	4
HDL	UKBB	EUR	1	35	3193	1205.11763167381	0	2	1	7
HDL	UKBB	EUR	1	40	1290	192.50701212883	0	0	0	0
HDL	UKBB	EUR	1	43	901	105.968248128891	0	0	0	0
HDL	UKBB	EUR	1	44	697	52.7548787593842	0	0	1	11
HDL	UKBB	EUR	1	46	2423	304.588383674622	0	0	0	0
HDL	UKBB	EUR	1	48	1267	731.918192148209	1	2	2	8
HDL	UKBB	EUR	1	49	1100	153.904650449753	0	1	1	7
HDL	UKBB	EUR	1	50	1895	432.348458051682	0	0	1	26
HDL	UKBB	EUR	1	51	1277	234.603464126587	0	1	1	76
HDL	UKBB	EUR	1	52	3236	7638.00357246399	1	3	3	6
HDL	UKBB	EUR	1	53	3055	5561.45093345642	1	3	4	16
HDL	UKBB	EUR	1	57	2050	415.117744207382	0	0	0	0
HDL	UKBB	EUR	1	63	2132	255.711838006973	0	0	0	0
HDL	UKBB	EUR	1	70	2607	981.094748973846	0	3	1	3
HDL	UKBB	EUR	1	71	2526	1741.42675328255	0	0	2	41
HDL	UKBB	EUR	1	73	3340	839.197227239609	1	1	1	1
HDL	UKBB	EUR	1	74	3101	630.83504652977	0	0	0	0
HDL	UKBB	EUR	1	75	4105	1005.2605817318	0	0	1	45
HDL	UKBB	EUR	1	76	1916	381.152556180954	0	0	0	0
HDL	UKBB	EUR	1	80	1227	202.798786640167	0	0	0	0
HDL	UKBB	EUR	1	85	1278	41.6798033714294	0	0	0	0
HDL	UKBB	EUR	1	87	1475	122.512316942215	0	0	0	0
HDL	UKBB	EUR	1	90	302	30.6299438476562	0	0	0	0
HDL	UKBB	EUR	1	92	2654	216.602393627167	0	0	0	0
HDL	UKBB	EUR	1	94	681	173.17978310585	0	0	1	11
HDL	UKBB	EUR	1	96	2307	1365.46639108658	1	2	1	1
HDL	UKBB	EUR	1	97	2826	627.12669467926	0	0	1	42
HDL	UKBB	EUR	1	98	2436	677.91840171814	0	0	0	0
HDL	UKBB	EUR	1	100	2249	566.379657745361	0	0	2	33
HDL	UKBB	EUR	1	102	2085	282.005705356598	0	1	0	0
HDL	UKBB	EUR	1	105	5965	2611.85714745522	0	0	2	134
HDL	UKBB	EUR	1	110	1108	93.7684226036072	0	0	0	0
HDL	UKBB	EUR	1	113	1888	241.998956680298	0	0	1	23
HDL	UKBB	EUR	1	117	1444	341.611839056015	0	1	1	31
HDL	UKBB	EUR	1	122	4195	1392.90946102142	0	2	0	0
HDL	UKBB	EUR	1	124	3865	494.365062236786	0	0	0	0
HDL	UKBB	EUR	1	125	4578	12242.464035511	1	3	3	10
HDL	UKBB	EUR	1	128	4125	658.28854393959	0	0	0	0
HDL	UKBB	EUR	1	129	1493	247.310782432556	0	0	0	0
HDL	UKBB	EUR	1	132	2639	362.644588708878	0	0	0	0
HDL	UKBB	EUR	1	136	2621	672.150868415833	0	2	0	0
HDL	UKBB	EUR	1	138	3541	12866.7662630081	2	5	4	7
HDL	UKBB	EUR	1	139	912	711.137887001038	3	5	7	23
HDL	UKBB	EUR	1	143	2254	449.872227191925	0	1	0	0
HDL	UKBB	EUR	1	153	2542	860.385021448135	0	3	0	0
HDL	UKBB	EUR	1	154	4038	4418.12122774124	1	2	2	4
HDL	UKBB	EUR	1	156	2514	1932.91714096069	0	3	3	18
HDL	UKBB	EUR	1	158	2657	3411.50994157791	1	4	1	1
HDL	UKBB	EUR	1	159	568	143.219694375992	0	1	1	6
HDL	UKBB	EUR	1	160	2231	355.540444612503	0	0	0	0
HDL	UKBB	EUR	1	168	3013	4689.78295016289	1	2	1	1
HDL	UKBB	EUR	1	173	2436	301.537999391556	0	0	0	0
HDL	UKBB	EUR	1	181	3786	483.824366092682	0	0	0	0
HDL	UKBB	EUR	1	182	3638	4541.63224768639	0	3	1	3
HDL	UKBB	EUR	1	183	3781	396.610914945602	0	0	0	0
HDL	UKBB	EUR	1	187	2604	1784.75411534309	0	0	2	34
HDL	UKBB	EUR	1	189	1990	387.67218208313	0	1	2	25
HDL	UKBB	EUR	1	191	2762	390.346915006638	1	1	2	9
HDL	UKBB	EUR	1	192	2843	1480.01916837692	0	1	2	35
HDL	UKBB	EUR	1	193	3226	1100.82740426064	1	2	1	1
HDL	UKBB	EUR	1	201	2958	586.369566202164	0	0	1	26
HDL	UKBB	EUR	1	202	2929	656.797889232635	1	1	1	1
HDL	UKBB	EUR	1	203	2277	483.301671504974	0	0	0	0
HDL	UKBB	EUR	1	204	2293	222.617370605469	0	2	1	5
HDL	UKBB	EUR	1	207	1727	574.548456430435	0	0	1	18
HDL	UKBB	EUR	1	208	2038	1633.06073856354	1	1	2	18
HDL	UKBB	EUR	1	209	808	100.970007419586	0	1	0	0
HDL	UKBB	EUR	1	211	1439	74.7320628166199	0	0	1	8
HDL	UKBB	EUR	1	213	1578	246.544335126877	0	0	1	80
HDL	UKBB	EUR	1	214	1412	50.6732659339905	0	0	1	3
HDL	UKBB	EUR	1	215	685	215.325152873993	1	1	1	1
HDL	UKBB	EUR	1	216	2969	509.6778216362	0	0	0	0
HDL	UKBB	EUR	1	218	566	33.9907324314117	0	0	0	0
HDL	UKBB	EUR	1	221	2537	1283.0294919014	0	2	0	0
HDL	UKBB	EUR	1	224	1806	193.435337543488	0	0	1	18
HDL	UKBB	EUR	1	228	1428	120.061842679977	0	0	0	0
HDL	UKBB	EUR	1	233	3506	1501.28227496147	0	1	1	13
HDL	UKBB	EUR	1	234	4037	2724.10095000267	2	4	3	5
HDL	UKBB	EUR	1	235	2641	745.697844743729	1	1	1	1
HDL	UKBB	EUR	1	238	5124	2774.97495985031	0	2	1	12
HDL	UKBB	EUR	1	239	1422	290.344043254852	0	0	0	0
HDL	UKBB	EUR	1	240	5344	1095.19534039497	0	0	1	3
HDL	UKBB	EUR	1	242	1366	871.193754673004	1	2	3	16
HDL	UKBB	EUR	1	243	1636	4273.69845175743	1	5	4	9
HDL	UKBB	EUR	1	244	3432	909.915392160416	1	1	2	48
HDL	UKBB	EUR	1	252	1296	392.331792831421	0	0	2	25
HDL	UKBB	EUR	1	253	591	116.851794719696	0	1	1	2
HDL	UKBB	EUR	1	254	2253	437.48459982872	0	1	0	0
HDL	UKBB	EUR	1	255	1271	94.4922099113464	0	0	1	30
HDL	UKBB	EUR	1	257	1483	307.321967124939	0	0	0	0
HDL	UKBB	EUR	1	264	1616	208.258014202118	0	0	0	0
HDL	UKBB	EUR	1	275	776	37.5257279872894	0	1	0	0
HDL	UKBB	EUR	2	1	677	65.3723678588867	0	0	1	20
HDL	UKBB	EUR	2	2	4278	883.62934756279	0	0	0	0
HDL	UKBB	EUR	2	3	1721	344.221359729767	0	0	0	0
HDL	UKBB	EUR	2	4	1552	243.827659130096	0	1	0	0
HDL	UKBB	EUR	2	6	1496	136.653876066208	0	2	1	2
HDL	UKBB	EUR	2	13	3796	715.023774385452	0	1	0	0
HDL	UKBB	EUR	2	28	678	65.4617946147919	0	0	0	0
HDL	UKBB	EUR	2	40	3933	707.559166431427	0	1	1	5
HDL	UKBB	EUR	2	41	1765	170.185557126999	0	2	2	30
HDL	UKBB	EUR	2	44	1710	2045.6874995231601	2	3	4	15
HDL	UKBB	EUR	2	45	3368	524.336478471756	1	3	2	4
HDL	UKBB	EUR	2	46	1609	118.142750024796	0	0	0	0
HDL	UKBB	EUR	2	47	4094	682.293887138367	0	0	1	39
HDL	UKBB	EUR	2	48	2464	658.983692884445	0	0	0	0
HDL	UKBB	EUR	2	49	3517	474.041264772415	0	1	0	0
HDL	UKBB	EUR	2	50	2239	668.655734777451	0	0	1	39
HDL	UKBB	EUR	2	51	2752	429.804171085358	0	0	0	0
HDL	UKBB	EUR	2	53	1812	263.897161960602	0	0	1	23
HDL	UKBB	EUR	2	55	6372	628.096017122269	0	0	0	0
HDL	UKBB	EUR	2	60	2429	210.709929943085	0	0	0	0
HDL	UKBB	EUR	2	62	1338	438.874766349792	0	0	1	84
HDL	UKBB	EUR	2	63	2406	566.074351787567	0	0	0	0
HDL	UKBB	EUR	2	66	5573	1335.90085530281	0	1	0	0
HDL	UKBB	EUR	2	67	5325	530.911017894745	0	1	0	0
HDL	UKBB	EUR	2	68	909	36.5750617980957	0	0	1	7
HDL	UKBB	EUR	2	69	3039	1086.290569067	0	1	0	0
HDL	UKBB	EUR	2	79	3859	1379.08838319778	0	3	2	5
HDL	UKBB	EUR	2	80	6125	923.315833568573	0	0	0	0
HDL	UKBB	EUR	2	84	8313	2212.44006299973	0	0	1	57
HDL	UKBB	EUR	2	85	7488	5218.98146271706	1	1	2	15
HDL	UKBB	EUR	2	86	3244	302.952996253967	0	0	1	10
HDL	UKBB	EUR	2	87	1230	392.335803985596	0	1	1	14
HDL	UKBB	EUR	2	88	9952	2722.97457146645	0	1	0	0
HDL	UKBB	EUR	2	89	2298	117.609379291534	0	1	1	3
HDL	UKBB	EUR	2	90	2008	279.039659261703	0	0	1	11
HDL	UKBB	EUR	2	97	2993	644.183711767197	0	0	0	0
HDL	UKBB	EUR	2	99	2040	842.419090986252	0	0	1	5
HDL	UKBB	EUR	2	100	2606	549.028196811676	0	0	0	0
HDL	UKBB	EUR	2	115	4151	699.809018135071	0	0	0	0
HDL	UKBB	EUR	2	117	2315	444.614746809006	0	0	0	0
HDL	UKBB	EUR	2	122	1858	938.030292272568	0	1	2	18
HDL	UKBB	EUR	2	124	2981	344.876420974731	0	0	0	0
HDL	UKBB	EUR	2	125	2496	560.481571912766	0	1	0	0
HDL	UKBB	EUR	2	128	4829	578.803892850876	0	1	0	0
HDL	UKBB	EUR	2	130	672	58.4563317298889	0	0	0	0
HDL	UKBB	EUR	2	131	133	13.2569191455841	0	1	1	3
HDL	UKBB	EUR	2	132	539	45.6531014442444	0	0	0	0
HDL	UKBB	EUR	2	138	4227	1838.73690843582	0	1	1	15
HDL	UKBB	EUR	2	146	3041	2080.64079761505	0	1	2	17
HDL	UKBB	EUR	2	147	5921	1959.34776806831	0	0	0	0
HDL	UKBB	EUR	2	151	2626	154.381939888	0	0	1	42
HDL	UKBB	EUR	2	153	3944	965.411542415619	1	1	1	1
HDL	UKBB	EUR	2	154	1700	298.779438972473	0	0	1	20
HDL	UKBB	EUR	2	159	5511	744.271216392517	0	0	0	0
HDL	UKBB	EUR	2	163	183	57.1012804508209	0	1	1	3
HDL	UKBB	EUR	2	164	835	78.4523568153381	0	0	0	0
HDL	UKBB	EUR	2	166	6593	10802.4473161697	0	1	2	9
HDL	UKBB	EUR	2	168	2735	2989.92468976974	1	2	3	7
HDL	UKBB	EUR	2	171	4167	1224.96920585632	0	0	1	9
HDL	UKBB	EUR	2	175	165	13.7983500957489	0	0	0	0
HDL	UKBB	EUR	2	176	3878	924.813063383102	0	0	0	0
HDL	UKBB	EUR	2	177	3260	689.737541913986	0	1	1	12
HDL	UKBB	EUR	2	180	2595	524.33293056488	0	0	0	0
HDL	UKBB	EUR	2	181	3981	731.842198371887	0	0	0	0
HDL	UKBB	EUR	2	183	1721	151.274737358093	1	2	1	1
HDL	UKBB	EUR	2	184	4994	3946.92521619797	0	2	1	3
HDL	UKBB	EUR	2	185	1496	107.813409805298	0	0	0	0
HDL	UKBB	EUR	2	186	4321	1348.53450918198	0	0	0	0
HDL	UKBB	EUR	2	191	1009	234.905804634094	0	1	2	41
HDL	UKBB	EUR	2	195	6741	1130.27679252625	0	0	0	0
HDL	UKBB	EUR	2	197	3407	398.112664937973	0	0	1	65
HDL	UKBB	EUR	2	199	4138	1546.27030825615	1	1	2	16
HDL	UKBB	EUR	2	202	631	31.6690242290497	0	0	0	0
HDL	UKBB	EUR	2	205	2016	398.37559056282	0	1	1	13
HDL	UKBB	EUR	2	208	5299	487.916534662247	0	0	1	28
HDL	UKBB	EUR	2	209	1040	249.834079742432	0	1	1	29
HDL	UKBB	EUR	2	210	1939	312.322174787521	0	0	0	0
HDL	UKBB	EUR	2	213	6677	3340.92342233658	0	0	2	39
HDL	UKBB	EUR	2	215	2090	302.006974220276	0	0	0	0
HDL	UKBB	EUR	2	217	1565	1051.87497448921	2	6	4	6
HDL	UKBB	EUR	2	218	1276	996.532638072968	1	5	2	3
HDL	UKBB	EUR	2	221	2472	141.142420530319	0	1	0	0
HDL	UKBB	EUR	2	227	1387	162.675114393234	0	0	0	0
HDL	UKBB	EUR	2	228	2122	362.281302690506	0	0	0	0
HDL	UKBB	EUR	2	230	1962	1442.73904728889	1	4	3	13
HDL	UKBB	EUR	2	232	1616	164.740463018417	0	0	1	8
HDL	UKBB	EUR	2	233	773	16.920560836792	0	0	0	0
HDL	UKBB	EUR	2	234	2689	527.839506149292	0	0	0	0
HDL	UKBB	EUR	2	235	1452	237.408365726471	0	0	1	5
HDL	UKBB	EUR	2	237	2797	818.444490194321	0	0	0	0
HDL	UKBB	EUR	2	240	2646	589.027425289154	0	0	1	47
HDL	UKBB	EUR	2	247	1110	134.181299448013	0	0	0	0
HDL	UKBB	EUR	2	250	5095	1473.3632004261	0	0	2	85
HDL	UKBB	EUR	2	251	1953	418.571013450623	0	0	0	0
HDL	UKBB	EUR	2	256	2615	975.208387374878	0	2	1	2
HDL	UKBB	EUR	3	8	969	246.6638276577	0	2	0	0
HDL	UKBB	EUR	3	9	906	103.61966586113	0	1	0	0
HDL	UKBB	EUR	3	20	3306	588.905144691467	0	0	0	0
HDL	UKBB	EUR	3	23	2024	260.761372566223	0	0	0	0
HDL	UKBB	EUR	3	24	3407	13456.4832496643	2	5	5	52
HDL	UKBB	EUR	3	25	498	21.0478754043579	0	0	0	0
HDL	UKBB	EUR	3	28	221	11.6952483654022	0	1	1	9
HDL	UKBB	EUR	3	30	3355	929.868968248367	0	0	1	26
HDL	UKBB	EUR	3	32	4121	1539.09759569168	0	0	0	0
HDL	UKBB	EUR	3	34	1422	260.652449369431	0	0	0	0
HDL	UKBB	EUR	3	35	3479	426.928858280182	0	0	0	0
HDL	UKBB	EUR	3	39	4431	794.988611698151	0	0	0	0
HDL	UKBB	EUR	3	40	2119	361.103769779205	0	1	0	0
HDL	UKBB	EUR	3	41	4368	540.819331407547	0	0	0	0
HDL	UKBB	EUR	3	42	3164	580.550795793533	0	0	0	0
HDL	UKBB	EUR	3	55	1712	608.388110399246	0	0	1	12
HDL	UKBB	EUR	3	59	3159	443.894520282745	0	0	0	0
HDL	UKBB	EUR	3	60	5643	502.700152397156	0	0	0	0
HDL	UKBB	EUR	3	64	166	4.01721549034119	0	1	0	0
HDL	UKBB	EUR	3	65	1391	209.98345375061	0	2	1	4
HDL	UKBB	EUR	3	71	3710	957.243200302124	0	2	0	0
HDL	UKBB	EUR	3	77	6378	2263.27848291397	0	1	1	4
HDL	UKBB	EUR	3	81	2178	377.11784362793	0	0	0	0
HDL	UKBB	EUR	3	83	4890	1255.86811041832	0	0	0	0
HDL	UKBB	EUR	3	84	2296	564.126672029495	0	0	1	48
HDL	UKBB	EUR	3	85	2063	305.361813783646	0	0	0	0
HDL	UKBB	EUR	3	88	3030	1320.64697885513	0	2	1	26
HDL	UKBB	EUR	3	89	3110	5760.71131634712	0	2	2	96
HDL	UKBB	EUR	3	90	1837	538.196959495544	0	1	0	0
HDL	UKBB	EUR	3	105	2332	441.196021080017	0	0	0	0
HDL	UKBB	EUR	3	106	8149	2297.55828857422	0	1	0	0
HDL	UKBB	EUR	3	108	3061	514.123239517212	0	1	0	0
HDL	UKBB	EUR	3	109	5706	914.839998006821	0	1	1	3
HDL	UKBB	EUR	3	112	3029	656.286935329437	0	0	0	0
HDL	UKBB	EUR	3	114	2342	612.196294784546	0	0	1	15
HDL	UKBB	EUR	3	119	4798	695.244403839111	0	0	0	0
HDL	UKBB	EUR	3	120	2885	1187.76628255844	1	1	2	12
HDL	UKBB	EUR	3	121	3572	750.70968580246	0	0	0	0
HDL	UKBB	EUR	3	123	1202	194.205011367798	0	1	1	20
HDL	UKBB	EUR	3	124	563	76.2848515510559	0	0	1	9
HDL	UKBB	EUR	3	125	3127	368.811620473862	0	0	0	0
HDL	UKBB	EUR	3	127	3392	686.168068885803	0	0	0	0
HDL	UKBB	EUR	3	128	1684	112.494509220123	0	0	0	0
HDL	UKBB	EUR	3	129	1872	252.558662652969	0	0	1	7
HDL	UKBB	EUR	3	132	4330	816.597909212112	0	0	0	0
HDL	UKBB	EUR	3	134	1409	187.671657562256	0	0	1	33
HDL	UKBB	EUR	3	135	2732	316.804120540619	0	1	1	2
HDL	UKBB	EUR	3	136	1720	369.461615562439	1	1	1	1
HDL	UKBB	EUR	3	140	3826	631.936634302139	0	1	1	2
HDL	UKBB	EUR	3	144	872	112.127982616425	0	0	1	22
HDL	UKBB	EUR	3	145	3522	1107.11173510551	0	0	0	0
HDL	UKBB	EUR	3	146	1421	116.071810483932	0	1	0	0
HDL	UKBB	EUR	3	155	3136	673.20525765419	1	1	1	1
HDL	UKBB	EUR	3	158	3605	772.69139289856	0	1	2	38
HDL	UKBB	EUR	3	159	2895	307.881510734558	0	1	1	6
HDL	UKBB	EUR	3	161	4215	863.524513721466	0	0	1	73
HDL	UKBB	EUR	3	162	4728	4521.50927567482	0	1	2	32
HDL	UKBB	EUR	3	165	3097	1454.85169386864	0	0	2	37
HDL	UKBB	EUR	3	170	2191	415.592984676361	0	0	0	0
HDL	UKBB	EUR	3	171	2220	374.752750635147	0	0	0	0
HDL	UKBB	EUR	3	174	899	86.7201397418976	0	0	1	11
HDL	UKBB	EUR	3	175	1113	191.998830318451	1	1	1	1
HDL	UKBB	EUR	3	179	2008	728.30820441246	1	1	1	1
HDL	UKBB	EUR	3	183	1480	300.373506784439	0	0	0	0
HDL	UKBB	EUR	3	184	1960	391.080706596375	0	0	0	0
HDL	UKBB	EUR	3	186	4150	737.993463039398	0	0	0	0
HDL	UKBB	EUR	3	191	2202	535.747761249542	0	1	1	3
HDL	UKBB	EUR	3	193	3496	3339.31841826439	0	3	4	28
HDL	UKBB	EUR	3	195	6818	808.455653905869	0	0	0	0
HDL	UKBB	EUR	3	212	1210	59.7607748508453	0	1	0	0
HDL	UKBB	EUR	3	214	3940	2328.55932235718	1	1	2	17
HDL	UKBB	EUR	3	216	2042	204.462909936905	0	0	0	0
HDL	UKBB	EUR	4	1	9736	6358.08667874336	0	0	2	36
HDL	UKBB	EUR	4	4	2520	323.020166397095	0	1	0	0
HDL	UKBB	EUR	4	10	563	49.9667809009552	0	0	0	0
HDL	UKBB	EUR	4	21	5219	926.875382184982	0	0	0	0
HDL	UKBB	EUR	4	32	3816	1268.38182449341	0	0	1	41
HDL	UKBB	EUR	4	33	3820	1120.23618292809	0	1	0	0
HDL	UKBB	EUR	4	37	1871	160.709983348846	0	0	0	0
HDL	UKBB	EUR	4	39	1952	291.637001037598	0	0	0	0
HDL	UKBB	EUR	4	42	533	82.553971529007	1	1	1	1
HDL	UKBB	EUR	4	54	7305	5624.91164064407	0	0	2	36
HDL	UKBB	EUR	4	55	2676	494.575765609741	0	2	1	5
HDL	UKBB	EUR	4	63	6857	3559.16434812546	0	0	0	0
HDL	UKBB	EUR	4	64	4971	1417.23037314415	0	0	0	0
HDL	UKBB	EUR	4	66	2487	183.923810482025	0	0	1	21
HDL	UKBB	EUR	4	67	739	90.2192754745483	0	0	0	0
HDL	UKBB	EUR	4	71	1330	203.311705112457	0	0	1	8
HDL	UKBB	EUR	4	79	2472	519.67561841011	0	0	0	0
HDL	UKBB	EUR	4	80	3472	2138.22041916847	1	2	1	1
HDL	UKBB	EUR	4	87	4616	2928.91806221008	1	1	2	10
HDL	UKBB	EUR	4	94	1899	311.50012516975403	0	0	0	0
HDL	UKBB	EUR	4	95	1195	111.506084918976	0	0	1	23
HDL	UKBB	EUR	4	101	3721	2014.81236386299	0	0	2	22
HDL	UKBB	EUR	4	102	2174	1120.51634716988	0	1	1	25
HDL	UKBB	EUR	4	103	1615	797.707808494568	0	1	2	17
HDL	UKBB	EUR	4	109	1493	302.359558582306	0	1	1	10
HDL	UKBB	EUR	4	113	4040	11128.3910329342	0	1	4	26
HDL	UKBB	EUR	4	114	3621	1756.21848416328	2	5	4	6
HDL	UKBB	EUR	4	115	1565	240.406714200974	1	2	2	3
HDL	UKBB	EUR	4	116	2736	4212.70057916641	1	3	4	28
HDL	UKBB	EUR	4	117	3505	1678.53662228584	0	1	1	7
HDL	UKBB	EUR	4	121	2497	352.745553016663	1	2	2	3
HDL	UKBB	EUR	4	122	1079	158.542786359787	0	0	0	0
HDL	UKBB	EUR	4	123	743	75.6444804668427	0	0	0	0
HDL	UKBB	EUR	4	124	4008	885.613194942474	0	0	0	0
HDL	UKBB	EUR	4	129	3568	719.81819653511	0	1	0	0
HDL	UKBB	EUR	4	130	3208	176.622731208801	0	0	1	15
HDL	UKBB	EUR	4	134	5424	2085.2973690033	0	0	0	0
HDL	UKBB	EUR	4	136	4883	1379.21338605881	0	0	0	0
HDL	UKBB	EUR	4	146	2274	469.172228336334	0	0	0	0
HDL	UKBB	EUR	4	147	1447	200.296721220016	0	1	0	0
HDL	UKBB	EUR	4	149	2897	426.703120708466	0	1	0	0
HDL	UKBB	EUR	4	150	2998	687.347166061401	0	1	1	11
HDL	UKBB	EUR	4	151	1460	216.985575914383	0	2	1	7
HDL	UKBB	EUR	4	152	1369	137.319274187088	1	2	2	4
HDL	UKBB	EUR	4	153	3273	434.232687950134	0	0	0	0
HDL	UKBB	EUR	4	154	1277	244.766369581223	0	0	0	0
HDL	UKBB	EUR	4	156	4680	997.855211496353	0	0	1	44
HDL	UKBB	EUR	4	159	1316	198.09799861908	0	0	0	0
HDL	UKBB	EUR	4	164	2585	491.346948623657	0	0	0	0
HDL	UKBB	EUR	4	165	2469	667.647570133209	0	0	1	26
HDL	UKBB	EUR	4	168	4523	378.215955018997	0	0	0	0
HDL	UKBB	EUR	4	180	3256	952.14090013504	0	0	0	0
HDL	UKBB	EUR	4	182	755	82.7357659339905	0	0	0	0
HDL	UKBB	EUR	4	184	1628	264.871104955673	0	0	0	0
HDL	UKBB	EUR	4	205	879	77.1370873451233	0	0	0	0
HDL	UKBB	EUR	4	209	1770	289.688359498978	0	0	0	0
HDL	UKBB	EUR	5	1	3216	678.674954652786	0	0	0	0
HDL	UKBB	EUR	5	2	1003	142.372087001801	0	2	2	12
HDL	UKBB	EUR	5	9	1932	126.865346193314	0	1	0	0
HDL	UKBB	EUR	5	27	5391	1723.60970187187	0	0	0	0
HDL	UKBB	EUR	5	56	4089	605.025146007538	0	0	0	0
HDL	UKBB	EUR	5	57	3050	941.275967359543	0	0	0	0
HDL	UKBB	EUR	5	58	1379	186.62638759613	0	0	0	0
HDL	UKBB	EUR	5	60	1683	259.584049701691	0	0	0	0
HDL	UKBB	EUR	5	64	4036	3504.6055867672	1	2	2	8
HDL	UKBB	EUR	5	66	2628	258.01828622818	0	1	0	0
HDL	UKBB	EUR	5	68	997	876.981059789658	2	2	2	2
HDL	UKBB	EUR	5	69	1396	1089.74667239189	0	2	2	5
HDL	UKBB	EUR	5	70	1369	245.243539810181	0	0	0	0
HDL	UKBB	EUR	5	71	4343	490.689664125443	0	1	0	0
HDL	UKBB	EUR	5	72	4643	1878.06535720825	0	2	1	17
HDL	UKBB	EUR	5	75	3111	345.857368707657	0	0	0	0
HDL	UKBB	EUR	5	78	1166	346.038437604904	1	1	1	1
HDL	UKBB	EUR	5	80	2571	356.218164920807	0	0	0	0
HDL	UKBB	EUR	5	81	2477	319.047415018082	0	0	0	0
HDL	UKBB	EUR	5	82	1629	197.72700548172	0	0	1	41
HDL	UKBB	EUR	5	85	3467	698.890072822571	1	1	1	1
HDL	UKBB	EUR	5	88	1488	172.011042356491	0	0	1	9
HDL	UKBB	EUR	5	92	2158	623.673074007034	0	1	1	62
HDL	UKBB	EUR	5	93	1166	174.463677406311	0	0	0	0
HDL	UKBB	EUR	5	96	3423	837.992393255234	0	0	1	35
HDL	UKBB	EUR	5	97	2070	59.6490259170532	0	1	1	2
HDL	UKBB	EUR	5	102	4591	3009.10599255562	0	1	1	18
HDL	UKBB	EUR	5	104	2791	636.739664077759	0	1	1	2
HDL	UKBB	EUR	5	105	1366	125.220741510391	0	0	1	22
HDL	UKBB	EUR	5	108	1370	185.346720695496	0	0	0	0
HDL	UKBB	EUR	5	109	1787	357.492952346802	0	1	1	3
HDL	UKBB	EUR	5	114	9541	4063.54674434662	0	0	1	37
HDL	UKBB	EUR	5	116	3972	840.987670183182	0	0	0	0
HDL	UKBB	EUR	5	117	2852	439.586709499359	0	0	0	0
HDL	UKBB	EUR	5	119	3567	450.974352359772	0	0	1	19
HDL	UKBB	EUR	5	120	3931	284.71795129776	0	0	0	0
HDL	UKBB	EUR	5	127	5610	618.96003985405	0	0	1	5
HDL	UKBB	EUR	5	130	4239	1000.30320262909	0	0	1	37
HDL	UKBB	EUR	5	132	1801	460.787129640579	0	0	0	0
HDL	UKBB	EUR	5	133	2223	156.207433223724	0	0	0	0
HDL	UKBB	EUR	5	134	2286	456.654032230377	0	0	0	0
HDL	UKBB	EUR	5	136	4002	948.880328416824	0	0	1	7
HDL	UKBB	EUR	5	142	2852	635.346688508987	0	2	2	6
HDL	UKBB	EUR	5	144	3308	256.954518556595	0	0	1	22
HDL	UKBB	EUR	5	145	5023	1723.39674520493	0	0	0	0
HDL	UKBB	EUR	5	146	4200	853.258957624435	0	1	0	0
HDL	UKBB	EUR	5	147	1785	939.732324361801	0	1	1	6
HDL	UKBB	EUR	5	151	891	171.792101621628	0	1	0	0
HDL	UKBB	EUR	5	152	4922	1180.01751375198	0	1	0	0
HDL	UKBB	EUR	5	154	2461	292.980312585831	0	0	0	0
HDL	UKBB	EUR	5	156	2214	343.49739408493	1	1	2	14
HDL	UKBB	EUR	5	158	2032	249.829834699631	0	1	1	8
HDL	UKBB	EUR	5	160	1986	309.013488769531	0	0	0	0
HDL	UKBB	EUR	5	163	2201	806.434743881226	0	0	2	15
HDL	UKBB	EUR	5	167	2520	473.619462490082	0	1	0	0
HDL	UKBB	EUR	5	168	3146	16570.9364743233	1	1	5	46
HDL	UKBB	EUR	5	181	989	65.2611591815948	0	1	0	0
HDL	UKBB	EUR	5	189	1589	142.451474189758	0	1	1	3
HDL	UKBB	EUR	5	191	4409	173.44902920723	0	0	1	4
HDL	UKBB	EUR	5	193	983	119.584562778473	0	0	0	0
HDL	UKBB	EUR	5	194	1243	165.97330737114	0	0	0	0
HDL	UKBB	EUR	5	202	1904	124.363948106766	0	0	0	0
HDL	UKBB	EUR	5	207	2649	1151.76328635216	0	2	0	0
HDL	UKBB	EUR	5	208	1921	68.1180853843689	0	1	1	3
HDL	UKBB	EUR	5	209	494	204.031418085098	1	3	2	3
HDL	UKBB	EUR	5	210	310	7.96122288703918	1	1	1	1
HDL	UKBB	EUR	6	18	519	70.083473443985	0	0	0	0
HDL	UKBB	EUR	6	19	2661	347.146579742432	0	0	1	20
HDL	UKBB	EUR	6	21	1829	279.113906860352	0	0	1	38
HDL	UKBB	EUR	6	23	2241	237.445911407471	0	1	1	4
HDL	UKBB	EUR	6	29	2542	560.625592470169	0	0	0	0
HDL	UKBB	EUR	6	34	3063	643.570698022842	0	0	0	0
HDL	UKBB	EUR	6	36	1019	104.748844623566	0	1	1	11
HDL	UKBB	EUR	6	37	1401	125.990648984909	0	0	1	10
HDL	UKBB	EUR	6	38	990	86.0007879734039	0	0	0	0
HDL	UKBB	EUR	6	39	4668	546.882002830505	0	0	0	0
HDL	UKBB	EUR	6	43	3006	1362.26182937622	0	2	1	15
HDL	UKBB	EUR	6	49	640	81.161096572876	0	0	0	0
HDL	UKBB	EUR	6	50	4720	645.129984140396	0	0	1	9
HDL	UKBB	EUR	6	51	5797	12176.3536279202	2	3	3	4
HDL	UKBB	EUR	6	52	1845	152.516321182251	0	0	1	19
HDL	UKBB	EUR	6	53	1679	588.954741954803	0	1	1	15
HDL	UKBB	EUR	6	55	1605	129.9484167099	0	0	1	7
HDL	UKBB	EUR	6	57	1842	203.092161178589	0	0	1	10
HDL	UKBB	EUR	6	58	3177	463.001760721207	0	0	0	0
HDL	UKBB	EUR	6	60	1711	136.873284339905	0	0	1	11
HDL	UKBB	EUR	6	63	2725	5119.96182751656	1	5	3	11
HDL	UKBB	EUR	6	64	298	778.041922092438	4	5	6	19
HDL	UKBB	EUR	6	68	678	61.2836925983429	0	0	0	0
HDL	UKBB	EUR	6	69	2777	461.362511873245	0	0	0	0
HDL	UKBB	EUR	6	71	10085	4013.40059065819	0	2	0	0
HDL	UKBB	EUR	6	73	459	24.3984985351562	0	0	1	76
HDL	UKBB	EUR	6	76	5101	2393.33544206619	0	1	0	0
HDL	UKBB	EUR	6	84	2529	221.740466117859	0	0	0	0
HDL	UKBB	EUR	6	85	6251	244.729871034622	0	0	0	0
HDL	UKBB	EUR	6	86	5993	1536.18572497368	0	0	0	0
HDL	UKBB	EUR	6	88	8583	2136.67075109482	0	0	0	0
HDL	UKBB	EUR	6	90	692	63.8786723613739	0	0	0	0
HDL	UKBB	EUR	6	94	4318	1691.49022054672	0	1	1	3
HDL	UKBB	EUR	6	97	2797	1130.43111610413	0	3	1	24
HDL	UKBB	EUR	6	98	3487	347.724353075027	0	1	1	3
HDL	UKBB	EUR	6	101	3123	782.83992934227	0	0	1	25
HDL	UKBB	EUR	6	105	2926	180.635342121124	1	2	1	1
HDL	UKBB	EUR	6	106	2288	603.810786247253	1	1	1	1
HDL	UKBB	EUR	6	108	908	120.986658334732	0	1	1	18
HDL	UKBB	EUR	6	109	2459	4047.11305046082	0	0	2	31
HDL	UKBB	EUR	6	115	6423	1757.59692430496	0	0	1	10
HDL	UKBB	EUR	6	116	4015	739.593933820724	0	1	0	0
HDL	UKBB	EUR	6	117	5487	258.996976852417	0	1	1	3
HDL	UKBB	EUR	6	118	2402	303.415870428085	0	0	0	0
HDL	UKBB	EUR	6	124	4335	5083.96784901619	1	1	3	20
HDL	UKBB	EUR	6	127	2207	702.470041751862	0	1	0	0
HDL	UKBB	EUR	6	128	3027	681.835324764252	0	2	1	2
HDL	UKBB	EUR	6	134	2088	392.215195894241	0	0	0	0
HDL	UKBB	EUR	6	137	1261	118.945468425751	0	0	1	10
HDL	UKBB	EUR	6	140	1925	369.537549495697	0	0	1	7
HDL	UKBB	EUR	6	146	1497	129.74291229248	0	0	0	0
HDL	UKBB	EUR	6	160	3092	609.110541582108	0	1	1	3
HDL	UKBB	EUR	6	161	2467	223.503286361694	0	0	0	0
HDL	UKBB	EUR	6	164	1471	163.202051639557	0	2	1	24
HDL	UKBB	EUR	6	167	2775	128.920207500458	1	2	1	1
HDL	UKBB	EUR	6	168	3828	552.051346063614	0	0	0	0
HDL	UKBB	EUR	6	169	6165	23186.6903307438	2	6	5	15
HDL	UKBB	EUR	6	173	3068	640.698230981827	0	0	0	0
HDL	UKBB	EUR	6	175	1886	230.640911102295	0	1	2	8
HDL	UKBB	EUR	6	179	1770	324.30867934227	0	0	0	0
HDL	UKBB	EUR	6	182	2301	483.183020353317	0	0	1	40
HDL	UKBB	EUR	6	183	1540	72.5694315433502	0	1	0	0
HDL	UKBB	EUR	7	1	944	78.7487072944641	0	0	0	0
HDL	UKBB	EUR	7	3	2245	2829.10130906105	0	4	2	6
HDL	UKBB	EUR	7	12	4770	6128.05190515518	1	3	3	6
HDL	UKBB	EUR	7	13	1869	193.203343153	0	0	1	47
HDL	UKBB	EUR	7	21	664	153.029365062714	0	1	1	2
HDL	UKBB	EUR	7	25	3982	1491.26369833946	0	1	0	0
HDL	UKBB	EUR	7	26	3822	521.586379528046	1	1	1	1
HDL	UKBB	EUR	7	31	2785	876.629127264023	0	1	2	22
HDL	UKBB	EUR	7	32	3241	191.722790241241	0	1	1	3
HDL	UKBB	EUR	7	33	4057	2595.64575195312	0	0	1	2
HDL	UKBB	EUR	7	37	3537	680.517534017563	0	0	0	0
HDL	UKBB	EUR	7	39	2054	309.432900190353	0	0	0	0
HDL	UKBB	EUR	7	40	4761	1620.57930922508	0	1	0	0
HDL	UKBB	EUR	7	42	3185	2791.57502269745	0	2	2	23
HDL	UKBB	EUR	7	43	4179	384.52742099762	0	2	0	0
HDL	UKBB	EUR	7	44	584	18.4679419994354	0	1	1	11
HDL	UKBB	EUR	7	45	1344	93.9474668502808	0	0	1	6
HDL	UKBB	EUR	7	46	582	48.1397490501404	0	0	0	0
HDL	UKBB	EUR	7	48	651	71.6856682300568	0	0	1	16
HDL	UKBB	EUR	7	49	2078	82.1182630062103	0	1	0	0
HDL	UKBB	EUR	7	51	2152	23.7537591457367	0	1	0	0
HDL	UKBB	EUR	7	53	1314	174.974269866943	0	0	0	0
HDL	UKBB	EUR	7	58	3206	1223.3374311924	0	2	2	11
HDL	UKBB	EUR	7	62	1560	270.369838476181	0	0	1	11
HDL	UKBB	EUR	7	64	260	11.7313807010651	0	0	1	14
HDL	UKBB	EUR	7	67	7818	3031.30197238922	0	0	1	5
HDL	UKBB	EUR	7	69	2140	384.859535694122	0	0	0	0
HDL	UKBB	EUR	7	72	5005	803.600558757782	0	0	0	0
HDL	UKBB	EUR	7	73	1099	457.101915836334	0	2	1	6
HDL	UKBB	EUR	7	74	1409	421.764286756516	0	0	1	11
HDL	UKBB	EUR	7	82	3240	645.503071784973	0	0	0	0
HDL	UKBB	EUR	7	85	3583	390.396239995956	0	2	2	4
HDL	UKBB	EUR	7	86	1233	92.3283388614655	0	0	0	0
HDL	UKBB	EUR	7	87	386	27.4722888469696	0	1	1	2
HDL	UKBB	EUR	7	88	4074	1902.92249727249	1	1	1	1
HDL	UKBB	EUR	7	89	2630	635.120975971222	0	0	0	0
HDL	UKBB	EUR	7	90	818	41.9016306400299	0	0	0	0
HDL	UKBB	EUR	7	92	3030	556.837728738785	0	0	0	0
HDL	UKBB	EUR	7	93	1308	174.335049629211	0	0	1	63
HDL	UKBB	EUR	7	94	1818	243.592940807343	0	0	0	0
HDL	UKBB	EUR	7	95	1991	427.875103235245	0	0	0	0
HDL	UKBB	EUR	7	99	4186	1364.77363777161	0	0	0	0
HDL	UKBB	EUR	7	101	4149	339.887121677399	0	0	0	0
HDL	UKBB	EUR	7	107	5761	1711.60667347908	1	1	1	1
HDL	UKBB	EUR	7	111	4103	861.02788734436	0	0	0	0
HDL	UKBB	EUR	7	113	3333	185.385532855988	0	0	1	25
HDL	UKBB	EUR	7	114	4938	1194.43488454819	0	1	0	0
HDL	UKBB	EUR	7	119	2203	898.07210111618	0	1	1	83
HDL	UKBB	EUR	7	121	5422	1476.92711305618	0	0	1	64
HDL	UKBB	EUR	7	127	1008	65.7968170642853	0	1	0	0
HDL	UKBB	EUR	7	128	1041	121.645216703415	0	0	0	0
HDL	UKBB	EUR	7	131	6152	2140.40286421776	0	1	0	0
HDL	UKBB	EUR	7	132	6103	1947.76759576797	0	0	0	0
HDL	UKBB	EUR	7	133	6062	5284.52064323425	0	0	2	10
HDL	UKBB	EUR	7	134	1880	172.458238840103	0	0	0	0
HDL	UKBB	EUR	7	139	980	85.0176091194153	0	0	1	3
HDL	UKBB	EUR	7	141	4535	1087.00782775879	0	1	0	0
HDL	UKBB	EUR	7	143	1057	105.52823805809	0	1	0	0
HDL	UKBB	EUR	7	145	2058	91.2752945423126	0	0	1	31
HDL	UKBB	EUR	7	146	1202	215.091799020767	0	0	0	0
HDL	UKBB	EUR	7	147	1412	258.936303377151	0	0	0	0
HDL	UKBB	EUR	7	160	1973	238.840093612671	0	0	0	0
HDL	UKBB	EUR	7	161	746	116.215311765671	0	0	0	0
HDL	UKBB	EUR	7	162	5389	6595.71690177917	0	1	3	43
HDL	UKBB	EUR	7	164	548	74.7981879711151	0	1	1	19
HDL	UKBB	EUR	7	184	2682	447.205382108688	0	0	0	0
HDL	UKBB	EUR	7	187	3955	600.227552890778	0	0	0	0
HDL	UKBB	EUR	8	13	1007	257.618450164795	0	0	1	38
HDL	UKBB	EUR	8	17	2977	667.234285116196	0	0	1	33
HDL	UKBB	EUR	8	20	2522	356.472054481506	0	0	0	0
HDL	UKBB	EUR	8	21	2776	169.284034967422	0	0	1	6
HDL	UKBB	EUR	8	22	4739	572.793829202652	0	0	1	107
HDL	UKBB	EUR	8	23	2500	705.62504696846	0	0	0	0
HDL	UKBB	EUR	8	24	5390	932.701145172119	0	0	0	0
HDL	UKBB	EUR	8	27	2103	320.580681324005	0	0	0	0
HDL	UKBB	EUR	8	29	5390	1864.33165836334	0	0	1	41
HDL	UKBB	EUR	8	30	1165	184.211027860641	0	0	0	0
HDL	UKBB	EUR	8	31	672	64.7044327259064	1	2	1	1
HDL	UKBB	EUR	8	32	3733	18010.8402514458	6	9	10	15
HDL	UKBB	EUR	8	33	3138	21424.7520029545	4	9	5	6
HDL	UKBB	EUR	8	34	1633	232.759321212769	0	0	0	0
HDL	UKBB	EUR	8	35	1393	335.070731878281	0	1	1	2
HDL	UKBB	EUR	8	36	1030	88.9134523868561	0	2	1	10
HDL	UKBB	EUR	8	37	1430	87.8278608322144	0	1	0	0
HDL	UKBB	EUR	8	39	2368	519.907955884933	0	0	0	0
HDL	UKBB	EUR	8	40	3008	180.784754037857	0	0	0	0
HDL	UKBB	EUR	8	42	3931	1283.99403953552	0	1	1	3
HDL	UKBB	EUR	8	46	1175	179.465893030167	0	0	0	0
HDL	UKBB	EUR	8	48	2796	254.557752609253	0	1	1	2
HDL	UKBB	EUR	8	51	4306	1390.53081798553	0	1	2	12
HDL	UKBB	EUR	8	53	2454	398.007960796356	0	1	0	0
HDL	UKBB	EUR	8	55	2255	409.419022083282	0	1	1	7
HDL	UKBB	EUR	8	69	4924	1602.58560156822	0	1	0	0
HDL	UKBB	EUR	8	70	5066	1560.56853675842	0	0	0	0
HDL	UKBB	EUR	8	71	3268	660.715754032135	0	0	1	33
HDL	UKBB	EUR	8	77	2964	1348.57267260551	0	2	1	5
HDL	UKBB	EUR	8	78	661	67.8139340877533	0	0	1	20
HDL	UKBB	EUR	8	80	1396	46.9308242797852	0	0	1	5
HDL	UKBB	EUR	8	81	3108	550.059537410736	0	0	1	38
HDL	UKBB	EUR	8	84	6852	969.94887137413	0	0	0	0
HDL	UKBB	EUR	8	88	3369	358.953637123108	0	0	1	22
HDL	UKBB	EUR	8	93	4143	377.300887107849	0	1	1	13
HDL	UKBB	EUR	8	94	2882	582.054500102997	0	0	0	0
HDL	UKBB	EUR	8	107	1071	221.346118211746	0	2	1	8
HDL	UKBB	EUR	8	108	5242	6233.00932598114	0	1	2	32
HDL	UKBB	EUR	8	109	4795	967.008230447769	1	1	2	12
HDL	UKBB	EUR	8	110	4638	583.78196978569	0	0	0	0
HDL	UKBB	EUR	8	112	3004	499.162716388702	0	0	0	0
HDL	UKBB	EUR	8	113	2229	801.176978826523	0	2	2	9
HDL	UKBB	EUR	8	115	1833	337.902227163315	0	0	0	0
HDL	UKBB	EUR	8	118	1366	326.562496900558	1	3	2	5
HDL	UKBB	EUR	8	119	2173	270.356510639191	0	0	0	0
HDL	UKBB	EUR	8	124	1865	89.7768983840942	0	1	1	2
HDL	UKBB	EUR	8	125	828	2446.56451964378	4	5	6	12
HDL	UKBB	EUR	8	127	1992	114.849735021591	0	1	1	5
HDL	UKBB	EUR	8	130	1672	210.770186185837	0	0	0	0
HDL	UKBB	EUR	8	159	2198	713.795714139938	1	2	2	6
HDL	UKBB	EUR	8	160	2066	355.796679496765	0	1	0	0
HDL	UKBB	EUR	9	1	4451	260.091500759125	0	0	1	9
HDL	UKBB	EUR	9	4	2700	318.789603471756	0	0	0	0
HDL	UKBB	EUR	9	9	1939	304.706725597382	0	0	0	0
HDL	UKBB	EUR	9	12	2308	216.662561178207	0	0	0	0
HDL	UKBB	EUR	9	27	6999	6146.69468045235	1	2	2	10
HDL	UKBB	EUR	9	31	3740	2061.77506613731	2	5	3	20
HDL	UKBB	EUR	9	33	2547	429.605597019196	0	0	0	0
HDL	UKBB	EUR	9	36	2538	1465.75345087051	0	2	1	23
HDL	UKBB	EUR	9	40	4726	990.577096223831	0	0	1	13
HDL	UKBB	EUR	9	48	630	25.0115714073181	0	0	1	9
HDL	UKBB	EUR	9	49	7005	924.501451015472	0	1	0	0
HDL	UKBB	EUR	9	50	3702	765.672649383545	0	0	0	0
HDL	UKBB	EUR	9	51	1481	217.74888753891	0	0	0	0
HDL	UKBB	EUR	9	53	4772	2445.02482295036	0	2	1	9
HDL	UKBB	EUR	9	56	3387	236.610566139221	0	0	0	0
HDL	UKBB	EUR	9	63	3966	331.57373714447	0	0	0	0
HDL	UKBB	EUR	9	78	1209	101.767275094986	0	1	0	0
HDL	UKBB	EUR	9	84	2430	358.953635692596	0	0	1	9
HDL	UKBB	EUR	9	85	2700	397.141447782516	0	0	0	0
HDL	UKBB	EUR	9	88	2200	516.40745973587	1	1	1	1
HDL	UKBB	EUR	9	91	1831	566.255379199982	0	1	0	0
HDL	UKBB	EUR	9	92	511	70.6077184677124	0	0	0	0
HDL	UKBB	EUR	9	93	3084	811.468464374542	0	1	1	11
HDL	UKBB	EUR	9	97	1400	181.904292345047	0	0	1	19
HDL	UKBB	EUR	9	98	4022	1193.81179666519	0	2	2	12
HDL	UKBB	EUR	9	100	3623	1171.76948451996	0	0	0	0
HDL	UKBB	EUR	9	102	3684	2976.29742860794	1	1	1	1
HDL	UKBB	EUR	9	103	972	121.139185190201	0	0	0	0
HDL	UKBB	EUR	9	104	1166	63.4273447990417	0	1	0	0
HDL	UKBB	EUR	9	105	832	104.261540412903	0	0	0	0
HDL	UKBB	EUR	9	106	3610	1852.4871878624	1	1	1	1
HDL	UKBB	EUR	9	107	939	66.2522234916687	0	0	0	0
HDL	UKBB	EUR	9	109	4374	836.726132631302	0	0	0	0
HDL	UKBB	EUR	9	110	4425	10907.5858132839	8	11	9	12
HDL	UKBB	EUR	9	111	194	426.76896572113	7	10	9	11
HDL	UKBB	EUR	9	112	4250	15626.385982275	6	9	8	11
HDL	UKBB	EUR	9	113	2331	649.622259378433	0	2	1	2
HDL	UKBB	EUR	9	114	1532	258.959323644638	0	1	0	0
HDL	UKBB	EUR	9	115	4421	660.062759160995	0	1	0	0
HDL	UKBB	EUR	9	116	2340	436.734487771988	0	0	1	15
HDL	UKBB	EUR	9	118	5303	7311.21526432037	1	6	3	5
HDL	UKBB	EUR	9	124	2007	763.199815988541	1	1	1	1
HDL	UKBB	EUR	9	129	2924	524.945808172226	0	1	1	11
HDL	UKBB	EUR	9	130	3032	418.940277099609	0	0	0	0
HDL	UKBB	EUR	9	134	4985	2313.99857115746	1	1	1	1
HDL	UKBB	EUR	9	136	2427	340.731376171112	0	0	1	6
HDL	UKBB	EUR	9	138	3792	2681.2756459713	0	0	1	39
HDL	UKBB	EUR	9	140	5250	1369.24679422379	0	1	1	39
HDL	UKBB	EUR	9	141	739	49.1315431594849	0	0	1	25
HDL	UKBB	EUR	9	144	2015	411.18638086319	1	1	1	1
HDL	UKBB	EUR	9	148	1469	216.226783275604	0	1	0	0
HDL	UKBB	EUR	9	149	1825	165.527674913406	0	1	1	3
HDL	UKBB	EUR	9	152	589	77.8034498691559	0	0	1	32
HDL	UKBB	EUR	9	153	206	10.4132962226868	0	0	1	28
HDL	UKBB	EUR	9	154	967	96.4383039474487	0	0	0	0
HDL	UKBB	EUR	9	156	1897	232.271737337112	0	1	0	0
HDL	UKBB	EUR	9	162	1639	387.029277324677	0	0	1	7
HDL	UKBB	EUR	10	1	3271	825.487906455994	0	0	0	0
HDL	UKBB	EUR	10	9	248	16.8651607036591	0	0	0	0
HDL	UKBB	EUR	10	11	1059	151.787641048431	0	0	0	0
HDL	UKBB	EUR	10	13	2339	446.28123831749	0	0	0	0
HDL	UKBB	EUR	10	14	3294	861.290360689163	0	0	1	63
HDL	UKBB	EUR	10	20	138	7.71304082870483	0	1	0	0
HDL	UKBB	EUR	10	22	2727	603.263373374939	0	0	0	0
HDL	UKBB	EUR	10	23	653	65.1177673339844	0	0	1	13
HDL	UKBB	EUR	10	33	2094	728.511051177979	0	0	2	36
HDL	UKBB	EUR	10	40	1635	332.697954654694	0	0	0	0
HDL	UKBB	EUR	10	43	2325	496.696044683456	0	3	1	6
HDL	UKBB	EUR	10	46	3651	251.236675977707	0	0	0	0
HDL	UKBB	EUR	10	48	4039	720.748573541641	0	1	1	3
HDL	UKBB	EUR	10	49	2603	456.730015993118	0	0	0	0
HDL	UKBB	EUR	10	52	3648	636.849328041077	0	0	0	0
HDL	UKBB	EUR	10	54	5918	1316.69857883453	0	0	0	0
HDL	UKBB	EUR	10	60	4217	5761.39351224899	1	2	1	1
HDL	UKBB	EUR	10	61	1598	447.830332040787	0	2	0	0
HDL	UKBB	EUR	10	64	693	131.958582162857	0	0	0	0
HDL	UKBB	EUR	10	67	1884	293.541603803635	0	0	1	10
HDL	UKBB	EUR	10	68	2005	301.653820991516	0	0	0	0
HDL	UKBB	EUR	10	70	3314	1988.54083752632	0	1	2	6
HDL	UKBB	EUR	10	79	3565	593.819950342178	0	1	1	25
HDL	UKBB	EUR	10	80	3766	246.325995445251	0	1	0	0
HDL	UKBB	EUR	10	81	3855	760.887943029404	0	0	1	10
HDL	UKBB	EUR	10	83	3132	594.09570932388306	0	0	0	0
HDL	UKBB	EUR	10	85	1078	26.3459651470184	0	1	1	2
HDL	UKBB	EUR	10	87	1892	251.136919260025	0	1	0	0
HDL	UKBB	EUR	10	92	5114	4579.38345313072	0	1	1	5
HDL	UKBB	EUR	10	93	1039	242.687713384628	0	0	0	0
HDL	UKBB	EUR	10	100	1074	496.416454076767	0	1	1	5
HDL	UKBB	EUR	10	101	2711	436.923946619034	0	0	0	0
HDL	UKBB	EUR	10	109	3316	460.676388263702	0	1	1	8
HDL	UKBB	EUR	10	113	2676	479.246162652969	0	0	0	0
HDL	UKBB	EUR	10	117	4409	5411.06727552414	1	2	2	3
HDL	UKBB	EUR	10	124	840	31.658919095993	0	0	1	5
HDL	UKBB	EUR	10	126	3675	600.401868343353	0	0	1	3
HDL	UKBB	EUR	10	127	1162	165.012897729874	0	2	0	0
HDL	UKBB	EUR	10	128	314	21.511970281601	0	1	1	3
HDL	UKBB	EUR	10	129	4784	1085.24514508247	0	0	1	9
HDL	UKBB	EUR	10	130	1465	289.277635574341	0	3	0	0
HDL	UKBB	EUR	10	137	3698	1022.97526812553	0	2	2	12
HDL	UKBB	EUR	10	138	715	2248.22365474701	1	2	3	19
HDL	UKBB	EUR	10	140	912	453.840933084488	1	2	2	7
HDL	UKBB	EUR	10	141	1939	195.485512256622	0	1	0	0
HDL	UKBB	EUR	10	142	1200	258.481905221939	0	2	2	9
HDL	UKBB	EUR	10	143	3421	436.966799736023	0	3	1	11
HDL	UKBB	EUR	10	144	1463	181.509363889694	0	1	0	0
HDL	UKBB	EUR	10	145	1409	1172.18861627579	0	1	1	13
HDL	UKBB	EUR	10	150	3128	1772.88681697845	0	1	1	9
HDL	UKBB	EUR	10	152	2179	9574.96807003021	0	2	4	56
HDL	UKBB	EUR	10	153	2430	307.273257017136	0	0	1	5
HDL	UKBB	EUR	10	154	5118	729.74140381813	0	1	1	31
HDL	UKBB	EUR	10	157	1932	870.830691337585	0	0	2	47
HDL	UKBB	EUR	10	162	1815	489.933118581772	0	1	0	0
HDL	UKBB	EUR	10	167	604	56.2488934993744	0	1	0	0
HDL	UKBB	EUR	11	2	2424	977.389640808105	1	2	2	3
HDL	UKBB	EUR	11	4	1623	522.274959564209	0	1	2	11
HDL	UKBB	EUR	11	6	413	42.919881105423	0	0	1	27
HDL	UKBB	EUR	11	7	1406	1188.72492551804	1	2	3	30
HDL	UKBB	EUR	11	11	3016	375.54575586319	0	0	0	0
HDL	UKBB	EUR	11	18	5813	787.198897361755	0	0	1	4
HDL	UKBB	EUR	11	19	1267	115.276749134064	0	0	0	0
HDL	UKBB	EUR	11	26	990	35.3214721679688	0	1	0	0
HDL	UKBB	EUR	11	27	2571	647.853699207306	0	0	0	0
HDL	UKBB	EUR	11	28	2051	1756.56385016441	1	3	2	11
HDL	UKBB	EUR	11	29	1378	220.439970493317	0	0	0	0
HDL	UKBB	EUR	11	30	1844	228.377235412598	0	0	1	7
HDL	UKBB	EUR	11	33	2365	248.394047021866	0	0	0	0
HDL	UKBB	EUR	11	51	2630	344.49604845047	0	0	0	0
HDL	UKBB	EUR	11	52	1538	215.952045440674	1	1	1	1
HDL	UKBB	EUR	11	53	3126	757.443184375763	0	1	0	0
HDL	UKBB	EUR	11	54	2341	516.654794216156	0	3	1	13
HDL	UKBB	EUR	11	57	2378	416.823228359222	0	0	0	0
HDL	UKBB	EUR	11	65	2237	278.905195474625	0	1	0	0
HDL	UKBB	EUR	11	70	4378	1634.94509458542	0	1	2	31
HDL	UKBB	EUR	11	75	1733	450.016633749008	0	2	0	0
HDL	UKBB	EUR	11	76	2126	6317.97049212456	1	4	4	25
HDL	UKBB	EUR	11	77	2080	280.950560331345	1	2	2	18
HDL	UKBB	EUR	11	78	2159	595.579146146774	2	3	2	2
HDL	UKBB	EUR	11	79	4651	8425.84896039963	2	4	6	18
HDL	UKBB	EUR	11	80	3140	9564.44832158089	1	3	1	1
HDL	UKBB	EUR	11	81	2086	865.23499584198	1	2	1	1
HDL	UKBB	EUR	11	86	2976	3412.80406880379	0	1	3	60
HDL	UKBB	EUR	11	88	3284	17135.0358743668	0	5	3	31
HDL	UKBB	EUR	11	89	487	12.3516809940338	0	1	1	7
HDL	UKBB	EUR	11	90	4910	405.766687393188	0	1	0	0
HDL	UKBB	EUR	11	100	3008	362.285557508469	0	0	0	0
HDL	UKBB	EUR	11	107	1153	534.659986972809	0	2	1	2
HDL	UKBB	EUR	11	108	971	69.207594871521	0	0	1	4
HDL	UKBB	EUR	11	109	886	137.240883111954	0	0	0	0
HDL	UKBB	EUR	11	115	3059	332.411023855209	0	1	0	0
HDL	UKBB	EUR	11	117	5103	1380.12839841843	0	0	0	0
HDL	UKBB	EUR	11	121	2578	314.108238697052	1	1	2	34
HDL	UKBB	EUR	11	123	1498	199.519139289856	0	1	1	5
HDL	UKBB	EUR	11	126	5288	406.057438135147	0	1	0	0
HDL	UKBB	EUR	11	128	405	373.502268791199	1	2	2	11
HDL	UKBB	EUR	11	129	2561	4040.62295246124	9	11	11	14
HDL	UKBB	EUR	11	130	1344	2691.6681907177	4	8	4	4
HDL	UKBB	EUR	11	131	349	4.40464305877686	1	1	1	1
HDL	UKBB	EUR	11	132	937	142.71370434761	0	1	2	17
HDL	UKBB	EUR	11	133	2265	5217.96975588799	0	3	4	35
HDL	UKBB	EUR	11	134	3392	406.993139028549	0	1	1	3
HDL	UKBB	EUR	11	138	1575	293.590919971466	0	0	0	0
HDL	UKBB	EUR	11	140	1444	168.763365030289	0	0	1	16
HDL	UKBB	EUR	11	141	516	31.0913898944855	0	0	0	0
HDL	UKBB	EUR	11	142	3187	778.957372903824	0	0	1	13
HDL	UKBB	EUR	11	147	5013	6144.51526141167	0	5	4	71
HDL	UKBB	EUR	11	148	1762	293.518903970718	0	0	1	4
HDL	UKBB	EUR	11	149	4262	406.786818742752	0	0	0	0
HDL	UKBB	EUR	12	4	1517	134.37461566925	0	0	0	0
HDL	UKBB	EUR	12	8	897	283.480408430099	0	1	2	42
HDL	UKBB	EUR	12	9	302	14.9160182476044	0	0	0	0
HDL	UKBB	EUR	12	12	975	84.725435256958	0	0	0	0
HDL	UKBB	EUR	12	17	1119	327.766456365585	0	2	2	12
HDL	UKBB	EUR	12	18	2192	2304.25626301765	0	3	2	5
HDL	UKBB	EUR	12	23	2982	757.448333501816	0	1	2	15
HDL	UKBB	EUR	12	24	764	54.887934923172	0	0	0	0
HDL	UKBB	EUR	12	25	2903	357.107686758041	0	1	0	0
HDL	UKBB	EUR	12	31	755	76.2739796638489	0	0	0	0
HDL	UKBB	EUR	12	32	3018	470.172638654709	0	0	0	0
HDL	UKBB	EUR	12	34	2015	296.132430315018	0	0	0	0
HDL	UKBB	EUR	12	35	964	138.923830747604	0	0	1	34
HDL	UKBB	EUR	12	36	1062	59.7649624347687	0	0	0	0
HDL	UKBB	EUR	12	38	3517	491.970425367355	0	0	0	0
HDL	UKBB	EUR	12	40	1522	812.808327436447	3	3	3	3
HDL	UKBB	EUR	12	41	928	93.8580009937286	0	1	2	9
HDL	UKBB	EUR	12	42	4741	433.421773195267	0	2	2	8
HDL	UKBB	EUR	12	45	2375	210.229947566986	0	0	1	15
HDL	UKBB	EUR	12	48	2951	946.311997890472	0	1	1	7
HDL	UKBB	EUR	12	49	3281	836.383800983429	0	0	0	0
HDL	UKBB	EUR	12	53	3632	638.850186109543	0	0	0	0
HDL	UKBB	EUR	12	59	3440	426.02376127243	0	1	0	0
HDL	UKBB	EUR	12	60	1719	135.007265806198	0	1	0	0
HDL	UKBB	EUR	12	61	1971	210.063503980637	0	0	0	0
HDL	UKBB	EUR	12	62	2153	1462.72192144394	0	0	2	33
HDL	UKBB	EUR	12	63	2247	695.919032812119	0	0	1	14
HDL	UKBB	EUR	12	66	2834	677.579414606094	0	0	0	0
HDL	UKBB	EUR	12	67	1408	315.681439876556	0	0	1	9
HDL	UKBB	EUR	12	68	1050	88.9069888591766	0	2	0	0
HDL	UKBB	EUR	12	69	2632	604.934417486191	0	0	0	0
HDL	UKBB	EUR	12	70	1294	28.8315062522888	0	0	1	6
HDL	UKBB	EUR	12	71	3287	16378.6700816154	2	3	6	50
HDL	UKBB	EUR	12	72	9077	5557.85260534286	1	2	1	1
HDL	UKBB	EUR	12	73	2784	564.233350276947	0	0	0	0
HDL	UKBB	EUR	12	77	1714	542.828506231308	0	2	2	21
HDL	UKBB	EUR	12	80	3777	361.143419027328	0	0	0	0
HDL	UKBB	EUR	12	81	673	43.7451391220093	0	1	1	11
HDL	UKBB	EUR	12	82	3219	779.274338722229	0	0	0	0
HDL	UKBB	EUR	12	94	3700	1237.34055757523	0	1	1	3
HDL	UKBB	EUR	12	96	1819	293.705601930618	0	0	0	0
HDL	UKBB	EUR	12	97	4434	786.273123264313	0	0	0	0
HDL	UKBB	EUR	12	100	1641	138.353067874908	0	0	0	0
HDL	UKBB	EUR	12	103	491	62.9794042110443	0	0	0	0
HDL	UKBB	EUR	12	108	2704	469.777427434921	0	0	0	0
HDL	UKBB	EUR	12	110	3789	961.59830904007	0	0	0	0
HDL	UKBB	EUR	12	112	429	67.3680624961853	0	0	1	14
HDL	UKBB	EUR	12	119	5292	2876.32061004639	1	2	2	5
HDL	UKBB	EUR	12	120	1487	110.115128755569	0	1	1	3
HDL	UKBB	EUR	12	121	2016	777.537208795547	0	0	1	10
HDL	UKBB	EUR	12	122	4139	3233.61848282814	3	4	4	5
HDL	UKBB	EUR	12	123	1543	270.089890956879	1	3	1	1
HDL	UKBB	EUR	12	125	2996	333.281069040298	0	0	1	6
HDL	UKBB	EUR	12	129	2090	515.711638689041	0	1	1	45
HDL	UKBB	EUR	12	132	2535	950.733535289764	1	2	2	5
HDL	UKBB	EUR	12	138	4467	7629.61358308792	1	2	3	7
HDL	UKBB	EUR	12	139	6082	25213.9656505585	3	7	8	35
HDL	UKBB	EUR	12	140	1247	9916.21027612686	5	8	10	21
HDL	UKBB	EUR	12	141	1741	7499.38835144043	6	9	9	14
HDL	UKBB	EUR	12	154	656	72.6853308677673	0	0	0	0
HDL	UKBB	EUR	12	156	774	41.2239134311676	0	0	1	14
HDL	UKBB	EUR	12	163	1050	271.556658983231	0	0	0	0
HDL	UKBB	EUR	13	1	3175	727.561204910278	0	0	0	0
HDL	UKBB	EUR	13	8	2491	313.413494110107	0	0	0	0
HDL	UKBB	EUR	13	16	2501	477.746134996414	0	1	0	0
HDL	UKBB	EUR	13	18	882	253.891002416611	1	1	2	5
HDL	UKBB	EUR	13	20	2400	286.523404121399	0	0	0	0
HDL	UKBB	EUR	13	21	3342	826.682452917099	0	1	2	9
HDL	UKBB	EUR	13	23	1008	371.857383728027	2	5	2	2
HDL	UKBB	EUR	13	25	1238	258.94953083992	0	0	0	0
HDL	UKBB	EUR	13	38	643	30.3455502986908	0	1	0	0
HDL	UKBB	EUR	13	40	1990	306.804553747177	1	1	1	1
HDL	UKBB	EUR	13	45	2387	294.051575422287	0	0	0	0
HDL	UKBB	EUR	13	47	1535	194.879435539246	0	0	0	0
HDL	UKBB	EUR	13	50	4969	6665.91666054726	0	0	2	14
HDL	UKBB	EUR	13	52	3387	642.244859457016	0	0	0	0
HDL	UKBB	EUR	13	54	8443	2775.56231594086	0	0	0	0
HDL	UKBB	EUR	13	55	3715	856.183228731155	0	1	0	0
HDL	UKBB	EUR	13	57	6670	3227.90141916275	0	0	0	0
HDL	UKBB	EUR	13	58	4825	656.225198507309	0	0	1	18
HDL	UKBB	EUR	13	60	2968	293.622405052185	0	0	0	0
HDL	UKBB	EUR	13	61	1686	314.999856710434	0	1	1	4
HDL	UKBB	EUR	13	70	2949	170.91281414032	0	0	0	0
HDL	UKBB	EUR	13	72	2215	370.364464998245	0	0	0	0
HDL	UKBB	EUR	13	73	2808	223.497395992279	0	1	1	2
HDL	UKBB	EUR	13	80	982	140.035053014755	0	0	0	0
HDL	UKBB	EUR	13	82	2535	459.702707052231	0	0	0	0
HDL	UKBB	EUR	13	88	1109	215.576972007751	0	0	1	13
HDL	UKBB	EUR	13	94	2879	517.07710313797	0	0	0	0
HDL	UKBB	EUR	13	96	1137	159.697681903839	0	0	0	0
HDL	UKBB	EUR	13	111	908	117.767002344131	1	1	1	1
HDL	UKBB	EUR	13	119	3049	592.027037858963	0	0	1	17
HDL	UKBB	EUR	13	124	376	35.7998926639557	1	1	1	1
HDL	UKBB	EUR	13	125	2479	526.573067188263	0	0	0	0
HDL	UKBB	EUR	14	1	1791	113.208530187607	0	0	1	5
HDL	UKBB	EUR	14	6	686	79.74267578125	0	1	1	10
HDL	UKBB	EUR	14	14	4239	1879.12275242805	0	2	0	0
HDL	UKBB	EUR	14	19	2942	408.774597406387	0	0	0	0
HDL	UKBB	EUR	14	24	1240	75.9631571769714	0	3	1	6
HDL	UKBB	EUR	14	31	3481	598.803833961487	0	1	0	0
HDL	UKBB	EUR	14	35	3540	269.189387321472	0	1	0	0
HDL	UKBB	EUR	14	46	1828	497.253726243973	0	2	2	8
HDL	UKBB	EUR	14	47	3133	724.188149929047	0	0	0	0
HDL	UKBB	EUR	14	49	1634	286.832706451416	0	0	0	0
HDL	UKBB	EUR	14	64	1369	226.784676074982	0	0	0	0
HDL	UKBB	EUR	14	67	2982	979.898452281952	1	2	2	15
HDL	UKBB	EUR	14	68	2190	510.182384252548	0	0	0	0
HDL	UKBB	EUR	14	70	3586	589.160289049149	0	0	0	0
HDL	UKBB	EUR	14	72	4150	2402.10416293144	1	3	2	12
HDL	UKBB	EUR	14	73	2056	297.32518362999	0	0	1	16
HDL	UKBB	EUR	14	80	644	30.3207578659058	0	0	0	0
HDL	UKBB	EUR	14	81	3697	486.843856811523	0	1	0	0
HDL	UKBB	EUR	14	84	1300	630.840464353561	1	2	2	36
HDL	UKBB	EUR	14	86	2012	346.080173969269	0	1	1	20
HDL	UKBB	EUR	14	93	2999	369.423874855042	0	0	1	14
HDL	UKBB	EUR	14	95	1061	120.942888975143	0	0	1	9
HDL	UKBB	EUR	14	97	1995	284.113831758499	0	0	0	0
HDL	UKBB	EUR	14	100	2770	322.937977552414	0	0	1	16
HDL	UKBB	EUR	14	103	3020	1145.19961190224	0	2	0	0
HDL	UKBB	EUR	14	117	2379	508.869140386581	0	0	1	18
HDL	UKBB	EUR	14	121	3164	2052.54143714905	2	2	2	2
HDL	UKBB	EUR	14	122	909	92.4964396953583	0	0	0	0
HDL	UKBB	EUR	14	126	3870	854.297382831573	0	0	1	16
HDL	UKBB	EUR	14	128	1456	46.4576594829559	0	0	0	0
HDL	UKBB	EUR	14	129	1575	2629.31772112846	1	3	4	21
HDL	UKBB	EUR	15	4	667	9.33350539207458	0	0	1	7
HDL	UKBB	EUR	15	10	1160	66.497435092926	0	0	1	7
HDL	UKBB	EUR	15	22	3737	385.485015153885	0	1	1	2
HDL	UKBB	EUR	15	27	1360	122.981178760529	0	2	0	0
HDL	UKBB	EUR	15	28	2094	515.826335668564	0	1	1	27
HDL	UKBB	EUR	15	29	1580	190.295302867889	0	0	0	0
HDL	UKBB	EUR	15	31	5061	344.186547756195	0	0	0	0
HDL	UKBB	EUR	15	34	869	120.695734739304	0	0	0	0
HDL	UKBB	EUR	15	35	2527	224.942842245102	0	1	0	0
HDL	UKBB	EUR	15	37	3613	3361.39268755913	0	1	2	115
HDL	UKBB	EUR	15	38	3974	2134.93430113792	1	1	1	1
HDL	UKBB	EUR	15	39	2799	247.923901319504	0	0	0	0
HDL	UKBB	EUR	15	40	827	96.704479932785	0	0	0	0
HDL	UKBB	EUR	15	41	2966	729.389190673828	0	0	0	0
HDL	UKBB	EUR	15	45	6260	1336.1325480938	1	1	1	1
HDL	UKBB	EUR	15	46	1860	402.208430528641	0	1	0	0
HDL	UKBB	EUR	15	48	5608	1118.77065253258	0	1	0	0
HDL	UKBB	EUR	15	50	2806	319.841054201126	0	0	1	115
HDL	UKBB	EUR	15	51	2103	408.678835391998	1	1	1	1
HDL	UKBB	EUR	15	52	2006	8308.71384239197	5	9	9	21
HDL	UKBB	EUR	15	53	388	1052.7346470356	6	9	7	8
HDL	UKBB	EUR	15	54	2144	10082.4595525265	3	8	6	24
HDL	UKBB	EUR	15	55	1288	218.156055927277	0	0	0	0
HDL	UKBB	EUR	15	56	2319	194.967770576477	0	0	0	0
HDL	UKBB	EUR	15	59	4793	571.315013170242	0	2	0	0
HDL	UKBB	EUR	15	62	5497	8501.98078799248	0	0	2	26
HDL	UKBB	EUR	15	64	1729	286.354802846909	0	0	0	0
HDL	UKBB	EUR	15	66	2999	5629.51725888252	0	1	1	2
HDL	UKBB	EUR	15	70	1353	104.444788217545	0	0	0	0
HDL	UKBB	EUR	15	71	174	33.6421654224396	0	1	1	16
HDL	UKBB	EUR	15	73	1194	200.586780786514	0	0	1	36
HDL	UKBB	EUR	15	76	5570	332.404888391495	0	0	0	0
HDL	UKBB	EUR	15	79	3313	354.05336523056	0	0	0	0
HDL	UKBB	EUR	15	86	2018	247.356711864471	0	1	1	7
HDL	UKBB	EUR	15	88	1595	177.434373855591	1	1	1	1
HDL	UKBB	EUR	15	90	2287	366.378281593323	0	0	0	0
HDL	UKBB	EUR	15	98	1314	132.357277393341	0	0	1	17
HDL	UKBB	EUR	15	102	2324	537.544717311859	0	3	1	2
HDL	UKBB	EUR	15	108	952	120.94512462616	0	1	0	0
HDL	UKBB	EUR	15	111	1688	138.94932103157	0	1	1	17
HDL	UKBB	EUR	15	117	1037	1295.56430864334	0	4	3	17
HDL	UKBB	EUR	15	118	695	22.2412781715393	0	0	0	0
HDL	UKBB	EUR	16	2	830	74.0849223136902	0	1	1	10
HDL	UKBB	EUR	16	4	3070	400.743227243423	0	1	1	4
HDL	UKBB	EUR	16	5	1217	1229.55950427055	1	4	1	1
HDL	UKBB	EUR	16	7	2010	247.735140800476	0	1	0	0
HDL	UKBB	EUR	16	9	2853	2328.28596401215	1	2	2	59
HDL	UKBB	EUR	16	10	1551	112.249117612839	0	0	0	0
HDL	UKBB	EUR	16	30	181	18.5478804111481	0	0	0	0
HDL	UKBB	EUR	16	31	2652	404.915101528168	0	1	1	4
HDL	UKBB	EUR	16	33	4303	423.453726053238	0	0	1	38
HDL	UKBB	EUR	16	37	3195	1437.40010118484	0	2	1	2
HDL	UKBB	EUR	16	41	2204	320.108341693878	0	1	1	20
HDL	UKBB	EUR	16	42	254	15.7289979457855	0	0	0	0
HDL	UKBB	EUR	16	43	1971	207.845602750778	0	0	0	0
HDL	UKBB	EUR	16	47	1842	197.110981225967	0	0	1	26
HDL	UKBB	EUR	16	49	1903	179.235037565231	0	0	0	0
HDL	UKBB	EUR	16	52	2233	311.817565441132	0	0	0	0
HDL	UKBB	EUR	16	57	465	37.2422866821289	0	1	1	14
HDL	UKBB	EUR	16	58	1467	237.53461766243	0	1	0	0
HDL	UKBB	EUR	16	59	1749	1527.07260465622	1	3	4	29
HDL	UKBB	EUR	16	62	1745	204.731808185577	0	1	0	0
HDL	UKBB	EUR	16	65	1652	870.661412000656	1	2	2	15
HDL	UKBB	EUR	16	67	1206	45.1214852333069	0	1	0	0
HDL	UKBB	EUR	16	68	1899	2069.99179029465	1	1	3	67
HDL	UKBB	EUR	16	69	1354	181.488169431686	0	0	0	0
HDL	UKBB	EUR	16	73	1544	162.115977048874	0	1	0	0
HDL	UKBB	EUR	16	74	509	43.6604816913605	1	3	2	3
HDL	UKBB	EUR	16	75	3134	10260.9077069759	8	9	11	31
HDL	UKBB	EUR	16	76	2149	2568.93805241585	10	11	11	13
HDL	UKBB	EUR	16	77	808	51.8831903934479	0	1	1	2
HDL	UKBB	EUR	16	79	1389	293.420471191406	1	1	1	1
HDL	UKBB	EUR	16	86	1334	187.169041633606	0	0	0	0
HDL	UKBB	EUR	16	87	321	34.2174451351166	0	0	0	0
HDL	UKBB	EUR	16	88	5293	11178.5714614391	4	5	4	4
HDL	UKBB	EUR	16	89	6671	21804.9331436157	0	4	2	22
HDL	UKBB	EUR	16	91	1637	276.785223245621	0	2	1	3
HDL	UKBB	EUR	16	93	4997	3777.87370634079	0	1	1	59
HDL	UKBB	EUR	16	94	5723	793.659014940262	0	0	0	0
HDL	UKBB	EUR	16	103	7032	6700.89569187164	0	2	2	14
HDL	UKBB	EUR	16	104	2122	439.965002298355	1	3	2	3
HDL	UKBB	EUR	16	105	1820	238.02284693718	0	1	0	0
HDL	UKBB	EUR	16	106	3134	430.950349092484	0	0	0	0
HDL	UKBB	EUR	16	107	2471	463.709616422653	0	0	0	0
HDL	UKBB	EUR	16	111	1768	103.115387916565	0	0	0	0
HDL	UKBB	EUR	16	114	1372	452.133691072464	1	1	1	1
HDL	UKBB	EUR	16	116	1807	525.151096820831	0	1	1	3
HDL	UKBB	EUR	16	125	1612	170.715950489044	0	0	1	23
HDL	UKBB	EUR	16	126	388	58.95889544487	0	1	2	19
HDL	UKBB	EUR	16	128	5548	2832.2712688446	0	1	1	5
HDL	UKBB	EUR	17	3	1773	294.858735799789	0	1	1	7
HDL	UKBB	EUR	17	7	1273	313.706978082657	0	1	1	31
HDL	UKBB	EUR	17	9	3294	230.632695198059	1	1	1	1
HDL	UKBB	EUR	17	14	1673	576.491054058075	1	1	2	42
HDL	UKBB	EUR	17	23	1110	75.2134249210358	0	1	0	0
HDL	UKBB	EUR	17	24	2006	2215.50576758385	2	5	2	2
HDL	UKBB	EUR	17	25	1995	577.044682979584	0	0	1	47
HDL	UKBB	EUR	17	30	432	71.3581736087799	0	0	1	24
HDL	UKBB	EUR	17	49	1291	216.48975777626	0	0	0	0
HDL	UKBB	EUR	17	51	4130	29365.9857318401	1	4	3	21
HDL	UKBB	EUR	17	55	5203	27867.6580369473	2	7	6	50
HDL	UKBB	EUR	17	66	391	35.0624661445618	0	0	0	0
HDL	UKBB	EUR	17	68	1461	128.200484514236	0	1	0	0
HDL	UKBB	EUR	17	71	2409	2855.77158641815	1	2	3	38
HDL	UKBB	EUR	17	72	2611	609.933666706085	0	0	0	0
HDL	UKBB	EUR	17	73	3959	12162.6861271858	4	5	6	10
HDL	UKBB	EUR	17	74	4598	7591.46283650398	2	4	4	20
HDL	UKBB	EUR	17	75	3634	6636.94458007812	0	0	3	46
HDL	UKBB	EUR	17	76	1917	520.376029491425	0	1	1	17
HDL	UKBB	EUR	17	78	715	36.2704224586487	0	0	0	0
HDL	UKBB	EUR	17	85	3150	509.385809898376	0	0	1	11
HDL	UKBB	EUR	17	87	1465	252.379679441452	0	1	0	0
HDL	UKBB	EUR	17	90	3772	767.275206804276	0	1	1	14
HDL	UKBB	EUR	17	93	2340	244.033446311951	0	0	0	0
HDL	UKBB	EUR	17	94	2246	635.985304117203	0	2	0	0
HDL	UKBB	EUR	17	97	3242	400.75802898407	0	0	0	0
HDL	UKBB	EUR	17	98	1706	230.426328420639	0	1	2	8
HDL	UKBB	EUR	17	99	385	33.3559138774872	0	0	0	0
HDL	UKBB	EUR	17	100	1809	162.542309999466	0	0	1	26
HDL	UKBB	EUR	17	101	1406	956.875653266907	1	2	2	13
HDL	UKBB	EUR	17	102	999	229.509725809097	1	1	1	1
HDL	UKBB	EUR	17	103	1252	192.021862506866	0	2	1	2
HDL	UKBB	EUR	17	105	2163	637.441274404526	1	1	2	15
HDL	UKBB	EUR	17	108	419	16.4765095710754	0	0	1	27
HDL	UKBB	EUR	17	109	576	21.0605430603027	0	0	0	0
HDL	UKBB	EUR	17	117	2272	354.261079072952	0	0	0	0
HDL	UKBB	EUR	17	118	2133	2579.2887506485	0	2	2	46
HDL	UKBB	EUR	17	125	3142	2586.7872617244702	0	2	2	67
HDL	UKBB	EUR	17	133	1824	1851.01007413864	0	3	2	21
HDL	UKBB	EUR	18	1	1234	144.588004112244	0	0	1	5
HDL	UKBB	EUR	18	7	2022	192.844033956528	0	1	1	20
HDL	UKBB	EUR	18	8	1756	275.174623012543	0	0	0	0
HDL	UKBB	EUR	18	27	865	86.1277945041656	0	0	0	0
HDL	UKBB	EUR	18	28	2098	387.99197769165	0	0	0	0
HDL	UKBB	EUR	18	39	4240	501.662219762802	0	1	1	4
HDL	UKBB	EUR	18	41	4561	5619.08723735809	0	0	1	10
HDL	UKBB	EUR	18	42	3062	1521.51181721687	0	1	2	24
HDL	UKBB	EUR	18	44	2337	451.818662643433	0	0	1	10
HDL	UKBB	EUR	18	46	2977	413.445041656494	0	0	0	0
HDL	UKBB	EUR	18	49	3843	495.604168653488	0	0	0	0
HDL	UKBB	EUR	18	52	2264	449.75640463829	0	0	0	0
HDL	UKBB	EUR	18	53	3181	345.457022666931	0	0	1	25
HDL	UKBB	EUR	18	58	3410	307.182789802551	0	0	0	0
HDL	UKBB	EUR	18	59	4288	1068.32929563522	0	1	0	0
HDL	UKBB	EUR	18	60	3711	3687.69901418686	0	1	2	73
HDL	UKBB	EUR	18	61	3389	897.981782674789	0	1	1	9
HDL	UKBB	EUR	18	62	3562	1024.21416568756	0	0	0	0
HDL	UKBB	EUR	18	65	3226	488.680416345596	0	0	1	36
HDL	UKBB	EUR	18	66	1020	108.205534934998	0	0	0	0
HDL	UKBB	EUR	18	67	1403	247.70167183876	0	0	0	0
HDL	UKBB	EUR	18	68	409	16.9248394966125	0	1	0	0
HDL	UKBB	EUR	18	69	5202	76952.0971279144	3	8	10	27
HDL	UKBB	EUR	18	73	3911	2623.1906080246	0	0	2	86
HDL	UKBB	EUR	18	74	5055	589.984709024429	0	0	0	0
HDL	UKBB	EUR	18	76	2336	227.862486600876	0	2	0	0
HDL	UKBB	EUR	18	79	1075	101.414014577866	1	3	1	1
HDL	UKBB	EUR	18	80	2034	63.9944219589233	0	1	1	2
HDL	UKBB	EUR	18	82	4194	1430.39487242699	0	0	2	24
HDL	UKBB	EUR	18	84	748	91.5225386619568	0	0	0	0
HDL	UKBB	EUR	18	86	123	7.60418224334717	0	0	0	0
HDL	UKBB	EUR	19	5	267	9.00968480110168	0	1	0	0
HDL	UKBB	EUR	19	6	1464	169.502726554871	0	1	1	15
HDL	UKBB	EUR	19	10	1010	17.4180383682251	0	1	1	2
HDL	UKBB	EUR	19	11	1552	90.144132852554307	0	0	0	0
HDL	UKBB	EUR	19	12	928	219.441502571106	0	0	1	53
HDL	UKBB	EUR	19	16	820	344.064533948898	0	6	1	3
HDL	UKBB	EUR	19	19	645	67.7150001525879	2	3	3	5
HDL	UKBB	EUR	19	22	2391	319.627804756165	0	0	1	12
HDL	UKBB	EUR	19	25	1601	228.001952648163	0	0	0	0
HDL	UKBB	EUR	19	29	1371	1089.29469013214	0	4	1	2
HDL	UKBB	EUR	19	30	1224	870.778535842896	0	4	2	13
HDL	UKBB	EUR	19	32	1781	3015.45275497437	1	6	3	6
HDL	UKBB	EUR	19	33	801	1816.4317908287	1	5	2	3
HDL	UKBB	EUR	19	34	815	41.2823812961578	0	1	1	2
HDL	UKBB	EUR	19	37	2554	864.887134313583	0	1	2	10
HDL	UKBB	EUR	19	38	605	323.06841635704	0	2	3	12
HDL	UKBB	EUR	19	39	3506	512.35394859314	0	0	0	0
HDL	UKBB	EUR	19	47	1903	330.030189275742	0	0	0	0
HDL	UKBB	EUR	19	50	469	42.7741122245789	0	0	0	0
HDL	UKBB	EUR	19	51	1314	171.577130794525	0	1	1	3
HDL	UKBB	EUR	19	52	1628	658.980894565582	0	2	2	8
HDL	UKBB	EUR	19	57	2419	260.950847148895	0	1	0	0
HDL	UKBB	EUR	19	58	1382	113.388172149658	0	1	0	0
HDL	UKBB	EUR	19	61	2658	293.309829711914	0	0	0	0
HDL	UKBB	EUR	19	63	1427	6289.79546928406	2	7	6	19
HDL	UKBB	EUR	19	64	3913	738.993877887726	0	1	0	0
HDL	UKBB	EUR	19	67	5918	4791.98016571999	0	1	0	0
HDL	UKBB	EUR	19	68	1415	187.797415494919	0	0	0	0
HDL	UKBB	EUR	19	70	1840	248.845118284225	0	2	1	4
HDL	UKBB	EUR	19	71	334	11.1085183620453	0	1	1	4
HDL	UKBB	EUR	19	73	489	131.329553127289	1	1	1	1
HDL	UKBB	EUR	19	74	2881	1297.65555930138	3	5	4	6
HDL	UKBB	EUR	19	75	744	891.903987407684	5	6	6	7
HDL	UKBB	EUR	19	76	2848	14503.6521430016	5	7	8	14
HDL	UKBB	EUR	19	77	5009	5191.59478664398	2	3	4	22
HDL	UKBB	EUR	19	79	1546	132.53445315361	0	0	0	0
HDL	UKBB	EUR	19	80	855	98.8245458602905	0	0	0	0
HDL	UKBB	EUR	19	81	2043	351.3787317276	1	1	1	1
HDL	UKBB	EUR	19	89	1149	161.012637138367	0	0	0	0
HDL	UKBB	EUR	19	90	2443	643.462646245956	0	2	1	2
HDL	UKBB	EUR	19	93	877	63.7687773704529	0	0	0	0
HDL	UKBB	EUR	19	94	1710	34.7768232822418	0	0	0	0
HDL	UKBB	EUR	19	98	1051	619.512891054153	1	2	4	20
HDL	UKBB	EUR	19	104	1416	291.204205751419	0	1	2	11
HDL	UKBB	EUR	19	109	342	15.2625720500946	0	0	1	8
HDL	UKBB	EUR	20	1	869	98.3356609344482	0	0	0	0
HDL	UKBB	EUR	20	2	1188	186.271763801575	2	3	2	2
HDL	UKBB	EUR	20	3	456	14.6025314331055	0	0	0	0
HDL	UKBB	EUR	20	11	1017	185.232356071472	0	0	0	0
HDL	UKBB	EUR	20	22	1291	158.822576284409	0	0	0	0
HDL	UKBB	EUR	20	23	390	96.6173760890961	0	1	0	0
HDL	UKBB	EUR	20	24	337	15.8209631443024	0	0	0	0
HDL	UKBB	EUR	20	29	2018	257.384750366211	0	0	0	0
HDL	UKBB	EUR	20	40	1545	465.759160041809	0	0	0	0
HDL	UKBB	EUR	20	42	3774	823.671804189682	0	0	0	0
HDL	UKBB	EUR	20	48	3926	643.486516714096	0	0	1	4
HDL	UKBB	EUR	20	54	3209	608.058723926544	0	0	1	38
HDL	UKBB	EUR	20	59	3880	970.770250797272	0	0	1	31
HDL	UKBB	EUR	20	62	2165	202.271440982819	0	0	0	0
HDL	UKBB	EUR	20	63	4765	1079.37678456306	0	0	0	0
HDL	UKBB	EUR	20	64	1432	225.25532078743	0	0	0	0
HDL	UKBB	EUR	20	65	2636	160.606221675873	0	0	0	0
HDL	UKBB	EUR	20	67	1944	502.543115615845	0	0	1	7
HDL	UKBB	EUR	20	68	1100	162.123003959656	0	0	0	0
HDL	UKBB	EUR	20	69	2085	485.265210390091	2	2	2	2
HDL	UKBB	EUR	20	70	1528	440.193364620209	2	3	3	4
HDL	UKBB	EUR	20	71	2377	5783.73624229431	1	5	5	30
HDL	UKBB	EUR	20	72	548	273.724239826202	3	4	3	3
HDL	UKBB	EUR	20	73	2035	258.645466804504	0	1	1	6
HDL	UKBB	EUR	20	74	979	886.853083372116	1	4	4	15
HDL	UKBB	EUR	20	75	1603	191.933198928833	0	0	1	3
HDL	UKBB	EUR	20	84	2567	752.613239765167	0	1	2	36
HDL	UKBB	EUR	20	86	1811	210.818202018738	0	0	0	0
HDL	UKBB	EUR	20	93	3640	982.488085269928	1	4	1	1
HDL	UKBB	EUR	20	99	2066	171.446068286896	0	1	1	2
HDL	UKBB	EUR	20	114	2794	643.647189855576	0	1	1	20
HDL	UKBB	EUR	20	115	872	94.9876317977905	0	0	1	9
HDL	UKBB	EUR	21	2	489	541.95873093605	0	1	3	31
HDL	UKBB	EUR	21	3	1000	731.730921506882	1	2	3	27
HDL	UKBB	EUR	21	4	377	13.5636746883392	0	0	1	10
HDL	UKBB	EUR	21	30	3668	913.449101924896	0	0	1	33
HDL	UKBB	EUR	21	37	2671	763.103498935699	0	0	0	0
HDL	UKBB	EUR	21	41	4427	2066.84527254105	0	0	1	6
HDL	UKBB	EUR	21	45	3109	522.412900686264	0	0	0	0
HDL	UKBB	EUR	21	53	1541	164.13223528862	0	0	0	0
HDL	UKBB	EUR	21	57	1151	311.824313879013	0	0	1	6
HDL	UKBB	EUR	21	62	616	47.0957427024841	0	2	1	2
HDL	UKBB	EUR	21	63	1388	131.337054729462	0	0	0	0
HDL	UKBB	EUR	21	64	2388	548.735382318497	0	1	2	33
HDL	UKBB	EUR	22	13	1034	142.938967466354	0	0	1	21
HDL	UKBB	EUR	22	14	946	94.2762274742126	0	0	0	0
HDL	UKBB	EUR	22	24	2876	326.84330534935	0	0	0	0
HDL	UKBB	EUR	22	26	1212	138.477756977081	0	0	0	0
HDL	UKBB	EUR	22	29	2458	940.620585441589	1	1	1	1
HDL	UKBB	EUR	22	30	7952	19373.8978607655	0	2	2	42
HDL	UKBB	EUR	22	33	1677	83.0093507766724	0	1	0	0
HDL	UKBB	EUR	22	37	2018	232.88392829895	0	1	0	0
HDL	UKBB	EUR	22	43	1899	133.330318212509	0	1	1	4
HDL	UKBB	EUR	22	44	1288	155.102216005325	0	0	1	39
HDL	UKBB	EUR	22	45	1952	116.482318162918	0	2	1	3
HDL	UKBB	EUR	22	46	4692	2594.31864905357	0	1	0	0
HDL	UKBB	EUR	22	47	2444	119.52025270462	0	0	1	3
HDL	UKBB	EUR	22	49	595	59.0352263450623	0	0	0	0
HDL	UKBB	EUR	22	50	744	48.9557867050171	0	0	0	0
HDL	UKBB	EUR	22	54	1446	123.947105169296	0	0	0	0
HDL	UKBB	EUR	22	59	2348	379.531006574631	0	0	0	0
HDL	UKBB	EUR	22	62	1613	253.537508249283	0	0	0	0
HDL	UKBB	EUR	22	64	957	57.5667078495026	0	0	1	8
HDL	UKBB	EUR	22	66	1560	179.658886194229	0	0	0	0
HDL	UKBB	EUR	22	70	2677	69.5419023036957	0	1	1	3
