pheno	db	pid	chromosome	block	num_variants	time	num_variants_0.95	num_variants_0.5	num_CS95	num_variants_CS95
LDL	UKBB	EUR	1	2	820	172.195506095886	0	0	0	0
LDL	UKBB	EUR	1	4	1277	167.679165363312	0	0	0	0
LDL	UKBB	EUR	1	17	3343	1217.79455900192	0	0	0	0
LDL	UKBB	EUR	1	19	2679	125.802267551422	0	0	1	4
LDL	UKBB	EUR	1	23	994	143.663706541061	0	0	0	0
LDL	UKBB	EUR	1	35	3121	583.881724834442	0	1	1	15
LDL	UKBB	EUR	1	40	1268	165.506412506104	0	1	0	0
LDL	UKBB	EUR	1	48	1233	428.096167087555	1	2	3	30
LDL	UKBB	EUR	1	49	1066	243.15664601326	0	0	0	0
LDL	UKBB	EUR	1	51	1253	219.930913925171	0	0	1	21
LDL	UKBB	EUR	1	52	3176	787.746411561966	0	1	2	26
LDL	UKBB	EUR	1	53	3012	455.189907312393	0	0	0	0
LDL	UKBB	EUR	1	58	3188	1114.56312799454	0	0	0	0
LDL	UKBB	EUR	1	70	2543	644.161538600922	0	0	0	0
LDL	UKBB	EUR	1	73	3261	1282.68369007111	0	0	0	0
LDL	UKBB	EUR	1	75	4012	1650.21777248383	0	2	1	32
LDL	UKBB	EUR	1	76	1869	236.535818576813	0	1	0	0
LDL	UKBB	EUR	1	78	1244	330.237006187439	0	0	0	0
LDL	UKBB	EUR	1	80	1184	239.977970838547	0	0	0	0
LDL	UKBB	EUR	1	81	889	84.7462184429169	0	0	0	0
LDL	UKBB	EUR	1	82	1970	379.138365983963	0	0	0	0
LDL	UKBB	EUR	1	83	2368	3633.72743725777	4	5	4	4
LDL	UKBB	EUR	1	84	3556	6891.86573457718	5	8	9	14
LDL	UKBB	EUR	1	85	1239	207.322832345963	1	1	1	1
LDL	UKBB	EUR	1	88	1969	580.980807781219	0	0	0	0
LDL	UKBB	EUR	1	89	1959	649.801159143448	0	0	0	0
LDL	UKBB	EUR	1	92	2564	819.78374028205894	0	0	0	0
LDL	UKBB	EUR	1	94	675	83.8792281150818	0	0	0	0
LDL	UKBB	EUR	1	96	2274	304.097076416016	1	1	1	1
LDL	UKBB	EUR	1	97	2748	510.744216680527	0	0	1	32
LDL	UKBB	EUR	1	100	2143	409.29808306694	0	0	0	0
LDL	UKBB	EUR	1	109	2991	604.443911790848	0	0	0	0
LDL	UKBB	EUR	1	124	3741	1002.76439428329	0	0	0	0
LDL	UKBB	EUR	1	125	4466	4692.49217677116	0	0	2	80
LDL	UKBB	EUR	1	136	2553	397.229508161545	0	0	0	0
LDL	UKBB	EUR	1	138	3465	1077.72996759415	0	2	1	2
LDL	UKBB	EUR	1	139	893	74.8835842609406	0	0	0	0
LDL	UKBB	EUR	1	141	1476	343.445620298386	0	0	0	0
LDL	UKBB	EUR	1	145	1711	355.553100347519	0	0	0	0
LDL	UKBB	EUR	1	147	2696	894.567331790924	0	0	0	0
LDL	UKBB	EUR	1	150	2630	343.355671882629	0	1	1	2
LDL	UKBB	EUR	1	151	3285	267.244580745697	0	0	0	0
LDL	UKBB	EUR	1	154	3946	508.908802032471	0	0	1	29
LDL	UKBB	EUR	1	158	2620	436.466630935669	0	1	0	0
LDL	UKBB	EUR	1	162	2107	477.217617511749	0	0	0	0
LDL	UKBB	EUR	1	163	1937	462.408573150635	0	0	0	0
LDL	UKBB	EUR	1	168	2971	662.895334243774	0	0	0	0
LDL	UKBB	EUR	1	169	4058	1357.66713881493	0	0	0	0
LDL	UKBB	EUR	1	175	3927	1447.70739603043	0	0	0	0
LDL	UKBB	EUR	1	182	3512	1061.1650364399	0	0	0	0
LDL	UKBB	EUR	1	183	3699	582.237556219101	0	0	1	97
LDL	UKBB	EUR	1	187	2531	378.852468013763	0	0	0	0
LDL	UKBB	EUR	1	188	2838	944.229903697968	0	0	0	0
LDL	UKBB	EUR	1	189	1966	534.630233049393	0	0	0	0
LDL	UKBB	EUR	1	191	2690	399.441260814667	0	0	1	13
LDL	UKBB	EUR	1	192	2752	152.969133377075	0	0	1	37
LDL	UKBB	EUR	1	201	2900	1010.89815187454	0	0	0	0
LDL	UKBB	EUR	1	202	2869	200.04363322258	0	0	1	6
LDL	UKBB	EUR	1	205	1048	210.427198410034	0	0	0	0
LDL	UKBB	EUR	1	213	1537	278.213015556335	0	0	0	0
LDL	UKBB	EUR	1	214	1378	205.681520700455	0	0	0	0
LDL	UKBB	EUR	1	216	2890	700.98010802269	0	0	0	0
LDL	UKBB	EUR	1	221	2474	728.876242876053	0	0	0	0
LDL	UKBB	EUR	1	223	3129	1040.74735951424	0	0	0	0
LDL	UKBB	EUR	1	226	1276	148.446948766708	0	0	0	0
LDL	UKBB	EUR	1	233	3391	907.810691833496	0	0	0	0
LDL	UKBB	EUR	1	234	3921	851.593105554581	2	2	2	2
LDL	UKBB	EUR	1	238	4968	823.212936162949	0	0	1	26
LDL	UKBB	EUR	1	239	1376	285.426213264465	0	0	0	0
LDL	UKBB	EUR	1	252	1272	670.967467069626	0	2	2	8
LDL	UKBB	EUR	1	253	580	38.5046751499176	0	3	1	2
LDL	UKBB	EUR	1	254	2227	231.564074993134	0	0	1	6
LDL	UKBB	EUR	1	255	1251	92.3560152053833	0	0	0	0
LDL	UKBB	EUR	1	280	5124	2111.14695215225	0	0	0	0
LDL	UKBB	EUR	2	6	1476	42.9378483295441	0	0	1	4
LDL	UKBB	EUR	2	19	473	55.0815098285675	0	0	0	0
LDL	UKBB	EUR	2	21	950	51.2422525882721	0	0	1	18
LDL	UKBB	EUR	2	27	1184	37.4728810787201	0	1	1	4
LDL	UKBB	EUR	2	34	3502	1300.284085989	0	0	0	0
LDL	UKBB	EUR	2	37	1298	224.553072452545	0	0	0	0
LDL	UKBB	EUR	2	38	2763	573.359237909317	0	0	0	0
LDL	UKBB	EUR	2	39	1208	280.174122333527	0	0	0	0
LDL	UKBB	EUR	2	40	3805	685.696160316467	0	0	0	0
LDL	UKBB	EUR	2	41	1710	440.628667354584	1	1	2	10
LDL	UKBB	EUR	2	42	198	34.3636620044708	1	2	2	16
LDL	UKBB	EUR	2	43	394	69.1909537315369	3	3	3	3
LDL	UKBB	EUR	2	44	1686	16186.0003447533	4	9	9	15
LDL	UKBB	EUR	2	45	3325	15670.6759872437	4	8	4	4
LDL	UKBB	EUR	2	46	1560	147.817186355591	0	0	1	28
LDL	UKBB	EUR	2	47	4003	585.058350563049	0	0	0	0
LDL	UKBB	EUR	2	48	2433	462.203846693039	0	0	0	0
LDL	UKBB	EUR	2	49	3445	2309.92624473572	1	1	2	12
LDL	UKBB	EUR	2	50	2194	579.919697523117	0	0	0	0
LDL	UKBB	EUR	2	51	2709	554.702955722809	0	0	0	0
LDL	UKBB	EUR	2	53	1766	153.120070934296	0	1	1	30
LDL	UKBB	EUR	2	69	3007	753.501210212708	0	0	0	0
LDL	UKBB	EUR	2	71	2355	16496.3468165398	3	8	9	22
LDL	UKBB	EUR	2	72	4068	15162.288132906	3	5	5	10
LDL	UKBB	EUR	2	74	1444	290.697401762009	0	0	0	0
LDL	UKBB	EUR	2	75	1976	107.068094968796	0	0	0	0
LDL	UKBB	EUR	2	77	1733	168.103297472	0	0	0	0
LDL	UKBB	EUR	2	84	8205	1680.34930992126	0	0	0	0
LDL	UKBB	EUR	2	86	3207	1152.4140598774	0	0	0	0
LDL	UKBB	EUR	2	87	1205	145.000153303146	0	0	0	0
LDL	UKBB	EUR	2	88	9816	13361.0254518986	0	1	3	55
LDL	UKBB	EUR	2	89	2245	471.856956005096	0	0	0	0
LDL	UKBB	EUR	2	97	2906	316.963254213333	0	0	0	0
LDL	UKBB	EUR	2	99	2022	408.720311164856	0	0	0	0
LDL	UKBB	EUR	2	100	2583	745.063203334808	0	0	0	0
LDL	UKBB	EUR	2	115	4037	1755.81695318222	0	0	0	0
LDL	UKBB	EUR	2	121	3932	1113.9467010498	0	0	1	26
LDL	UKBB	EUR	2	122	1828	172.657818317413	0	0	0	0
LDL	UKBB	EUR	2	124	2897	490.900451183319	0	1	1	20
LDL	UKBB	EUR	2	127	5656	1878.11488699913	0	0	0	0
LDL	UKBB	EUR	2	128	4728	1232.69956970215	1	1	1	1
LDL	UKBB	EUR	2	130	655	32.6916441917419	0	1	0	0
LDL	UKBB	EUR	2	131	131	0.757591962814331	0	1	1	2
LDL	UKBB	EUR	2	138	4124	983.870949029922	0	0	0	0
LDL	UKBB	EUR	2	145	1531	36.6101152896881	0	1	0	0
LDL	UKBB	EUR	2	146	2937	196.990856170654	0	0	1	4
LDL	UKBB	EUR	2	147	5711	417.966830730438	0	0	0	0
LDL	UKBB	EUR	2	152	2457	492.865159273148	0	0	0	0
LDL	UKBB	EUR	2	162	1314	257.407709360123	0	0	0	0
LDL	UKBB	EUR	2	163	178	24.4956600666046	0	1	2	7
LDL	UKBB	EUR	2	166	6414	1563.62508440018	0	0	0	0
LDL	UKBB	EUR	2	168	2674	462.813702583313	0	1	1	4
LDL	UKBB	EUR	2	172	874	103.915729045868	0	0	1	8
LDL	UKBB	EUR	2	177	3199	609.845284461975	0	0	0	0
LDL	UKBB	EUR	2	181	3917	1009.11415576935	0	0	0	0
LDL	UKBB	EUR	2	184	4850	871.021133899689	0	0	0	0
LDL	UKBB	EUR	2	192	3478	1362.07715058327	0	0	0	0
LDL	UKBB	EUR	2	198	2362	272.374656438828	0	0	0	0
LDL	UKBB	EUR	2	199	4041	4310.03225493431	0	1	1	5
LDL	UKBB	EUR	2	205	1964	363.149406433105	0	0	0	0
LDL	UKBB	EUR	2	208	5164	1579.20033788681	0	0	0	0
LDL	UKBB	EUR	2	212	3197	1049.46759176254	0	0	0	0
LDL	UKBB	EUR	2	213	6541	365.670595645905	0	0	1	9
LDL	UKBB	EUR	2	217	1515	339.512458086014	0	0	0	0
LDL	UKBB	EUR	2	232	1571	35.8249807357788	0	1	0	0
LDL	UKBB	EUR	2	237	2726	605.849912643433	0	0	0	0
LDL	UKBB	EUR	2	240	2608	773.926720142365	0	0	0	0
LDL	UKBB	EUR	2	242	2219	457.083285570145	0	0	1	25
LDL	UKBB	EUR	2	250	5026	2132.86976575851	0	0	0	0
LDL	UKBB	EUR	2	256	2597	395.171477794647	0	0	1	8
LDL	UKBB	EUR	3	24	3320	1044.24658870697	1	2	2	3
LDL	UKBB	EUR	3	41	4295	1347.53337574005	0	0	0	0
LDL	UKBB	EUR	3	43	2472	176.53616309166	0	1	0	0
LDL	UKBB	EUR	3	51	1299	79.7378697395325	0	1	1	4
LDL	UKBB	EUR	3	56	2485	657.433916568756	0	0	0	0
LDL	UKBB	EUR	3	70	2948	653.37758398056	0	0	0	0
LDL	UKBB	EUR	3	71	3642	1143.2465634346	0	0	1	17
LDL	UKBB	EUR	3	83	4815	1837.72822380066	0	0	0	0
LDL	UKBB	EUR	3	88	2985	886.18218755722	0	0	1	31
LDL	UKBB	EUR	3	89	3069	784.069905519485	0	0	0	0
LDL	UKBB	EUR	3	104	5996	1145.03359770775	0	0	0	0
LDL	UKBB	EUR	3	107	2592	642.447477340698	0	0	0	0
LDL	UKBB	EUR	3	109	5518	2156.15560007095	0	0	0	0
LDL	UKBB	EUR	3	120	2789	183.665422677994	0	1	1	3
LDL	UKBB	EUR	3	121	3467	707.37784409523	0	1	1	13
LDL	UKBB	EUR	3	122	727	25.2594904899597	0	0	0	0
LDL	UKBB	EUR	3	123	1188	238.331688404083	0	0	0	0
LDL	UKBB	EUR	3	125	3025	657.417242765427	0	0	0	0
LDL	UKBB	EUR	3	127	3298	336.622444152832	0	1	0	0
LDL	UKBB	EUR	3	128	1646	389.881023645401	0	0	0	0
LDL	UKBB	EUR	3	129	1819	376.555113792419	0	0	0	0
LDL	UKBB	EUR	3	132	4214	609.577840566635	0	0	1	24
LDL	UKBB	EUR	3	135	2636	620.965093135834	0	0	2	32
LDL	UKBB	EUR	3	140	3739	923.982122659683	0	1	1	51
LDL	UKBB	EUR	3	145	3426	1065.75086712837	0	1	1	7
LDL	UKBB	EUR	3	148	2962	1032.39941906929	0	0	0	0
LDL	UKBB	EUR	3	149	2341	455.013134479523	0	0	0	0
LDL	UKBB	EUR	3	150	3378	648.437003135681	0	0	0	0
LDL	UKBB	EUR	3	154	928	119.930071592331	0	0	0	0
LDL	UKBB	EUR	3	155	3060	780.650231838226	0	0	0	0
LDL	UKBB	EUR	3	158	3501	975.356800317764	0	0	0	0
LDL	UKBB	EUR	3	159	2829	959.913455247879	0	0	0	0
LDL	UKBB	EUR	3	161	4120	605.577064275742	0	0	0	0
LDL	UKBB	EUR	3	165	2967	588.932851314545	0	0	1	29
LDL	UKBB	EUR	3	166	6191	1371.03543376923	0	0	0	0
LDL	UKBB	EUR	3	172	2211	154.124348402023	0	0	1	8
LDL	UKBB	EUR	3	173	1416	107.910788536072	0	0	0	0
LDL	UKBB	EUR	3	175	1096	168.936823368073	0	0	0	0
LDL	UKBB	EUR	3	186	4056	1562.33535647392	0	0	0	0
LDL	UKBB	EUR	3	190	1713	392.874213457108	0	0	0	0
LDL	UKBB	EUR	3	195	6658	2140.65668964386	0	0	0	0
LDL	UKBB	EUR	3	214	3905	651.468390464783	0	0	0	0
LDL	UKBB	EUR	3	216	2031	631.114751577377	0	0	0	0
LDL	UKBB	EUR	4	1	9631	4838.99865293503	0	1	1	2
LDL	UKBB	EUR	4	15	1533	323.552424192429	0	0	1	16
LDL	UKBB	EUR	4	19	1640	177.366567850113	0	0	1	9
LDL	UKBB	EUR	4	21	5123	1594.36437058449	0	0	0	0
LDL	UKBB	EUR	4	28	2771	252.399543762207	0	0	1	32
LDL	UKBB	EUR	4	30	1777	383.62592625618	0	0	0	0
LDL	UKBB	EUR	4	42	524	39.5303449630737	0	0	0	0
LDL	UKBB	EUR	4	43	1710	83.5412404537201	0	0	0	0
LDL	UKBB	EUR	4	55	2595	479.232707977295	0	1	1	29
LDL	UKBB	EUR	4	57	656	66.7112274169922	0	0	0	0
LDL	UKBB	EUR	4	64	4843	1787.77236819267	0	0	0	0
LDL	UKBB	EUR	4	65	1895	432.492193460464	0	0	0	0
LDL	UKBB	EUR	4	66	2428	349.919350385666	0	0	0	0
LDL	UKBB	EUR	4	71	1295	240.788072347641	0	0	0	0
LDL	UKBB	EUR	4	79	2385	598.320419311523	0	0	0	0
LDL	UKBB	EUR	4	80	3396	1396.9939467907	1	2	2	22
LDL	UKBB	EUR	4	84	2890	340.515382289886	0	0	0	0
LDL	UKBB	EUR	4	85	1240	278.225367069244	0	0	0	0
LDL	UKBB	EUR	4	86	269	12.9102962017059	0	1	0	0
LDL	UKBB	EUR	4	87	4477	1169.03502941132	0	0	0	0
LDL	UKBB	EUR	4	90	2920	425.474491834641	0	0	0	0
LDL	UKBB	EUR	4	92	2401	156.948945045471	0	0	1	5
LDL	UKBB	EUR	4	101	3603	897.821303606033	0	0	1	8
LDL	UKBB	EUR	4	113	3912	2533.42400979996	1	1	1	1
LDL	UKBB	EUR	4	115	1507	231.347290992737	0	1	1	2
LDL	UKBB	EUR	4	116	2686	706.17422747612	0	0	0	0
LDL	UKBB	EUR	4	117	3442	747.766047954559	0	0	0	0
LDL	UKBB	EUR	4	121	2434	320.299779653549	0	0	1	49
LDL	UKBB	EUR	4	122	1057	196.008147001266	0	0	0	0
LDL	UKBB	EUR	4	129	3449	1112.21702742577	0	0	0	0
LDL	UKBB	EUR	4	130	3105	476.310685157776	0	0	0	0
LDL	UKBB	EUR	4	134	5256	1977.81224775314	0	0	0	0
LDL	UKBB	EUR	4	136	4773	1076.74204111099	0	0	0	0
LDL	UKBB	EUR	4	148	1997	384.989597797394	0	0	0	0
LDL	UKBB	EUR	4	156	4562	798.211566925049	0	0	0	0
LDL	UKBB	EUR	4	159	1296	62.0532968044281	0	1	1	3
LDL	UKBB	EUR	4	161	1241	482.335705041885	1	1	1	1
LDL	UKBB	EUR	4	162	2258	291.442055702209	0	0	0	0
LDL	UKBB	EUR	4	203	1735	326.578496456146	0	0	0	0
LDL	UKBB	EUR	5	6	1206	189.821177482605	0	0	0	0
LDL	UKBB	EUR	5	17	1947	371.4443795681	0	0	0	0
LDL	UKBB	EUR	5	55	738	13.2682366371155	0	1	1	2
LDL	UKBB	EUR	5	64	3938	199.926717281342	0	0	0	0
LDL	UKBB	EUR	5	69	1349	192.010348081589	0	0	1	6
LDL	UKBB	EUR	5	71	4171	1322.14930820465	0	0	0	0
LDL	UKBB	EUR	5	81	2409	225.690281152725	0	0	0	0
LDL	UKBB	EUR	5	82	1584	427.980998516083	0	0	0	0
LDL	UKBB	EUR	5	84	488	59.0184187889099	0	3	2	4
LDL	UKBB	EUR	5	85	3363	5850.35313129425	1	2	3	31
LDL	UKBB	EUR	5	86	62	4.42299818992615	0	0	0	0
LDL	UKBB	EUR	5	109	1724	346.163550615311	0	0	0	0
LDL	UKBB	EUR	5	127	5539	1086.81667971611	0	1	0	0
LDL	UKBB	EUR	5	130	4176	551.766258478165	0	0	1	12
LDL	UKBB	EUR	5	134	2227	562.844825744629	0	0	0	0
LDL	UKBB	EUR	5	144	3203	374.109201669693	0	0	0	0
LDL	UKBB	EUR	5	146	4116	303.129067659378	0	0	1	44
LDL	UKBB	EUR	5	147	1742	126.447877883911	0	0	1	15
LDL	UKBB	EUR	5	148	90	2.1752769947052	0	0	0	0
LDL	UKBB	EUR	5	156	2116	72.9702885150909	0	0	1	21
LDL	UKBB	EUR	5	157	1506	769.339012861252	0	0	0	0
LDL	UKBB	EUR	5	158	1971	318.945445775986	0	0	0	0
LDL	UKBB	EUR	5	165	1906	325.96506690979	0	0	0	0
LDL	UKBB	EUR	5	166	3313	2041.59131836891	0	1	3	48
LDL	UKBB	EUR	5	167	2440	558.226142406464	0	0	0	0
LDL	UKBB	EUR	5	202	1867	335.379064083099	0	0	0	0
LDL	UKBB	EUR	5	207	2599	294.901841640472	0	1	0	0
LDL	UKBB	EUR	6	19	2620	1206.84902954102	0	0	1	18
LDL	UKBB	EUR	6	20	1676	298.346286773682	0	0	0	0
LDL	UKBB	EUR	6	25	2473	259.446014404297	0	0	0	0
LDL	UKBB	EUR	6	27	1544	62.7448954582214	0	0	1	9
LDL	UKBB	EUR	6	34	3003	393.69508099556	0	0	0	0
LDL	UKBB	EUR	6	35	1186	128.560708999634	0	1	1	3
LDL	UKBB	EUR	6	39	4567	1592.71805763245	0	0	0	0
LDL	UKBB	EUR	6	43	2936	436.84277510643	0	0	0	0
LDL	UKBB	EUR	6	44	536	17.1034617424011	0	1	0	0
LDL	UKBB	EUR	6	47	3743	508.511035680771	0	0	0	0
LDL	UKBB	EUR	6	51	5691	3127.34807276726	0	0	1	3
LDL	UKBB	EUR	6	53	1638	170.856480836868	0	0	1	16
LDL	UKBB	EUR	6	56	1767	68.4957280158997	0	0	1	15
LDL	UKBB	EUR	6	58	3103	2201.4621489048	0	0	0	0
LDL	UKBB	EUR	6	63	2662	75.7612850666046	0	0	1	19
LDL	UKBB	EUR	6	64	291	29.8973989486694	0	0	0	0
LDL	UKBB	EUR	6	65	856	82.244172334671	0	0	0	0
LDL	UKBB	EUR	6	71	9843	1843.92626523972	0	0	0	0
LDL	UKBB	EUR	6	72	1150	74.1873383522034	0	0	0	0
LDL	UKBB	EUR	6	73	445	36.9662137031555	0	0	0	0
LDL	UKBB	EUR	6	75	422	53.9744076728821	0	0	1	13
LDL	UKBB	EUR	6	76	4912	534.554595470428	0	0	0	0
LDL	UKBB	EUR	6	87	4174	1406.79454421997	0	0	0	0
LDL	UKBB	EUR	6	88	8297	699.223397731781	0	0	0	0
LDL	UKBB	EUR	6	100	66	1.96241903305054	0	0	1	5
LDL	UKBB	EUR	6	101	3046	417.328090190887	0	0	1	42
LDL	UKBB	EUR	6	105	2840	145.78125667572	0	0	0	0
LDL	UKBB	EUR	6	106	2234	546.010367631912	0	0	0	0
LDL	UKBB	EUR	6	109	2379	554.344377279282	0	0	0	0
LDL	UKBB	EUR	6	115	6242	840.06645655632	0	0	1	7
LDL	UKBB	EUR	6	117	5305	2014.62606883049	0	0	0	0
LDL	UKBB	EUR	6	124	4273	4847.6687541008	0	0	1	25
LDL	UKBB	EUR	6	127	2166	293.136059522629	0	1	1	5
LDL	UKBB	EUR	6	128	2946	774.819254875183	0	0	0	0
LDL	UKBB	EUR	6	134	2033	112.777942419052	0	0	1	13
LDL	UKBB	EUR	6	136	1154	112.763803958893	0	0	0	0
LDL	UKBB	EUR	6	140	1868	270.860287427902	0	0	0	0
LDL	UKBB	EUR	6	154	2078	112.752781867981	0	1	1	4
LDL	UKBB	EUR	6	158	2352	655.248432159424	0	0	0	0
LDL	UKBB	EUR	6	160	2990	577.49470949173	0	0	0	0
LDL	UKBB	EUR	6	168	3738	924.235169887543	0	0	0	0
LDL	UKBB	EUR	6	169	5975	25440.7038981915	6	9	10	24
LDL	UKBB	EUR	6	170	1166	169.451166391373	0	0	0	0
LDL	UKBB	EUR	6	180	343	90.3520319461823	0	0	0	0
LDL	UKBB	EUR	6	183	1537	325.249016284943	0	0	0	0
LDL	UKBB	EUR	6	187	1896	459.513337612152	0	0	0	0
LDL	UKBB	EUR	7	3	2264	172.671567678452	0	0	1	23
LDL	UKBB	EUR	7	5	3856	753.163133144379	0	0	0	0
LDL	UKBB	EUR	7	6	2111	346.352842569351	0	0	0	0
LDL	UKBB	EUR	7	11	2673	275.196982622147	0	0	0	0
LDL	UKBB	EUR	7	12	4760	1467.49187612534	0	1	1	26
LDL	UKBB	EUR	7	13	1867	366.628199577332	0	0	0	0
LDL	UKBB	EUR	7	33	4014	1541.68802070618	0	0	0	0
LDL	UKBB	EUR	7	37	3477	322.93750834465	0	0	2	34
LDL	UKBB	EUR	7	41	3054	756.686868429184	0	0	0	0
LDL	UKBB	EUR	7	42	3110	545.16917681694	1	1	1	1
LDL	UKBB	EUR	7	44	579	21.2582371234894	0	0	1	7
LDL	UKBB	EUR	7	50	2109	274.832319021225	0	1	1	10
LDL	UKBB	EUR	7	58	3096	503.84609079361	0	0	1	2
LDL	UKBB	EUR	7	66	1416	170.371344804764	0	0	0	0
LDL	UKBB	EUR	7	67	7625	2531.83103704453	0	1	2	23
LDL	UKBB	EUR	7	74	1376	269.775107860565	0	0	0	0
LDL	UKBB	EUR	7	85	3527	1530.19126224518	0	0	0	0
LDL	UKBB	EUR	7	88	4012	676.477478504181	0	0	1	53
LDL	UKBB	EUR	7	89	2570	672.126200199127	0	0	0	0
LDL	UKBB	EUR	7	95	1940	75.3017416000366	0	1	0	0
LDL	UKBB	EUR	7	99	4030	363.858282566071	0	0	1	15
LDL	UKBB	EUR	7	103	2432	106.267117500305	0	0	0	0
LDL	UKBB	EUR	7	109	2272	216.977713823318	0	0	1	16
LDL	UKBB	EUR	7	111	4010	8713.55170059204	1	3	3	8
LDL	UKBB	EUR	7	112	1865	358.357612609863	0	0	0	0
LDL	UKBB	EUR	7	113	3253	140.385273218155	0	1	0	0
LDL	UKBB	EUR	7	114	4842	1900.4234457016	0	0	0	0
LDL	UKBB	EUR	7	119	2158	450.557172298431	0	0	0	0
LDL	UKBB	EUR	7	132	5913	2433.04438519478	0	0	0	0
LDL	UKBB	EUR	7	133	5947	1501.18810200691	0	0	0	0
LDL	UKBB	EUR	7	134	1837	359.918965339661	0	0	0	0
LDL	UKBB	EUR	7	138	4134	743.077410459518	0	0	0	0
LDL	UKBB	EUR	7	139	970	91.8380002975464	0	0	0	0
LDL	UKBB	EUR	7	141	4443	1449.78122639656	0	0	0	0
LDL	UKBB	EUR	7	147	1388	201.233130455017	0	0	0	0
LDL	UKBB	EUR	7	152	1321	229.066684961319	0	0	0	0
LDL	UKBB	EUR	7	162	5319	1033.58135485649	0	1	0	0
LDL	UKBB	EUR	7	176	704	95.9106316566467	0	0	0	0
LDL	UKBB	EUR	7	177	1028	168.542179107666	0	0	0	0
LDL	UKBB	EUR	7	187	3900	1485.52171969414	0	0	0	0
LDL	UKBB	EUR	8	17	2981	668.23589348793	0	0	1	37
LDL	UKBB	EUR	8	29	5291	353.459274768829	0	1	1	2
LDL	UKBB	EUR	8	36	1006	88.1714363098145	0	0	1	18
LDL	UKBB	EUR	8	39	2298	158.055387020111	0	0	0	0
LDL	UKBB	EUR	8	42	3833	879.445272922516	0	0	0	0
LDL	UKBB	EUR	8	44	1171	187.482084274292	0	0	0	0
LDL	UKBB	EUR	8	45	2217	210.600394010544	0	1	0	0
LDL	UKBB	EUR	8	56	2479	265.031113624573	0	0	0	0
LDL	UKBB	EUR	8	57	1833	470.803518772125	0	0	0	0
LDL	UKBB	EUR	8	59	1643	55.7025592327118	0	0	1	3
LDL	UKBB	EUR	8	65	1816	91.9901485443115	0	0	1	6
LDL	UKBB	EUR	8	68	2407	430.849533319473	0	1	2	6
LDL	UKBB	EUR	8	69	4801	1446.3890247345	0	0	1	23
LDL	UKBB	EUR	8	71	3183	693.033095836639	0	0	0	0
LDL	UKBB	EUR	8	75	790	113.558785200119	0	0	0	0
LDL	UKBB	EUR	8	78	645	86.0249328613281	0	0	0	0
LDL	UKBB	EUR	8	79	2125	311.429571390152	0	1	0	0
LDL	UKBB	EUR	8	81	3035	154.487659692764	0	0	1	5
LDL	UKBB	EUR	8	83	4789	1484.66341114044	0	0	0	0
LDL	UKBB	EUR	8	85	2550	138.417630910873	0	2	0	0
LDL	UKBB	EUR	8	88	3259	486.619902133942	0	0	0	0
LDL	UKBB	EUR	8	90	3634	194.325021982193	0	0	0	0
LDL	UKBB	EUR	8	101	2080	66.4547827243805	0	1	1	2
LDL	UKBB	EUR	8	106	3267	1015.57393598557	0	0	0	0
LDL	UKBB	EUR	8	113	2176	330.671226263046	0	1	1	5
LDL	UKBB	EUR	8	124	1812	296.457143306732	0	0	0	0
LDL	UKBB	EUR	8	125	814	734.460250139236	2	3	4	11
LDL	UKBB	EUR	8	135	2430	386.017043828964	0	0	0	0
LDL	UKBB	EUR	8	153	1452	302.349524974823	0	0	1	185
LDL	UKBB	EUR	8	159	2188	658.177851915359	0	0	0	0
LDL	UKBB	EUR	8	160	2068	437.255118608475	0	0	1	12
LDL	UKBB	EUR	9	4	2656	466.277354717255	1	1	1	1
LDL	UKBB	EUR	9	5	553	64.3467092514038	0	0	0	0
LDL	UKBB	EUR	9	13	4364	1517.76263451576	0	0	0	0
LDL	UKBB	EUR	9	33	2499	293.376353263855	0	0	0	0
LDL	UKBB	EUR	9	36	2503	225.733855962753	0	0	1	33
LDL	UKBB	EUR	9	39	1089	57.4233181476593	0	1	1	4
LDL	UKBB	EUR	9	40	4668	1802.84301710129	0	0	0	0
LDL	UKBB	EUR	9	51	1445	149.252511262894	0	0	0	0
LDL	UKBB	EUR	9	53	4656	1841.28221726418	0	0	0	0
LDL	UKBB	EUR	9	62	3171	238.029139280319	0	0	0	0
LDL	UKBB	EUR	9	69	1791	264.740274190903	0	1	1	16
LDL	UKBB	EUR	9	70	1266	243.416653633118	0	0	0	0
LDL	UKBB	EUR	9	72	799	50.9235229492188	0	1	1	2
LDL	UKBB	EUR	9	73	1843	226.897835969925	0	1	0	0
LDL	UKBB	EUR	9	80	5272	1773.41840910912	0	0	0	0
LDL	UKBB	EUR	9	84	2359	556.616424798965	0	0	0	0
LDL	UKBB	EUR	9	89	708	69.205828666687	0	0	0	0
LDL	UKBB	EUR	9	93	3025	687.237971067429	0	0	0	0
LDL	UKBB	EUR	9	99	2108	397.239707946777	0	0	0	0
LDL	UKBB	EUR	9	102	3575	702.210882902145	0	0	0	0
LDL	UKBB	EUR	9	104	1127	190.214620351791	0	0	0	0
LDL	UKBB	EUR	9	110	4308	873.745858669281	1	2	2	3
LDL	UKBB	EUR	9	111	188	74.1689031124115	2	2	3	13
LDL	UKBB	EUR	9	112	4161	707.202039957047	0	1	0	0
LDL	UKBB	EUR	9	114	1492	271.574856042862	0	0	0	0
LDL	UKBB	EUR	9	115	4317	1337.0742764473	0	0	0	0
LDL	UKBB	EUR	9	116	2261	581.679100036621	0	0	0	0
LDL	UKBB	EUR	9	118	5125	805.777670383453	0	1	0	0
LDL	UKBB	EUR	9	119	1867	487.667301177979	0	0	0	0
LDL	UKBB	EUR	9	124	1967	133.670337438583	0	1	0	0
LDL	UKBB	EUR	9	125	2709	340.440262079239	0	0	0	0
LDL	UKBB	EUR	9	134	4838	458.497600317001	0	0	1	41
LDL	UKBB	EUR	9	140	5136	1521.7067117691	0	1	2	10
LDL	UKBB	EUR	9	144	1990	432.239728927612	0	0	0	0
LDL	UKBB	EUR	9	145	2294	191.117742061615	0	0	0	0
LDL	UKBB	EUR	9	148	1435	58.8289215564728	0	0	0	0
LDL	UKBB	EUR	9	149	1805	156.467389822006	0	1	1	2
LDL	UKBB	EUR	9	153	207	19.5638446807861	0	0	0	0
LDL	UKBB	EUR	9	160	842	33.5765843391418	0	0	0	0
LDL	UKBB	EUR	9	161	879	44.6186482906342	0	1	1	6
LDL	UKBB	EUR	10	14	3236	867.160403251648	0	0	0	0
LDL	UKBB	EUR	10	22	2664	465.964226722717	0	1	1	14
LDL	UKBB	EUR	10	30	860	129.562140703201	0	0	0	0
LDL	UKBB	EUR	10	43	2273	396.296894788742	0	0	0	0
LDL	UKBB	EUR	10	45	3441	391.13033914566	0	0	0	0
LDL	UKBB	EUR	10	46	3567	1079.24097919464	0	0	0	0
LDL	UKBB	EUR	10	52	3561	772.732477903366	0	0	0	0
LDL	UKBB	EUR	10	53	1731	254.70907664299	0	0	0	0
LDL	UKBB	EUR	10	59	1871	315.173393726349	0	0	0	0
LDL	UKBB	EUR	10	60	4081	547.51865530014	0	0	0	0
LDL	UKBB	EUR	10	67	1845	292.921294212341	0	0	0	0
LDL	UKBB	EUR	10	69	2775	377.49035525322	0	0	0	0
LDL	UKBB	EUR	10	70	3212	467.744499921799	0	1	1	15
LDL	UKBB	EUR	10	73	1935	537.030621051788	0	0	0	0
LDL	UKBB	EUR	10	80	3670	1865.74426174164	0	2	2	24
LDL	UKBB	EUR	10	81	3739	742.953555345535	1	1	2	22
LDL	UKBB	EUR	10	84	5216	1977.5161690712	0	0	0	0
LDL	UKBB	EUR	10	85	1044	8.24039721488953	0	1	1	2
LDL	UKBB	EUR	10	92	4938	1068.62907838821	0	0	0	0
LDL	UKBB	EUR	10	100	1060	113.015594005585	0	0	0	0
LDL	UKBB	EUR	10	101	2649	725.868483781815	0	0	0	0
LDL	UKBB	EUR	10	109	3249	708.681610822678	0	0	0	0
LDL	UKBB	EUR	10	110	1115	98.8660860061646	0	0	0	0
LDL	UKBB	EUR	10	112	799	21.7326149940491	0	0	0	0
LDL	UKBB	EUR	10	113	2601	221.457775831223	0	1	0	0
LDL	UKBB	EUR	10	117	4263	3024.18808937073	0	1	3	31
LDL	UKBB	EUR	10	120	3087	418.922686338425	0	0	0	0
LDL	UKBB	EUR	10	121	2132	383.85998249054	0	1	0	0
LDL	UKBB	EUR	10	126	3514	784.624458789825	0	1	1	11
LDL	UKBB	EUR	10	127	1148	203.610747337341	0	0	0	0
LDL	UKBB	EUR	10	128	303	25.6375868320465	0	0	0	0
LDL	UKBB	EUR	10	129	4669	906.915202140808	0	0	0	0
LDL	UKBB	EUR	10	131	3984	471.680802345276	0	1	1	8
LDL	UKBB	EUR	10	137	3617	274.888726234436	0	0	1	17
LDL	UKBB	EUR	10	138	696	411.308292388916	0	2	3	25
LDL	UKBB	EUR	10	142	1168	43.6382093429565	0	0	1	6
LDL	UKBB	EUR	10	144	1406	74.3248765468597	0	0	1	14
LDL	UKBB	EUR	10	150	3027	477.350718736649	0	0	0	0
LDL	UKBB	EUR	10	152	2103	401.75187587738	0	0	0	0
LDL	UKBB	EUR	10	154	4986	2049.59587836266	0	1	2	11
LDL	UKBB	EUR	11	2	2420	607.441173791885	0	0	0	0
LDL	UKBB	EUR	11	3	2539	603.443953275681	0	0	0	0
LDL	UKBB	EUR	11	4	1612	172.968065023422	0	0	0	0
LDL	UKBB	EUR	11	7	1394	75.6761965751648	0	0	0	0
LDL	UKBB	EUR	11	12	3578	790.989842414856	0	2	2	7
LDL	UKBB	EUR	11	18	5720	785.627913475037	0	0	0	0
LDL	UKBB	EUR	11	22	1276	65.4805307388306	0	1	0	0
LDL	UKBB	EUR	11	28	1996	267.284536838531	0	0	0	0
LDL	UKBB	EUR	11	30	1788	589.238765001297	0	2	0	0
LDL	UKBB	EUR	11	31	1700	396.132726192474	0	0	0	0
LDL	UKBB	EUR	11	33	2303	146.95583486557	0	1	1	3
LDL	UKBB	EUR	11	51	2557	873.956424236298	0	0	0	0
LDL	UKBB	EUR	11	56	578	85.2277781963348	0	0	1	52
LDL	UKBB	EUR	11	75	1704	82.753687620163	0	1	0	0
LDL	UKBB	EUR	11	76	2067	178.638038396835	0	0	1	11
LDL	UKBB	EUR	11	78	2124	550.681771278381	0	0	0	0
LDL	UKBB	EUR	11	79	4524	1385.18965864182	0	0	1	29
LDL	UKBB	EUR	11	81	2043	575.156305074692	0	0	0	0
LDL	UKBB	EUR	11	82	661	19.26420545578	0	0	0	0
LDL	UKBB	EUR	11	86	2914	893.700688838959	0	0	0	0
LDL	UKBB	EUR	11	90	4821	1909.22174882889	0	0	0	0
LDL	UKBB	EUR	11	107	1105	151.864214420319	0	0	0	0
LDL	UKBB	EUR	11	108	958	113.8024122715	0	0	0	0
LDL	UKBB	EUR	11	115	3006	809.893296003342	0	0	0	0
LDL	UKBB	EUR	11	117	4952	561.716864585876	0	0	1	11
LDL	UKBB	EUR	11	123	1466	264.571204185486	0	0	0	0
LDL	UKBB	EUR	11	125	2204	350.612206697464	0	0	1	11
LDL	UKBB	EUR	11	129	2510	4694.94671630859	2	4	5	17
LDL	UKBB	EUR	11	133	2215	558.051894903183	0	0	1	17
LDL	UKBB	EUR	11	139	104	10.1865789890289	0	0	0	0
LDL	UKBB	EUR	11	140	1400	145.985026359558	0	0	0	0
LDL	UKBB	EUR	11	142	3110	448.975646018982	0	0	1	34
LDL	UKBB	EUR	11	147	4882	2845.96991086006	0	0	2	19
LDL	UKBB	EUR	11	163	501	49.4839081764221	0	0	0	0
LDL	UKBB	EUR	12	1	1583	88.2871725559235	0	1	1	2
LDL	UKBB	EUR	12	4	1489	221.633487224579	0	0	0	0
LDL	UKBB	EUR	12	12	967	38.1049799919128	0	2	0	0
LDL	UKBB	EUR	12	17	1105	179.599956035614	0	0	0	0
LDL	UKBB	EUR	12	18	2150	212.098324298859	0	0	0	0
LDL	UKBB	EUR	12	23	2889	787.902158737183	0	0	1	13
LDL	UKBB	EUR	12	29	358	3.68345642089844	0	1	0	0
LDL	UKBB	EUR	12	33	2229	710.357706785202	0	0	0	0
LDL	UKBB	EUR	12	42	4607	1243.47151684761	0	0	0	0
LDL	UKBB	EUR	12	45	2354	472.598811864853	0	0	0	0
LDL	UKBB	EUR	12	47	881	81.9577312469482	0	0	0	0
LDL	UKBB	EUR	12	49	3186	197.409927368164	0	1	1	4
LDL	UKBB	EUR	12	51	1810	501.717525720596	0	0	0	0
LDL	UKBB	EUR	12	59	3362	1150.00549864769	0	0	0	0
LDL	UKBB	EUR	12	61	1921	330.499136447906	0	0	0	0
LDL	UKBB	EUR	12	62	2099	447.10872387886	0	0	0	0
LDL	UKBB	EUR	12	63	2166	385.017466306686	0	0	1	17
LDL	UKBB	EUR	12	64	1716	349.73025560379	0	0	0	0
LDL	UKBB	EUR	12	66	2711	306.576757192612	0	0	0	0
LDL	UKBB	EUR	12	67	1361	199.684383630753	0	0	0	0
LDL	UKBB	EUR	12	69	2577	535.812475442886	0	0	0	0
LDL	UKBB	EUR	12	71	3196	900.165901184082	0	1	1	13
LDL	UKBB	EUR	12	72	8797	2476.46932172775	0	0	0	0
LDL	UKBB	EUR	12	82	3149	139.084762334824	0	1	1	2
LDL	UKBB	EUR	12	97	4261	2115.68773007393	1	1	1	1
LDL	UKBB	EUR	12	98	1797	424.597895145416	0	0	0	0
LDL	UKBB	EUR	12	110	3720	298.775497436523	0	0	0	0
LDL	UKBB	EUR	12	112	417	49.3504452705383	0	0	0	0
LDL	UKBB	EUR	12	113	2735	460.259282827377	0	0	0	0
LDL	UKBB	EUR	12	114	2609	608.232170581818	0	0	0	0
LDL	UKBB	EUR	12	115	2022	492.01143693924	0	0	0	0
LDL	UKBB	EUR	12	117	2784	74.8649032115936	0	0	0	0
LDL	UKBB	EUR	12	120	1449	264.172157049179	0	0	0	0
LDL	UKBB	EUR	12	121	1968	343.705133199692	0	0	0	0
LDL	UKBB	EUR	12	122	4098	1386.10220646858	1	1	1	1
LDL	UKBB	EUR	12	127	1300	203.869956016541	0	0	0	0
LDL	UKBB	EUR	12	128	483	15.0849487781525	0	1	1	2
LDL	UKBB	EUR	12	138	4362	1032.33754873276	0	0	1	6
LDL	UKBB	EUR	12	139	5982	1828.4756295681	0	0	1	37
LDL	UKBB	EUR	12	140	1250	136.052384376526	0	0	1	7
LDL	UKBB	EUR	12	141	1719	428.139321565628	0	0	0	0
LDL	UKBB	EUR	12	164	394	51.8379971981049	0	0	1	19
LDL	UKBB	EUR	13	11	1546	319.820483446121	0	0	0	0
LDL	UKBB	EUR	13	18	846	188.203875780106	1	1	1	1
LDL	UKBB	EUR	13	21	3268	672.852875709534	0	0	0	0
LDL	UKBB	EUR	13	24	2120	390.082258701324	0	0	0	0
LDL	UKBB	EUR	13	25	1198	802.183825492859	0	2	2	11
LDL	UKBB	EUR	13	40	1936	105.03135228157	0	0	1	8
LDL	UKBB	EUR	13	44	1745	513.438144683838	0	0	0	0
LDL	UKBB	EUR	13	50	4830	454.779130935669	0	0	0	0
LDL	UKBB	EUR	13	52	3325	266.456179618835	0	0	0	0
LDL	UKBB	EUR	13	66	1155	175.131344795227	0	0	0	0
LDL	UKBB	EUR	13	69	4263	1213.67557621002	0	0	0	0
LDL	UKBB	EUR	13	84	1569	328.581542253494	0	0	0	0
LDL	UKBB	EUR	13	96	1105	148.854015827179	0	0	0	0
LDL	UKBB	EUR	13	102	1345	321.000799417496	0	0	0	0
LDL	UKBB	EUR	13	115	1088	80.7623107433319	0	0	0	0
LDL	UKBB	EUR	13	116	959	34.5629417896271	0	0	1	7
LDL	UKBB	EUR	13	118	1840	120.871165990829	0	0	1	17
LDL	UKBB	EUR	13	125	2458	314.740046024323	0	1	1	7
LDL	UKBB	EUR	14	4	853	61.7528131008148	0	0	0	0
LDL	UKBB	EUR	14	14	4111	894.891428232193	0	1	1	4
LDL	UKBB	EUR	14	23	3686	961.837097167969	0	0	0	0
LDL	UKBB	EUR	14	31	3402	314.665645360947	0	0	0	0
LDL	UKBB	EUR	14	35	3442	673.62332701683	0	0	0	0
LDL	UKBB	EUR	14	42	2098	372.764167070389	0	0	0	0
LDL	UKBB	EUR	14	43	185	18.3389482498169	0	0	0	0
LDL	UKBB	EUR	14	46	1764	399.075835227966	0	0	0	0
LDL	UKBB	EUR	14	63	4184	472.13623380661	0	0	0	0
LDL	UKBB	EUR	14	68	2114	631.917867183685	0	0	1	25
LDL	UKBB	EUR	14	72	4036	2024.50777626038	0	1	2	38
LDL	UKBB	EUR	14	73	2037	346.611256122589	0	0	1	28
LDL	UKBB	EUR	14	96	402	45.0331089496613	0	0	0	0
LDL	UKBB	EUR	14	105	1462	133.103123903275	0	0	1	3
LDL	UKBB	EUR	14	106	1402	241.456223726273	0	0	0	0
LDL	UKBB	EUR	14	121	3098	975.840817689896	0	0	0	0
LDL	UKBB	EUR	14	126	3821	816.649646282196	0	0	0	0
LDL	UKBB	EUR	14	127	2529	180.25408577919	0	0	0	0
LDL	UKBB	EUR	15	3	164	15.5590336322784	0	0	0	0
LDL	UKBB	EUR	15	37	3548	559.267252206802	0	0	0	0
LDL	UKBB	EUR	15	39	2732	684.389513731003	0	0	0	0
LDL	UKBB	EUR	15	44	1595	375.446117401123	0	0	1	32
LDL	UKBB	EUR	15	45	6114	1425.17048716545	0	0	0	0
LDL	UKBB	EUR	15	46	1813	262.356397628784	0	0	0	0
LDL	UKBB	EUR	15	47	2293	554.69170999527	0	0	0	0
LDL	UKBB	EUR	15	50	2761	175.001863956451	0	1	1	4
LDL	UKBB	EUR	15	52	1949	120.241620779037	0	0	1	8
LDL	UKBB	EUR	15	53	379	24.4175155162811	0	2	2	9
LDL	UKBB	EUR	15	54	2113	456.84273648262	0	0	0	0
LDL	UKBB	EUR	15	56	2289	482.247715473175	0	0	0	0
LDL	UKBB	EUR	15	59	4715	503.49788069725	0	0	1	116
LDL	UKBB	EUR	15	62	5408	939.925151348114	0	3	0	0
LDL	UKBB	EUR	15	63	1605	322.14816570282	0	0	0	0
LDL	UKBB	EUR	15	64	1692	269.809437990189	0	0	0	0
LDL	UKBB	EUR	15	66	2926	777.719402313232	0	0	0	0
LDL	UKBB	EUR	15	80	1311	49.9603219032288	0	0	0	0
LDL	UKBB	EUR	15	83	1224	111.359849691391	0	0	0	0
LDL	UKBB	EUR	15	85	2159	420.049238681793	0	0	0	0
LDL	UKBB	EUR	15	117	1028	99.661758184433	0	0	0	0
LDL	UKBB	EUR	15	118	684	31.9289305210114	0	0	0	0
LDL	UKBB	EUR	16	1	2115	71.4617164134979	0	1	0	0
LDL	UKBB	EUR	16	4	3057	899.579121351242	0	0	0	0
LDL	UKBB	EUR	16	5	1220	279.450890541077	0	0	0	0
LDL	UKBB	EUR	16	9	2833	790.687010288239	0	0	0	0
LDL	UKBB	EUR	16	31	2609	523.831145524979	0	0	1	4
LDL	UKBB	EUR	16	32	387	99.0927193164825	1	1	1	1
LDL	UKBB	EUR	16	37	3155	693.162736177444	0	0	0	0
LDL	UKBB	EUR	16	38	5206	1406.75267124176	0	0	0	0
LDL	UKBB	EUR	16	43	1902	392.588183641434	0	0	0	0
LDL	UKBB	EUR	16	59	1712	288.187731027603	0	0	0	0
LDL	UKBB	EUR	16	60	3060	128.373430252075	0	1	0	0
LDL	UKBB	EUR	16	74	496	36.3391466140747	0	0	0	0
LDL	UKBB	EUR	16	75	3053	590.752341508865	0	1	1	3
LDL	UKBB	EUR	16	76	2097	337.432212591171	0	1	0	0
LDL	UKBB	EUR	16	80	2092	454.906180381775	0	0	0	0
LDL	UKBB	EUR	16	85	5119	727.445072889328	0	0	0	0
LDL	UKBB	EUR	16	88	5194	718.385890960693	0	0	0	0
LDL	UKBB	EUR	16	89	6555	12926.3572762012	2	3	5	26
LDL	UKBB	EUR	16	90	1649	288.428074836731	0	0	0	0
LDL	UKBB	EUR	16	94	5625	339.84722495079	0	0	0	0
LDL	UKBB	EUR	16	96	6273	2452.99117898941	0	0	0	0
LDL	UKBB	EUR	16	99	1739	112.937489032745	0	1	0	0
LDL	UKBB	EUR	16	100	354	64.9883224964142	0	1	1	7
LDL	UKBB	EUR	16	101	421	18.8248524665833	0	0	1	21
LDL	UKBB	EUR	16	103	6943	2411.66358494759	0	0	0	0
LDL	UKBB	EUR	16	104	2090	373.226857185364	0	0	0	0
LDL	UKBB	EUR	16	110	1681	20.3507173061371	0	0	1	3
LDL	UKBB	EUR	16	119	2232	307.865244626999	0	0	1	13
LDL	UKBB	EUR	16	120	327	15.3303737640381	0	0	0	0
LDL	UKBB	EUR	16	125	1680	92.2119102478027	0	0	0	0
LDL	UKBB	EUR	16	126	396	26.1077611446381	0	0	0	0
LDL	UKBB	EUR	16	127	673	42.8529901504517	0	0	1	8
LDL	UKBB	EUR	16	128	5659	2582.51781654358	0	0	0	0
LDL	UKBB	EUR	17	9	3243	382.902648687363	0	0	1	19
LDL	UKBB	EUR	17	14	1643	133.085121631622	0	0	1	17
LDL	UKBB	EUR	17	16	657	46.1541574001312	0	0	0	0
LDL	UKBB	EUR	17	17	3164	992.705840587616	1	1	1	1
LDL	UKBB	EUR	17	22	521	27.7563924789429	0	1	1	2
LDL	UKBB	EUR	17	23	1087	45.9254019260406	2	2	3	9
LDL	UKBB	EUR	17	24	1967	585.831515550613	0	2	1	3
LDL	UKBB	EUR	17	25	1962	150.48066163063	0	0	1	38
LDL	UKBB	EUR	17	28	429	47.7002837657928	0	0	0	0
LDL	UKBB	EUR	17	30	423	32.2412564754486	0	0	0	0
LDL	UKBB	EUR	17	51	4039	190.474169015884	0	0	0	0
LDL	UKBB	EUR	17	54	2468	96.4017753601074	0	1	0	0
LDL	UKBB	EUR	17	55	5107	7385.18202185631	1	2	3	84
LDL	UKBB	EUR	17	65	3513	502.516423463821	0	0	0	0
LDL	UKBB	EUR	17	70	1698	232.867914199829	0	0	0	0
LDL	UKBB	EUR	17	71	2351	328.187173604965	0	0	0	0
LDL	UKBB	EUR	17	73	3870	1627.57928800583	0	2	0	0
LDL	UKBB	EUR	17	74	4535	1164.92555451393	0	0	0	0
LDL	UKBB	EUR	17	75	3537	1754.62352132797	0	0	1	12
LDL	UKBB	EUR	17	80	2128	500.683000087738	0	0	0	0
LDL	UKBB	EUR	17	84	835	123.150169849396	0	0	0	0
LDL	UKBB	EUR	17	87	1441	245.792292118073	0	0	0	0
LDL	UKBB	EUR	17	90	3697	229.409903526306	0	0	0	0
LDL	UKBB	EUR	17	94	2206	530.38005900383	0	0	0	0
LDL	UKBB	EUR	17	97	3150	70.3390955924988	0	0	1	3
LDL	UKBB	EUR	17	98	1677	50.859414100647	0	1	0	0
LDL	UKBB	EUR	17	100	1792	267.564597129822	0	0	0	0
LDL	UKBB	EUR	17	101	1373	194.378345727921	0	1	0	0
LDL	UKBB	EUR	17	102	965	745.025127649307	2	2	2	2
LDL	UKBB	EUR	17	103	1221	95.3157563209534	0	2	1	2
LDL	UKBB	EUR	17	104	231	7.34301972389221	0	0	1	10
LDL	UKBB	EUR	17	105	2112	578.03625869751	0	0	0	0
LDL	UKBB	EUR	17	117	2228	158.394069671631	0	0	0	0
LDL	UKBB	EUR	17	118	2099	397.059314250946	0	0	1	33
LDL	UKBB	EUR	17	121	1387	295.024125337601	0	0	0	0
LDL	UKBB	EUR	17	123	2260	352.935091972351	0	0	0	0
LDL	UKBB	EUR	17	125	3102	762.895801067352	0	0	1	10
LDL	UKBB	EUR	17	130	1749	363.670003414154	0	0	0	0
LDL	UKBB	EUR	17	133	1807	290.148322820663	0	0	0	0
LDL	UKBB	EUR	17	134	1820	407.830777168274	0	0	0	0
LDL	UKBB	EUR	18	31	3389	579.306546449661	0	0	0	0
LDL	UKBB	EUR	18	41	4508	1337.11367058754	0	1	1	5
LDL	UKBB	EUR	18	61	3301	551.641825914383	0	0	0	0
LDL	UKBB	EUR	18	69	5083	1286.90832519531	1	1	2	10
LDL	UKBB	EUR	18	77	705	13.0196781158447	0	0	1	3
LDL	UKBB	EUR	18	88	1867	92.195321559906	0	1	0	0
LDL	UKBB	EUR	18	98	1564	287.918206930161	0	0	0	0
LDL	UKBB	EUR	18	119	863	42.0143582820892	0	0	0	0
LDL	UKBB	EUR	18	120	932	129.052613019943	0	0	0	0
LDL	UKBB	EUR	19	5	276	2.9784300327301	0	1	0	0
LDL	UKBB	EUR	19	6	1485	165.648377180099	0	0	0	0
LDL	UKBB	EUR	19	12	934	91.5565533638	0	0	1	22
LDL	UKBB	EUR	19	15	721	96.9776177406311	0	0	0	0
LDL	UKBB	EUR	19	16	828	67.1513421535492	0	0	0	0
LDL	UKBB	EUR	19	20	1026	67.9244618415833	0	0	0	0
LDL	UKBB	EUR	19	21	590	70.0577766895294	0	0	0	0
LDL	UKBB	EUR	19	22	2372	482.142744064331	0	0	0	0
LDL	UKBB	EUR	19	25	1578	98.9506816864014	0	0	0	0
LDL	UKBB	EUR	19	32	1761	312.245149374008	0	0	0	0
LDL	UKBB	EUR	19	33	802	101.646545171738	0	0	0	0
LDL	UKBB	EUR	19	35	1817	202.359607458115	0	0	0	0
LDL	UKBB	EUR	19	36	628	99.0375740528107	0	0	0	0
LDL	UKBB	EUR	19	37	2520	24569.6357717514	7	10	10	17
LDL	UKBB	EUR	19	38	593	507.317226171494	5	9	6	8
LDL	UKBB	EUR	19	39	3423	1903.14590954781	1	6	4	7
LDL	UKBB	EUR	19	40	926	147.672180891037	0	0	0	0
LDL	UKBB	EUR	19	42	1218	41.0031535625458	0	0	0	0
LDL	UKBB	EUR	19	46	1935	367.161382436752	0	0	1	6
LDL	UKBB	EUR	19	49	2266	622.540680885315	0	0	0	0
LDL	UKBB	EUR	19	51	1295	48.2349164485931	0	1	1	6
LDL	UKBB	EUR	19	52	1597	125.111134529114	0	0	0	0
LDL	UKBB	EUR	19	53	2969	314.684871435165	1	2	2	3
LDL	UKBB	EUR	19	54	4148	281.963617801666	0	1	1	2
LDL	UKBB	EUR	19	62	2979	442.285048723221	0	0	0	0
LDL	UKBB	EUR	19	63	1405	224.63729429245	0	0	0	0
LDL	UKBB	EUR	19	65	1374	164.1079890728	0	0	0	0
LDL	UKBB	EUR	19	67	5769	1322.24321746826	0	1	0	0
LDL	UKBB	EUR	19	68	1393	101.488578081131	0	0	1	23
LDL	UKBB	EUR	19	70	1809	105.471751451492	0	1	1	2
LDL	UKBB	EUR	19	71	322	41.9670414924622	0	0	1	4
LDL	UKBB	EUR	19	72	2677	566.122548818588	0	0	0	0
LDL	UKBB	EUR	19	73	470	65.5073742866516	0	1	1	8
LDL	UKBB	EUR	19	74	2804	6674.62812256813	8	11	9	12
LDL	UKBB	EUR	19	75	742	4494.2747733593	7	9	8	14
LDL	UKBB	EUR	19	76	2801	4090.28234481812	7	11	10	13
LDL	UKBB	EUR	19	77	4930	6470.69222688675	1	4	1	1
LDL	UKBB	EUR	19	79	1514	133.163475751877	1	1	1	1
LDL	UKBB	EUR	19	80	853	216.553476572037	0	1	2	24
LDL	UKBB	EUR	19	81	1997	273.320240736008	0	1	2	13
LDL	UKBB	EUR	19	98	1050	107.966491937637	0	1	0	0
LDL	UKBB	EUR	19	103	1275	215.018058538437	0	0	0	0
LDL	UKBB	EUR	19	104	1434	298.21188044548	0	0	0	0
LDL	UKBB	EUR	19	107	1000	170.026710748672	0	1	0	0
LDL	UKBB	EUR	19	110	2769	766.830113887787	0	0	0	0
LDL	UKBB	EUR	19	111	1227	303.284221172333	1	1	2	12
LDL	UKBB	EUR	20	2	1183	183.410335540771	0	0	0	0
LDL	UKBB	EUR	20	10	1072	220.429795503616	0	0	0	0
LDL	UKBB	EUR	20	11	996	168.467107057571	0	0	0	0
LDL	UKBB	EUR	20	12	2000	332.074982881546	0	0	0	0
LDL	UKBB	EUR	20	13	2080	396.847117424011	0	0	0	0
LDL	UKBB	EUR	20	18	1278	52.7328236103058	0	1	1	5
LDL	UKBB	EUR	20	19	353	10.9278950691223	0	0	0	0
LDL	UKBB	EUR	20	40	1508	31.8670189380646	0	0	1	6
LDL	UKBB	EUR	20	48	3816	694.037100076675	0	1	2	5
LDL	UKBB	EUR	20	59	3811	334.046433925629	0	0	1	73
LDL	UKBB	EUR	20	60	2346	254.166097402573	0	0	0	0
LDL	UKBB	EUR	20	63	4665	901.01530957222	0	0	0	0
LDL	UKBB	EUR	20	64	1406	602.736765384674	2	3	3	8
LDL	UKBB	EUR	20	65	2582	347.028950214386	0	0	1	17
LDL	UKBB	EUR	20	66	2901	768.268977880478	0	0	0	0
LDL	UKBB	EUR	20	68	1074	12.4287140369415	0	0	1	5
LDL	UKBB	EUR	20	69	2047	993.551863193512	1	1	1	1
LDL	UKBB	EUR	20	70	1475	36.6686363220215	0	0	0	0
LDL	UKBB	EUR	20	71	2305	326.260539054871	0	0	1	10
LDL	UKBB	EUR	20	77	2178	230.99129486084	0	0	1	61
LDL	UKBB	EUR	20	78	2830	212.92062497139	0	0	0	0
LDL	UKBB	EUR	20	86	1781	297.498256206512	0	0	0	0
LDL	UKBB	EUR	20	87	1097	136.885438680649	0	1	1	5
LDL	UKBB	EUR	20	89	1141	244.557719230652	0	0	0	0
LDL	UKBB	EUR	20	110	2039	440.244200944901	0	0	0	0
LDL	UKBB	EUR	20	111	519	77.3789677619934	0	0	0	0
LDL	UKBB	EUR	20	112	521	13.5286712646484	0	0	0	0
LDL	UKBB	EUR	20	113	219	13.2076461315155	0	0	0	0
LDL	UKBB	EUR	20	115	1012	389.661534547806	0	0	2	22
LDL	UKBB	EUR	21	3	970	49.1954309940338	0	0	1	5
LDL	UKBB	EUR	21	30	3560	874.705253362656	0	0	0	0
LDL	UKBB	EUR	21	33	2226	618.606873750687	0	0	0	0
LDL	UKBB	EUR	21	37	2611	526.465081453323	0	0	0	0
LDL	UKBB	EUR	21	41	4339	334.778421163559	0	0	1	3
LDL	UKBB	EUR	21	48	3341	615.964656114578	0	1	2	24
LDL	UKBB	EUR	21	53	1507	188.415949583054	0	0	0	0
LDL	UKBB	EUR	21	62	631	85.1736271381378	0	0	0	0
LDL	UKBB	EUR	21	64	2442	616.918294668198	0	0	0	0
LDL	UKBB	EUR	21	65	699	22.1763522624969	0	0	0	0
LDL	UKBB	EUR	22	5	1086	197.807958364487	0	0	0	0
LDL	UKBB	EUR	22	9	1719	270.482272386551	0	0	0	0
LDL	UKBB	EUR	22	13	1005	42.554393529892	0	1	1	5
LDL	UKBB	EUR	22	29	2413	219.971658468246	0	0	0	0
LDL	UKBB	EUR	22	30	7767	1475.12632036209	0	0	0	0
LDL	UKBB	EUR	22	36	1266	104.722525596619	0	0	1	39
LDL	UKBB	EUR	22	37	1958	381.67054271698	0	0	0	0
LDL	UKBB	EUR	22	40	1033	173.615875244141	0	0	0	0
LDL	UKBB	EUR	22	43	1868	247.295644760132	0	0	0	0
LDL	UKBB	EUR	22	46	4590	925.736649751663	0	0	1	45
LDL	UKBB	EUR	22	49	579	32.4389271736145	0	0	0	0
LDL	UKBB	EUR	22	54	1477	131.69966506958	0	0	0	0
LDL	UKBB	EUR	22	55	1353	211.595813989639	0	0	0	0
LDL	UKBB	EUR	22	56	244	27.5571939945221	0	0	0	0
LDL	UKBB	EUR	22	57	980	153.298790693283	0	0	0	0
LDL	UKBB	EUR	22	70	2717	489.074768066406	0	0	0	0
