pheno	db	pid	chromosome	block	num_variants	time	num_variants_0.95	num_variants_0.5	num_CS95	num_variants_CS95
LDL	META	EAS	1	2	92	9.23247098922729	0	0	0	0
LDL	META	EAS	1	4	410	63.3507657051086	0	0	0	0
LDL	META	EAS	1	17	1895	552.481018066406	0	0	0	0
LDL	META	EAS	1	19	1293	263.703956365585	0	0	0	0
LDL	META	EAS	1	23	619	135.189434289932	0	0	0	0
LDL	META	EAS	1	35	1520	117.788842201233	0	0	0	0
LDL	META	EAS	1	40	795	150.074325799942	0	0	0	0
LDL	META	EAS	1	48	696	144.056462049484	0	0	0	0
LDL	META	EAS	1	49	435	77.1677796840668	0	0	0	0
LDL	META	EAS	1	51	609	126.602401256561	0	0	1	58
LDL	META	EAS	1	52	1510	339.737982273102	0	0	0	0
LDL	META	EAS	1	53	1301	252.660027265549	0	0	0	0
LDL	META	EAS	1	58	1568	323.256249427795	0	0	0	0
LDL	META	EAS	1	70	1504	403.841235637665	0	0	0	0
LDL	META	EAS	1	73	1804	425.651679515839	0	0	0	0
LDL	META	EAS	1	75	2597	625.752848386765	0	0	0	0
LDL	META	EAS	1	76	1430	303.57136797905	0	0	0	0
LDL	META	EAS	1	78	852	172.443731546402	0	0	0	0
LDL	META	EAS	1	80	892	136.598140954971	0	0	0	0
LDL	META	EAS	1	81	605	97.3351483345032	0	0	0	0
LDL	META	EAS	1	82	1017	216.880224943161	0	0	0	0
LDL	META	EAS	1	83	1632	255.887363433838	0	0	0	0
LDL	META	EAS	1	84	2481	2465.82398366928	0	3	3	17
LDL	META	EAS	1	85	957	201.765824794769	0	0	0	0
LDL	META	EAS	1	88	1284	312.375997066498	0	0	0	0
LDL	META	EAS	1	89	1333	358.178695678711	0	0	0	0
LDL	META	EAS	1	92	1463	402.312381982803	0	0	0	0
LDL	META	EAS	1	94	356	22.8131651878357	0	0	0	0
LDL	META	EAS	1	96	1352	328.444087743759	0	0	0	0
LDL	META	EAS	1	97	1582	246.21043586731	0	0	1	129
LDL	META	EAS	1	100	1655	252.356265544891	0	0	0	0
LDL	META	EAS	1	109	1824	376.016566038132	0	0	0	0
LDL	META	EAS	1	124	2070	436.311830282211	0	0	0	0
LDL	META	EAS	1	125	2412	643.334626913071	0	0	0	0
LDL	META	EAS	1	136	1303	288.019490003586	0	0	0	0
LDL	META	EAS	1	138	1601	210.919565200806	0	1	1	3
LDL	META	EAS	1	139	433	60.435108423233	0	0	0	0
LDL	META	EAS	1	141	755	123.380776405334	0	0	0	0
LDL	META	EAS	1	145	886	192.345960855484	0	0	0	0
LDL	META	EAS	1	147	1273	220.154639005661	0	0	0	0
LDL	META	EAS	1	150	1707	202.691823959351	0	0	0	0
LDL	META	EAS	1	151	2374	755.489350557327	0	0	0	0
LDL	META	EAS	1	154	2252	537.32051897049	0	0	0	0
LDL	META	EAS	1	158	998	211.057869672775	0	0	0	0
LDL	META	EAS	1	162	1177	234.345158576965	0	0	1	30
LDL	META	EAS	1	163	1118	215.583667993546	0	0	0	0
LDL	META	EAS	1	168	1737	298.26257109642	0	0	0	0
LDL	META	EAS	1	169	2863	745.517244815826	0	0	0	0
LDL	META	EAS	1	175	2312	533.683475017548	0	0	0	0
LDL	META	EAS	1	182	2217	557.883147001266	0	0	0	0
LDL	META	EAS	1	183	2280	614.641761064529	0	0	0	0
LDL	META	EAS	1	187	1544	406.111869812012	0	0	0	0
LDL	META	EAS	1	188	1910	550.090512514114	0	0	0	0
LDL	META	EAS	1	189	1084	191.229692459106	0	0	0	0
LDL	META	EAS	1	191	1581	414.273669242859	0	0	0	0
LDL	META	EAS	1	192	1786	489.617683887482	0	0	0	0
LDL	META	EAS	1	201	1847	221.883980512619	0	0	0	0
LDL	META	EAS	1	202	1602	422.025612831116	0	0	0	0
LDL	META	EAS	1	205	652	112.24021935463	0	0	0	0
LDL	META	EAS	1	213	887	147.1859562397	0	0	0	0
LDL	META	EAS	1	214	763	50.4239573478699	0	0	0	0
LDL	META	EAS	1	216	1645	400.213829994202	0	0	0	0
LDL	META	EAS	1	221	1780	423.409566879272	0	0	0	0
LDL	META	EAS	1	223	1818	404.987415313721	0	0	0	0
LDL	META	EAS	1	226	665	103.775650024414	0	0	0	0
LDL	META	EAS	1	233	2267	287.504653692245	0	0	0	0
LDL	META	EAS	1	234	2672	269.514526844025	0	1	1	4
LDL	META	EAS	1	238	3671	1317.60153245926	0	0	0	0
LDL	META	EAS	1	239	997	199.001839160919	0	0	0	0
LDL	META	EAS	1	252	732	62.3454101085663	0	1	2	8
LDL	META	EAS	1	253	210	21.9314482212067	0	0	0	0
LDL	META	EAS	1	254	1156	150.043206930161	0	0	0	0
LDL	META	EAS	1	255	930	179.084989309311	0	0	0	0
LDL	META	EAS	1	280	3098	1092.29135918617	0	0	0	0
LDL	META	EAS	2	6	900	134.36479973793	0	0	0	0
LDL	META	EAS	2	19	300	39.2755091190338	0	0	0	0
LDL	META	EAS	2	21	351	46.640645980835	0	0	0	0
LDL	META	EAS	2	27	536	80.6562430858612	0	0	0	0
LDL	META	EAS	2	34	2092	250.15825009346	0	0	0	0
LDL	META	EAS	2	37	714	118.981138706207	0	0	0	0
LDL	META	EAS	2	38	1699	390.765534162521	0	0	0	0
LDL	META	EAS	2	39	773	133.797574520111	0	0	0	0
LDL	META	EAS	2	40	2426	660.172107696533	0	0	0	0
LDL	META	EAS	2	41	1053	143.406295776367	0	0	0	0
LDL	META	EAS	2	43	198	22.1025936603546	0	0	0	0
LDL	META	EAS	2	44	848	132.179848670959	0	2	3	10
LDL	META	EAS	2	45	1802	376.43466091156	0	0	0	0
LDL	META	EAS	2	46	879	164.609672546387	0	0	0	0
LDL	META	EAS	2	47	2130	469.337213754654	0	0	0	0
LDL	META	EAS	2	48	1195	282.296821594238	0	0	0	0
LDL	META	EAS	2	49	1487	190.836061954498	0	0	1	39
LDL	META	EAS	2	50	1393	280.372539043427	0	0	0	0
LDL	META	EAS	2	51	1508	255.471112966537	0	0	0	0
LDL	META	EAS	2	53	1142	234.266935586929	0	0	0	0
LDL	META	EAS	2	69	1992	307.905182123184	0	0	0	0
LDL	META	EAS	2	71	1183	166.346435308456	0	0	0	0
LDL	META	EAS	2	72	2437	680.768503189087	0	0	0	0
LDL	META	EAS	2	74	839	160.25992846489	0	0	0	0
LDL	META	EAS	2	75	1174	201.745857477188	0	0	0	0
LDL	META	EAS	2	77	973	203.587039470673	0	0	0	0
LDL	META	EAS	2	84	5562	1999.77954339981	0	0	0	0
LDL	META	EAS	2	86	1886	160.873349905014	0	0	0	0
LDL	META	EAS	2	87	652	100.500168561935	0	0	0	0
LDL	META	EAS	2	88	5422	2006.53358888626	0	0	1	115
LDL	META	EAS	2	89	1035	124.998553514481	0	0	0	0
LDL	META	EAS	2	97	2248	533.693199634552	0	0	0	0
LDL	META	EAS	2	99	1085	98.753390789032	0	0	0	0
LDL	META	EAS	2	100	994	186.330988883972	0	0	0	0
LDL	META	EAS	2	115	2671	841.438274383545	0	0	0	0
LDL	META	EAS	2	121	2140	599.758080005646	0	0	0	0
LDL	META	EAS	2	122	954	170.829417228699	0	0	0	0
LDL	META	EAS	2	124	1728	300.548749446869	0	0	0	0
LDL	META	EAS	2	127	3161	972.539149284363	0	0	0	0
LDL	META	EAS	2	128	2387	471.303295135498	0	0	0	0
LDL	META	EAS	2	130	276	22.8456900119781	0	0	0	0
LDL	META	EAS	2	131	87	6.5462691783905	0	0	0	0
LDL	META	EAS	2	138	2245	559.820952892303	0	0	0	0
LDL	META	EAS	2	145	1122	245.414488077164	0	0	0	0
LDL	META	EAS	2	146	2762	439.913688421249	0	0	0	0
LDL	META	EAS	2	147	4142	1323.53218770027	0	0	0	0
LDL	META	EAS	2	152	1265	300.143626928329	0	0	0	0
LDL	META	EAS	2	162	739	97.960474729538	0	0	0	0
LDL	META	EAS	2	166	3739	1132.73100066185	0	0	0	0
LDL	META	EAS	2	168	1553	400.069227457047	0	0	0	0
LDL	META	EAS	2	172	551	42.0410711765289	0	0	0	0
LDL	META	EAS	2	177	2239	654.310567855835	0	0	0	0
LDL	META	EAS	2	181	2219	647.319908618927	0	0	0	0
LDL	META	EAS	2	184	3330	1184.05774402618	0	0	0	0
LDL	META	EAS	2	192	2373	676.959956645966	0	0	0	0
LDL	META	EAS	2	198	1150	280.481071233749	0	0	0	0
LDL	META	EAS	2	199	2230	532.542386770248	0	0	0	0
LDL	META	EAS	2	205	978	124.112776994705	0	0	0	0
LDL	META	EAS	2	208	2639	608.797583818436	0	0	0	0
LDL	META	EAS	2	212	1817	361.244151830673	0	0	0	0
LDL	META	EAS	2	213	3643	1051.15459156036	0	0	0	0
LDL	META	EAS	2	217	881	67.9681634902954	0	0	0	0
LDL	META	EAS	2	232	983	119.088431596756	0	0	0	0
LDL	META	EAS	2	237	1452	365.488321065903	0	0	0	0
LDL	META	EAS	2	240	1469	346.428317546844	0	0	0	0
LDL	META	EAS	2	242	1598	423.952253818512	0	0	0	0
LDL	META	EAS	2	250	3445	1165.17454051971	0	0	0	0
LDL	META	EAS	2	256	1597	308.47562623024	0	0	0	0
LDL	META	EAS	3	24	2007	564.994376182556	0	0	0	0
LDL	META	EAS	3	41	2430	349.10592508316	0	0	0	0
LDL	META	EAS	3	43	1621	315.68513917923	0	0	0	0
LDL	META	EAS	3	51	907	169.57049202919	0	0	0	0
LDL	META	EAS	3	56	1245	258.41517329216	0	0	0	0
LDL	META	EAS	3	70	2150	248.765598773956	0	0	0	0
LDL	META	EAS	3	71	1877	502.461392641068	0	0	0	0
LDL	META	EAS	3	83	3303	1096.28938889503	0	0	0	0
LDL	META	EAS	3	88	2053	504.685564041138	0	0	0	0
LDL	META	EAS	3	89	1652	368.232776641846	0	0	0	0
LDL	META	EAS	3	104	4315	1716.16869592667	0	0	0	0
LDL	META	EAS	3	107	1602	401.107197761536	0	0	0	0
LDL	META	EAS	3	109	3425	1219.73631978035	0	0	0	0
LDL	META	EAS	3	120	1614	164.080049037933	0	0	0	0
LDL	META	EAS	3	121	1922	353.640262126923	0	0	0	0
LDL	META	EAS	3	122	493	63.0463993549347	0	0	0	0
LDL	META	EAS	3	123	655	114.797671794891	0	0	0	0
LDL	META	EAS	3	125	2051	242.690483570099	0	0	0	0
LDL	META	EAS	3	127	2388	697.504722595215	0	0	0	0
LDL	META	EAS	3	128	703	119.490965127945	0	0	0	0
LDL	META	EAS	3	129	1107	204.189240694046	0	0	0	0
LDL	META	EAS	3	132	2595	652.026289224625	0	0	0	0
LDL	META	EAS	3	135	1926	506.08437371254	0	0	0	0
LDL	META	EAS	3	140	1968	506.368195056915	0	0	0	0
LDL	META	EAS	3	145	2318	304.839003801346	0	0	0	0
LDL	META	EAS	3	148	1815	509.889058351517	0	0	0	0
LDL	META	EAS	3	149	1602	386.258736133575	0	0	0	0
LDL	META	EAS	3	150	1590	412.771409034729	0	0	0	0
LDL	META	EAS	3	154	575	88.1560745239258	0	0	0	0
LDL	META	EAS	3	155	1771	329.984170198441	0	0	0	0
LDL	META	EAS	3	158	2350	688.389046192169	0	0	0	0
LDL	META	EAS	3	159	1618	439.726875543594	0	0	0	0
LDL	META	EAS	3	161	2536	675.644729375839	0	0	0	0
LDL	META	EAS	3	165	2273	678.079388141632	0	0	0	0
LDL	META	EAS	3	166	4193	1173.81351470947	0	0	0	0
LDL	META	EAS	3	172	1346	305.685752630234	0	0	0	0
LDL	META	EAS	3	173	722	124.955905199051	0	0	0	0
LDL	META	EAS	3	175	606	65.5344324111938	0	0	0	0
LDL	META	EAS	3	186	2333	640.175490856171	0	0	0	0
LDL	META	EAS	3	190	1220	253.74031829834	0	0	0	0
LDL	META	EAS	3	195	3951	844.103752851486	0	0	0	0
LDL	META	EAS	3	214	2108	600.394047021866	0	0	0	0
LDL	META	EAS	3	216	913	156.409312963486	0	0	0	0
LDL	META	EAS	4	1	4518	505.623341798782	0	0	1	6
LDL	META	EAS	4	15	768	122.667193412781	0	0	0	0
LDL	META	EAS	4	19	647	102.857100009918	0	0	0	0
LDL	META	EAS	4	21	3560	418.123514413834	0	0	0	0
LDL	META	EAS	4	28	1887	412.749316453934	0	0	0	0
LDL	META	EAS	4	30	1296	303.056196451187	0	0	0	0
LDL	META	EAS	4	42	324	42.0772511959076	0	0	0	0
LDL	META	EAS	4	43	855	116.144358873367	0	0	0	0
LDL	META	EAS	4	55	1870	428.721652507782	0	0	0	0
LDL	META	EAS	4	57	241	25.5903167724609	0	0	0	0
LDL	META	EAS	4	64	3072	1031.35987949371	0	0	0	0
LDL	META	EAS	4	65	1235	209.836001396179	0	0	0	0
LDL	META	EAS	4	66	1467	139.453020572662	0	0	0	0
LDL	META	EAS	4	71	946	169.703397274017	0	0	0	0
LDL	META	EAS	4	79	1499	407.473322868347	0	0	0	0
LDL	META	EAS	4	80	2115	191.083502292633	0	0	1	48
LDL	META	EAS	4	84	1787	431.805693149567	0	0	0	0
LDL	META	EAS	4	85	764	143.270237922668	0	0	0	0
LDL	META	EAS	4	86	183	19.4730415344238	0	0	0	0
LDL	META	EAS	4	87	2908	702.837931156158	0	0	0	0
LDL	META	EAS	4	90	1660	303.419424533844	0	0	0	0
LDL	META	EAS	4	92	1496	318.212242126465	0	0	0	0
LDL	META	EAS	4	101	2081	594.20287156105	0	0	0	0
LDL	META	EAS	4	113	1919	237.274059295654	0	0	0	0
LDL	META	EAS	4	115	991	84.0137522220612	0	0	0	0
LDL	META	EAS	4	116	1376	125.145435333252	0	0	0	0
LDL	META	EAS	4	117	1906	270.495905637741	0	0	0	0
LDL	META	EAS	4	121	1720	378.966657876968	0	0	0	0
LDL	META	EAS	4	122	808	148.98464179039	0	0	0	0
LDL	META	EAS	4	129	2162	611.16877245903	0	0	0	0
LDL	META	EAS	4	130	2345	711.776206254959	0	0	0	0
LDL	META	EAS	4	134	3520	714.475685119629	0	0	0	0
LDL	META	EAS	4	136	3061	898.618682861328	0	0	0	0
LDL	META	EAS	4	148	1308	323.012822628021	0	0	0	0
LDL	META	EAS	4	156	2937	1004.14174342155	0	0	0	0
LDL	META	EAS	4	159	786	93.6238384246826	0	0	0	0
LDL	META	EAS	4	161	617	102.228617191315	0	0	0	0
LDL	META	EAS	4	162	1466	375.57502412796	0	0	0	0
LDL	META	EAS	4	203	957	184.393993854523	0	0	0	0
LDL	META	EAS	5	6	891	160.495063304901	0	0	0	0
LDL	META	EAS	5	17	1094	92.5380444526672	0	0	0	0
LDL	META	EAS	5	55	568	78.5336627960205	0	0	0	0
LDL	META	EAS	5	64	2475	792.523036003113	0	0	0	0
LDL	META	EAS	5	69	878	119.025391817093	0	0	0	0
LDL	META	EAS	5	71	2858	810.981478691101	0	0	0	0
LDL	META	EAS	5	81	1428	345.043715000153	0	0	0	0
LDL	META	EAS	5	82	984	210.613365888596	0	0	0	0
LDL	META	EAS	5	84	365	49.5985236167908	0	0	0	0
LDL	META	EAS	5	85	2509	388.076309680939	0	0	1	4
LDL	META	EAS	5	86	49	4.38770866394043	0	0	0	0
LDL	META	EAS	5	109	1119	174.541027069092	0	0	0	0
LDL	META	EAS	5	127	3410	1251.07297873497	0	0	0	0
LDL	META	EAS	5	130	2715	815.768950223923	0	0	0	0
LDL	META	EAS	5	134	1643	414.261800765991	0	0	0	0
LDL	META	EAS	5	144	1895	478.611722946167	0	0	0	0
LDL	META	EAS	5	146	2111	507.752511262894	0	0	0	0
LDL	META	EAS	5	147	1161	234.086656570435	0	0	0	0
LDL	META	EAS	5	156	1637	310.976463794708	0	0	0	0
LDL	META	EAS	5	157	886	98.4839012622833	0	0	0	0
LDL	META	EAS	5	158	1314	284.370442867279	0	0	0	0
LDL	META	EAS	5	165	1169	250.092971324921	0	0	0	0
LDL	META	EAS	5	166	1936	149.877593040466	0	0	1	5
LDL	META	EAS	5	167	1341	287.606840610504	0	0	0	0
LDL	META	EAS	5	202	532	83.3910775184631	0	0	0	0
LDL	META	EAS	5	207	1479	376.715802192688	0	0	0	0
LDL	META	EAS	6	19	1694	352.753855228424	0	0	0	0
LDL	META	EAS	6	20	1133	258.741539955139	0	0	0	0
LDL	META	EAS	6	25	1212	278.553651809692	0	0	0	0
LDL	META	EAS	6	27	1102	79.1615989208221	0	0	0	0
LDL	META	EAS	6	34	1774	315.727935791016	0	0	0	0
LDL	META	EAS	6	35	544	42.867734670639	0	0	0	0
LDL	META	EAS	6	39	2821	485.453992128372	0	0	0	0
LDL	META	EAS	6	43	1695	406.333742141724	0	0	0	0
LDL	META	EAS	6	44	340	45.7002675533295	0	0	0	0
LDL	META	EAS	6	47	2362	641.355825185776	0	0	0	0
LDL	META	EAS	6	51	3639	1244.03698968887	0	0	0	0
LDL	META	EAS	6	53	991	166.586945295334	0	0	0	0
LDL	META	EAS	6	56	952	190.031186342239	0	0	0	0
LDL	META	EAS	6	58	1658	245.263466119766	0	0	0	0
LDL	META	EAS	6	63	1505	378.909171819687	0	0	0	0
LDL	META	EAS	6	64	126	12.4629602432251	0	0	0	0
LDL	META	EAS	6	65	506	75.7718987464905	0	0	0	0
LDL	META	EAS	6	71	5462	2004.25163340569	0	0	0	0
LDL	META	EAS	6	72	781	126.232892274857	0	0	0	0
LDL	META	EAS	6	73	297	37.1447112560272	0	0	0	0
LDL	META	EAS	6	75	310	34.2495334148407	0	0	0	0
LDL	META	EAS	6	76	3657	1200.97969460487	0	0	0	0
LDL	META	EAS	6	87	2759	729.016726970673	0	0	0	0
LDL	META	EAS	6	88	5059	1633.21159911156	0	0	0	0
LDL	META	EAS	6	100	37	2.34557151794434	0	0	0	0
LDL	META	EAS	6	101	2058	384.370584011078	0	0	1	129
LDL	META	EAS	6	105	1901	463.232146501541	0	0	0	0
LDL	META	EAS	6	106	1726	433.146580219269	0	0	0	0
LDL	META	EAS	6	109	1662	357.989198446274	0	0	0	0
LDL	META	EAS	6	115	3781	1419.4747440815	0	0	0	0
LDL	META	EAS	6	117	4080	1560.20446205139	0	0	0	0
LDL	META	EAS	6	124	1893	562.068955183029	0	0	0	0
LDL	META	EAS	6	127	1192	245.777636289597	0	0	0	0
LDL	META	EAS	6	128	1930	344.09369635582	0	0	0	0
LDL	META	EAS	6	134	1270	106.557112455368	0	0	1	12
LDL	META	EAS	6	136	888	183.294642448425	0	0	0	0
LDL	META	EAS	6	140	1330	315.500921487808	0	0	0	0
LDL	META	EAS	6	154	1536	360.702689886093	0	0	0	0
LDL	META	EAS	6	158	1566	352.21834564209	0	0	0	0
LDL	META	EAS	6	160	2009	510.393328666687	0	0	0	0
LDL	META	EAS	6	168	2061	514.937001466751	0	0	0	0
LDL	META	EAS	6	169	3480	313.05825304985	1	2	2	3
LDL	META	EAS	6	170	708	110.429429769516	0	0	0	0
LDL	META	EAS	6	180	246	27.9897854328156	0	0	0	0
LDL	META	EAS	6	183	615	103.272442579269	0	0	0	0
LDL	META	EAS	6	187	1325	324.872859239578	0	0	0	0
LDL	META	EAS	7	3	862	123.541224718094	0	0	0	0
LDL	META	EAS	7	5	1742	428.272749185562	0	0	0	0
LDL	META	EAS	7	6	730	121.799612998962	0	0	0	0
LDL	META	EAS	7	11	628	100.747119665146	0	0	0	0
LDL	META	EAS	7	12	2161	640.2957239151	0	0	0	0
LDL	META	EAS	7	13	886	116.262974500656	0	0	0	0
LDL	META	EAS	7	33	2438	651.907102584839	0	0	0	0
LDL	META	EAS	7	37	2313	585.24338054657	0	0	0	0
LDL	META	EAS	7	41	1873	442.025321483612	0	0	0	0
LDL	META	EAS	7	42	2010	30.2041585445404	0	0	1	4
LDL	META	EAS	7	44	368	27.4241013526917	0	0	1	24
LDL	META	EAS	7	50	1096	236.499269247055	0	0	0	0
LDL	META	EAS	7	58	1729	141.365750551224	0	0	0	0
LDL	META	EAS	7	66	758	97.5041868686676	0	0	0	0
LDL	META	EAS	7	67	4235	1452.43051505089	0	0	0	0
LDL	META	EAS	7	74	922	178.610164642334	0	0	0	0
LDL	META	EAS	7	85	1641	329.189501285553	0	0	0	0
LDL	META	EAS	7	88	2777	842.80158495903	0	0	0	0
LDL	META	EAS	7	89	1810	483.231053352356	0	0	0	0
LDL	META	EAS	7	95	1237	217.119169950485	0	0	0	0
LDL	META	EAS	7	99	2622	453.896494626999	0	0	0	0
LDL	META	EAS	7	103	1394	279.974289655685	0	0	0	0
LDL	META	EAS	7	109	1562	351.342353820801	0	0	0	0
LDL	META	EAS	7	111	1805	360.584463834763	0	0	0	0
LDL	META	EAS	7	112	1113	171.25979924202	0	0	0	0
LDL	META	EAS	7	113	2117	629.461840867996	0	0	0	0
LDL	META	EAS	7	114	3628	999.794373989105	0	0	0	0
LDL	META	EAS	7	119	1173	271.63432097435	0	0	0	0
LDL	META	EAS	7	132	3946	1193.79941940308	0	0	0	0
LDL	META	EAS	7	133	2714	850.818422794342	0	0	0	0
LDL	META	EAS	7	134	954	188.580966234207	0	0	0	0
LDL	META	EAS	7	138	2672	864.166711568832	0	0	0	0
LDL	META	EAS	7	139	549	35.1611535549164	0	0	0	0
LDL	META	EAS	7	141	2527	425.83918762207	0	0	0	0
LDL	META	EAS	7	147	680	79.7395904064178	0	0	0	0
LDL	META	EAS	7	152	677	109.508323431015	0	0	0	0
LDL	META	EAS	7	162	2860	533.059574604034	0	0	0	0
LDL	META	EAS	7	176	359	46.561756372451804	0	0	0	0
LDL	META	EAS	7	177	149	13.8228175640106	0	0	0	0
LDL	META	EAS	7	187	2657	461.351604700089	0	0	0	0
LDL	META	EAS	8	17	1595	337.440831422806	0	0	0	0
LDL	META	EAS	8	29	3765	1308.32424259186	0	0	0	0
LDL	META	EAS	8	36	430	57.9008610248566	0	0	0	0
LDL	META	EAS	8	39	1471	320.308148622513	0	0	0	0
LDL	META	EAS	8	42	2241	534.97984623909	0	0	0	0
LDL	META	EAS	8	44	771	113.606428146362	0	0	0	0
LDL	META	EAS	8	45	1185	268.649518728256	0	0	0	0
LDL	META	EAS	8	56	1443	134.97056722641	0	0	0	0
LDL	META	EAS	8	57	1131	242.62971663475	0	0	0	0
LDL	META	EAS	8	59	886	135.084829330444	0	0	0	0
LDL	META	EAS	8	65	1075	214.059164762497	0	0	0	0
LDL	META	EAS	8	68	1657	640.412203073502	0	0	0	0
LDL	META	EAS	8	69	2966	763.352550029755	0	0	0	0
LDL	META	EAS	8	71	1855	422.984212636948	0	0	0	0
LDL	META	EAS	8	75	511	83.8985249996185	0	0	0	0
LDL	META	EAS	8	78	395	56.7710359096527	0	0	0	0
LDL	META	EAS	8	79	1197	204.991451501846	0	0	0	0
LDL	META	EAS	8	81	2007	401.821785926819	0	0	0	0
LDL	META	EAS	8	83	3095	1020.86210846901	0	0	0	0
LDL	META	EAS	8	85	1164	175.769474744797	0	0	0	0
LDL	META	EAS	8	88	2009	476.513018608093	0	0	0	0
LDL	META	EAS	8	90	1835	467.980422019958	0	0	0	0
LDL	META	EAS	8	101	1476	351.522944688797	0	0	0	0
LDL	META	EAS	8	106	2032	515.181931018829	0	0	0	0
LDL	META	EAS	8	113	1189	74.912976026535	0	0	1	7
LDL	META	EAS	8	124	1054	206.166440486908	0	0	0	0
LDL	META	EAS	8	125	448	9.02588391304016	0	0	1	4
LDL	META	EAS	8	135	1446	332.20208978653	0	0	0	0
LDL	META	EAS	8	153	706	120.014071941376	0	0	0	0
LDL	META	EAS	8	159	789	121.064170837402	0	0	0	0
LDL	META	EAS	8	160	852	140.133848905563	0	0	0	0
LDL	META	EAS	9	4	1640	369.452262401581	0	0	0	0
LDL	META	EAS	9	5	383	11.2782275676727	0	0	0	0
LDL	META	EAS	9	13	2364	673.049960613251	0	0	0	0
LDL	META	EAS	9	33	1977	488.922837257385	0	0	0	0
LDL	META	EAS	9	36	1557	312.583682775497	0	0	0	0
LDL	META	EAS	9	39	752	139.045082807541	0	0	0	0
LDL	META	EAS	9	40	2883	630.165031433105	0	0	0	0
LDL	META	EAS	9	51	914	145.574810028076	0	0	0	0
LDL	META	EAS	9	53	3091	802.330684185028	0	0	0	0
LDL	META	EAS	9	62	2235	471.26389503479	0	0	0	0
LDL	META	EAS	9	69	991	102.011897563934	0	0	0	0
LDL	META	EAS	9	70	730	112.140930652618	0	0	0	0
LDL	META	EAS	9	72	415	57.5508122444153	0	0	0	0
LDL	META	EAS	9	73	1220	289.512107372284	0	0	0	0
LDL	META	EAS	9	80	3549	1015.96619701385	0	0	0	0
LDL	META	EAS	9	84	1535	115.266626596451	0	0	0	0
LDL	META	EAS	9	89	326	40.9173007011414	0	0	0	0
LDL	META	EAS	9	93	1542	361.836619615555	0	0	0	0
LDL	META	EAS	9	99	1430	152.475693225861	0	0	0	0
LDL	META	EAS	9	102	2351	307.932547330856	0	0	0	0
LDL	META	EAS	9	104	764	134.860059976578	0	0	0	0
LDL	META	EAS	9	110	2963	293.122723817825	0	0	0	0
LDL	META	EAS	9	111	95	1.87757897377014	0	1	1	5
LDL	META	EAS	9	112	2156	518.896285295486	0	0	0	0
LDL	META	EAS	9	114	713	53.0560348033905	0	0	0	0
LDL	META	EAS	9	115	3121	848.177330970764	0	0	0	0
LDL	META	EAS	9	116	1513	220.796770572662	0	0	0	0
LDL	META	EAS	9	118	3582	1010.78581666946	0	0	0	0
LDL	META	EAS	9	119	1383	162.737750768661	0	0	0	0
LDL	META	EAS	9	124	1363	134.093312501907	0	0	0	0
LDL	META	EAS	9	125	2061	549.875391483307	0	0	0	0
LDL	META	EAS	9	134	2703	390.468800783157	0	0	0	0
LDL	META	EAS	9	140	3106	546.675867080688	0	0	1	12
LDL	META	EAS	9	144	722	106.882535457611	0	0	0	0
LDL	META	EAS	9	145	1103	231.262838840485	0	0	0	0
LDL	META	EAS	9	148	808	145.918927907944	0	0	0	0
LDL	META	EAS	9	149	769	83.3223416805267	0	2	1	2
LDL	META	EAS	9	153	66	5.08065032958984	0	0	0	0
LDL	META	EAS	9	160	215	24.0311334133148	0	0	0	0
LDL	META	EAS	9	161	276	16.110339641571	0	0	0	0
LDL	META	EAS	10	14	2202	444.409255743027	0	0	0	0
LDL	META	EAS	10	22	1696	438.02926659584	0	0	0	0
LDL	META	EAS	10	30	640	86.7944703102112	0	0	0	0
LDL	META	EAS	10	43	1405	299.241904497147	0	0	0	0
LDL	META	EAS	10	45	2350	719.258260965347	0	0	0	0
LDL	META	EAS	10	46	2607	586.321702480316	0	0	0	0
LDL	META	EAS	10	52	2054	263.381939172745	0	0	0	0
LDL	META	EAS	10	53	1003	209.340229034424	0	0	0	0
LDL	META	EAS	10	59	1247	285.236733913422	0	0	0	0
LDL	META	EAS	10	60	2410	588.784734010696	0	0	0	0
LDL	META	EAS	10	67	1411	318.183076381683	0	0	0	0
LDL	META	EAS	10	69	1410	310.920873641968	0	0	0	0
LDL	META	EAS	10	70	1924	337.893933057785	0	0	0	0
LDL	META	EAS	10	73	1450	352.612943887711	0	0	0	0
LDL	META	EAS	10	80	1747	415.310307025909	0	0	0	0
LDL	META	EAS	10	81	2260	458.994284629822	0	0	0	0
LDL	META	EAS	10	84	3093	798.644826889038	0	0	0	0
LDL	META	EAS	10	85	587	87.7657709121704	0	0	0	0
LDL	META	EAS	10	92	3493	103.084414958954	0	0	1	3
LDL	META	EAS	10	100	509	77.2856886386871	0	0	0	0
LDL	META	EAS	10	101	1469	304.307248830795	0	0	0	0
LDL	META	EAS	10	109	2012	505.774668693542	0	0	0	0
LDL	META	EAS	10	110	617	94.6728467941284	0	0	0	0
LDL	META	EAS	10	112	508	70.5210061073303	0	0	0	0
LDL	META	EAS	10	113	1566	408.165081262589	0	0	0	0
LDL	META	EAS	10	117	2523	803.960716247559	0	0	0	0
LDL	META	EAS	10	120	1878	429.883165359497	0	0	0	0
LDL	META	EAS	10	121	1288	236.775111675262	0	0	0	0
LDL	META	EAS	10	126	2448	293.580345153809	0	0	0	0
LDL	META	EAS	10	127	532	72.8525400161743	0	0	0	0
LDL	META	EAS	10	128	176	12.7492644786835	0	0	0	0
LDL	META	EAS	10	129	2698	716.041053533554	0	0	0	0
LDL	META	EAS	10	131	2264	626.901599884033	0	0	0	0
LDL	META	EAS	10	137	2493	130.643350601196	0	0	1	20
LDL	META	EAS	10	138	401	81.8077986240387	1	1	2	27
LDL	META	EAS	10	142	519	75.9644632339478	0	0	0	0
LDL	META	EAS	10	144	869	134.705634832382	0	0	0	0
LDL	META	EAS	10	150	2183	547.493506193161	0	0	0	0
LDL	META	EAS	10	152	1565	360.876333475113	0	0	0	0
LDL	META	EAS	10	154	3156	970.867678403854	0	0	0	0
LDL	META	EAS	11	2	571	79.1344358921051	0	0	0	0
LDL	META	EAS	11	3	899	185.101654529572	0	0	0	0
LDL	META	EAS	11	4	709	119.501517772675	0	0	0	0
LDL	META	EAS	11	7	585	36.2757256031036	0	0	0	0
LDL	META	EAS	11	12	2691	696.302742481232	1	1	1	1
LDL	META	EAS	11	18	3495	790.177825212479	0	0	0	0
LDL	META	EAS	11	22	671	106.535050153732	0	0	0	0
LDL	META	EAS	11	28	1028	178.22563290596	0	0	0	0
LDL	META	EAS	11	30	1026	216.551846504211	0	0	0	0
LDL	META	EAS	11	31	1183	234.799109458923	0	0	0	0
LDL	META	EAS	11	33	1493	279.402523517609	0	0	0	0
LDL	META	EAS	11	51	1601	318.003115653992	0	0	0	0
LDL	META	EAS	11	56	327	40.1639468669891	0	0	0	0
LDL	META	EAS	11	75	543	85.3911366462708	0	0	0	0
LDL	META	EAS	11	76	1276	13.8158876895905	0	1	1	2
LDL	META	EAS	11	78	1205	271.203927516937	0	0	0	0
LDL	META	EAS	11	79	2873	472.222956895828	0	0	0	0
LDL	META	EAS	11	81	1020	164.420065164566	0	0	0	0
LDL	META	EAS	11	82	308	36.4216585159302	0	0	0	0
LDL	META	EAS	11	86	1467	350.763188362122	0	0	0	0
LDL	META	EAS	11	90	2891	903.123510837555	0	0	0	0
LDL	META	EAS	11	107	734	126.752403736115	0	0	0	0
LDL	META	EAS	11	108	550	39.4205276966095	0	0	0	0
LDL	META	EAS	11	115	1679	398.568196296692	0	0	0	0
LDL	META	EAS	11	117	3265	1147.30507421494	0	0	0	0
LDL	META	EAS	11	123	647	110.447414159775	0	0	0	0
LDL	META	EAS	11	125	1219	187.711613893509	0	0	0	0
LDL	META	EAS	11	129	1776	437.236294269562	0	0	0	0
LDL	META	EAS	11	133	1654	270.932662010193	0	0	1	19
LDL	META	EAS	11	139	57	3.3768572807312	0	0	0	0
LDL	META	EAS	11	140	833	148.597308158875	0	0	0	0
LDL	META	EAS	11	142	1879	539.701531410217	0	0	0	0
LDL	META	EAS	11	147	2789	398.409340858459	0	0	1	10
LDL	META	EAS	11	163	223	15.2590582370758	0	0	0	0
LDL	META	EAS	12	1	910	174.493145704269	0	0	0	0
LDL	META	EAS	12	4	928	145.433658123016	0	0	0	0
LDL	META	EAS	12	12	554	81.0571882724762	0	0	0	0
LDL	META	EAS	12	17	582	93.444566488266	0	0	0	0
LDL	META	EAS	12	18	1493	299.397809505463	0	0	0	0
LDL	META	EAS	12	23	2172	283.092764616013	0	0	0	0
LDL	META	EAS	12	29	236	26.3689796924591	0	0	0	0
LDL	META	EAS	12	33	1541	322.465127706528	0	0	0	0
LDL	META	EAS	12	42	3141	899.30824804306	0	0	0	0
LDL	META	EAS	12	45	1306	256.847634077072	0	0	0	0
LDL	META	EAS	12	47	525	83.5853481292725	0	0	0	0
LDL	META	EAS	12	49	2010	238.828422784805	0	0	0	0
LDL	META	EAS	12	51	1331	252.542272806168	0	0	0	0
LDL	META	EAS	12	59	2467	737.293814897537	0	0	0	0
LDL	META	EAS	12	61	1255	263.393065690994	0	0	0	0
LDL	META	EAS	12	62	851	113.866316795349	0	0	0	0
LDL	META	EAS	12	63	1808	500.881095170975	0	0	0	0
LDL	META	EAS	12	64	904	155.683046102524	0	0	0	0
LDL	META	EAS	12	66	1753	267.613238096237	0	0	0	0
LDL	META	EAS	12	67	901	157.708918094635	0	0	0	0
LDL	META	EAS	12	69	1753	367.162923812866	0	0	0	0
LDL	META	EAS	12	71	1893	432.283140659332	0	0	0	0
LDL	META	EAS	12	72	6236	1727.21757030487	0	0	0	0
LDL	META	EAS	12	82	1828	425.209336280823	0	0	0	0
LDL	META	EAS	12	97	2483	695.95494890213	0	0	0	0
LDL	META	EAS	12	98	978	188.667000055313	0	0	0	0
LDL	META	EAS	12	110	2015	218.399652957916	0	0	1	21
LDL	META	EAS	12	112	209	17.1340577602386	0	0	0	0
LDL	META	EAS	12	113	1653	380.537409543991	0	0	0	0
LDL	META	EAS	12	114	1568	409.374202251434	0	0	0	0
LDL	META	EAS	12	115	1283	258.305308580399	0	0	0	0
LDL	META	EAS	12	117	2016	423.743411064148	0	0	0	0
LDL	META	EAS	12	120	708	94.4408316612244	0	0	0	0
LDL	META	EAS	12	121	1397	217.225290775299	0	0	0	0
LDL	META	EAS	12	122	2031	475.201575994492	0	0	1	16
LDL	META	EAS	12	127	801	152.710804700851	0	0	0	0
LDL	META	EAS	12	128	298	37.4375195503235	0	0	0	0
LDL	META	EAS	12	138	2663	373.230700016022	0	0	1	104
LDL	META	EAS	12	139	3234	695.651217222214	0	0	0	0
LDL	META	EAS	12	140	644	99.0727021694183	0	0	0	0
LDL	META	EAS	12	141	982	139.616559743881	0	0	0	0
LDL	META	EAS	12	164	833	148.572936058044	0	0	0	0
LDL	META	EAS	13	11	1020	180.047384738922	0	0	0	0
LDL	META	EAS	13	18	651	54.6965289115906	0	0	0	0
LDL	META	EAS	13	21	1719	444.402008533478	0	0	0	0
LDL	META	EAS	13	24	1238	240.010538816452	0	0	0	0
LDL	META	EAS	13	25	675	57.8325822353363	0	0	1	11
LDL	META	EAS	13	40	1391	279.961798667908	0	0	0	0
LDL	META	EAS	13	44	1062	226.913586616516	0	0	0	0
LDL	META	EAS	13	50	3016	207.109277009964	0	1	0	0
LDL	META	EAS	13	52	1748	381.07000041008	0	0	0	0
LDL	META	EAS	13	66	675	101.896572351456	0	0	0	0
LDL	META	EAS	13	69	3043	964.850840568542	0	0	0	0
LDL	META	EAS	13	84	861	132.770572662354	0	0	0	0
LDL	META	EAS	13	96	730	71.1603202819824	0	0	0	0
LDL	META	EAS	13	102	678	22.4110152721405	0	0	1	37
LDL	META	EAS	13	115	718	128.263813257217	0	0	0	0
LDL	META	EAS	13	116	548	80.0717778205872	0	0	0	0
LDL	META	EAS	13	118	1266	113.628635406494	0	0	1	28
LDL	META	EAS	13	125	1246	291.519879102707	0	0	0	0
LDL	META	EAS	14	4	403	6.82373738288879	0	1	0	0
LDL	META	EAS	14	14	2506	250.478179454803	0	0	0	0
LDL	META	EAS	14	23	2323	203.13970208168	0	0	1	19
LDL	META	EAS	14	31	2182	437.577285051346	0	0	0	0
LDL	META	EAS	14	35	2690	822.155833721161	0	0	0	0
LDL	META	EAS	14	42	1242	290.751518249512	0	0	0	0
LDL	META	EAS	14	43	144	8.36455774307251	0	0	0	0
LDL	META	EAS	14	46	1056	198.139502286911	0	0	0	0
LDL	META	EAS	14	63	3060	544.329349994659	0	0	0	0
LDL	META	EAS	14	68	1171	244.344261169434	0	0	0	0
LDL	META	EAS	14	72	2997	809.698578596115	0	0	0	0
LDL	META	EAS	14	73	1177	204.927183389664	0	0	0	0
LDL	META	EAS	14	96	187	17.3321979045868	0	0	0	0
LDL	META	EAS	14	105	652	99.6969337463379	0	0	0	0
LDL	META	EAS	14	106	801	120.229292869568	0	0	0	0
LDL	META	EAS	14	121	1662	428.479884624481	0	0	0	0
LDL	META	EAS	14	126	1609	324.453436851501	0	0	0	0
LDL	META	EAS	14	127	1629	414.052567481995	0	0	0	0
LDL	META	EAS	15	3	56	4.52110123634338	0	0	0	0
LDL	META	EAS	15	37	2034	254.852943897247	0	0	0	0
LDL	META	EAS	15	39	1667	419.579632043839	0	0	0	0
LDL	META	EAS	15	44	1008	196.203914880753	0	0	0	0
LDL	META	EAS	15	45	4167	1349.33019161224	0	0	0	0
LDL	META	EAS	15	46	1376	103.118872404099	0	1	1	11
LDL	META	EAS	15	47	1646	178.964127779007	0	0	0	0
LDL	META	EAS	15	50	1754	442.236334085464	0	0	0	0
LDL	META	EAS	15	52	1347	273.857473611832	0	0	0	0
LDL	META	EAS	15	53	225	26.1582236289978	0	0	0	0
LDL	META	EAS	15	54	1436	135.014360189438	0	0	0	0
LDL	META	EAS	15	56	1277	292.40980553627	0	0	0	0
LDL	META	EAS	15	59	2870	867.524907827377	0	0	0	0
LDL	META	EAS	15	62	2713	663.375136852264	0	0	0	0
LDL	META	EAS	15	63	793	58.9219260215759	0	0	0	0
LDL	META	EAS	15	64	1184	215.456707954407	0	0	0	0
LDL	META	EAS	15	66	2041	515.774767160416	0	0	0	0
LDL	META	EAS	15	80	625	104.551289319992	0	0	0	0
LDL	META	EAS	15	83	733	129.432621717453	0	0	0	0
LDL	META	EAS	15	85	1798	318.016997098923	0	0	0	0
LDL	META	EAS	15	117	757	98.2955760955811	0	0	0	0
LDL	META	EAS	15	118	422	46.3879585266113	0	0	0	0
LDL	META	EAS	16	1	718	101.913738250732	0	0	0	0
LDL	META	EAS	16	4	1146	256.018494367599	0	0	0	0
LDL	META	EAS	16	5	272	32.5978651046753	0	0	0	0
LDL	META	EAS	16	9	1190	257.848626852036	0	0	0	0
LDL	META	EAS	16	31	1607	172.384404182434	0	0	1	45
LDL	META	EAS	16	32	159	15.2086822986603	0	0	0	0
LDL	META	EAS	16	37	1493	346.212454557419	0	0	0	0
LDL	META	EAS	16	38	3165	861.725097894669	0	0	0	0
LDL	META	EAS	16	43	1277	123.495013713837	0	0	0	0
LDL	META	EAS	16	59	571	90.4616324901581	0	0	0	0
LDL	META	EAS	16	60	938	130.483523607254	0	0	0	0
LDL	META	EAS	16	74	287	18.4112989902496	0	0	0	0
LDL	META	EAS	16	75	1945	431.247266054153	0	0	0	0
LDL	META	EAS	16	76	1153	221.919208288193	0	0	0	0
LDL	META	EAS	16	80	1389	303.815736293793	0	0	0	0
LDL	META	EAS	16	85	2866	321.315398216248	0	0	0	0
LDL	META	EAS	16	88	2379	247.716856241226	0	0	0	0
LDL	META	EAS	16	89	3739	2785.49156904221	2	2	3	13
LDL	META	EAS	16	90	842	157.040678739548	0	0	0	0
LDL	META	EAS	16	94	3929	943.098246335983	0	0	0	0
LDL	META	EAS	16	96	3672	959.705446243286	0	0	0	0
LDL	META	EAS	16	99	1225	150.85216999054	0	0	0	0
LDL	META	EAS	16	100	150	15.5036509037018	0	0	0	0
LDL	META	EAS	16	101	198	16.2566182613373	0	0	0	0
LDL	META	EAS	16	103	4725	1444.41200017929	0	0	0	0
LDL	META	EAS	16	104	1268	262.357516050339	0	0	0	0
LDL	META	EAS	16	110	1072	57.2885978221893	0	0	0	0
LDL	META	EAS	16	119	1379	235.443635225296	0	0	0	0
LDL	META	EAS	16	120	155	15.5455169677734	0	0	0	0
LDL	META	EAS	16	125	500	55.0068991184235	0	0	0	0
LDL	META	EAS	16	126	89	6.38245344161987	0	0	0	0
LDL	META	EAS	16	127	121	10.5086445808411	0	0	0	0
LDL	META	EAS	16	128	2316	448.380592823029	0	0	0	0
LDL	META	EAS	17	9	1449	131.151287794113	0	0	0	0
LDL	META	EAS	17	14	670	108.620861530304	0	0	0	0
LDL	META	EAS	17	16	101	8.87554812431335	0	0	0	0
LDL	META	EAS	17	17	2021	500.778101205826	0	0	0	0
LDL	META	EAS	17	22	179	15.7626950740814	0	0	0	0
LDL	META	EAS	17	23	389	44.1881775856018	0	0	0	0
LDL	META	EAS	17	24	931	106.76664018631	0	0	0	0
LDL	META	EAS	17	25	1144	201.236835956573	0	0	0	0
LDL	META	EAS	17	28	166	15.8948047161102	0	0	0	0
LDL	META	EAS	17	30	228	25.6698451042175	0	0	0	0
LDL	META	EAS	17	51	1969	529.170737266541	0	0	0	0
LDL	META	EAS	17	54	1300	309.005482435226	0	0	0	0
LDL	META	EAS	17	55	2246	523.215863227844	0	1	1	16
LDL	META	EAS	17	65	2152	611.956638336182	0	0	0	0
LDL	META	EAS	17	70	789	123.783333778381	0	0	0	0
LDL	META	EAS	17	71	874	171.064440250397	0	0	0	0
LDL	META	EAS	17	73	1810	349.867955207825	0	0	0	0
LDL	META	EAS	17	74	2337	427.382900238037	0	0	0	0
LDL	META	EAS	17	75	2403	488.590705633163	0	0	1	32
LDL	META	EAS	17	80	1233	237.115474462509	0	0	0	0
LDL	META	EAS	17	84	589	99.1759741306305	0	0	0	0
LDL	META	EAS	17	87	707	110.596633195877	0	0	0	0
LDL	META	EAS	17	90	1970	479.75807261467	0	0	0	0
LDL	META	EAS	17	94	1058	221.020531892776	0	0	0	0
LDL	META	EAS	17	97	2094	581.02840924263	0	0	0	0
LDL	META	EAS	17	98	681	110.147137641907	0	0	0	0
LDL	META	EAS	17	100	998	129.150022268295	0	0	0	0
LDL	META	EAS	17	101	1012	195.012814283371	0	0	0	0
LDL	META	EAS	17	102	601	92.5834245681763	0	0	1	28
LDL	META	EAS	17	103	673	103.297902345657	0	0	0	0
LDL	META	EAS	17	104	123	9.55646324157715	0	0	0	0
LDL	META	EAS	17	105	1257	120.235698223114	0	0	0	0
LDL	META	EAS	17	117	985	191.704904794693	0	0	0	0
LDL	META	EAS	17	118	1007	170.678946256638	0	0	0	0
LDL	META	EAS	17	121	719	118.878596782684	0	0	0	0
LDL	META	EAS	17	123	849	137.190002202988	0	0	0	0
LDL	META	EAS	17	125	1627	270.789689779282	0	0	0	0
LDL	META	EAS	17	130	902	165.7345058918	0	0	0	0
LDL	META	EAS	17	133	550	76.0642886161804	0	0	0	0
LDL	META	EAS	17	134	1056	218.592354059219	0	0	0	0
LDL	META	EAS	18	31	1880	474.151113986969	0	0	0	0
LDL	META	EAS	18	41	2730	853.426760196686	0	0	0	0
LDL	META	EAS	18	61	1868	317.503371477127	0	0	0	0
LDL	META	EAS	18	69	3513	239.385031938553	0	0	0	0
LDL	META	EAS	18	77	449	65.853043794632	0	0	0	0
LDL	META	EAS	18	88	1229	237.760117053986	0	0	0	0
LDL	META	EAS	18	98	930	157.748401641846	0	0	0	0
LDL	META	EAS	18	119	158	15.4722545146942	0	0	0	0
LDL	META	EAS	18	120	1191	143.259690761566	0	0	0	0
LDL	META	EAS	19	6	57	2.69463086128235	0	0	0	0
LDL	META	EAS	19	12	178	18.9260909557343	0	0	0	0
LDL	META	EAS	19	15	91	6.99152231216431	0	0	0	0
LDL	META	EAS	19	16	90	4.63309407234192	0	1	0	0
LDL	META	EAS	19	20	193	18.9261372089386	0	0	0	0
LDL	META	EAS	19	21	115	10.7319505214691	0	0	0	0
LDL	META	EAS	19	22	627	66.6569511890411	0	0	0	0
LDL	META	EAS	19	25	588	72.8842542171478	0	0	0	0
LDL	META	EAS	19	32	468	67.8808779716492	0	0	0	0
LDL	META	EAS	19	33	229	26.7574374675751	0	0	0	0
LDL	META	EAS	19	35	1038	152.137694597244	0	0	0	0
LDL	META	EAS	19	36	139	6.98489832878113	0	0	0	0
LDL	META	EAS	19	37	1080	511.306201696396	0	3	1	3
LDL	META	EAS	19	38	254	16.7192602157593	0	0	1	11
LDL	META	EAS	19	39	1361	266.72836971283	0	0	0	0
LDL	META	EAS	19	40	500	57.5014266967773	0	0	0	0
LDL	META	EAS	19	42	140	13.0046038627625	0	0	0	0
LDL	META	EAS	19	46	1228	221.442620277405	0	0	0	0
LDL	META	EAS	19	49	770	103.40166425705	0	0	0	0
LDL	META	EAS	19	51	508	3.40618848800659	0	0	0	0
LDL	META	EAS	19	52	476	28.4111323356628	0	0	0	0
LDL	META	EAS	19	53	1607	364.700869083405	0	0	0	0
LDL	META	EAS	19	54	3297	977.654875278473	0	0	0	0
LDL	META	EAS	19	62	1988	306.392512798309	0	0	0	0
LDL	META	EAS	19	63	635	62.9307923316956	0	0	0	0
LDL	META	EAS	19	65	638	70.2264266014099	0	0	1	5
LDL	META	EAS	19	67	3704	1023.38113999367	0	0	0	0
LDL	META	EAS	19	68	767	118.224431037903	0	0	0	0
LDL	META	EAS	19	70	722	102.666959285736	0	0	0	0
LDL	META	EAS	19	71	128	5.84314846992493	0	0	0	0
LDL	META	EAS	19	72	931	181.038912057877	0	0	0	0
LDL	META	EAS	19	73	246	24.7468709945679	0	0	0	0
LDL	META	EAS	19	74	1772	38.8366196155548	0	1	0	0
LDL	META	EAS	19	75	126	29.0653581619263	4	6	4	4
LDL	META	EAS	19	76	894	288.262447834015	0	3	1	7
LDL	META	EAS	19	77	1793	378.513279676437	0	0	0	0
LDL	META	EAS	19	79	768	133.851600170135	0	0	0	0
LDL	META	EAS	19	80	153	12.4066553115845	0	0	0	0
LDL	META	EAS	19	81	485	63.3431003093719	0	0	0	0
LDL	META	EAS	19	98	163	12.9682905673981	0	0	0	0
LDL	META	EAS	19	103	340	27.3574104309082	0	0	0	0
LDL	META	EAS	19	104	583	82.1572940349579	0	0	0	0
LDL	META	EAS	19	107	432	48.762419462204	0	0	0	0
LDL	META	EAS	19	110	1508	361.170422077179	0	0	0	0
LDL	META	EAS	19	111	873	150.903755426407	0	0	0	0
LDL	META	EAS	20	2	414	41.0711462497711	0	0	0	0
LDL	META	EAS	20	10	744	126.45446228981	0	0	0	0
LDL	META	EAS	20	11	528	75.6097366809845	0	0	0	0
LDL	META	EAS	20	12	927	110.076846122742	0	0	0	0
LDL	META	EAS	20	13	1413	297.275545597076	0	0	0	0
LDL	META	EAS	20	18	822	140.321211576462	0	0	0	0
LDL	META	EAS	20	19	215	24.0174977779388	0	0	0	0
LDL	META	EAS	20	40	914	161.188055276871	0	0	0	0
LDL	META	EAS	20	48	2407	461.772219181061	0	0	0	0
LDL	META	EAS	20	59	1511	309.28749871254	0	0	0	0
LDL	META	EAS	20	60	1200	212.160684108734	0	0	0	0
LDL	META	EAS	20	63	2867	686.381356716156	0	0	0	0
LDL	META	EAS	20	64	719	86.933411359787	0	0	1	53
LDL	META	EAS	20	65	1631	375.475618839264	0	0	1	47
LDL	META	EAS	20	66	1749	297.027174949646	0	0	0	0
LDL	META	EAS	20	68	509	66.6029846668243	0	0	0	0
LDL	META	EAS	20	69	1164	197.952319145203	0	0	0	0
LDL	META	EAS	20	70	815	133.630342960358	0	0	0	0
LDL	META	EAS	20	71	1517	195.438252687454	0	0	0	0
LDL	META	EAS	20	77	1450	312.789655208588	0	0	0	0
LDL	META	EAS	20	78	1619	343.603078126907	0	0	0	0
LDL	META	EAS	20	86	860	142.907499790192	0	0	0	0
LDL	META	EAS	20	87	705	108.640368938446	0	0	0	0
LDL	META	EAS	20	89	587	77.2188272476196	0	0	0	0
LDL	META	EAS	20	110	793	142.663013219833	0	0	0	0
LDL	META	EAS	20	111	61	0.320557355880737	0	1	0	0
LDL	META	EAS	20	112	238	24.1362645626068	0	0	0	0
LDL	META	EAS	20	115	511	72.3949220180511	0	0	0	0
LDL	META	EAS	21	3	538	88.2563602924347	0	0	0	0
LDL	META	EAS	21	30	2751	741.485159873962	0	0	0	0
LDL	META	EAS	21	33	1301	211.211863279343	0	0	0	0
LDL	META	EAS	21	37	1414	240.48798084259	0	0	0	0
LDL	META	EAS	21	41	2166	549.224807262421	0	0	0	0
LDL	META	EAS	21	48	2285	481.247399568558	0	0	0	0
LDL	META	EAS	21	53	870	126.782450437546	0	0	0	0
LDL	META	EAS	21	62	382	47.8912134170532	0	0	0	0
LDL	META	EAS	21	64	1146	166.11192035675	0	0	0	0
LDL	META	EAS	21	65	860	158.620928287506	0	0	0	0
LDL	META	EAS	22	5	604	85.7346668243408	0	0	0	0
LDL	META	EAS	22	9	762	107.013947725296	0	0	0	0
LDL	META	EAS	22	13	611	103.313399791718	0	0	0	0
LDL	META	EAS	22	29	1639	250.48250579834	0	0	0	0
LDL	META	EAS	22	30	4930	778.486788749695	0	0	0	0
LDL	META	EAS	22	36	735	114.673002243042	0	0	0	0
LDL	META	EAS	22	37	996	168.049580574036	0	0	0	0
LDL	META	EAS	22	40	410	53.9920463562012	0	0	0	0
LDL	META	EAS	22	43	757	96.5248036384583	0	0	0	0
LDL	META	EAS	22	46	2464	580.326599836349	0	0	1	25
LDL	META	EAS	22	49	253	29.2811982631683	0	0	0	0
LDL	META	EAS	22	54	840	133.251105308533	0	0	0	0
LDL	META	EAS	22	55	554	80.6816778182983	0	0	0	0
LDL	META	EAS	22	57	54	3.70047855377197	0	0	0	0
LDL	META	EAS	22	70	794	134.020097970963	0	0	0	0
