pheno	db	pid	chromosome	block	num_variants	time	num_variants_0.95	num_variants_0.5	num_CS95	num_variants_CS95
HDL	META	AFR	1	1	1401	288.681854724884	0	0	0	0
HDL	META	AFR	1	2	1463	352.261185646057	0	0	0	0
HDL	META	AFR	1	3	827	159.445283174515	0	0	0	0
HDL	META	AFR	1	5	3605	567.72606921196	0	0	0	0
HDL	META	AFR	1	15	5267	1858.31360888481	0	0	0	0
HDL	META	AFR	1	17	6661	1874.35887598991	0	0	0	0
HDL	META	AFR	1	18	2519	374.684692382812	0	0	0	0
HDL	META	AFR	1	19	5432	1029.04990839958	0	0	0	0
HDL	META	AFR	1	21	3702	1229.19057965279	0	0	0	0
HDL	META	AFR	1	23	1888	436.68288731575	0	0	0	0
HDL	META	AFR	1	24	1883	430.664508581161	0	0	0	0
HDL	META	AFR	1	35	6594	2499.12822008133	0	0	0	0
HDL	META	AFR	1	40	2211	397.862527132034	0	0	0	0
HDL	META	AFR	1	43	1399	24.8300106525421	0	1	0	0
HDL	META	AFR	1	44	1277	287.402861833572	0	0	0	0
HDL	META	AFR	1	46	4373	694.59147644043	0	0	0	0
HDL	META	AFR	1	48	2597	506.590995073318	0	0	0	0
HDL	META	AFR	1	49	2499	731.89000415802	0	0	0	0
HDL	META	AFR	1	50	3596	1165.6526722908	0	0	0	0
HDL	META	AFR	1	51	2354	693.914953947067	0	0	0	0
HDL	META	AFR	1	52	6665	2248.89103960991	0	0	0	0
HDL	META	AFR	1	53	5740	1877.00457024574	0	0	0	0
HDL	META	AFR	1	57	3923	843.181932210922	0	0	0	0
HDL	META	AFR	1	63	5261	1827.39734697342	0	0	0	0
HDL	META	AFR	1	70	4570	1493.2386200428	0	0	0	0
HDL	META	AFR	1	71	4715	1385.46456241608	0	0	0	0
HDL	META	AFR	1	73	6447	2295.69113063812	0	0	0	0
HDL	META	AFR	1	74	6189	997.26784825325	0	0	0	0
HDL	META	AFR	1	75	7792	2637.75328350067	0	0	0	0
HDL	META	AFR	1	76	4017	1384.45005512238	0	0	0	0
HDL	META	AFR	1	80	2382	574.226418495178	0	0	0	0
HDL	META	AFR	1	85	2008	308.512587785721	0	0	0	0
HDL	META	AFR	1	87	2528	341.916184186935	0	0	0	0
HDL	META	AFR	1	90	517	79.4076466560364	0	0	0	0
HDL	META	AFR	1	92	4539	1565.72135305405	0	0	0	0
HDL	META	AFR	1	94	1062	202.305317640305	0	0	0	0
HDL	META	AFR	1	96	4165	1345.07649636269	0	0	0	0
HDL	META	AFR	1	97	5170	894.841300725937	0	1	1	16
HDL	META	AFR	1	98	4661	1532.08079957962	0	0	0	0
HDL	META	AFR	1	100	4166	791.042713880539	0	0	0	0
HDL	META	AFR	1	102	3984	1723.28327798843	0	0	0	0
HDL	META	AFR	1	105	11654	3038.81139230728	0	0	0	0
HDL	META	AFR	1	110	2039	556.426448345184	0	0	0	0
HDL	META	AFR	1	113	3295	1100.12155652046	0	0	0	0
HDL	META	AFR	1	117	2520	736.943734407425	0	0	0	0
HDL	META	AFR	1	122	8187	1295.69894957542	0	0	0	0
HDL	META	AFR	1	124	6941	1088.04451107979	0	0	0	0
HDL	META	AFR	1	125	8753	2623.83309388161	0	0	0	0
HDL	META	AFR	1	128	7018	2508.98336744308	0	0	0	0
HDL	META	AFR	1	129	2240	530.111814260483	0	0	0	0
HDL	META	AFR	1	132	4627	1468.36956739426	0	0	0	0
HDL	META	AFR	1	136	5109	1946.2724802494	0	0	0	0
HDL	META	AFR	1	138	6730	1095.5567984581	0	1	0	0
HDL	META	AFR	1	139	1528	369.949501752853	0	0	0	0
HDL	META	AFR	1	143	4059	1378.1109149456	0	0	0	0
HDL	META	AFR	1	153	5251	1532.95709514618	0	0	0	0
HDL	META	AFR	1	154	8796	2363.1215004921	0	0	0	0
HDL	META	AFR	1	156	4659	1892.17921853065	0	0	0	0
HDL	META	AFR	1	158	5382	1736.80599474907	0	0	0	0
HDL	META	AFR	1	159	1169	198.891964197159	0	0	0	0
HDL	META	AFR	1	160	4017	1586.53067111969	0	0	0	0
HDL	META	AFR	1	168	5355	1470.04871439934	0	0	0	0
HDL	META	AFR	1	173	3876	1222.54601669312	0	0	0	0
HDL	META	AFR	1	181	7175	1723.1613202095	0	0	0	0
HDL	META	AFR	1	182	7710	2363.14451313019	0	0	0	0
HDL	META	AFR	1	183	7261	1878.70735287666	0	0	0	0
HDL	META	AFR	1	187	4726	1350.21386051178	0	0	0	0
HDL	META	AFR	1	189	3758	988.699922323227	0	0	0	0
HDL	META	AFR	1	191	5232	1659.74609971046	0	0	0	0
HDL	META	AFR	1	192	5272	1594.15973234177	0	0	0	0
HDL	META	AFR	1	193	6096	2151.9900624752	0	0	0	0
HDL	META	AFR	1	201	6303	1845.48568868637	0	0	0	0
HDL	META	AFR	1	202	5235	723.249764442444	0	0	0	0
HDL	META	AFR	1	203	4459	1559.20615005493	0	0	0	0
HDL	META	AFR	1	204	4317	1534.64673089981	0	0	0	0
HDL	META	AFR	1	207	3140	976.030778884888	0	0	0	0
HDL	META	AFR	1	208	3772	1068.85929822922	0	0	0	0
HDL	META	AFR	1	209	1297	279.271588087082	0	0	0	0
HDL	META	AFR	1	211	2811	726.657976865768	0	0	0	0
HDL	META	AFR	1	213	2831	818.64678311348	0	0	0	0
HDL	META	AFR	1	214	2519	425.64549946785	0	0	0	0
HDL	META	AFR	1	215	1305	307.80156826973	0	0	0	0
HDL	META	AFR	1	216	5721	2204.35857915878	0	0	0	0
HDL	META	AFR	1	218	1028	174.740320444107	0	0	0	0
HDL	META	AFR	1	221	4891	1684.10870146751	0	0	0	0
HDL	META	AFR	1	224	3377	1019.37696480751	0	0	0	0
HDL	META	AFR	1	228	2827	938.091794967651	0	0	0	0
HDL	META	AFR	1	233	6622	1858.75669622421	0	0	0	0
HDL	META	AFR	1	234	7584	1241.93328332901	0	0	0	0
HDL	META	AFR	1	235	5297	1467.90312385559	0	0	0	0
HDL	META	AFR	1	238	9961	2420.18111205101	0	0	0	0
HDL	META	AFR	1	239	2353	409.602047204971	0	0	0	0
HDL	META	AFR	1	240	10273	4057.02911448479	0	0	0	0
HDL	META	AFR	1	242	2480	90.553777217865	0	0	0	0
HDL	META	AFR	1	243	2815	151.513676404953	0	0	1	10
HDL	META	AFR	1	244	6077	873.938593149185	0	0	0	0
HDL	META	AFR	1	252	2334	616.825871229172	0	0	0	0
HDL	META	AFR	1	253	830	161.503061532974	0	0	0	0
HDL	META	AFR	1	254	4018	1432.02003979683	0	0	0	0
HDL	META	AFR	1	255	2540	137.40375995636	0	1	0	0
HDL	META	AFR	1	257	2617	798.288626670837	0	0	0	0
HDL	META	AFR	1	264	2815	263.131638050079	0	0	0	0
HDL	META	AFR	1	275	1006	77.8501183986664	0	0	0	0
HDL	META	AFR	2	1	1424	352.513220310211	0	0	0	0
HDL	META	AFR	2	2	9065	2390.9963657856	0	0	0	0
HDL	META	AFR	2	3	3280	532.786371469498	0	0	0	0
HDL	META	AFR	2	4	2656	715.809911727905	0	0	0	0
HDL	META	AFR	2	6	2729	824.066695451736	0	0	0	0
HDL	META	AFR	2	13	6214	725.716760396957	0	0	0	0
HDL	META	AFR	2	28	1234	198.260499477386	0	0	0	0
HDL	META	AFR	2	40	7181	1760.8936548233	0	0	0	0
HDL	META	AFR	2	41	3284	386.669807910919	0	0	1	2
HDL	META	AFR	2	44	3354	157.924920082092	0	1	1	3
HDL	META	AFR	2	45	5997	782.784597873688	0	0	0	0
HDL	META	AFR	2	46	2649	815.241297960281	0	0	0	0
HDL	META	AFR	2	47	7547	2051.32600951195	0	0	0	0
HDL	META	AFR	2	48	4607	1551.11832690239	0	0	0	0
HDL	META	AFR	2	49	7319	1550.09179449081	0	0	0	0
HDL	META	AFR	2	50	4208	1430.19779634476	0	0	0	0
HDL	META	AFR	2	51	4786	1350.78265404701	0	0	0	0
HDL	META	AFR	2	53	3137	599.334717512131	0	0	0	0
HDL	META	AFR	2	55	11051	2789.06449699402	0	0	0	0
HDL	META	AFR	2	60	4307	1596.20029067993	0	0	0	0
HDL	META	AFR	2	62	2508	692.301604270935	0	0	0	0
HDL	META	AFR	2	63	4478	703.179875135422	0	0	0	0
HDL	META	AFR	2	66	10542	1416.61273503304	0	0	0	0
HDL	META	AFR	2	67	9577	1827.37994837761	0	0	0	0
HDL	META	AFR	2	68	1655	379.947998285294	0	0	0	0
HDL	META	AFR	2	69	5641	1614.20820260048	0	0	0	0
HDL	META	AFR	2	79	6471	1882.32711434364	0	0	0	0
HDL	META	AFR	2	80	10936	1784.86368370056	0	0	0	0
HDL	META	AFR	2	84	14552	3176.70580339432	0	0	0	0
HDL	META	AFR	2	85	13936	2000.59588217735	0	0	0	0
HDL	META	AFR	2	86	5711	797.800820827484	0	0	0	0
HDL	META	AFR	2	87	2034	473.190771102905	0	0	0	0
HDL	META	AFR	2	88	16811	4573.9611017704	0	0	0	0
HDL	META	AFR	2	89	4311	1257.93734765053	0	0	0	0
HDL	META	AFR	2	90	3602	1034.85982084274	0	0	0	0
HDL	META	AFR	2	97	6439	1752.31816315651	0	0	0	0
HDL	META	AFR	2	99	3759	950.658747911453	0	0	0	0
HDL	META	AFR	2	100	5063	2069.86598420143	0	0	0	0
HDL	META	AFR	2	115	8552	2190.07485580444	0	0	0	0
HDL	META	AFR	2	117	4548	1853.88604235649	0	0	0	0
HDL	META	AFR	2	122	3364	692.733240842819	0	0	0	0
HDL	META	AFR	2	124	6376	215.563601016998	0	1	0	0
HDL	META	AFR	2	125	5236	1995.87009978294	0	0	0	0
HDL	META	AFR	2	128	9003	2151.26885652542	0	0	0	0
HDL	META	AFR	2	130	988	192.397401809692	0	0	0	0
HDL	META	AFR	2	131	270	28.4925117492676	0	0	0	0
HDL	META	AFR	2	132	996	193.899519205093	0	0	0	0
HDL	META	AFR	2	138	7593	912.105103254318	0	0	0	0
HDL	META	AFR	2	146	7454	826.061932086945	0	0	0	0
HDL	META	AFR	2	147	12131	3538.07980442047	0	0	0	0
HDL	META	AFR	2	151	4912	1638.77370429039	0	0	0	0
HDL	META	AFR	2	153	7084	1735.96685695648	0	0	0	0
HDL	META	AFR	2	154	3472	996.021092891693	0	0	0	0
HDL	META	AFR	2	159	10318	2576.39600682259	0	0	0	0
HDL	META	AFR	2	163	351	36.944516658783	0	0	0	0
HDL	META	AFR	2	164	1476	299.067759513855	0	0	0	0
HDL	META	AFR	2	166	11661	1442.40127778053	0	0	0	0
HDL	META	AFR	2	168	5161	248.250865936279	0	0	1	5
HDL	META	AFR	2	171	7566	1259.26509165764	0	0	0	0
HDL	META	AFR	2	175	218	22.1957910060883	0	0	0	0
HDL	META	AFR	2	176	7131	2195.49186325073	0	0	0	0
HDL	META	AFR	2	177	5757	964.602330446243	0	0	0	0
HDL	META	AFR	2	180	4669	1656.90458893776	0	0	0	0
HDL	META	AFR	2	181	7140	2358.97290229797	0	0	0	0
HDL	META	AFR	2	183	3080	993.269638776779	0	0	0	0
HDL	META	AFR	2	184	9686	1724.3446624279	0	0	0	0
HDL	META	AFR	2	185	2447	613.802642345428	0	0	0	0
HDL	META	AFR	2	186	7050	2085.18165850639	0	0	0	0
HDL	META	AFR	2	191	1885	530.710392475128	0	0	0	0
HDL	META	AFR	2	195	13282	3505.09430599213	0	0	0	0
HDL	META	AFR	2	197	6266	1116.92007613182	0	0	0	0
HDL	META	AFR	2	199	7599	2132.56182479858	0	0	0	0
HDL	META	AFR	2	202	1028	182.579159736633	0	0	0	0
HDL	META	AFR	2	205	3621	976.135503292084	0	0	0	0
HDL	META	AFR	2	208	11186	2304.07944393158	0	0	0	0
HDL	META	AFR	2	209	1710	259.207087278366	0	0	0	0
HDL	META	AFR	2	210	3898	964.762063741684	0	0	0	0
HDL	META	AFR	2	213	12763	3526.74669933319	0	0	0	0
HDL	META	AFR	2	215	4147	1410.52783608437	0	0	0	0
HDL	META	AFR	2	217	3457	1342.80548501015	0	0	0	0
HDL	META	AFR	2	218	2665	337.24963688850403	0	0	0	0
HDL	META	AFR	2	221	4223	1489.78449010849	0	0	0	0
HDL	META	AFR	2	227	2924	840.261042833328	0	0	0	0
HDL	META	AFR	2	228	3905	835.580324649811	0	0	0	0
HDL	META	AFR	2	230	3605	310.865662574768	0	1	1	5
HDL	META	AFR	2	232	2732	807.919716596603	0	0	0	0
HDL	META	AFR	2	233	1312	252.913675069809	0	0	0	0
HDL	META	AFR	2	234	4848	1307.79358386993	0	0	0	0
HDL	META	AFR	2	235	2190	527.416669845581	0	0	0	0
HDL	META	AFR	2	237	4951	1373.80790162086	0	0	0	0
HDL	META	AFR	2	240	4386	1733.64425206184	0	0	0	0
HDL	META	AFR	2	247	1988	508.744789600372	0	0	0	0
HDL	META	AFR	2	250	9198	2241.03111696243	0	0	0	0
HDL	META	AFR	2	251	3136	792.831353187561	0	0	0	0
HDL	META	AFR	2	256	5440	1539.98795032501	0	0	0	0
HDL	META	AFR	3	8	1388	308.876660823822	0	0	0	0
HDL	META	AFR	3	9	1482	347.186703681946	0	0	0	0
HDL	META	AFR	3	20	5701	2042.50387716293	0	0	0	0
HDL	META	AFR	3	23	3926	1185.69018912315	0	0	0	0
HDL	META	AFR	3	24	6144	1554.29019093513	0	0	0	0
HDL	META	AFR	3	25	725	125.599629640579	0	0	0	0
HDL	META	AFR	3	28	391	36.6455478668213	0	0	0	0
HDL	META	AFR	3	30	5958	1776.72995567322	0	0	0	0
HDL	META	AFR	3	32	7176	767.787586212158	0	0	0	0
HDL	META	AFR	3	34	2390	708.905230522156	0	0	0	0
HDL	META	AFR	3	35	6142	1201.28857898712	0	0	0	0
HDL	META	AFR	3	39	8079	2207.83863067627	0	0	0	0
HDL	META	AFR	3	40	3961	865.292201042175	0	0	0	0
HDL	META	AFR	3	41	7652	1979.67751145363	0	0	0	0
HDL	META	AFR	3	42	6385	1636.09649419785	0	0	0	0
HDL	META	AFR	3	55	3267	774.448049068451	0	0	0	0
HDL	META	AFR	3	59	6464	1804.94661927223	0	0	0	0
HDL	META	AFR	3	60	10451	2066.10015034676	0	0	0	0
HDL	META	AFR	3	64	257	17.5873627662659	0	0	0	0
HDL	META	AFR	3	65	2636	435.115806818008	0	0	0	0
HDL	META	AFR	3	71	7644	2284.08009052277	0	0	0	0
HDL	META	AFR	3	77	11304	3511.51907014847	0	0	0	0
HDL	META	AFR	3	81	3751	1345.85789871216	0	0	0	0
HDL	META	AFR	3	83	8409	2654.40196728706	0	0	0	0
HDL	META	AFR	3	84	4048	1557.36444163322	0	0	0	0
HDL	META	AFR	3	85	4112	1108.86419534683	0	0	0	0
HDL	META	AFR	3	88	5121	896.369647026062	0	0	0	0
HDL	META	AFR	3	89	5810	1465.7188642025	0	0	0	0
HDL	META	AFR	3	90	2967	411.811124563217	0	0	0	0
HDL	META	AFR	3	105	4479	1165.19290518761	0	0	0	0
HDL	META	AFR	3	106	14562	3307.84061908722	0	0	0	0
HDL	META	AFR	3	108	5535	1448.97970604897	0	0	0	0
HDL	META	AFR	3	109	11493	3086.84489607811	0	0	0	0
HDL	META	AFR	3	112	5583	1164.93536400795	0	0	0	0
HDL	META	AFR	3	114	3940	742.93380856514	0	0	0	0
HDL	META	AFR	3	119	8800	973.336382627487	0	0	0	0
HDL	META	AFR	3	120	5430	606.266211509705	0	1	0	0
HDL	META	AFR	3	121	6475	2268.36653900146	0	0	0	0
HDL	META	AFR	3	123	2278	555.73555803299	0	0	0	0
HDL	META	AFR	3	124	1216	192.489361286163	0	0	0	0
HDL	META	AFR	3	125	5805	1762.90482378006	0	0	0	0
HDL	META	AFR	3	127	7018	1569.09670209885	0	0	0	0
HDL	META	AFR	3	128	2880	543.665831327438	0	0	0	0
HDL	META	AFR	3	129	3269	905.52929854393	0	0	0	0
HDL	META	AFR	3	132	9097	2225.92773008347	0	0	0	0
HDL	META	AFR	3	134	2508	677.966687679291	0	0	0	0
HDL	META	AFR	3	135	5633	1850.10301470757	0	0	0	0
HDL	META	AFR	3	136	2878	784.10044836998	0	0	0	0
HDL	META	AFR	3	140	6862	2033.78395652771	0	0	0	0
HDL	META	AFR	3	144	1762	378.48967051506	0	0	0	0
HDL	META	AFR	3	145	6795	2118.34188532829	0	0	0	0
HDL	META	AFR	3	146	2402	214.820111751556	0	0	0	0
HDL	META	AFR	3	155	5504	1724.72700691223	0	0	0	0
HDL	META	AFR	3	158	6804	1719.68618965149	0	0	0	0
HDL	META	AFR	3	159	5532	1411.4367454052	0	0	0	0
HDL	META	AFR	3	161	8000	1626.74148392677	0	0	0	0
HDL	META	AFR	3	162	9860	2558.92139101028	0	0	0	0
HDL	META	AFR	3	165	6290	1033.41455221176	0	0	0	0
HDL	META	AFR	3	170	3859	1164.93467330933	0	0	0	0
HDL	META	AFR	3	171	4731	1569.25585055351	0	0	0	0
HDL	META	AFR	3	174	1405	222.429343700409	0	0	0	0
HDL	META	AFR	3	175	1768	153.942072153091	0	0	0	0
HDL	META	AFR	3	179	3904	1171.52449584007	0	0	0	0
HDL	META	AFR	3	183	2959	232.844386339188	0	0	0	0
HDL	META	AFR	3	184	3850	1072.73957872391	0	0	0	0
HDL	META	AFR	3	186	7475	1404.8122651577	0	0	0	0
HDL	META	AFR	3	191	4271	1111.92647790909	0	0	0	0
HDL	META	AFR	3	193	6811	2023.74237918854	0	0	0	0
HDL	META	AFR	3	195	11514	3422.40881514549	0	0	0	0
HDL	META	AFR	3	212	2172	570.004113435745	0	0	0	0
HDL	META	AFR	3	214	7503	2046.04500961304	0	0	0	0
HDL	META	AFR	3	216	3820	1258.78838539124	0	0	0	0
HDL	META	AFR	4	1	18282	3805.87974286079	0	0	0	0
HDL	META	AFR	4	4	4430	1295.51039719582	0	0	0	0
HDL	META	AFR	4	10	1192	257.324080705643	0	0	0	0
HDL	META	AFR	4	21	9995	2174.0389111042	0	0	0	0
HDL	META	AFR	4	32	7270	1396.8230946064	0	0	0	0
HDL	META	AFR	4	33	6741	553.79721903801	0	0	0	0
HDL	META	AFR	4	37	3058	755.397487401962	0	0	0	0
HDL	META	AFR	4	39	3619	990.709790706635	0	0	0	0
HDL	META	AFR	4	42	901	6.38704538345337	0	0	0	0
HDL	META	AFR	4	54	13657	1396.84885287285	0	0	0	0
HDL	META	AFR	4	55	5466	1815.77833724022	0	0	0	0
HDL	META	AFR	4	63	12737	3645.09035158157	0	0	0	0
HDL	META	AFR	4	64	9047	2577.99296188354	0	0	0	0
HDL	META	AFR	4	66	4859	1534.91482758522	0	0	0	0
HDL	META	AFR	4	67	1127	247.41130900383	0	0	0	0
HDL	META	AFR	4	71	2389	657.003996372223	0	0	0	0
HDL	META	AFR	4	79	4812	1606.73623204231	0	0	0	0
HDL	META	AFR	4	80	6835	872.441692113876	0	0	0	0
HDL	META	AFR	4	87	9244	745.661462545395	0	0	0	0
HDL	META	AFR	4	94	3576	145.295547008514	0	0	0	0
HDL	META	AFR	4	95	2345	529.227670669556	0	0	0	0
HDL	META	AFR	4	101	7637	2572.5936460495	0	0	0	0
HDL	META	AFR	4	102	4186	1206.03081727028	0	0	0	0
HDL	META	AFR	4	103	3159	151.735877752304	0	0	1	20
HDL	META	AFR	4	109	3027	590.161487340927	0	0	0	0
HDL	META	AFR	4	113	7130	1080.70686078072	0	1	1	8
HDL	META	AFR	4	114	6548	1394.80683970451	0	0	0	0
HDL	META	AFR	4	115	3029	773.892051696777	0	0	0	0
HDL	META	AFR	4	116	5711	1708.46969628334	0	0	0	0
HDL	META	AFR	4	117	6458	1423.41376566887	0	0	0	0
HDL	META	AFR	4	121	5333	1499.35486936569	0	0	0	0
HDL	META	AFR	4	122	2063	510.04230093956	0	0	0	0
HDL	META	AFR	4	123	1555	339.276345491409	0	0	0	0
HDL	META	AFR	4	124	7835	1510.675314188	0	0	0	0
HDL	META	AFR	4	129	7638	1563.42724943161	0	0	0	0
HDL	META	AFR	4	130	6820	2160.68204379082	0	0	0	0
HDL	META	AFR	4	134	10410	1380.75537824631	0	0	0	0
HDL	META	AFR	4	136	9263	718.168582677841	0	0	0	0
HDL	META	AFR	4	146	4300	1341.24004077911	0	0	0	0
HDL	META	AFR	4	147	2550	808.686619758606	0	0	0	0
HDL	META	AFR	4	149	5576	1465.56709122658	0	0	0	0
HDL	META	AFR	4	150	6780	1698.05625009537	0	0	0	0
HDL	META	AFR	4	151	2986	698.720123052597	0	0	0	0
HDL	META	AFR	4	152	2695	532.470256090164	0	0	0	0
HDL	META	AFR	4	153	6404	825.503935575485	0	0	0	0
HDL	META	AFR	4	154	2738	813.080709695816	0	0	0	0
HDL	META	AFR	4	156	9179	3114.49789524078	0	0	0	0
HDL	META	AFR	4	159	2550	744.303387641907	0	0	0	0
HDL	META	AFR	4	164	4566	1330.2357211113	0	0	0	0
HDL	META	AFR	4	165	4552	1728.35317206383	0	0	0	0
HDL	META	AFR	4	168	8487	2001.07814908028	0	0	0	0
HDL	META	AFR	4	180	7461	1194.31130480766	0	0	0	0
HDL	META	AFR	4	182	1159	241.521323442459	0	0	0	0
HDL	META	AFR	4	184	2994	942.620524406433	0	0	0	0
HDL	META	AFR	4	205	1744	443.500201225281	0	0	0	0
HDL	META	AFR	4	209	3296	981.618459701538	0	0	0	0
HDL	META	AFR	5	1	6287	1875.16836714745	0	0	0	0
HDL	META	AFR	5	2	1789	439.384406328201	0	0	0	0
HDL	META	AFR	5	9	3454	1080.14960289001	0	0	0	0
HDL	META	AFR	5	27	10688	2888.16652226448	0	0	0	0
HDL	META	AFR	5	56	8453	2477.71891093254	0	0	0	0
HDL	META	AFR	5	57	5627	741.508170366287	0	0	0	0
HDL	META	AFR	5	58	2341	703.065981626511	0	0	0	0
HDL	META	AFR	5	60	3263	886.941100358963	0	0	0	0
HDL	META	AFR	5	64	7036	880.828395605087	0	0	0	0
HDL	META	AFR	5	66	5516	1831.07426857948	0	0	0	0
HDL	META	AFR	5	68	1697	15.8142266273499	0	1	1	3
HDL	META	AFR	5	69	2439	579.391052722931	0	0	0	0
HDL	META	AFR	5	70	2248	574.815123558044	0	0	0	0
HDL	META	AFR	5	71	7955	2149.92778205872	0	0	0	0
HDL	META	AFR	5	72	9053	2721.84695529938	0	0	0	0
HDL	META	AFR	5	75	6318	2254.16845726967	0	0	0	0
HDL	META	AFR	5	78	1914	506.180909872055	0	0	0	0
HDL	META	AFR	5	80	5151	1431.03725743294	0	0	0	0
HDL	META	AFR	5	81	4512	1781.26274442673	0	0	0	0
HDL	META	AFR	5	82	3140	781.836578130722	0	0	0	0
HDL	META	AFR	5	85	6633	2156.60936403275	0	0	0	0
HDL	META	AFR	5	88	2490	489.408411026001	0	0	0	0
HDL	META	AFR	5	92	4140	1423.51129102707	0	0	0	0
HDL	META	AFR	5	93	2067	455.239148139954	0	0	0	0
HDL	META	AFR	5	96	6306	1038.24921536446	0	0	0	0
HDL	META	AFR	5	97	3985	1108.20427298546	0	0	0	0
HDL	META	AFR	5	102	8156	1140.61595606804	0	0	0	0
HDL	META	AFR	5	104	5209	1639.36699128151	0	0	0	0
HDL	META	AFR	5	105	2532	732.230624198914	0	0	0	0
HDL	META	AFR	5	108	2759	777.768088102341	0	0	0	0
HDL	META	AFR	5	109	3382	1094.38618779182	0	0	0	0
HDL	META	AFR	5	114	18542	1941.25657963753	0	0	0	0
HDL	META	AFR	5	116	7670	2192.93871903419	0	0	0	0
HDL	META	AFR	5	117	4956	1682.65927004814	0	0	0	0
HDL	META	AFR	5	119	6438	1654.86952495575	0	0	0	0
HDL	META	AFR	5	120	6969	1738.93061256409	0	0	0	0
HDL	META	AFR	5	127	11081	1294.69600129128	0	0	0	0
HDL	META	AFR	5	130	7825	2225.87765240669	0	0	0	0
HDL	META	AFR	5	132	3260	703.13993024826	0	0	0	0
HDL	META	AFR	5	133	3577	975.031569480896	0	0	0	0
HDL	META	AFR	5	134	4176	1460.76304006577	0	0	0	0
HDL	META	AFR	5	136	7436	2182.12851428986	0	0	0	0
HDL	META	AFR	5	142	5343	1946.50544571877	0	0	0	0
HDL	META	AFR	5	144	5751	1156.85131549835	0	0	0	0
HDL	META	AFR	5	145	9120	1257.33751821518	0	0	0	0
HDL	META	AFR	5	146	7698	1918.91937875748	0	0	0	0
HDL	META	AFR	5	147	3140	739.364079475403	0	0	0	0
HDL	META	AFR	5	151	1576	327.424107789993	0	0	0	0
HDL	META	AFR	5	152	9651	2527.21171307564	0	0	0	0
HDL	META	AFR	5	154	4847	1190.75079131126	0	0	0	0
HDL	META	AFR	5	156	4721	1475.08219623566	0	0	0	0
HDL	META	AFR	5	158	4049	1167.71609473228	0	0	0	0
HDL	META	AFR	5	160	4079	626.690982580185	0	0	0	0
HDL	META	AFR	5	163	3959	1111.28367447853	0	0	0	0
HDL	META	AFR	5	167	5073	902.062369823456	0	0	0	0
HDL	META	AFR	5	168	5812	880.360938310623	0	0	0	0
HDL	META	AFR	5	181	1702	316.17528963089	0	0	0	0
HDL	META	AFR	5	189	2956	652.569873571396	0	0	0	0
HDL	META	AFR	5	191	8049	2253.11374282837	0	0	0	0
HDL	META	AFR	5	193	1771	418.716781616211	0	0	0	0
HDL	META	AFR	5	194	2227	441.366392612457	0	0	0	0
HDL	META	AFR	5	202	3870	1103.888484478	0	0	0	0
HDL	META	AFR	5	207	4981	1766.37610077858	0	0	0	0
HDL	META	AFR	5	208	3054	929.043125152588	0	0	0	0
HDL	META	AFR	5	209	953	17.4521954059601	0	1	0	0
HDL	META	AFR	5	210	672	98.3968622684479	0	0	0	0
HDL	META	AFR	6	18	636	108.215655326843	0	0	0	0
HDL	META	AFR	6	19	4710	1036.01249337196	0	0	0	0
HDL	META	AFR	6	21	3547	856.422820806503	0	0	0	0
HDL	META	AFR	6	23	3496	779.693246126175	0	0	0	0
HDL	META	AFR	6	29	5137	1093.14186024666	0	0	0	0
HDL	META	AFR	6	34	5475	1737.33833932877	0	0	0	0
HDL	META	AFR	6	36	1496	255.371103286743	0	0	0	0
HDL	META	AFR	6	37	2717	397.561118125916	0	0	0	0
HDL	META	AFR	6	38	1802	377.41908121109	0	0	0	0
HDL	META	AFR	6	39	8647	2573.42627215385	0	0	0	0
HDL	META	AFR	6	43	5476	1785.27961277962	0	0	0	0
HDL	META	AFR	6	49	1136	239.361718893051	0	0	0	0
HDL	META	AFR	6	50	8705	1588.14944458008	0	0	0	0
HDL	META	AFR	6	51	11010	2520.3430314064	0	0	0	0
HDL	META	AFR	6	52	3621	543.665639638901	0	0	0	0
HDL	META	AFR	6	53	3342	998.093144178391	0	0	0	0
HDL	META	AFR	6	55	3069	997.347104072571	0	0	0	0
HDL	META	AFR	6	57	3224	807.182250022888	0	0	0	0
HDL	META	AFR	6	58	5402	1608.23495697975	0	0	0	0
HDL	META	AFR	6	60	3053	980.652609825134	0	0	0	0
HDL	META	AFR	6	63	5262	1367.65196299553	0	0	0	0
HDL	META	AFR	6	64	592	12.5962829589844	0	0	1	4
HDL	META	AFR	6	68	1301	167.076480150223	0	0	0	0
HDL	META	AFR	6	69	5086	1626.61189436913	0	0	0	0
HDL	META	AFR	6	71	20928	4728.45919299126	0	0	0	0
HDL	META	AFR	6	73	821	112.092533826828	0	0	0	0
HDL	META	AFR	6	76	10396	1667.12543821335	0	0	0	0
HDL	META	AFR	6	84	5138	378.634394168854	0	0	0	0
HDL	META	AFR	6	85	12657	3103.64465451241	0	0	0	0
HDL	META	AFR	6	86	12186	3152.41684055328	0	0	0	0
HDL	META	AFR	6	88	16205	5662.16633081436	0	0	0	0
HDL	META	AFR	6	90	1146	242.886219263077	0	0	0	0
HDL	META	AFR	6	94	7949	2154.61865353584	0	0	0	0
HDL	META	AFR	6	97	5071	1740.90018749237	0	0	0	0
HDL	META	AFR	6	98	6491	1395.4200053215	0	0	0	0
HDL	META	AFR	6	101	5473	1573.65688920021	0	0	0	0
HDL	META	AFR	6	105	5125	1538.59478020668	0	0	0	0
HDL	META	AFR	6	106	4279	1051.72565436363	0	0	0	0
HDL	META	AFR	6	108	1681	333.260079860687	0	0	0	0
HDL	META	AFR	6	109	4888	1242.24592590332	0	0	0	0
HDL	META	AFR	6	115	12317	3560.34347438812	0	0	0	0
HDL	META	AFR	6	116	7206	973.716233491898	0	0	0	0
HDL	META	AFR	6	117	10440	3167.9337875843	0	0	0	0
HDL	META	AFR	6	118	4360	1267.72717547417	0	0	0	0
HDL	META	AFR	6	124	8247	1851.05998826027	0	0	0	0
HDL	META	AFR	6	127	4155	1244.84633421898	0	0	0	0
HDL	META	AFR	6	128	5900	2057.59724378586	0	0	0	0
HDL	META	AFR	6	134	4107	548.642434835434	0	0	0	0
HDL	META	AFR	6	137	2340	663.140011548996	0	0	0	0
HDL	META	AFR	6	140	3553	1021.27974009514	0	0	0	0
HDL	META	AFR	6	146	2766	643.216178178787	0	0	0	0
HDL	META	AFR	6	160	5703	1620.84973359108	0	0	0	0
HDL	META	AFR	6	161	5040	1308.63528490067	0	0	0	0
HDL	META	AFR	6	164	2671	707.188138246536	0	0	0	0
HDL	META	AFR	6	167	5441	1206.66969037056	0	0	0	0
HDL	META	AFR	6	168	6897	1839.89215040207	0	0	0	0
HDL	META	AFR	6	169	11664	2664.75291490555	0	1	1	2
HDL	META	AFR	6	173	5416	1854.60321378708	0	0	0	0
HDL	META	AFR	6	175	2851	150.60928273201	0	1	0	0
HDL	META	AFR	6	179	3016	885.952967882156	0	0	0	0
HDL	META	AFR	6	182	4803	1890.97213840485	0	0	0	0
HDL	META	AFR	6	183	3289	1117.75812864304	0	0	0	0
HDL	META	AFR	7	1	1312	182.470464468002	0	0	0	0
HDL	META	AFR	7	3	4567	427.314460039139	0	1	1	6
HDL	META	AFR	7	12	8716	2043.41888427734	0	0	0	0
HDL	META	AFR	7	13	3515	808.360336065292	0	0	0	0
HDL	META	AFR	7	21	1046	215.390721321106	0	0	0	0
HDL	META	AFR	7	25	7013	1684.70591568947	0	0	0	0
HDL	META	AFR	7	26	6724	1537.1891014576	0	0	0	0
HDL	META	AFR	7	31	5014	1269.66038942337	0	0	0	0
HDL	META	AFR	7	32	5580	885.697969913483	0	0	0	0
HDL	META	AFR	7	33	7298	630.41223359108	0	0	1	15
HDL	META	AFR	7	37	5835	1501.88299536705	0	0	0	0
HDL	META	AFR	7	39	3574	1067.03853154182	0	0	0	0
HDL	META	AFR	7	40	8542	861.118376970291	0	0	0	0
HDL	META	AFR	7	42	5450	853.79306936264	0	0	0	0
HDL	META	AFR	7	43	7910	2209.58613801003	0	0	0	0
HDL	META	AFR	7	44	1141	244.412240743637	0	0	0	0
HDL	META	AFR	7	45	2251	490.274272203445	0	0	0	0
HDL	META	AFR	7	46	931	161.628762245178	0	0	0	0
HDL	META	AFR	7	48	1167	224.135740280151	0	0	0	0
HDL	META	AFR	7	49	3925	807.779179334641	0	0	0	0
HDL	META	AFR	7	51	3845	867.955615997314	0	0	0	0
HDL	META	AFR	7	53	2637	730.238352537155	0	0	0	0
HDL	META	AFR	7	58	5485	1457.65220522881	0	0	0	0
HDL	META	AFR	7	62	2799	617.244636535645	0	0	0	0
HDL	META	AFR	7	64	460	65.6910593509674	0	0	0	0
HDL	META	AFR	7	67	14239	3008.35102009773	0	0	0	0
HDL	META	AFR	7	69	3381	1056.81071138382	0	0	0	0
HDL	META	AFR	7	72	8958	2950.47859621048	0	0	0	0
HDL	META	AFR	7	73	2032	326.860630512238	0	0	0	0
HDL	META	AFR	7	74	2499	561.575961828232	0	0	0	0
HDL	META	AFR	7	82	5543	1492.06951451302	0	0	0	0
HDL	META	AFR	7	85	7216	2568.842045784	0	0	0	0
HDL	META	AFR	7	86	2025	482.624118328094	0	0	0	0
HDL	META	AFR	7	87	688	84.5666823387146	0	0	0	0
HDL	META	AFR	7	88	8797	1213.86962008476	0	0	0	0
HDL	META	AFR	7	89	4382	584.777617692947	0	0	0	0
HDL	META	AFR	7	90	1198	19.4620628356934	0	1	0	0
HDL	META	AFR	7	92	5769	1878.76921820641	1	3	3	5
HDL	META	AFR	7	93	2476	1037.43942523003	1	3	3	5
HDL	META	AFR	7	94	3234	361.199569225311	1	1	1	1
HDL	META	AFR	7	95	3316	67.9329273700714	0	0	1	5
HDL	META	AFR	7	99	8648	2585.48674750328	0	0	0	0
HDL	META	AFR	7	101	7529	1721.08833837509	0	0	0	0
HDL	META	AFR	7	107	10323	1414.25614690781	0	0	0	0
HDL	META	AFR	7	111	8182	2009.02057147026	0	0	0	0
HDL	META	AFR	7	113	6970	1413.89415311813	0	0	0	0
HDL	META	AFR	7	114	9545	2506.22763228416	0	0	0	0
HDL	META	AFR	7	119	3680	963.081047773361	0	0	0	0
HDL	META	AFR	7	121	10701	1532.15864944458	0	0	0	0
HDL	META	AFR	7	127	1726	418.006945848465	0	0	0	0
HDL	META	AFR	7	128	1914	366.211353778839	0	0	0	0
HDL	META	AFR	7	131	11402	3554.96216773987	0	0	0	0
HDL	META	AFR	7	132	12408	2936.66742944717	0	0	0	0
HDL	META	AFR	7	133	11093	3358.1550014019	0	0	0	0
HDL	META	AFR	7	134	3194	469.978703260422	0	0	0	0
HDL	META	AFR	7	139	1607	318.582002162933	0	0	0	0
HDL	META	AFR	7	141	8220	1511.84899616241	0	1	1	4
HDL	META	AFR	7	143	1772	464.438633203506	0	0	0	0
HDL	META	AFR	7	145	4059	1182.36704421043	0	0	0	0
HDL	META	AFR	7	146	2017	512.933290481567	0	0	0	0
HDL	META	AFR	7	147	2669	854.387511968613	0	0	0	0
HDL	META	AFR	7	160	3872	1247.20018053055	0	0	0	0
HDL	META	AFR	7	161	1300	273.404437303543	0	0	0	0
HDL	META	AFR	7	162	10933	1599.02265882492	0	0	0	0
HDL	META	AFR	7	164	1332	220.984380483627	0	0	0	0
HDL	META	AFR	7	184	4848	1387.37974214554	0	0	0	0
HDL	META	AFR	7	187	8705	1055.33050704002	0	0	0	0
HDL	META	AFR	8	13	1819	456.364406108856	0	0	0	0
HDL	META	AFR	8	17	5543	1505.27946591377	0	0	0	0
HDL	META	AFR	8	20	4572	1414.51499152184	0	0	0	0
HDL	META	AFR	8	21	4672	143.295238256454	0	0	0	0
HDL	META	AFR	8	22	8102	1314.89055013657	0	0	0	0
HDL	META	AFR	8	23	4644	1030.47848677635	0	1	0	0
HDL	META	AFR	8	24	10983	1603.33126783371	0	0	0	0
HDL	META	AFR	8	27	3524	444.452571153641	0	0	0	0
HDL	META	AFR	8	29	9775	1522.40348649025	0	1	0	0
HDL	META	AFR	8	30	2122	234.124237298965	0	0	0	0
HDL	META	AFR	8	31	1229	144.586575031281	0	0	0	0
HDL	META	AFR	8	32	6677	27658.6568574905	4	5	5	8
HDL	META	AFR	8	33	5478	1444.56092238426	1	1	1	1
HDL	META	AFR	8	34	2706	297.515057563782	0	0	0	0
HDL	META	AFR	8	35	2105	139.427834749222	0	1	0	0
HDL	META	AFR	8	36	1834	320.883105754852	0	0	0	0
HDL	META	AFR	8	37	2489	601.090544223785	0	0	0	0
HDL	META	AFR	8	39	4011	789.226670980453	0	0	0	0
HDL	META	AFR	8	40	5770	1559.07674598694	0	0	0	0
HDL	META	AFR	8	42	6663	688.651908397675	0	0	0	0
HDL	META	AFR	8	46	2192	608.72586274147	0	0	0	0
HDL	META	AFR	8	48	5561	586.534836530685	0	0	0	0
HDL	META	AFR	8	51	8805	2930.03285741806	0	0	0	0
HDL	META	AFR	8	53	4528	1762.22852683067	0	0	0	0
HDL	META	AFR	8	55	3912	1194.86567878723	0	0	0	0
HDL	META	AFR	8	69	9126	2560.33608841896	0	0	0	0
HDL	META	AFR	8	70	10160	1474.13606405258	0	0	0	0
HDL	META	AFR	8	71	5871	879.827572345734	0	0	0	0
HDL	META	AFR	8	77	5211	1789.68293213844	0	0	0	0
HDL	META	AFR	8	78	1112	190.637533426285	0	0	0	0
HDL	META	AFR	8	80	2344	648.423241138458	0	0	0	0
HDL	META	AFR	8	81	5774	835.971004486084	0	0	0	0
HDL	META	AFR	8	84	12707	1860.32163119316	0	0	0	0
HDL	META	AFR	8	88	6173	1557.24380135536	0	0	0	0
HDL	META	AFR	8	93	8337	1771.12811636925	0	0	0	0
HDL	META	AFR	8	94	4886	1510.17311191559	0	0	0	0
HDL	META	AFR	8	107	1855	349.729385614395	0	0	0	0
HDL	META	AFR	8	108	9624	2145.68913078308	0	0	0	0
HDL	META	AFR	8	109	8932	2350.80791497231	0	0	0	0
HDL	META	AFR	8	110	9349	2294.27494955063	0	0	0	0
HDL	META	AFR	8	112	6003	2134.20046877861	0	0	0	0
HDL	META	AFR	8	113	3798	967.32370018959	0	0	0	0
HDL	META	AFR	8	115	3247	928.577360153198	0	0	0	0
HDL	META	AFR	8	118	2675	456.128923416138	0	0	0	0
HDL	META	AFR	8	119	4168	1407.61381697655	0	0	0	0
HDL	META	AFR	8	124	3344	503.884218931198	0	0	0	0
HDL	META	AFR	8	125	1444	285.274365663528	0	0	0	0
HDL	META	AFR	8	127	3852	603.595314502716	0	1	0	0
HDL	META	AFR	8	130	3010	339.554557561874	0	0	0	0
HDL	META	AFR	8	159	4377	407.335600376129	0	1	1	3
HDL	META	AFR	8	160	4712	985.001428127289	0	0	0	0
HDL	META	AFR	9	1	8650	1105.20919466019	0	0	0	0
HDL	META	AFR	9	4	4588	1812.46782755852	0	0	0	0
HDL	META	AFR	9	9	3479	1034.09356784821	0	0	0	0
HDL	META	AFR	9	12	4587	1515.86064386368	0	0	0	0
HDL	META	AFR	9	27	12108	1876.91264772415	0	0	0	0
HDL	META	AFR	9	31	7009	1176.73531985283	0	0	0	0
HDL	META	AFR	9	33	4932	815.279922962189	0	0	0	0
HDL	META	AFR	9	36	4546	1230.98771858215	0	0	0	0
HDL	META	AFR	9	40	8664	2719.59224700928	0	0	0	0
HDL	META	AFR	9	48	1182	262.087603330612	0	0	0	0
HDL	META	AFR	9	49	13325	3648.57540416718	0	0	0	0
HDL	META	AFR	9	50	6960	1900.2736685276	0	0	0	0
HDL	META	AFR	9	51	2755	225.053731679916	0	0	0	0
HDL	META	AFR	9	53	8818	2160.09846329689	0	0	0	0
HDL	META	AFR	9	56	6308	866.582419395447	0	0	0	0
HDL	META	AFR	9	63	7636	1971.04785490036	0	0	0	0
HDL	META	AFR	9	78	2236	466.97798204422	0	0	0	0
HDL	META	AFR	9	84	4292	1043.03318190575	0	0	0	0
HDL	META	AFR	9	85	4732	996.884688854218	0	0	0	0
HDL	META	AFR	9	88	4348	1270.67130208015	0	0	0	0
HDL	META	AFR	9	91	4163	180.702599525452	0	0	0	0
HDL	META	AFR	9	92	1266	17.6056177616119	0	1	0	0
HDL	META	AFR	9	93	5655	1712.37440228462	0	0	0	0
HDL	META	AFR	9	97	2112	397.777535438538	0	0	0	0
HDL	META	AFR	9	98	6895	1383.79679536819	0	0	0	0
HDL	META	AFR	9	100	6523	819.891281843185	0	0	0	0
HDL	META	AFR	9	102	7362	1669.47729277611	0	0	0	0
HDL	META	AFR	9	103	1673	125.181495904922	0	1	0	0
HDL	META	AFR	9	104	1870	170.847871541977	0	1	0	0
HDL	META	AFR	9	105	1357	61.7035393714905	0	0	0	0
HDL	META	AFR	9	106	6279	1072.05997681618	0	0	0	0
HDL	META	AFR	9	107	1677	306.518318653107	0	0	0	0
HDL	META	AFR	9	109	7734	1880.49926328659	0	0	0	0
HDL	META	AFR	9	110	8591	6933.29706025124	3	5	3	3
HDL	META	AFR	9	111	327	61.3919031620026	2	2	3	5
HDL	META	AFR	9	112	7458	313.712184906006	0	1	1	3
HDL	META	AFR	9	113	4351	590.683210134506	0	0	0	0
HDL	META	AFR	9	114	2520	475.268135070801	0	0	0	0
HDL	META	AFR	9	115	7754	1820.51195454597	0	0	0	0
HDL	META	AFR	9	116	3742	886.302681684494	0	0	0	0
HDL	META	AFR	9	118	9493	2719.74096274376	0	0	0	0
HDL	META	AFR	9	124	3522	251.738247156143	0	0	0	0
HDL	META	AFR	9	129	5248	1454.58698272705	0	0	0	0
HDL	META	AFR	9	130	5163	1894.87248682976	0	0	0	0
HDL	META	AFR	9	134	9832	1970.35937261581	0	0	0	0
HDL	META	AFR	9	136	4185	623.510497093201	0	0	0	0
HDL	META	AFR	9	138	6706	1684.52307868004	0	0	0	0
HDL	META	AFR	9	140	10172	1921.46657896042	0	0	0	0
HDL	META	AFR	9	141	1333	272.237446069717	0	0	0	0
HDL	META	AFR	9	144	3537	779.7136490345	0	0	0	0
HDL	META	AFR	9	148	2632	558.91651058197	0	0	0	0
HDL	META	AFR	9	149	3603	497.963707208633	0	0	0	0
HDL	META	AFR	9	152	1000	173.125084400177	0	0	0	0
HDL	META	AFR	9	153	285	27.2938120365143	0	0	0	0
HDL	META	AFR	9	154	1633	413.294661045074	0	0	0	0
HDL	META	AFR	9	156	2984	899.73197221756	0	0	0	0
HDL	META	AFR	9	162	2502	616.157375335693	0	0	0	0
HDL	META	AFR	10	1	6714	967.24727678299	0	0	0	0
HDL	META	AFR	10	9	363	22.146782875061	0	0	0	0
HDL	META	AFR	10	11	1839	465.954007387161	0	0	0	0
HDL	META	AFR	10	13	4488	714.493716716766	0	0	0	0
HDL	META	AFR	10	14	5599	1906.45051717758	0	0	0	0
HDL	META	AFR	10	20	191	19.9133543968201	0	0	0	0
HDL	META	AFR	10	22	4838	1494.51506280899	0	0	0	0
HDL	META	AFR	10	23	1182	227.998859643936	0	0	0	0
HDL	META	AFR	10	33	3885	1332.19438695908	0	0	0	0
HDL	META	AFR	10	40	3530	1011.82567024231	0	0	0	0
HDL	META	AFR	10	43	4007	680.233790397644	0	0	0	0
HDL	META	AFR	10	46	6812	2502.23336601257	0	0	0	0
HDL	META	AFR	10	48	9260	2218.02491307259	0	0	0	0
HDL	META	AFR	10	49	5392	1687.2963654995	0	0	0	0
HDL	META	AFR	10	52	6596	996.643654346466	0	0	0	0
HDL	META	AFR	10	54	11491	2043.90591335297	0	0	0	0
HDL	META	AFR	10	60	8034	2207.59151411057	0	0	0	0
HDL	META	AFR	10	61	2659	581.400469779968	0	0	0	0
HDL	META	AFR	10	64	1131	254.910439252853	0	0	0	0
HDL	META	AFR	10	67	4317	252.134500265121	0	0	1	29
HDL	META	AFR	10	68	3997	689.841689586639	0	0	0	0
HDL	META	AFR	10	70	6263	2304.53024625778	0	0	0	0
HDL	META	AFR	10	79	6577	806.105146884918	0	0	0	0
HDL	META	AFR	10	80	6078	1682.76019024849	0	0	0	0
HDL	META	AFR	10	81	7167	2302.49227643013	0	0	0	0
HDL	META	AFR	10	83	6177	1697.12525439262	0	0	0	0
HDL	META	AFR	10	85	1928	511.949683666229	0	0	0	0
HDL	META	AFR	10	87	3220	413.093250274658	0	0	0	0
HDL	META	AFR	10	92	10949	2663.03973722458	0	0	0	0
HDL	META	AFR	10	93	1956	115.119506120682	0	1	0	0
HDL	META	AFR	10	100	1753	438.477215528488	0	0	0	0
HDL	META	AFR	10	101	5493	584.647476673126	0	0	0	0
HDL	META	AFR	10	109	6756	2207.36602425575	0	0	0	0
HDL	META	AFR	10	113	4312	668.117240667343	0	0	0	0
HDL	META	AFR	10	117	8047	1417.57507824898	0	0	0	0
HDL	META	AFR	10	124	1551	351.693402767181	0	0	0	0
HDL	META	AFR	10	126	7304	1132.26928257942	0	0	0	0
HDL	META	AFR	10	127	2364	521.771780967712	0	0	0	0
HDL	META	AFR	10	128	609	99.9553694725037	0	0	0	0
HDL	META	AFR	10	129	8223	3070.87075734138	0	0	0	0
HDL	META	AFR	10	130	2853	686.439720630646	0	0	0	0
HDL	META	AFR	10	137	7031	1721.88410139084	0	0	0	0
HDL	META	AFR	10	138	1235	138.583325386047	0	0	0	0
HDL	META	AFR	10	140	1533	364.494760274887	0	0	0	0
HDL	META	AFR	10	141	3398	1028.28635787964	0	0	0	0
HDL	META	AFR	10	142	2382	278.482488870621	0	0	0	0
HDL	META	AFR	10	143	7105	1710.37791180611	0	0	0	0
HDL	META	AFR	10	144	2814	702.639711380005	0	0	0	0
HDL	META	AFR	10	145	2618	701.144249916077	0	0	0	0
HDL	META	AFR	10	150	6080	2109.46723294258	0	0	0	0
HDL	META	AFR	10	152	3907	1074.64493465424	0	0	0	0
HDL	META	AFR	10	153	4507	1449.15937042236	0	0	0	0
HDL	META	AFR	10	154	8926	2286.60954380035	0	0	0	0
HDL	META	AFR	10	157	3338	814.90166020393394	0	0	0	0
HDL	META	AFR	10	162	2947	854.82049870491	0	0	0	0
HDL	META	AFR	10	167	770	137.104163885117	0	0	0	0
HDL	META	AFR	11	2	4284	1222.53671979904	0	0	0	0
HDL	META	AFR	11	4	3366	811.65732884407	0	0	0	0
HDL	META	AFR	11	6	722	112.400320529938	0	0	0	0
HDL	META	AFR	11	7	2487	325.10255241394	0	0	0	0
HDL	META	AFR	11	11	6112	1800.76083230972	0	0	0	0
HDL	META	AFR	11	18	10463	3435.32260107994	0	0	0	0
HDL	META	AFR	11	19	2469	245.448925018311	0	0	0	0
HDL	META	AFR	11	26	1978	532.609120368958	0	0	0	0
HDL	META	AFR	11	27	4776	1818.0994784832	0	0	0	0
HDL	META	AFR	11	28	3484	979.801552295685	0	0	0	0
HDL	META	AFR	11	29	2579	577.039659976959	0	0	0	0
HDL	META	AFR	11	30	3435	1131.55604910851	0	0	0	0
HDL	META	AFR	11	33	4213	1252.53264403343	0	0	0	0
HDL	META	AFR	11	51	4895	1173.16842937469	0	0	0	0
HDL	META	AFR	11	52	2683	547.027874708176	0	0	0	0
HDL	META	AFR	11	53	6035	1732.60590147972	0	0	0	0
HDL	META	AFR	11	54	4402	1374.06634020805	0	0	0	0
HDL	META	AFR	11	57	4369	1502.38042330742	0	0	0	0
HDL	META	AFR	11	65	4117	935.175233364105	0	0	0	0
HDL	META	AFR	11	70	7887	1222.79670238495	0	0	0	0
HDL	META	AFR	11	75	3588	1063.40452885628	0	0	0	0
HDL	META	AFR	11	76	4287	965.463285446167	0	0	0	0
HDL	META	AFR	11	77	4344	433.118562221527	0	0	0	0
HDL	META	AFR	11	78	4495	1057.2012219429	0	0	0	0
HDL	META	AFR	11	79	9734	1576.02392840385	0	0	0	0
HDL	META	AFR	11	80	6644	1479.76028776169	0	0	0	0
HDL	META	AFR	11	81	4025	1220.90204906464	0	0	0	0
HDL	META	AFR	11	86	5903	1623.50221395493	0	0	0	0
HDL	META	AFR	11	88	6339	1489.76309847832	0	1	1	23
HDL	META	AFR	11	89	839	114.260440826416	0	0	0	0
HDL	META	AFR	11	90	10117	3118.97439455986	0	0	0	0
HDL	META	AFR	11	100	5308	1596.19907617569	0	0	0	0
HDL	META	AFR	11	107	1876	488.120703935623	0	0	0	0
HDL	META	AFR	11	108	1725	384.480337381363	0	0	0	0
HDL	META	AFR	11	109	1558	356.655614614487	0	0	0	0
HDL	META	AFR	11	115	5991	2033.98942947388	0	0	0	0
HDL	META	AFR	11	117	10798	3338.84043216705	0	0	0	0
HDL	META	AFR	11	121	4675	1454.89870738983	0	0	0	0
HDL	META	AFR	11	123	3022	348.351553678513	0	0	0	0
HDL	META	AFR	11	126	9645	1666.24906897545	0	0	0	0
HDL	META	AFR	11	128	613	55.4241211414337	0	0	0	0
HDL	META	AFR	11	129	4615	19678.1798551083	6	9	9	14
HDL	META	AFR	11	130	2346	360.298358678818	0	0	0	0
HDL	META	AFR	11	131	470	58.2918984889984	0	0	0	0
HDL	META	AFR	11	132	1417	85.9633178710938	0	0	0	0
HDL	META	AFR	11	133	4786	261.833247184753	0	0	0	0
HDL	META	AFR	11	134	6175	611.857516527176	0	0	0	0
HDL	META	AFR	11	138	2932	191.430654287338	0	0	0	0
HDL	META	AFR	11	140	2573	653.336740732193	0	0	0	0
HDL	META	AFR	11	141	733	46.4394223690033	0	0	0	0
HDL	META	AFR	11	142	5542	518.702268362045	0	1	1	4
HDL	META	AFR	11	147	8820	1142.12541937828	0	0	0	0
HDL	META	AFR	11	148	2645	572.911819458008	0	0	0	0
HDL	META	AFR	11	149	6884	1674.54959964752	0	0	0	0
HDL	META	AFR	12	4	3243	1035.517537117	0	0	0	0
HDL	META	AFR	12	8	1731	319.69597029686	0	0	0	0
HDL	META	AFR	12	9	810	131.099117040634	0	0	0	0
HDL	META	AFR	12	12	1666	391.906112194061	0	0	0	0
HDL	META	AFR	12	17	2164	426.50077009201	0	0	0	0
HDL	META	AFR	12	18	4462	825.559811115265	0	0	0	0
HDL	META	AFR	12	23	6263	1586.23524332047	0	0	0	0
HDL	META	AFR	12	24	1591	162.545311927795	0	0	0	0
HDL	META	AFR	12	25	5760	1808.64181303978	0	0	0	0
HDL	META	AFR	12	31	1320	240.115114212036	0	0	0	0
HDL	META	AFR	12	32	4753	644.956717252731	0	0	0	0
HDL	META	AFR	12	34	3458	228.177209854126	0	0	0	0
HDL	META	AFR	12	35	1881	104.278683662415	1	2	1	1
HDL	META	AFR	12	36	1845	343.044564247131	0	0	0	0
HDL	META	AFR	12	38	6268	426.571030855179	0	0	0	0
HDL	META	AFR	12	40	2341	549.279411792755	0	0	0	0
HDL	META	AFR	12	41	1541	189.0946393013	0	0	0	0
HDL	META	AFR	12	42	9715	2432.98751759529	0	0	0	0
HDL	META	AFR	12	45	3745	887.771026849747	0	0	0	0
HDL	META	AFR	12	48	5380	581.396428346634	0	0	0	0
HDL	META	AFR	12	49	5899	1967.12756919861	0	0	0	0
HDL	META	AFR	12	53	7638	1775.73093295097	0	0	0	0
HDL	META	AFR	12	59	6918	2226.59812259674	0	0	0	0
HDL	META	AFR	12	60	3238	1003.70583939552	0	0	0	0
HDL	META	AFR	12	61	3818	1000.30377244949	0	0	0	0
HDL	META	AFR	12	62	4165	1261.69787311554	0	0	0	0
HDL	META	AFR	12	63	5078	1403.552724123	0	0	0	0
HDL	META	AFR	12	66	5678	1848.67642831802	0	0	0	0
HDL	META	AFR	12	67	3044	654.110411643982	0	0	0	0
HDL	META	AFR	12	68	1958	526.760464191437	0	0	0	0
HDL	META	AFR	12	69	5670	1036.97928023338	0	0	0	0
HDL	META	AFR	12	70	2637	725.81899523735	0	0	0	0
HDL	META	AFR	12	71	6697	1323.92142152786	0	0	0	0
HDL	META	AFR	12	72	17933	3736.9673781395	0	0	0	0
HDL	META	AFR	12	73	5642	2309.31057953835	0	0	0	0
HDL	META	AFR	12	77	2956	584.159038305283	0	0	0	0
HDL	META	AFR	12	80	6892	1014.90791845322	0	0	0	0
HDL	META	AFR	12	81	1301	262.055644989014	0	0	0	0
HDL	META	AFR	12	82	5834	1209.17208075523	0	0	0	0
HDL	META	AFR	12	94	7086	2003.54750108719	0	0	0	0
HDL	META	AFR	12	96	3462	818.593106746674	0	0	0	0
HDL	META	AFR	12	97	8456	1333.18425369263	0	0	0	0
HDL	META	AFR	12	100	3146	819.241391181946	0	0	0	0
HDL	META	AFR	12	103	728	85.4048218727112	0	0	0	0
HDL	META	AFR	12	108	4936	1533.51624822617	0	0	0	0
HDL	META	AFR	12	110	6855	902.464238166809	0	0	0	0
HDL	META	AFR	12	112	630	72.55006980896	0	0	0	0
HDL	META	AFR	12	119	9630	2184.2876894474	0	0	0	0
HDL	META	AFR	12	120	2477	587.952008485794	0	0	0	0
HDL	META	AFR	12	121	3645	1321.12296700478	1	1	2	19
HDL	META	AFR	12	122	8986	1422.94806981087	0	0	0	0
HDL	META	AFR	12	123	2776	674.863819122314	0	0	0	0
HDL	META	AFR	12	125	5280	803.850201368332	0	0	0	0
HDL	META	AFR	12	129	3705	1080.77537536621	0	0	0	0
HDL	META	AFR	12	132	4781	1316.26677370071	0	0	0	0
HDL	META	AFR	12	138	9047	2643.57009291649	0	0	0	0
HDL	META	AFR	12	139	12445	3643.92907547951	0	0	0	0
HDL	META	AFR	12	140	2145	758.202395439148	1	3	1	1
HDL	META	AFR	12	141	3074	797.880170106888	1	2	2	7
HDL	META	AFR	12	154	1171	33.8193683624268	0	0	0	0
HDL	META	AFR	12	156	1334	59.2219352722168	1	1	1	1
HDL	META	AFR	12	163	3179	265.50511431694	0	0	0	0
HDL	META	AFR	13	1	7228	2148.40609407425	0	0	0	0
HDL	META	AFR	13	8	4445	1700.01906895638	0	0	0	0
HDL	META	AFR	13	16	4590	1189.22251820564	0	0	0	0
HDL	META	AFR	13	18	1545	252.666402101517	0	0	0	0
HDL	META	AFR	13	20	4381	796.356063127518	0	0	0	0
HDL	META	AFR	13	21	6060	1658.03153753281	0	0	0	0
HDL	META	AFR	13	23	1879	164.990235090256	0	0	0	0
HDL	META	AFR	13	25	2716	750.368557691574	0	0	0	0
HDL	META	AFR	13	38	913	111.263773441315	0	0	0	0
HDL	META	AFR	13	40	3912	631.853796958923	0	0	0	0
HDL	META	AFR	13	45	4824	1360.50173139572	0	0	0	0
HDL	META	AFR	13	47	2892	803.594664573669	0	0	0	0
HDL	META	AFR	13	50	8820	2173.04261279106	0	0	0	0
HDL	META	AFR	13	52	6764	2251.527790308	0	0	0	0
HDL	META	AFR	13	54	15601	2695.97104263306	0	0	0	0
HDL	META	AFR	13	55	6246	1675.95702767372	0	0	0	0
HDL	META	AFR	13	57	12719	3316.89926958084	0	0	0	0
HDL	META	AFR	13	58	9266	2229.87845444679	0	0	0	0
HDL	META	AFR	13	60	4951	1597.44265770912	0	0	0	0
HDL	META	AFR	13	61	3187	938.146160840988	0	0	0	0
HDL	META	AFR	13	70	5811	758.83358502388	0	0	0	0
HDL	META	AFR	13	72	4129	1420.10394883156	0	0	0	0
HDL	META	AFR	13	73	5222	1450.68527388573	0	0	0	0
HDL	META	AFR	13	80	1821	447.505383729935	0	0	0	0
HDL	META	AFR	13	82	4810	1478.40345644951	0	0	0	0
HDL	META	AFR	13	88	2032	442.363028049469	0	0	0	0
HDL	META	AFR	13	94	4966	654.766120672226	0	0	0	0
HDL	META	AFR	13	96	2049	533.09486413002	0	0	0	0
HDL	META	AFR	13	111	1534	381.64168381691	0	0	0	0
HDL	META	AFR	13	119	5726	1451.19915175438	0	0	0	0
HDL	META	AFR	13	124	703	120.76297712326	0	0	0	0
HDL	META	AFR	13	125	5107	1441.74422693253	0	0	0	0
HDL	META	AFR	14	1	3681	1221.67199444771	0	0	0	0
HDL	META	AFR	14	6	1628	376.955897569656	0	0	0	0
HDL	META	AFR	14	14	7560	2104.3488881588	0	0	0	0
HDL	META	AFR	14	19	5568	1555.21171832085	0	0	0	0
HDL	META	AFR	14	24	2117	155.960101366043	0	0	0	0
HDL	META	AFR	14	31	7125	2106.53958773613	0	0	0	0
HDL	META	AFR	14	35	7298	1944.67296409607	0	0	0	0
HDL	META	AFR	14	46	3392	1003.91434550285	0	0	0	0
HDL	META	AFR	14	47	6495	1653.68480849266	0	0	0	0
HDL	META	AFR	14	49	2966	362.59659409523	0	0	0	0
HDL	META	AFR	14	64	2640	588.675347089767	0	0	0	0
HDL	META	AFR	14	67	5507	2431.21438002586	0	0	0	0
HDL	META	AFR	14	68	4070	321.084378242493	0	0	0	0
HDL	META	AFR	14	70	6357	2119.74288320541	0	0	0	0
HDL	META	AFR	14	72	8447	2463.03526592255	0	0	0	0
HDL	META	AFR	14	73	3963	937.306114435196	0	0	0	0
HDL	META	AFR	14	80	1208	228.717664718628	0	0	0	0
HDL	META	AFR	14	81	6973	1294.00000762939	0	0	0	0
HDL	META	AFR	14	84	2265	658.279623031616	0	0	0	0
HDL	META	AFR	14	86	3753	949.041160821915	0	0	0	0
HDL	META	AFR	14	93	5597	1168.51968383789	0	0	0	0
HDL	META	AFR	14	95	1797	342.113670825958	0	0	0	0
HDL	META	AFR	14	97	3670	944.827271699905	0	0	0	0
HDL	META	AFR	14	100	5004	737.595270633698	0	0	0	0
HDL	META	AFR	14	103	5635	1835.63137984276	0	0	0	0
HDL	META	AFR	14	117	3859	1532.77081155777	0	0	0	0
HDL	META	AFR	14	121	6099	1577.43903112411	0	0	0	0
HDL	META	AFR	14	122	1291	280.133139610291	0	0	0	0
HDL	META	AFR	14	126	7254	1939.81656193733	0	0	0	0
HDL	META	AFR	14	128	2500	609.840929985046	0	0	0	0
HDL	META	AFR	14	129	3497	313.837954759598	1	1	2	25
HDL	META	AFR	15	4	1267	245.376027822495	0	0	0	0
HDL	META	AFR	15	10	1969	318.928430080414	0	0	0	0
HDL	META	AFR	15	22	6984	1118.68791103363	0	0	0	0
HDL	META	AFR	15	27	2723	728.921013832092	0	0	0	0
HDL	META	AFR	15	28	3900	515.443887233734	0	0	0	0
HDL	META	AFR	15	29	2678	841.566874504089	0	0	0	0
HDL	META	AFR	15	31	8386	1422.23094367981	0	0	0	0
HDL	META	AFR	15	34	1772	445.911443948746	0	0	0	0
HDL	META	AFR	15	35	5081	1613.49937868118	0	0	0	0
HDL	META	AFR	15	37	6827	2799.3461856842	0	0	0	0
HDL	META	AFR	15	38	7949	2703.02216744423	0	0	0	0
HDL	META	AFR	15	39	6074	1929.84027981758	0	0	0	0
HDL	META	AFR	15	40	1537	371.776145458221	0	0	0	0
HDL	META	AFR	15	41	5485	792.907206535339	0	0	0	0
HDL	META	AFR	15	45	11923	4514.79396772385	0	0	0	0
HDL	META	AFR	15	46	3688	884.661817789078	0	0	0	0
HDL	META	AFR	15	48	10588	3271.83562493324	0	0	0	0
HDL	META	AFR	15	50	5316	645.351619005203	0	0	0	0
HDL	META	AFR	15	51	4023	1095.44915485382	0	0	0	0
HDL	META	AFR	15	52	3658	7749.35205698013	2	5	4	8
HDL	META	AFR	15	53	703	527.217888355255	2	4	3	4
HDL	META	AFR	15	54	4253	570.104520082474	0	1	0	0
HDL	META	AFR	15	55	2386	528.494261026382	0	0	0	0
HDL	META	AFR	15	56	4689	1539.45324110985	0	0	0	0
HDL	META	AFR	15	59	8144	3014.92939138412	0	0	0	0
HDL	META	AFR	15	62	10465	2388.85869503021	0	0	0	0
HDL	META	AFR	15	64	3055	827.458076715469	0	0	0	0
HDL	META	AFR	15	66	5837	1857.39052891731	0	0	0	0
HDL	META	AFR	15	70	2086	303.651762485504	0	0	0	0
HDL	META	AFR	15	71	208	24.1289279460907	0	0	0	0
HDL	META	AFR	15	73	2202	210.474117994308	0	0	0	0
HDL	META	AFR	15	76	10163	3023.82347536087	0	0	0	0
HDL	META	AFR	15	79	6460	734.160529613495	0	0	0	0
HDL	META	AFR	15	86	3743	1131.60440611839	0	0	0	0
HDL	META	AFR	15	88	2986	880.059441328049	0	0	0	0
HDL	META	AFR	15	90	3996	865.127645730972	0	0	0	0
HDL	META	AFR	15	98	2132	438.977132797241	0	0	0	0
HDL	META	AFR	15	102	3782	927.951134443283	0	0	0	0
HDL	META	AFR	15	108	1782	396.519926309586	0	0	0	0
HDL	META	AFR	15	111	3124	752.01095032692	0	0	0	0
HDL	META	AFR	15	117	1864	459.242507219315	0	0	0	0
HDL	META	AFR	15	118	1213	251.317900180817	0	0	0	0
HDL	META	AFR	16	2	1052	178.379468679428	0	0	0	0
HDL	META	AFR	16	4	5220	774.245154380798	0	0	0	0
HDL	META	AFR	16	5	2190	541.169206619263	0	0	0	0
HDL	META	AFR	16	7	3725	985.892575502396	0	0	0	0
HDL	META	AFR	16	9	5550	920.438670635223	0	0	0	0
HDL	META	AFR	16	10	2459	639.568125963211	0	0	0	0
HDL	META	AFR	16	30	343	7.9683825969696	0	1	1	7
HDL	META	AFR	16	31	5321	1656.51885271072	0	0	0	0
HDL	META	AFR	16	33	8199	2596.97348856926	0	0	0	0
HDL	META	AFR	16	37	5951	1211.9905898571	0	0	0	0
HDL	META	AFR	16	41	4236	1240.67350101471	0	0	0	0
HDL	META	AFR	16	42	434	62.7806594371796	0	0	0	0
HDL	META	AFR	16	43	4016	862.143461227417	0	0	0	0
HDL	META	AFR	16	47	3295	1052.95054149628	0	0	0	0
HDL	META	AFR	16	49	3132	331.296131849289	0	0	0	0
HDL	META	AFR	16	52	3957	1043.33717179298	0	0	0	0
HDL	META	AFR	16	57	620	91.6254608631134	0	0	0	0
HDL	META	AFR	16	58	3815	1196.28512477875	0	0	0	0
HDL	META	AFR	16	59	4041	1481.89363384247	0	0	0	0
HDL	META	AFR	16	62	3013	964.079350709915	0	0	0	0
HDL	META	AFR	16	65	3094	354.967848300934	0	0	0	0
HDL	META	AFR	16	67	2146	405.299913406372	0	0	0	0
HDL	META	AFR	16	68	3587	1206.66752576828	0	0	0	0
HDL	META	AFR	16	69	2187	403.551977872849	0	0	0	0
HDL	META	AFR	16	73	2781	895.979070901871	0	0	0	0
HDL	META	AFR	16	74	1004	224.058617115021	0	0	0	0
HDL	META	AFR	16	75	5664	27468.3301331997	8	10	9	10
HDL	META	AFR	16	76	3850	11111.8178777695	5	8	8	14
HDL	META	AFR	16	77	1609	331.610803604126	0	0	0	0
HDL	META	AFR	16	79	2718	760.925124645233	0	0	0	0
HDL	META	AFR	16	86	2478	119.662662029266	0	0	0	0
HDL	META	AFR	16	87	553	33.5093739032745	0	1	1	2
HDL	META	AFR	16	88	8803	17182.0320484638	3	5	5	10
HDL	META	AFR	16	89	11565	3336.00455355644	0	1	1	4
HDL	META	AFR	16	91	3190	914.827533721924	0	0	0	0
HDL	META	AFR	16	93	9306	1678.35964035988	0	0	0	0
HDL	META	AFR	16	94	10012	2899.38021421432	0	0	0	0
HDL	META	AFR	16	103	12909	3964.39151525497	0	0	0	0
HDL	META	AFR	16	104	3588	895.571569681168	1	1	1	1
HDL	META	AFR	16	105	2947	897.048890829086	0	0	0	0
HDL	META	AFR	16	106	5921	1467.69165730476	0	0	0	0
HDL	META	AFR	16	107	3443	1030.86166405678	0	0	0	0
HDL	META	AFR	16	111	2899	155.470416784286	0	1	0	0
HDL	META	AFR	16	114	2246	483.536465644836	0	0	0	0
HDL	META	AFR	16	116	2648	676.73828291893	0	0	0	0
HDL	META	AFR	16	125	3187	998.665847539902	0	0	0	0
HDL	META	AFR	16	126	579	69.6255347728729	0	0	0	0
HDL	META	AFR	16	128	11352	3764.31476807594	0	0	0	0
HDL	META	AFR	17	3	3300	1018.73505377769	0	0	0	0
HDL	META	AFR	17	7	2069	466.04004073143	0	0	0	0
HDL	META	AFR	17	9	5594	1505.0805709362	0	0	0	0
HDL	META	AFR	17	14	3034	613.747354745865	0	0	0	0
HDL	META	AFR	17	23	2068	358.033265829086	0	0	0	0
HDL	META	AFR	17	24	3524	935.246061086655	0	0	0	0
HDL	META	AFR	17	25	3873	1057.05573391914	0	0	0	0
HDL	META	AFR	17	30	769	103.114073753357	0	0	0	0
HDL	META	AFR	17	49	2026	468.751000165939	0	0	0	0
HDL	META	AFR	17	51	8800	1815.01863026619	0	0	0	0
HDL	META	AFR	17	55	11023	2744.05084943771	0	0	0	0
HDL	META	AFR	17	66	666	93.9982590675354	0	0	0	0
HDL	META	AFR	17	68	2662	641.207541942596	0	0	0	0
HDL	META	AFR	17	71	4651	242.62529873848	0	0	0	0
HDL	META	AFR	17	72	5584	2011.80403327942	0	0	0	0
HDL	META	AFR	17	73	8597	4619.1481487751	0	3	3	10
HDL	META	AFR	17	74	9254	2604.41122508049	0	0	0	0
HDL	META	AFR	17	75	6938	2122.75384759903	0	0	0	0
HDL	META	AFR	17	76	3427	774.491082429886	0	0	0	0
HDL	META	AFR	17	78	1227	147.255573987961	0	0	0	0
HDL	META	AFR	17	85	5872	1205.61500525475	0	0	0	0
HDL	META	AFR	17	87	2537	507.204906225204	0	0	0	0
HDL	META	AFR	17	90	8637	2579.68534016609	0	0	0	0
HDL	META	AFR	17	93	4782	1650.60680484772	0	0	0	0
HDL	META	AFR	17	94	4431	686.523283243179	0	0	0	0
HDL	META	AFR	17	97	6074	1038.58201670647	0	0	0	0
HDL	META	AFR	17	98	3113	510.597217559814	0	0	0	0
HDL	META	AFR	17	99	570	12.9715628623962	0	1	0	0
HDL	META	AFR	17	100	3940	403.770546913147	0	0	0	0
HDL	META	AFR	17	101	2862	299.31196808815	0	1	0	0
HDL	META	AFR	17	102	2352	536.38013458252	0	0	0	0
HDL	META	AFR	17	103	2214	466.678708791733	0	0	0	0
HDL	META	AFR	17	105	3858	625.616341590881	0	0	0	0
HDL	META	AFR	17	108	591	76.2240526676178	0	0	0	0
HDL	META	AFR	17	109	918	63.8059833049774	0	0	0	0
HDL	META	AFR	17	117	4898	1707.18119072914	0	0	0	0
HDL	META	AFR	17	118	4074	697.810115337372	0	0	0	0
HDL	META	AFR	17	125	5794	206.776176929474	0	0	1	14
HDL	META	AFR	17	133	2408	300.99810552597	0	0	0	0
HDL	META	AFR	18	1	1821	409.918470859528	0	0	0	0
HDL	META	AFR	18	7	3693	1176.03899788857	0	0	0	0
HDL	META	AFR	18	8	3367	722.748748779297	0	0	0	0
HDL	META	AFR	18	27	1579	348.740413665771	0	0	0	0
HDL	META	AFR	18	28	3982	365.804489850998	0	0	0	0
HDL	META	AFR	18	39	7680	2982.41303253174	0	0	0	0
HDL	META	AFR	18	41	11106	1092.83276867867	0	0	0	0
HDL	META	AFR	18	42	6216	1320.38065171242	0	0	0	0
HDL	META	AFR	18	44	4336	1177.62832856178	0	0	0	0
HDL	META	AFR	18	46	5103	1270.42515993118	0	0	0	0
HDL	META	AFR	18	49	7594	2271.76208305359	0	0	0	0
HDL	META	AFR	18	52	4381	1305.87764239311	0	0	0	0
HDL	META	AFR	18	53	5660	1784.79607772827	0	0	0	0
HDL	META	AFR	18	58	5533	1295.93288969994	0	0	0	0
HDL	META	AFR	18	59	7336	2361.89412713051	0	0	0	0
HDL	META	AFR	18	60	6863	1443.18253469467	0	0	0	0
HDL	META	AFR	18	61	5707	1820.01812148094	0	0	0	0
HDL	META	AFR	18	62	6447	1414.76029372215	0	0	0	0
HDL	META	AFR	18	65	5839	1514.42817187309	0	0	0	0
HDL	META	AFR	18	66	1604	281.366960048676	0	0	0	0
HDL	META	AFR	18	67	2434	610.183485507965	0	0	0	0
HDL	META	AFR	18	68	529	37.920872926712	0	0	0	0
HDL	META	AFR	18	69	9487	6248.67135047913	2	5	4	8
HDL	META	AFR	18	73	7242	1830.14251756668	0	0	0	0
HDL	META	AFR	18	74	9050	2651.98161363602	0	0	0	0
HDL	META	AFR	18	76	4817	1471.84882092476	0	0	0	0
HDL	META	AFR	18	79	2014	184.608943462372	0	0	0	0
HDL	META	AFR	18	80	3609	1029.32659029961	0	0	0	0
HDL	META	AFR	18	82	7563	1682.29680681229	0	0	0	0
HDL	META	AFR	18	84	1155	214.921435117722	0	0	0	0
HDL	META	AFR	18	86	201	19.5484972000122	0	0	0	0
HDL	META	AFR	19	5	46	3.09522747993469	0	0	0	0
HDL	META	AFR	19	6	1725	400.893536567688	0	0	0	0
HDL	META	AFR	19	10	1530	287.841325759888	0	0	0	0
HDL	META	AFR	19	11	2020	527.621565580368	0	0	0	0
HDL	META	AFR	19	12	1803	463.559692382812	0	0	0	0
HDL	META	AFR	19	16	725	47.3677906990051	0	0	0	0
HDL	META	AFR	19	19	468	54.581015586853	0	0	0	0
HDL	META	AFR	19	22	3855	981.402611494064	0	0	0	0
HDL	META	AFR	19	25	2792	583.99573636055	0	0	0	0
HDL	META	AFR	19	29	2336	686.437765598297	0	0	0	0
HDL	META	AFR	19	30	2386	505.573971033096	0	0	0	0
HDL	META	AFR	19	32	2916	798.255044698715	0	0	0	0
HDL	META	AFR	19	33	1498	193.099511861801	0	2	0	0
HDL	META	AFR	19	34	1682	344.839121103287	0	0	0	0
HDL	META	AFR	19	37	4780	894.278786182404	0	0	0	0
HDL	META	AFR	19	38	1107	195.043973207474	0	2	2	6
HDL	META	AFR	19	39	6842	1012.61642193794	0	1	0	0
HDL	META	AFR	19	47	3341	886.114353179932	0	0	0	0
HDL	META	AFR	19	50	690	90.6445090770721	0	0	0	0
HDL	META	AFR	19	51	2290	449.196358680725	0	0	0	0
HDL	META	AFR	19	52	2614	774.802842378616	0	0	0	0
HDL	META	AFR	19	57	4671	1166.80687665939	0	0	0	0
HDL	META	AFR	19	58	2547	661.249014377594	0	0	0	0
HDL	META	AFR	19	61	4626	1614.68276262283	0	0	0	0
HDL	META	AFR	19	63	2452	65.480922460556	0	0	0	0
HDL	META	AFR	19	64	7054	2027.61385083199	0	0	0	0
HDL	META	AFR	19	67	11120	2197.71722483635	0	0	0	0
HDL	META	AFR	19	68	2974	814.964888334274	0	0	0	0
HDL	META	AFR	19	70	3916	1024.2017891407	0	0	0	0
HDL	META	AFR	19	71	561	67.1105723381042	0	0	0	0
HDL	META	AFR	19	73	915	133.812137126923	0	0	0	0
HDL	META	AFR	19	74	5797	1554.68526625633	0	0	0	0
HDL	META	AFR	19	75	1278	345.649302482605	2	4	4	8
HDL	META	AFR	19	76	5236	3436.1333463192	1	1	1	1
HDL	META	AFR	19	77	8292	2342.15151405334	0	0	0	0
HDL	META	AFR	19	79	3107	983.214433193207	0	0	0	0
HDL	META	AFR	19	80	1439	295.104454755783	0	0	0	0
HDL	META	AFR	19	81	4035	652.15966796875	0	0	0	0
HDL	META	AFR	19	89	1929	189.244262218475	0	0	0	0
HDL	META	AFR	19	90	4224	937.234334945679	0	0	0	0
HDL	META	AFR	19	93	1615	389.182721853256	0	0	0	0
HDL	META	AFR	19	94	3010	923.985853672028	0	0	0	0
HDL	META	AFR	19	98	1520	288.817277193069	0	1	0	0
HDL	META	AFR	19	104	2449	772.043693065643	0	0	0	0
HDL	META	AFR	19	109	431	59.0680668354034	0	0	0	0
HDL	META	AFR	20	1	1796	467.083131790161	0	0	0	0
HDL	META	AFR	20	2	1863	410.068002939224	0	0	0	0
HDL	META	AFR	20	3	603	93.8530466556549	0	0	0	0
HDL	META	AFR	20	11	1828	374.897891998291	0	0	0	0
HDL	META	AFR	20	22	2515	805.005389451981	0	0	0	0
HDL	META	AFR	20	23	540	72.5162899494171	0	0	0	0
HDL	META	AFR	20	24	480	62.8810098171234	0	0	0	0
HDL	META	AFR	20	29	3165	854.159396648407	0	0	0	0
HDL	META	AFR	20	40	2404	600.219688653946	0	0	0	0
HDL	META	AFR	20	42	7140	775.274124383926	0	0	0	0
HDL	META	AFR	20	48	6795	1717.77597784996	0	0	0	0
HDL	META	AFR	20	54	6439	505.914467811584	0	0	0	0
HDL	META	AFR	20	59	8527	1695.45921730995	0	0	0	0
HDL	META	AFR	20	62	4020	1045.42728710175	0	0	0	0
HDL	META	AFR	20	63	8612	2097.59359169006	0	0	0	0
HDL	META	AFR	20	64	2195	431.980937719345	0	0	0	0
HDL	META	AFR	20	65	4641	1260.47101092339	0	0	0	0
HDL	META	AFR	20	67	3865	494.762587070465	0	0	0	0
HDL	META	AFR	20	68	1778	322.086658716202	0	0	0	0
HDL	META	AFR	20	69	3626	355.202539682388	0	1	0	0
HDL	META	AFR	20	70	2937	783.19905090332	0	0	0	0
HDL	META	AFR	20	71	4333	867.273196458817	0	1	1	8
HDL	META	AFR	20	72	1071	125.383070230484	0	0	0	0
HDL	META	AFR	20	73	4029	503.154319047928	0	0	0	0
HDL	META	AFR	20	74	1900	498.543045520782	0	0	0	0
HDL	META	AFR	20	75	2953	339.213389396667	0	0	0	0
HDL	META	AFR	20	84	4269	1189.71934318542	0	0	0	0
HDL	META	AFR	20	86	3123	975.883703231812	0	0	0	0
HDL	META	AFR	20	93	6113	1407.92456412315	0	0	0	0
HDL	META	AFR	20	99	3516	1031.99591898918	0	0	0	0
HDL	META	AFR	20	114	4745	1208.57759356499	0	0	0	0
HDL	META	AFR	20	115	3350	512.007076263428	0	0	0	0
HDL	META	AFR	21	2	932	141.291608333588	0	0	0	0
HDL	META	AFR	21	3	1610	319.612498283386	0	0	0	0
HDL	META	AFR	21	4	700	105.477053165436	0	0	0	0
HDL	META	AFR	21	30	8395	1119.56654906273	0	0	0	0
HDL	META	AFR	21	37	4923	961.018246173859	0	0	0	0
HDL	META	AFR	21	41	7949	1323.83794236183	0	0	0	0
HDL	META	AFR	21	45	5622	2203.71302962303	0	0	0	0
HDL	META	AFR	21	53	2553	610.541893005371	0	0	0	0
HDL	META	AFR	21	57	2058	373.821517467499	0	0	0	0
HDL	META	AFR	21	62	1119	69.7886111736298	1	1	1	1
HDL	META	AFR	21	63	2499	586.678656816483	0	0	0	0
HDL	META	AFR	21	64	4420	150.895235300064	0	0	1	4
HDL	META	AFR	22	13	2286	303.670869350433	0	1	1	13
HDL	META	AFR	22	14	2369	118.183780908585	0	0	0	0
HDL	META	AFR	22	24	4572	1224.62243008614	0	0	0	0
HDL	META	AFR	22	26	1796	64.6831817626953	0	1	0	0
HDL	META	AFR	22	29	4308	1327.36490726471	0	0	0	0
HDL	META	AFR	22	30	14235	5442.85604977608	0	0	0	0
HDL	META	AFR	22	33	2982	232.849293231964	0	0	0	0
HDL	META	AFR	22	37	3588	472.232323884964	0	0	0	0
HDL	META	AFR	22	43	3662	311.238957881927	0	0	0	0
HDL	META	AFR	22	44	2537	662.318324327469	0	0	0	0
HDL	META	AFR	22	45	3955	1124.04793572426	0	0	0	0
HDL	META	AFR	22	46	8992	1408.52977228165	0	0	0	0
HDL	META	AFR	22	47	4742	1400.08157372475	0	0	0	0
HDL	META	AFR	22	49	787	122.415056705475	0	0	0	0
HDL	META	AFR	22	50	1065	206.104028701782	0	0	0	0
HDL	META	AFR	22	54	2602	463.31632399559	0	0	0	0
HDL	META	AFR	22	59	4685	1518.85616755486	0	0	0	0
HDL	META	AFR	22	62	2473	668.978862047195	0	0	0	0
HDL	META	AFR	22	64	1755	291.476542472839	0	0	0	0
HDL	META	AFR	22	66	2791	620.065171480179	0	0	0	0
HDL	META	AFR	22	70	5019	1342.67463135719	0	0	0	0
