pid	chromosome	block	num_variants	L	time	num_variants_0.95	num_variants_0.5	num_CS95	num_variants_CS95
EAS	1	2	495	5	7.6110942363739	0	0	1	110
EAS	1	5	1109	5	7.11187481880188	0	0	0	0
EAS	1	15	1585	5	5.23121047019958	0	0	0	0
EAS	1	17	2112	5	4.00829291343689	0	0	0	0
EAS	1	32	607	5	7.4858136177063	0	0	0	0
EAS	1	52	1937	5	4.09907531738281	0	0	1	89
EAS	1	53	1944	5	4.06219530105591	0	0	1	47
EAS	1	55	1674	5	5.32165551185608	0	0	0	0
EAS	1	63	2018	5	3.78370594978333	0	0	0	0
EAS	1	68	780	5	8.53542804718018	0	0	0	0
EAS	1	70	1671	5	4.90540862083435	0	0	0	0
EAS	1	72	1426	5	1.69855833053589	0	0	0	0
EAS	1	74	2203	5	4.33186411857605	0	0	1	30
EAS	1	92	1861	5	1.77582669258118	0	0	0	0
EAS	1	100	2396	5	2.57822155952454	0	0	0	0
EAS	1	105	5088	5	21.6376459598541	0	0	0	0
EAS	1	115	1911	5	3.05290555953979	0	0	0	0
EAS	1	117	1292	5	1.57667303085327	0	0	0	0
EAS	1	125	3555	5	4.6021032333374	0	0	0	0
EAS	1	127	1723	5	1.7277147769928	0	0	0	0
EAS	1	128	3033	5	4.09594917297363	0	0	0	0
EAS	1	129	838	5	1.01636934280396	0	0	0	0
EAS	1	141	1174	5	1.31764101982117	0	0	0	0
EAS	1	147	1590	5	1.39618706703186	0	0	0	0
EAS	1	154	3001	5	4.04188227653503	0	0	0	0
EAS	1	156	1629	5	2.32906031608582	0	0	0	0
EAS	1	158	1230	5	4.47992086410522	0	0	0	0
EAS	1	166	845	5	2.51213002204895	0	0	0	0
EAS	1	170	2067	5	2.02312421798706	0	0	0	0
EAS	1	175	3040	5	8.1641001701355	0	0	0	0
EAS	1	183	3491	5	9.38011455535889	0	0	0	0
EAS	1	185	958	5	1.07412958145142	0	0	0	0
EAS	1	186	1833	5	3.17942380905151	0	0	0	0
EAS	1	187	2083	5	2.12348079681396	0	0	0	0
EAS	1	188	3098	5	7.43376803398132	0	0	0	0
EAS	1	192	2704	5	9.71432733535767	0	0	0	0
EAS	1	198	5912	5	66.1148617267609	0	0	0	0
EAS	1	201	2148	5	6.11761856079102	0	0	0	0
EAS	1	204	1784	5	1.93059635162354	0	0	0	0
EAS	1	213	1032	5	1.20086121559143	0	0	0	0
EAS	1	216	2104	5	5.02455234527588	0	0	0	0
EAS	1	226	711	5	1.99331521987915	0	0	0	0
EAS	1	232	2612	5	7.0256621837616	0	0	0	0
EAS	1	239	1141	5	1.19517374038696	0	0	0	0
EAS	1	240	5505	5	37.3279993534088	0	0	0	0
EAS	1	243	1190	5	2.29260420799255	0	0	0	0
EAS	1	252	835	5	2.19028329849243	0	0	0	0
EAS	1	262	1877	5	7.82816076278687	0	0	0	0
EAS	1	263	1738	5	4.7552387714386	0	0	0	0
EAS	1	274	2356	5	4.06708979606628	0	0	0	0
EAS	2	4	908	5	1.046058177948	0	0	0	0
EAS	2	33	2752	5	6.45829629898071	0	0	0	0
EAS	2	38	2061	5	5.35576295852661	0	0	0	0
EAS	2	45	2173	5	4.63592171669006	0	0	0	0
EAS	2	48	1366	5	1.30240917205811	0	0	0	0
EAS	2	49	1765	5	6.21678233146667	0	0	0	0
EAS	2	63	1182	5	3.55443072319031	0	0	0	0
EAS	2	66	3469	5	17.5285036563873	0	0	0	0
EAS	2	79	1521	5	5.80245304107666	0	0	0	0
EAS	2	81	4075	5	30.1805348396301	0	0	0	0
EAS	2	84	5420	5	58.9445056915283	0	0	0	0
EAS	2	85	6065	5	29.990895986557	0	0	1	73
EAS	2	87	752	5	1.69878578186035	0	0	1	37
EAS	2	88	5803	5	65.5382325649261	0	0	0	0
EAS	2	100	942	5	3.066241979599	0	0	0	0
EAS	2	101	1105	5	1.32031273841858	0	0	0	0
EAS	2	105	2888	5	18.1038255691528	0	0	0	0
EAS	2	107	4146	5	20.676717042923	0	0	0	0
EAS	2	108	2975	5	13.4444365501404	0	0	0	0
EAS	2	112	4021	5	25.8861417770386	0	0	0	0
EAS	2	116	2225	5	11.2046222686768	0	0	0	0
EAS	2	145	1274	5	6.02539587020874	0	0	0	0
EAS	2	146	3839	5	22.353542804718	0	0	0	0
EAS	2	147	5828	5	74.3848612308502	0	0	0	0
EAS	2	152	1567	5	7.43165230751038	0	0	0	0
EAS	2	153	2405	5	5.25553822517395	0	0	0	0
EAS	2	154	1410	5	1.06814360618591	0	0	0	0
EAS	2	161	3077	5	7.61896419525146	0	0	0	0
EAS	2	166	5611	5	55.8364522457123	0	0	0	0
EAS	2	171	3004	5	14.4547982215881	0	0	0	0
EAS	2	176	3181	5	22.2048678398132	0	0	0	0
EAS	2	180	1429	5	5.4453706741333	0	0	0	0
EAS	2	186	3370	5	23.6994345188141	0	0	0	0
EAS	2	190	7138	5	98.6661529541016	0	0	0	0
EAS	2	195	6068	5	79.7284326553345	0	0	0	0
EAS	2	196	3000	5	18.1301355361938	0	0	0	0
EAS	2	197	2731	5	10.1687455177307	0	0	1	29
EAS	2	204	1818	5	3.22878217697144	0	0	0	0
EAS	2	205	1240	5	4.59820413589478	0	0	0	0
EAS	2	210	1267	5	2.81854772567749	0	0	0	0
EAS	2	211	2080	5	7.89161658287048	0	0	0	0
EAS	2	213	4096	5	29.4145972728729	0	0	0	0
EAS	2	228	1738	5	6.325523853302	0	0	0	0
EAS	2	232	1407	5	3.91338443756104	0	0	0	0
EAS	2	234	2026	5	7.96206665039062	0	0	0	0
EAS	2	241	1206	5	3.12377572059631	0	0	0	0
EAS	2	247	730	5	3.29506182670593	0	0	0	0
EAS	3	1	6647	5	95.4196271896362	0	0	0	0
EAS	3	22	1123	5	4.42490124702454	0	0	0	0
EAS	3	32	3102	5	18.9757723808289	0	0	0	0
EAS	3	35	2795	5	18.1816096305847	0	0	0	0
EAS	3	37	770	5	2.44352531433105	0	0	0	0
EAS	3	38	1733	5	6.94213318824768	0	0	0	0
EAS	3	39	4010	5	32.4430780410767	0	0	0	0
EAS	3	40	1372	5	7.33416604995728	0	0	0	0
EAS	3	41	2903	5	11.9390320777893	0	0	0	0
EAS	3	42	2343	5	13.1692774295807	0	0	0	0
EAS	3	45	1275	5	4.04603624343872	0	0	0	0
EAS	3	48	2457	5	10.3340730667114	0	0	0	0
EAS	3	49	3859	5	13.9348998069763	0	0	0	0
EAS	3	53	3527	5	18.946781873703	0	0	0	0
EAS	3	55	1038	5	8.76911067962646	0	0	0	0
EAS	3	56	1522	5	6.99654245376587	0	0	0	0
EAS	3	60	3315	5	30.9699363708496	0	0	0	0
EAS	3	61	1604	5	8.98619532585144	0	0	0	0
EAS	3	63	6410	5	104.319953918457	0	0	0	0
EAS	3	74	1427	5	3.61951804161072	0	0	0	0
EAS	3	81	1429	5	3.95579552650452	0	0	0	0
EAS	3	88	2587	5	15.8364827632904	0	0	0	0
EAS	3	89	1553	5	4.18485069274902	0	0	0	0
EAS	3	96	1979	5	6.79708385467529	0	0	0	0
EAS	3	99	5403	5	69.0020005702972	0	0	0	0
EAS	3	101	9875	5	184.215995073318	0	0	1	114
EAS	3	108	1584	5	3.10129380226135	0	0	0	0
EAS	3	109	5267	5	58.7913808822632	0	0	0	0
EAS	3	119	4321	5	41.2367360591888	0	0	0	0
EAS	3	120	1912	5	11.1729159355164	0	0	0	0
EAS	3	131	845	5	5.63800096511841	0	0	0	0
EAS	3	140	2835	5	8.21493005752563	0	0	1	93
EAS	3	165	3344	5	27.9015591144562	0	0	0	0
EAS	3	166	8130	5	135.752028226852	0	0	1	149
EAS	3	182	875	5	2.69916558265686	0	0	0	0
EAS	3	185	940	5	3.93451976776123	0	0	0	0
EAS	3	187	2292	5	14.3031568527222	0	0	1	94
EAS	3	193	2530	5	15.3644580841064	0	0	0	0
EAS	3	195	4404	5	33.223751783371	0	0	0	0
EAS	3	204	3270	5	16.7909893989563	0	0	0	0
EAS	3	216	1153	5	4.66298532485962	0	0	0	0
EAS	4	1	6279	5	69.6405177116394	0	0	0	0
EAS	4	4	1687	5	7.18056631088257	0	0	0	0
EAS	4	33	3433	5	37.1306478977203	0	0	0	0
EAS	4	36	1969	5	8.71551966667175	0	0	0	0
EAS	4	37	1466	5	4.45084357261658	0	0	1	5
EAS	4	43	986	5	6.30353403091431	0	0	0	0
EAS	4	46	2380	5	13.2703976631165	0	0	0	0
EAS	4	48	3137	5	14.200697183609	0	0	0	0
EAS	4	52	3649	5	26.8899688720703	0	0	1	265
EAS	4	54	6294	5	69.5443668365479	0	0	0	0
EAS	4	63	5423	5	39.2711977958679	0	0	0	0
EAS	4	64	4178	5	37.8076033592224	0	0	0	0
EAS	4	66	1688	5	8.7035551071167	0	0	0	0
EAS	4	76	3927	5	40.3162024021149	0	0	0	0
EAS	4	77	5186	5	78.9864575862885	0	0	1	52
EAS	4	91	1528	5	3.67996883392334	0	0	0	0
EAS	4	94	1461	5	8.2526159286499	0	0	0	0
EAS	4	97	1552	5	4.26091408729553	0	0	0	0
EAS	4	101	2671	5	17.2079153060913	0	0	0	0
EAS	4	105	2142	5	12.6218490600586	0	0	0	0
EAS	4	114	2942	5	15.4692282676697	0	0	0	0
EAS	4	115	1526	5	3.66036295890808	0	0	0	0
EAS	4	116	2199	5	10.1104967594147	0	0	0	0
EAS	4	117	2165	5	8.53380584716797	0	0	0	0
EAS	4	125	955	5	4.32048797607422	0	0	0	0
EAS	4	129	3094	5	20.6153559684753	0	0	0	0
EAS	4	146	1557	5	6.64458870887756	0	0	0	0
EAS	4	150	3272	5	10.6987965106964	0	0	0	0
EAS	4	155	2490	5	10.9051458835602	0	0	0	0
EAS	4	160	1092	5	4.23669576644897	0	0	0	0
EAS	4	162	2097	5	8.61627650260925	0	0	0	0
EAS	4	173	2865	5	14.1145315170288	0	0	0	0
EAS	4	175	1791	5	4.66536641120911	0	0	0	0
EAS	4	178	1070	5	7.17582893371582	0	0	0	0
EAS	4	183	3783	5	15.4771199226379	0	0	0	0
EAS	4	187	3058	5	19.1818208694458	0	0	0	0
EAS	4	199	447	5	2.94649076461792	0	0	0	0
EAS	5	17	1254	5	6.48706126213074	0	0	0	0
EAS	5	39	2060	5	10.9930346012115	0	0	0	0
EAS	5	57	2285	5	12.2632532119751	0	0	0	0
EAS	5	61	4918	5	60.4247181415558	0	0	0	0
EAS	5	63	7186	5	124.257824897766	0	0	0	0
EAS	5	71	4219	5	29.1474070549011	0	0	0	0
EAS	5	72	3455	5	21.3396706581116	0	0	0	0
EAS	5	74	4616	5	696.41253900528	0	0	0	0
EAS	5	82	1259	5	4.04264068603516	0	0	0	0
EAS	5	85	3596	5	25.9907915592194	0	0	0	0
EAS	5	102	2988	5	9.50286602973938	0	0	0	0
EAS	5	103	1905	5	4.91776752471924	0	0	0	0
EAS	5	104	2102	5	14.2329928874969	0	0	0	0
EAS	5	105	827	5	2.48358058929443	0	0	0	0
EAS	5	112	6508	5	59.5686378479004	0	0	0	0
EAS	5	114	5737	5	53.146721124649	0	0	0	0
EAS	5	115	588	5	3.62177634239197	0	0	0	0
EAS	5	117	1747	5	3.74476933479309	0	0	1	209
EAS	5	119	2521	5	8.6020712852478	0	0	0	0
EAS	5	127	4126	5	21.8069341182709	0	0	0	0
EAS	5	133	1393	5	6.38400530815125	0	1	0	0
EAS	5	135	2277	5	7.03578853607178	0	0	0	0
EAS	5	144	2810	5	16.6058619022369	0	0	0	0
EAS	5	145	3001	5	21.9574692249298	0	0	0	0
EAS	5	146	2770	5	16.9620888233185	0	0	0	0
EAS	5	152	4103	5	27.9351143836975	0	0	0	0
EAS	5	162	4190	5	35.5244929790497	0	0	0	0
EAS	5	163	1845	5	7.63903856277466	0	0	0	0
EAS	5	166	2038	5	8.46193337440491	0	0	0	0
EAS	5	168	2278	5	6.97114157676697	0	0	0	0
EAS	5	171	4129	5	29.9792520999908	0	0	0	0
EAS	5	177	1469	5	3.99082159996033	0	0	0	0
EAS	5	191	2874	5	10.2500631809235	0	0	0	0
EAS	5	198	946	5	4.18768620491028	0	0	0	0
EAS	6	28	1010	5	4.57448410987854	0	0	0	0
EAS	6	35	613	5	3.50077986717224	0	0	0	0
EAS	6	54	2080	5	12.3233327865601	0	0	0	0
EAS	6	57	1517	5	5.75312185287476	0	0	0	0
EAS	6	58	2263	5	5.67515921592712	0	0	0	0
EAS	6	63	1660	5	10.2231090068817	0	0	0	0
EAS	6	71	8694	5	129.968387365341	0	0	0	0
EAS	6	78	12562	5	278.372677564621	0	0	0	0
EAS	6	80	8101	5	88.8570511341095	0	0	0	0
EAS	6	81	4482	5	45.1791820526123	0	0	0	0
EAS	6	87	3665	5	14.0395040512085	0	0	0	0
EAS	6	88	8005	5	98.3064422607422	0	0	0	0
EAS	6	90	378	5	3.15780115127563	0	0	0	0
EAS	6	94	3962	5	35.6666676998138	0	0	0	0
EAS	6	97	2802	5	9.28082013130188	0	0	0	0
EAS	6	104	3372	5	24.8041441440582	0	0	0	0
EAS	6	106	2069	5	8.40780401229858	0	0	0	0
EAS	6	108	717	5	4.04016280174255	0	0	1	49
EAS	6	112	1893	5	7.33042311668396	0	0	0	0
EAS	6	113	2838	5	16.1829605102539	0	0	0	0
EAS	6	115	4950	5	37.0003883838654	0	0	0	0
EAS	6	116	3481	5	29.5067021846771	0	0	0	0
EAS	6	122	1709	5	4.40612936019897	0	0	0	0
EAS	6	124	2413	5	10.7981662750244	0	0	0	0
EAS	6	144	4578	5	35.7534744739532	0	0	0	0
EAS	6	146	1269	5	4.04819798469543	0	0	0	0
EAS	6	149	4642	5	30.970401763916	0	0	0	0
EAS	6	167	1262	5	6.68694710731506	0	0	0	0
EAS	6	169	4779	5	23.1023626327515	0	1	0	0
EAS	6	173	2739	5	11.4909608364105	0	0	0	0
EAS	6	175	1116	5	2.50817894935608	0	0	0	0
EAS	6	177	3732	5	25.2116179466248	0	0	0	0
EAS	7	5	2270	5	17.160897731781	0	0	0	0
EAS	7	6	917	5	3.20562195777893	0	0	0	0
EAS	7	8	3354	5	18.5050039291382	0	0	0	0
EAS	7	17	924	5	1.88490867614746	0	0	0	0
EAS	7	19	807	5	3.86411905288696	0	0	0	0
EAS	7	37	2730	5	10.4458029270172	0	0	0	0
EAS	7	40	3587	5	24.0418047904968	0	0	0	0
EAS	7	41	2095	5	5.85928344726562	0	0	0	0
EAS	7	66	923	5	2.37801384925842	0	0	0	0
EAS	7	67	5217	5	43.4321668148041	0	0	0	0
EAS	7	68	2319	5	11.9811432361603	0	0	0	0
EAS	7	81	2903	5	19.6276748180389	0	0	0	0
EAS	7	83	2116	5	12.1458773612976	0	0	1	60
EAS	7	85	2441	5	7.01761341094971	0	0	0	0
EAS	7	92	2847	5	17.3574936389923	0	0	0	0
EAS	7	97	2211	5	4.87692284584045	0	0	0	0
EAS	7	98	4256	5	37.6938495635986	0	0	0	0
EAS	7	99	4009	5	30.9277579784393	0	0	0	0
EAS	7	111	2673	5	5.48313117027283	0	0	0	0
EAS	7	114	4961	5	29.0109281539917	0	0	1	56
EAS	7	119	1426	5	2.82318711280823	0	0	1	15
EAS	7	122	2481	5	5.47560119628906	0	0	0	0
EAS	7	124	2266	5	13.1165246963501	0	0	1	234
EAS	7	131	5831	5	46.0990107059479	0	0	0	0
EAS	7	132	6137	5	47.4830050468445	0	0	0	0
EAS	7	135	616	5	3.69343757629395	0	0	0	0
EAS	7	138	3802	5	12.998594045639	0	0	0	0
EAS	7	141	2560	5	14.287722826004	0	0	0	0
EAS	7	145	1436	5	3.37526154518127	0	0	0	0
EAS	7	148	1127	5	2.83054757118225	0	0	0	0
EAS	7	170	524	5	1.97309494018555	0	0	0	0
EAS	7	185	1244	5	3.82898235321045	0	0	0	0
EAS	8	2	2726	5	6.9430079460144	0	0	0	0
EAS	8	4	741	5	2.54173684120178	0	0	0	0
EAS	8	7	983	5	3.05239319801331	0	0	0	0
EAS	8	11	3181	5	12.1628637313843	0	0	0	0
EAS	8	19	861	5	2.80309915542603	0	0	1	49
EAS	8	24	4093	5	31.104896068573	0	0	0	0
EAS	8	27	1387	5	4.68745613098145	0	0	0	0
EAS	8	29	4117	5	33.3423688411713	0	0	0	0
EAS	8	40	2107	5	4.53147029876709	0	0	0	0
EAS	8	42	2738	5	6.80760955810547	0	0	1	17
EAS	8	43	3037	5	18.3729104995728	0	0	0	0
EAS	8	49	1714	5	5.29181265830994	0	0	0	0
EAS	8	51	3769	5	26.8322198390961	0	0	0	0
EAS	8	55	1175	5	6.87177205085754	0	0	0	0
EAS	8	57	1763	5	3.82646489143372	0	0	0	0
EAS	8	65	1454	5	5.11323070526123	0	0	0	0
EAS	8	67	2714	5	13.399078130722	0	0	0	0
EAS	8	69	4360	5	18.8032827377319	0	0	0	0
EAS	8	71	2568	5	17.5079963207245	0	0	1	68
EAS	8	74	1499	5	3.08829760551453	0	0	0	0
EAS	8	92	3007	5	8.01933550834656	0	0	0	0
EAS	8	106	2144	5	4.74932980537415	0	0	0	0
EAS	8	107	819	5	2.15276026725769	0	0	0	0
EAS	8	108	4380	5	23.05446434021	0	0	0	0
EAS	8	110	4364	5	33.5214450359344	0	0	0	0
EAS	8	111	5491	5	47.4023141860962	0	0	0	0
EAS	8	113	1611	5	6.73047876358032	0	0	0	0
EAS	8	135	1823	5	3.15615057945251	0	0	0	0
EAS	8	158	2765	5	6.00004434585571	0	0	0	0
EAS	8	159	1175	5	3.7447817325592	0	0	0	0
EAS	9	14	1341	5	2.62715268135071	0	0	0	0
EAS	9	27	3865	5	14.6763989925385	0	0	0	0
EAS	9	28	1281	5	3.45028710365295	0	0	0	0
EAS	9	38	2518	5	8.01680111885071	0	0	0	0
EAS	9	39	990	5	2.25566387176514	0	1	0	0
EAS	9	40	2750	5	10.041618347168	0	0	0	0
EAS	9	41	222	5	2.29714107513428	0	0	0	0
EAS	9	42	1506	5	7.38297367095947	0	0	0	0
EAS	9	44	455	5	2.64938139915466	0	0	0	0
EAS	9	45	3027	5	13.0549573898315	0	0	0	0
EAS	9	50	4052	5	28.2612280845642	0	0	0	0
EAS	9	53	3445	5	12.9339914321899	0	0	0	0
EAS	9	54	1365	5	5.86646890640259	0	0	0	0
EAS	9	56	2749	5	13.6002712249756	0	0	0	0
EAS	9	68	264	5	2.02601170539856	0	0	0	0
EAS	9	78	700	5	2.92354226112366	0	0	0	0
EAS	9	80	4201	5	35.6337659358978	0	0	0	0
EAS	9	81	276	5	2.24760556221008	0	0	0	0
EAS	9	83	1572	5	3.95849657058716	0	0	0	0
EAS	9	99	2046	5	3.69320368766785	0	0	0	0
EAS	9	103	703	5	2.69218397140503	0	0	0	0
EAS	9	115	3120	5	11.1058068275452	0	0	0	0
EAS	9	119	2004	5	5.42491126060486	0	0	0	0
EAS	9	140	4383	5	25.7085597515106	0	0	0	0
EAS	9	146	576	5	2.0024139881134	0	0	0	0
EAS	9	158	125	5	2.24112701416016	0	0	0	0
EAS	10	1	1850	5	5.6804940700531	0	0	0	0
EAS	10	4	3549	5	17.4483425617218	0	0	0	0
EAS	10	8	852	5	2.45546627044678	0	0	0	0
EAS	10	9	243	5	4.56925797462463	0	0	0	0
EAS	10	24	861	5	2.28665280342102	0	0	0	0
EAS	10	28	1072	5	2.66193175315857	0	0	0	0
EAS	10	45	2700	5	10.9843761920929	0	0	0	0
EAS	10	48	1904	5	5.29770708084106	0	0	0	0
EAS	10	49	1851	5	3.75168752670288	0	0	0	0
EAS	10	60	3545	5	20.6901152133942	0	0	0	0
EAS	10	61	993	5	3.00666761398315	0	0	0	0
EAS	10	73	1783	5	4.62601280212402	0	0	0	0
EAS	10	80	2680	5	6.37172603607178	0	0	0	0
EAS	10	81	2981	5	9.58280897140503	0	0	0	0
EAS	10	82	3749	5	11.5210018157959	0	0	0	0
EAS	10	90	121	5	1.75455021858215	0	0	0	0
EAS	10	96	1532	5	6.07356953620911	0	0	0	0
EAS	10	109	2216	5	8.1645359992981	0	0	0	0
EAS	10	113	2195	5	7.54428124427795	0	0	0	0
EAS	10	114	1582	5	4.17373108863831	0	0	0	0
EAS	10	129	3579	5	21.5498526096344	0	0	1	12
EAS	10	131	2735	5	8.40336942672729	0	0	0	0
EAS	10	153	1917	5	7.07094264030457	0	0	0	0
EAS	10	154	3926	5	17.0407350063324	0	0	0	0
EAS	10	162	1370	5	5.01263165473938	0	0	0	0
EAS	11	3	1453	5	2.718181848526	0	0	0	0
EAS	11	31	1446	5	2.85573530197144	0	0	0	0
EAS	11	35	1017	5	2.44449210166931	0	0	0	0
EAS	11	48	2148	5	11.196019411087	0	0	0	0
EAS	11	52	1196	5	2.97570133209229	0	0	0	0
EAS	11	53	2542	5	8.24313974380493	0	0	0	0
EAS	11	54	2097	5	9.9430878162384	0	0	0	0
EAS	11	78	1366	5	6.10967183113098	0	0	0	0
EAS	11	79	3451	5	17.4547843933105	0	0	0	0
EAS	11	96	4763	5	25.0894849300385	0	0	0	0
EAS	11	97	1272	5	2.83381319046021	0	0	0	0
EAS	11	117	4272	5	32.3836226463318	0	0	0	0
EAS	11	120	600	5	2.83942794799805	0	0	0	0
EAS	11	124	2248	5	6.87366676330566	0	0	0	0
EAS	11	125	1391	5	4.84428215026855	0	0	0	0
EAS	11	130	938	5	2.09133100509644	0	0	0	0
EAS	11	144	303	5	2.09037399291992	0	0	0	0
EAS	11	145	3131	5	19.4306871891022	0	0	0	0
EAS	11	146	280	5	2.76867008209229	0	0	0	0
EAS	11	148	1105	5	3.57946610450745	0	0	0	0
EAS	11	151	1255	5	3.27635836601257	0	1	0	0
EAS	11	155	1122	5	3.26848816871643	0	0	0	0
EAS	11	159	2266	5	7.47687482833862	0	0	1	39
EAS	11	162	1176	5	4.49595785140991	0	0	0	0
EAS	11	163	342	5	3.54536557197571	0	0	0	0
EAS	11	164	794	5	3.40117263793945	0	0	0	0
EAS	12	6	375	5	2.12153077125549	0	0	0	0
EAS	12	7	928	5	3.07068133354187	0	0	0	0
EAS	12	13	1109	5	5.42658185958862	0	0	0	0
EAS	12	32	1726	5	5.69628000259399	0	0	0	0
EAS	12	33	2021	5	8.57425713539124	0	0	0	0
EAS	12	44	889	5	2.65998888015747	0	0	0	0
EAS	12	52	4205	5	21.4053461551666	0	0	1	14
EAS	12	55	10630	5	152.637635469437	0	0	0	0
EAS	12	63	2436	5	6.68962168693542	0	0	0	0
EAS	12	67	1132	5	3.05625081062317	0	0	0	0
EAS	12	71	2688	5	10.729364156723	0	0	0	0
EAS	12	75	332	5	2.60210347175598	0	0	0	0
EAS	12	77	1420	5	6.16102504730225	0	0	0	0
EAS	12	82	2450	5	10.0350255966187	0	0	0	0
EAS	12	83	5337	5	34.5445795059204	0	0	0	0
EAS	12	87	1186	5	3.48405361175537	0	0	0	0
EAS	12	88	2242	5	8.11986088752747	0	0	0	0
EAS	12	95	4380	5	30.2172479629517	0	0	0	0
EAS	12	97	3698	5	10.0430116653442	0	0	1	3
EAS	12	98	1230	5	3.5594642162323	0	0	0	0
EAS	12	104	2511	5	10.1030859947205	0	0	0	0
EAS	12	109	1014	5	2.58352971076965	0	0	0	0
EAS	12	114	1844	5	4.69442367553711	0	0	0	0
EAS	12	115	1691	5	3.55851340293884	0	0	0	0
EAS	12	119	3948	5	14.3397724628448	0	0	0	0
EAS	12	122	2639	5	7.03964138031006	0	0	0	0
EAS	12	132	1804	5	3.66398787498474	0	0	0	0
EAS	12	136	1825	5	3.6756546497345	0	0	0	0
EAS	12	138	3399	5	14.4895422458649	0	0	0	0
EAS	12	139	4368	5	36.204327583313	0	0	1	181
EAS	12	144	1049	5	2.45335531234741	0	0	0	0
EAS	13	21	2022	5	9.83991551399231	0	0	0	0
EAS	13	24	1739	5	5.84711694717407	0	0	1	19
EAS	13	28	694	5	2.65140342712402	0	0	0	0
EAS	13	35	2070	5	6.91943287849426	0	0	0	0
EAS	13	37	1194	5	2.97889733314514	0	0	0	0
EAS	13	40	2021	5	5.05634164810181	0	0	0	0
EAS	13	43	1835	5	11.6147494316101	0	0	0	0
EAS	13	50	3837	5	17.3294115066528	0	0	0	0
EAS	13	53	2132	5	4.89151430130005	0	0	0	0
EAS	13	54	9859	5	1971.2227268219	0	0	2	303
EAS	13	59	6947	5	58.9631626605988	0	0	0	0
EAS	13	64	1019	5	2.11768674850464	0	0	0	0
EAS	13	72	1689	5	5.35519289970398	0	0	0	0
EAS	13	82	2414	5	5.7308828830719	0	0	0	0
EAS	13	87	4397	5	29.9827938079834	0	0	0	0
EAS	13	93	1311	5	3.35687017440796	0	0	0	0
EAS	13	113	1748	5	3.44970870018005	0	0	0	0
EAS	13	119	2065	5	7.27431750297546	0	0	0	0
EAS	13	125	2400	5	8.63553524017334	0	0	0	0
EAS	14	2	418	5	1.57126355171204	0	0	0	0
EAS	14	19	2131	5	11.5769929885864	0	0	0	0
EAS	14	20	1326	5	4.95255208015442	0	0	0	0
EAS	14	24	882	5	2.45795774459839	0	0	0	0
EAS	14	26	744	5	3.02967190742493	0	0	0	0
EAS	14	29	550	5	1.7361900806427	0	0	0	0
EAS	14	31	2927	5	10.9405589103699	0	0	0	0
EAS	14	40	4260	5	19.5448296070099	0	0	0	0
EAS	14	44	1736	5	4.41930842399597	0	0	0	0
EAS	14	51	2273	5	6.51311707496643	0	0	0	0
EAS	14	57	4457	5	30.853670835495	0	0	0	0
EAS	14	65	2647	5	6.45893406867981	0	0	0	0
EAS	14	68	1570	5	6.25417494773865	0	0	0	0
EAS	14	70	2828	5	13.2954308986664	0	0	0	0
EAS	14	73	1371	5	2.85319137573242	0	0	0	0
EAS	14	76	1560	5	4.78367042541504	0	0	0	0
EAS	14	90	2471	5	7.93126940727234	0	0	0	0
EAS	14	94	1514	5	3.91218376159668	0	0	0	0
EAS	14	120	655	5	1.84976124763489	0	0	0	0
EAS	14	127	1984	5	3.78447246551514	0	0	0	0
EAS	15	13	508	5	4.17108058929443	0	0	0	0
EAS	15	27	1064	5	2.83472561836243	0	0	0	0
EAS	15	31	3468	5	8.29520916938782	0	0	0	0
EAS	15	36	65	5	2.56594610214233	0	0	0	0
EAS	15	37	2464	5	10.0126302242279	0	0	0	0
EAS	15	38	3886	5	21.0851008892059	0	0	0	0
EAS	15	44	1729	5	6.82172298431396	0	0	0	0
EAS	15	45	5627	5	31.431641340255698	0	0	0	0
EAS	15	47	2130	5	6.25277662277222	0	0	0	0
EAS	15	54	1550	5	3.09103178977966	0	0	0	0
EAS	15	59	3086	5	14.4998285770416	0	0	0	0
EAS	15	66	2649	5	15.2431218624115	0	0	0	0
EAS	15	72	747	5	3.70983481407166	0	0	0	0
EAS	15	75	11429	5	242.691744089127	0	0	0	0
EAS	15	76	4562	5	32.0343418121338	0	0	0	0
EAS	15	78	10537	5	213.679197788239	0	0	0	0
EAS	15	79	2189	5	6.56046628952026	0	0	0	0
EAS	15	82	1248	5	5.14130592346191	0	0	0	0
EAS	15	86	1015	5	5.10139656066895	0	0	0	0
EAS	15	90	1355	5	3.44341969490051	0	0	0	0
EAS	15	102	1686	5	5.72555899620056	0	0	0	0
EAS	15	107	744	5	2.60393404960632	0	0	0	0
EAS	16	9	1329	5	8.39141201972961	0	0	0	0
EAS	16	17	774	5	2.99319362640381	0	0	0	0
EAS	16	18	2293	5	5.68586182594299	0	0	0	0
EAS	16	19	2108	5	7.33252048492432	0	0	0	0
EAS	16	21	1476	5	3.17171263694763	0	0	0	0
EAS	16	26	1729	5	4.43116068840027	0	0	0	0
EAS	16	36	2128	5	9.66212248802185	0	0	0	0
EAS	16	41	1766	5	2.78480172157288	0	0	0	0
EAS	16	47	1087	5	2.97298574447632	0	0	0	0
EAS	16	59	759	5	2.39513969421387	0	0	0	0
EAS	16	63	1787	5	6.02511739730835	0	0	0	0
EAS	16	79	1634	5	3.89868903160095	0	0	0	0
EAS	16	84	741	5	3.36540627479553	0	0	0	0
EAS	16	85	3631	5	15.9811120033264	0	0	1	111
EAS	16	88	3124	5	14.2223188877106	0	0	0	0
EAS	16	89	4363	5	31.5319716930389	0	0	0	0
EAS	16	106	2076	5	4.21629309654236	0	0	0	0
EAS	16	128	3038	5	14.8437066078186	0	0	0	0
EAS	17	7	672	5	2.49953007698059	0	0	0	0
EAS	17	9	2024	5	7.5349428653717	0	0	0	0
EAS	17	17	2514	5	10.018728017807	0	0	0	0
EAS	17	40	1582	5	3.28652358055115	0	0	0	0
EAS	17	51	3108	5	10.60133934021	0	0	0	0
EAS	17	53	2732	5	8.88993573188782	0	0	0	0
EAS	17	55	3300	5	11.8181264400482	0	0	0	0
EAS	17	56	1086	5	2.53394031524658	0	0	0	0
EAS	17	66	166	5	2.81449484825134	0	0	0	0
EAS	17	71	1363	5	3.99615240097046	0	0	0	0
EAS	17	74	2435	5	9.84488034248352	0	0	0	0
EAS	17	75	3358	5	10.8462846279144	0	0	0	0
EAS	17	88	597	5	3.24061846733093	0	0	0	0
EAS	17	90	3018	5	11.5921547412872	0	0	0	0
EAS	17	94	1356	5	2.63446664810181	0	0	0	0
EAS	17	99	153	5	2.88934183120728	0	0	0	0
EAS	17	100	1374	5	6.36209273338318	0	0	0	0
EAS	17	118	1270	5	5.17593836784363	0	0	0	0
EAS	17	130	1283	5	4.27555274963379	0	0	0	0
EAS	17	132	588	5	1.96496987342834	0	0	0	0
EAS	18	16	915	5	2.05738234519958	0	0	0	0
EAS	18	23	567	5	2.54874873161316	0	0	0	0
EAS	18	46	1805	5	7.28375506401062	0	0	0	0
EAS	18	49	3194	5	14.0801682472229	0	0	0	0
EAS	18	50	2957	5	11.804780960083	0	0	0	0
EAS	18	73	3533	5	15.0040862560272	0	0	0	0
EAS	18	74	3818	5	19.5761654376984	0	0	0	0
EAS	18	75	713	5	2.92174816131592	0	0	0	0
EAS	18	88	1963	5	3.27207541465759	0	0	0	0
EAS	18	98	1310	5	5.01218557357788	0	0	0	0
EAS	18	102	745	5	4.28382682800293	0	0	0	0
EAS	18	120	1569	5	3.14607000350952	0	0	0	0
EAS	19	22	936	5	3.61365842819214	0	0	0	0
EAS	19	25	934	5	3.65361595153809	0	0	0	0
EAS	19	32	868	5	2.84046792984009	0	0	1	45
EAS	19	38	381	5	3.18476343154907	0	0	0	0
EAS	19	39	2266	5	9.33336234092712	0	0	0	0
EAS	19	52	859	5	2.39096808433533	0	0	0	0
EAS	19	53	2140	5	5.56717824935913	0	0	0	0
EAS	19	57	2184	5	8.45950508117676	0	0	1	7
EAS	19	59	105	5	1.81264877319336	0	0	0	0
EAS	19	62	2777	5	8.67087697982788	0	0	0	0
EAS	19	63	857	5	3.20103025436401	0	0	1	42
EAS	19	67	5919	5	30.7734248638153	0	0	0	0
EAS	19	80	335	5	2.32071256637573	0	0	0	0
EAS	19	81	1173	5	3.7387418746948198	0	0	0	0
EAS	19	83	568	5	2.05895662307739	0	0	0	0
EAS	19	103	421	5	2.20346784591675	0	0	0	0
EAS	19	108	532	5	3.23873066902161	0	0	0	0
EAS	19	111	1033	5	2.19862461090088	0	0	0	0
EAS	20	7	1011	5	2.6977641582489	0	0	0	0
EAS	20	9	681	5	1.58640384674072	0	0	0	0
EAS	20	47	1868	5	5.73740911483765	0	0	1	20
EAS	20	53	560	5	3.52157521247864	0	0	0	0
EAS	20	61	4407	5	13.8720831871033	0	0	0	0
EAS	20	63	3342	5	15.2765076160431	0	0	0	0
EAS	20	66	1903	5	5.71120858192444	0	0	0	0
EAS	20	67	1069	5	4.28929901123047	0	0	0	0
EAS	20	70	1275	5	5.61664485931396	0	0	0	0
EAS	20	71	2112	5	6.80239033699036	0	0	0	0
EAS	20	77	2215	5	6.91283106803894	0	0	0	0
EAS	20	80	90	5	1.77610421180725	0	0	0	0
EAS	20	96	1057	5	4.50736498832703	0	0	0	0
EAS	20	114	1327	5	5.29426240921021	0	0	0	0
EAS	21	2	375	5	3.67475986480713	0	0	0	0
EAS	21	16	1334	5	3.46319890022278	0	0	0	0
EAS	21	21	486	5	3.27204513549805	0	0	0	0
EAS	21	37	1496	5	4.6023108959198	0	0	0	0
EAS	21	64	1494	5	3.12132453918457	0	0	0	0
EAS	22	9	1121	5	5.69571018218994	0	0	0	0
EAS	22	13	784	5	2.48696088790894	0	0	0	0
EAS	22	24	2016	5	10.6801578998566	0	0	0	0
EAS	22	29	1673	5	3.56654000282288	0	0	0	0
EAS	22	32	1174	5	3.37567400932312	0	0	0	0
EAS	22	44	897	5	8.21291279792786	0	0	0	0
EAS	22	45	1100	5	2.97525715827942	0	0	0	0
EAS	22	46	3593	5	12.5692682266235	0	0	0	0
EAS	22	54	1181	5	2.71525382995605	0	0	0	0
EAS	22	57	107	5	1.33236241340637	0	0	0	0
EAS	22	61	684	5	2.24844861030579	0	0	0	0
EAS	22	69	1143	5	2.53388547897339	0	0	0	0
