pheno	db	pid	chromosome	block	num_variants	time	num_variants_0.95	num_variants_0.5	num_CS95	num_variants_CS95
TC	META	EUR	1	1	487	59.8247873783112	0	0	1	29
TC	META	EUR	1	2	817	172.864975452423	0	0	1	18
TC	META	EUR	1	4	1278	81.3286209106445	0	0	1	14
TC	META	EUR	1	17	3414	717.476646900177	0	0	0	0
TC	META	EUR	1	19	2752	1647.4003303051	0	0	1	3
TC	META	EUR	1	35	3204	2664.32674074173	1	2	2	3
TC	META	EUR	1	40	1313	86.4900949001312	0	0	1	10
TC	META	EUR	1	48	1269	1932.12241196632	0	1	4	31
TC	META	EUR	1	49	1109	82.6362934112549	0	1	1	4
TC	META	EUR	1	51	1273	244.045260429382	0	0	2	19
TC	META	EUR	1	52	3254	5597.29721236229	1	1	3	81
TC	META	EUR	1	53	3076	3086.37608981133	0	0	1	5
TC	META	EUR	1	58	3265	721.0257127285	0	0	1	2
TC	META	EUR	1	67	2527	285.793183088303	0	0	0	0
TC	META	EUR	1	70	2602	730.527780056	0	1	1	18
TC	META	EUR	1	73	3361	590.247477769852	0	1	0	0
TC	META	EUR	1	74	3114	796.438411235809	0	0	0	0
TC	META	EUR	1	75	4126	6207.10392427444	1	1	2	5
TC	META	EUR	1	76	1936	465.028169155121	0	0	0	0
TC	META	EUR	1	80	1234	298.516443729401	0	0	0	0
TC	META	EUR	1	81	920	130.51579785347	0	0	0	0
TC	META	EUR	1	82	2023	257.832648038864	0	0	0	0
TC	META	EUR	1	83	2438	15416.8870971203	7	9	10	19
TC	META	EUR	1	84	3672	3750.5693192482	9	11	11	13
TC	META	EUR	1	85	1292	511.452906131744	1	1	1	1
TC	META	EUR	1	89	2038	545.25381231308	0	0	0	0
TC	META	EUR	1	92	2655	855.174627542496	0	0	0	0
TC	META	EUR	1	94	684	520.675635576248	0	1	2	18
TC	META	EUR	1	95	459	51.0813307762146	0	0	0	0
TC	META	EUR	1	96	2312	1221.70250439644	1	3	3	8
TC	META	EUR	1	97	2843	2908.60612678528	1	2	3	12
TC	META	EUR	1	100	2251	50.2160851955414	0	0	1	3
TC	META	EUR	1	109	3087	533.765633821487	0	0	1	54
TC	META	EUR	1	124	3866	326.782316446304	0	0	1	6
TC	META	EUR	1	125	4583	20750.6235506535	1	2	5	161
TC	META	EUR	1	127	2212	218.256126403809	0	0	1	20
TC	META	EUR	1	136	2633	256.008081436157	0	0	1	21
TC	META	EUR	1	138	3564	2119.66026854515	2	3	3	4
TC	META	EUR	1	139	911	1489.03590941429	1	3	2	10
TC	META	EUR	1	140	1281	93.4981918334961	0	1	0	0
TC	META	EUR	1	141	1533	130.924215316772	0	0	1	3
TC	META	EUR	1	144	1795	106.91090798378	0	0	1	21
TC	META	EUR	1	145	1771	175.732150793076	0	0	1	15
TC	META	EUR	1	150	2708	636.302845478058	0	1	1	15
TC	META	EUR	1	151	3424	1097.11224579811	0	0	1	7
TC	META	EUR	1	153	2557	1108.12659549713	1	1	1	1
TC	META	EUR	1	154	4061	4355.60910105705	0	1	3	14
TC	META	EUR	1	156	2524	115.216535568237	0	1	1	2
TC	META	EUR	1	158	2671	687.421163320541	0	1	1	4
TC	META	EUR	1	162	2204	377.785679578781	0	0	1	22
TC	META	EUR	1	168	3038	1413.71390604973	0	3	3	10
TC	META	EUR	1	169	4240	528.637547254562	0	0	1	7
TC	META	EUR	1	175	4071	84.889173746109	0	1	1	2
TC	META	EUR	1	182	3641	463.560348987579	0	0	0	0
TC	META	EUR	1	183	3828	776.019527435303	0	0	1	54
TC	META	EUR	1	185	1213	89.4948422908783	0	0	0	0
TC	META	EUR	1	187	2613	602.588737249374	0	0	1	21
TC	META	EUR	1	188	2952	288.520035028458	0	0	0	0
TC	META	EUR	1	192	2847	611.245018005371	0	0	1	27
TC	META	EUR	1	201	2970	644.785625934601	0	0	2	20
TC	META	EUR	1	202	2943	1475.25710344315	1	2	3	24
TC	META	EUR	1	205	1086	160.836766719818	0	0	0	0
TC	META	EUR	1	209	808	65.6601853370667	0	0	1	23
TC	META	EUR	1	213	1586	176.737731456757	0	0	1	19
TC	META	EUR	1	221	2542	190.978574752808	0	0	0	0
TC	META	EUR	1	223	3229	75.751941204071	0	0	1	27
TC	META	EUR	1	224	1809	236.545359611511	0	0	1	18
TC	META	EUR	1	226	1309	929.578241586685	1	1	3	31
TC	META	EUR	1	229	2698	333.46895813942	0	0	0	0
TC	META	EUR	1	233	3515	434.763018846512	0	0	0	0
TC	META	EUR	1	234	4055	1408.49027299881	1	2	2	4
TC	META	EUR	1	235	2651	168.200334787369	0	1	0	0
TC	META	EUR	1	238	5158	2511.93429064751	0	1	2	21
TC	META	EUR	1	239	1426	195.688217401505	0	0	1	7
TC	META	EUR	1	240	5361	1625.49098229408	0	0	0	0
TC	META	EUR	1	252	1301	2849.83513474464	1	6	6	18
TC	META	EUR	1	253	596	607.93331861496	1	5	2	3
TC	META	EUR	1	254	2267	138.062923431396	0	0	1	5
TC	META	EUR	1	255	1274	17.7833490371704	0	0	1	6
TC	META	EUR	1	257	1482	196.999137163162	0	0	1	54
TC	META	EUR	1	280	5237	647.272653102875	0	0	0	0
TC	META	EUR	1	281	3201	421.183732271194	0	0	0	0
TC	META	EUR	2	6	1496	59.2446637153625	0	1	1	2
TC	META	EUR	2	21	968	148.307683706284	0	1	2	12
TC	META	EUR	2	31	865	91.2634425163269	0	0	1	50
TC	META	EUR	2	32	1090	220.364419937134	0	0	0	0
TC	META	EUR	2	37	1332	286.964710712433	0	0	0	0
TC	META	EUR	2	38	2833	543.974566221237	0	0	1	20
TC	META	EUR	2	39	1234	238.438921928406	0	0	0	0
TC	META	EUR	2	40	3939	620.478265523911	0	0	0	0
TC	META	EUR	2	41	1769	348.901269197464	2	2	2	2
TC	META	EUR	2	42	198	25.6894669532776	0	3	1	5
TC	META	EUR	2	43	405	1709.39183735847	6	10	7	9
TC	META	EUR	2	44	1714	3006.62475562096	7	10	11	18
TC	META	EUR	2	45	3394	18007.7812309265	7	11	8	10
TC	META	EUR	2	46	1614	360.194146156311	0	0	0	0
TC	META	EUR	2	47	4094	1422.64422035217	0	0	0	0
TC	META	EUR	2	48	2465	5958.82359600067	3	3	4	36
TC	META	EUR	2	49	3520	9080.79921317101	1	5	5	24
TC	META	EUR	2	50	2237	459.866125583649	0	1	1	13
TC	META	EUR	2	51	2763	892.241943836212	0	0	0	0
TC	META	EUR	2	53	1815	70.2658801078796	0	0	0	0
TC	META	EUR	2	55	6393	1386.87721633911	1	1	1	1
TC	META	EUR	2	56	276	22.410968542099	0	0	0	0
TC	META	EUR	2	66	5578	544.873190402985	0	0	1	30
TC	META	EUR	2	69	3047	741.944741725922	0	2	2	8
TC	META	EUR	2	71	2396	12809.0476367474	6	9	10	15
TC	META	EUR	2	72	4122	22512.3331825733	7	10	10	15
TC	META	EUR	2	74	1450	270.667836904526	1	1	1	1
TC	META	EUR	2	75	1982	65.7588069438934	0	1	1	3
TC	META	EUR	2	77	1755	196.309581041336	0	0	0	0
TC	META	EUR	2	84	8339	835.59842634201	0	0	0	0
TC	META	EUR	2	88	9981	49726.1145832539	0	3	4	47
TC	META	EUR	2	89	2308	158.288269519806	0	0	1	12
TC	META	EUR	2	97	3007	139.241081237793	0	0	1	12
TC	META	EUR	2	99	2045	65.7920179367065	0	1	1	9
TC	META	EUR	2	100	2610	496.66943526268	0	0	1	125
TC	META	EUR	2	102	1717	511.087660312653	0	0	0	0
TC	META	EUR	2	107	4389	805.082251310349	0	1	1	22
TC	META	EUR	2	115	4158	428.214851856232	0	0	1	3
TC	META	EUR	2	121	4054	300.328700304031	0	0	1	13
TC	META	EUR	2	122	1869	429.880195140839	0	1	1	3
TC	META	EUR	2	124	2997	512.632562160492	0	1	1	7
TC	META	EUR	2	125	2511	273.486970663071	0	0	1	20
TC	META	EUR	2	127	5795	393.217578649521	0	1	1	2
TC	META	EUR	2	128	4842	1731.6692636013	1	2	2	4
TC	META	EUR	2	130	671	40.861296415329	0	0	1	8
TC	META	EUR	2	131	135	21.2164783477783	1	1	1	1
TC	META	EUR	2	138	4226	2256.46049904823	0	0	1	87
TC	META	EUR	2	146	3055	11903.0246806145	0	1	3	14
TC	META	EUR	2	147	5932	1305.91040086746	0	0	1	3
TC	META	EUR	2	152	2501	648.753242969513	1	1	1	1
TC	META	EUR	2	153	3956	627.650871038437	0	0	0	0
TC	META	EUR	2	155	2390	301.930866241455	0	1	0	0
TC	META	EUR	2	162	1338	228.917118787766	0	1	1	11
TC	META	EUR	2	163	187	92.790358543396	1	1	3	14
TC	META	EUR	2	164	835	131.404084682465	0	1	1	4
TC	META	EUR	2	166	6603	1535.58095860481	0	1	1	2
TC	META	EUR	2	168	2748	105.920222043991	0	0	1	4
TC	META	EUR	2	171	4183	400.678526639938	0	0	1	22
TC	META	EUR	2	172	892	44.2869281768799	0	0	1	9
TC	META	EUR	2	177	3268	370.79974770546	0	0	0	0
TC	META	EUR	2	180	2606	193.055904865265	0	0	0	0
TC	META	EUR	2	181	3977	534.737985372543	0	0	1	22
TC	META	EUR	2	192	3577	734.808471918106	0	1	1	16
TC	META	EUR	2	196	4633	310.766117334366	0	0	1	102
TC	META	EUR	2	198	2415	598.79127073288	0	0	1	74
TC	META	EUR	2	199	4145	3898.32082152367	0	2	3	20
TC	META	EUR	2	205	2022	211.589509725571	0	0	1	13
TC	META	EUR	2	208	5305	1077.18010258675	0	0	0	0
TC	META	EUR	2	210	1931	420.451909303665	0	0	0	0
TC	META	EUR	2	211	3401	291.323392629623	0	0	0	0
TC	META	EUR	2	212	3267	204.937690734863	0	0	0	0
TC	META	EUR	2	213	6685	2076.83389043808	0	2	1	3
TC	META	EUR	2	217	1566	716.957176446915	0	0	2	63
TC	META	EUR	2	218	1283	19.8162682056427	0	0	0	0
TC	META	EUR	2	228	2127	242.448174953461	0	0	1	19
TC	META	EUR	2	232	1617	158.161348342896	1	1	2	7
TC	META	EUR	2	233	778	18.9270732402802	0	0	1	6
TC	META	EUR	2	241	1520	213.146116733551	0	1	0	0
TC	META	EUR	2	242	2308	5385.89551711082	0	1	4	29
TC	META	EUR	2	250	5103	664.907067060471	0	0	0	0
TC	META	EUR	2	255	2834	426.590248584747	0	0	0	0
TC	META	EUR	3	24	3408	14458.7704963684	2	5	5	29
TC	META	EUR	3	41	4380	1882.2045814991	1	1	1	1
TC	META	EUR	3	45	1924	114.007094860077	0	1	0	0
TC	META	EUR	3	51	1326	159.971742391586	0	1	1	4
TC	META	EUR	3	56	2528	164.031769275665	0	1	1	3
TC	META	EUR	3	70	3044	319.030827999115	0	0	1	22
TC	META	EUR	3	71	3722	3596.87689995766	0	0	2	12
TC	META	EUR	3	83	4897	486.251795291901	0	0	0	0
TC	META	EUR	3	88	3043	146.212193965912	0	1	1	4
TC	META	EUR	3	89	3115	727.27653503418	0	0	0	0
TC	META	EUR	3	104	6234	2691.33647346497	0	0	1	39
TC	META	EUR	3	107	2655	477.483208656311	0	0	1	18
TC	META	EUR	3	112	3028	192.257749557495	0	0	1	64
TC	META	EUR	3	113	1052	23.52947473526	0	1	0	0
TC	META	EUR	3	120	2895	329.387194156647	1	1	2	14
TC	META	EUR	3	121	3600	1798.61171030998	0	2	2	16
TC	META	EUR	3	122	757	109.027266979218	0	0	1	17
TC	META	EUR	3	123	1208	41.558488368988	0	1	1	3
TC	META	EUR	3	127	3398	198.994954586029	0	2	2	6
TC	META	EUR	3	128	1685	226.075884103775	0	1	1	22
TC	META	EUR	3	129	1875	231.905015707016	0	1	1	8
TC	META	EUR	3	131	1068	181.119805574417	0	0	1	54
TC	META	EUR	3	132	4329	2885.83230543137	0	1	2	39
TC	META	EUR	3	135	2742	1711.87229609489	0	3	3	17
TC	META	EUR	3	136	1722	435.100966930389	0	2	1	2
TC	META	EUR	3	140	3849	784.877169370651	0	0	0	0
TC	META	EUR	3	145	3527	6550.99628090858	0	0	2	25
TC	META	EUR	3	149	2420	205.841176271439	1	1	1	1
TC	META	EUR	3	150	3476	253.96977519989	1	1	2	9
TC	META	EUR	3	154	949	80.0716404914856	0	0	0	0
TC	META	EUR	3	158	3599	391.056657552719	0	0	1	22
TC	META	EUR	3	161	4231	866.870188474655	0	0	1	5
TC	META	EUR	3	165	3104	249.771396398544	0	0	1	9
TC	META	EUR	3	170	2190	254.110250711441	0	0	0	0
TC	META	EUR	3	172	2266	291.347002506256	0	0	1	13
TC	META	EUR	3	173	1450	109.058780431747	0	0	1	9
TC	META	EUR	3	175	1112	51.1713950634003	0	3	2	8
TC	META	EUR	3	190	1771	138.078315734863	0	0	0	0
TC	META	EUR	3	191	2206	397.064052581787	0	0	0	0
TC	META	EUR	3	193	3497	2174.45233750343	0	0	3	23
TC	META	EUR	3	195	6820	4191.81158924103	0	1	2	16
TC	META	EUR	3	214	3956	1117.88454198837	0	2	1	3
TC	META	EUR	3	216	2053	408.924598693848	0	0	0	0
TC	META	EUR	4	1	9756	10945.949365139	4	6	6	8
TC	META	EUR	4	15	1547	223.441359996796	0	1	2	11
TC	META	EUR	4	19	1647	147.119915246964	0	0	1	8
TC	META	EUR	4	21	5227	1293.22375941277	0	0	1	29
TC	META	EUR	4	28	2872	597.897784233093	0	0	1	33
TC	META	EUR	4	42	534	125.213911056519	0	1	1	7
TC	META	EUR	4	54	7322	878.510502576828	0	0	0	0
TC	META	EUR	4	55	2680	503.060031414032	0	0	2	20
TC	META	EUR	4	57	657	391.541174411774	0	2	1	10
TC	META	EUR	4	64	4974	434.127701282501	0	0	1	14
TC	META	EUR	4	65	1940	628.785433769226	0	0	2	37
TC	META	EUR	4	66	2491	59.9168422222137	0	1	1	9
TC	META	EUR	4	71	1326	75.7660434246063	0	0	1	23
TC	META	EUR	4	79	2478	263.524484634399	0	0	0	0
TC	META	EUR	4	80	3482	8670.2343275547	5	8	8	12
TC	META	EUR	4	84	2986	4440.24913096428	2	6	6	14
TC	META	EUR	4	85	1288	175.351804494858	1	3	1	1
TC	META	EUR	4	86	276	39.7340195178986	2	2	2	2
TC	META	EUR	4	87	4621	5053.1841571331	0	1	2	15
TC	META	EUR	4	90	3007	283.233111858368	0	0	0	0
TC	META	EUR	4	92	2470	204.85745549202	0	0	0	0
TC	META	EUR	4	101	3740	725.540849924088	0	2	2	15
TC	META	EUR	4	113	4044	10228.5129761696	0	2	4	40
TC	META	EUR	4	114	3636	482.087788581848	0	1	1	12
TC	META	EUR	4	115	1566	115.489394664764	1	2	2	6
TC	META	EUR	4	116	2757	305.036247968674	0	1	2	29
TC	META	EUR	4	117	3510	332.722702026367	0	1	1	4
TC	META	EUR	4	121	2502	442.760067939758	0	0	1	29
TC	META	EUR	4	129	3577	603.474982023239	0	0	1	80
TC	META	EUR	4	130	3209	107.212118148804	0	0	1	8
TC	META	EUR	4	134	5436	1427.57410120964	0	0	0	0
TC	META	EUR	4	136	4900	1204.96792793274	0	0	1	54
TC	META	EUR	4	148	2061	198.004161596298	0	1	1	24
TC	META	EUR	4	150	3004	718.534926891327	0	1	0	0
TC	META	EUR	4	151	1472	210.857984304428	0	0	1	54
TC	META	EUR	4	156	4695	1140.16808152199	1	1	2	9
TC	META	EUR	4	159	1321	107.834988832474	0	2	2	4
TC	META	EUR	4	161	1291	513.813219070435	1	1	1	1
TC	META	EUR	4	162	2349	994.334105491638	1	1	1	1
TC	META	EUR	4	203	1767	21.3792488574982	0	0	1	4
TC	META	EUR	5	6	1240	21.071711063385	0	0	0	0
TC	META	EUR	5	28	1059	149.286319494247	0	0	1	29
TC	META	EUR	5	43	3213	985.251300573349	0	0	0	0
TC	META	EUR	5	56	4099	410.872670888901	0	0	0	0
TC	META	EUR	5	57	3058	591.885076999664	0	0	0	0
TC	META	EUR	5	64	4035	701.517593622208	0	1	2	6
TC	META	EUR	5	68	999	57.3311018943787	0	1	1	48
TC	META	EUR	5	69	1396	47.175062417984	0	1	1	4
TC	META	EUR	5	71	4350	688.438117980957	0	0	1	12
TC	META	EUR	5	74	6239	348.798577785492	0	0	1	62
TC	META	EUR	5	81	2482	3179.73647212982	0	1	3	44
TC	META	EUR	5	84	501	128.432126283646	0	2	1	7
TC	META	EUR	5	85	3484	7965.16819167137	2	3	5	35
TC	META	EUR	5	92	2164	242.195029258728	0	0	0	0
TC	META	EUR	5	109	1789	194.498613357544	0	0	0	0
TC	META	EUR	5	130	4251	364.611373186111	0	0	1	5
TC	META	EUR	5	134	2290	435.59642291069	0	0	0	0
TC	META	EUR	5	136	4023	571.629996061325	0	0	0	0
TC	META	EUR	5	146	4217	533.894440889359	0	0	1	24
TC	META	EUR	5	147	1791	139.878472805023	0	0	1	13
TC	META	EUR	5	154	2457	45.5713169574738	0	0	1	9
TC	META	EUR	5	156	2217	66.6320705413818	0	1	0	0
TC	META	EUR	5	158	2029	363.839681386948	0	0	1	44
TC	META	EUR	5	165	1962	190.825345754623	0	0	0	0
TC	META	EUR	5	166	3367	17436.4048998356	1	4	6	41
TC	META	EUR	5	167	2526	4590.83808898926	2	4	4	22
TC	META	EUR	5	168	3148	327.196457862854	0	1	0	0
TC	META	EUR	5	191	4411	1116.60170173645	0	0	0	0
TC	META	EUR	5	202	1907	192.776921749115	0	1	0	0
TC	META	EUR	5	207	2660	207.611186265945	0	0	0	0
TC	META	EUR	5	210	311	23.6800036430359	1	1	1	1
TC	META	EUR	5	211	609	26.0471432209015	0	1	0	0
TC	META	EUR	6	1	3328	685.32269859314	0	0	0	0
TC	META	EUR	6	19	2662	105.594894170761	0	1	0	0
TC	META	EUR	6	20	1724	110.165260076523	0	1	0	0
TC	META	EUR	6	25	2514	207.261738300323	0	0	0	0
TC	META	EUR	6	27	1597	548.826193094254	0	0	2	17
TC	META	EUR	6	30	352	23.0061478614807	0	0	1	21
TC	META	EUR	6	34	3051	3284.92592859268	0	2	3	13
TC	META	EUR	6	35	1220	250.963400840759	0	0	1	3
TC	META	EUR	6	39	4680	973.72626543045	1	1	2	18
TC	META	EUR	6	43	3015	154.18230509758	0	0	1	5
TC	META	EUR	6	44	544	23.446010351181	0	0	1	10
TC	META	EUR	6	47	3880	564.103023290634	1	1	1	1
TC	META	EUR	6	51	5822	8862.26643943787	0	2	2	15
TC	META	EUR	6	52	1850	93.1196482181549	0	0	0	0
TC	META	EUR	6	53	1679	181.122764587402	0	0	1	12
TC	META	EUR	6	56	1820	219.978234767914	0	0	1	13
TC	META	EUR	6	58	3197	300.310861825943	0	1	0	0
TC	META	EUR	6	63	2730	321.278882741928	0	0	0	0
TC	META	EUR	6	64	297	75.9709448814392	1	1	2	13
TC	META	EUR	6	65	874	28.2817735671997	0	0	1	7
TC	META	EUR	6	69	2796	285.632523298264	0	0	0	0
TC	META	EUR	6	72	1192	458.356680631638	0	0	2	16
TC	META	EUR	6	73	463	58.6084294319153	0	0	1	37
TC	META	EUR	6	75	440	290.236967563629	0	0	3	17
TC	META	EUR	6	76	5121	1369.97988295555	1	1	1	1
TC	META	EUR	6	85	6264	880.077293872833	0	0	1	29
TC	META	EUR	6	87	4331	959.394622325897	0	0	0	0
TC	META	EUR	6	88	8604	955.785557746887	0	0	1	61
TC	META	EUR	6	94	4323	543.963103294373	0	0	0	0
TC	META	EUR	6	99	3778	238.775329113007	0	0	0	0
TC	META	EUR	6	100	68	1.89006567001343	0	0	1	4
TC	META	EUR	6	101	3123	416.012161254883	0	0	1	8
TC	META	EUR	6	105	2927	494.664124727249	0	1	2	22
TC	META	EUR	6	109	2464	435.14271068573	0	0	1	32
TC	META	EUR	6	115	6447	7735.85814094543	0	0	3	42
TC	META	EUR	6	116	4011	639.261460065842	0	1	0	0
TC	META	EUR	6	117	5509	628.973255395889	0	0	1	8
TC	META	EUR	6	124	4362	304.224247694016	0	1	2	16
TC	META	EUR	6	127	2225	283.604446172714	0	0	1	4
TC	META	EUR	6	128	3035	428.377482652664	0	0	1	48
TC	META	EUR	6	130	3746	445.896241903305	0	0	0	0
TC	META	EUR	6	134	2096	2262.90237784386	0	0	3	57
TC	META	EUR	6	135	1399	62.0309889316559	0	0	0	0
TC	META	EUR	6	137	1270	191.708531141281	0	0	1	53
TC	META	EUR	6	138	2007	47.6051914691925	0	0	0	0
TC	META	EUR	6	140	1922	1916.89836239815	0	2	2	20
TC	META	EUR	6	146	1500	133.127481460571	0	0	1	3
TC	META	EUR	6	148	1158	132.089295148849	0	1	1	8
TC	META	EUR	6	154	2133	320.806748151779	0	0	0	0
TC	META	EUR	6	158	2436	383.726320743561	1	1	2	13
TC	META	EUR	6	160	3090	136.502441167831	0	1	0	0
TC	META	EUR	6	168	3843	679.886691808701	0	0	0	0
TC	META	EUR	6	169	6162	22004.8319447041	7	11	10	13
TC	META	EUR	6	183	1546	141.13837313652	0	0	0	0
TC	META	EUR	7	3	2280	3508.24137854576	0	1	3	55
TC	META	EUR	7	5	3895	327.777214288712	0	2	0	0
TC	META	EUR	7	6	2125	317.638861179352	0	0	1	61
TC	META	EUR	7	11	2699	34.2809045314789	0	0	0	0
TC	META	EUR	7	12	4792	858.578934192657	0	1	1	10
TC	META	EUR	7	28	986	114.408000707626	0	0	1	27
TC	META	EUR	7	33	4062	273.663763284683	0	0	1	6
TC	META	EUR	7	37	3549	3088.88361287117	2	2	3	16
TC	META	EUR	7	40	4771	1399.55004882812	0	0	0	0
TC	META	EUR	7	41	3103	310.065616369247	0	0	1	33
TC	META	EUR	7	42	3183	951.229770421982	1	2	2	4
TC	META	EUR	7	44	586	79.9574303627014	0	0	1	21
TC	META	EUR	7	50	2149	153.541294813156	0	0	1	8
TC	META	EUR	7	51	2166	592.836758136749	0	0	0	0
TC	META	EUR	7	58	3211	1720.74371910095	0	1	2	14
TC	META	EUR	7	66	1453	61.9539008140564	0	0	1	3
TC	META	EUR	7	67	7870	8252.78304672241	1	4	4	10
TC	META	EUR	7	73	1099	41.2457830905914	0	0	0	0
TC	META	EUR	7	85	3584	1797.93655896187	0	1	2	17
TC	META	EUR	7	87	391	53.6909928321838	0	0	1	4
TC	META	EUR	7	88	4087	811.817521095276	0	0	2	18
TC	META	EUR	7	89	2633	517.905093669891	0	1	1	39
TC	META	EUR	7	95	1994	540.979312181473	0	1	1	3
TC	META	EUR	7	99	4196	882.964170455933	0	1	2	22
TC	META	EUR	7	103	2507	451.815574169159	0	1	1	21
TC	META	EUR	7	107	5774	1014.76781487465	0	1	1	2
TC	META	EUR	7	109	2335	179.456261396408	0	0	1	8
TC	META	EUR	7	111	4111	9602.00924611092	0	5	4	31
TC	META	EUR	7	112	1906	96.9336249828339	0	0	1	9
TC	META	EUR	7	113	3340	170.153223514557	0	0	1	3
TC	META	EUR	7	119	2209	656.758956670761	0	0	1	57
TC	META	EUR	7	125	3453	231.892310619354	0	0	0	0
TC	META	EUR	7	127	1023	37.2722458839417	0	0	1	8
TC	META	EUR	7	131	6168	619.35634469986	0	0	1	34
TC	META	EUR	7	132	6105	472.191051006317	1	1	1	1
TC	META	EUR	7	133	6081	1010.9686756134	0	0	0	0
TC	META	EUR	7	134	1886	137.063716888428	0	0	0	0
TC	META	EUR	7	138	4244	133.511196374893	0	0	1	7
TC	META	EUR	7	139	985	157.831192493439	0	0	1	11
TC	META	EUR	7	140	2339	260.863176584244	0	0	1	20
TC	META	EUR	7	141	4538	586.228235006332	0	0	0	0
TC	META	EUR	7	142	829	139.82316827774	0	0	1	13
TC	META	EUR	7	147	1416	61.7395482063293	0	0	1	7
TC	META	EUR	7	152	1379	50.9019429683685	0	1	1	4
TC	META	EUR	7	159	1551	40.091817855835	0	0	0	0
TC	META	EUR	7	162	5422	284.185600042343	0	0	0	0
TC	META	EUR	7	176	712	138.005645751953	0	1	2	12
TC	META	EUR	7	177	1027	64.1294658184052	0	0	1	13
TC	META	EUR	7	187	3964	443.539080619812	0	1	1	3
TC	META	EUR	8	17	2977	595.679031133652	0	0	1	31
TC	META	EUR	8	29	5389	558.208506584167	0	0	1	3
TC	META	EUR	8	32	3735	216.720046758652	0	0	0	0
TC	META	EUR	8	36	1028	108.857666015625	0	1	1	8
TC	META	EUR	8	39	2372	2677.22225499153	0	1	3	50
TC	META	EUR	8	41	1990	324.187704563141	0	0	1	85
TC	META	EUR	8	42	3953	532.06761431694	0	0	1	13
TC	META	EUR	8	43	3499	419.35280919075	0	0	0	0
TC	META	EUR	8	44	1215	47.784520149231	0	0	1	16
TC	META	EUR	8	45	2267	923.326591968536	0	1	2	7
TC	META	EUR	8	57	1899	174.534410715103	0	0	0	0
TC	META	EUR	8	59	1677	340.982109308243	0	2	1	3
TC	META	EUR	8	65	1872	93.2531476020813	0	0	1	5
TC	META	EUR	8	68	2505	571.624994516373	1	1	3	9
TC	META	EUR	8	69	4946	366.169775247574	0	0	1	25
TC	META	EUR	8	78	664	16.1110942363739	0	0	1	26
TC	META	EUR	8	81	3118	156.92352437973	0	0	1	6
TC	META	EUR	8	83	4946	623.059140205383	0	1	1	9
TC	META	EUR	8	84	6862	531.848290920258	0	0	0	0
TC	META	EUR	8	85	2600	425.765764474869	0	1	2	20
TC	META	EUR	8	88	3370	108.27964425087	0	0	0	0
TC	META	EUR	8	106	3355	472.5525598526	0	0	1	6
TC	META	EUR	8	109	4803	607.710912466049	0	0	0	0
TC	META	EUR	8	110	4652	538.875697135925	0	0	0	0
TC	META	EUR	8	113	2242	301.65994477272	0	1	1	4
TC	META	EUR	8	118	1374	70.9352385997772	0	0	1	6
TC	META	EUR	8	121	617	8.73317933082581	0	1	0	0
TC	META	EUR	8	124	1866	181.877355575562	1	1	2	4
TC	META	EUR	8	125	829	4154.45860862732	5	8	8	12
TC	META	EUR	8	126	315	60.9000608921051	1	1	1	1
TC	META	EUR	8	135	2476	356.238356590271	0	1	1	22
TC	META	EUR	8	153	1471	304.682516813278	0	0	1	87
TC	META	EUR	8	159	2219	415.437065601349	0	1	0	0
TC	META	EUR	8	160	2079	438.478781461716	0	0	1	5
TC	META	EUR	9	4	2704	2081.98439192772	1	1	1	1
TC	META	EUR	9	5	555	8.26679658889771	1	1	1	1
TC	META	EUR	9	9	1940	150.68226480484	0	0	0	0
TC	META	EUR	9	12	2316	241.399963378906	0	0	0	0
TC	META	EUR	9	13	4417	155.553718090057	0	0	1	13
TC	META	EUR	9	31	3751	5388.80753588676	1	2	3	15
TC	META	EUR	9	33	2539	73.1114819049835	0	0	1	6
TC	META	EUR	9	36	2547	2672.52299451828	0	2	2	24
TC	META	EUR	9	39	1102	315.798433065414	0	0	2	26
TC	META	EUR	9	40	4735	245.680490732193	0	0	1	9
TC	META	EUR	9	51	1485	415.966537952423	0	2	1	2
TC	META	EUR	9	53	4777	1253.23551440239	0	0	1	26
TC	META	EUR	9	69	1864	289.164699792862	0	1	2	12
TC	META	EUR	9	70	1289	44.4298179149628	0	0	0	0
TC	META	EUR	9	72	810	62.3697907924652	0	2	1	7
TC	META	EUR	9	73	1911	85.4335536956787	0	0	1	4
TC	META	EUR	9	89	727	50.7011790275574	0	0	1	35
TC	META	EUR	9	93	3077	616.984882354736	0	0	1	22
TC	META	EUR	9	99	2185	333.549731492996	0	0	0	0
TC	META	EUR	9	100	3638	366.775116682053	0	0	0	0
TC	META	EUR	9	102	3673	1200.12208485603	0	0	2	35
TC	META	EUR	9	103	972	183.370128631592	0	0	0	0
TC	META	EUR	9	104	1166	16.2392814159393	0	1	0	0
TC	META	EUR	9	105	832	59.5385003089905	0	0	0	0
TC	META	EUR	9	106	3625	1212.62105846405	0	0	0	0
TC	META	EUR	9	107	939	148.129454374313	0	0	0	0
TC	META	EUR	9	109	4395	1151.24285435677	0	0	0	0
TC	META	EUR	9	110	4434	9160.43235683441	7	10	9	11
TC	META	EUR	9	111	194	303.484673261642	6	10	8	10
TC	META	EUR	9	112	4252	3721.59572124481	3	5	5	7
TC	META	EUR	9	113	2327	491.257750988007	0	0	1	45
TC	META	EUR	9	114	1527	99.3546509742737	0	0	1	8
TC	META	EUR	9	115	4440	1656.66543984413	0	0	0	0
TC	META	EUR	9	116	2343	519.781055927277	0	1	1	8
TC	META	EUR	9	118	5315	813.246287345886	0	0	0	0
TC	META	EUR	9	119	1918	241.757974147797	0	0	0	0
TC	META	EUR	9	121	1360	71.7325837612152	0	0	0	0
TC	META	EUR	9	124	2014	233.076091051102	0	1	1	4
TC	META	EUR	9	125	2837	539.066781520844	0	0	0	0
TC	META	EUR	9	134	4996	388.640164375305	0	1	1	5
TC	META	EUR	9	140	5249	678.819561243057	1	1	1	1
TC	META	EUR	9	142	1797	288.955274820328	0	0	0	0
TC	META	EUR	9	144	2015	304.328411579132	0	0	0	0
TC	META	EUR	9	145	2357	110.208430528641	0	1	0	0
TC	META	EUR	9	149	1833	282.70060133934	0	2	1	2
TC	META	EUR	9	153	206	17.8151512145996	0	0	1	16
TC	META	EUR	9	160	836	25.9798905849457	0	1	1	3
TC	META	EUR	9	161	891	96.2360379695892	0	0	1	24
TC	META	EUR	10	13	2342	179.811104297638	0	0	1	10
TC	META	EUR	10	22	2736	141.055302143097	0	0	1	4
TC	META	EUR	10	43	2320	219.103236675262	0	1	1	4
TC	META	EUR	10	44	1333	149.450690746307	0	0	0	0
TC	META	EUR	10	46	3648	594.809086561203	0	0	0	0
TC	META	EUR	10	52	3663	392.604659795761	0	0	0	0
TC	META	EUR	10	53	1793	128.316827058792	0	0	1	16
TC	META	EUR	10	58	703	122.61017537117	0	0	1	50
TC	META	EUR	10	59	1935	476.334049940109	0	0	1	58
TC	META	EUR	10	67	1886	96.3078725337982	0	0	1	11
TC	META	EUR	10	69	2875	377.183107614517	0	0	1	36
TC	META	EUR	10	70	3314	1485.93047976494	1	2	2	4
TC	META	EUR	10	73	2006	31.2729547023773	0	0	1	5
TC	META	EUR	10	77	7554	733.86660027504	0	0	0	0
TC	META	EUR	10	80	3786	469.495918512344	0	0	0	0
TC	META	EUR	10	81	3868	1894.79548406601	0	0	2	35
TC	META	EUR	10	84	5349	455.101675033569	1	1	1	1
TC	META	EUR	10	85	1076	198.082342863083	1	1	1	1
TC	META	EUR	10	92	5124	1130.13398122787	0	0	0	0
TC	META	EUR	10	100	1078	22.2315394878387	0	1	1	2
TC	META	EUR	10	101	2711	258.056411027908	0	0	1	13
TC	META	EUR	10	109	3324	469.499155044556	0	1	2	37
TC	META	EUR	10	110	1150	48.3094341754913	0	0	1	4
TC	META	EUR	10	112	837	15.5934269428253	0	0	1	4
TC	META	EUR	10	113	2679	384.821154117584	0	0	0	0
TC	META	EUR	10	117	4416	9254.16732549667	0	2	3	34
TC	META	EUR	10	120	3174	1687.64710474014	2	2	2	2
TC	META	EUR	10	121	2206	604.882008314133	0	0	1	73
TC	META	EUR	10	123	2903	281.417414188385	0	0	0	0
TC	META	EUR	10	126	3680	528.446118831635	1	1	2	7
TC	META	EUR	10	127	1169	59.9970264434814	0	1	0	0
TC	META	EUR	10	129	4798	791.619839191437	0	0	0	0
TC	META	EUR	10	130	1465	101.815917730331	0	0	1	46
TC	META	EUR	10	131	4107	541.462020158768	0	0	0	0
TC	META	EUR	10	137	3712	371.504815816879	0	0	1	12
TC	META	EUR	10	138	709	811.105650424957	0	0	3	27
TC	META	EUR	10	140	912	130.837230682373	0	1	2	10
TC	META	EUR	10	144	1464	53.8171603679657	0	0	1	3
TC	META	EUR	10	150	3133	275.654508829117	0	1	1	19
TC	META	EUR	10	152	2179	291.022147893906	0	0	1	32
TC	META	EUR	10	154	5129	392.22979259491	0	0	2	8
TC	META	EUR	10	176	3026	363.484714031219	0	0	0	0
TC	META	EUR	10	177	1591	96.240877866745	0	0	0	0
TC	META	EUR	11	2	2438	543.32815861702	0	1	0	0
TC	META	EUR	11	3	2577	319.062759160995	0	1	1	3
TC	META	EUR	11	4	1624	275.799372196198	0	1	0	0
TC	META	EUR	11	7	1404	1134.44946599007	1	3	3	9
TC	META	EUR	11	11	3024	801.054534912109	0	0	0	0
TC	META	EUR	11	12	3696	2126.89393734932	1	1	3	11
TC	META	EUR	11	22	1313	150.060107946396	0	1	1	3
TC	META	EUR	11	28	2056	90.4418916702271	0	0	1	12
TC	META	EUR	11	30	1850	332.228486537933	0	0	2	51
TC	META	EUR	11	31	1777	207.293733596802	0	1	1	3
TC	META	EUR	11	33	2372	120.62929224968	0	1	1	2
TC	META	EUR	11	56	600	64.2210147380829	0	0	1	54
TC	META	EUR	11	57	2392	381.076091051102	0	0	1	35
TC	META	EUR	11	75	1734	44.4210207462311	0	1	1	2
TC	META	EUR	11	76	2125	7098.40298676491	1	2	5	25
TC	META	EUR	11	78	2171	559.340293645859	0	1	1	9
TC	META	EUR	11	79	4666	18328.5900499821	1	3	4	43
TC	META	EUR	11	80	3147	538.16947555542	0	0	0	0
TC	META	EUR	11	81	2091	479.013452529907	0	1	2	21
TC	META	EUR	11	82	688	150.855173826218	1	2	1	1
TC	META	EUR	11	86	2982	730.107488393784	0	0	0	0
TC	META	EUR	11	88	3298	725.725127696991	0	1	2	28
TC	META	EUR	11	90	4937	1440.17421078682	0	0	1	81
TC	META	EUR	11	107	1150	224.752412080765	0	1	1	3
TC	META	EUR	11	108	978	90.792458057403607	0	0	1	10
TC	META	EUR	11	117	5121	490.965404987335	0	0	1	9
TC	META	EUR	11	121	2595	580.933302402496	0	0	0	0
TC	META	EUR	11	125	2263	428.281399011612	0	1	0	0
TC	META	EUR	11	128	406	16.5830388069153	1	3	2	3
TC	META	EUR	11	129	2572	15516.8597385883	6	7	7	10
TC	META	EUR	11	133	2273	3649.53961515427	1	4	3	28
TC	META	EUR	11	140	1449	340.874950408936	0	1	1	7
TC	META	EUR	11	142	3177	488.958259105682	0	0	1	11
TC	META	EUR	11	147	5025	2518.99268221855	1	3	3	15
TC	META	EUR	11	163	511	51.9153220653534	0	0	1	25
TC	META	EUR	12	1	1604	277.702821016312	0	1	1	2
TC	META	EUR	12	12	979	194.258096456528	1	1	2	5
TC	META	EUR	12	13	1636	351.450059652328	0	0	0	0
TC	META	EUR	12	17	1126	566.924362421036	0	0	0	0
TC	META	EUR	12	18	2207	584.589698314667	0	1	0	0
TC	META	EUR	12	23	2980	1993.47365450859	1	1	2	20
TC	META	EUR	12	26	488	18.7511658668518	0	0	0	0
TC	META	EUR	12	27	434	22.3028748035431	0	1	0	0
TC	META	EUR	12	29	362	44.2559914588928	0	1	1	14
TC	META	EUR	12	42	4746	310.995144844055	0	1	0	0
TC	META	EUR	12	45	2380	244.990627527237	0	1	0	0
TC	META	EUR	12	47	905	15.9451086521149	0	0	1	4
TC	META	EUR	12	48	2963	436.431358098984	0	0	0	0
TC	META	EUR	12	49	3287	375.543703317642	0	1	1	3
TC	META	EUR	12	51	1885	86.6156237125397	0	0	1	4
TC	META	EUR	12	52	4110	338.688308954239	0	0	1	72
TC	META	EUR	12	59	3460	1282.68525409698	0	0	1	9
TC	META	EUR	12	60	1726	290.786247014999	0	1	1	18
TC	META	EUR	12	61	1979	247.290610790253	0	0	0	0
TC	META	EUR	12	62	2158	876.156006574631	0	0	1	11
TC	META	EUR	12	63	2256	390.293994665146	0	1	2	13
TC	META	EUR	12	64	1757	311.932014942169	1	2	2	5
TC	META	EUR	12	66	2836	451.266086339951	0	0	0	0
TC	META	EUR	12	67	1412	104.304659128189	0	0	1	40
TC	META	EUR	12	69	2649	158.953394651413	0	0	0	0
TC	META	EUR	12	71	3298	4289.31701469421	0	2	3	40
TC	META	EUR	12	72	9120	1481.67773222923	0	0	1	15
TC	META	EUR	12	82	3231	67.1487023830414	0	1	1	3
TC	META	EUR	12	97	4440	225.870074272156	0	0	1	13
TC	META	EUR	12	98	1835	186.654177427292	0	0	1	15
TC	META	EUR	12	106	3369	596.186106443405	0	0	0	0
TC	META	EUR	12	110	3817	1222.43452262878	1	3	3	7
TC	META	EUR	12	113	2812	400.146336078644	0	0	1	60
TC	META	EUR	12	116	889	155.282055616379	0	0	0	0
TC	META	EUR	12	117	2885	55.2595887184143	0	1	1	2
TC	META	EUR	12	119	5327	471.308682918549	0	0	0	0
TC	META	EUR	12	120	1501	162.388168334961	0	0	1	39
TC	META	EUR	12	121	2018	826.165174007416	0	0	2	21
TC	META	EUR	12	122	4156	2813.85484862328	1	2	3	6
TC	META	EUR	12	123	1555	60.4629957675934	0	1	0	0
TC	META	EUR	12	127	1335	203.850324630737	0	0	1	4
TC	META	EUR	12	128	501	53.1137504577637	1	1	1	1
TC	META	EUR	12	129	2101	513.041959047318	0	0	1	36
TC	META	EUR	12	138	4477	3482.88405108452	1	1	2	50
TC	META	EUR	12	139	6117	39092.6621725559	2	3	5	31
TC	META	EUR	12	140	1266	5834.37293887138	1	6	6	22
TC	META	EUR	12	141	1756	816.489305019379	2	2	2	2
TC	META	EUR	13	18	879	214.434860944748	1	1	1	1
TC	META	EUR	13	21	3345	4014.10208082199	0	2	3	11
TC	META	EUR	13	24	2198	448.928697109222	0	0	0	0
TC	META	EUR	13	25	1252	1876.96920704842	0	1	4	30
TC	META	EUR	13	40	1989	74.271155834198	0	0	1	4
TC	META	EUR	13	44	1792	81.764481306076	0	0	1	5
TC	META	EUR	13	45	2398	363.625478506088	0	0	0	0
TC	META	EUR	13	50	4991	7938.29828381538	0	3	0	0
TC	META	EUR	13	66	1194	168.649853944778	0	1	2	21
TC	META	EUR	13	69	4398	1247.67366218567	0	1	1	5
TC	META	EUR	13	70	2949	288.379797458649	0	0	1	39
TC	META	EUR	13	84	1624	322.102061271667	0	0	0	0
TC	META	EUR	13	95	1019	171.031285047531	0	0	1	4
TC	META	EUR	13	96	1142	104.685080766678	0	0	1	23
TC	META	EUR	13	111	909	103.636819601059	0	1	1	2
TC	META	EUR	13	115	1123	96.8888306617737	0	0	0	0
TC	META	EUR	13	116	988	8.71110415458679	0	0	1	4
TC	META	EUR	13	118	1878	106.106575250626	0	0	1	7
TC	META	EUR	13	124	378	119.379916667938	1	1	1	1
TC	META	EUR	13	125	2500	782.366753816605	4	4	5	9
TC	META	EUR	14	4	871	199.567609786987	0	2	3	12
TC	META	EUR	14	10	875	44.7909195423126	1	1	1	1
TC	META	EUR	14	11	1119	31.9606113433838	0	0	1	6
TC	META	EUR	14	14	4251	1821.24652838707	3	3	5	70
TC	META	EUR	14	23	3771	354.382047891617	1	1	1	1
TC	META	EUR	14	31	3492	158.065686225891	0	1	1	2
TC	META	EUR	14	35	3548	624.420448541641	0	0	1	18
TC	META	EUR	14	43	194	26.2343797683716	0	0	1	11
TC	META	EUR	14	63	4296	313.48721408844	0	0	1	5
TC	META	EUR	14	67	2985	599.778472661972	0	0	1	13
TC	META	EUR	14	68	2192	1011.17556238174	0	0	1	18
TC	META	EUR	14	72	4164	318.00951051712	0	1	1	2
TC	META	EUR	14	73	2064	164.177991390228	0	0	1	9
TC	META	EUR	14	93	3017	829.051067590714	0	0	0	0
TC	META	EUR	14	96	409	9.85502672195435	0	0	1	6
TC	META	EUR	14	105	1493	112.582725524902	2	3	2	2
TC	META	EUR	14	106	1457	41.5192754268646	1	2	2	3
TC	META	EUR	14	120	1084	21.8494684696198	0	1	0	0
TC	META	EUR	14	121	3163	341.360752105713	0	0	1	8
TC	META	EUR	14	126	3885	3093.19458055496	0	1	2	44
TC	META	EUR	14	127	2584	573.041661262512	0	0	1	12
TC	META	EUR	14	129	1572	60.2928438186646	0	0	1	6
TC	META	EUR	15	37	3628	500.903647184372	0	0	1	7
TC	META	EUR	15	44	1631	133.625781536102	0	0	1	9
TC	META	EUR	15	45	6251	496.037510871887	0	0	0	0
TC	META	EUR	15	46	1861	492.727094888687	1	1	2	13
TC	META	EUR	15	47	2353	40.3051228523254	0	1	1	2
TC	META	EUR	15	50	2801	168.799325942993	0	0	1	4
TC	META	EUR	15	52	2006	1896.41184711456	3	4	5	51
TC	META	EUR	15	53	387	823.988156080246	2	7	6	15
TC	META	EUR	15	54	2153	1173.50000286102	2	3	2	2
TC	META	EUR	15	59	4808	468.790966510773	0	0	1	94
TC	META	EUR	15	62	5486	3047.44628882408	0	1	2	24
TC	META	EUR	15	63	1622	152.149188041687	0	0	1	75
TC	META	EUR	15	64	1727	71.7222142219543	0	0	1	34
TC	META	EUR	15	66	2998	309.150829076767	0	1	1	2
TC	META	EUR	15	80	1329	177.997468471527	0	0	1	37
TC	META	EUR	15	83	1238	59.7809226512909	0	0	1	14
TC	META	EUR	15	85	2204	193.854761838913	0	0	1	14
TC	META	EUR	15	88	1599	14.415429353714	0	1	1	2
TC	META	EUR	15	102	2334	791.332118034363	0	1	2	19
TC	META	EUR	15	111	1691	127.914418935776	0	0	1	5
TC	META	EUR	15	117	1042	10.8090398311615	0	1	1	3
TC	META	EUR	16	1	2122	616.853604078293	0	1	0	0
TC	META	EUR	16	2	830	170.370128393173	0	1	0	0
TC	META	EUR	16	4	3080	1419.12459206581	1	1	1	1
TC	META	EUR	16	5	1228	134.487740516663	0	0	1	10
TC	META	EUR	16	6	1618	155.64498925209	0	1	0	0
TC	META	EUR	16	9	2872	322.098783969879	0	0	0	0
TC	META	EUR	16	31	2649	2475.61554527283	0	2	3	22
TC	META	EUR	16	32	403	30.0711803436279	1	1	2	6
TC	META	EUR	16	33	4303	735.093044519424	0	1	1	43
TC	META	EUR	16	37	3197	548.387891054153	0	0	1	6
TC	META	EUR	16	41	2214	173.001703977585	0	0	1	21
TC	META	EUR	16	43	1974	60.2657604217529	0	0	1	6
TC	META	EUR	16	58	1472	283.236640930176	0	0	1	40
TC	META	EUR	16	59	1757	3331.14259171486	0	1	3	56
TC	META	EUR	16	63	2882	595.568025827408	0	0	0	0
TC	META	EUR	16	70	963	13.3518264293671	0	0	1	5
TC	META	EUR	16	74	508	28.3755106925964	0	2	0	0
TC	META	EUR	16	75	3136	8949.39636683464	1	6	6	17
TC	META	EUR	16	76	2153	1301.03079915047	2	4	4	6
TC	META	EUR	16	79	1396	191.200329303741	0	0	1	23
TC	META	EUR	16	83	2324	651.702436685562	0	0	0	0
TC	META	EUR	16	85	5252	237.815678358078	0	0	0	0
TC	META	EUR	16	88	5313	9544.6434135437	2	4	3	26
TC	META	EUR	16	89	6707	45974.1687309742	3	6	5	41
TC	META	EUR	16	90	1663	45.1410531997681	0	0	1	9
TC	META	EUR	16	91	1641	354.736743211746	0	0	0	0
TC	META	EUR	16	94	5743	964.32386803627	0	1	0	0
TC	META	EUR	16	99	1754	224.003631591797	1	1	1	1
TC	META	EUR	16	100	359	31.6420722007751	1	1	1	1
TC	META	EUR	16	101	424	80.7694673538208	0	0	1	16
TC	META	EUR	16	103	7068	1216.16244292259	0	0	1	42
TC	META	EUR	16	104	2128	200.899527072906	0	1	1	2
TC	META	EUR	16	110	1693	395.208650827408	1	1	1	1
TC	META	EUR	16	113	2553	326.521821022034	0	0	1	16
TC	META	EUR	16	116	1810	169.044928789139	0	0	0	0
TC	META	EUR	16	119	2199	243.182504177094	0	1	1	21
TC	META	EUR	16	120	323	33.3886852264404	0	0	0	0
TC	META	EUR	16	125	1620	261.881751775742	0	0	1	34
TC	META	EUR	16	126	390	22.4207763671875	0	0	1	9
TC	META	EUR	16	127	671	205.787832260132	0	1	1	3
TC	META	EUR	16	128	5562	830.749660968781	0	0	0	0
TC	META	EUR	17	9	3318	4888.34589457512	1	1	3	79
TC	META	EUR	17	15	203	3.62897801399231	0	1	1	2
TC	META	EUR	17	16	668	208.070363998413	1	2	1	1
TC	META	EUR	17	17	3240	3978.48567795753	1	3	3	20
TC	META	EUR	17	22	528	18.6710774898529	1	1	1	1
TC	META	EUR	17	23	1112	357.642899751663	3	6	5	8
TC	META	EUR	17	24	2012	1818.3617401123	3	6	5	12
TC	META	EUR	17	25	2001	100.428685426712	0	1	1	3
TC	META	EUR	17	28	433	23.0743696689606	0	0	1	13
TC	META	EUR	17	30	437	18.4445247650146	0	0	1	12
TC	META	EUR	17	49	1299	21.6493604183197	0	0	0	0
TC	META	EUR	17	51	4144	4735.76048707962	1	1	2	13
TC	META	EUR	17	53	3028	77.6592247486115	0	0	1	5
TC	META	EUR	17	54	2540	60.0011541843414	0	0	1	7
TC	META	EUR	17	55	5217	13459.341496706	3	4	6	48
TC	META	EUR	17	65	3613	76.1646618843079	0	1	1	2
TC	META	EUR	17	70	1727	213.60161948204	0	1	1	7
TC	META	EUR	17	71	2415	584.661515951157	1	1	1	1
TC	META	EUR	17	73	3967	2900.22356963158	1	3	2	5
TC	META	EUR	17	74	4628	2658.97304534912	0	1	1	6
TC	META	EUR	17	75	3632	4655.77946519852	0	3	2	26
TC	META	EUR	17	76	1916	384.703538894653	0	1	0	0
TC	META	EUR	17	78	716	59.1604528427124	0	0	0	0
TC	META	EUR	17	80	2168	280.020259857178	0	0	1	18
TC	META	EUR	17	85	3162	168.167717456818	0	1	1	14
TC	META	EUR	17	87	1473	137.036762952805	0	0	1	6
TC	META	EUR	17	90	3802	2249.6405775547	0	0	2	29
TC	META	EUR	17	94	2254	536.319349527359	0	0	0	0
TC	META	EUR	17	95	1482	14.3460741043091	0	1	1	2
TC	META	EUR	17	97	3256	147.620922327042	0	1	1	3
TC	META	EUR	17	98	1709	462.831802845001	0	0	2	20
TC	META	EUR	17	100	1807	330.394908905029	0	0	1	25
TC	META	EUR	17	101	1413	471.090468168259	2	2	2	2
TC	META	EUR	17	102	998	524.205633163452	2	2	2	2
TC	META	EUR	17	103	1255	500.285728216171	2	2	3	14
TC	META	EUR	17	104	240	3.12779116630554	0	0	1	8
TC	META	EUR	17	105	2164	215.444864273071	0	0	1	21
TC	META	EUR	17	109	575	24.3197221755981	0	0	1	15
TC	META	EUR	17	116	1178	77.7645106315613	0	0	1	29
TC	META	EUR	17	117	2272	399.648730993271	0	1	0	0
TC	META	EUR	17	118	2136	379.54315662384	1	1	2	8
TC	META	EUR	17	121	1409	65.66535115242	0	0	1	10
TC	META	EUR	17	123	2290	185.229407787323	0	0	0	0
TC	META	EUR	17	125	3153	826.150763511658	0	2	3	21
TC	META	EUR	17	128	939	26.7301635742188	0	0	0	0
TC	META	EUR	17	130	1784	223.763046503067	0	0	1	35
TC	META	EUR	17	133	1825	186.158333539963	0	0	1	53
TC	META	EUR	17	134	1843	196.089127779007	1	1	2	9
TC	META	EUR	18	8	1768	125.678557395935	0	0	1	20
TC	META	EUR	18	9	598	13.298840045929	1	3	1	1
TC	META	EUR	18	31	3447	290.136706113815	0	0	1	19
TC	META	EUR	18	35	782	15.5810520648956	0	0	0	0
TC	META	EUR	18	39	4245	747.426296234131	1	1	1	1
TC	META	EUR	18	41	4558	308.131385326385	0	0	0	0
TC	META	EUR	18	42	3068	621.693665504456	0	0	0	0
TC	META	EUR	18	52	2270	78.5006473064423	0	0	0	0
TC	META	EUR	18	61	3387	1080.94664406776	0	0	1	15
TC	META	EUR	18	68	410	19.9990119934082	0	1	0	0
TC	META	EUR	18	69	5208	39627.4631707668	3	6	7	18
TC	META	EUR	18	74	5069	446.05885386467	0	0	0	0
TC	META	EUR	18	77	718	45.4243719577789	0	1	1	3
TC	META	EUR	18	78	1220	36.4546253681183	0	1	1	2
TC	META	EUR	18	81	2307	288.088189601898	0	0	1	31
TC	META	EUR	18	85	3617	1057.96222472191	0	0	0	0
TC	META	EUR	18	88	1946	397.235230445862	0	1	2	14
TC	META	EUR	18	119	872	49.4469835758209	0	1	0	0
TC	META	EUR	19	2	501	15.0804221630096	0	0	1	15
TC	META	EUR	19	5	266	10.5897617340088	0	0	1	11
TC	META	EUR	19	6	1467	228.232095003128	0	2	2	8
TC	META	EUR	19	12	933	97.6611833572388	0	0	1	18
TC	META	EUR	19	15	725	68.5909194946289	0	1	0	0
TC	META	EUR	19	16	822	67.0161409378052	0	1	1	4
TC	META	EUR	19	19	652	25.7291550636292	0	0	1	13
TC	META	EUR	19	20	1037	155.489864349365	0	1	2	17
TC	META	EUR	19	21	599	11.1361076831818	0	1	1	5
TC	META	EUR	19	22	2408	505.512828588486	0	1	1	3
TC	META	EUR	19	25	1603	498.959381341934	0	1	1	2
TC	META	EUR	19	30	1225	47.5564594268799	0	0	0	0
TC	META	EUR	19	32	1786	1238.14967441559	0	4	3	18
TC	META	EUR	19	33	814	262.899199962616	0	0	2	12
TC	META	EUR	19	35	1865	101.790652990341	0	1	1	2
TC	META	EUR	19	36	646	493.52171254158	1	4	3	12
TC	META	EUR	19	37	2565	4847.33521533012	6	9	8	11
TC	META	EUR	19	38	610	1992.44324541092	8	9	10	16
TC	META	EUR	19	39	3517	12079.4207553864	7	9	8	17
TC	META	EUR	19	42	1228	80.7478322982788	0	0	0	0
TC	META	EUR	19	46	2017	707.582731485367	0	0	2	17
TC	META	EUR	19	49	2300	7231.24405217171	0	3	4	42
TC	META	EUR	19	51	1322	81.6941323280334	0	1	1	5
TC	META	EUR	19	52	1624	2017.02587223053	2	4	4	23
TC	META	EUR	19	53	3053	28423.4194111824	7	8	8	15
TC	META	EUR	19	54	4263	812.546613454819	0	1	1	2
TC	META	EUR	19	63	1432	1099.90528321266	0	3	3	20
TC	META	EUR	19	64	3905	768.001142501831	0	1	2	20
TC	META	EUR	19	65	1397	224.005747795105	1	1	1	1
TC	META	EUR	19	67	5937	2220.17117643356	0	0	1	22
TC	META	EUR	19	70	1849	132.157909393311	0	1	1	2
TC	META	EUR	19	71	334	5.19514846801758	0	1	1	2
TC	META	EUR	19	72	2700	956.237873315811	1	1	2	29
TC	META	EUR	19	73	490	447.719900846481	1	2	1	1
TC	META	EUR	19	74	2876	6705.37338709831	10	10	11	14
TC	META	EUR	19	75	747	1493.34614109993	8	9	8	8
TC	META	EUR	19	76	2845	4888.43256998062	8	10	11	15
TC	META	EUR	19	77	5032	1975.91852116585	2	3	3	7
TC	META	EUR	19	79	1553	629.54443860054	1	1	1	1
TC	META	EUR	19	80	865	1446.00723457336	1	4	4	15
TC	META	EUR	19	81	2051	2590.04589033127	3	6	4	9
TC	META	EUR	19	89	1153	57.9307997226715	0	1	0	0
TC	META	EUR	19	90	2448	434.596582651138	0	0	0	0
TC	META	EUR	19	98	1067	197.886375427246	1	2	3	12
TC	META	EUR	19	103	1261	112.641221046448	0	1	1	18
TC	META	EUR	19	104	1417	65.3581573963165	0	0	1	7
TC	META	EUR	19	107	981	72.7699456214905	0	0	1	9
TC	META	EUR	19	110	2722	345.918574810028	1	1	2	21
TC	META	EUR	19	111	1204	1132.93065190315	0	2	3	28
TC	META	EUR	20	2	1191	71.5842041969299	0	0	1	5
TC	META	EUR	20	10	1112	8.64957427978516	0	1	1	3
TC	META	EUR	20	12	2024	253.058998346329	0	0	1	12
TC	META	EUR	20	18	1303	291.62833738327	0	1	2	12
TC	META	EUR	20	19	358	1.69011664390564	0	0	1	3
TC	META	EUR	20	40	1552	69.1808633804321	0	1	1	6
TC	META	EUR	20	48	3926	4722.84532999992	1	2	4	21
TC	META	EUR	20	55	746	62.6817865371704	0	0	1	27
TC	META	EUR	20	59	3886	450.794046878815	0	0	1	60
TC	META	EUR	20	60	2394	759.817949771881	0	0	1	56
TC	META	EUR	20	63	4755	557.969722270966	1	2	2	3
TC	META	EUR	20	64	1437	4559.55407762527	3	3	5	15
TC	META	EUR	20	65	2642	1416.14336180687	0	1	3	17
TC	META	EUR	20	66	2946	52.424601316452	0	0	0	0
TC	META	EUR	20	67	1954	275.482261180878	0	0	0	0
TC	META	EUR	20	68	1093	24.3544931411743	0	0	1	6
TC	META	EUR	20	69	2094	486.689918994904	1	1	1	1
TC	META	EUR	20	70	1537	30.5672497749329	0	0	1	4
TC	META	EUR	20	71	2385	102.979762077332	0	0	1	6
TC	META	EUR	20	77	2271	361.913249731064	0	0	1	18
TC	META	EUR	20	78	2891	338.728491783142	0	0	0	0
TC	META	EUR	20	86	1816	224.382397651672	0	0	1	5
TC	META	EUR	20	87	1137	80.8669257164001	0	2	1	2
TC	META	EUR	20	89	1161	221.717845439911	0	0	0	0
TC	META	EUR	20	112	506	13.0468578338623	0	1	0	0
TC	META	EUR	20	115	869	135.610193014145	0	0	1	6
TC	META	EUR	21	3	1002	46.6877512931824	0	0	0	0
TC	META	EUR	21	5	1163	48.3086516857147	0	0	1	9
TC	META	EUR	21	30	3674	595.422964096069	0	0	0	0
TC	META	EUR	21	33	2280	389.632002592087	0	0	1	30
TC	META	EUR	21	37	2686	444.196554899216	0	0	0	0
TC	META	EUR	21	41	4431	233.459911584854	0	0	0	0
TC	META	EUR	21	48	3441	4668.00493860245	0	2	1	27
TC	META	EUR	21	53	1538	151.049100399017	0	0	1	20
TC	META	EUR	21	64	2364	209.384067058563	0	0	1	28
TC	META	EUR	22	1	1488	185.971934318542	0	1	0	0
TC	META	EUR	22	5	1101	125.452380418777	0	1	2	40
TC	META	EUR	22	9	1745	90.7828838825226	0	0	0	0
TC	META	EUR	22	13	1033	105.121291399002	0	0	1	19
TC	META	EUR	22	29	2478	210.356326818466	0	0	0	0
TC	META	EUR	22	30	7969	11163.7720620632	1	3	4	63
TC	META	EUR	22	36	1301	110.338409662247	0	0	1	20
TC	META	EUR	22	37	2016	311.887651443481	1	1	2	10
TC	META	EUR	22	40	1049	49.1310677528381	0	0	0	0
TC	META	EUR	22	43	1897	186.877434968948	0	0	1	19
TC	META	EUR	22	45	1955	151.958194494247	0	0	0	0
TC	META	EUR	22	46	4711	552.854683876038	0	0	1	4
TC	META	EUR	22	47	2449	247.240142822266	0	0	0	0
TC	META	EUR	22	49	597	3.91319942474365	0	0	1	3
TC	META	EUR	22	54	1459	251.53022146225	0	0	0	0
TC	META	EUR	22	55	1314	479.210972547531	1	1	1	1
TC	META	EUR	22	56	227	21.1212990283966	0	0	1	7
TC	META	EUR	22	57	972	415.75767827034	0	1	2	12
TC	META	EUR	22	69	1519	343.413169145584	0	1	0	0
TC	META	EUR	22	70	2677	560.938403129578	0	0	2	18
