pheno	chromosome	block	UKBB_nCS.EUR	GLGC_nCS.EUR	UKBB_in_GLGC.EUR	GLGC_in_UKBB.EUR	UKBB_nCS.AFR	GLGC_nCS.AFR	UKBB_in_GLGC.AFR	GLGC_in_UKBB.AFR	UKBB_nCS.EAS	GLGC_nCS.EAS	UKBB_in_GLGC.EAS	GLGC_in_UKBB.EAS
TG	1	3	1	1	1	1	0	0	0	0	0	0	0	0
TG	1	4	2	3	1	1	0	0	0	0	0	0	0	0
TG	1	5	0	1	0	0	0	0	0	0	0	0	0	0
TG	1	15	0	1	0	0	0	0	0	0	0	0	0	0
TG	1	17	0	0	0	0	0	0	0	0	0	0	0	0
TG	1	18	0	0	0	0	0	0	0	0	0	0	0	0
TG	1	19	0	1	0	0	0	0	0	0	0	0	0	0
TG	1	21	0	0	0	0	0	0	0	0	0	0	0	0
TG	1	23	0	0	0	0	0	0	0	0	0	0	0	0
TG	1	32	0	1	0	0	0	0	0	0	0	0	0	0
TG	1	35	0	1	0	0	0	0	0	0	0	1	0	0
TG	1	43	1	0	0	0	0	0	0	0	0	0	0	0
TG	1	48	1	2	1	1	0	0	0	0	0	0	0	0
TG	1	50	0	0	0	0	0	0	0	0	0	0	0	0
TG	1	51	0	0	0	0	0	0	0	0	0	0	0	0
TG	1	52	2	3	2	2	0	0	0	0	0	2	0	0
TG	1	53	1	1	0	0	0	0	0	0	0	0	0	0
TG	1	58	0	1	0	0	0	0	0	0	0	1	0	0
TG	1	63	0	0	0	0	0	0	0	0	0	0	0	0
TG	1	67	0	0	0	0	0	0	0	0	0	0	0	0
TG	1	70	2	2	2	2	0	1	0	0	0	0	0	0
TG	1	71	1	1	1	1	0	0	0	0	0	0	0	0
TG	1	83	1	3	1	1	0	0	0	0	0	0	0	0
TG	1	85	0	0	0	0	0	0	0	0	0	0	0	0
TG	1	94	1	1	1	1	0	0	0	0	0	0	0	0
TG	1	96	1	2	1	1	1	2	1	1	0	0	0	0
TG	1	97	1	1	1	1	1	1	1	1	0	1	0	0
TG	1	100	0	0	0	0	0	0	0	0	0	0	0	0
TG	1	101	0	0	0	0	0	0	0	0	0	0	0	0
TG	1	105	0	2	0	0	0	0	0	0	0	0	0	0
TG	1	124	2	2	1	1	0	1	0	0	0	0	0	0
TG	1	125	1	1	0	0	0	0	0	0	0	1	0	0
TG	1	127	0	0	0	0	0	0	0	0	0	0	0	0
TG	1	129	1	1	1	1	0	0	0	0	0	0	0	0
TG	1	132	0	0	0	0	0	0	0	0	0	0	0	0
TG	1	135	0	0	0	0	0	0	0	0	0	0	0	0
TG	1	138	0	1	0	0	0	0	0	0	0	0	0	0
TG	1	139	1	1	0	0	0	0	0	0	0	0	0	0
TG	1	143	0	1	0	0	0	0	0	0	0	1	0	0
TG	1	144	0	1	0	0	0	0	0	0	0	0	0	0
TG	1	150	1	1	0	0	0	0	0	0	0	0	0	0
TG	1	154	1	1	1	1	0	0	0	0	0	0	0	0
TG	1	155	0	0	0	0	0	0	0	0	0	0	0	0
TG	1	156	1	3	0	0	0	1	0	0	0	1	0	0
TG	1	158	1	1	0	0	0	0	0	0	0	1	0	0
TG	1	168	0	0	0	0	0	0	0	0	0	0	0	0
TG	1	182	1	2	0	0	0	1	0	0	0	1	0	0
TG	1	183	0	1	0	0	0	0	0	0	0	0	0	0
TG	1	184	0	0	0	0	0	0	0	0	0	0	0	0
TG	1	187	1	0	0	0	0	0	0	0	0	0	0	0
TG	1	192	0	1	0	0	0	0	0	0	0	1	0	0
TG	1	193	0	0	0	0	0	0	0	0	0	0	0	0
TG	1	201	0	0	0	0	0	0	0	0	0	0	0	0
TG	1	202	0	1	0	0	0	0	0	0	0	0	0	0
TG	1	203	0	1	0	0	0	0	0	0	0	0	0	0
TG	1	207	1	1	1	1	0	0	0	0	1	0	0	0
TG	1	208	0	2	0	0	0	0	0	0	0	0	0	0
TG	1	209	0	0	0	0	0	1	0	0	0	1	0	0
TG	1	211	0	1	0	0	0	0	0	0	0	0	0	0
TG	1	212	0	0	0	0	0	0	0	0	0	0	0	0
TG	1	213	0	2	0	0	0	1	0	0	0	0	0	0
TG	1	214	0	1	0	0	0	1	0	0	0	1	0	0
TG	1	217	0	0	0	0	0	0	0	0	0	0	0	0
TG	1	219	0	1	0	0	0	0	0	0	0	0	0	0
TG	1	221	0	1	0	0	0	0	0	0	0	0	0	0
TG	1	226	1	1	0	0	0	0	0	0	1	0	0	0
TG	1	228	0	0	0	0	0	0	0	0	0	0	0	0
TG	1	233	2	2	1	1	0	1	0	0	0	0	0	0
TG	1	234	1	2	1	1	0	0	0	0	0	1	0	0
TG	1	235	0	1	0	0	0	0	0	0	0	0	0	0
TG	1	238	0	0	0	0	0	0	0	0	0	0	0	0
TG	1	239	0	3	0	0	0	1	0	0	0	0	0	0
TG	1	240	1	1	1	1	0	1	0	0	0	1	0	0
TG	1	242	1	1	1	1	0	2	0	0	0	1	0	0
TG	1	243	3	4	3	3	0	1	0	0	0	3	0	0
TG	1	244	0	1	0	0	0	0	0	0	0	0	0	0
TG	1	248	0	0	0	0	0	0	0	0	0	0	0	0
TG	1	252	0	2	0	0	0	1	0	0	0	1	0	0
TG	1	254	0	1	0	0	0	0	0	0	0	0	0	0
TG	1	255	0	0	0	0	0	0	0	0	0	0	0	0
TG	1	257	0	1	0	0	0	0	0	0	0	0	0	0
TG	1	264	0	0	0	0	0	1	0	0	0	0	0	0
TG	1	274	1	0	0	0	1	0	0	0	1	0	0	0
TG	1	277	0	0	0	0	0	0	0	0	0	0	0	0
TG	1	280	1	0	0	0	1	0	0	0	0	0	0	0
TG	2	1	0	1	0	0	0	1	0	0	0	1	0	0
TG	2	2	0	1	0	0	0	0	0	0	0	1	0	0
TG	2	6	1	1	1	1	1	0	0	0	0	0	0	0
TG	2	7	0	0	0	0	0	0	0	0	0	0	0	0
TG	2	21	1	1	1	1	0	0	0	0	0	0	0	0
TG	2	34	0	0	0	0	0	0	0	0	0	0	0	0
TG	2	41	1	2	0	0	0	1	0	0	0	2	0	0
TG	2	43	0	0	0	0	0	0	0	0	0	0	0	0
TG	2	44	3	6	2	2	3	4	2	2	1	5	0	0
TG	2	45	0	1	0	0	0	0	0	0	0	0	0	0
TG	2	47	0	0	0	0	0	0	0	0	0	0	0	0
TG	2	48	1	4	0	0	0	0	0	0	0	1	0	0
TG	2	49	4	6	2	2	1	3	1	1	1	2	1	1
TG	2	50	0	0	0	0	0	0	0	0	0	0	0	0
TG	2	55	1	0	0	0	0	0	0	0	0	0	0	0
TG	2	63	2	0	0	0	0	0	0	0	0	0	0	0
TG	2	66	0	1	0	0	0	0	0	0	0	0	0	0
TG	2	69	0	0	0	0	0	0	0	0	0	0	0	0
TG	2	71	1	2	1	1	1	0	0	0	0	0	0	0
TG	2	72	1	0	0	0	0	0	0	0	0	0	0	0
TG	2	74	0	1	0	0	0	0	0	0	0	1	0	0
TG	2	76	0	1	0	0	0	0	0	0	0	0	0	0
TG	2	79	1	1	1	1	0	0	0	0	0	0	0	0
TG	2	80	1	1	0	0	0	0	0	0	0	0	0	0
TG	2	84	0	0	0	0	0	0	0	0	0	0	0	0
TG	2	85	0	1	0	0	0	0	0	0	0	0	0	0
TG	2	86	1	1	1	1	0	0	0	0	0	0	0	0
TG	2	87	1	0	0	0	0	0	0	0	0	0	0	0
TG	2	88	1	1	0	0	0	0	0	0	0	0	0	0
TG	2	89	2	2	2	2	0	0	0	0	0	1	0	0
TG	2	90	1	1	0	0	0	1	0	0	0	0	0	0
TG	2	95	0	1	0	0	0	0	0	0	0	0	0	0
TG	2	99	0	1	0	0	0	0	0	0	0	1	0	0
TG	2	115	0	0	0	0	0	0	0	0	0	0	0	0
TG	2	117	0	1	0	0	0	0	0	0	0	0	0	0
TG	2	122	1	1	1	1	0	1	0	0	0	1	0	0
TG	2	123	0	0	0	0	0	0	0	0	0	0	0	0
TG	2	124	1	2	1	1	0	0	0	0	0	1	0	0
TG	2	125	0	0	0	0	0	0	0	0	0	0	0	0
TG	2	128	1	1	1	1	0	1	0	0	0	1	0	0
TG	2	131	2	2	2	2	0	1	0	0	0	1	0	0
TG	2	132	1	1	0	0	0	0	0	0	0	0	0	0
TG	2	138	0	0	0	0	0	0	0	0	0	0	0	0
TG	2	153	0	3	0	0	0	0	0	0	0	2	0	0
TG	2	159	0	0	0	0	0	0	0	0	0	0	0	0
TG	2	161	1	0	0	0	0	0	0	0	0	0	0	0
TG	2	163	1	1	0	0	0	1	0	0	0	0	0	0
TG	2	164	0	0	0	0	0	0	0	0	0	0	0	0
TG	2	166	1	3	0	0	0	0	0	0	0	0	0	0
TG	2	168	4	4	3	3	1	2	0	0	0	3	0	0
TG	2	169	0	1	0	0	0	0	0	0	0	0	0	0
TG	2	171	1	1	0	0	0	0	0	0	1	1	0	0
TG	2	174	0	0	0	0	0	0	0	0	0	0	0	0
TG	2	176	1	1	1	1	0	0	0	0	0	0	0	0
TG	2	180	1	0	0	0	1	0	0	0	0	0	0	0
TG	2	181	0	0	0	0	0	0	0	0	0	0	0	0
TG	2	184	0	0	0	0	0	0	0	0	0	0	0	0
TG	2	186	0	1	0	0	0	0	0	0	0	0	0	0
TG	2	195	0	0	0	0	0	0	0	0	0	0	0	0
TG	2	197	0	0	0	0	0	0	0	0	0	0	0	0
TG	2	198	1	1	1	1	0	0	0	0	0	0	0	0
TG	2	199	1	2	1	1	0	0	0	0	1	1	1	1
TG	2	201	0	0	0	0	0	0	0	0	0	0	0	0
TG	2	202	0	1	0	0	0	0	0	0	0	0	0	0
TG	2	205	0	0	0	0	0	0	0	0	0	0	0	0
TG	2	210	0	0	0	0	0	0	0	0	0	0	0	0
TG	2	211	0	0	0	0	0	0	0	0	0	0	0	0
TG	2	213	0	0	0	0	0	0	0	0	0	0	0	0
TG	2	214	2	0	0	0	1	0	0	0	1	0	0	0
TG	2	217	3	5	3	3	0	2	0	0	0	0	0	0
TG	2	218	0	0	0	0	0	0	0	0	0	0	0	0
TG	2	230	2	3	1	1	1	2	1	1	1	1	0	0
TG	2	231	1	1	1	1	0	0	0	0	0	1	0	0
TG	2	235	1	2	1	1	1	1	0	0	0	1	0	0
TG	2	237	0	0	0	0	0	0	0	0	0	0	0	0
TG	2	240	0	1	0	0	0	0	0	0	0	0	0	0
TG	2	242	1	1	1	1	0	0	0	0	0	0	0	0
TG	2	250	0	0	0	0	0	0	0	0	0	0	0	0
TG	2	251	0	0	0	0	0	0	0	0	0	0	0	0
TG	2	256	1	0	0	0	0	0	0	0	0	0	0	0
TG	3	1	0	0	0	0	0	0	0	0	0	0	0	0
TG	3	8	1	1	1	1	0	0	0	0	0	0	0	0
TG	3	9	0	0	0	0	0	0	0	0	0	0	0	0
TG	3	20	0	1	0	0	0	0	0	0	0	0	0	0
TG	3	23	0	1	0	0	0	0	0	0	0	0	0	0
TG	3	24	2	4	2	2	1	2	1	1	1	2	1	1
TG	3	30	1	1	1	1	0	0	0	0	0	0	0	0
TG	3	31	0	1	0	0	0	0	0	0	0	0	0	0
TG	3	33	1	1	1	1	0	0	0	0	0	0	0	0
TG	3	35	0	0	0	0	0	0	0	0	0	0	0	0
TG	3	39	0	1	0	0	0	0	0	0	0	0	0	0
TG	3	40	0	1	0	0	0	1	0	0	0	1	0	0
TG	3	41	1	2	1	1	0	0	0	0	0	1	0	0
TG	3	49	0	0	0	0	0	0	0	0	0	0	0	0
TG	3	55	0	1	0	0	0	0	0	0	0	0	0	0
TG	3	57	0	1	0	0	0	0	0	0	0	0	0	0
TG	3	60	0	0	0	0	0	0	0	0	0	0	0	0
TG	3	62	0	1	0	0	0	0	0	0	0	0	0	0
TG	3	65	0	0	0	0	0	0	0	0	0	0	0	0
TG	3	70	1	0	0	0	0	0	0	0	0	0	0	0
TG	3	71	0	1	0	0	0	0	0	0	0	1	0	0
TG	3	77	0	0	0	0	0	0	0	0	0	0	0	0
TG	3	83	0	0	0	0	0	0	0	0	0	0	0	0
TG	3	85	1	1	1	1	0	0	0	0	0	0	0	0
TG	3	88	1	1	1	1	0	0	0	0	0	1	0	0
TG	3	89	0	1	0	0	0	1	0	0	0	1	0	0
TG	3	114	0	1	0	0	0	0	0	0	0	1	0	0
TG	3	115	1	1	0	0	0	0	0	0	1	0	0	0
TG	3	120	0	0	0	0	0	0	0	0	0	0	0	0
TG	3	121	0	0	0	0	0	0	0	0	0	0	0	0
TG	3	124	2	1	1	1	0	0	0	0	0	0	0	0
TG	3	132	0	1	0	0	0	0	0	0	0	0	0	0
TG	3	133	0	1	0	0	0	0	0	0	0	0	0	0
TG	3	136	0	1	0	0	0	2	0	0	0	2	0	0
TG	3	140	1	1	1	1	1	1	1	1	0	1	0	0
TG	3	145	2	3	2	2	0	0	0	0	1	1	1	1
TG	3	150	0	0	0	0	0	0	0	0	0	0	0	0
TG	3	155	1	2	1	1	1	0	0	0	0	1	0	0
TG	3	161	0	1	0	0	0	0	0	0	0	0	0	0
TG	3	162	0	1	0	0	0	0	0	0	0	0	0	0
TG	3	172	1	1	1	1	1	1	1	1	0	0	0	0
TG	3	173	1	1	1	1	0	0	0	0	0	0	0	0
TG	3	174	0	1	0	0	0	0	0	0	0	0	0	0
TG	3	175	2	3	1	1	0	1	0	0	0	1	0	0
TG	3	186	0	0	0	0	0	0	0	0	0	0	0	0
TG	3	191	0	0	0	0	0	0	0	0	0	0	0	0
TG	3	193	0	2	0	0	0	0	0	0	0	0	0	0
TG	3	196	1	1	1	1	0	0	0	0	0	0	0	0
TG	3	214	1	0	0	0	0	0	0	0	0	0	0	0
TG	4	1	3	5	2	2	0	2	0	0	0	5	0	0
TG	4	4	0	0	0	0	0	0	0	0	0	0	0	0
TG	4	19	0	0	0	0	0	0	0	0	0	0	0	0
TG	4	21	0	1	0	0	0	1	0	0	0	1	0	0
TG	4	28	1	2	1	1	0	0	0	0	0	0	0	0
TG	4	32	1	2	1	1	0	1	0	0	0	1	0	0
TG	4	42	1	3	1	1	0	0	0	0	0	0	0	0
TG	4	43	0	0	0	0	0	0	0	0	0	0	0	0
TG	4	48	0	0	0	0	0	0	0	0	0	0	0	0
TG	4	54	0	0	0	0	0	0	0	0	0	0	0	0
TG	4	55	1	1	1	1	0	0	0	0	0	1	0	0
TG	4	64	0	0	0	0	0	0	0	0	0	0	0	0
TG	4	66	1	1	1	1	0	0	0	0	0	0	0	0
TG	4	74	0	0	0	0	0	0	0	0	0	0	0	0
TG	4	80	1	2	1	1	1	2	1	1	0	1	0	0
TG	4	82	1	1	1	1	0	0	0	0	0	0	0	0
TG	4	84	1	0	0	0	0	0	0	0	0	0	0	0
TG	4	87	1	1	1	1	0	0	0	0	0	0	0	0
TG	4	90	0	0	0	0	0	0	0	0	0	0	0	0
TG	4	95	0	0	0	0	0	0	0	0	0	0	0	0
TG	4	97	0	1	0	0	0	0	0	0	0	0	0	0
TG	4	101	4	3	1	1	0	1	0	0	0	3	0	0
TG	4	102	1	0	0	0	0	0	0	0	0	0	0	0
TG	4	103	1	2	1	1	1	1	1	1	0	1	0	0
TG	4	109	1	1	1	1	0	0	0	0	0	1	0	0
TG	4	112	0	0	0	0	0	0	0	0	0	0	0	0
TG	4	113	3	3	0	0	1	1	0	0	0	1	0	0
TG	4	114	0	0	0	0	0	0	0	0	0	0	0	0
TG	4	115	1	1	1	1	0	0	0	0	0	0	0	0
TG	4	116	0	1	0	0	0	1	0	0	0	1	0	0
TG	4	117	0	1	0	0	0	0	0	0	0	0	0	0
TG	4	121	0	3	0	0	0	0	0	0	0	1	0	0
TG	4	122	0	0	0	0	0	0	0	0	0	0	0	0
TG	4	133	0	0	0	0	0	0	0	0	0	0	0	0
TG	4	134	0	1	0	0	0	0	0	0	0	0	0	0
TG	4	136	0	1	0	0	0	0	0	0	0	0	0	0
TG	4	139	0	0	0	0	0	0	0	0	0	0	0	0
TG	4	147	0	1	0	0	0	0	0	0	0	0	0	0
TG	4	148	0	1	0	0	0	1	0	0	0	1	0	0
TG	4	149	0	1	0	0	0	0	0	0	0	1	0	0
TG	4	150	0	1	0	0	0	0	0	0	0	0	0	0
TG	4	153	0	1	0	0	0	0	0	0	0	0	0	0
TG	4	154	0	1	0	0	0	0	0	0	0	0	0	0
TG	4	156	0	1	0	0	0	0	0	0	0	0	0	0
TG	4	159	0	1	0	0	0	0	0	0	0	0	0	0
TG	4	161	0	0	0	0	0	0	0	0	0	0	0	0
TG	4	162	0	0	0	0	0	0	0	0	0	0	0	0
TG	4	165	1	1	1	1	0	0	0	0	0	1	0	0
TG	4	180	0	0	0	0	0	0	0	0	0	0	0	0
TG	4	184	0	1	0	0	0	0	0	0	0	0	0	0
TG	4	199	0	0	0	0	0	0	0	0	0	0	0	0
TG	5	27	0	0	0	0	0	0	0	0	0	0	0	0
TG	5	33	0	0	0	0	0	0	0	0	0	0	0	0
TG	5	49	0	0	0	0	0	0	0	0	0	0	0	0
TG	5	64	2	3	2	2	0	2	0	0	0	2	0	0
TG	5	66	0	0	0	0	0	0	0	0	0	0	0	0
TG	5	68	3	2	0	0	0	1	0	0	0	1	0	0
TG	5	69	4	5	4	4	1	2	1	1	0	2	0	0
TG	5	71	1	1	1	1	0	1	0	0	0	1	0	0
TG	5	72	0	0	0	0	0	0	0	0	0	0	0	0
TG	5	74	0	0	0	0	0	0	0	0	0	0	0	0
TG	5	78	1	1	1	1	0	0	0	0	0	0	0	0
TG	5	81	2	2	0	0	0	0	0	0	0	0	0	0
TG	5	85	0	0	0	0	0	0	0	0	0	0	0	0
TG	5	88	1	0	0	0	0	0	0	0	0	0	0	0
TG	5	92	1	1	1	1	0	0	0	0	0	0	0	0
TG	5	96	0	0	0	0	0	0	0	0	0	0	0	0
TG	5	97	1	1	1	1	0	0	0	0	0	0	0	0
TG	5	102	0	1	0	0	0	0	0	0	0	0	0	0
TG	5	103	1	1	1	1	1	0	0	0	0	1	0	0
TG	5	108	0	1	0	0	0	0	0	0	0	0	0	0
TG	5	109	1	2	1	1	0	0	0	0	0	0	0	0
TG	5	111	0	0	0	0	0	0	0	0	0	0	0	0
TG	5	114	1	0	0	0	0	0	0	0	0	0	0	0
TG	5	116	0	1	0	0	0	0	0	0	0	0	0	0
TG	5	120	0	1	0	0	0	0	0	0	0	0	0	0
TG	5	127	1	1	1	1	0	0	0	0	0	0	0	0
TG	5	130	0	0	0	0	0	0	0	0	0	0	0	0
TG	5	136	0	1	0	0	0	0	0	0	0	0	0	0
TG	5	142	0	1	0	0	0	0	0	0	0	1	0	0
TG	5	145	1	1	0	0	0	0	0	0	0	0	0	0
TG	5	146	2	1	1	1	0	0	0	0	0	1	0	0
TG	5	147	1	1	0	0	1	0	0	0	0	0	0	0
TG	5	152	0	1	0	0	0	0	0	0	0	0	0	0
TG	5	156	0	1	0	0	0	0	0	0	0	0	0	0
TG	5	158	0	1	0	0	0	0	0	0	0	0	0	0
TG	5	159	0	0	0	0	0	0	0	0	0	0	0	0
TG	5	164	1	0	0	0	1	0	0	0	1	0	0	0
TG	5	166	3	3	2	2	1	2	0	0	1	2	1	1
TG	5	167	0	1	0	0	0	1	0	0	0	1	0	0
TG	5	168	3	1	1	1	1	1	1	1	0	1	0	0
TG	5	174	0	0	0	0	0	0	0	0	0	0	0	0
TG	5	177	1	0	0	0	0	0	0	0	1	0	0	0
TG	5	181	0	0	0	0	0	0	0	0	0	0	0	0
TG	5	182	1	0	0	0	0	0	0	0	0	0	0	0
TG	5	191	0	0	0	0	0	0	0	0	0	0	0	0
TG	5	192	0	0	0	0	0	0	0	0	0	0	0	0
TG	5	193	0	1	0	0	0	0	0	0	0	1	0	0
TG	5	194	1	1	1	1	0	0	0	0	0	0	0	0
TG	5	202	0	1	0	0	0	1	0	0	0	1	0	0
TG	5	205	1	0	0	0	0	0	0	0	0	0	0	0
TG	6	3	0	1	0	0	0	0	0	0	0	0	0	0
TG	6	19	0	2	0	0	0	0	0	0	0	1	0	0
TG	6	21	1	0	0	0	0	0	0	0	0	0	0	0
TG	6	27	1	1	0	0	0	0	0	0	0	1	0	0
TG	6	29	0	0	0	0	0	0	0	0	0	0	0	0
TG	6	32	0	1	0	0	0	0	0	0	0	0	0	0
TG	6	39	1	2	1	1	0	0	0	0	0	0	0	0
TG	6	43	2	4	2	2	0	0	0	0	0	1	0	0
TG	6	46	0	1	0	0	0	0	0	0	0	0	0	0
TG	6	47	0	0	0	0	0	0	0	0	0	0	0	0
TG	6	51	1	3	0	0	0	1	0	0	0	1	0	0
TG	6	52	1	1	1	1	0	0	0	0	1	0	0	0
TG	6	53	1	1	0	0	0	0	0	0	0	0	0	0
TG	6	56	0	0	0	0	0	0	0	0	0	0	0	0
TG	6	57	0	0	0	0	0	0	0	0	0	0	0	0
TG	6	58	0	1	0	0	0	0	0	0	0	0	0	0
TG	6	60	0	1	0	0	0	0	0	0	0	0	0	0
TG	6	63	3	3	3	3	0	1	0	0	1	0	0	0
TG	6	64	6	7	6	6	1	4	0	0	1	4	1	1
TG	6	73	1	1	1	1	0	0	0	0	1	1	1	1
TG	6	74	0	0	0	0	0	0	0	0	0	0	0	0
TG	6	75	1	1	1	1	0	0	0	0	0	1	0	0
TG	6	76	0	1	0	0	0	0	0	0	0	1	0	0
TG	6	81	0	0	0	0	0	0	0	0	0	0	0	0
TG	6	88	1	1	1	1	0	0	0	0	0	0	0	0
TG	6	94	0	0	0	0	0	0	0	0	0	0	0	0
TG	6	97	1	1	1	1	0	0	0	0	0	0	0	0
TG	6	98	1	0	0	0	0	0	0	0	0	0	0	0
TG	6	99	0	1	0	0	0	0	0	0	0	0	0	0
TG	6	100	0	2	0	0	0	1	0	0	0	0	0	0
TG	6	105	1	1	1	1	0	0	0	0	0	1	0	0
TG	6	106	1	1	1	1	0	0	0	0	1	0	0	0
TG	6	108	0	2	0	0	0	0	0	0	0	0	0	0
TG	6	109	2	3	1	1	0	1	0	0	0	0	0	0
TG	6	111	1	1	1	1	0	0	0	0	0	0	0	0
TG	6	112	2	1	0	0	0	0	0	0	0	0	0	0
TG	6	116	1	0	0	0	1	0	0	0	0	0	0	0
TG	6	124	3	4	2	2	1	2	0	0	0	1	0	0
TG	6	125	1	0	0	0	0	0	0	0	0	0	0	0
TG	6	127	1	1	1	1	0	0	0	0	0	0	0	0
TG	6	130	1	1	1	1	0	0	0	0	0	0	0	0
TG	6	140	0	0	0	0	0	0	0	0	0	0	0	0
TG	6	143	0	1	0	0	0	0	0	0	0	0	0	0
TG	6	146	0	1	0	0	0	0	0	0	0	0	0	0
TG	6	149	0	1	0	0	0	0	0	0	0	0	0	0
TG	6	154	1	0	0	0	0	0	0	0	0	0	0	0
TG	6	157	0	0	0	0	0	0	0	0	0	0	0	0
TG	6	158	0	1	0	0	0	0	0	0	0	0	0	0
TG	6	160	1	2	0	0	0	0	0	0	0	0	0	0
TG	6	161	1	0	0	0	0	0	0	0	0	0	0	0
TG	6	169	4	8	2	2	0	1	0	0	0	2	0	0
TG	6	173	0	1	0	0	0	0	0	0	0	0	0	0
TG	6	175	1	1	1	1	0	0	0	0	0	1	0	0
TG	6	178	1	1	1	1	0	0	0	0	0	1	0	0
TG	6	179	1	1	0	0	0	0	0	0	0	0	0	0
TG	6	182	0	1	0	0	0	0	0	0	0	0	0	0
TG	7	3	1	0	0	0	1	0	0	0	0	0	0	0
TG	7	8	0	1	0	0	0	0	0	0	0	0	0	0
TG	7	11	1	0	0	0	0	0	0	0	0	0	0	0
TG	7	12	1	0	0	0	0	0	0	0	1	0	0	0
TG	7	13	1	0	0	0	0	0	0	0	0	0	0	0
TG	7	25	0	1	0	0	0	1	0	0	0	0	0	0
TG	7	26	0	0	0	0	0	0	0	0	0	0	0	0
TG	7	29	1	0	0	0	0	0	0	0	0	0	0	0
TG	7	30	0	0	0	0	0	0	0	0	0	0	0	0
TG	7	31	2	1	1	1	0	1	0	0	0	0	0	0
TG	7	32	2	1	1	1	1	0	0	0	0	1	0	0
TG	7	33	1	1	1	1	1	1	1	1	0	0	0	0
TG	7	35	0	0	0	0	0	1	0	0	0	0	0	0
TG	7	37	0	2	0	0	0	0	0	0	0	0	0	0
TG	7	41	0	0	0	0	0	0	0	0	0	0	0	0
TG	7	42	5	4	3	3	1	3	0	0	2	2	1	1
TG	7	43	0	0	0	0	0	0	0	0	0	0	0	0
TG	7	44	0	1	0	0	0	1	0	0	0	0	0	0
TG	7	45	0	0	0	0	0	0	0	0	0	0	0	0
TG	7	48	1	0	0	0	0	0	0	0	0	0	0	0
TG	7	50	1	1	1	1	0	1	0	0	0	1	0	0
TG	7	54	0	0	0	0	0	0	0	0	0	0	0	0
TG	7	58	1	1	1	1	0	0	0	0	0	1	0	0
TG	7	64	0	0	0	0	0	0	0	0	0	0	0	0
TG	7	66	0	1	0	0	0	0	0	0	0	0	0	0
TG	7	67	2	3	2	2	0	0	0	0	0	2	0	0
TG	7	69	0	1	0	0	0	0	0	0	0	0	0	0
TG	7	73	1	0	0	0	0	0	0	0	0	0	0	0
TG	7	74	0	0	0	0	0	0	0	0	0	0	0	0
TG	7	85	4	4	1	1	0	3	0	0	1	4	0	0
TG	7	86	1	2	1	1	0	0	0	0	0	0	0	0
TG	7	87	2	1	0	0	0	0	0	0	0	0	0	0
TG	7	88	2	1	1	1	0	1	0	0	0	1	0	0
TG	7	93	0	1	0	0	0	0	0	0	0	1	0	0
TG	7	95	0	2	0	0	0	0	0	0	0	0	0	0
TG	7	103	0	1	0	0	0	1	0	0	0	0	0	0
TG	7	109	0	0	0	0	0	0	0	0	0	0	0	0
TG	7	114	0	0	0	0	0	0	0	0	0	0	0	0
TG	7	118	0	0	0	0	0	0	0	0	0	0	0	0
TG	7	119	1	1	1	1	0	0	0	0	0	0	0	0
TG	7	120	0	1	0	0	0	0	0	0	0	0	0	0
TG	7	121	0	1	0	0	0	1	0	0	0	0	0	0
TG	7	125	0	0	0	0	0	0	0	0	0	0	0	0
TG	7	127	1	1	1	1	0	0	0	0	0	1	0	0
TG	7	128	0	1	0	0	0	1	0	0	0	1	0	0
TG	7	132	0	0	0	0	0	0	0	0	0	0	0	0
TG	7	133	3	3	2	2	0	2	0	0	0	2	0	0
TG	7	143	0	1	0	0	0	0	0	0	0	0	0	0
TG	7	145	0	1	0	0	0	0	0	0	0	0	0	0
TG	7	147	1	1	0	0	0	0	0	0	0	0	0	0
TG	7	148	0	0	0	0	0	0	0	0	0	0	0	0
TG	7	161	1	1	1	1	0	0	0	0	0	1	0	0
TG	7	162	3	3	1	1	0	0	0	0	0	1	0	0
TG	7	169	0	1	0	0	0	0	0	0	0	0	0	0
TG	7	177	0	0	0	0	0	0	0	0	0	0	0	0
TG	7	184	0	1	0	0	0	0	0	0	0	0	0	0
TG	8	13	0	1	0	0	0	0	0	0	0	1	0	0
TG	8	17	0	1	0	0	0	0	0	0	0	0	0	0
TG	8	20	1	0	0	0	1	0	0	0	1	0	0	0
TG	8	21	0	1	0	0	0	1	0	0	0	0	0	0
TG	8	24	1	0	0	0	0	0	0	0	0	0	0	0
TG	8	27	0	0	0	0	0	0	0	0	0	0	0	0
TG	8	28	0	0	0	0	0	0	0	0	0	0	0	0
TG	8	29	1	1	1	1	0	1	0	0	1	1	1	1
TG	8	31	0	0	0	0	0	0	0	0	0	0	0	0
TG	8	32	14	8	4	4	3	9	2	2	3	7	1	1
TG	8	33	3	3	0	0	0	3	0	0	1	1	0	0
TG	8	34	0	1	0	0	0	0	0	0	0	0	0	0
TG	8	35	0	0	0	0	0	0	0	0	0	0	0	0
TG	8	38	0	1	0	0	0	0	0	0	0	0	0	0
TG	8	39	1	1	1	1	0	0	0	0	0	0	0	0
TG	8	40	1	1	1	1	0	0	0	0	0	0	0	0
TG	8	41	0	0	0	0	0	0	0	0	0	0	0	0
TG	8	42	0	2	0	0	0	0	0	0	0	0	0	0
TG	8	46	0	0	0	0	0	0	0	0	0	0	0	0
TG	8	48	1	0	0	0	0	0	0	0	0	0	0	0
TG	8	51	0	0	0	0	0	0	0	0	0	0	0	0
TG	8	53	1	1	1	1	0	1	0	0	0	0	0	0
TG	8	54	1	1	1	1	0	0	0	0	0	1	0	0
TG	8	55	1	1	1	1	0	1	0	0	0	0	0	0
TG	8	65	1	1	1	1	0	0	0	0	0	0	0	0
TG	8	66	1	1	1	1	0	0	0	0	0	0	0	0
TG	8	68	2	2	2	2	0	0	0	0	1	1	0	0
TG	8	69	0	1	0	0	0	0	0	0	0	1	0	0
TG	8	71	1	1	1	1	0	0	0	0	0	0	0	0
TG	8	77	1	1	1	1	0	0	0	0	0	0	0	0
TG	8	78	2	2	1	1	0	1	0	0	0	2	0	0
TG	8	80	0	0	0	0	0	0	0	0	0	0	0	0
TG	8	83	0	1	0	0	0	0	0	0	0	1	0	0
TG	8	84	0	0	0	0	0	0	0	0	0	0	0	0
TG	8	85	0	0	0	0	0	0	0	0	0	0	0	0
TG	8	86	0	0	0	0	0	0	0	0	0	0	0	0
TG	8	88	0	1	0	0	0	0	0	0	0	0	0	0
TG	8	92	0	0	0	0	0	0	0	0	0	0	0	0
TG	8	107	0	1	0	0	0	0	0	0	0	0	0	0
TG	8	108	1	1	1	1	0	1	0	0	1	0	0	0
TG	8	113	2	3	2	2	0	0	0	0	0	1	0	0
TG	8	114	1	1	1	1	0	0	0	0	0	1	0	0
TG	8	124	0	1	0	0	0	1	0	0	0	0	0	0
TG	8	125	8	4	4	4	2	2	1	1	3	4	2	2
TG	8	126	0	0	0	0	0	0	0	0	0	0	0	0
TG	8	130	1	0	0	0	1	1	0	0	0	1	0	0
TG	8	133	1	0	0	0	0	0	0	0	0	0	0	0
TG	8	141	0	2	0	0	0	0	0	0	0	1	0	0
TG	8	154	0	1	0	0	0	0	0	0	0	0	0	0
TG	8	159	0	1	0	0	0	1	0	0	0	0	0	0
TG	9	1	1	1	1	1	0	1	0	0	0	1	0	0
TG	9	4	0	1	0	0	0	0	0	0	0	0	0	0
TG	9	9	0	0	0	0	0	0	0	0	0	0	0	0
TG	9	13	0	1	0	0	0	0	0	0	0	1	0	0
TG	9	27	1	3	0	0	0	0	0	0	0	0	0	0
TG	9	28	1	1	0	0	0	0	0	0	0	0	0	0
TG	9	31	1	2	1	1	0	0	0	0	0	1	0	0
TG	9	32	0	0	0	0	0	0	0	0	0	0	0	0
TG	9	33	1	2	1	1	0	0	0	0	0	0	0	0
TG	9	39	0	1	0	0	0	0	0	0	0	0	0	0
TG	9	41	0	0	0	0	0	0	0	0	0	0	0	0
TG	9	48	1	1	0	0	0	0	0	0	0	0	0	0
TG	9	50	0	1	0	0	0	1	0	0	0	0	0	0
TG	9	53	0	2	0	0	0	0	0	0	0	0	0	0
TG	9	71	0	0	0	0	0	0	0	0	0	0	0	0
TG	9	72	0	0	0	0	0	0	0	0	0	0	0	0
TG	9	77	0	0	0	0	0	0	0	0	0	0	0	0
TG	9	84	1	1	1	1	0	0	0	0	0	0	0	0
TG	9	93	2	1	1	1	1	0	0	0	0	1	0	0
TG	9	97	0	0	0	0	0	0	0	0	0	0	0	0
TG	9	98	1	1	1	1	1	0	0	0	0	0	0	0
TG	9	100	0	1	0	0	0	0	0	0	0	0	0	0
TG	9	102	1	1	1	1	0	0	0	0	0	0	0	0
TG	9	105	0	0	0	0	0	0	0	0	0	0	0	0
TG	9	106	0	0	0	0	0	0	0	0	0	0	0	0
TG	9	107	0	1	0	0	0	1	0	0	0	0	0	0
TG	9	110	0	1	0	0	0	0	0	0	0	1	0	0
TG	9	111	2	3	2	2	0	1	0	0	0	1	0	0
TG	9	112	0	2	0	0	0	2	0	0	0	2	0	0
TG	9	114	0	1	0	0	0	0	0	0	0	0	0	0
TG	9	115	0	0	0	0	0	0	0	0	0	0	0	0
TG	9	116	2	1	1	1	0	0	0	0	0	1	0	0
TG	9	118	0	1	0	0	0	1	0	0	0	1	0	0
TG	9	124	0	1	0	0	0	0	0	0	0	0	0	0
TG	9	128	1	1	1	1	0	0	0	0	0	0	0	0
TG	9	129	0	0	0	0	0	0	0	0	0	0	0	0
TG	9	134	1	1	1	1	0	0	0	0	0	1	0	0
TG	9	135	0	1	0	0	0	0	0	0	0	0	0	0
TG	9	136	0	2	0	0	0	0	0	0	0	0	0	0
TG	9	138	0	0	0	0	0	0	0	0	0	0	0	0
TG	9	140	0	0	0	0	0	0	0	0	0	0	0	0
TG	9	142	0	0	0	0	0	0	0	0	0	0	0	0
TG	9	149	1	1	1	1	1	0	0	0	1	0	0	0
TG	9	160	0	1	0	0	0	0	0	0	0	0	0	0
TG	9	161	1	1	1	1	1	0	0	0	0	0	0	0
TG	10	13	1	1	1	1	0	1	0	0	0	1	0	0
TG	10	14	0	1	0	0	0	0	0	0	0	0	0	0
TG	10	20	1	0	0	0	0	0	0	0	0	0	0	0
TG	10	22	1	1	0	0	1	0	0	0	0	0	0	0
TG	10	26	0	0	0	0	0	0	0	0	0	0	0	0
TG	10	34	0	1	0	0	0	0	0	0	0	0	0	0
TG	10	43	1	1	1	1	0	0	0	0	0	0	0	0
TG	10	44	0	1	0	0	0	0	0	0	0	0	0	0
TG	10	45	0	0	0	0	0	0	0	0	0	0	0	0
TG	10	48	0	0	0	0	0	0	0	0	0	0	0	0
TG	10	49	0	1	0	0	0	0	0	0	0	0	0	0
TG	10	59	0	1	0	0	0	0	0	0	0	0	0	0
TG	10	60	2	2	2	2	0	0	0	0	0	1	0	0
TG	10	61	0	1	0	0	0	0	0	0	0	0	0	0
TG	10	64	0	1	0	0	0	0	0	0	0	0	0	0
TG	10	70	0	1	0	0	0	0	0	0	0	0	0	0
TG	10	76	1	0	0	0	0	0	0	0	0	0	0	0
TG	10	78	1	0	0	0	0	0	0	0	0	0	0	0
TG	10	79	2	3	0	0	0	0	0	0	0	0	0	0
TG	10	80	1	2	1	1	1	1	1	1	0	2	0	0
TG	10	81	1	2	1	1	0	1	0	0	0	2	0	0
TG	10	84	0	1	0	0	0	0	0	0	0	0	0	0
TG	10	85	0	1	0	0	0	0	0	0	0	1	0	0
TG	10	92	1	2	1	1	0	1	0	0	0	1	0	0
TG	10	93	2	1	1	1	0	0	0	0	0	0	0	0
TG	10	99	0	0	0	0	0	0	0	0	0	0	0	0
TG	10	100	1	1	0	0	0	1	0	0	0	1	0	0
TG	10	109	0	0	0	0	0	0	0	0	0	0	0	0
TG	10	110	1	1	1	1	0	0	0	0	0	0	0	0
TG	10	111	0	1	0	0	0	0	0	0	0	1	0	0
TG	10	112	0	1	0	0	0	0	0	0	0	0	0	0
TG	10	117	6	8	6	6	0	2	0	0	1	2	0	0
TG	10	120	0	2	0	0	0	1	0	0	0	1	0	0
TG	10	123	0	0	0	0	0	0	0	0	0	0	0	0
TG	10	124	1	1	1	1	0	0	0	0	0	0	0	0
TG	10	126	1	1	1	1	0	0	0	0	0	1	0	0
TG	10	129	0	1	0	0	0	0	0	0	0	0	0	0
TG	10	131	0	0	0	0	0	0	0	0	0	0	0	0
TG	10	136	0	1	0	0	0	1	0	0	0	0	0	0
TG	10	137	1	1	1	1	0	0	0	0	0	1	0	0
TG	10	138	2	4	2	2	0	1	0	0	0	1	0	0
TG	10	140	0	1	0	0	0	0	0	0	0	0	0	0
TG	10	142	2	2	2	2	0	0	0	0	1	2	1	1
TG	10	144	0	0	0	0	0	0	0	0	0	0	0	0
TG	10	145	0	1	0	0	0	0	0	0	0	0	0	0
TG	10	148	0	1	0	0	0	0	0	0	0	0	0	0
TG	10	152	1	2	0	0	0	1	0	0	0	1	0	0
TG	10	167	0	1	0	0	0	0	0	0	0	0	0	0
TG	10	176	0	2	0	0	0	0	0	0	0	0	0	0
TG	10	177	0	0	0	0	0	0	0	0	0	0	0	0
TG	11	2	0	1	0	0	0	0	0	0	0	0	0	0
TG	11	4	1	1	0	0	0	0	0	0	1	0	0	0
TG	11	7	0	2	0	0	0	0	0	0	0	0	0	0
TG	11	11	0	0	0	0	0	0	0	0	0	0	0	0
TG	11	14	0	1	0	0	0	0	0	0	0	1	0	0
TG	11	19	1	1	1	1	0	0	0	0	0	0	0	0
TG	11	22	1	1	1	1	0	0	0	0	0	0	0	0
TG	11	27	1	1	1	1	0	0	0	0	0	1	0	0
TG	11	28	1	1	1	1	0	0	0	0	0	0	0	0
TG	11	29	1	0	0	0	0	0	0	0	0	0	0	0
TG	11	33	0	1	0	0	0	0	0	0	0	0	0	0
TG	11	51	0	1	0	0	0	0	0	0	0	1	0	0
TG	11	52	1	2	0	0	0	0	0	0	0	0	0	0
TG	11	53	0	1	0	0	0	0	0	0	0	0	0	0
TG	11	54	1	2	0	0	0	0	0	0	0	1	0	0
TG	11	56	0	0	0	0	0	0	0	0	0	0	0	0
TG	11	57	0	0	0	0	0	0	0	0	0	0	0	0
TG	11	65	0	1	0	0	0	0	0	0	0	0	0	0
TG	11	70	1	1	1	1	0	0	0	0	0	0	0	0
TG	11	75	0	0	0	0	0	0	0	0	0	0	0	0
TG	11	76	4	4	2	2	0	1	0	0	2	1	0	0
TG	11	77	1	1	1	1	0	0	0	0	0	0	0	0
TG	11	78	2	2	2	2	0	0	0	0	0	1	0	0
TG	11	79	2	3	0	0	0	1	0	0	0	2	0	0
TG	11	80	2	2	2	2	0	0	0	0	0	0	0	0
TG	11	81	0	0	0	0	0	0	0	0	0	0	0	0
TG	11	83	0	0	0	0	0	0	0	0	0	0	0	0
TG	11	89	1	1	1	1	0	0	0	0	0	0	0	0
TG	11	90	1	2	1	1	0	0	0	0	0	0	0	0
TG	11	104	0	1	0	0	0	0	0	0	0	0	0	0
TG	11	108	0	1	0	0	0	0	0	0	0	0	0	0
TG	11	112	0	0	0	0	0	0	0	0	0	0	0	0
TG	11	114	0	0	0	0	0	0	0	0	0	0	0	0
TG	11	117	0	0	0	0	0	0	0	0	0	0	0	0
TG	11	121	1	2	1	1	0	0	0	0	0	1	0	0
TG	11	123	2	1	1	1	0	0	0	0	1	1	0	0
TG	11	125	0	0	0	0	0	0	0	0	0	0	0	0
TG	11	126	0	1	0	0	0	0	0	0	0	1	0	0
TG	11	127	0	0	0	0	0	0	0	0	0	0	0	0
TG	11	128	5	6	3	3	0	2	0	0	0	3	0	0
TG	11	129	4	17	3	3	1	12	0	0	2	15	2	2
TG	11	130	4	9	3	3	3	1	0	0	1	3	0	0
TG	11	131	0	0	0	0	0	0	0	0	0	0	0	0
TG	11	133	1	1	0	0	0	0	0	0	0	0	0	0
TG	11	134	0	0	0	0	0	0	0	0	0	0	0	0
TG	11	138	0	0	0	0	0	0	0	0	0	0	0	0
TG	11	140	0	0	0	0	0	0	0	0	0	0	0	0
TG	11	147	0	1	0	0	0	0	0	0	0	0	0	0
TG	11	149	0	0	0	0	0	0	0	0	0	0	0	0
TG	11	151	0	0	0	0	0	1	0	0	0	1	0	0
TG	11	162	0	0	0	0	0	0	0	0	0	0	0	0
TG	12	1	0	1	0	0	0	0	0	0	0	0	0	0
TG	12	4	0	1	0	0	0	0	0	0	0	0	0	0
TG	12	12	0	2	0	0	0	2	0	0	0	0	0	0
TG	12	13	0	0	0	0	0	0	0	0	0	0	0	0
TG	12	17	1	1	0	0	0	0	0	0	0	1	0	0
TG	12	18	0	2	0	0	0	1	0	0	0	1	0	0
TG	12	23	1	1	1	1	0	0	0	0	0	0	0	0
TG	12	26	1	1	1	1	0	0	0	0	0	0	0	0
TG	12	28	0	0	0	0	0	0	0	0	0	0	0	0
TG	12	29	0	0	0	0	0	0	0	0	0	0	0	0
TG	12	31	0	0	0	0	0	0	0	0	0	0	0	0
TG	12	32	0	1	0	0	0	0	0	0	0	0	0	0
TG	12	33	0	1	0	0	0	1	0	0	0	0	0	0
TG	12	34	0	0	0	0	0	0	0	0	0	0	0	0
TG	12	35	3	1	1	1	1	0	0	0	0	0	0	0
TG	12	38	0	1	0	0	0	0	0	0	0	1	0	0
TG	12	40	2	1	1	1	0	1	0	0	0	1	0	0
TG	12	41	2	2	2	2	0	1	0	0	1	0	0	0
TG	12	42	2	2	1	1	0	1	0	0	0	1	0	0
TG	12	45	1	0	0	0	0	0	0	0	0	0	0	0
TG	12	47	0	0	0	0	0	0	0	0	0	0	0	0
TG	12	48	1	1	1	1	0	1	0	0	0	0	0	0
TG	12	49	0	0	0	0	0	0	0	0	0	0	0	0
TG	12	51	1	1	1	1	0	1	0	0	1	1	1	1
TG	12	57	0	1	0	0	0	0	0	0	0	0	0	0
TG	12	58	0	0	0	0	0	0	0	0	0	0	0	0
TG	12	59	2	3	2	2	0	0	0	0	0	0	0	0
TG	12	60	0	0	0	0	0	0	0	0	0	0	0	0
TG	12	62	1	0	0	0	0	0	0	0	0	0	0	0
TG	12	63	0	1	0	0	0	0	0	0	0	0	0	0
TG	12	64	0	2	0	0	0	0	0	0	0	1	0	0
TG	12	66	0	1	0	0	0	0	0	0	0	1	0	0
TG	12	67	1	1	0	0	0	1	0	0	0	1	0	0
TG	12	68	1	1	1	1	0	0	0	0	0	0	0	0
TG	12	69	0	0	0	0	0	0	0	0	0	0	0	0
TG	12	70	2	3	2	2	0	0	0	0	0	0	0	0
TG	12	71	2	3	1	1	0	1	0	0	1	2	1	1
TG	12	72	1	1	1	1	0	0	0	0	0	0	0	0
TG	12	73	1	1	1	1	0	1	0	0	0	0	0	0
TG	12	74	0	0	0	0	0	0	0	0	0	0	0	0
TG	12	75	2	2	2	2	0	0	0	0	0	0	0	0
TG	12	76	1	1	0	0	0	0	0	0	0	0	0	0
TG	12	77	1	0	0	0	0	0	0	0	0	0	0	0
TG	12	80	1	2	1	1	0	0	0	0	0	0	0	0
TG	12	88	0	1	0	0	0	0	0	0	0	1	0	0
TG	12	92	0	1	0	0	0	0	0	0	0	0	0	0
TG	12	94	0	1	0	0	0	0	0	0	0	0	0	0
TG	12	102	0	1	0	0	0	0	0	0	0	1	0	0
TG	12	103	0	1	0	0	0	1	0	0	0	0	0	0
TG	12	104	0	1	0	0	0	0	0	0	0	1	0	0
TG	12	113	0	1	0	0	0	0	0	0	0	0	0	0
TG	12	114	0	1	0	0	0	0	0	0	0	0	0	0
TG	12	117	0	0	0	0	0	0	0	0	0	0	0	0
TG	12	119	1	2	0	0	0	0	0	0	0	0	0	0
TG	12	120	0	1	0	0	0	0	0	0	0	0	0	0
TG	12	121	2	2	2	2	0	1	0	0	0	2	0	0
TG	12	122	1	3	1	1	0	0	0	0	0	0	0	0
TG	12	125	0	0	0	0	0	0	0	0	0	0	0	0
TG	12	128	1	1	0	0	0	0	0	0	0	1	0	0
TG	12	132	0	0	0	0	0	0	0	0	0	0	0	0
TG	12	138	2	0	0	0	0	0	0	0	0	0	0	0
TG	12	139	4	4	3	3	1	1	0	0	2	1	0	0
TG	12	140	1	2	1	1	0	1	0	0	0	0	0	0
TG	12	141	0	1	0	0	0	0	0	0	0	0	0	0
TG	13	8	1	1	1	1	1	1	1	1	0	0	0	0
TG	13	13	1	1	1	1	0	0	0	0	0	0	0	0
TG	13	16	0	1	0	0	0	0	0	0	0	0	0	0
TG	13	20	1	1	1	1	0	1	0	0	0	0	0	0
TG	13	21	1	1	1	1	0	0	0	0	0	1	0	0
TG	13	36	0	0	0	0	0	0	0	0	0	0	0	0
TG	13	40	0	1	0	0	0	0	0	0	0	0	0	0
TG	13	45	0	0	0	0	0	0	0	0	0	0	0	0
TG	13	47	0	0	0	0	0	0	0	0	0	0	0	0
TG	13	50	4	2	0	0	0	1	0	0	0	1	0	0
TG	13	53	0	0	0	0	0	0	0	0	0	0	0	0
TG	13	54	0	1	0	0	0	0	0	0	0	0	0	0
TG	13	55	0	0	0	0	0	0	0	0	0	0	0	0
TG	13	58	0	0	0	0	0	0	0	0	0	0	0	0
TG	13	60	0	0	0	0	0	0	0	0	0	0	0	0
TG	13	64	1	1	1	1	0	0	0	0	0	0	0	0
TG	13	70	0	0	0	0	0	0	0	0	0	0	0	0
TG	13	72	0	0	0	0	0	0	0	0	0	0	0	0
TG	13	84	1	1	1	1	0	0	0	0	0	1	0	0
TG	13	88	0	1	0	0	0	0	0	0	0	0	0	0
TG	13	90	0	0	0	0	0	0	0	0	0	0	0	0
TG	13	95	0	0	0	0	0	0	0	0	0	0	0	0
TG	13	96	0	0	0	0	0	0	0	0	0	0	0	0
TG	13	108	1	1	1	1	0	0	0	0	0	1	0	0
TG	13	115	0	1	0	0	0	0	0	0	0	0	0	0
TG	13	118	0	1	0	0	0	0	0	0	0	0	0	0
TG	13	125	1	1	0	0	0	0	0	0	0	0	0	0
TG	14	11	1	1	1	1	0	0	0	0	0	1	0	0
TG	14	13	0	0	0	0	0	0	0	0	0	0	0	0
TG	14	14	0	0	0	0	0	0	0	0	0	0	0	0
TG	14	19	1	1	0	0	0	0	0	0	0	1	0	0
TG	14	24	0	0	0	0	0	0	0	0	0	0	0	0
TG	14	31	0	0	0	0	0	0	0	0	0	0	0	0
TG	14	35	0	2	0	0	0	0	0	0	0	1	0	0
TG	14	42	0	1	0	0	0	0	0	0	0	0	0	0
TG	14	44	0	0	0	0	0	0	0	0	0	0	0	0
TG	14	46	1	2	0	0	0	0	0	0	0	2	0	0
TG	14	47	0	1	0	0	0	0	0	0	0	0	0	0
TG	14	51	0	0	0	0	0	0	0	0	0	0	0	0
TG	14	56	0	1	0	0	0	0	0	0	0	0	0	0
TG	14	57	0	1	0	0	0	1	0	0	0	1	0	0
TG	14	63	1	1	1	1	1	1	1	1	0	0	0	0
TG	14	64	0	0	0	0	0	0	0	0	0	0	0	0
TG	14	66	0	1	0	0	0	0	0	0	0	1	0	0
TG	14	67	2	2	1	1	0	0	0	0	0	2	0	0
TG	14	70	0	1	0	0	0	0	0	0	0	0	0	0
TG	14	72	0	0	0	0	0	0	0	0	0	0	0	0
TG	14	80	1	0	0	0	0	0	0	0	0	0	0	0
TG	14	81	0	0	0	0	0	0	0	0	0	0	0	0
TG	14	84	0	1	0	0	0	0	0	0	0	0	0	0
TG	14	95	1	1	1	1	0	0	0	0	0	0	0	0
TG	14	96	1	1	1	1	0	0	0	0	0	0	0	0
TG	14	105	0	1	0	0	0	0	0	0	0	0	0	0
TG	14	106	0	1	0	0	0	0	0	0	0	0	0	0
TG	14	120	0	0	0	0	0	0	0	0	0	0	0	0
TG	14	121	2	2	0	0	0	0	0	0	0	1	0	0
TG	14	126	0	0	0	0	0	0	0	0	0	0	0	0
TG	14	127	1	1	1	1	0	0	0	0	0	0	0	0
TG	14	129	0	0	0	0	0	0	0	0	0	0	0	0
TG	15	22	0	2	0	0	0	0	0	0	0	0	0	0
TG	15	28	1	1	1	1	0	0	0	0	0	0	0	0
TG	15	34	1	1	1	1	0	0	0	0	0	1	0	0
TG	15	35	1	1	1	1	0	0	0	0	0	0	0	0
TG	15	37	1	2	1	1	0	1	0	0	0	1	0	0
TG	15	38	4	4	4	4	1	0	0	0	1	1	0	0
TG	15	39	0	0	0	0	0	0	0	0	0	0	0	0
TG	15	41	0	1	0	0	0	0	0	0	0	0	0	0
TG	15	45	1	1	1	1	0	0	0	0	0	0	0	0
TG	15	48	0	0	0	0	0	0	0	0	0	0	0	0
TG	15	49	0	0	0	0	0	0	0	0	0	0	0	0
TG	15	50	1	2	1	1	0	0	0	0	0	0	0	0
TG	15	52	2	4	2	2	0	2	0	0	0	4	0	0
TG	15	53	1	3	1	1	0	2	0	0	0	3	0	0
TG	15	54	0	0	0	0	0	0	0	0	0	0	0	0
TG	15	56	0	1	0	0	0	0	0	0	0	0	0	0
TG	15	59	1	2	1	1	0	0	0	0	0	1	0	0
TG	15	62	3	4	3	3	0	0	0	0	0	2	0	0
TG	15	64	1	1	1	1	0	0	0	0	0	0	0	0
TG	15	66	1	3	1	1	0	1	0	0	0	1	0	0
TG	15	71	0	0	0	0	0	0	0	0	0	0	0	0
TG	15	72	1	0	0	0	0	0	0	0	0	0	0	0
TG	15	73	1	1	1	1	0	0	0	0	0	0	0	0
TG	15	85	0	0	0	0	0	0	0	0	0	0	0	0
TG	15	99	1	1	1	1	0	0	0	0	0	0	0	0
TG	15	108	0	0	0	0	0	0	0	0	0	0	0	0
TG	15	111	0	1	0	0	0	1	0	0	0	0	0	0
TG	15	117	1	1	0	0	0	0	0	0	0	0	0	0
TG	15	118	2	1	1	1	2	1	1	1	0	1	0	0
TG	16	1	1	1	1	1	0	0	0	0	0	0	0	0
TG	16	2	1	1	1	1	0	0	0	0	1	0	0	0
TG	16	4	0	0	0	0	0	0	0	0	0	0	0	0
TG	16	5	1	1	1	1	0	0	0	0	0	0	0	0
TG	16	7	0	0	0	0	0	0	0	0	0	0	0	0
TG	16	9	2	3	2	2	1	1	1	1	0	1	0	0
TG	16	17	0	0	0	0	0	0	0	0	0	0	0	0
TG	16	24	0	0	0	0	0	0	0	0	0	0	0	0
TG	16	25	0	0	0	0	0	0	0	0	0	0	0	0
TG	16	33	1	1	1	1	0	0	0	0	0	0	0	0
TG	16	37	2	2	2	2	1	2	0	0	1	2	0	0
TG	16	59	2	2	2	2	0	0	0	0	1	1	1	1
TG	16	62	0	1	0	0	0	0	0	0	0	0	0	0
TG	16	64	0	0	0	0	0	0	0	0	0	0	0	0
TG	16	68	0	1	0	0	0	0	0	0	0	1	0	0
TG	16	75	2	2	2	2	0	2	0	0	0	2	0	0
TG	16	76	0	1	0	0	0	0	0	0	0	0	0	0
TG	16	85	1	1	0	0	0	1	0	0	0	1	0	0
TG	16	88	0	1	0	0	0	0	0	0	0	0	0	0
TG	16	89	4	4	4	4	0	1	0	0	2	3	1	1
TG	16	90	0	1	0	0	0	0	0	0	0	0	0	0
TG	16	93	1	0	0	0	0	0	0	0	0	0	0	0
TG	16	94	0	1	0	0	0	0	0	0	0	0	0	0
TG	16	100	0	0	0	0	0	0	0	0	0	0	0	0
TG	16	103	1	1	0	0	0	0	0	0	0	0	0	0
TG	16	104	2	3	2	2	0	1	0	0	0	2	0	0
TG	16	105	0	1	0	0	0	0	0	0	0	1	0	0
TG	16	107	0	0	0	0	0	0	0	0	0	0	0	0
TG	16	110	0	0	0	0	0	0	0	0	0	0	0	0
TG	16	114	2	1	1	1	1	0	0	0	0	0	0	0
TG	16	116	0	0	0	0	0	0	0	0	0	0	0	0
TG	16	119	0	1	0	0	0	0	0	0	0	0	0	0
TG	16	125	1	1	1	1	0	0	0	0	0	0	0	0
TG	16	128	0	1	0	0	0	0	0	0	0	1	0	0
TG	17	3	1	1	1	1	0	0	0	0	0	0	0	0
TG	17	8	0	0	0	0	0	0	0	0	0	0	0	0
TG	17	9	1	2	1	1	0	1	0	0	0	1	0	0
TG	17	15	0	1	0	0	0	0	0	0	0	0	0	0
TG	17	16	0	0	0	0	0	0	0	0	0	0	0	0
TG	17	17	2	2	1	1	0	2	0	0	0	1	0	0
TG	17	23	1	2	1	1	1	0	0	0	0	0	0	0
TG	17	24	2	2	1	1	0	0	0	0	0	2	0	0
TG	17	45	0	1	0	0	0	0	0	0	0	0	0	0
TG	17	51	2	3	2	2	1	1	1	1	0	2	0	0
TG	17	55	1	2	1	1	0	0	0	0	0	1	0	0
TG	17	66	0	1	0	0	0	0	0	0	0	0	0	0
TG	17	73	9	7	3	3	1	0	0	0	1	3	0	0
TG	17	74	1	1	0	0	0	0	0	0	0	0	0	0
TG	17	75	2	2	1	1	0	2	0	0	0	0	0	0
TG	17	76	1	3	0	0	0	0	0	0	0	1	0	0
TG	17	79	1	1	1	1	0	0	0	0	0	1	0	0
TG	17	80	0	1	0	0	0	0	0	0	0	1	0	0
TG	17	87	0	2	0	0	0	0	0	0	0	1	0	0
TG	17	90	2	2	2	2	0	0	0	0	0	2	0	0
TG	17	94	0	1	0	0	0	0	0	0	0	0	0	0
TG	17	97	2	1	0	0	0	0	0	0	1	1	0	0
TG	17	98	0	1	0	0	0	0	0	0	0	0	0	0
TG	17	99	0	1	0	0	0	0	0	0	0	0	0	0
TG	17	100	1	2	1	1	0	1	0	0	0	2	0	0
TG	17	101	1	1	1	1	0	1	0	0	0	1	0	0
TG	17	102	1	1	1	1	0	0	0	0	0	1	0	0
TG	17	103	0	1	0	0	0	0	0	0	0	0	0	0
TG	17	105	1	1	1	1	0	0	0	0	0	1	0	0
TG	17	108	1	1	1	1	0	0	0	0	0	0	0	0
TG	17	117	1	1	0	0	0	0	0	0	0	1	0	0
TG	17	118	3	3	2	2	1	2	1	1	0	1	0	0
TG	17	123	2	0	0	0	1	0	0	0	1	0	0	0
TG	17	125	2	2	2	2	0	1	0	0	0	0	0	0
TG	17	133	1	1	1	1	0	0	0	0	0	1	0	0
TG	18	1	1	2	1	1	0	1	0	0	0	0	0	0
TG	18	6	0	0	0	0	0	0	0	0	0	0	0	0
TG	18	7	0	0	0	0	0	0	0	0	0	0	0	0
TG	18	22	0	0	0	0	0	0	0	0	0	0	0	0
TG	18	23	0	0	0	0	0	0	0	0	0	0	0	0
TG	18	28	0	1	0	0	0	1	0	0	0	0	0	0
TG	18	39	0	1	0	0	0	1	0	0	0	1	0	0
TG	18	41	1	3	1	1	0	0	0	0	0	0	0	0
TG	18	42	1	1	1	1	0	0	0	0	0	0	0	0
TG	18	52	0	0	0	0	0	0	0	0	0	0	0	0
TG	18	60	0	0	0	0	0	0	0	0	0	0	0	0
TG	18	61	0	1	0	0	0	0	0	0	0	0	0	0
TG	18	65	0	0	0	0	0	0	0	0	0	0	0	0
TG	18	69	0	0	0	0	0	0	0	0	0	0	0	0
TG	18	74	0	0	0	0	0	0	0	0	0	0	0	0
TG	18	77	0	1	0	0	0	0	0	0	0	0	0	0
TG	18	79	0	0	0	0	0	0	0	0	0	0	0	0
TG	18	80	1	0	0	0	0	0	0	0	0	0	0	0
TG	18	82	0	2	0	0	0	1	0	0	0	1	0	0
TG	18	85	0	0	0	0	0	0	0	0	0	0	0	0
TG	18	86	0	1	0	0	0	1	0	0	0	1	0	0
TG	18	87	0	1	0	0	0	1	0	0	0	1	0	0
TG	18	120	0	1	0	0	0	0	0	0	0	1	0	0
TG	19	1	0	0	0	0	0	0	0	0	0	0	0	0
TG	19	4	0	2	0	0	0	0	0	0	0	0	0	0
TG	19	5	0	1	0	0	0	1	0	0	0	0	0	0
TG	19	6	0	0	0	0	0	0	0	0	0	0	0	0
TG	19	10	0	0	0	0	0	0	0	0	0	0	0	0
TG	19	15	0	1	0	0	0	0	0	0	0	0	0	0
TG	19	16	0	1	0	0	0	0	0	0	0	0	0	0
TG	19	19	1	2	1	1	0	2	0	0	0	1	0	0
TG	19	20	0	3	0	0	0	0	0	0	0	1	0	0
TG	19	21	0	0	0	0	0	0	0	0	0	0	0	0
TG	19	22	1	3	1	2	0	1	0	0	0	0	0	0
TG	19	29	3	2	2	2	1	0	0	0	0	0	0	0
TG	19	30	2	1	1	1	0	0	0	0	2	1	1	1
TG	19	32	2	2	1	1	0	0	0	0	0	2	0	0
TG	19	33	7	6	6	6	0	2	0	0	0	1	0	0
TG	19	34	0	0	0	0	0	0	0	0	0	0	0	0
TG	19	35	0	1	0	0	0	0	0	0	0	0	0	0
TG	19	37	1	1	0	0	0	1	0	0	1	1	0	0
TG	19	38	2	2	2	2	0	2	0	0	1	1	1	1
TG	19	39	1	0	0	0	0	0	0	0	1	0	0	0
TG	19	45	1	1	0	0	0	0	0	0	0	0	0	0
TG	19	51	0	4	0	0	0	0	0	0	0	2	0	0
TG	19	52	1	3	0	0	0	0	0	0	0	0	0	0
TG	19	53	2	3	2	2	0	1	0	0	0	2	0	0
TG	19	54	0	0	0	0	0	0	0	0	0	0	0	0
TG	19	62	0	1	0	0	0	0	0	0	0	0	0	0
TG	19	63	2	3	0	0	0	3	0	0	0	3	0	0
TG	19	64	2	2	2	2	0	2	0	0	1	1	1	1
TG	19	65	1	1	0	0	0	0	0	0	0	1	0	0
TG	19	67	1	1	0	0	0	0	0	0	0	0	0	0
TG	19	69	0	0	0	0	0	0	0	0	0	0	0	0
TG	19	70	0	0	0	0	0	0	0	0	0	0	0	0
TG	19	71	1	1	1	1	0	0	0	0	0	0	0	0
TG	19	72	1	0	0	0	0	0	0	0	0	0	0	0
TG	19	74	2	3	2	2	0	0	0	0	0	1	0	0
TG	19	75	11	16	9	9	3	12	1	1	2	11	2	2
TG	19	76	3	4	1	1	1	2	0	0	1	1	1	1
TG	19	77	1	4	1	1	0	0	0	0	0	1	0	0
TG	19	79	0	0	0	0	0	0	0	0	0	0	0	0
TG	19	80	1	1	1	1	0	1	0	0	0	0	0	0
TG	19	81	3	3	3	3	0	1	0	0	1	1	1	1
TG	19	90	0	0	0	0	0	0	0	0	0	0	0	0
TG	19	93	0	0	0	0	0	0	0	0	0	1	0	0
TG	19	98	0	1	0	0	0	0	0	0	0	0	0	0
TG	19	104	1	1	1	1	0	1	0	0	1	1	1	1
TG	19	106	0	1	0	0	0	0	0	0	0	1	0	0
TG	19	109	1	1	1	1	0	1	0	0	0	0	0	0
TG	19	110	0	0	0	0	0	0	0	0	0	0	0	0
TG	20	2	0	1	0	0	0	0	0	0	0	0	0	0
TG	20	7	0	1	0	0	0	1	0	0	0	0	0	0
TG	20	18	0	1	0	0	0	0	0	0	0	0	0	0
TG	20	19	1	0	0	0	0	0	0	0	1	0	0	0
TG	20	23	0	0	0	0	0	0	0	0	0	0	0	0
TG	20	34	0	1	0	0	0	0	0	0	0	1	0	0
TG	20	40	0	1	0	0	0	0	0	0	0	1	0	0
TG	20	47	0	1	0	0	0	0	0	0	0	1	0	0
TG	20	48	0	0	0	0	0	0	0	0	0	0	0	0
TG	20	59	0	0	0	0	0	0	0	0	0	0	0	0
TG	20	60	0	0	0	0	0	0	0	0	0	0	0	0
TG	20	62	0	1	0	0	0	0	0	0	0	0	0	0
TG	20	63	1	1	1	1	0	0	0	0	0	0	0	0
TG	20	64	2	4	2	2	0	1	0	0	0	1	0	0
TG	20	65	1	2	1	1	0	1	0	0	0	1	0	0
TG	20	68	1	1	1	1	0	0	0	0	0	0	0	0
TG	20	69	0	1	0	0	0	0	0	0	0	1	0	0
TG	20	70	1	1	0	0	0	0	0	0	0	0	0	0
TG	20	71	2	2	2	2	1	1	0	0	0	1	0	0
TG	20	73	2	2	1	1	0	1	0	0	0	0	0	0
TG	20	84	0	2	0	0	0	1	0	0	0	2	0	0
TG	20	86	1	0	0	0	0	0	0	0	0	0	0	0
TG	20	87	0	1	0	0	0	0	0	0	0	0	0	0
TG	20	91	0	0	0	0	0	0	0	0	0	0	0	0
TG	20	93	3	2	2	2	0	2	0	0	0	2	0	0
TG	20	99	0	0	0	0	0	0	0	0	0	0	0	0
TG	20	115	0	2	0	0	0	0	0	0	0	1	0	0
TG	21	2	2	0	0	0	0	0	0	0	0	0	0	0
TG	21	4	1	1	1	1	0	0	0	0	0	0	0	0
TG	21	5	0	1	0	0	0	0	0	0	0	0	0	0
TG	21	48	1	2	1	1	0	0	0	0	0	0	0	0
TG	21	53	0	1	0	0	0	0	0	0	0	0	0	0
TG	21	63	0	1	0	0	0	0	0	0	0	0	0	0
TG	21	64	0	1	0	0	0	3	0	0	0	0	0	0
TG	21	65	0	0	0	0	0	0	0	0	0	0	0	0
TG	22	1	0	0	0	0	0	0	0	0	0	0	0	0
TG	22	7	0	0	0	0	0	0	0	0	0	0	0	0
TG	22	13	1	1	1	1	0	0	0	0	0	0	0	0
TG	22	19	1	1	1	1	0	0	0	0	0	1	0	0
TG	22	29	1	3	1	1	0	0	0	0	0	0	0	0
TG	22	30	1	1	1	1	0	0	0	0	0	0	0	0
TG	22	37	1	1	1	1	0	0	0	0	0	0	0	0
TG	22	40	1	0	0	0	0	0	0	0	0	0	0	0
TG	22	43	1	4	1	1	0	1	0	0	0	1	0	0
TG	22	44	2	1	1	1	0	0	0	0	0	1	0	0
TG	22	45	0	0	0	0	0	0	0	0	0	0	0	0
TG	22	46	0	2	0	0	0	0	0	0	0	1	0	0
TG	22	49	0	1	0	0	0	1	0	0	0	1	0	0
TG	22	54	0	0	0	0	0	0	0	0	0	0	0	0
TG	22	56	0	0	0	0	0	0	0	0	0	0	0	0
TG	22	57	1	1	1	1	0	0	0	0	0	1	0	0
TG	22	64	0	1	0	0	0	1	0	0	0	0	0	0
TG	22	69	1	1	0	0	0	0	0	0	0	1	0	0
TG	22	70	1	1	1	1	0	0	0	0	0	0	0	0
