pheno	chromosome	block	UKBB_nCS.EUR	GLGC_nCS.EUR	UKBB_in_GLGC.EUR	GLGC_in_UKBB.EUR	UKBB_nCS.AFR	GLGC_nCS.AFR	UKBB_in_GLGC.AFR	GLGC_in_UKBB.AFR	UKBB_nCS.EAS	GLGC_nCS.EAS	UKBB_in_GLGC.EAS	GLGC_in_UKBB.EAS
TC	1	1	0	0	0	0	0	0	0	0	0	0	0	0
TC	1	2	0	0	0	0	0	0	0	0	0	0	0	0
TC	1	4	0	1	0	0	0	0	0	0	0	0	0	0
TC	1	17	0	0	0	0	0	0	0	0	0	0	0	0
TC	1	19	1	2	1	1	0	0	0	0	0	0	0	0
TC	1	35	1	2	1	1	0	1	0	0	0	1	0	0
TC	1	40	0	1	0	0	0	1	0	0	0	0	0	0
TC	1	48	2	3	2	2	0	2	0	0	0	2	0	0
TC	1	49	0	1	0	0	0	1	0	0	0	0	0	0
TC	1	51	1	2	1	1	0	1	0	0	1	1	1	1
TC	1	52	1	2	0	0	0	0	0	0	0	1	0	0
TC	1	53	0	2	0	0	0	1	0	0	0	2	0	0
TC	1	58	1	1	1	1	0	0	0	0	0	0	0	0
TC	1	67	0	1	0	0	0	0	0	0	0	0	0	0
TC	1	70	1	1	0	0	0	0	0	0	0	1	0	0
TC	1	73	0	0	0	0	0	0	0	0	0	0	0	0
TC	1	74	0	1	0	0	0	0	0	0	0	0	0	0
TC	1	75	2	2	0	0	0	1	0	0	1	2	0	0
TC	1	76	0	2	0	0	0	0	0	0	0	0	0	0
TC	1	80	0	0	0	0	0	1	0	0	0	0	0	0
TC	1	81	0	0	0	0	0	1	0	0	0	0	0	0
TC	1	82	0	0	0	0	0	0	0	0	0	0	0	0
TC	1	83	1	7	1	1	0	5	0	0	0	3	0	0
TC	1	84	10	8	3	3	2	6	1	1	0	5	0	0
TC	1	85	0	0	0	0	0	1	0	0	0	1	0	0
TC	1	89	0	0	0	0	0	0	0	0	0	0	0	0
TC	1	92	0	0	0	0	0	0	0	0	0	0	0	0
TC	1	94	0	4	0	0	0	1	0	0	0	1	0	0
TC	1	95	0	0	0	0	0	0	0	0	0	0	0	0
TC	1	96	1	2	1	1	0	1	0	0	1	0	0	0
TC	1	97	1	1	1	1	0	1	0	0	0	1	0	0
TC	1	100	1	1	1	1	0	0	0	0	0	1	0	0
TC	1	109	0	1	0	0	0	0	0	0	0	1	0	0
TC	1	124	1	1	1	1	0	1	0	0	0	1	0	0
TC	1	125	2	4	2	2	1	2	0	0	0	2	0	0
TC	1	127	0	0	0	0	0	0	0	0	0	0	0	0
TC	1	136	0	1	0	0	0	0	0	0	0	1	0	0
TC	1	138	1	2	1	1	1	2	1	1	1	1	1	1
TC	1	139	1	2	1	1	0	0	0	0	0	1	0	0
TC	1	140	0	0	0	0	0	0	0	0	0	0	0	0
TC	1	141	0	1	0	0	0	0	0	0	0	0	0	0
TC	1	144	0	1	0	0	0	0	0	0	0	0	0	0
TC	1	145	0	1	0	0	0	0	0	0	0	1	0	0
TC	1	150	0	1	0	0	0	0	0	0	0	1	0	0
TC	1	151	0	1	0	0	0	0	0	0	0	0	0	0
TC	1	153	0	0	0	0	0	0	0	0	0	0	0	0
TC	1	154	1	2	0	0	0	0	0	0	0	0	0	0
TC	1	156	0	1	0	0	0	1	0	0	0	0	0	0
TC	1	158	2	2	1	1	0	0	0	0	0	0	0	0
TC	1	162	0	1	0	0	0	0	0	0	0	1	0	0
TC	1	168	0	3	0	0	0	2	0	0	0	2	0	0
TC	1	169	0	0	0	0	0	0	0	0	0	0	0	0
TC	1	175	0	0	0	0	0	0	0	0	0	0	0	0
TC	1	182	0	1	0	0	0	0	0	0	0	1	0	0
TC	1	183	0	1	0	0	0	0	0	0	0	0	0	0
TC	1	185	0	0	0	0	0	0	0	0	0	0	0	0
TC	1	187	0	0	0	0	0	0	0	0	0	0	0	0
TC	1	188	0	0	0	0	0	0	0	0	0	0	0	0
TC	1	192	1	2	1	2	0	2	0	0	0	2	0	0
TC	1	201	0	2	0	0	0	0	0	0	0	2	0	0
TC	1	202	1	1	1	1	0	0	0	0	0	0	0	0
TC	1	205	0	0	0	0	0	0	0	0	0	0	0	0
TC	1	209	0	1	0	0	0	0	0	0	0	0	0	0
TC	1	213	0	1	0	0	0	0	0	0	0	0	0	0
TC	1	221	0	2	0	0	0	2	0	0	0	2	0	0
TC	1	223	0	1	0	0	0	0	0	0	0	0	0	0
TC	1	224	0	1	0	0	0	0	0	0	0	0	0	0
TC	1	226	0	2	0	0	0	1	0	0	0	0	0	0
TC	1	229	0	0	0	0	0	0	0	0	0	0	0	0
TC	1	233	0	0	0	0	0	0	0	0	0	0	0	0
TC	1	234	1	2	1	1	0	2	0	0	0	2	0	0
TC	1	235	0	0	0	0	0	0	0	0	0	0	0	0
TC	1	238	1	2	1	1	0	1	0	0	0	0	0	0
TC	1	239	0	3	0	0	0	1	0	0	0	2	0	0
TC	1	240	0	0	0	0	0	0	0	0	0	0	0	0
TC	1	252	4	5	4	4	2	3	2	2	2	5	2	2
TC	1	253	1	2	1	1	0	2	0	0	0	1	0	0
TC	1	254	1	1	0	0	1	1	0	0	0	1	0	0
TC	1	255	1	1	0	0	0	0	0	0	0	0	0	0
TC	1	257	0	1	0	0	0	0	0	0	0	0	0	0
TC	1	280	0	0	0	0	0	0	0	0	0	0	0	0
TC	1	281	0	0	0	0	0	0	0	0	0	0	0	0
TC	2	6	1	1	1	1	1	1	1	1	0	0	0	0
TC	2	21	1	2	1	1	0	1	0	0	1	0	0	0
TC	2	31	0	1	0	0	0	0	0	0	0	0	0	0
TC	2	32	0	0	0	0	0	0	0	0	0	0	0	0
TC	2	37	0	0	0	0	0	0	0	0	0	0	0	0
TC	2	38	0	2	0	0	0	2	0	0	0	1	0	0
TC	2	39	0	0	0	0	0	0	0	0	0	0	0	0
TC	2	40	0	0	0	0	0	1	0	0	0	0	0	0
TC	2	41	2	3	1	1	0	3	0	0	0	2	0	0
TC	2	42	0	2	0	0	1	3	1	1	0	1	0	0
TC	2	43	0	1	0	0	0	2	0	0	0	2	0	0
TC	2	44	6	9	4	4	2	5	1	1	1	9	1	1
TC	2	45	1	4	0	0	1	4	0	0	0	5	0	0
TC	2	46	1	1	0	0	0	1	0	0	0	1	0	0
TC	2	47	1	2	1	1	0	1	0	0	0	2	0	0
TC	2	48	0	2	0	0	0	0	0	0	0	0	0	0
TC	2	49	3	4	3	3	1	2	1	1	1	3	1	1
TC	2	50	0	1	0	0	0	1	0	0	0	0	0	0
TC	2	51	0	0	0	0	0	1	0	0	0	0	0	0
TC	2	53	0	0	0	0	0	0	0	0	0	0	0	0
TC	2	55	0	1	0	0	0	0	0	0	0	0	0	0
TC	2	56	0	0	0	0	0	1	0	0	0	0	0	0
TC	2	66	0	1	0	0	0	0	0	0	0	0	0	0
TC	2	69	0	1	0	0	0	0	0	0	0	0	0	0
TC	2	71	6	10	4	5	0	5	0	0	0	1	0	0
TC	2	72	4	8	2	2	1	4	0	0	1	1	0	0
TC	2	74	0	1	0	0	0	0	0	0	0	0	0	0
TC	2	75	1	1	1	1	0	1	0	0	0	0	0	0
TC	2	77	0	0	0	0	0	0	0	0	0	0	0	0
TC	2	84	0	1	0	0	0	0	0	0	0	1	0	0
TC	2	88	2	5	2	2	0	1	0	0	0	3	0	0
TC	2	89	0	1	0	0	0	0	0	0	0	1	0	0
TC	2	97	0	2	0	0	0	2	0	0	0	2	0	0
TC	2	99	0	1	0	0	0	0	0	0	0	0	0	0
TC	2	100	0	1	0	0	0	0	0	0	0	0	0	0
TC	2	102	0	0	0	0	0	0	0	0	0	0	0	0
TC	2	107	0	1	0	0	0	0	0	0	0	1	0	0
TC	2	115	1	1	0	0	0	0	0	0	1	1	0	0
TC	2	121	2	1	1	1	0	1	0	0	0	1	0	0
TC	2	122	1	1	0	0	1	0	0	0	0	0	0	0
TC	2	124	1	1	1	1	0	0	0	0	0	0	0	0
TC	2	125	0	1	0	0	0	0	0	0	0	0	0	0
TC	2	127	0	0	0	0	0	0	0	0	0	0	0	0
TC	2	128	3	3	0	0	0	1	0	0	0	1	0	0
TC	2	130	0	1	0	0	0	0	0	0	0	1	0	0
TC	2	131	1	1	1	1	1	1	1	1	0	1	0	0
TC	2	138	0	0	0	0	0	0	0	0	0	0	0	0
TC	2	146	1	3	1	1	0	1	0	0	1	1	0	0
TC	2	147	0	1	0	0	0	0	0	0	0	0	0	0
TC	2	152	0	2	0	0	0	0	0	0	0	0	0	0
TC	2	153	0	0	0	0	0	0	0	0	0	0	0	0
TC	2	155	0	0	0	0	0	0	0	0	0	0	0	0
TC	2	162	0	0	0	0	0	0	0	0	0	0	0	0
TC	2	163	1	2	1	1	0	1	0	0	0	1	0	0
TC	2	164	0	0	0	0	0	0	0	0	0	0	0	0
TC	2	166	0	1	0	0	0	0	0	0	0	0	0	0
TC	2	168	0	1	0	0	0	0	0	0	0	0	0	0
TC	2	171	0	1	0	0	0	0	0	0	0	0	0	0
TC	2	172	1	1	1	1	1	1	1	1	0	1	0	0
TC	2	177	0	1	0	0	0	0	0	0	0	1	0	0
TC	2	180	0	0	0	0	0	0	0	0	0	0	0	0
TC	2	181	0	2	0	0	0	0	0	0	0	0	0	0
TC	2	192	0	1	0	0	0	0	0	0	0	0	0	0
TC	2	196	0	1	0	0	0	0	0	0	0	1	0	0
TC	2	198	0	1	0	0	0	0	0	0	0	0	0	0
TC	2	199	1	3	0	0	0	2	0	0	0	3	0	0
TC	2	205	0	1	0	0	0	0	0	0	0	1	0	0
TC	2	208	0	0	0	0	0	0	0	0	0	0	0	0
TC	2	210	0	0	0	0	0	0	0	0	0	0	0	0
TC	2	211	0	0	0	0	0	0	0	0	0	0	0	0
TC	2	212	0	0	0	0	0	0	0	0	0	0	0	0
TC	2	213	1	1	1	1	1	0	0	0	0	1	0	0
TC	2	217	1	2	1	1	0	0	0	0	0	0	0	0
TC	2	218	0	0	0	0	0	0	0	0	0	0	0	0
TC	2	228	0	1	0	0	0	0	0	0	0	1	0	0
TC	2	232	0	0	0	0	0	0	0	0	0	0	0	0
TC	2	233	0	1	0	0	0	1	0	0	0	1	0	0
TC	2	241	0	0	0	0	0	0	0	0	0	0	0	0
TC	2	242	2	3	2	2	0	1	0	0	0	2	0	0
TC	2	250	0	0	0	0	0	0	0	0	0	0	0	0
TC	2	255	0	0	0	0	0	0	0	0	0	0	0	0
TC	3	24	2	3	0	0	0	2	0	0	0	3	0	0
TC	3	41	0	2	0	0	0	0	0	0	0	1	0	0
TC	3	45	0	0	0	0	0	0	0	0	0	0	0	0
TC	3	51	1	1	1	1	0	1	0	0	1	0	0	0
TC	3	56	0	0	0	0	0	0	0	0	0	0	0	0
TC	3	70	0	1	0	0	0	0	0	0	0	0	0	0
TC	3	71	1	2	1	1	0	1	0	0	0	1	0	0
TC	3	83	0	0	0	0	0	0	0	0	0	0	0	0
TC	3	88	0	1	0	0	0	2	0	0	0	2	0	0
TC	3	89	0	0	0	0	0	0	0	0	0	0	0	0
TC	3	104	0	1	0	0	0	0	0	0	0	0	0	0
TC	3	107	0	2	0	0	0	0	0	0	0	0	0	0
TC	3	112	0	1	0	0	0	0	0	0	0	0	0	0
TC	3	113	0	0	0	0	0	0	0	0	0	0	0	0
TC	3	120	2	2	1	1	0	1	0	0	1	1	0	0
TC	3	121	1	2	1	1	0	0	0	0	0	1	0	0
TC	3	122	0	1	0	0	0	0	0	0	0	1	0	0
TC	3	123	0	1	0	0	0	0	0	0	0	0	0	0
TC	3	127	0	2	0	0	0	0	0	0	0	2	0	0
TC	3	128	0	1	0	0	0	0	0	0	0	0	0	0
TC	3	129	0	2	0	0	0	0	0	0	0	1	0	0
TC	3	131	0	0	0	0	0	0	0	0	0	0	0	0
TC	3	132	1	2	1	1	0	0	0	0	0	1	0	0
TC	3	135	1	4	1	1	0	0	0	0	0	1	0	0
TC	3	136	0	1	0	0	0	0	0	0	0	1	0	0
TC	3	140	0	1	0	0	0	0	0	0	0	0	0	0
TC	3	145	2	3	2	2	0	0	0	0	0	2	0	0
TC	3	149	0	0	0	0	0	0	0	0	0	0	0	0
TC	3	150	0	2	0	0	0	0	0	0	0	0	0	0
TC	3	154	0	0	0	0	0	0	0	0	0	0	0	0
TC	3	158	0	1	0	0	0	0	0	0	0	0	0	0
TC	3	161	0	1	0	0	0	0	0	0	0	1	0	0
TC	3	165	1	1	1	1	0	1	0	0	0	1	0	0
TC	3	170	0	0	0	0	0	0	0	0	0	0	0	0
TC	3	172	1	1	1	1	0	0	0	0	0	0	0	0
TC	3	173	0	1	0	0	0	0	0	0	0	0	0	0
TC	3	175	0	1	0	0	0	0	0	0	0	1	0	0
TC	3	190	0	0	0	0	0	0	0	0	0	0	0	0
TC	3	191	1	0	0	0	0	0	0	0	1	0	0	0
TC	3	193	0	2	0	0	0	1	0	0	0	1	0	0
TC	3	195	0	2	0	0	0	0	0	0	0	2	0	0
TC	3	214	0	0	0	0	0	0	0	0	0	0	0	0
TC	3	216	0	1	0	0	0	0	0	0	0	1	0	0
TC	4	1	2	4	2	2	0	2	0	0	1	3	1	1
TC	4	15	0	2	0	0	0	1	0	0	0	0	0	0
TC	4	19	1	1	1	1	0	0	0	0	1	0	0	0
TC	4	21	0	1	0	0	0	0	0	0	0	0	0	0
TC	4	28	0	1	0	0	0	0	0	0	0	0	0	0
TC	4	42	0	1	0	0	0	1	0	0	0	1	0	0
TC	4	54	0	0	0	0	0	0	0	0	0	0	0	0
TC	4	55	0	2	0	0	0	0	0	0	0	1	0	0
TC	4	57	0	1	0	0	0	0	0	0	0	0	0	0
TC	4	64	0	1	0	0	0	0	0	0	0	1	0	0
TC	4	65	0	2	0	0	0	0	0	0	0	0	0	0
TC	4	66	0	1	0	0	0	0	0	0	0	1	0	0
TC	4	71	0	1	0	0	0	0	0	0	0	0	0	0
TC	4	79	0	1	0	0	0	1	0	0	0	0	0	0
TC	4	80	1	3	1	1	1	2	1	1	0	2	0	0
TC	4	84	0	1	0	0	0	0	0	0	0	0	0	0
TC	4	85	0	0	0	0	0	0	0	0	0	0	0	0
TC	4	86	0	0	0	0	0	0	0	0	0	0	0	0
TC	4	87	0	4	0	0	0	2	0	0	0	3	0	0
TC	4	90	0	0	0	0	0	0	0	0	0	0	0	0
TC	4	92	1	0	0	0	0	0	0	0	0	0	0	0
TC	4	101	0	2	0	0	0	0	0	0	0	1	0	0
TC	4	113	1	3	1	1	0	0	0	0	0	1	0	0
TC	4	114	0	1	0	0	0	0	0	0	0	0	0	0
TC	4	115	2	1	1	1	0	0	0	0	0	0	0	0
TC	4	116	1	2	0	0	0	0	0	0	0	0	0	0
TC	4	117	0	0	0	0	0	0	0	0	0	0	0	0
TC	4	121	1	1	1	1	0	0	0	0	0	0	0	0
TC	4	129	0	0	0	0	0	0	0	0	0	0	0	0
TC	4	130	0	1	0	0	0	0	0	0	0	1	0	0
TC	4	134	0	0	0	0	0	0	0	0	0	0	0	0
TC	4	136	0	1	0	0	0	0	0	0	0	0	0	0
TC	4	148	0	0	0	0	0	0	0	0	0	0	0	0
TC	4	150	0	0	0	0	0	0	0	0	0	0	0	0
TC	4	151	0	0	0	0	0	0	0	0	0	0	0	0
TC	4	156	0	1	0	0	0	0	0	0	0	1	0	0
TC	4	159	1	2	1	1	0	1	0	0	0	2	0	0
TC	4	161	0	0	0	0	0	0	0	0	0	0	0	0
TC	4	162	1	0	0	0	0	0	0	0	0	0	0	0
TC	4	203	0	1	0	0	0	0	0	0	0	1	0	0
TC	5	6	0	0	0	0	0	0	0	0	0	0	0	0
TC	5	28	0	1	0	0	0	0	0	0	0	0	0	0
TC	5	43	0	0	0	0	0	0	0	0	0	0	0	0
TC	5	56	0	0	0	0	0	0	0	0	0	0	0	0
TC	5	57	0	0	0	0	0	0	0	0	0	0	0	0
TC	5	64	0	2	0	0	0	1	0	0	0	2	0	0
TC	5	68	0	0	0	0	0	0	0	0	0	0	0	0
TC	5	69	0	1	0	0	0	1	0	0	0	1	0	0
TC	5	71	0	1	0	0	0	0	0	0	0	1	0	0
TC	5	74	0	1	0	0	0	0	0	0	0	1	0	0
TC	5	81	1	2	1	1	0	0	0	0	0	0	0	0
TC	5	84	0	1	0	0	0	0	0	0	0	0	0	0
TC	5	85	2	4	1	1	0	3	0	0	1	3	1	1
TC	5	92	0	0	0	0	0	0	0	0	0	0	0	0
TC	5	109	0	0	0	0	0	0	0	0	0	0	0	0
TC	5	130	1	1	1	1	0	1	0	0	0	1	0	0
TC	5	134	0	0	0	0	0	0	0	0	0	0	0	0
TC	5	136	0	0	0	0	0	0	0	0	0	0	0	0
TC	5	146	1	1	1	1	0	0	0	0	0	1	0	0
TC	5	147	0	1	0	0	0	0	0	0	0	0	0	0
TC	5	154	0	0	0	0	0	0	0	0	0	0	0	0
TC	5	156	1	0	0	0	0	0	0	0	0	0	0	0
TC	5	158	0	1	0	0	0	0	0	0	0	1	0	0
TC	5	165	0	0	0	0	0	1	0	0	0	0	0	0
TC	5	166	3	5	2	3	1	5	1	2	1	3	1	2
TC	5	167	0	3	0	0	0	1	0	0	0	0	0	0
TC	5	168	0	0	0	0	0	0	0	0	0	0	0	0
TC	5	191	0	0	0	0	0	0	0	0	0	0	0	0
TC	5	202	0	1	0	0	0	0	0	0	0	0	0	0
TC	5	207	0	0	0	0	0	0	0	0	0	0	0	0
TC	5	210	0	0	0	0	0	0	0	0	0	0	0	0
TC	5	211	0	0	0	0	0	0	0	0	0	0	0	0
TC	6	1	0	0	0	0	0	0	0	0	0	0	0	0
TC	6	19	0	0	0	0	0	0	0	0	0	0	0	0
TC	6	20	0	0	0	0	0	0	0	0	0	0	0	0
TC	6	25	0	0	0	0	0	0	0	0	0	0	0	0
TC	6	27	0	2	0	0	0	1	0	0	0	1	0	0
TC	6	30	0	0	0	0	0	0	0	0	0	0	0	0
TC	6	34	0	4	0	0	0	1	0	0	0	2	0	0
TC	6	35	2	2	2	2	1	1	1	1	0	2	0	0
TC	6	39	0	2	0	0	0	1	0	0	0	1	0	0
TC	6	43	1	1	1	1	0	1	0	0	0	1	0	0
TC	6	44	0	1	0	0	0	0	0	0	0	1	0	0
TC	6	47	0	0	0	0	0	0	0	0	0	0	0	0
TC	6	51	2	3	2	2	0	1	0	0	0	1	0	0
TC	6	52	0	0	0	0	0	0	0	0	0	0	0	0
TC	6	53	1	1	1	1	0	0	0	0	0	1	0	0
TC	6	56	1	1	1	1	0	0	0	0	0	0	0	0
TC	6	58	0	1	0	0	0	0	0	0	0	1	0	0
TC	6	63	0	0	0	0	0	0	0	0	0	0	0	0
TC	6	64	0	2	0	0	0	1	0	0	0	2	0	0
TC	6	65	0	1	0	0	0	0	0	0	0	0	0	0
TC	6	69	0	0	0	0	0	0	0	0	0	0	0	0
TC	6	72	0	2	0	0	0	1	0	0	0	1	0	0
TC	6	73	1	1	1	1	0	1	0	0	0	0	0	0
TC	6	75	2	2	2	2	0	1	0	0	0	1	0	0
TC	6	76	0	1	0	0	0	1	0	0	0	1	0	0
TC	6	85	1	1	1	1	0	0	0	0	0	0	0	0
TC	6	87	0	0	0	0	0	0	0	0	0	0	0	0
TC	6	88	0	1	0	0	0	0	0	0	0	0	0	0
TC	6	94	0	0	0	0	0	0	0	0	0	0	0	0
TC	6	99	0	1	0	0	0	0	0	0	0	0	0	0
TC	6	100	1	1	1	1	1	1	1	1	0	0	0	0
TC	6	101	1	1	1	1	0	0	0	0	0	1	0	0
TC	6	105	0	1	0	0	0	0	0	0	0	1	0	0
TC	6	109	0	1	0	0	0	2	0	0	0	2	0	0
TC	6	115	1	3	1	1	0	2	0	0	0	2	0	0
TC	6	116	0	0	0	0	0	0	0	0	0	0	0	0
TC	6	117	0	1	0	0	0	0	0	0	0	1	0	0
TC	6	124	1	1	0	0	0	0	0	0	0	0	0	0
TC	6	127	1	1	1	1	0	1	0	0	0	1	0	0
TC	6	128	0	1	0	0	0	0	0	0	0	0	0	0
TC	6	130	0	0	0	0	0	0	0	0	0	0	0	0
TC	6	134	1	3	1	1	0	0	0	0	1	1	1	1
TC	6	135	0	0	0	0	0	0	0	0	0	0	0	0
TC	6	137	0	1	0	0	0	0	0	0	0	1	0	0
TC	6	138	0	0	0	0	0	0	0	0	0	0	0	0
TC	6	140	0	3	0	0	0	2	0	0	0	2	0	0
TC	6	146	0	1	0	0	0	0	0	0	0	1	0	0
TC	6	148	0	1	0	0	0	0	0	0	0	0	0	0
TC	6	154	0	0	0	0	0	0	0	0	0	0	0	0
TC	6	158	0	2	0	0	0	1	0	0	0	1	0	0
TC	6	160	0	0	0	0	0	0	0	0	0	0	0	0
TC	6	168	0	0	0	0	0	0	0	0	0	0	0	0
TC	6	169	4	14	4	4	0	8	0	0	0	7	0	0
TC	6	183	0	0	0	0	0	0	0	0	0	0	0	0
TC	7	3	1	2	1	1	0	2	0	0	0	1	0	0
TC	7	5	0	0	0	0	0	0	0	0	0	0	0	0
TC	7	6	0	1	0	0	0	0	0	0	0	1	0	0
TC	7	11	0	0	0	0	0	0	0	0	0	0	0	0
TC	7	12	1	1	0	0	0	1	0	0	0	1	0	0
TC	7	28	0	0	0	0	0	0	0	0	0	0	0	0
TC	7	33	1	1	0	0	0	0	0	0	0	1	0	0
TC	7	37	2	3	2	2	0	1	0	0	0	2	0	0
TC	7	40	0	0	0	0	0	0	0	0	0	0	0	0
TC	7	41	0	1	0	0	0	0	0	0	0	0	0	0
TC	7	42	1	3	1	1	0	3	0	0	0	2	0	0
TC	7	44	1	1	0	0	0	1	0	0	0	1	0	0
TC	7	50	0	1	0	0	0	0	0	0	0	1	0	0
TC	7	51	0	0	0	0	0	0	0	0	0	0	0	0
TC	7	58	2	3	2	2	1	2	0	0	0	3	0	0
TC	7	66	0	1	0	0	0	0	0	0	0	0	0	0
TC	7	67	2	4	2	3	0	3	0	0	0	2	0	0
TC	7	73	0	1	0	0	0	0	0	0	0	1	0	0
TC	7	85	2	1	1	1	0	0	0	0	1	0	0	0
TC	7	87	1	1	0	0	1	0	0	0	0	1	0	0
TC	7	88	1	3	1	1	0	3	0	0	0	3	0	0
TC	7	89	0	1	0	0	0	1	0	0	0	0	0	0
TC	7	95	0	1	0	0	0	0	0	0	0	1	0	0
TC	7	99	1	1	1	1	0	0	0	0	0	1	0	0
TC	7	103	0	1	0	0	0	0	0	0	0	0	0	0
TC	7	107	0	1	0	0	0	0	0	0	0	1	0	0
TC	7	109	1	1	1	1	0	1	0	0	0	1	0	0
TC	7	111	3	2	0	0	0	0	0	0	0	2	0	0
TC	7	112	0	1	0	0	0	1	0	0	0	1	0	0
TC	7	113	0	1	0	0	0	1	0	0	0	1	0	0
TC	7	119	0	1	0	0	0	0	0	0	0	1	0	0
TC	7	125	0	1	0	0	0	0	0	0	0	0	0	0
TC	7	127	0	1	0	0	0	0	0	0	0	0	0	0
TC	7	131	0	1	0	0	0	0	0	0	0	0	0	0
TC	7	132	0	0	0	0	0	0	0	0	0	0	0	0
TC	7	133	0	2	0	0	0	1	0	0	0	2	0	0
TC	7	134	0	0	0	0	0	0	0	0	0	0	0	0
TC	7	138	0	1	0	0	0	0	0	0	0	0	0	0
TC	7	139	0	1	0	0	0	0	0	0	0	1	0	0
TC	7	140	1	1	0	0	0	0	0	0	1	0	0	0
TC	7	141	0	1	0	0	0	2	0	0	0	0	0	0
TC	7	142	1	2	1	1	0	0	0	0	1	2	1	1
TC	7	147	0	1	0	0	0	0	0	0	0	1	0	0
TC	7	152	0	0	0	0	0	0	0	0	0	0	0	0
TC	7	159	1	1	0	0	0	0	0	0	0	1	0	0
TC	7	162	0	0	0	0	0	0	0	0	0	0	0	0
TC	7	176	0	1	0	0	0	1	0	0	0	1	0	0
TC	7	177	0	1	0	0	0	0	0	0	0	0	0	0
TC	7	187	0	0	0	0	0	0	0	0	0	1	0	0
TC	8	17	1	1	1	1	0	0	0	0	0	1	0	0
TC	8	29	1	1	1	1	0	1	0	0	0	1	0	0
TC	8	32	0	0	0	0	0	0	0	0	0	0	0	0
TC	8	36	0	1	0	0	0	1	0	0	0	1	0	0
TC	8	39	1	3	0	0	2	0	0	0	1	1	0	0
TC	8	41	0	1	0	0	0	0	0	0	0	0	0	0
TC	8	42	0	1	0	0	0	0	0	0	0	1	0	0
TC	8	43	0	0	0	0	0	0	0	0	0	0	0	0
TC	8	44	0	1	0	0	0	1	0	0	0	0	0	0
TC	8	45	0	0	0	0	0	0	0	0	0	0	0	0
TC	8	57	0	0	0	0	0	1	0	0	0	0	0	0
TC	8	59	1	1	1	1	0	0	0	0	0	0	0	0
TC	8	65	1	1	1	1	0	1	0	0	0	1	0	0
TC	8	68	2	3	2	2	0	3	0	0	0	1	0	0
TC	8	69	1	1	1	1	0	0	0	0	0	1	0	0
TC	8	78	0	0	0	0	0	0	0	0	0	0	0	0
TC	8	81	1	1	1	1	0	0	0	0	0	0	0	0
TC	8	83	0	1	0	0	0	0	0	0	0	0	0	0
TC	8	84	0	0	0	0	0	0	0	0	0	0	0	0
TC	8	85	0	0	0	0	0	0	0	0	0	0	0	0
TC	8	88	0	0	0	0	0	0	0	0	0	0	0	0
TC	8	106	0	1	0	0	0	0	0	0	0	0	0	0
TC	8	109	0	0	0	0	0	0	0	0	0	0	0	0
TC	8	110	0	0	0	0	0	0	0	0	0	0	0	0
TC	8	113	1	1	1	1	0	0	0	0	0	1	0	0
TC	8	118	0	1	0	0	0	0	0	0	0	1	0	0
TC	8	121	0	0	0	0	0	0	0	0	0	0	0	0
TC	8	124	0	3	0	0	0	0	0	0	0	0	0	0
TC	8	125	2	4	2	2	0	2	0	0	0	3	0	0
TC	8	126	0	0	0	0	0	0	0	0	0	0	0	0
TC	8	135	0	0	0	0	0	0	0	0	0	0	0	0
TC	8	153	1	1	1	1	0	0	0	0	0	0	0	0
TC	8	159	0	0	0	0	0	0	0	0	0	0	0	0
TC	8	160	1	1	1	1	0	0	0	0	0	0	0	0
TC	9	4	1	1	1	1	1	1	1	1	1	1	1	1
TC	9	5	0	1	0	0	0	0	0	0	0	0	0	0
TC	9	9	0	1	0	0	0	0	0	0	0	1	0	0
TC	9	12	0	0	0	0	0	0	0	0	0	0	0	0
TC	9	13	0	2	0	0	0	0	0	0	0	1	0	0
TC	9	31	2	4	2	2	1	2	1	1	1	2	1	1
TC	9	33	0	1	0	0	0	1	0	0	0	1	0	0
TC	9	36	2	2	2	2	0	0	0	0	1	0	0	0
TC	9	39	1	2	1	1	0	0	0	0	0	1	0	0
TC	9	40	0	1	0	0	0	0	0	0	0	0	0	0
TC	9	51	0	1	0	0	0	0	0	0	0	1	0	0
TC	9	53	0	1	0	0	0	0	0	0	0	1	0	0
TC	9	69	0	2	0	0	0	1	0	0	0	2	0	0
TC	9	70	0	0	0	0	0	0	0	0	0	0	0	0
TC	9	72	1	1	1	1	1	0	0	0	0	0	0	0
TC	9	73	0	1	0	0	0	1	0	0	0	1	0	0
TC	9	89	0	1	0	0	0	0	0	0	0	1	0	0
TC	9	93	0	0	0	0	0	0	0	0	0	0	0	0
TC	9	99	0	0	0	0	0	0	0	0	0	0	0	0
TC	9	100	0	0	0	0	0	0	0	0	0	0	0	0
TC	9	102	1	2	1	1	0	2	0	0	0	0	0	0
TC	9	103	0	0	0	0	0	0	0	0	0	0	0	0
TC	9	104	0	0	0	0	0	0	0	0	0	0	0	0
TC	9	105	0	0	0	0	0	0	0	0	0	0	0	0
TC	9	106	0	0	0	0	0	1	0	0	0	1	0	0
TC	9	107	0	0	0	0	0	1	0	0	0	0	0	0
TC	9	109	0	0	0	0	0	0	0	0	0	0	0	0
TC	9	110	5	7	3	3	1	4	0	0	0	4	0	0
TC	9	111	4	4	3	3	1	3	1	1	1	3	1	1
TC	9	112	2	3	2	2	0	2	0	0	0	3	0	0
TC	9	113	0	2	0	0	0	2	0	0	0	1	0	0
TC	9	114	0	1	0	0	0	0	0	0	0	1	0	0
TC	9	115	0	0	0	0	0	0	0	0	0	0	0	0
TC	9	116	0	2	0	0	0	0	0	0	0	1	0	0
TC	9	118	0	0	0	0	0	0	0	0	0	0	0	0
TC	9	119	0	0	0	0	0	1	0	0	0	0	0	0
TC	9	121	0	0	0	0	0	0	0	0	0	0	0	0
TC	9	124	0	1	0	0	0	0	0	0	0	0	0	0
TC	9	125	0	0	0	0	0	0	0	0	0	0	0	0
TC	9	134	1	1	0	0	0	0	0	0	0	0	0	0
TC	9	140	1	2	1	1	0	0	0	0	0	2	0	0
TC	9	142	0	0	0	0	0	0	0	0	0	0	0	0
TC	9	144	0	0	0	0	0	0	0	0	0	1	0	0
TC	9	145	0	0	0	0	0	0	0	0	0	0	0	0
TC	9	149	1	2	1	1	0	2	0	0	0	4	0	0
TC	9	153	0	0	0	0	0	0	0	0	0	0	0	0
TC	9	160	1	1	1	1	0	1	0	0	0	1	0	0
TC	9	161	1	1	1	1	0	0	0	0	0	0	0	0
TC	10	13	1	1	1	1	0	0	0	0	0	1	0	0
TC	10	22	0	1	0	0	0	0	0	0	0	0	0	0
TC	10	43	1	1	1	1	0	0	0	0	0	1	0	0
TC	10	44	0	0	0	0	0	0	0	0	0	0	0	0
TC	10	46	0	0	0	0	0	0	0	0	0	0	0	0
TC	10	52	0	0	0	0	0	0	0	0	0	0	0	0
TC	10	53	0	1	0	0	0	0	0	0	0	0	0	0
TC	10	58	0	1	0	0	0	0	0	0	0	0	0	0
TC	10	59	0	1	0	0	0	0	0	0	0	0	0	0
TC	10	67	1	1	1	1	0	1	0	0	1	1	1	1
TC	10	69	0	1	0	0	0	0	0	0	0	0	0	0
TC	10	70	1	1	0	0	0	0	0	0	0	1	0	0
TC	10	73	0	1	0	0	0	0	0	0	0	1	0	0
TC	10	77	0	0	0	0	0	0	0	0	0	0	0	0
TC	10	80	2	1	0	0	0	0	0	0	0	1	0	0
TC	10	81	1	1	1	1	0	1	0	0	0	1	0	0
TC	10	84	0	1	0	0	0	0	0	0	0	1	0	0
TC	10	85	1	1	1	1	0	0	0	0	0	1	0	0
TC	10	92	0	1	0	0	0	0	0	0	0	1	0	0
TC	10	100	0	1	0	0	0	1	0	0	0	0	0	0
TC	10	101	0	1	0	0	0	0	0	0	0	0	0	0
TC	10	109	1	1	0	0	0	1	0	0	0	1	0	0
TC	10	110	0	0	0	0	0	0	0	0	0	0	0	0
TC	10	112	1	1	1	1	0	1	0	0	0	1	0	0
TC	10	113	0	0	0	0	0	0	0	0	0	0	0	0
TC	10	117	2	4	2	2	0	1	0	0	0	2	0	0
TC	10	120	0	2	0	0	0	2	0	0	0	2	0	0
TC	10	121	0	1	0	0	0	0	0	0	0	1	0	0
TC	10	123	0	1	0	0	0	0	0	0	0	0	0	0
TC	10	126	1	1	1	1	1	0	0	0	0	0	0	0
TC	10	127	0	0	0	0	0	0	0	0	0	0	0	0
TC	10	129	0	0	0	0	0	0	0	0	0	0	0	0
TC	10	130	0	0	0	0	0	0	0	0	0	0	0	0
TC	10	131	0	0	0	0	0	0	0	0	0	0	0	0
TC	10	137	1	1	1	1	0	1	0	0	1	1	1	1
TC	10	138	3	4	1	1	0	0	0	0	0	3	0	0
TC	10	140	3	1	0	0	0	0	0	0	0	0	0	0
TC	10	144	0	1	0	0	0	1	0	0	0	1	0	0
TC	10	150	0	1	0	0	0	1	0	0	0	1	0	0
TC	10	152	0	1	0	0	0	0	0	0	0	0	0	0
TC	10	154	1	2	1	1	0	1	0	0	0	1	0	0
TC	10	176	0	1	0	0	0	0	0	0	0	1	0	0
TC	10	177	0	0	0	0	0	0	0	0	0	0	0	0
TC	11	2	0	0	0	0	0	0	0	0	0	0	0	0
TC	11	3	0	0	0	0	0	0	0	0	0	0	0	0
TC	11	4	1	0	0	0	0	0	0	0	0	0	0	0
TC	11	7	2	2	2	2	0	0	0	0	0	1	0	0
TC	11	11	0	0	0	0	0	0	0	0	0	0	0	0
TC	11	12	1	2	0	0	1	1	0	0	0	1	0	0
TC	11	22	0	1	0	0	0	1	0	0	0	0	0	0
TC	11	28	0	1	0	0	0	0	0	0	0	1	0	0
TC	11	30	2	2	1	1	0	0	0	0	1	0	0	0
TC	11	31	0	1	0	0	0	0	0	0	0	1	0	0
TC	11	33	1	2	1	1	0	1	0	0	0	1	0	0
TC	11	56	0	1	0	0	0	0	0	0	0	0	0	0
TC	11	57	0	1	0	0	0	1	0	0	0	0	0	0
TC	11	75	0	0	0	0	0	0	0	0	0	0	0	0
TC	11	76	2	3	1	1	0	2	0	0	0	3	0	0
TC	11	78	0	1	0	0	0	0	0	0	0	0	0	0
TC	11	79	1	5	1	1	0	0	0	0	0	1	0	0
TC	11	80	0	0	0	0	0	0	0	0	0	0	0	0
TC	11	81	0	1	0	0	0	0	0	0	0	0	0	0
TC	11	82	0	0	0	0	0	0	0	0	0	0	0	0
TC	11	86	0	0	0	0	0	0	0	0	0	0	0	0
TC	11	88	1	2	1	1	0	1	0	0	0	1	0	0
TC	11	90	0	1	0	0	0	0	0	0	0	0	0	0
TC	11	107	0	1	0	0	0	0	0	0	0	0	0	0
TC	11	108	0	1	0	0	0	0	0	0	0	1	0	0
TC	11	117	1	1	1	1	0	1	0	0	0	1	0	0
TC	11	121	0	1	0	0	0	1	0	0	0	1	0	0
TC	11	125	0	0	0	0	0	0	0	0	0	0	0	0
TC	11	128	0	1	0	0	0	0	0	0	0	0	0	0
TC	11	129	3	8	3	3	1	7	1	1	2	6	2	2
TC	11	133	2	3	1	1	0	1	0	0	0	1	0	0
TC	11	140	0	1	0	0	0	1	0	0	0	0	0	0
TC	11	142	1	1	1	1	0	0	0	0	0	2	0	0
TC	11	147	2	2	2	2	0	2	0	0	0	1	0	0
TC	11	163	0	1	0	0	0	0	0	0	0	0	0	0
TC	12	1	1	1	1	1	0	1	0	0	0	1	0	0
TC	12	12	0	0	0	0	0	0	0	0	0	0	0	0
TC	12	13	0	0	0	0	0	0	0	0	0	0	0	0
TC	12	17	0	0	0	0	0	0	0	0	0	0	0	0
TC	12	18	1	0	0	0	0	0	0	0	0	0	0	0
TC	12	23	2	2	2	2	0	0	0	0	1	2	1	1
TC	12	26	0	1	0	0	0	1	0	0	0	1	0	0
TC	12	27	0	0	0	0	0	0	0	0	0	0	0	0
TC	12	29	0	1	0	0	0	0	0	0	0	1	0	0
TC	12	42	0	0	0	0	0	0	0	0	0	0	0	0
TC	12	45	0	0	0	0	0	0	0	0	0	0	0	0
TC	12	47	0	1	0	0	0	0	0	0	0	0	0	0
TC	12	48	1	0	0	0	0	0	0	0	0	0	0	0
TC	12	49	1	1	1	1	0	0	0	0	0	0	0	0
TC	12	51	0	1	0	0	0	0	0	0	0	1	0	0
TC	12	52	0	0	0	0	0	0	0	0	0	1	0	0
TC	12	59	0	1	0	0	0	0	0	0	0	0	0	0
TC	12	60	0	1	0	0	0	0	0	0	0	0	0	0
TC	12	61	0	0	0	0	0	0	0	0	0	0	0	0
TC	12	62	0	2	0	0	0	0	0	0	0	1	0	0
TC	12	63	1	2	0	0	0	0	0	0	0	0	0	0
TC	12	64	0	1	0	0	0	0	0	0	0	1	0	0
TC	12	66	0	2	0	0	0	1	0	0	0	1	0	0
TC	12	67	0	1	0	0	0	0	0	0	0	0	0	0
TC	12	69	0	0	0	0	0	0	0	0	0	0	0	0
TC	12	71	1	3	1	1	0	0	0	0	0	0	0	0
TC	12	72	0	0	0	0	0	0	0	0	0	0	0	0
TC	12	82	0	0	0	0	0	0	0	0	0	0	0	0
TC	12	97	0	1	0	0	0	0	0	0	0	0	0	0
TC	12	98	0	1	0	0	0	0	0	0	0	0	0	0
TC	12	106	0	0	0	0	0	0	0	0	0	0	0	0
TC	12	110	1	1	0	0	0	1	0	0	0	1	0	0
TC	12	113	0	0	0	0	0	0	0	0	0	1	0	0
TC	12	116	0	1	0	0	0	0	0	0	0	0	0	0
TC	12	117	1	0	0	0	0	0	0	0	0	0	0	0
TC	12	119	0	0	0	0	0	0	0	0	0	0	0	0
TC	12	120	0	1	0	0	0	0	0	0	0	1	0	0
TC	12	121	1	2	0	0	1	1	0	0	0	1	0	0
TC	12	122	3	3	2	2	0	0	0	0	0	2	0	0
TC	12	123	0	0	0	0	0	0	0	0	0	0	0	0
TC	12	127	0	0	0	0	0	0	0	0	0	0	0	0
TC	12	128	1	1	0	0	0	0	0	0	0	0	0	0
TC	12	129	0	1	0	0	0	0	0	0	0	0	0	0
TC	12	138	1	2	1	1	0	1	0	0	1	2	1	1
TC	12	139	2	4	1	1	1	3	1	1	1	3	0	0
TC	12	140	4	4	3	3	1	4	1	1	0	2	0	0
TC	12	141	2	5	1	1	0	2	0	0	1	3	1	1
TC	13	18	0	0	0	0	0	0	0	0	0	0	0	0
TC	13	21	0	2	0	0	0	0	0	0	0	1	0	0
TC	13	24	0	1	0	0	0	0	0	0	0	0	0	0
TC	13	25	3	4	3	3	1	2	1	1	0	4	0	0
TC	13	40	0	1	0	0	0	0	0	0	0	0	0	0
TC	13	44	0	0	0	0	0	0	0	0	0	0	0	0
TC	13	45	0	1	0	0	0	1	0	0	0	0	0	0
TC	13	50	0	2	0	0	0	0	0	0	0	1	0	0
TC	13	66	0	2	0	0	0	1	0	0	0	1	0	0
TC	13	69	0	1	0	0	0	0	0	0	0	0	0	0
TC	13	70	0	0	0	0	0	0	0	0	0	0	0	0
TC	13	84	0	1	0	0	0	0	0	0	0	0	0	0
TC	13	95	0	0	0	0	0	0	0	0	0	0	0	0
TC	13	96	0	1	0	0	0	1	0	0	0	1	0	0
TC	13	111	1	1	1	1	0	0	0	0	0	1	0	0
TC	13	115	0	1	0	0	0	1	0	0	0	1	0	0
TC	13	116	1	1	0	0	1	1	0	0	0	0	0	0
TC	13	118	1	1	1	1	0	1	0	0	0	1	0	0
TC	13	124	1	1	1	1	0	0	0	0	0	0	0	0
TC	13	125	1	4	1	1	1	2	1	1	0	3	0	0
TC	14	4	1	2	0	0	0	0	0	0	1	2	0	0
TC	14	10	0	0	0	0	0	0	0	0	0	0	0	0
TC	14	11	0	1	0	0	0	0	0	0	0	0	0	0
TC	14	14	2	5	1	1	0	1	0	0	0	3	0	0
TC	14	23	0	1	0	0	0	0	0	0	0	1	0	0
TC	14	31	0	1	0	0	0	0	0	0	0	0	0	0
TC	14	35	0	1	0	0	0	0	0	0	0	1	0	0
TC	14	43	0	1	0	0	0	0	0	0	0	0	0	0
TC	14	63	1	1	1	1	0	1	0	0	0	0	0	0
TC	14	67	0	1	0	0	0	0	0	0	0	0	0	0
TC	14	68	3	1	1	1	0	0	0	0	1	0	0	0
TC	14	72	0	1	0	0	0	1	0	0	0	1	0	0
TC	14	73	1	1	1	1	0	0	0	0	1	1	1	1
TC	14	93	0	0	0	0	0	0	0	0	0	0	0	0
TC	14	96	0	1	0	0	0	0	0	0	0	1	0	0
TC	14	105	0	1	0	0	0	0	0	0	0	0	0	0
TC	14	106	0	1	0	0	0	0	0	0	0	1	0	0
TC	14	120	0	0	0	0	0	0	0	0	0	0	0	0
TC	14	121	0	1	0	0	0	0	0	0	0	0	0	0
TC	14	126	0	2	0	0	0	1	0	0	0	2	0	0
TC	14	127	0	1	0	0	0	0	0	0	0	0	0	0
TC	14	129	0	1	0	0	0	0	0	0	0	0	0	0
TC	15	37	0	1	0	0	0	0	0	0	0	1	0	0
TC	15	44	0	1	0	0	0	0	0	0	0	1	0	0
TC	15	45	0	1	0	0	0	0	0	0	0	0	0	0
TC	15	46	0	1	0	0	0	0	0	0	0	1	0	0
TC	15	47	0	1	0	0	0	1	0	0	0	0	0	0
TC	15	50	1	1	0	0	1	0	0	0	0	0	0	0
TC	15	52	3	4	2	2	0	3	0	0	0	3	0	0
TC	15	53	2	1	1	1	1	2	1	1	0	2	0	0
TC	15	54	0	1	0	0	0	0	0	0	0	1	0	0
TC	15	59	0	1	0	0	0	0	0	0	0	0	0	0
TC	15	62	1	2	1	1	0	0	0	0	0	0	0	0
TC	15	63	0	1	0	0	0	0	0	0	0	1	0	0
TC	15	64	0	1	0	0	0	0	0	0	0	0	0	0
TC	15	66	0	2	0	0	0	0	0	0	0	2	0	0
TC	15	80	0	1	0	0	0	0	0	0	0	0	0	0
TC	15	83	0	1	0	0	0	0	0	0	0	0	0	0
TC	15	85	0	1	0	0	0	0	0	0	0	1	0	0
TC	15	88	0	0	0	0	0	0	0	0	0	0	0	0
TC	15	102	0	1	0	0	0	0	0	0	0	0	0	0
TC	15	111	0	1	0	0	0	0	0	0	0	1	0	0
TC	15	117	0	0	0	0	0	0	0	0	0	0	0	0
TC	16	1	0	0	0	0	0	0	0	0	0	0	0	0
TC	16	2	0	0	0	0	0	0	0	0	0	0	0	0
TC	16	4	0	0	0	0	0	0	0	0	0	0	0	0
TC	16	5	0	0	0	0	0	0	0	0	0	0	0	0
TC	16	6	0	0	0	0	0	0	0	0	0	0	0	0
TC	16	9	0	0	0	0	0	0	0	0	0	0	0	0
TC	16	31	1	4	0	0	0	1	0	0	0	1	0	0
TC	16	32	1	2	1	1	0	0	0	0	0	1	0	0
TC	16	33	0	1	0	0	0	0	0	0	0	0	0	0
TC	16	37	0	1	0	0	0	0	0	0	0	0	0	0
TC	16	41	1	1	1	1	0	0	0	0	0	0	0	0
TC	16	43	0	1	0	0	0	1	0	0	0	0	0	0
TC	16	58	0	0	0	0	0	0	0	0	0	0	0	0
TC	16	59	0	4	0	0	0	0	0	0	0	0	0	0
TC	16	63	0	0	0	0	0	0	0	0	0	0	0	0
TC	16	70	0	1	0	0	0	1	0	0	0	0	0	0
TC	16	74	0	0	0	0	0	0	0	0	0	0	0	0
TC	16	75	4	4	4	4	1	3	1	1	1	3	1	1
TC	16	76	1	2	1	1	0	1	0	0	0	2	0	0
TC	16	79	0	1	0	0	0	0	0	0	0	0	0	0
TC	16	83	0	0	0	0	0	0	0	0	0	0	0	0
TC	16	85	0	0	0	0	0	0	0	0	0	0	0	0
TC	16	88	2	1	0	0	0	2	0	0	0	2	0	0
TC	16	89	4	8	2	2	2	5	1	1	1	6	0	0
TC	16	90	0	0	0	0	0	0	0	0	0	0	0	0
TC	16	91	0	0	0	0	0	0	0	0	0	0	0	0
TC	16	94	1	0	0	0	1	0	0	0	0	0	0	0
TC	16	99	0	1	0	0	0	0	0	0	0	0	0	0
TC	16	100	0	2	0	0	0	2	0	0	0	1	0	0
TC	16	101	0	1	0	0	0	0	0	0	0	0	0	0
TC	16	103	0	1	0	0	0	0	0	0	0	0	0	0
TC	16	104	0	1	0	0	0	0	0	0	0	0	0	0
TC	16	110	1	2	1	1	0	1	0	0	0	1	0	0
TC	16	113	0	0	0	0	0	0	0	0	0	0	0	0
TC	16	116	0	0	0	0	0	0	0	0	0	0	0	0
TC	16	119	1	1	0	0	0	0	0	0	0	0	0	0
TC	16	120	0	0	0	0	0	0	0	0	0	0	0	0
TC	16	125	0	1	0	0	0	0	0	0	0	0	0	0
TC	16	126	0	1	0	0	0	0	0	0	0	0	0	0
TC	16	127	1	1	0	0	0	1	0	0	0	0	0	0
TC	16	128	0	0	0	0	0	0	0	0	0	0	0	0
TC	17	9	1	3	1	1	0	2	0	0	0	2	0	0
TC	17	15	0	1	0	0	0	1	0	0	0	0	0	0
TC	17	16	0	2	0	0	0	0	0	0	0	2	0	0
TC	17	17	1	2	1	1	1	2	1	1	1	0	0	0
TC	17	22	1	0	0	0	0	0	0	0	1	0	0	0
TC	17	23	2	2	2	2	1	0	0	0	0	2	0	0
TC	17	24	4	2	0	0	1	1	0	0	1	2	0	0
TC	17	25	1	1	1	1	0	1	0	0	0	1	0	0
TC	17	28	0	1	0	0	0	0	0	0	0	0	0	0
TC	17	30	0	1	0	0	0	0	0	0	0	0	0	0
TC	17	49	0	0	0	0	0	0	0	0	0	0	0	0
TC	17	51	1	2	1	1	0	1	0	0	0	0	0	0
TC	17	53	0	0	0	0	0	0	0	0	0	0	0	0
TC	17	54	0	1	0	0	0	0	0	0	0	1	0	0
TC	17	55	2	7	2	3	0	3	0	0	0	5	0	0
TC	17	65	0	0	0	0	0	0	0	0	0	0	0	0
TC	17	70	0	1	0	0	0	0	0	0	0	1	0	0
TC	17	71	1	2	0	0	0	1	0	0	0	1	0	0
TC	17	73	1	2	1	1	0	0	0	0	0	0	0	0
TC	17	74	0	2	0	0	0	0	0	0	0	2	0	0
TC	17	75	1	3	1	1	0	2	0	0	0	2	0	0
TC	17	76	0	0	0	0	0	0	0	0	0	0	0	0
TC	17	78	0	0	0	0	0	0	0	0	0	0	0	0
TC	17	80	0	1	0	0	0	0	0	0	0	0	0	0
TC	17	85	0	1	0	0	0	1	0	0	0	0	0	0
TC	17	87	0	2	0	0	0	0	0	0	0	2	0	0
TC	17	90	0	2	0	0	0	0	0	0	0	1	0	0
TC	17	94	0	1	0	0	0	0	0	0	0	0	0	0
TC	17	95	0	0	0	0	0	0	0	0	0	0	0	0
TC	17	97	0	0	0	0	0	0	0	0	0	0	0	0
TC	17	98	0	2	0	0	0	0	0	0	0	0	0	0
TC	17	100	0	1	0	0	0	0	0	0	0	1	0	0
TC	17	101	0	1	0	0	0	0	0	0	0	0	0	0
TC	17	102	0	5	0	0	0	2	0	0	0	1	0	0
TC	17	103	1	1	0	0	0	0	0	0	0	0	0	0
TC	17	104	1	1	1	1	0	0	0	0	0	0	0	0
TC	17	105	0	0	0	0	0	0	0	0	0	0	0	0
TC	17	109	0	1	0	0	0	0	0	0	0	0	0	0
TC	17	116	0	0	0	0	0	0	0	0	0	0	0	0
TC	17	117	2	0	0	0	1	0	0	0	0	0	0	0
TC	17	118	0	3	0	0	0	1	0	0	0	0	0	0
TC	17	121	0	1	0	0	0	0	0	0	0	0	0	0
TC	17	123	0	0	0	0	0	0	0	0	0	0	0	0
TC	17	125	1	4	1	2	0	2	0	0	1	2	1	2
TC	17	128	2	0	0	0	0	0	0	0	1	0	0	0
TC	17	130	0	0	0	0	0	0	0	0	0	0	0	0
TC	17	133	0	1	0	0	0	0	0	0	0	0	0	0
TC	17	134	0	2	0	0	0	0	0	0	0	0	0	0
TC	18	8	0	1	0	0	0	0	0	0	0	0	0	0
TC	18	9	0	0	0	0	0	0	0	0	0	0	0	0
TC	18	31	0	1	0	0	0	0	0	0	0	1	0	0
TC	18	35	0	0	0	0	0	0	0	0	0	0	0	0
TC	18	39	1	0	0	0	1	0	0	0	0	0	0	0
TC	18	41	1	0	0	0	0	0	0	0	0	0	0	0
TC	18	42	0	0	0	0	0	0	0	0	0	0	0	0
TC	18	52	0	0	0	0	0	0	0	0	0	0	0	0
TC	18	61	0	1	0	0	0	0	0	0	0	0	0	0
TC	18	68	0	0	0	0	0	0	0	0	0	0	0	0
TC	18	69	7	8	6	6	0	5	0	0	0	2	0	0
TC	18	74	0	0	0	0	0	0	0	0	0	0	0	0
TC	18	77	1	1	1	1	0	0	0	0	0	0	0	0
TC	18	78	0	1	0	0	0	1	0	0	0	0	0	0
TC	18	81	0	1	0	0	0	0	0	0	0	0	0	0
TC	18	85	0	0	0	0	0	0	0	0	0	1	0	0
TC	18	88	1	2	0	0	1	1	0	0	0	1	0	0
TC	18	119	0	0	0	0	0	0	0	0	0	0	0	0
TC	19	2	0	0	0	0	0	0	0	0	0	0	0	0
TC	19	5	0	1	0	0	0	0	0	0	0	0	0	0
TC	19	6	0	2	0	0	0	0	0	0	0	1	0	0
TC	19	12	1	1	1	1	0	0	0	0	0	0	0	0
TC	19	15	0	0	0	0	0	0	0	0	0	0	0	0
TC	19	16	0	1	0	0	0	0	0	0	0	1	0	0
TC	19	19	0	1	0	0	0	0	0	0	0	1	0	0
TC	19	20	0	2	0	0	0	1	0	0	0	1	0	0
TC	19	21	0	0	0	0	0	0	0	0	0	0	0	0
TC	19	22	0	0	0	0	0	0	0	0	0	0	0	0
TC	19	25	0	0	0	0	0	0	0	0	0	0	0	0
TC	19	30	0	0	0	0	0	0	0	0	0	0	0	0
TC	19	32	0	2	0	0	0	1	0	0	0	1	0	0
TC	19	33	1	1	1	1	0	0	0	0	1	1	1	1
TC	19	35	0	1	0	0	0	1	0	0	0	1	0	0
TC	19	36	0	0	0	0	0	0	0	0	0	0	0	0
TC	19	37	4	14	3	3	2	9	2	2	2	7	2	2
TC	19	38	7	8	4	4	2	5	1	1	2	3	0	0
TC	19	39	1	3	0	0	0	1	0	0	0	0	0	0
TC	19	42	0	0	0	0	0	0	0	0	0	0	0	0
TC	19	46	1	2	1	1	1	0	0	0	0	0	0	0
TC	19	49	1	4	1	1	0	0	0	0	0	2	0	0
TC	19	51	1	1	1	1	0	0	0	0	0	0	0	0
TC	19	52	0	4	0	0	0	0	0	0	0	2	0	0
TC	19	53	1	3	1	1	0	0	0	0	0	1	0	0
TC	19	54	0	1	0	0	0	1	0	0	0	0	0	0
TC	19	63	0	4	0	0	0	1	0	0	0	2	0	0
TC	19	64	1	2	1	1	0	0	0	0	0	1	0	0
TC	19	65	0	3	0	0	0	1	0	0	0	2	0	0
TC	19	67	0	2	0	0	0	0	0	0	0	1	0	0
TC	19	70	0	0	0	0	0	0	0	0	0	0	0	0
TC	19	71	1	0	0	0	0	0	0	0	0	0	0	0
TC	19	72	1	1	1	1	0	0	0	0	0	1	0	0
TC	19	73	1	0	0	0	1	0	0	0	0	0	0	0
TC	19	74	3	6	3	3	0	4	0	0	2	1	0	0
TC	19	75	3	7	3	3	2	5	2	2	3	6	3	3
TC	19	76	11	9	6	6	3	3	0	0	3	3	0	0
TC	19	77	1	3	0	0	0	2	0	0	0	2	0	0
TC	19	79	0	0	0	0	0	0	0	0	0	0	0	0
TC	19	80	2	3	2	2	0	1	0	0	0	2	0	0
TC	19	81	2	3	2	2	0	0	0	0	1	2	1	1
TC	19	89	0	0	0	0	0	0	0	0	0	0	0	0
TC	19	90	0	0	0	0	0	0	0	0	0	0	0	0
TC	19	98	2	3	2	2	0	2	0	0	0	0	0	0
TC	19	103	0	1	0	0	0	0	0	0	0	0	0	0
TC	19	104	0	1	0	0	0	0	0	0	0	0	0	0
TC	19	107	0	1	0	0	0	0	0	0	0	0	0	0
TC	19	110	0	2	0	0	0	0	0	0	0	0	0	0
TC	19	111	1	3	1	1	0	0	0	0	0	0	0	0
TC	20	2	0	1	0	0	0	0	0	0	0	0	0	0
TC	20	10	0	1	0	0	0	0	0	0	0	1	0	0
TC	20	12	1	1	1	1	0	0	0	0	0	0	0	0
TC	20	18	1	2	1	1	0	1	0	0	1	1	0	0
TC	20	19	0	1	0	0	0	0	0	0	0	0	0	0
TC	20	40	1	1	1	1	0	1	0	0	0	1	0	0
TC	20	48	3	4	2	2	0	1	0	0	0	2	0	0
TC	20	55	0	1	0	0	0	0	0	0	0	1	0	0
TC	20	59	1	1	1	1	0	0	0	0	0	0	0	0
TC	20	60	1	0	0	0	0	0	0	0	0	0	0	0
TC	20	63	0	2	0	0	0	0	0	0	0	0	0	0
TC	20	64	3	4	3	3	0	2	0	0	0	2	0	0
TC	20	65	1	3	1	1	0	1	0	0	0	1	0	0
TC	20	66	0	0	0	0	0	0	0	0	0	0	0	0
TC	20	67	0	0	0	0	0	0	0	0	0	0	0	0
TC	20	68	1	1	1	1	1	0	0	0	0	0	0	0
TC	20	69	4	2	0	0	1	0	0	0	0	0	0	0
TC	20	70	0	1	0	0	0	0	0	0	0	0	0	0
TC	20	71	0	1	0	0	0	0	0	0	0	0	0	0
TC	20	77	1	1	1	1	0	1	0	0	0	1	0	0
TC	20	78	0	0	0	0	0	0	0	0	0	0	0	0
TC	20	86	0	1	0	0	0	1	0	0	0	0	0	0
TC	20	87	1	2	0	0	1	0	0	0	1	1	0	0
TC	20	89	0	0	0	0	0	0	0	0	0	0	0	0
TC	20	112	0	0	0	0	0	0	0	0	0	0	0	0
TC	20	115	1	2	1	1	0	0	0	0	0	0	0	0
TC	21	3	0	0	0	0	0	0	0	0	0	0	0	0
TC	21	5	0	1	0	0	0	0	0	0	0	0	0	0
TC	21	30	0	0	0	0	0	0	0	0	0	0	0	0
TC	21	33	0	2	0	0	0	1	0	0	0	0	0	0
TC	21	37	0	1	0	0	0	1	0	0	0	1	0	0
TC	21	41	1	1	1	1	0	1	0	0	0	1	0	0
TC	21	48	2	2	1	1	0	1	0	0	0	1	0	0
TC	21	53	0	1	0	0	0	0	0	0	0	0	0	0
TC	21	64	0	1	0	0	0	0	0	0	0	0	0	0
TC	22	1	0	1	0	0	0	0	0	0	0	0	0	0
TC	22	5	0	2	0	0	0	0	0	0	0	1	0	0
TC	22	9	0	0	0	0	0	0	0	0	0	0	0	0
TC	22	13	1	1	1	1	0	0	0	0	0	1	0	0
TC	22	29	0	1	0	0	0	0	0	0	0	0	0	0
TC	22	30	0	3	0	0	0	0	0	0	0	2	0	0
TC	22	36	1	1	1	1	0	1	0	0	1	1	1	1
TC	22	37	0	1	0	0	0	0	0	0	0	0	0	0
TC	22	40	0	1	0	0	0	0	0	0	0	0	0	0
TC	22	43	0	1	0	0	0	0	0	0	0	0	0	0
TC	22	45	0	0	0	0	0	0	0	0	0	0	0	0
TC	22	46	1	1	1	1	0	0	0	0	0	2	0	0
TC	22	47	0	0	0	0	0	0	0	0	0	0	0	0
TC	22	49	1	1	1	1	0	1	0	0	0	1	0	0
TC	22	54	0	0	0	0	0	0	0	0	0	0	0	0
TC	22	55	0	1	0	0	0	0	0	0	0	0	0	0
TC	22	56	0	0	0	0	0	0	0	0	0	0	0	0
TC	22	57	0	2	0	0	0	0	0	0	0	0	0	0
TC	22	69	0	0	0	0	0	0	0	0	0	0	0	0
TC	22	70	0	1	0	0	0	0	0	0	0	0	0	0
