pheno	db	pid	chromosome	block	num_variants	time	num_variants_0.95	num_variants_0.5	num_CS95	num_variants_CS95
TG	UKBB	AFR	1	3	820	196.395184755325	0	0	0	0
TG	UKBB	AFR	1	4	1984	443.326903820038	0	0	0	0
TG	UKBB	AFR	1	5	3594	609.189928770065	0	0	0	0
TG	UKBB	AFR	1	15	5216	2382.06423449516	0	0	0	0
TG	UKBB	AFR	1	17	6602	2384.663418293	0	0	0	0
TG	UKBB	AFR	1	18	2496	726.723236083984	0	0	0	0
TG	UKBB	AFR	1	19	5384	2851.75040459633	0	0	0	0
TG	UKBB	AFR	1	21	3660	669.520454645157	0	0	0	0
TG	UKBB	AFR	1	23	1852	93.1942296028137	0	0	0	0
TG	UKBB	AFR	1	32	1442	408.309135913849	0	0	0	0
TG	UKBB	AFR	1	35	6543	2509.22644805908	0	0	0	0
TG	UKBB	AFR	1	43	1376	157.459665775299	0	0	0	0
TG	UKBB	AFR	1	48	2576	961.151977777481	0	0	0	0
TG	UKBB	AFR	1	50	3554	1244.5760383606	0	0	0	0
TG	UKBB	AFR	1	51	2313	960.057790279388	0	0	0	0
TG	UKBB	AFR	1	52	6601	3174.74202060699	0	0	0	0
TG	UKBB	AFR	1	53	5709	2652.40807271004	0	0	0	0
TG	UKBB	AFR	1	58	6810	3108.54695725441	0	0	0	0
TG	UKBB	AFR	1	63	5211	2374.82217383385	0	0	0	0
TG	UKBB	AFR	1	67	4388	598.7565305233	0	0	0	0
TG	UKBB	AFR	1	70	4508	1554.51350831985	0	0	0	0
TG	UKBB	AFR	1	71	4682	1048.73761916161	0	0	0	0
TG	UKBB	AFR	1	83	4244	807.683834552765	0	0	0	0
TG	UKBB	AFR	1	85	1974	681.448594093323	0	0	0	0
TG	UKBB	AFR	1	94	1055	318.364493131638	0	0	0	0
TG	UKBB	AFR	1	96	4148	1517.86334013939	0	0	0	0
TG	UKBB	AFR	1	97	5089	578.119621515274	0	0	0	0
TG	UKBB	AFR	1	100	4054	2380.9629201889	0	0	0	0
TG	UKBB	AFR	1	101	4245	2232.33892035484	0	0	0	0
TG	UKBB	AFR	1	105	11487	4359.24591255188	0	0	0	0
TG	UKBB	AFR	1	124	6840	2541.4654712677	0	0	0	0
TG	UKBB	AFR	1	125	8663	2132.40894699097	0	0	0	0
TG	UKBB	AFR	1	127	3674	1706.71507453918	0	0	0	0
TG	UKBB	AFR	1	129	2213	655.06420135498	0	0	0	0
TG	UKBB	AFR	1	132	4547	1495.6919593811	0	0	0	0
TG	UKBB	AFR	1	135	7509	1845.60435724258	0	1	0	0
TG	UKBB	AFR	1	138	6665	1228.82167029381	0	0	0	0
TG	UKBB	AFR	1	139	1514	440.233852148056	0	0	0	0
TG	UKBB	AFR	1	143	4016	1507.91911458969	0	0	0	0
TG	UKBB	AFR	1	144	3661	1661.8523862361899	0	0	0	0
TG	UKBB	AFR	1	150	4916	1927.49236273766	0	0	0	0
TG	UKBB	AFR	1	154	8691	2304.07479524612	0	0	0	0
TG	UKBB	AFR	1	155	3504	1584.21571087837	0	0	0	0
TG	UKBB	AFR	1	156	4612	1709.64700388908	0	0	0	0
TG	UKBB	AFR	1	158	5374	2176.32498979568	0	0	0	0
TG	UKBB	AFR	1	168	5333	935.271683692932	0	0	0	0
TG	UKBB	AFR	1	182	7605	674.447739839554	0	1	0	0
TG	UKBB	AFR	1	183	7164	1699.80829644203	0	0	0	0
TG	UKBB	AFR	1	184	1603	365.236021757126	0	0	0	0
TG	UKBB	AFR	1	187	4655	2147.05367732048	0	0	0	0
TG	UKBB	AFR	1	192	5207	1471.83049464226	0	0	0	0
TG	UKBB	AFR	1	193	6039	2131.96152544022	0	0	0	0
TG	UKBB	AFR	1	201	6258	2599.6171271801	0	0	0	0
TG	UKBB	AFR	1	202	5163	2203.4690952301	0	0	0	0
TG	UKBB	AFR	1	203	4393	1711.38761568069	0	0	0	0
TG	UKBB	AFR	1	207	3090	1247.45942854881	0	0	0	0
TG	UKBB	AFR	1	208	3716	1735.32281184196	0	0	0	0
TG	UKBB	AFR	1	209	1258	256.007075786591	0	0	0	0
TG	UKBB	AFR	1	211	2773	805.406599521637	0	0	0	0
TG	UKBB	AFR	1	212	3850	1446.21719670296	0	0	0	0
TG	UKBB	AFR	1	213	2785	880.847447156906	0	0	0	0
TG	UKBB	AFR	1	214	2484	544.651862859726	0	0	0	0
TG	UKBB	AFR	1	217	2056	596.351638793945	0	0	0	0
TG	UKBB	AFR	1	219	4148	1331.22795963287	0	0	0	0
TG	UKBB	AFR	1	221	4835	2028.39608645439	0	0	0	0
TG	UKBB	AFR	1	226	1978	322.139492988586	0	0	0	0
TG	UKBB	AFR	1	228	2787	702.143815517426	0	0	0	0
TG	UKBB	AFR	1	233	6521	2850.8333542347	0	0	0	0
TG	UKBB	AFR	1	234	7476	3415.00473046303	0	0	0	0
TG	UKBB	AFR	1	235	5239	646.112724781036	0	0	0	0
TG	UKBB	AFR	1	238	9835	3379.99518275261	0	0	0	0
TG	UKBB	AFR	1	239	2306	398.346997737885	0	0	0	0
TG	UKBB	AFR	1	240	10161	2844.19095396996	0	0	0	0
TG	UKBB	AFR	1	242	2439	282.046445846558	0	0	0	0
TG	UKBB	AFR	1	243	2762	783.503655195236	0	0	0	0
TG	UKBB	AFR	1	244	5951	1381.87916564941	0	0	0	0
TG	UKBB	AFR	1	248	3070	1113.47593045235	0	0	0	0
TG	UKBB	AFR	1	252	2317	777.881722688675	0	0	0	0
TG	UKBB	AFR	1	254	3997	705.763158559799	0	0	0	0
TG	UKBB	AFR	1	255	2516	811.49148607254	0	0	0	0
TG	UKBB	AFR	1	257	2584	868.395541667938	0	0	0	0
TG	UKBB	AFR	1	264	2785	858.283723831177	0	0	0	0
TG	UKBB	AFR	1	274	6482	2471.99902558327	0	0	0	0
TG	UKBB	AFR	1	277	1390	303.84800362587	0	0	0	0
TG	UKBB	AFR	1	280	10100	4158.68037962914	0	0	0	0
TG	UKBB	AFR	2	1	1410	393.303049564362	0	0	0	0
TG	UKBB	AFR	2	2	8995	1714.91881871223	0	0	0	0
TG	UKBB	AFR	2	6	2716	868.341602563858	0	0	0	0
TG	UKBB	AFR	2	7	1923	558.829415798187	0	0	0	0
TG	UKBB	AFR	2	21	1680	476.575950145721	0	0	0	0
TG	UKBB	AFR	2	34	6254	2063.27718544006	0	0	0	0
TG	UKBB	AFR	2	41	3253	1022.98918175697	0	0	0	0
TG	UKBB	AFR	2	43	711	118.733925104141	0	0	0	0
TG	UKBB	AFR	2	44	3326	918.962625741959	0	0	0	0
TG	UKBB	AFR	2	45	5959	1250.68860697746	0	0	0	0
TG	UKBB	AFR	2	47	7471	1342.28286004066	0	0	0	0
TG	UKBB	AFR	2	48	4596	590.30765748024	0	0	0	0
TG	UKBB	AFR	2	49	7286	2396.86252427101	0	0	0	0
TG	UKBB	AFR	2	50	4173	1276.89240026474	0	0	0	0
TG	UKBB	AFR	2	55	11035	2827.00206947327	0	0	0	0
TG	UKBB	AFR	2	63	4482	1320.87756443024	0	0	0	0
TG	UKBB	AFR	2	66	10535	2968.96668815613	0	0	0	0
TG	UKBB	AFR	2	69	5621	1596.03008246422	0	0	0	0
TG	UKBB	AFR	2	71	4455	1267.40421009064	0	0	0	0
TG	UKBB	AFR	2	72	7354	2202.58799052238	0	0	0	0
TG	UKBB	AFR	2	74	2485	680.925707101822	0	0	0	0
TG	UKBB	AFR	2	76	3423	801.27085351944	0	0	0	0
TG	UKBB	AFR	2	79	6455	1046.33286952972	0	0	0	0
TG	UKBB	AFR	2	80	10846	2813.11722159386	0	0	0	0
TG	UKBB	AFR	2	84	14486	2140.47592663765	0	0	0	0
TG	UKBB	AFR	2	85	13800	1856.25625014305	0	0	0	0
TG	UKBB	AFR	2	86	5700	2049.96712851524	0	0	0	0
TG	UKBB	AFR	2	87	2015	93.2174761295319	0	1	0	0
TG	UKBB	AFR	2	88	16712	5031.70417118073	0	0	0	0
TG	UKBB	AFR	2	89	4258	1563.24065732956	0	0	0	0
TG	UKBB	AFR	2	90	3547	1267.50583076477	0	0	0	0
TG	UKBB	AFR	2	95	3908	1413.02995419502	0	0	0	0
TG	UKBB	AFR	2	99	3745	1538.11124229431	0	0	0	0
TG	UKBB	AFR	2	115	8448	2924.06241345406	0	0	0	0
TG	UKBB	AFR	2	117	4508	1759.15096330643	0	0	0	0
TG	UKBB	AFR	2	122	3348	928.701123952866	0	0	0	0
TG	UKBB	AFR	2	123	669	119.701006174088	0	0	0	0
TG	UKBB	AFR	2	124	6305	2042.1416387558	0	0	0	0
TG	UKBB	AFR	2	125	5184	1304.32997870445	0	0	0	0
TG	UKBB	AFR	2	128	8911	2256.00334453583	0	0	0	0
TG	UKBB	AFR	2	131	266	31.6931340694427	0	0	0	0
TG	UKBB	AFR	2	132	981	110.018115282059	0	0	0	0
TG	UKBB	AFR	2	138	7510	1961.89762067795	0	0	0	0
TG	UKBB	AFR	2	153	6986	2151.44456315041	0	0	0	0
TG	UKBB	AFR	2	159	10172	2985.50104928017	0	0	0	0
TG	UKBB	AFR	2	161	7534	2393.76452970505	0	0	0	0
TG	UKBB	AFR	2	163	345	45.2836253643036	0	0	0	0
TG	UKBB	AFR	2	164	1473	336.514666318893	0	0	0	0
TG	UKBB	AFR	2	166	11511	3307.03103518486	0	0	0	0
TG	UKBB	AFR	2	168	5116	586.917432785034	0	0	0	0
TG	UKBB	AFR	2	169	5802	1980.79584026337	0	0	0	0
TG	UKBB	AFR	2	171	7519	2125.99958705902	0	0	0	0
TG	UKBB	AFR	2	174	1858	60.233722448349	0	1	1	4
TG	UKBB	AFR	2	176	7052	1942.06277656555	0	0	0	0
TG	UKBB	AFR	2	180	4623	1746.12114930153	0	0	0	0
TG	UKBB	AFR	2	181	7100	2115.19829511642	0	0	0	0
TG	UKBB	AFR	2	184	9583	3174.66381835938	0	0	0	0
TG	UKBB	AFR	2	186	6953	2764.81009244919	0	0	0	0
TG	UKBB	AFR	2	195	13217	1659.3095741272	0	0	0	0
TG	UKBB	AFR	2	197	6156	1480.58428025246	0	0	0	0
TG	UKBB	AFR	2	198	4600	1102.32365059853	0	0	0	0
TG	UKBB	AFR	2	199	7545	2318.09807753563	0	0	0	0
TG	UKBB	AFR	2	201	6288	2548.38529801369	0	0	0	0
TG	UKBB	AFR	2	202	1029	49.8973610401154	0	1	0	0
TG	UKBB	AFR	2	205	3573	1061.51670336723	0	0	0	0
TG	UKBB	AFR	2	210	3888	1384.19584560394	0	0	0	0
TG	UKBB	AFR	2	211	5627	2159.09807634354	0	0	0	0
TG	UKBB	AFR	2	213	12633	1753.36608695984	0	0	0	0
TG	UKBB	AFR	2	214	2295	247.599254846573	0	0	0	0
TG	UKBB	AFR	2	217	3415	1127.10857176781	0	0	0	0
TG	UKBB	AFR	2	218	2652	732.550263166428	0	0	0	0
TG	UKBB	AFR	2	230	3553	1300.17487978935	0	0	0	0
TG	UKBB	AFR	2	231	1985	420.087941884995	0	0	0	0
TG	UKBB	AFR	2	235	2158	562.960176944733	0	0	0	0
TG	UKBB	AFR	2	237	4875	1747.63759493828	0	0	0	0
TG	UKBB	AFR	2	240	4352	1771.36055517197	0	0	0	0
TG	UKBB	AFR	2	242	4042	1094.52073955536	0	0	0	0
TG	UKBB	AFR	2	250	9119	3541.18339967728	0	0	0	0
TG	UKBB	AFR	2	251	3114	690.934109687805	0	0	0	0
TG	UKBB	AFR	2	256	5444	1247.53550386429	0	0	0	0
TG	UKBB	AFR	3	1	19642	4829.79061555862	0	0	0	0
TG	UKBB	AFR	3	8	1375	206.482110738754	0	0	0	0
TG	UKBB	AFR	3	9	1479	360.828028440475	0	0	0	0
TG	UKBB	AFR	3	20	5669	1323.1069817543	0	0	0	0
TG	UKBB	AFR	3	23	3909	1064.29136800766	0	0	0	0
TG	UKBB	AFR	3	24	6100	1530.32837295532	0	0	0	0
TG	UKBB	AFR	3	30	5924	2056.12802553177	0	0	0	0
TG	UKBB	AFR	3	31	2859	611.852902412415	0	0	0	0
TG	UKBB	AFR	3	33	1362	247.601843833923	0	0	0	0
TG	UKBB	AFR	3	35	6072	2263.65584540367	0	0	0	0
TG	UKBB	AFR	3	39	8012	1293.57452845573	0	0	0	0
TG	UKBB	AFR	3	40	3941	1310.37803030014	0	0	0	0
TG	UKBB	AFR	3	41	7579	2330.35392308235	0	0	0	0
TG	UKBB	AFR	3	49	7485	1077.70312094688	0	0	0	0
TG	UKBB	AFR	3	55	3230	692.356440544128	0	0	0	0
TG	UKBB	AFR	3	57	3717	1005.28577518463	0	0	0	0
TG	UKBB	AFR	3	60	10367	2415.11501502991	0	0	0	0
TG	UKBB	AFR	3	62	3610	1041.15728712082	0	0	0	0
TG	UKBB	AFR	3	65	2622	810.837502479553	0	0	0	0
TG	UKBB	AFR	3	70	5832	1700.59791755676	0	0	0	0
TG	UKBB	AFR	3	71	7594	2471.75746512413	0	0	0	0
TG	UKBB	AFR	3	77	11212	1932.53749203682	0	0	0	0
TG	UKBB	AFR	3	83	8340	1835.08978891373	0	0	0	0
TG	UKBB	AFR	3	85	4081	957.946449279785	0	0	0	0
TG	UKBB	AFR	3	88	5064	1550.3640267849	0	0	0	0
TG	UKBB	AFR	3	89	5793	2390.12940526009	0	0	0	0
TG	UKBB	AFR	3	114	3908	1218.66005802155	0	0	0	0
TG	UKBB	AFR	3	115	5112	2109.54639101028	0	0	0	0
TG	UKBB	AFR	3	120	5353	1819.77353525162	0	0	0	0
TG	UKBB	AFR	3	121	6384	1340.54887676239	0	0	0	0
TG	UKBB	AFR	3	124	1208	93.1850099563599	0	0	0	0
TG	UKBB	AFR	3	132	9006	922.38954949379	0	0	0	0
TG	UKBB	AFR	3	133	4120	1335.14852499962	0	0	0	0
TG	UKBB	AFR	3	136	2849	667.939296483994	0	0	0	0
TG	UKBB	AFR	3	140	6784	1542.50370121002	0	0	0	0
TG	UKBB	AFR	3	145	6683	1787.77465605736	0	0	0	0
TG	UKBB	AFR	3	150	5523	1669.5256485939	0	0	0	0
TG	UKBB	AFR	3	155	5449	2201.45789861679	0	0	0	0
TG	UKBB	AFR	3	161	7933	1704.72505474091	0	0	0	0
TG	UKBB	AFR	3	162	9762	2721.56768035889	0	0	0	0
TG	UKBB	AFR	3	172	4342	1592.74708294868	0	0	0	0
TG	UKBB	AFR	3	173	2586	626.55205821991	0	0	0	0
TG	UKBB	AFR	3	174	1398	339.909637212753	0	0	0	0
TG	UKBB	AFR	3	175	1754	454.976684331894	0	0	0	0
TG	UKBB	AFR	3	186	7402	2395.52499318123	0	0	0	0
TG	UKBB	AFR	3	191	4249	1191.96751689911	0	0	0	0
TG	UKBB	AFR	3	193	6729	1830.33015108109	0	0	0	0
TG	UKBB	AFR	3	196	1224	204.736213445663	0	0	0	0
TG	UKBB	AFR	3	214	7467	1812.36875391006	0	0	0	0
TG	UKBB	AFR	4	1	18153	3285.865442276	0	0	0	0
TG	UKBB	AFR	4	4	4397	1117.07387781143	0	0	0	0
TG	UKBB	AFR	4	19	2777	94.9682087898254	0	1	0	0
TG	UKBB	AFR	4	21	9992	2912.2686419487	0	0	0	0
TG	UKBB	AFR	4	28	5087	931.057680606842	0	0	0	0
TG	UKBB	AFR	4	32	7184	1745.04603171349	0	0	0	0
TG	UKBB	AFR	4	42	891	174.407711029053	0	0	0	0
TG	UKBB	AFR	4	43	3015	918.260167837143	0	0	0	0
TG	UKBB	AFR	4	48	5670	1868.95182085037	0	0	0	0
TG	UKBB	AFR	4	54	13467	2622.84145355225	0	0	0	0
TG	UKBB	AFR	4	55	5398	1886.18017029762	0	0	0	0
TG	UKBB	AFR	4	64	8963	2719.15233945847	0	0	0	0
TG	UKBB	AFR	4	66	4810	1278.92206525803	0	0	0	0
TG	UKBB	AFR	4	74	5808	1647.9617395401	0	0	0	0
TG	UKBB	AFR	4	80	6791	2251.56006622314	0	0	0	0
TG	UKBB	AFR	4	82	3010	848.036579370499	0	0	0	0
TG	UKBB	AFR	4	84	6612	1573.54180383682	0	0	0	0
TG	UKBB	AFR	4	87	9109	2942.2620704174	0	0	0	0
TG	UKBB	AFR	4	90	6224	2106.32148122787	0	0	0	0
TG	UKBB	AFR	4	95	2321	709.739456653595	0	0	0	0
TG	UKBB	AFR	4	97	3759	1151.80198025703	0	0	0	0
TG	UKBB	AFR	4	101	7513	2749.53927516937	0	0	0	0
TG	UKBB	AFR	4	102	4119	624.85608792305	0	0	0	0
TG	UKBB	AFR	4	103	3091	293.822484016418	0	0	0	0
TG	UKBB	AFR	4	109	3006	861.494137763977	0	0	0	0
TG	UKBB	AFR	4	112	9121	1121.83668684959	0	0	0	0
TG	UKBB	AFR	4	113	7036	2307.08965754509	0	0	0	0
TG	UKBB	AFR	4	114	6484	1869.06767988205	0	0	0	0
TG	UKBB	AFR	4	115	2990	777.105033159256	0	0	0	0
TG	UKBB	AFR	4	116	5686	1952.96210002899	0	0	0	0
TG	UKBB	AFR	4	117	6407	1000.82224774361	0	0	0	0
TG	UKBB	AFR	4	121	5305	822.809524297714	0	0	0	0
TG	UKBB	AFR	4	122	2040	543.73542881012	0	0	0	0
TG	UKBB	AFR	4	133	6558	2486.32698750496	0	0	0	0
TG	UKBB	AFR	4	134	10256	1292.12562465668	0	0	0	0
TG	UKBB	AFR	4	136	9167	1537.89960122108	0	0	0	0
TG	UKBB	AFR	4	139	10646	1481.93160820007	0	0	0	0
TG	UKBB	AFR	4	147	2526	757.429275512695	0	0	0	0
TG	UKBB	AFR	4	148	4297	1391.08221530914	0	0	0	0
TG	UKBB	AFR	4	149	5522	1021.01742911339	0	0	0	0
TG	UKBB	AFR	4	150	6740	2118.9211461544	0	0	0	0
TG	UKBB	AFR	4	153	6349	1986.02537035942	0	0	0	0
TG	UKBB	AFR	4	154	2721	844.522770404816	0	0	0	0
TG	UKBB	AFR	4	156	9110	2088.0057849884	0	0	0	0
TG	UKBB	AFR	4	159	2540	505.970487594604	0	0	0	0
TG	UKBB	AFR	4	161	2369	662.639976978302	0	0	0	0
TG	UKBB	AFR	4	162	4203	1567.31066250801	0	0	0	0
TG	UKBB	AFR	4	165	4494	1342.1968152523	0	0	0	0
TG	UKBB	AFR	4	180	7377	1207.66432142258	0	0	0	0
TG	UKBB	AFR	4	184	2946	939.609384536743	0	0	0	0
TG	UKBB	AFR	4	199	1145	200.528680801392	0	0	0	0
TG	UKBB	AFR	5	27	10594	3131.2480866909	0	0	0	0
TG	UKBB	AFR	5	33	3440	1161.07743740082	0	0	0	0
TG	UKBB	AFR	5	49	1408	346.654222249985	0	0	0	0
TG	UKBB	AFR	5	64	6965	1977.59877681732	0	0	0	0
TG	UKBB	AFR	5	66	5481	1493.63765192032	0	0	0	0
TG	UKBB	AFR	5	68	1660	387.655606985092	0	0	0	0
TG	UKBB	AFR	5	69	2395	567.636598825455	0	0	0	0
TG	UKBB	AFR	5	71	7788	2022.12537026405	0	0	0	0
TG	UKBB	AFR	5	72	8965	2613.53127741814	0	0	0	0
TG	UKBB	AFR	5	74	11158	3406.22299861908	0	0	0	0
TG	UKBB	AFR	5	78	1898	342.495352745056	0	0	0	0
TG	UKBB	AFR	5	81	4435	930.344445943832	0	0	0	0
TG	UKBB	AFR	5	85	6550	1574.35942625999	0	0	0	0
TG	UKBB	AFR	5	88	2446	794.025618076324	0	0	0	0
TG	UKBB	AFR	5	92	4093	1026.26109981537	0	0	0	0
TG	UKBB	AFR	5	96	6244	2535.86700987816	0	0	0	0
TG	UKBB	AFR	5	97	3921	1091.45572423935	0	0	0	0
TG	UKBB	AFR	5	102	8105	697.872222185135	0	0	0	0
TG	UKBB	AFR	5	103	5856	1777.42060303688	0	0	0	0
TG	UKBB	AFR	5	108	2748	608.985824108124	0	0	0	0
TG	UKBB	AFR	5	109	3343	369.23201584816	0	0	0	0
TG	UKBB	AFR	5	111	8441	2786.00645780563	0	0	0	0
TG	UKBB	AFR	5	114	18456	3148.38978385925	0	0	0	0
TG	UKBB	AFR	5	116	7612	2522.89593911171	0	0	0	0
TG	UKBB	AFR	5	120	6912	2167.92261648178	0	0	0	0
TG	UKBB	AFR	5	127	11027	1550.82286739349	0	1	0	0
TG	UKBB	AFR	5	130	7778	1309.83756279945	0	0	0	0
TG	UKBB	AFR	5	136	7357	2507.75847864151	0	0	0	0
TG	UKBB	AFR	5	142	5302	910.045323371887	0	0	0	0
TG	UKBB	AFR	5	145	9054	2845.84685873985	0	0	0	0
TG	UKBB	AFR	5	146	7651	2672.87207365036	0	0	0	0
TG	UKBB	AFR	5	147	3099	738.987156152725	0	0	0	0
TG	UKBB	AFR	5	152	9520	2595.7755408287	0	0	0	0
TG	UKBB	AFR	5	156	4623	1309.12071037292	0	0	0	0
TG	UKBB	AFR	5	158	3998	1348.73842811584	0	0	0	0
TG	UKBB	AFR	5	159	755	56.3257081508636	0	0	0	0
TG	UKBB	AFR	5	164	3752	954.740093231201	0	0	0	0
TG	UKBB	AFR	5	166	6138	1178.88483548164	0	0	0	0
TG	UKBB	AFR	5	167	4985	1848.56350278854	0	0	0	0
TG	UKBB	AFR	5	168	5752	2227.4016728401202	0	0	0	0
TG	UKBB	AFR	5	174	5031	1756.47607588768	0	0	0	0
TG	UKBB	AFR	5	177	4059	1342.83816480637	0	0	0	0
TG	UKBB	AFR	5	181	1689	362.741382837296	0	0	0	0
TG	UKBB	AFR	5	182	2176	493.409660577774	0	0	0	0
TG	UKBB	AFR	5	191	7961	2413.15603375435	0	0	0	0
TG	UKBB	AFR	5	192	886	173.669696331024	0	0	0	0
TG	UKBB	AFR	5	193	1752	416.498938560486	0	0	0	0
TG	UKBB	AFR	5	194	2199	456.719094276428	0	0	0	0
TG	UKBB	AFR	5	202	3853	1132.4851307869	0	0	0	0
TG	UKBB	AFR	5	205	2851	871.927601575851	0	0	0	0
TG	UKBB	AFR	6	3	1009	217.528705596924	0	0	0	0
TG	UKBB	AFR	6	19	4682	1126.25353479385	0	0	0	0
TG	UKBB	AFR	6	21	3499	1226.00493812561	0	0	0	0
TG	UKBB	AFR	6	27	2929	973.328359127045	0	0	0	0
TG	UKBB	AFR	6	29	5070	1418.69740986824	0	0	0	0
TG	UKBB	AFR	6	32	1417	240.11025094986	0	0	0	0
TG	UKBB	AFR	6	39	8566	2587.70270824432	0	0	0	0
TG	UKBB	AFR	6	43	5398	2044.1873383522	0	0	0	0
TG	UKBB	AFR	6	46	422	32.5227515697479	0	0	0	0
TG	UKBB	AFR	6	47	6802	2308.99900507927	0	0	0	0
TG	UKBB	AFR	6	51	10908	3317.55650901794	0	0	0	0
TG	UKBB	AFR	6	52	3585	949.509507894516	0	0	0	0
TG	UKBB	AFR	6	53	3300	792.833397388458	0	0	0	0
TG	UKBB	AFR	6	56	3168	1032.87617921829	0	0	0	0
TG	UKBB	AFR	6	57	3171	261.783207654953	0	0	0	0
TG	UKBB	AFR	6	58	5348	880.230408668518	0	0	0	0
TG	UKBB	AFR	6	60	3033	900.457386732101	0	0	0	0
TG	UKBB	AFR	6	63	5211	2210.01684617996	0	0	0	0
TG	UKBB	AFR	6	64	589	76.2893598079681	0	0	0	0
TG	UKBB	AFR	6	73	808	66.4884190559387	0	0	0	0
TG	UKBB	AFR	6	74	2671	795.53705072403	0	0	0	0
TG	UKBB	AFR	6	75	757	128.479286432266	0	0	0	0
TG	UKBB	AFR	6	76	10249	3384.05629873276	0	0	0	0
TG	UKBB	AFR	6	81	10751	1273.19419050217	0	0	0	0
TG	UKBB	AFR	6	88	15916	2128.08667826653	0	0	0	0
TG	UKBB	AFR	6	94	7842	2491.27395415306	0	0	0	0
TG	UKBB	AFR	6	97	5003	2117.02507901192	0	0	0	0
TG	UKBB	AFR	6	98	6431	2050.91301608086	0	0	0	0
TG	UKBB	AFR	6	99	6753	1663.24144625664	0	0	0	0
TG	UKBB	AFR	6	100	73	5.66791176795959	0	0	0	0
TG	UKBB	AFR	6	105	5044	1685.95056819916	0	0	0	0
TG	UKBB	AFR	6	106	4207	1664.36183667183	0	0	0	0
TG	UKBB	AFR	6	108	1674	395.112816333771	0	0	0	0
TG	UKBB	AFR	6	109	4825	702.695452928543	0	0	0	0
TG	UKBB	AFR	6	111	3375	1242.03844428062	0	0	0	0
TG	UKBB	AFR	6	112	4977	1655.96933054924	0	0	0	0
TG	UKBB	AFR	6	116	7108	2231.02510786057	0	0	0	0
TG	UKBB	AFR	6	124	8225	1286.11893153191	0	0	0	0
TG	UKBB	AFR	6	125	5577	1517.99863481522	0	0	0	0
TG	UKBB	AFR	6	127	4126	1614.49943733215	0	0	0	0
TG	UKBB	AFR	6	130	6655	1868.53046488762	0	0	0	0
TG	UKBB	AFR	6	140	3503	795.102921962738	0	0	0	0
TG	UKBB	AFR	6	143	112	9.10681819915771	0	0	0	0
TG	UKBB	AFR	6	146	2735	776.818184614182	0	0	0	0
TG	UKBB	AFR	6	149	8414	1221.06645703316	0	0	0	0
TG	UKBB	AFR	6	154	3889	1412.17243409157	0	0	0	0
TG	UKBB	AFR	6	157	2332	728.783590078354	0	0	0	0
TG	UKBB	AFR	6	158	4512	1709.21834897995	0	0	0	0
TG	UKBB	AFR	6	160	5605	2082.62961196899	0	0	0	0
TG	UKBB	AFR	6	161	4957	728.567593336105	0	0	0	0
TG	UKBB	AFR	6	169	11508	2271.16587758064	0	0	0	0
TG	UKBB	AFR	6	173	5345	1583.86319589615	0	0	0	0
TG	UKBB	AFR	6	175	2820	650.336520910263	0	0	0	0
TG	UKBB	AFR	6	178	1823	415.993589162827	0	0	0	0
TG	UKBB	AFR	6	179	2963	963.860668182373	0	0	0	0
TG	UKBB	AFR	6	182	4746	1554.27890777588	0	0	0	0
TG	UKBB	AFR	7	3	4573	1507.46131038666	0	0	0	0
TG	UKBB	AFR	7	8	10346	1101.86976718903	0	0	0	0
TG	UKBB	AFR	7	11	4957	1606.70481848717	0	0	0	0
TG	UKBB	AFR	7	12	8719	1211.23450183868	0	0	0	0
TG	UKBB	AFR	7	13	3510	688.442036151886	0	0	0	0
TG	UKBB	AFR	7	25	6904	1275.05436682701	0	0	0	0
TG	UKBB	AFR	7	26	6687	2360.90099382401	0	0	0	0
TG	UKBB	AFR	7	29	4678	1456.65749788284	0	0	0	0
TG	UKBB	AFR	7	30	5866	912.629163980484	0	0	0	0
TG	UKBB	AFR	7	31	4972	1778.49018669128	0	0	0	0
TG	UKBB	AFR	7	32	5544	1043.66358304024	0	0	0	0
TG	UKBB	AFR	7	33	7273	2121.16086316109	0	0	0	0
TG	UKBB	AFR	7	35	6119	1286.02510118484	0	0	0	0
TG	UKBB	AFR	7	37	5776	1768.53702688217	0	0	0	0
TG	UKBB	AFR	7	41	5446	2006.7915251255	0	0	0	0
TG	UKBB	AFR	7	42	5379	1548.77851057053	0	0	0	0
TG	UKBB	AFR	7	43	7807	1696.65366983414	0	0	0	0
TG	UKBB	AFR	7	44	1133	228.709958314896	0	0	0	0
TG	UKBB	AFR	7	45	2241	567.496036529541	0	0	0	0
TG	UKBB	AFR	7	48	1160	266.762574195862	0	0	0	0
TG	UKBB	AFR	7	50	3875	748.671311855316	0	0	0	0
TG	UKBB	AFR	7	54	6545	1475.89202404022	0	0	0	0
TG	UKBB	AFR	7	58	5373	2014.38551950455	0	0	0	0
TG	UKBB	AFR	7	64	450	61.5204811096191	0	0	0	0
TG	UKBB	AFR	7	66	2336	669.391332864761	0	0	0	0
TG	UKBB	AFR	7	67	14047	1910.35899925232	0	0	0	0
TG	UKBB	AFR	7	69	3311	273.112198114395	0	0	0	0
TG	UKBB	AFR	7	73	2004	568.578304052353	0	0	0	0
TG	UKBB	AFR	7	74	2476	687.062009334564	0	0	0	0
TG	UKBB	AFR	7	85	7164	2132.64010262489	0	0	0	0
TG	UKBB	AFR	7	86	2015	251.867237567902	0	0	0	0
TG	UKBB	AFR	7	87	682	102.907787322998	0	0	0	0
TG	UKBB	AFR	7	88	8765	1660.70951962471	0	0	0	0
TG	UKBB	AFR	7	93	2437	625.448863983154	0	0	0	0
TG	UKBB	AFR	7	95	3286	958.786152601242	0	0	0	0
TG	UKBB	AFR	7	103	4142	1603.23782157898	0	0	0	0
TG	UKBB	AFR	7	109	4709	1057.5020506382	0	0	0	0
TG	UKBB	AFR	7	114	9454	2003.67578577995	0	0	0	0
TG	UKBB	AFR	7	118	1965	62.3489062786102	0	0	0	0
TG	UKBB	AFR	7	119	3636	1424.48111248016	0	0	0	0
TG	UKBB	AFR	7	120	732	89.1865210533142	0	0	0	0
TG	UKBB	AFR	7	121	10640	3055.34165453911	0	0	0	0
TG	UKBB	AFR	7	125	6348	593.081904888153	0	0	0	0
TG	UKBB	AFR	7	127	1698	479.112886190414	0	0	0	0
TG	UKBB	AFR	7	128	1908	535.687914609909	0	0	0	0
TG	UKBB	AFR	7	132	12268	1607.7674574852	0	0	0	0
TG	UKBB	AFR	7	133	11011	1389.00209116936	0	0	0	0
TG	UKBB	AFR	7	143	1764	392.53669500351	0	0	0	0
TG	UKBB	AFR	7	145	4044	1126.99508666992	0	0	0	0
TG	UKBB	AFR	7	147	2642	831.535035848618	0	0	0	0
TG	UKBB	AFR	7	148	3398	1167.27921128273	0	0	0	0
TG	UKBB	AFR	7	161	1290	114.387979030609	0	0	0	0
TG	UKBB	AFR	7	162	10855	3248.17495751381	0	0	0	0
TG	UKBB	AFR	7	169	1241	294.772641420364	0	0	0	0
TG	UKBB	AFR	7	177	1758	511.681248426437	0	0	0	0
TG	UKBB	AFR	7	184	4805	554.660337924957	0	0	0	0
TG	UKBB	AFR	8	13	1822	312.861455917358	0	0	0	0
TG	UKBB	AFR	8	17	5510	1358.56856822968	0	0	0	0
TG	UKBB	AFR	8	20	4547	1381.41924023628	0	0	0	0
TG	UKBB	AFR	8	21	4634	1359.86887025833	0	0	0	0
TG	UKBB	AFR	8	24	10939	2858.39293384552	0	1	0	0
TG	UKBB	AFR	8	27	3486	629.820620059967	0	0	0	0
TG	UKBB	AFR	8	28	2173	379.224173069	0	0	0	0
TG	UKBB	AFR	8	29	9673	2523.15625333786	0	0	0	0
TG	UKBB	AFR	8	31	1218	289.991484165192	0	0	0	0
TG	UKBB	AFR	8	32	6646	1338.30603718758	0	0	0	0
TG	UKBB	AFR	8	33	5435	1963.27343940735	0	0	0	0
TG	UKBB	AFR	8	34	2703	849.401685237885	0	0	0	0
TG	UKBB	AFR	8	35	2098	441.204371213913	0	0	0	0
TG	UKBB	AFR	8	38	2096	530.397192716599	0	0	0	0
TG	UKBB	AFR	8	39	3950	1342.3342757225	0	0	0	0
TG	UKBB	AFR	8	40	5688	2068.02455067635	0	0	0	0
TG	UKBB	AFR	8	41	3681	1068.32365465164	0	0	0	0
TG	UKBB	AFR	8	42	6573	2131.01374197006	0	0	0	0
TG	UKBB	AFR	8	46	2177	288.082705497742	0	0	0	0
TG	UKBB	AFR	8	48	5503	1834.2259979248	0	0	0	0
TG	UKBB	AFR	8	51	8737	2630.86207818985	0	0	0	0
TG	UKBB	AFR	8	53	4485	1485.49402618408	0	0	0	0
TG	UKBB	AFR	8	54	1669	358.812607526779	0	0	0	0
TG	UKBB	AFR	8	55	3894	1097.4916498661	0	0	0	0
TG	UKBB	AFR	8	65	3269	1055.86672401428	0	0	0	0
TG	UKBB	AFR	8	66	7741	2771.81409716606	0	0	0	0
TG	UKBB	AFR	8	68	4306	1359.19116973877	0	0	0	0
TG	UKBB	AFR	8	69	9021	2003.31533408165	0	0	0	0
TG	UKBB	AFR	8	71	5806	1738.81440997124	0	0	0	0
TG	UKBB	AFR	8	77	5145	1442.23762989044	0	0	0	0
TG	UKBB	AFR	8	78	1092	256.17307972908	0	0	0	0
TG	UKBB	AFR	8	80	2309	715.039045572281	0	0	0	0
TG	UKBB	AFR	8	83	9655	2946.56943583488	0	0	0	0
TG	UKBB	AFR	8	84	12591	3369.08703398705	0	0	0	0
TG	UKBB	AFR	8	85	5070	1360.41088867188	0	0	0	0
TG	UKBB	AFR	8	86	1143	271.042799949646	0	0	0	0
TG	UKBB	AFR	8	88	6083	1207.99144101143	0	0	0	0
TG	UKBB	AFR	8	92	6367	2088.06727194786	0	0	0	0
TG	UKBB	AFR	8	107	1835	493.752105951309	0	0	0	0
TG	UKBB	AFR	8	108	9502	2177.44961452484	0	0	0	0
TG	UKBB	AFR	8	113	3748	632.162883043289	0	0	0	0
TG	UKBB	AFR	8	114	3564	445.50455737114	0	0	0	0
TG	UKBB	AFR	8	124	3298	1237.94175553322	0	0	0	0
TG	UKBB	AFR	8	125	1432	347.867213726044	0	0	0	0
TG	UKBB	AFR	8	126	408	53.1289389133453	0	0	0	0
TG	UKBB	AFR	8	130	2972	978.198090553284	0	0	0	0
TG	UKBB	AFR	8	133	5072	794.168546915054	0	0	0	0
TG	UKBB	AFR	8	141	3257	1233.3123691082	0	0	0	0
TG	UKBB	AFR	8	154	3427	634.863272428513	0	0	0	0
TG	UKBB	AFR	8	159	4384	1435.98503232002	0	0	0	0
TG	UKBB	AFR	9	1	8621	2157.00265240669	0	0	0	0
TG	UKBB	AFR	9	4	4547	1674.98490333557	0	0	0	0
TG	UKBB	AFR	9	9	3469	118.149450540543	0	1	0	0
TG	UKBB	AFR	9	13	8671	1729.23848319054	0	0	0	0
TG	UKBB	AFR	9	27	12046	3492.41449427605	0	0	0	0
TG	UKBB	AFR	9	28	3538	1225.62581515312	0	0	0	0
TG	UKBB	AFR	9	31	6975	2009.71909928322	0	0	0	0
TG	UKBB	AFR	9	32	2684	355.877683401108	0	0	0	0
TG	UKBB	AFR	9	33	4881	740.887902975082	0	0	0	0
TG	UKBB	AFR	9	39	2029	604.355546712875	0	0	0	0
TG	UKBB	AFR	9	41	654	24.8964796066284	0	0	0	0
TG	UKBB	AFR	9	48	1156	283.301623106003	0	0	0	0
TG	UKBB	AFR	9	50	6922	2197.6361823082	0	0	0	0
TG	UKBB	AFR	9	53	8749	2282.4538269043	0	0	0	0
TG	UKBB	AFR	9	71	565	62.6024754047394	0	0	0	0
TG	UKBB	AFR	9	72	1338	279.467711687088	0	0	0	0
TG	UKBB	AFR	9	77	3009	896.334544181824	0	0	0	0
TG	UKBB	AFR	9	84	4238	1764.10845804214	0	0	0	0
TG	UKBB	AFR	9	93	5597	1499.09773802757	0	0	0	0
TG	UKBB	AFR	9	97	2068	562.486036539078	0	0	0	0
TG	UKBB	AFR	9	98	6781	774.66829252243	0	0	0	0
TG	UKBB	AFR	9	100	6431	857.489240169525	0	0	0	0
TG	UKBB	AFR	9	102	7264	1937.40223264694	0	0	0	0
TG	UKBB	AFR	9	105	1331	175.514229536057	0	0	0	0
TG	UKBB	AFR	9	106	6214	1776.04995393753	0	0	0	0
TG	UKBB	AFR	9	107	1662	421.835281133652	0	0	0	0
TG	UKBB	AFR	9	110	8498	2830.91259241104	0	0	0	0
TG	UKBB	AFR	9	111	324	38.8607397079468	0	0	0	0
TG	UKBB	AFR	9	112	7397	1899.25029754639	0	0	0	0
TG	UKBB	AFR	9	114	2474	739.628600120544	0	0	0	0
TG	UKBB	AFR	9	115	7684	2619.01013278961	0	0	0	0
TG	UKBB	AFR	9	116	3686	1344.23377633095	0	0	0	0
TG	UKBB	AFR	9	118	9353	1050.96689152718	0	0	0	0
TG	UKBB	AFR	9	124	3492	639.866239547729	0	0	0	0
TG	UKBB	AFR	9	128	362	30.7572848796844	0	0	0	0
TG	UKBB	AFR	9	129	5190	2131.65388059616	0	0	0	0
TG	UKBB	AFR	9	134	9724	1310.54299592972	0	0	0	0
TG	UKBB	AFR	9	135	4255	1299.65484642982	0	0	0	0
TG	UKBB	AFR	9	136	4134	1515.41773724556	0	0	0	0
TG	UKBB	AFR	9	138	6651	2264.83000349998	0	0	0	0
TG	UKBB	AFR	9	140	10079	1763.21528339386	0	0	0	0
TG	UKBB	AFR	9	142	3148	822.39798617363	0	0	0	0
TG	UKBB	AFR	9	149	3558	671.965465307236	0	0	0	0
TG	UKBB	AFR	9	160	1402	213.185576200485	0	0	0	0
TG	UKBB	AFR	9	161	1289	295.764009952545	0	0	0	0
TG	UKBB	AFR	10	13	4413	750.656198501587	0	0	0	0
TG	UKBB	AFR	10	14	5559	2107.17019128799	0	0	0	0
TG	UKBB	AFR	10	20	185	18.3070118427277	0	0	0	0
TG	UKBB	AFR	10	22	4781	808.800304174423	0	0	0	0
TG	UKBB	AFR	10	26	5229	2005.53126835823	0	0	0	0
TG	UKBB	AFR	10	34	1657	367.155799865723	0	0	0	0
TG	UKBB	AFR	10	43	3967	1268.21986985207	0	0	0	0
TG	UKBB	AFR	10	44	2240	664.404664516449	0	0	0	0
TG	UKBB	AFR	10	45	6390	2232.19153523445	0	0	0	0
TG	UKBB	AFR	10	48	9254	2730.70297384262	0	0	0	0
TG	UKBB	AFR	10	49	5369	1411.50441980362	0	0	0	0
TG	UKBB	AFR	10	59	4338	1335.0231719017	0	0	0	0
TG	UKBB	AFR	10	60	7928	2577.28520131111	0	0	0	0
TG	UKBB	AFR	10	61	2635	647.65080165863	0	0	0	0
TG	UKBB	AFR	10	64	1105	254.301213026047	0	0	0	0
TG	UKBB	AFR	10	70	6192	2037.46134138107	0	0	0	0
TG	UKBB	AFR	10	76	11559	2672.37981629372	0	0	0	0
TG	UKBB	AFR	10	78	3132	916.798142671585	0	0	0	0
TG	UKBB	AFR	10	79	6491	2121.36561918259	0	0	0	0
TG	UKBB	AFR	10	80	5985	2173.76714420319	0	0	0	0
TG	UKBB	AFR	10	81	7075	2164.86290335655	0	0	0	0
TG	UKBB	AFR	10	84	11171	3211.3619992733	0	0	0	0
TG	UKBB	AFR	10	85	1885	263.294917345047	0	0	0	0
TG	UKBB	AFR	10	92	10809	2440.60159945488	0	0	0	0
TG	UKBB	AFR	10	93	1940	556.933275938034	0	0	0	0
TG	UKBB	AFR	10	99	384	44.3481533527374	0	0	0	0
TG	UKBB	AFR	10	100	1742	471.947971343994	0	0	0	0
TG	UKBB	AFR	10	109	6707	1327.70748662949	0	0	0	0
TG	UKBB	AFR	10	110	2028	554.167413711548	0	0	0	0
TG	UKBB	AFR	10	111	3197	820.915649175644	0	0	0	0
TG	UKBB	AFR	10	112	1286	305.627967119217	0	0	0	0
TG	UKBB	AFR	10	117	7913	1236.83583188057	0	0	0	0
TG	UKBB	AFR	10	120	5610	1863.24660968781	0	0	0	0
TG	UKBB	AFR	10	123	5305	1250.46929383278	0	0	0	0
TG	UKBB	AFR	10	124	1531	373.893405914307	0	0	0	0
TG	UKBB	AFR	10	126	7162	2167.82141447067	0	0	0	0
TG	UKBB	AFR	10	129	8118	2902.44418859482	0	0	0	0
TG	UKBB	AFR	10	131	7386	1539.11219143867	0	0	0	0
TG	UKBB	AFR	10	136	9946	3021.71903896332	0	0	0	0
TG	UKBB	AFR	10	137	6967	1605.66718459129	0	0	0	0
TG	UKBB	AFR	10	138	1218	195.551074743271	0	0	0	0
TG	UKBB	AFR	10	140	1542	385.55159497261	0	0	0	0
TG	UKBB	AFR	10	142	2363	608.142425298691	0	0	0	0
TG	UKBB	AFR	10	144	2760	900.25455904007	0	0	0	0
TG	UKBB	AFR	10	145	2583	692.677837610245	0	0	0	0
TG	UKBB	AFR	10	148	4317	1258.6918592453	0	0	0	0
TG	UKBB	AFR	10	152	3847	605.25202870369	0	0	0	0
TG	UKBB	AFR	10	167	752	121.984489440918	0	0	0	0
TG	UKBB	AFR	10	176	5587	1679.86092233658	0	0	0	0
TG	UKBB	AFR	10	177	3452	1249.50640392303	0	0	0	0
TG	UKBB	AFR	11	2	4280	524.641705036163	0	0	0	0
TG	UKBB	AFR	11	4	3337	991.457728624344	0	0	0	0
TG	UKBB	AFR	11	7	2482	582.885391235352	0	0	0	0
TG	UKBB	AFR	11	11	6071	1563.93059110641	0	0	0	0
TG	UKBB	AFR	11	14	4676	789.227160453796	0	0	0	0
TG	UKBB	AFR	11	19	2461	585.710278272629	0	0	0	0
TG	UKBB	AFR	11	22	2159	456.800030708313	0	0	0	0
TG	UKBB	AFR	11	27	4702	1648.60297775269	0	0	0	0
TG	UKBB	AFR	11	28	3445	1154.20338892937	0	0	0	0
TG	UKBB	AFR	11	29	2537	620.626509666443	0	0	0	0
TG	UKBB	AFR	11	33	4165	1349.30197191238	0	0	0	0
TG	UKBB	AFR	11	51	4831	2038.7012732029	0	0	0	0
TG	UKBB	AFR	11	52	2654	688.473250627518	0	0	0	0
TG	UKBB	AFR	11	53	5970	1452.95214176178	0	0	0	0
TG	UKBB	AFR	11	54	4344	1158.03059983253	0	0	0	0
TG	UKBB	AFR	11	56	996	168.024530649185	0	0	0	0
TG	UKBB	AFR	11	57	4305	1467.90671753883	0	0	0	0
TG	UKBB	AFR	11	65	4075	920.154870986938	0	0	0	0
TG	UKBB	AFR	11	70	7813	2335.30830359459	0	0	0	0
TG	UKBB	AFR	11	75	3581	539.865138530731	0	0	0	0
TG	UKBB	AFR	11	76	4239	1424.73878931999	0	0	0	0
TG	UKBB	AFR	11	77	4315	755.821110725403	0	0	0	0
TG	UKBB	AFR	11	78	4466	1604.5603992939	0	0	0	0
TG	UKBB	AFR	11	79	9636	2610.77954268456	0	0	0	0
TG	UKBB	AFR	11	80	6607	1314.23055768013	0	0	0	0
TG	UKBB	AFR	11	81	3991	1302.20092892647	0	0	0	0
TG	UKBB	AFR	11	83	3189	1034.76617956161	0	0	0	0
TG	UKBB	AFR	11	89	829	138.836730241776	0	0	0	0
TG	UKBB	AFR	11	90	10059	3541.73299098015	0	0	0	0
TG	UKBB	AFR	11	104	9132	2073.71043491364	0	0	0	0
TG	UKBB	AFR	11	108	1718	349.975932836533	0	0	0	0
TG	UKBB	AFR	11	112	5550	738.680299520493	0	0	0	0
TG	UKBB	AFR	11	114	3752	910.973785638809	0	0	0	0
TG	UKBB	AFR	11	117	10667	1842.48597431183	0	0	0	0
TG	UKBB	AFR	11	121	4624	1009.25769209862	0	0	0	0
TG	UKBB	AFR	11	123	3001	742.06406879425	0	0	0	0
TG	UKBB	AFR	11	125	4146	1675.68488430977	0	0	0	0
TG	UKBB	AFR	11	126	9551	2549.95268678665	0	0	0	0
TG	UKBB	AFR	11	127	1047	88.6050074100494	0	0	0	0
TG	UKBB	AFR	11	128	607	92.4412851333618	0	0	0	0
TG	UKBB	AFR	11	129	4573	431.742159128189	1	3	3	9
TG	UKBB	AFR	11	130	2322	661.090837001801	0	0	0	0
TG	UKBB	AFR	11	131	465	66.4287030696869	0	0	0	0
TG	UKBB	AFR	11	133	4767	1124.73031568527	0	0	0	0
TG	UKBB	AFR	11	134	6118	2325.32563257217	0	0	0	0
TG	UKBB	AFR	11	138	2910	732.998263597488	0	0	0	0
TG	UKBB	AFR	11	140	2538	747.451083183289	0	0	0	0
TG	UKBB	AFR	11	147	8712	2567.14989352226	0	0	0	0
TG	UKBB	AFR	11	149	6795	2157.91982746124	0	0	0	0
TG	UKBB	AFR	11	151	3114	934.341608524323	0	0	0	0
TG	UKBB	AFR	11	162	3121	844.885145664215	0	0	0	0
TG	UKBB	AFR	12	1	2826	519.059535980225	0	0	0	0
TG	UKBB	AFR	12	4	3212	1039.21209287643	0	0	0	0
TG	UKBB	AFR	12	12	1651	268.446885108948	0	0	0	0
TG	UKBB	AFR	12	13	3088	652.09254860878	0	0	0	0
TG	UKBB	AFR	12	17	2151	620.900295972824	0	0	0	0
TG	UKBB	AFR	12	18	4409	1228.19793820381	0	0	0	0
TG	UKBB	AFR	12	23	6216	1987.64882326126	0	0	0	0
TG	UKBB	AFR	12	26	918	146.732257127762	0	0	0	0
TG	UKBB	AFR	12	28	3477	659.858185529709	0	0	0	0
TG	UKBB	AFR	12	29	642	100.662047624588	0	0	0	0
TG	UKBB	AFR	12	31	1316	109.712884187698	0	0	0	0
TG	UKBB	AFR	12	32	4695	1507.96646475792	0	0	0	0
TG	UKBB	AFR	12	33	4158	1131.44524979591	0	0	0	0
TG	UKBB	AFR	12	34	3429	688.089903354645	0	0	0	0
TG	UKBB	AFR	12	35	1853	439.0721180439	0	0	0	0
TG	UKBB	AFR	12	38	6232	1724.37704825401	0	0	0	0
TG	UKBB	AFR	12	40	2323	658.244326591492	0	0	0	0
TG	UKBB	AFR	12	41	1525	311.280467271805	0	0	0	0
TG	UKBB	AFR	12	42	9586	1328.78543758392	0	0	0	0
TG	UKBB	AFR	12	45	3742	683.271254062653	0	0	0	0
TG	UKBB	AFR	12	47	1512	185.155571222305	0	0	0	0
TG	UKBB	AFR	12	48	5272	1567.79590058327	0	0	0	0
TG	UKBB	AFR	12	49	5823	869.3336789608	0	0	0	0
TG	UKBB	AFR	12	51	3466	1025.31340360641	0	0	0	0
TG	UKBB	AFR	12	57	7387	2153.84572768211	0	0	0	0
TG	UKBB	AFR	12	58	4458	1882.78823041916	0	0	0	0
TG	UKBB	AFR	12	59	6832	2676.0815038681	0	0	0	0
TG	UKBB	AFR	12	60	3220	679.412910938263	0	0	0	0
TG	UKBB	AFR	12	62	4119	1249.26766872406	0	0	0	0
TG	UKBB	AFR	12	63	5012	1445.8893930912	0	0	0	0
TG	UKBB	AFR	12	64	3338	971.853310346603	0	0	0	0
TG	UKBB	AFR	12	66	5569	1534.11593699455	0	0	0	0
TG	UKBB	AFR	12	67	2997	891.529655218124	0	0	0	0
TG	UKBB	AFR	12	68	1957	491.597596883774	0	0	0	0
TG	UKBB	AFR	12	69	5623	1693.37031292915	0	0	0	0
TG	UKBB	AFR	12	70	2620	761.021279573441	0	0	0	0
TG	UKBB	AFR	12	71	6630	2501.59799456596	0	0	0	0
TG	UKBB	AFR	12	72	17719	2541.04143667221	0	0	0	0
TG	UKBB	AFR	12	73	5600	2300.23768353462	0	0	0	0
TG	UKBB	AFR	12	74	6578	2258.17021155357	0	0	0	0
TG	UKBB	AFR	12	75	807	138.195023775101	0	0	0	0
TG	UKBB	AFR	12	76	3326	882.248328924179	0	0	0	0
TG	UKBB	AFR	12	77	2903	997.606451034546	0	0	0	0
TG	UKBB	AFR	12	80	6780	1079.12563562393	0	0	0	0
TG	UKBB	AFR	12	88	6204	769.031558275223	0	0	0	0
TG	UKBB	AFR	12	92	8278	1847.60758161545	0	0	0	0
TG	UKBB	AFR	12	94	7020	2218.72332143784	0	0	0	0
TG	UKBB	AFR	12	102	1871	386.670058727264	0	0	0	0
TG	UKBB	AFR	12	103	719	86.4893515110016	0	0	0	0
TG	UKBB	AFR	12	104	5337	1246.68898177147	0	0	0	0
TG	UKBB	AFR	12	113	4916	843.755621671677	0	0	0	0
TG	UKBB	AFR	12	114	4779	1920.99780917168	0	0	0	0
TG	UKBB	AFR	12	117	5360	2178.16165518761	0	0	0	0
TG	UKBB	AFR	12	119	9521	2461.66127729416	0	0	0	0
TG	UKBB	AFR	12	120	2449	698.996715068817	0	0	0	0
TG	UKBB	AFR	12	121	3620	840.696794271469	0	0	0	0
TG	UKBB	AFR	12	122	8950	2245.05614495277	0	0	0	0
TG	UKBB	AFR	12	125	5186	825.22388315200806	0	0	0	0
TG	UKBB	AFR	12	128	819	113.124070167542	0	0	0	0
TG	UKBB	AFR	12	132	4740	1584.55703616142	0	0	0	0
TG	UKBB	AFR	12	138	8922	2060.31838130951	0	0	0	0
TG	UKBB	AFR	12	139	12323	2712.43827319145	0	0	0	0
TG	UKBB	AFR	12	140	2136	565.753691673279	0	0	0	0
TG	UKBB	AFR	12	141	3051	1032.477029562	0	0	0	0
TG	UKBB	AFR	13	8	4390	1376.52180814743	0	0	0	0
TG	UKBB	AFR	13	13	3004	801.63356590271	0	0	0	0
TG	UKBB	AFR	13	16	4524	1299.30982327461	0	0	0	0
TG	UKBB	AFR	13	20	4310	1347.79451179504	0	0	0	0
TG	UKBB	AFR	13	21	5993	847.80423116684	0	0	0	0
TG	UKBB	AFR	13	36	3562	707.435196876526	0	0	0	0
TG	UKBB	AFR	13	40	3867	1240.01736664772	0	0	0	0
TG	UKBB	AFR	13	45	4752	1215.69203352928	0	0	0	0
TG	UKBB	AFR	13	47	2846	659.78676700592	0	0	0	0
TG	UKBB	AFR	13	50	8693	1334.42224287987	0	0	0	0
TG	UKBB	AFR	13	53	4758	1489.91294169426	0	0	0	0
TG	UKBB	AFR	13	54	15315	4222.06008648872	0	0	0	0
TG	UKBB	AFR	13	55	6160	1615.5100338459	0	0	0	0
TG	UKBB	AFR	13	58	9130	3339.3763422966	0	0	0	0
TG	UKBB	AFR	13	60	4906	1345.98465132713	0	0	0	0
TG	UKBB	AFR	13	64	2487	629.87534070015	0	0	0	0
TG	UKBB	AFR	13	70	5741	2395.93888282776	0	0	0	0
TG	UKBB	AFR	13	72	4101	1567.74977087975	0	0	0	0
TG	UKBB	AFR	13	84	3148	909.575309991837	0	0	0	0
TG	UKBB	AFR	13	88	2010	478.477254867554	0	0	0	0
TG	UKBB	AFR	13	90	5939	2061.01009893417	0	0	0	0
TG	UKBB	AFR	13	95	1899	440.579033374786	0	0	0	0
TG	UKBB	AFR	13	96	2031	557.529811620712	0	0	0	0
TG	UKBB	AFR	13	108	1056	176.810012340546	0	0	0	0
TG	UKBB	AFR	13	115	1837	353.333543300629	0	0	0	0
TG	UKBB	AFR	13	118	3266	1028.69260191917	0	0	0	0
TG	UKBB	AFR	13	125	5114	1415.6422598362	0	0	0	0
TG	UKBB	AFR	14	11	2173	399.628262758255	0	0	0	0
TG	UKBB	AFR	14	13	1227	265.666850090027	0	0	0	0
TG	UKBB	AFR	14	14	7456	1673.77372193336	0	0	0	0
TG	UKBB	AFR	14	19	5527	1772.08415389061	0	0	0	0
TG	UKBB	AFR	14	24	2101	598.26476764679	0	0	0	0
TG	UKBB	AFR	14	31	7057	1328.69117474556	0	0	0	0
TG	UKBB	AFR	14	35	7201	1898.92422604561	0	0	0	0
TG	UKBB	AFR	14	42	3965	919.855273723602	0	0	0	0
TG	UKBB	AFR	14	44	3689	1210.22287535667	0	0	0	0
TG	UKBB	AFR	14	46	3342	1059.772097826	0	0	0	0
TG	UKBB	AFR	14	47	6418	1547.77018046379	0	0	0	0
TG	UKBB	AFR	14	51	5386	2077.09644603729	0	0	0	0
TG	UKBB	AFR	14	56	2574	797.765354394913	0	0	0	0
TG	UKBB	AFR	14	57	9634	2566.05663633347	0	0	0	0
TG	UKBB	AFR	14	63	8531	1014.25966906548	0	0	0	0
TG	UKBB	AFR	14	64	2602	771.498508453369	0	0	0	0
TG	UKBB	AFR	14	66	4388	1140.35779237747	0	0	0	0
TG	UKBB	AFR	14	67	5457	964.41877245903	0	0	0	0
TG	UKBB	AFR	14	70	6285	901.686011552811	0	0	0	0
TG	UKBB	AFR	14	72	8333	1948.50912094116	0	0	0	0
TG	UKBB	AFR	14	80	1205	256.127593040466	0	0	0	0
TG	UKBB	AFR	14	81	6863	1763.72102355957	0	0	0	0
TG	UKBB	AFR	14	84	2252	611.832685232162	0	0	0	0
TG	UKBB	AFR	14	95	1780	425.347278833389	0	0	0	0
TG	UKBB	AFR	14	96	608	89.3870468139648	0	0	0	0
TG	UKBB	AFR	14	105	2636	629.736547708511	0	0	0	0
TG	UKBB	AFR	14	106	2336	611.490604639053	0	0	0	0
TG	UKBB	AFR	14	120	1904	395.552974939346	0	0	0	0
TG	UKBB	AFR	14	121	6054	1858.8939948082	0	0	0	0
TG	UKBB	AFR	14	126	7217	2126.4798810482	0	0	0	0
TG	UKBB	AFR	14	127	4978	1227.45510935783	0	0	0	0
TG	UKBB	AFR	14	129	3477	922.663227081299	0	0	0	0
TG	UKBB	AFR	15	22	6927	1850.81668448448	0	0	0	0
TG	UKBB	AFR	15	28	3852	1078.49657249451	0	0	0	0
TG	UKBB	AFR	15	34	1751	480.574676036835	0	0	0	0
TG	UKBB	AFR	15	35	5014	807.020007133484	0	0	0	0
TG	UKBB	AFR	15	37	6765	1141.38678193092	0	0	0	0
TG	UKBB	AFR	15	38	7893	1621.46181845665	0	0	0	0
TG	UKBB	AFR	15	39	6015	1684.13055419922	0	0	0	0
TG	UKBB	AFR	15	41	5395	1273.88490200043	0	0	0	0
TG	UKBB	AFR	15	45	11854	2825.61772465706	0	0	0	0
TG	UKBB	AFR	15	48	10467	981.056241035461	0	0	0	0
TG	UKBB	AFR	15	49	1095	250.226069927216	0	0	0	0
TG	UKBB	AFR	15	50	5279	831.147072076797	0	0	0	0
TG	UKBB	AFR	15	52	3613	855.058272600174	0	0	0	0
TG	UKBB	AFR	15	53	693	6.95015621185303	0	1	1	3
TG	UKBB	AFR	15	54	4234	940.816904306412	0	0	0	0
TG	UKBB	AFR	15	56	4671	1991.1534075737	0	0	0	0
TG	UKBB	AFR	15	59	8092	2205.78246974945	0	0	0	0
TG	UKBB	AFR	15	62	10422	2251.41861581802	0	0	0	0
TG	UKBB	AFR	15	64	3036	837.163672208786	0	0	0	0
TG	UKBB	AFR	15	66	5818	1415.01209425926	0	0	0	0
TG	UKBB	AFR	15	71	205	20.7402360439301	0	0	0	0
TG	UKBB	AFR	15	72	1876	487.8634288311	0	0	0	0
TG	UKBB	AFR	15	73	2184	653.537504196167	0	0	0	0
TG	UKBB	AFR	15	85	4991	1251.68779540062	0	0	0	0
TG	UKBB	AFR	15	99	632	89.7838268280029	0	0	0	0
TG	UKBB	AFR	15	108	1777	446.463715553284	0	0	0	0
TG	UKBB	AFR	15	111	3109	890.787480592728	0	0	0	0
TG	UKBB	AFR	15	117	1863	446.770265579224	0	0	0	0
TG	UKBB	AFR	15	118	1202	76.8904190063477	0	1	0	0
TG	UKBB	AFR	16	1	4144	513.985853910446	0	0	0	0
TG	UKBB	AFR	16	2	1038	186.390001773834	0	0	0	0
TG	UKBB	AFR	16	4	5215	380.060689687729	0	0	0	0
TG	UKBB	AFR	16	5	2182	546.86802983284	0	0	0	0
TG	UKBB	AFR	16	7	3705	683.358847141266	0	0	0	0
TG	UKBB	AFR	16	9	5541	1719.86831092834	0	0	0	0
TG	UKBB	AFR	16	17	1688	279.211560249329	0	0	0	0
TG	UKBB	AFR	16	24	1957	477.31875371933	0	0	0	0
TG	UKBB	AFR	16	25	4194	1104.12213039398	0	0	0	0
TG	UKBB	AFR	16	33	8148	2414.80057430267	0	0	0	0
TG	UKBB	AFR	16	37	5929	1938.04786086082	0	0	0	0
TG	UKBB	AFR	16	59	4057	792.997520446777	0	0	0	0
TG	UKBB	AFR	16	62	2974	878.632849216461	0	0	0	0
TG	UKBB	AFR	16	64	1353	303.347757577896	0	0	0	0
TG	UKBB	AFR	16	68	3553	972.884079694748	0	0	0	0
TG	UKBB	AFR	16	75	5598	1936.34563231468	0	0	0	0
TG	UKBB	AFR	16	76	3795	1225.25313210487	0	0	0	0
TG	UKBB	AFR	16	85	9492	2639.20835614204	0	0	0	0
TG	UKBB	AFR	16	88	8751	1889.28108525276	0	0	0	0
TG	UKBB	AFR	16	89	11501	3001.14500665665	0	0	0	0
TG	UKBB	AFR	16	90	2683	583.720171451569	0	0	0	0
TG	UKBB	AFR	16	93	9257	1100.25337505341	0	0	0	0
TG	UKBB	AFR	16	94	9923	2438.7464902401	0	0	0	0
TG	UKBB	AFR	16	100	637	61.5783793926239	0	0	0	0
TG	UKBB	AFR	16	103	12847	1321.49681687355	0	1	0	0
TG	UKBB	AFR	16	104	3572	1012.76268529892	0	0	0	0
TG	UKBB	AFR	16	105	2929	958.902226448059	0	0	0	0
TG	UKBB	AFR	16	107	3419	839.481939554214	0	0	0	0
TG	UKBB	AFR	16	110	2915	929.077715158463	0	0	0	0
TG	UKBB	AFR	16	114	2243	435.344708442688	0	0	0	0
TG	UKBB	AFR	16	116	2676	630.412370204926	0	0	0	0
TG	UKBB	AFR	16	119	3799	573.462011575699	0	0	0	0
TG	UKBB	AFR	16	125	3217	399.504400730133	0	0	0	0
TG	UKBB	AFR	16	128	11526	3042.46576118469	0	0	0	0
TG	UKBB	AFR	17	3	3276	515.936201095581	0	0	0	0
TG	UKBB	AFR	17	8	460	58.0704221725464	0	0	0	0
TG	UKBB	AFR	17	9	5553	1640.43661546707	0	0	0	0
TG	UKBB	AFR	17	15	295	34.5951890945435	0	0	0	0
TG	UKBB	AFR	17	16	1101	187.847122192383	0	0	0	0
TG	UKBB	AFR	17	17	5662	1819.21727013588	0	0	0	0
TG	UKBB	AFR	17	23	2058	616.238874197006	0	0	0	0
TG	UKBB	AFR	17	24	3495	1140.04156255722	0	0	0	0
TG	UKBB	AFR	17	45	248	16.6091527938843	0	0	0	0
TG	UKBB	AFR	17	51	8748	1246.08706521988	0	0	0	0
TG	UKBB	AFR	17	55	10957	2767.49875283241	0	0	0	0
TG	UKBB	AFR	17	66	666	83.7321884632111	0	0	0	0
TG	UKBB	AFR	17	73	8540	2418.7399225235	0	0	0	0
TG	UKBB	AFR	17	74	9211	2298.49533033371	0	0	0	0
TG	UKBB	AFR	17	75	6858	1413.93833136559	0	0	0	0
TG	UKBB	AFR	17	76	3405	1055.27098870277	0	0	0	0
TG	UKBB	AFR	17	79	3253	1017.06727218628	0	0	0	0
TG	UKBB	AFR	17	80	3811	592.862880468369	0	0	0	0
TG	UKBB	AFR	17	87	2526	478.653122901917	0	0	0	0
TG	UKBB	AFR	17	90	8569	2093.41249632835	0	0	0	0
TG	UKBB	AFR	17	94	4401	1494.26531982422	0	0	0	0
TG	UKBB	AFR	17	97	5989	1683.58649587631	0	0	0	0
TG	UKBB	AFR	17	98	3091	1018.45616030693	0	0	0	0
TG	UKBB	AFR	17	99	566	74.9043891429901	0	0	0	0
TG	UKBB	AFR	17	100	3928	1281.62902092934	0	0	0	0
TG	UKBB	AFR	17	101	2826	578.200666427612	0	0	0	0
TG	UKBB	AFR	17	102	2331	507.137709856033	0	0	0	0
TG	UKBB	AFR	17	103	2198	541.223216772079	0	0	0	0
TG	UKBB	AFR	17	105	3811	531.842392683029	0	0	0	0
TG	UKBB	AFR	17	108	587	72.2081904411316	0	0	0	0
TG	UKBB	AFR	17	117	4887	1657.10624909401	0	0	0	0
TG	UKBB	AFR	17	118	4059	1056.42267656326	0	0	0	0
TG	UKBB	AFR	17	123	3901	1054.86529564857	0	0	0	0
TG	UKBB	AFR	17	125	5751	1433.77665710449	0	0	0	0
TG	UKBB	AFR	17	133	2406	584.899021863937	0	0	0	0
TG	UKBB	AFR	18	1	1804	391.909324884415	0	0	0	0
TG	UKBB	AFR	18	6	1544	343.249632358551	0	0	0	0
TG	UKBB	AFR	18	7	3649	434.283013343811	0	0	0	0
TG	UKBB	AFR	18	22	1221	175.173219919205	0	0	0	0
TG	UKBB	AFR	18	23	1299	223.979971408844	0	0	0	0
TG	UKBB	AFR	18	28	3926	1005.33073496819	0	0	0	0
TG	UKBB	AFR	18	39	7582	2101.81737065315	0	0	0	0
TG	UKBB	AFR	18	41	11091	1221.64394450188	0	0	0	0
TG	UKBB	AFR	18	42	6173	1719.15141820908	0	0	0	0
TG	UKBB	AFR	18	52	4333	680.55411696434	0	0	0	0
TG	UKBB	AFR	18	60	6801	1737.44300436974	0	0	0	0
TG	UKBB	AFR	18	61	5647	1597.22275090218	0	0	0	0
TG	UKBB	AFR	18	65	5765	2029.54019403458	0	0	0	0
TG	UKBB	AFR	18	69	9400	2132.46006727219	0	0	0	0
TG	UKBB	AFR	18	74	8927	3036.56577014923	0	0	0	0
TG	UKBB	AFR	18	77	1357	111.73802947998	0	0	0	0
TG	UKBB	AFR	18	79	1987	341.081716537476	0	0	0	0
TG	UKBB	AFR	18	80	3570	743.169702529907	0	0	0	0
TG	UKBB	AFR	18	82	7491	1288.18681311607	0	0	0	0
TG	UKBB	AFR	18	85	5953	1033.71953225136	0	0	0	0
TG	UKBB	AFR	18	86	196	21.5228641033173	0	0	0	0
TG	UKBB	AFR	18	87	275	32.0692207813263	0	0	0	0
TG	UKBB	AFR	18	120	3222	863.395424127579	0	0	0	0
TG	UKBB	AFR	19	1	512	78.2665414810181	0	0	0	0
TG	UKBB	AFR	19	4	51	3.96962594985962	0	0	0	0
TG	UKBB	AFR	19	5	45	4.17126727104187	0	0	0	0
TG	UKBB	AFR	19	6	1725	390.128685712814	0	0	0	0
TG	UKBB	AFR	19	10	1528	376.366533517838	0	0	0	0
TG	UKBB	AFR	19	15	971	199.596124887466	0	0	0	0
TG	UKBB	AFR	19	16	725	65.7929375171661	0	0	0	0
TG	UKBB	AFR	19	19	471	60.1367633342743	0	0	0	0
TG	UKBB	AFR	19	20	1450	340.626205921173	0	0	0	0
TG	UKBB	AFR	19	21	929	181.338826179504	0	0	0	0
TG	UKBB	AFR	19	22	3852	765.530669212341	0	0	0	0
TG	UKBB	AFR	19	29	2301	591.015175819397	0	0	0	0
TG	UKBB	AFR	19	30	2376	412.508977174759	0	0	0	0
TG	UKBB	AFR	19	32	2902	581.943806886673	0	0	0	0
TG	UKBB	AFR	19	33	1497	326.459530115128	0	0	0	0
TG	UKBB	AFR	19	34	1648	395.090796947479	0	0	0	0
TG	UKBB	AFR	19	35	4021	989.791648387909	0	0	0	0
TG	UKBB	AFR	19	37	4743	1480.4088280201	0	0	0	0
TG	UKBB	AFR	19	38	1094	32.0524818897247	0	1	0	0
TG	UKBB	AFR	19	39	6780	1449.91352653503	0	0	0	0
TG	UKBB	AFR	19	45	1250	217.788178682327	0	0	0	0
TG	UKBB	AFR	19	51	2289	382.018083572388	0	0	0	0
TG	UKBB	AFR	19	52	2589	696.396140098572	0	0	0	0
TG	UKBB	AFR	19	53	5454	1570.63688802719	0	0	0	0
TG	UKBB	AFR	19	54	9436	2146.14420795441	0	0	0	0
TG	UKBB	AFR	19	62	5922	548.735157251358	0	0	0	0
TG	UKBB	AFR	19	63	2438	691.460317611694	0	0	0	0
TG	UKBB	AFR	19	64	6984	1390.3713054657	0	0	0	0
TG	UKBB	AFR	19	65	2323	589.562954425812	0	0	0	0
TG	UKBB	AFR	19	67	10985	1074.72558760643	0	0	0	0
TG	UKBB	AFR	19	69	4679	1494.81439471245	0	0	0	0
TG	UKBB	AFR	19	70	3901	388.077243804932	0	0	0	0
TG	UKBB	AFR	19	71	549	85.6895787715912	0	0	0	0
TG	UKBB	AFR	19	72	7242	2217.29238247871	0	0	0	0
TG	UKBB	AFR	19	74	5716	1978.85095286369	0	0	0	0
TG	UKBB	AFR	19	75	1275	522.276692152023	1	1	1	1
TG	UKBB	AFR	19	76	5202	1452.60204911232	0	0	0	0
TG	UKBB	AFR	19	77	8227	1147.01646971703	0	0	0	0
TG	UKBB	AFR	19	79	3079	914.630513906479	0	0	0	0
TG	UKBB	AFR	19	80	1437	312.866683483124	0	0	0	0
TG	UKBB	AFR	19	81	3989	903.116170167923	0	0	0	0
TG	UKBB	AFR	19	90	4172	541.763908624649	0	0	0	0
TG	UKBB	AFR	19	93	1602	317.910362005234	0	0	0	0
TG	UKBB	AFR	19	98	1514	242.90113902092	0	0	0	0
TG	UKBB	AFR	19	104	2466	716.989089012146	0	0	0	0
TG	UKBB	AFR	19	106	1252	280.152663230896	0	0	0	0
TG	UKBB	AFR	19	109	435	46.6099643707275	0	0	0	0
TG	UKBB	AFR	19	110	5441	1577.29460382462	0	0	0	0
TG	UKBB	AFR	20	2	1854	411.318639278412	0	0	0	0
TG	UKBB	AFR	20	7	2874	557.027649402618	0	0	0	0
TG	UKBB	AFR	20	18	1913	319.966696023941	0	0	0	0
TG	UKBB	AFR	20	19	658	108.946697473526	0	0	0	0
TG	UKBB	AFR	20	23	526	59.5572507381439	0	0	0	0
TG	UKBB	AFR	20	34	3145	580.881795883179	0	0	0	0
TG	UKBB	AFR	20	40	2374	523.061350345612	0	0	0	0
TG	UKBB	AFR	20	47	3830	615.84229850769	0	0	0	0
TG	UKBB	AFR	20	48	6717	1456.91804480553	0	0	0	0
TG	UKBB	AFR	20	59	8531	1901.96452665329	0	0	0	0
TG	UKBB	AFR	20	60	4593	741.622162342072	0	0	0	0
TG	UKBB	AFR	20	62	3972	1177.17380738258	0	0	0	0
TG	UKBB	AFR	20	63	8548	1925.65926408768	0	0	0	0
TG	UKBB	AFR	20	64	2164	572.434053421021	0	0	0	0
TG	UKBB	AFR	20	65	4608	1038.32064890862	0	0	0	0
TG	UKBB	AFR	20	68	1768	287.925557613373	0	0	0	0
TG	UKBB	AFR	20	69	3603	1040.88891339302	0	0	0	0
TG	UKBB	AFR	20	70	2899	861.396493434906	0	0	0	0
TG	UKBB	AFR	20	71	4278	1277.0301823616	0	0	0	0
TG	UKBB	AFR	20	73	3981	949.394636154175	0	0	0	0
TG	UKBB	AFR	20	84	4183	1536.19814682007	0	0	0	0
TG	UKBB	AFR	20	86	3101	1013.36691260338	0	0	0	0
TG	UKBB	AFR	20	87	1669	405.238683462143	0	0	0	0
TG	UKBB	AFR	20	91	3564	502.88333940506	0	0	0	0
TG	UKBB	AFR	20	93	6031	1379.65968942642	0	0	0	0
TG	UKBB	AFR	20	99	3483	706.070913314819	0	0	0	0
TG	UKBB	AFR	20	115	3411	960.716206550598	0	0	0	0
TG	UKBB	AFR	21	2	932	161.208003759384	0	0	0	0
TG	UKBB	AFR	21	4	684	95.1030042171478	0	0	0	0
TG	UKBB	AFR	21	5	2551	442.305055141449	0	0	0	0
TG	UKBB	AFR	21	48	6502	1940.36312794685	0	0	0	0
TG	UKBB	AFR	21	53	2531	644.876776456833	0	0	0	0
TG	UKBB	AFR	21	63	2536	637.335215330124	0	0	0	0
TG	UKBB	AFR	21	64	4493	199.351285219193	0	1	1	3
TG	UKBB	AFR	21	65	3101	891.605927467346	0	0	0	0
TG	UKBB	AFR	22	1	2254	433.659268140793	0	0	0	0
TG	UKBB	AFR	22	7	1319	222.808121681213	0	0	0	0
TG	UKBB	AFR	22	13	2263	489.964728355408	0	0	0	0
TG	UKBB	AFR	22	19	2443	531.153870820999	0	0	0	0
TG	UKBB	AFR	22	29	4289	715.058369398117	0	0	0	0
TG	UKBB	AFR	22	30	14085	1694.75848889351	0	0	0	0
TG	UKBB	AFR	22	37	3536	919.975045204163	0	0	0	0
TG	UKBB	AFR	22	40	1761	377.416342496872	0	0	0	0
TG	UKBB	AFR	22	43	3635	1146.65284204483	0	0	0	0
TG	UKBB	AFR	22	44	2508	699.827251672745	0	0	0	0
TG	UKBB	AFR	22	45	3920	1335.80329465866	0	0	0	0
TG	UKBB	AFR	22	46	8934	1693.85969734192	0	0	0	0
TG	UKBB	AFR	22	49	770	137.846612215042	0	0	0	0
TG	UKBB	AFR	22	54	2641	546.883633375168	0	0	0	0
TG	UKBB	AFR	22	56	184	13.247948884964	0	0	0	0
TG	UKBB	AFR	22	57	1963	559.202052354813	0	0	0	0
TG	UKBB	AFR	22	64	1781	456.352936983109	0	0	0	0
TG	UKBB	AFR	22	69	3063	468.833468914032	0	0	0	0
TG	UKBB	AFR	22	70	5094	1553.63174629211	0	0	0	0
