chromosome	block	num_variants	num_variants.EUR	num_variants.AFR	num_variants.EAS	nlog10minP.EUR	nlog10minP.AFR	nlog10minP.EAS
1	3	1089	519	820	156	5.266	2.544	2.077
1	4	2418	1272	1984	407	6.257	3.226	2.581
1	5	4183	1955	3594	488	5.214	5.578	2.105
1	15	5915	2722	5216	1437	6.91	3.91	2.7
1	17	7392	3336	6602	1882	3.342	3.028	2.961
1	18	2807	1456	2496	790	6.179	3.481	2.833
1	19	6289	2682	5384	1298	7.428	3.334	4.058
1	21	4107	1723	3660	1080	7.093	3.072	2.025
1	23	2054	991	1852	620	4.285	5.122	2.468
1	32	1608	882	1442	511	4.449	3.402	3.367
1	35	7576	3113	6543	1512	5.776	4.051	3.214
1	43	1561	877	1376	471	4.75	4.708	2.253
1	48	2933	1230	2576	691	9.623	2.872	1.751
1	50	4052	1846	3554	951	4.668	2.547	2.328
1	51	2748	1248	2313	611	3.62	2.893	2.708
1	52	7662	3167	6601	1510	42.82	4.227	2.497
1	53	6782	3002	5709	1289	8.6	3.197	2.418
1	58	7977	3184	6810	1575	4.669	3.098	2.35
1	63	6016	2067	5211	1610	3.686	3.778	2.54
1	67	5112	2444	4388	1234	5.061	5.097	2.084
1	70	5204	2539	4508	1507	25.43	4.121	2.251
1	71	5451	2477	4682	1654	8.61	3.878	2.855
1	83	4832	2364	4244	1626	13.56	3.304	3.255
1	85	2221	1241	1974	958	4.416	2.471	1.749
1	94	1205	672	1055	353	9.944	2.288	1.648
1	96	4588	2269	4148	1350	8.443	3.594	2.016
1	97	5735	2732	5089	1570	312.8	5.312	2.876
1	100	4607	2126	4054	1650	5.388	3.482	2.378
1	101	4765	2171	4245	1289	4.941	2.958	4.071
1	105	13314	5775	11487	3215	7.157	4.507	3.409
1	124	7846	3743	6840	2078	7.526	3.487	3.218
1	125	10100	4461	8663	2416	12.92	4.115	2.408
1	127	4191	2121	3674	1325	3.304	2.875	1.887
1	129	2770	1453	2213	581	15.78	3.467	2.414
1	132	5181	2551	4547	1723	5.257	4.129	2.615
1	135	8676	3713	7509	2230	4.26	5.929	1.839
1	138	7623	3451	6665	1597	6.21	4.103	3.177
1	139	1748	893	1514	430	8.055	2.684	1.661
1	143	4556	2200	4016	1210	6.674	3.233	2.123
1	144	4212	1745	3661	749	5.931	3.273	2.1
1	150	5686	2617	4916	1696	9.161	3.006	2.809
1	154	10097	3923	8691	2237	15.61	3.53	3.574
1	155	3960	1519	3504	1128	5.097	3.044	2.164
1	156	5534	2449	4612	1411	20.76	4.228	3.462
1	158	6392	2612	5374	993	7.347	3.384	2.102
1	168	6258	2959	5333	1730	4.122	5.089	2.447
1	182	8632	3510	7605	2209	10.26	5.92	2.454
1	183	8248	3675	7164	2279	4.588	3.676	2.478
1	184	1838	831	1603	525	3.455	2.157	1.995
1	187	5505	2517	4655	1542	10.66	3.418	2.255
1	192	6103	2751	5207	1790	5.562	3.584	3.26
1	193	7035	3137	6039	1989	6.859	4.896	2.495
1	201	7442	2902	6258	1846	5.336	3.462	2.154
1	202	5908	2859	5163	1600	5.411	3.218	2.664
1	203	4869	2204	4393	1530	6.617	3.269	2.04
1	207	3551	1679	3090	972	5.64	3.377	4.781
1	208	4365	1974	3716	1263	7.86	3.112	2.41
1	209	1461	779	1258	541	7.54	2.774	2.952
1	211	3166	1395	2773	771	8.232	3.246	3.361
1	212	4348	1950	3850	1163	4.565	3.284	2.811
1	213	3200	1526	2785	881	10.37	3.191	3.015
1	214	2744	1369	2484	756	3.667	4.174	1.634
1	217	2388	1339	2056	737	2.855	2.515	2.227
1	219	4734	2355	4148	1622	5.404	4.199	2.013
1	221	5548	2474	4835	1783	6.829	3.463	2.574
1	226	2327	1266	1978	672	8.183	3.213	2.899
1	228	3121	1385	2787	894	5.637	3.64	1.651
1	233	7437	3388	6521	2269	18.11	3.152	3.243
1	234	8644	3910	7476	2668	13.8	4.398	3.478
1	235	5981	2570	5239	1504	4.889	3.179	2.756
1	238	11476	4970	9835	3673	4.322	3.256	2.407
1	239	2751	1373	2306	994	4.263	4.375	2.038
1	240	11719	5176	10161	3916	12.19	4.063	3.449
1	242	2813	1335	2439	606	10.39	3.7	2.597
1	243	3102	1579	2762	927	138.1	3.863	2.071
1	244	6771	3302	5951	2078	11.98	3.621	3.692
1	248	3553	1887	3070	1132	6.314	3.161	2.951
1	252	2532	1273	2317	730	6.088	2.735	4.372
1	254	4612	2227	3997	1159	4.217	3.004	2.263
1	255	2778	1245	2516	920	3.449	2.531	3.163
1	257	2892	1437	2584	1136	4.258	3.116	1.896
1	264	3227	1577	2785	894	5.57	3.507	1.691
1	274	7434	3337	6482	1896	6.297	3.75	3.005
1	277	1556	772	1390	352	3.85	3.536	1.338
1	280	11401	5116	10100	3083	5.393	3.744	2.448
2	1	1547	662	1410	541	6.272	1.781	2.307
2	2	9981	4187	8995	3005	3.71	3.247	2.294
2	6	3096	1473	2716	901	14.72	2.936	2.1
2	7	2120	988	1923	670	2.404	3.048	1.662
2	21	1933	954	1680	349	5.292	2.531	1.799
2	34	7084	3500	6254	2097	5.389	2.797	2.797
2	41	3630	1711	3253	1052	23.43	3.747	2.082
2	43	779	395	711	198	5.244	2.771	1.234
2	44	3827	1682	3326	842	148.4	5.471	2.522
2	45	6888	3319	5959	1785	11.22	5.408	2.416
2	47	8521	3999	7471	2124	6.467	3.145	3.4
2	48	5269	2422	4596	1188	6.6	3.792	1.994
2	49	8328	3442	7286	1484	518	4.302	3.916
2	50	4699	2190	4173	1391	6.883	2.837	3.329
2	55	12483	6312	11035	2789	5.795	3.4	2.103
2	63	5076	2391	4482	1275	10.31	2.802	3.961
2	66	11956	5511	10535	3593	4.893	3.435	3.47
2	69	6357	3001	5621	1980	6.186	2.648	2.755
2	71	4980	2360	4455	1182	9.247	3.75	1.723
2	72	8250	4059	7354	2429	6.248	4.041	3.395
2	74	2756	1442	2485	836	3.447	2.836	2.904
2	76	3835	1960	3423	1161	5.879	3.331	2.326
2	79	7586	3819	6455	1438	9.953	3.969	3.301
2	80	12222	6020	10846	3931	7.602	3.807	1.936
2	84	16529	8188	14486	5569	5.461	3.518	2.885
2	85	15817	7335	13800	5454	5.985	4.93	3.589
2	86	6464	3201	5700	1889	10.49	3.239	2.162
2	87	2312	1204	2015	653	5.327	5.515	2.704
2	88	19821	9806	16712	5432	7.851	3.532	3.485
2	89	4761	2238	4258	1036	13.74	2.59	3.603
2	90	3993	1948	3547	1250	7.15	3.966	3.131
2	95	4445	2031	3908	1313	6.036	3.674	2.219
2	99	4184	2023	3745	1082	7.092	3.014	1.609
2	115	9616	4027	8448	2652	5.802	3.809	3.607
2	117	5115	2259	4508	1250	4.904	3.875	2.279
2	122	3918	1826	3348	954	11.25	2.754	2.355
2	123	749	300	669	54	5.006	2.238	0.4438
2	124	7089	2894	6305	1715	8.017	4.099	2.413
2	125	5847	2437	5184	1569	6.848	2.62	3.958
2	128	10255	4713	8911	2399	10.85	3.324	2.176
2	131	291	133	266	83	11.66	1.63	1.848
2	132	1111	527	981	283	7.558	4.501	3.354
2	138	8683	4108	7510	2235	3.88	3.196	3.285
2	153	8214	3838	6986	1814	8.005	3.623	2.367
2	159	11616	5345	10172	3979	4.017	3.912	3.055
2	161	8727	4217	7534	2516	6.395	4.418	3.761
2	163	377	176	345	0	8.621	1.479	-Inf
2	164	1696	831	1473	402	7.421	3.685	1.713
2	166	13703	6407	11511	3733	8.029	2.967	2.838
2	168	5973	2662	5116	1554	87.32	3.834	2.349
2	169	6709	2816	5802	2100	6.244	4.666	2.587
2	171	8528	4093	7519	2541	8.336	4.208	3.354
2	174	2030	1030	1858	707	5.832	6.405	2.08
2	176	8154	3802	7052	2565	8.763	4.91	3.333
2	180	5288	2527	4623	1515	10.54	3.729	2.67
2	181	8307	3905	7100	2213	4.364	4.103	2.435
2	184	11067	4853	9583	3316	6.272	3.238	2.232
2	186	8120	4201	6953	2424	7.417	4.146	3.567
2	195	15643	6636	13217	3986	6.316	5.598	2.67
2	197	7188	3290	6156	1975	4.054	3.407	4.539
2	198	5355	2358	4600	1147	9.03	4.3	2.604
2	199	8962	4033	7545	2235	10.5	3.074	3.253
2	201	7247	3393	6288	1907	5.51	3.377	3.364
2	202	1178	630	1029	249	3.536	4.744	2.256
2	205	4125	1959	3573	967	4.564	4.12	2.178
2	210	4282	1913	3888	1272	5.437	3.094	2.3
2	211	6324	3341	5627	1675	4.157	3.312	1.889
2	213	14095	6522	12633	3632	7.418	4.617	3.277
2	214	2588	1430	2295	908	8.078	4.369	2.999
2	217	3957	1519	3415	879	23.14	3.72	4.484
2	218	3062	1240	2652	734	10.44	3.053	1.743
2	230	4128	1903	3553	1119	80.26	3.125	3.633
2	231	2175	889	1985	549	7.171	3.624	2.501
2	235	2486	1414	2158	757	11.92	4.077	2.491
2	237	5581	2714	4875	1448	5.991	3.736	2.906
2	240	5096	2606	4352	1471	3.855	2.856	2.701
2	242	4659	2220	4042	1608	8.344	3.378	3.265
2	250	10245	5007	9119	3431	4.301	3.583	3.398
2	251	3528	1918	3114	894	5.142	4.599	1.985
2	256	6451	2602	5444	1583	9.205	4.306	1.77
3	1	21922	10859	19642	6691	4.274	3.538	3.467
3	8	1583	964	1375	478	8.786	3.222	2.441
3	9	1675	901	1479	543	6.266	3.17	2.325
3	20	6620	3239	5669	1853	6.401	3.406	3.337
3	23	4395	2000	3909	1185	4.343	3.798	3.75
3	24	7104	3325	6100	2011	20.33	3.756	3.17
3	30	6996	3288	5924	1895	7.816	2.625	2.491
3	31	3214	1648	2859	1071	4.305	4.459	3.025
3	33	1645	895	1362	563	5.441	2.998	5.175
3	35	6810	3388	6072	2312	4.553	3.342	3.24
3	39	9047	4344	8012	3330	6	4.137	3.963
3	40	4535	2079	3941	1470	3.8	3.919	3.008
3	41	8399	4293	7579	2429	15.44	4.463	3.564
3	49	8469	4318	7485	3126	6.508	4.272	3.413
3	55	3719	1657	3230	843	9.229	3.136	1.494
3	57	4266	1983	3717	1232	4.372	3.463	2.506
3	60	12199	5518	10367	2743	4.735	4.1	2.503
3	62	4138	1922	3610	1236	5.137	3.145	2.949
3	65	2961	1376	2622	868	4.257	4.125	2.312
3	70	6455	2946	5832	2150	6.316	2.867	2.655
3	71	8501	3634	7594	1877	4.043	3.143	2.112
3	77	12631	6277	11212	3555	6.222	4.539	3.986
3	83	9435	4802	8340	3298	4.787	2.883	2.133
3	85	4499	2014	4081	1564	7.215	2.651	3.496
3	88	5822	2964	5064	2047	8.581	3.645	3.416
3	89	6606	3062	5793	1645	4.953	4.074	4.303
3	114	4548	2289	3908	1105	4.292	3.749	3.265
3	115	5755	2769	5112	1722	6.645	3.846	3.156
3	120	6148	2796	5353	1615	3.834	3.171	2.917
3	121	7520	3463	6384	1917	3.89	3.794	2.485
3	124	1370	547	1208	298	7.445	2.93	1.937
3	132	10343	4205	9006	2587	6.306	3.062	3.088
3	133	4811	1998	4120	1524	4.002	3.98	2.579
3	136	3226	1686	2849	926	3.752	3.874	2.097
3	140	8044	3733	6784	1961	32.78	3.675	2.55
3	145	7779	3409	6683	2316	13.11	4.411	2.939
3	150	6487	3370	5523	1599	4.397	4.356	2.748
3	155	6235	3062	5449	1767	28.42	4.614	2.09
3	161	9028	4110	7933	2548	5.246	3.415	2.549
3	162	11059	4576	9762	3192	15.25	3.725	3.124
3	172	4932	2213	4342	1347	19.26	3.226	2.719
3	173	2880	1410	2586	728	6.633	2.648	2.245
3	174	1598	886	1398	398	3.573	2.975	1.997
3	175	1963	1093	1754	600	19.8	2.665	2.315
3	186	8548	4052	7402	2335	6.449	4.481	3.76
3	191	4910	2148	4249	1401	4.177	3.521	3.225
3	193	7604	3397	6729	2086	5.853	3.699	2.352
3	196	1369	784	1224	261	6.814	3.059	1.931
3	214	8702	3900	7467	2108	8.005	4.004	2.14
4	1	20910	9611	18153	4516	63.23	3.602	2.996
4	4	4966	2479	4397	1604	13.04	3.263	2.362
4	19	3089	1634	2777	645	3.574	5.549	1.668
4	21	11377	5116	9992	3556	4.259	3.716	2.359
4	28	5838	2760	5087	1873	9.05	4.448	2.192
4	32	8160	3706	7184	2310	18.3	3.213	3.844
4	42	1012	522	891	323	23.1	1.942	2.351
4	43	3491	1712	3015	851	6.064	2.931	3.684
4	48	6533	3101	5670	2013	5.433	2.98	2.895
4	54	14915	7097	13467	4982	6.427	3.659	3.361
4	55	6122	2591	5398	1857	9.039	3.502	2.559
4	64	10729	4838	8963	3064	6.537	3.793	3.887
4	66	5526	2430	4810	1472	8.627	3.749	2.938
4	74	6692	3052	5808	2261	5.505	4.388	2.191
4	80	8034	3407	6791	2129	9.605	3.288	2.881
4	82	3391	1265	3010	797	9.323	3.572	2.238
4	84	7432	2895	6612	1785	7.441	4.688	2.664
4	87	10371	4476	9109	2896	11.91	3.421	2.749
4	90	7081	2907	6224	1656	5.088	3.394	2.399
4	95	2578	1164	2321	795	3.584	2.649	2.189
4	97	4178	1730	3759	1060	3.617	3.375	3.039
4	101	8605	3592	7513	2078	70.11	3.308	2.649
4	102	4570	2087	4119	1374	7.844	4.147	2.801
4	103	3449	1547	3091	1099	15.93	5.734	1.903
4	109	3329	1453	3006	889	5.815	2.724	4.183
4	112	10753	4879	9121	2783	4.734	4.223	3.394
4	113	8220	3917	7036	1919	17	4.735	2.169
4	114	7530	3535	6484	2139	4.28	2.656	2.546
4	115	3420	1507	2990	992	16.97	3.21	1.817
4	116	6534	2670	5686	1363	5.288	3.474	2.28
4	117	7510	3436	6407	1912	4.343	3.591	2.027
4	121	6047	2432	5305	1719	28.28	4.943	3.095
4	122	2279	1057	2040	807	7.539	3.195	2.178
4	133	7462	3262	6558	1710	5.584	4.082	2.305
4	134	11576	5243	10256	3496	7.035	4.303	3.757
4	136	10841	4782	9167	3074	5.77	4.148	3.552
4	139	12170	5252	10646	3664	4.668	3.731	3.83
4	147	2811	1413	2526	857	3.549	3.563	2.106
4	148	4759	1994	4297	1306	4.951	4.264	2.745
4	149	6265	2832	5522	1898	5.068	5.361	2.471
4	150	7737	2944	6740	1949	4.335	3.5	2.22
4	153	7355	3190	6349	2095	5.628	3.348	3.738
4	154	3126	1248	2721	898	4.395	3.705	2.377
4	156	10578	4554	9110	2926	4.199	5.293	2.267
4	159	2797	1297	2540	793	7.632	3.222	2.754
4	161	2741	1242	2369	618	14.56	2.502	3.101
4	162	4781	2258	4203	1463	6.938	3.693	2.205
4	165	5207	2403	4494	1470	10.82	3.281	3.31
4	180	8150	3178	7377	2055	4.049	4.473	2.848
4	184	3268	1574	2946	1068	3.921	3.182	2.382
4	199	1275	688	1145	385	3.782	2.798	1.778
5	27	12040	5265	10594	3600	3.223	4.696	3.571
5	33	3890	1833	3440	1072	3.017	3.963	2.813
5	49	1550	874	1408	572	3.814	2.677	1.372
5	64	8135	3935	6965	2480	18.2	4.767	3.103
5	66	6214	2566	5481	1428	5.444	3.457	2.186
5	68	1857	961	1660	496	60.93	3.228	2.051
5	69	2713	1350	2395	876	76.62	2.901	2.507
5	71	8906	4163	7788	2865	11.43	3.971	2.801
5	72	10334	4533	8965	2762	6.195	4.371	2.694
5	74	13118	6052	11158	3392	4.821	4.004	1.956
5	78	2182	1140	1898	532	17.83	3.842	1.667
5	81	5087	2404	4435	1419	6.811	4.52	2.324
5	85	7449	3348	6550	2503	6.152	3.006	2.709
5	88	2743	1439	2446	846	7.493	3.039	2.317
5	92	4706	2098	4093	1474	11.41	4.298	2.343
5	96	7101	3344	6244	1847	6.706	3.071	2.988
5	97	4461	2010	3921	1529	12.96	3.005	3.347
5	102	9602	4502	8105	2227	5.455	3.667	3.31
5	103	6678	2797	5856	1600	11.08	3.436	3.94
5	108	3135	1354	2748	822	4.906	2.9	2.262
5	109	3747	1728	3343	1120	6.84	3.794	2.524
5	111	9505	3868	8441	2582	5.117	4.026	3.097
5	114	20747	9397	18456	5433	7.811	3.429	3.502
5	116	8543	3895	7612	2653	5.711	4.087	2.448
5	120	7980	3836	6912	2525	7.325	3.335	2.316
5	127	12618	5530	11027	3422	18.29	5.788	3.398
5	130	8897	4173	7778	2746	4.703	3.725	2.371
5	136	8484	3883	7357	2489	5.657	3.732	3.367
5	142	6063	2788	5302	1516	6.202	4.922	2.268
5	145	10801	4905	9054	2541	6.32	3.586	2.199
5	146	8956	4108	7651	2114	11.28	3.542	2.694
5	147	3430	1747	3099	1157	5.426	3.433	3.114
5	152	10934	4797	9520	3335	6.886	3.753	2.875
5	156	5213	2118	4623	1640	7.631	3.885	2.416
5	158	4491	1968	3998	1297	4.781	3.386	2.283
5	159	874	429	755	242	2.975	4.071	3.32
5	164	4344	2111	3752	1293	8.26	3.651	3.172
5	166	6902	3309	6138	1939	69.13	4.081	3.135
5	167	5576	2437	4985	1337	6.183	3.269	2.429
5	168	6608	3072	5752	1769	20.56	3.28	3.034
5	174	5890	2941	5031	1898	5.575	2.907	2.52
5	177	4598	2409	4059	1260	8.102	2.631	2.556
5	181	1880	978	1689	572	4.737	3.26	3.67
5	182	2477	1204	2176	807	7.595	2.917	1.566
5	191	8856	4312	7961	2518	7.265	3.25	3.422
5	192	986	547	886	393	4.64	2.558	2.373
5	193	1943	956	1752	618	3.713	2.956	1.968
5	194	2415	1211	2199	623	7.025	2.873	2.687
5	202	4511	1875	3853	524	7.56	3.066	3.468
5	205	3220	1486	2851	955	5.589	2.956	3.135
6	3	1120	609	1009	365	4.766	2.331	1.695
6	19	5252	2621	4682	1691	7.96	4.024	3.009
6	21	3889	1776	3499	1274	6.766	2.997	1.827
6	27	3278	1539	2929	1100	6.508	3.413	2.139
6	29	5663	2476	5070	1626	5.403	3.789	2.572
6	32	1573	875	1417	575	4.779	3.616	1.764
6	39	9629	4562	8566	2821	7.19	3.26	3.581
6	43	6123	2932	5398	1686	11.99	4.162	3.57
6	46	455	250	422	173	2.752	3.954	1.644
6	47	7679	3739	6802	2347	4.66	3.224	3.338
6	51	12453	5667	10908	3622	19.26	4.418	3.02
6	52	3982	1798	3585	1151	7.111	4.525	3.241
6	53	3731	1636	3300	982	7.885	3.853	3.419
6	56	3592	1765	3168	963	4.593	3.671	2.693
6	57	3615	1787	3171	1168	5.147	2.918	2.55
6	58	6101	3089	5348	1660	4.311	3.533	4.358
6	60	3378	1692	3033	866	5.858	3.135	4.024
6	63	6064	2663	5211	1509	12.66	3.144	3.387
6	64	643	292	589	128	86.13	2.588	2.613
6	73	912	444	808	297	23.8	3.524	1.865
6	74	3049	1493	2671	923	5.255	3.798	2.068
6	75	866	420	757	307	7.375	2.222	1.807
6	76	11608	4915	10249	3661	5.14	4.022	2.799
6	81	12554	6321	10751	3381	8.427	4.879	2.956
6	88	18778	8269	15916	5034	5.621	5.031	2.944
6	94	9107	4181	7842	2667	4.538	2.777	3.505
6	97	5714	2713	5003	1728	7.794	3.198	2.673
6	98	7473	3389	6431	2012	6.245	3.66	2.515
6	99	7787	3652	6753	2174	4.112	3.764	2.804
6	100	92	66	73	37	6.368	1.338	1.199
6	105	5680	2838	5044	1883	9.52	3.183	2.695
6	106	4839	2228	4207	1723	7.829	3.405	3.065
6	108	1911	883	1674	542	2.692	3.446	2.015
6	109	5450	2373	4825	1658	13.07	3.489	2.482
6	111	3821	1740	3375	1192	7.848	3.092	2.766
6	112	5797	2789	4977	1708	8.104	3.914	2.526
6	116	8227	3881	7108	2412	5.876	3.617	2.153
6	124	9552	4264	8225	1887	43.3	4.131	2.436
6	125	6358	2720	5577	1053	5.186	3.403	2.141
6	127	4568	2160	4126	1189	18.03	3.588	2.558
6	130	7659	3633	6655	2445	9.926	3.515	2.595
6	140	3906	1867	3503	1329	4.236	3.699	1.965
6	143	130	67	112	0	4.272	3.065	-Inf
6	146	3146	1464	2735	905	5.518	3.831	3.338
6	149	9681	4073	8414	2758	5.667	4.248	2.729
6	154	4301	2070	3889	1531	6.416	3.799	3.389
6	157	2590	1332	2332	793	3.008	3.21	2.2
6	158	5151	2348	4512	1566	3.859	4.197	3.422
6	160	6303	2988	5605	2007	7.287	3.966	2.168
6	161	5479	2374	4957	1467	5.638	3.213	3.417
6	169	12975	5971	11508	3456	55.08	3.219	2.752
6	173	6099	2977	5345	2203	8.146	2.927	3.173
6	175	3184	1849	2820	944	10.82	4.366	3.154
6	178	2000	1000	1823	728	6.701	2.594	2.547
6	179	3320	1713	2963	1219	4.89	3.509	3.262
6	182	5239	2247	4746	1768	4.112	3.651	3.245
7	3	5307	2288	4573	864	7.529	4.847	1.99
7	8	11599	5747	10346	2988	3.467	3.805	2.405
7	11	5640	2671	4957	624	5.426	4.117	2.613
7	12	9964	4752	8719	2161	8.936	4.076	3.583
7	13	3907	1870	3510	885	7.793	4.222	2.936
7	25	7610	3868	6904	2912	5.471	4.721	3.396
7	26	7389	3762	6687	2475	4.72	4.039	3.058
7	29	5234	2750	4678	1717	6.268	4.288	2.955
7	30	6507	2949	5866	1762	4.062	3.444	3.012
7	31	5640	2743	4972	1933	11.61	3.426	3.084
7	32	6226	3198	5544	1951	16.06	4.093	2.562
7	33	8322	4010	7273	2427	14.62	5.23	3.099
7	35	6912	3364	6119	2480	3.575	3.165	2.041
7	37	6572	3474	5776	2293	4.717	2.875	3.418
7	41	6096	3054	5446	1869	5.088	3.305	2.835
7	42	6191	3107	5379	2014	41.02	3.88	2.761
7	43	8866	4068	7807	2336	7.036	3.522	2.201
7	44	1263	577	1133	363	7.383	3.083	2.019
7	45	2470	1329	2241	781	4.428	3.914	2.049
7	48	1278	648	1160	400	10.17	2.907	2.315
7	50	4333	2107	3875	1099	8.024	3.713	2.229
7	54	7300	3176	6545	2381	5.11	3.383	3.555
7	58	6111	3099	5373	1730	6.163	4.01	3.266
7	64	482	251	450	171	5.193	2.251	1.509
7	66	2744	1421	2336	766	4.956	3.186	2.483
7	67	16306	7599	14047	4217	20.38	5.264	2.846
7	69	3854	2056	3311	1133	5.085	3.441	2.223
7	73	2330	1059	2004	654	6.805	3.119	2.42
7	74	2811	1381	2476	929	5.049	2.494	4.468
7	85	8510	3525	7164	1621	459.1	3.282	2.678
7	86	2481	1224	2015	511	36.05	2.731	1.892
7	87	869	387	682	0	9.727	2.228	-Inf
7	88	9941	4002	8765	2765	12.83	4.061	2.8
7	93	2701	1278	2437	938	4.556	4.322	2.152
7	95	3788	1944	3286	1241	5.083	3.032	2.521
7	103	5026	2428	4142	1378	4.202	3.543	2.179
7	109	5409	2276	4709	1571	5.514	4.836	3.813
7	114	10896	4823	9454	3618	4.494	3.585	2.66
7	118	2194	1231	1965	647	4.714	4.637	2.455
7	119	4332	2161	3636	1168	8.098	2.941	2.085
7	120	821	389	732	236	3.956	3.177	2.236
7	121	11957	5335	10640	2813	4.167	3.907	3.276
7	125	7403	3373	6348	1386	4.901	5.608	1.859
7	127	2050	979	1698	384	7.764	2.189	1.818
7	128	2171	1024	1908	386	6.536	3.323	1.317
7	132	14075	5918	12268	3951	4.826	4.909	4.916
7	133	12628	5936	11011	2700	72.3	4.53	4.054
7	143	1972	1038	1764	474	4.605	3.721	1.672
7	145	4534	2029	4044	1165	5.3	3.025	1.818
7	147	2963	1382	2642	673	6.277	2.763	2.596
7	148	3908	1696	3398	836	7.902	3.168	2.117
7	161	1537	729	1290	459	5.804	3.136	1.308
7	162	12276	5311	10855	2845	17.17	3.914	2.304
7	169	1402	603	1241	415	2.935	2.623	2.841
7	177	1952	1028	1758	147	4.61	2.677	0.8396
7	184	5539	2626	4805	1637	4.961	3.874	2.34
8	13	1975	998	1822	670	6.359	3.314	1.917
8	17	6185	2980	5510	1580	4.712	2.561	2.964
8	20	4985	2472	4547	1833	3.805	3.832	4.499
8	21	5215	2717	4634	2129	4.576	4.434	2.405
8	24	12125	5332	10939	3985	7.617	6.186	2.255
8	27	3908	2064	3486	1246	4.565	3.89	2.251
8	28	2299	1257	2173	968	3.49	2.82	3.81
8	29	10596	5282	9673	3750	64.13	3.504	2.892
8	31	1328	666	1218	294	4.029	2.297	2.455
8	32	7379	3679	6646	1908	876.6	7.525	4.306
8	33	6100	3069	5435	1904	19.52	4.39	2.409
8	34	3046	1620	2703	704	4.883	3.201	1.907
8	35	2470	1388	2098	758	4.705	3.659	1.551
8	38	2363	1220	2096	591	5.761	3.063	2.035
8	39	4548	2287	3950	1464	5.221	3.648	2.143
8	40	6480	2922	5688	1685	6.877	2.644	2.974
8	41	4225	1929	3681	1191	18.15	3.266	2.094
8	42	7465	3825	6573	2243	6.137	3.924	2.629
8	46	2408	1150	2177	618	5.537	2.949	3.102
8	48	6250	2716	5503	1751	6.868	2.928	2.496
8	51	10131	4201	8737	1968	5.87	4.071	2.932
8	53	5388	2406	4485	1091	6.074	3.163	2.622
8	54	1993	904	1669	314	9.706	3.589	1.849
8	55	4717	2225	3894	798	9.186	3.381	2.097
8	65	3783	1811	3269	1075	7.189	3.336	2.282
8	66	8804	3812	7741	2154	6.951	3.149	3.381
8	68	5001	2401	4306	1652	29.85	3.114	3.77
8	69	10481	4795	9021	2954	5.116	3.816	2.239
8	71	6846	3182	5806	1849	10.99	3.568	2.576
8	77	5973	2896	5145	1527	8.93	3.672	3.09
8	78	1243	639	1092	391	12.01	2.666	2.604
8	80	2677	1348	2309	756	4.12	2.876	1.502
8	83	11217	4786	9655	3100	5.77	3.927	2.554
8	84	14775	6679	12591	3880	4.685	3.652	3.667
8	85	5827	2550	5070	1173	4.152	3.399	2.084
8	86	1292	567	1143	136	3.97	2.252	3.094
8	88	7074	3251	6083	1997	7.867	3.907	3.762
8	92	7243	3311	6367	2169	5.072	3.207	3.039
8	107	2135	1042	1835	643	5.013	3.016	1.393
8	108	11160	5083	9502	3178	7.066	3.513	3.381
8	113	4509	2167	3748	1184	8.136	4.747	3.009
8	114	4051	1777	3564	1094	13.71	4.654	2.09
8	124	3789	1811	3298	1050	10.79	2.69	2.359
8	125	1598	811	1432	447	469.7	2.982	3.151
8	126	481	304	408	166	7.047	2.333	1.984
8	130	3323	1634	2972	959	6.181	3.55	2.783
8	133	5760	2575	5072	1739	11.24	4.533	2.5
8	141	3692	1881	3257	979	5.158	2.625	2.17
8	154	3859	1818	3427	849	5.12	3.147	3.742
8	159	5063	2186	4384	790	8.023	3.767	2.434
9	1	9402	4405	8621	2816	11.44	3.733	2.465
9	4	5012	2653	4547	1636	5.295	3.492	2.246
9	9	3940	1912	3469	1232	4.78	6.294	2.236
9	13	9791	4349	8671	2361	5.742	3.101	2.33
9	27	13397	6921	12046	3873	9.627	3.754	3.032
9	28	3890	2167	3538	1342	8.221	3.678	2.931
9	31	7899	3692	6975	2389	11.7	3.81	3.581
9	32	2933	1463	2684	843	4.875	3.626	2.704
9	33	5359	2492	4881	1971	7.446	3.793	2.732
9	39	2350	1083	2029	750	5.191	2.886	2.107
9	41	752	489	654	203	4.656	4.386	1.241
9	48	1281	609	1156	427	6.496	2.006	2.871
9	50	7786	3621	6922	2523	6.044	4.261	2.968
9	53	10363	4664	8749	3107	5.945	3.666	3.735
9	71	614	362	565	162	3.842	2.653	1.478
9	72	1470	796	1338	410	4.61	2.608	2.049
9	77	3401	1591	3009	995	7.301	3.607	3.257
9	84	4879	2356	4238	1517	17.93	3.147	2.564
9	93	6302	3017	5597	1538	14.81	3.961	2.232
9	97	2400	1351	2068	998	2.237	3.16	3.859
9	98	7913	3876	6781	2676	8.388	3.051	2.672
9	100	7652	3508	6431	2572	5.173	3.322	2.705
9	102	8447	3575	7264	2349	6.029	3.489	2.963
9	105	1514	807	1331	501	5.221	4.545	1.843
9	106	7297	3517	6214	1780	10.93	3.916	2.792
9	107	1873	913	1662	579	5.323	2.393	1.776
9	110	9695	4301	8498	2952	5.552	3.601	2.028
9	111	345	187	324	95	20.48	2.185	1.006
9	112	8380	4165	7397	2148	4.661	4.129	2.857
9	114	2800	1494	2474	712	5.359	2.945	1.605
9	115	8613	4314	7684	3125	4.851	3.465	2.9
9	116	4273	2266	3686	1530	9.691	3.397	3.265
9	118	10693	5128	9353	3584	4.759	3.594	2.283
9	124	3984	1974	3492	1370	5.685	4.528	2.604
9	128	418	203	362	97	6.011	2.982	1.761
9	129	5941	2851	5190	1970	4.704	4.08	3.609
9	134	11109	4836	9724	2705	8.815	3.959	3.167
9	135	4916	2197	4255	1147	3.179	3.934	2.836
9	136	4798	2367	4134	1597	3.097	3.212	2.472
9	138	8029	3720	6651	2336	5.069	3.979	3.236
9	140	12012	5133	10079	3094	6.85	4.726	3.062
9	142	3536	1755	3148	918	5.293	5.014	2.996
9	149	4062	1801	3558	763	15.36	4.743	2.623
9	160	1628	843	1402	211	3.81	2.388	1.577
9	161	1600	881	1289	277	10.71	3.552	1.198
10	13	4885	2260	4413	1631	15.86	2.487	3.118
10	14	6281	3234	5559	2195	5.943	3.493	2.377
10	20	204	132	185	69	6.429	1.91	1.144
10	22	5327	2667	4781	1697	6.75	4.131	2.753
10	26	5914	3158	5229	1946	5.306	3.826	2.71
10	34	1831	973	1657	662	4.466	3.904	2.727
10	43	4413	2275	3967	1398	9.635	3.244	3.034
10	44	2414	1308	2240	987	6.123	3.485	2.004
10	45	7127	3430	6390	2345	4.956	3.806	2.566
10	48	10251	3991	9254	1935	5.173	3.667	2.446
10	49	6089	2549	5369	1741	5.222	2.918	3.653
10	59	4916	1871	4338	1251	4.664	3.591	2.523
10	60	9018	4074	7928	2404	6.215	3.518	2.563
10	61	2960	1565	2635	845	5.739	2.884	1.917
10	64	1224	668	1105	332	3.975	3.017	2.606
10	70	7076	3208	6192	1918	13.16	3.344	2.404
10	76	13001	6048	11559	4127	6.364	4.314	3.74
10	78	3537	1652	3132	1021	6.943	3.652	1.496
10	79	7367	3459	6491	2127	12.82	3.83	1.928
10	80	7218	3671	5985	1747	11.49	4.662	4.15
10	81	8342	3734	7075	2263	51.58	3.163	2.074
10	84	12726	5207	11171	3091	5.462	4.217	3.496
10	85	2068	1043	1885	584	3.864	3	3.194
10	92	12522	4942	10809	3493	12.21	4.827	3.842
10	93	2265	1019	1940	510	10.99	2.717	2.372
10	99	439	254	384	144	3.062	2.884	1.682
10	100	1923	1061	1742	506	6.917	3.134	2.039
10	109	7571	3228	6707	2004	4.922	3.782	4.146
10	110	2359	1116	2028	619	6.222	3.486	1.755
10	111	3783	1918	3197	1258	6.535	3.099	1.581
10	112	1446	802	1286	513	4.7	2.793	1.756
10	117	9172	4254	7913	2518	53.99	3.687	4.112
10	120	6728	3095	5610	1897	6.604	3.938	3.921
10	123	6097	2840	5305	1687	4.245	5.243	2.963
10	124	1792	818	1531	472	14.31	2.552	2.619
10	126	8218	3515	7162	2444	9.212	3.73	4.179
10	129	9762	4659	8118	2684	7.886	3.742	2.855
10	131	8666	3980	7386	2270	5.636	3.556	3.303
10	136	11586	5224	9946	3064	4.938	3.365	1.985
10	137	8028	3617	6967	2488	14.73	3.557	2.455
10	138	1363	695	1218	395	17.75	3.506	1.719
10	140	1789	909	1542	305	6.142	2.802	3.535
10	142	2659	1169	2363	518	15.17	2.776	2.505
10	144	3088	1408	2760	868	2.828	3.376	2.084
10	145	2914	1376	2583	867	4.709	4.078	2.557
10	148	4838	2385	4317	1318	7.061	3.28	3.229
10	152	4343	2103	3847	1556	8.025	3.396	4.803
10	167	914	586	752	318	3.721	3.086	1.326
10	176	6414	2995	5587	896	7.023	4.036	1.842
10	177	3864	1562	3452	562	6.047	2.879	2.043
11	2	5024	2416	4280	573	6.795	3.079	1.63
11	4	3701	1583	3337	703	6.193	3.742	2.48
11	7	2850	1391	2482	585	5.164	3.137	3.209
11	11	6713	2955	6071	1920	3.652	3.663	2.353
11	14	5231	2329	4676	1490	3.744	3.743	2.469
11	19	2713	1244	2461	662	8.245	3.945	1.813
11	22	2425	1276	2159	660	6.557	2.859	2.238
11	27	5325	2489	4702	1484	14.19	2.895	3.364
11	28	4154	1996	3445	1031	16.55	3.431	2.425
11	29	2809	1332	2537	827	5.261	4.187	2.005
11	33	4847	2302	4165	1486	5.553	3.538	3.956
11	51	5428	2553	4831	1597	5.726	3.089	3.186
11	52	3099	1487	2654	900	13.81	4.08	2.3
11	53	7050	3051	5970	1825	5.127	3.558	3.395
11	54	5142	2265	4344	1418	8.09	3.66	3.377
11	56	1125	579	996	326	4.188	2.911	2.415
11	57	4936	2306	4305	1172	3.676	2.346	2.676
11	65	4619	2182	4075	1495	6.785	3.812	2.615
11	70	9149	4273	7813	2952	6.007	3.914	2.787
11	75	3978	1705	3581	539	6.177	3.159	2.015
11	76	4753	2068	4239	1276	87.65	4.021	1.783
11	77	4988	2031	4315	892	13.26	3.551	1.815
11	78	5300	2126	4466	1204	32.23	3.699	1.483
11	79	11517	4518	9636	2866	11.48	4.119	3.177
11	80	7548	3101	6607	1332	15.33	3.234	2.7
11	81	4471	2046	3991	1023	5.274	3.227	1.849
11	83	3688	1781	3189	935	5.584	3.048	1.849
11	89	909	475	829	317	8.451	2.577	3.191
11	90	11510	4830	10059	2897	8.245	3.949	2.695
11	104	10505	4490	9132	3118	6.039	3.273	3.447
11	108	1929	956	1718	543	4.842	3	2.178
11	112	6114	3136	5550	2298	3.191	3.209	2.635
11	114	4199	2042	3752	1099	4.125	4.208	1.868
11	117	12111	4952	10667	3270	4.316	3.267	2.849
11	121	5221	2516	4624	1677	5.47	4.108	2.254
11	123	3443	1467	3001	653	15.14	2.892	1.866
11	125	4662	2198	4146	1211	5.206	3.369	2.457
11	126	10728	5162	9551	2925	6.578	3.362	3.945
11	127	1160	599	1047	280	9.071	2.829	2.064
11	128	688	396	607	230	29.71	2.85	1.662
11	129	5157	2494	4573	1763	1888	12.51	26.01
11	130	2579	1309	2322	988	24.77	3.914	3.086
11	131	531	345	465	212	8.058	1.927	1.534
11	133	5474	2216	4767	1650	9.511	4.196	2.837
11	134	6989	3326	6118	2063	4.853	4.008	2.537
11	138	3206	1543	2910	807	3.638	3.121	3.331
11	140	2886	1403	2538	836	3.785	2.581	3.43
11	147	9873	4870	8712	2780	5.78	3.483	2.897
11	149	7858	4145	6795	2280	4.967	3.007	2.347
11	151	3573	1808	3114	1059	4.657	2.837	2.098
11	162	3636	1874	3121	979	4.188	3.284	3.631
12	1	3234	1590	2826	917	6.11	2.673	2.143
12	4	3566	1490	3212	938	4.383	3.958	2.212
12	12	1878	967	1651	545	35.02	2.965	2.394
12	13	3382	1602	3088	1056	5.102	4.078	2.645
12	17	2456	1105	2151	579	11.68	2.301	2.656
12	18	5023	2152	4409	1483	4.802	3.796	2.713
12	23	6879	2890	6216	2169	6.199	2.756	3.131
12	26	1009	481	918	374	10.4	2.555	1.957
12	28	3871	1859	3477	1165	5.849	3.552	3.111
12	29	727	358	642	235	3.585	3.145	3.056
12	31	1468	744	1316	489	4.589	3.074	1.653
12	32	5303	2958	4695	1680	4.646	3.454	1.958
12	33	4759	2232	4158	1543	4.562	2.94	2.783
12	34	4089	2001	3429	1271	5.351	4.415	2.423
12	35	2092	928	1853	723	7.822	3.788	2.011
12	38	6952	3467	6232	2338	4.601	3.61	3.097
12	40	2637	1506	2323	788	26.98	3.173	1.824
12	41	1693	907	1525	448	7.638	3.561	3.023
12	42	10688	4599	9586	3134	24.91	4.832	3.449
12	45	4281	2354	3742	1300	6.375	3.844	1.88
12	47	1709	882	1512	523	4.472	4.47	2.533
12	48	5918	2849	5272	2027	9.426	3.721	4.11
12	49	6509	3187	5823	2015	7.275	3.581	2.555
12	51	3877	1810	3466	1334	7.922	2.595	3.277
12	57	8524	3924	7387	2493	5.504	3.485	3.04
12	58	5044	2130	4458	1554	6.19	3.494	2.118
12	59	7877	3359	6832	2458	7.775	3.656	3.574
12	60	3599	1682	3220	1099	6.495	4.529	2.235
12	62	4746	2098	4119	856	6.688	3.632	2.678
12	63	5605	2161	5012	1804	5.035	3.552	2.332
12	64	3762	1712	3338	900	4.097	3.216	2.726
12	66	6217	2702	5569	1741	5.265	3.087	2.309
12	67	3391	1363	2997	898	8.479	2.514	2.011
12	68	2245	1042	1957	447	7.265	4.098	3.195
12	69	6423	2571	5623	1754	4.561	3.997	2.373
12	70	3164	1276	2620	448	9.446	3.727	1.753
12	71	7690	3196	6630	1894	31.27	3.86	2.136
12	72	20327	8798	17719	6259	10.19	3.761	3.564
12	73	6189	2735	5600	1640	7.494	4.432	2.276
12	74	7560	3176	6578	1799	9.073	3.942	2.74
12	75	930	483	807	272	7.033	2.855	1.691
12	76	3776	1705	3326	1204	5.99	3.325	2.306
12	77	3322	1658	2903	907	8.042	2.471	3.011
12	80	7687	3651	6780	2227	13.66	3.043	3.07
12	88	6963	3642	6204	2040	6.274	3.071	2.773
12	92	9673	4536	8278	2960	4.952	5.233	2.22
12	94	7911	3594	7020	2620	4.474	3.311	3.126
12	102	2137	1151	1871	702	5.011	2.991	1.507
12	103	787	479	719	329	5.118	2.255	1.453
12	104	6011	2913	5337	2004	5.144	3.988	3.242
12	113	5552	2730	4916	1649	6.701	3.384	2.844
12	114	5416	2609	4779	1565	5.315	3.293	2.394
12	117	5993	2783	5360	2031	3.741	3.587	1.965
12	119	11041	5183	9521	2877	16.57	3.562	5.064
12	120	2885	1451	2449	708	6.819	3.019	1.954
12	121	4117	1977	3620	1397	8.235	3.477	1.903
12	122	10194	4091	8950	2020	7.904	3.946	3.824
12	125	5831	2896	5186	2224	4.916	3.822	3.474
12	128	937	482	819	296	7.051	2.223	1.339
12	132	5291	2496	4740	1533	6.157	3.55	2.548
12	138	10045	4361	8922	2656	5.606	4.216	4.466
12	139	14105	5991	12323	3228	49.01	4.411	4.095
12	140	2369	1246	2136	642	9.581	3.323	3.146
12	141	3417	1716	3051	976	4.595	2.78	2.189
13	8	4907	2407	4390	1612	6.579	3.479	3.113
13	13	3434	1686	3004	914	8.254	4.108	1.622
13	16	5078	2437	4524	1412	3.814	3.122	2.466
13	20	4882	2317	4310	1494	10.99	4.793	1.972
13	21	6644	3269	5993	1710	15.22	3.459	2.5
13	36	3938	1868	3562	1235	2.753	2.537	2.251
13	40	4547	1940	3867	1375	4.748	3.181	2.026
13	45	5393	2308	4752	1511	9.266	3.837	2.179
13	47	3135	1482	2846	1014	3.189	2.942	2.805
13	50	10066	4815	8693	2999	15.03	3.749	3.953
13	53	5484	2636	4758	1541	4.941	3.582	2.322
13	54	17837	8127	15315	5691	5.869	3.781	3.4
13	55	7100	3625	6160	2213	4.477	3.107	2.038
13	58	10551	4655	9130	3023	5.999	4.681	3.776
13	60	5663	2887	4906	1803	4.498	3.549	3.271
13	64	2781	1367	2487	800	8.656	3.338	2.708
13	70	6424	2859	5741	1959	4.487	3.149	2.789
13	72	4634	2175	4101	1249	4.002	3.571	2.203
13	84	3529	1571	3148	857	12.93	2.794	2.351
13	88	2207	1072	2010	583	8.536	2.781	2.539
13	90	6627	3170	5939	2233	3.996	3.895	2.105
13	95	2136	986	1899	567	4.636	2.402	2.562
13	96	2252	1106	2031	732	4.65	2.905	2.374
13	108	1187	675	1056	438	5.462	3.432	3.03
13	115	2051	1088	1837	720	3.756	3.062	1.901
13	118	3640	1840	3266	1256	8.161	3.467	2.292
13	125	5737	2455	5114	1251	43.87	3.857	2.545
14	11	2479	1081	2173	497	10.66	3.042	2.158
14	13	1437	603	1227	208	5.4	3.148	1.957
14	14	8353	4113	7456	2502	6.007	4.032	3.6
14	19	6279	2883	5527	1553	6.664	3.547	2.524
14	24	2285	1223	2101	717	6.776	3.535	3.16
14	31	7976	3397	7057	2171	4.804	5.556	2.429
14	35	8095	3439	7201	2687	6.897	2.881	4.607
14	42	4562	2094	3965	1241	6.231	3.782	2.769
14	44	4156	2165	3689	1494	5.185	4.437	2.896
14	46	3657	1764	3342	1061	7.07	3.247	2.594
14	47	7289	3044	6418	2029	4.912	3.925	2.616
14	51	6027	2665	5386	2045	5.81	4.971	3.084
14	56	2944	1280	2574	455	6.658	3.472	2.09
14	57	11329	5200	9634	3666	5.944	4.522	2.493
14	63	9705	4175	8531	3051	12.45	4.003	2.747
14	64	2878	1343	2602	963	3.259	2.298	3.001
14	66	5191	2406	4388	1420	5.081	3.423	2.508
14	67	6101	2927	5457	1693	8.473	3.975	2.627
14	70	6980	3495	6285	2382	7.645	3.659	2.646
14	72	9416	4029	8333	2984	7.546	4.034	2.732
14	80	1358	631	1205	339	6.312	3.528	1.783
14	81	7721	3573	6863	2540	4.998	3.546	3.343
14	84	2644	1272	2252	848	6.231	2.876	2.267
14	95	1990	1041	1780	602	7.015	3.611	1.81
14	96	702	403	608	188	5.505	2.877	2.212
14	105	2969	1460	2636	649	4.897	3.255	2.176
14	106	2611	1405	2336	796	6.772	2.984	2.721
14	120	2152	1063	1904	550	5.178	2.991	2.512
14	121	6902	3100	6054	1667	12.76	4.012	2.199
14	126	8403	3824	7217	1613	3.539	3.427	2.723
14	127	5752	2527	4978	1631	5.521	2.993	2.307
14	129	3941	1548	3477	668	3.762	3.068	1.442
15	22	7901	3667	6927	1976	6.134	3.299	2.712
15	28	4310	2033	3852	1034	9.8	5.034	2.94
15	34	1894	854	1751	694	7.603	2.788	2.192
15	35	5562	2450	5014	1811	8.638	4.113	1.935
15	37	7808	3539	6765	2023	8.193	3.338	2.778
15	38	9704	3891	7893	2607	118.6	4.257	1.843
15	39	6677	2730	6015	1667	6.105	3.907	2.654
15	41	5982	2876	5395	2065	5.223	3.896	2.585
15	45	13523	6125	11854	4161	6.082	3.732	2.72
15	48	11783	5474	10467	3917	5.946	3.164	2.594
15	49	1247	629	1095	436	3.21	2.668	2.782
15	50	6005	2762	5279	1765	14.38	2.956	3.163
15	52	3940	1948	3613	1349	34.48	4.577	1.976
15	53	752	379	693	226	94.12	7.325	1.459
15	54	4739	2118	4234	1433	6.14	3.368	3.09
15	56	5206	2292	4671	1276	9.105	3.212	2.234
15	59	9280	4708	8092	2851	10.78	4.012	3.545
15	62	12093	5405	10422	2713	28.43	3.852	3.157
15	64	3431	1692	3036	1180	8.724	4.44	3.449
15	66	6671	2922	5818	2042	7.435	4.199	2.565
15	71	255	174	205	38	4.68	2.291	1.116
15	72	2106	1182	1876	614	5.455	3.413	1.938
15	73	2569	1170	2184	430	5.589	2.939	1.889
15	85	5544	2159	4991	1805	4.506	4.061	2.56
15	99	714	448	632	229	5.333	3.065	1.996
15	108	1957	941	1777	510	3.37	2.705	2.988
15	111	3507	1662	3109	840	10.08	3.456	2.066
15	117	2103	1024	1863	758	10.26	3.765	3.471
15	118	1310	683	1202	418	19.49	4.869	3.249
16	1	4805	2114	4144	713	6.541	3.244	2.029
16	2	1502	832	1038	155	15.37	3.233	2.014
16	4	6384	3063	5215	1144	6.119	3.152	1.721
16	5	2847	1219	2182	273	7.761	3.519	1.248
16	7	4239	1987	3705	1091	3.895	4.03	2.489
16	9	6417	2833	5541	1177	13.83	3.338	2.973
16	17	1901	1031	1688	612	3.421	3.18	1.496
16	24	2157	1077	1957	665	4.489	3.376	2.562
16	25	4729	2261	4194	1356	5.312	3.936	3.335
16	33	9164	4212	8148	2937	7.304	4.128	2.496
16	37	6795	3155	5929	1489	42.38	3.277	3.604
16	59	4680	1715	4057	570	12.56	4.711	1.642
16	62	3453	1701	2974	979	5.259	2.572	2.225
16	64	1503	708	1353	288	3.782	2.261	1.927
16	68	4050	1856	3553	1141	4.893	3.175	2.143
16	75	6420	3049	5598	1947	39.12	3.369	2.653
16	76	4221	2093	3795	1149	4.601	3.202	2.114
16	85	10843	5100	9492	2858	7.014	4.163	2.218
16	88	10746	5186	8751	2372	8.978	4.02	2.451
16	89	13657	6554	11501	3741	22.83	3.944	3.47
16	90	3025	1647	2683	834	4.805	3.363	2.027
16	93	10397	4930	9257	2851	6.526	3.814	2.175
16	94	11221	5618	9923	3918	5.736	3.952	2.29
16	100	721	353	637	149	5.817	4.239	1.654
16	103	14392	6925	12847	4710	6.713	6.436	3.629
16	104	3942	2096	3572	1265	55.63	3.439	2.387
16	105	3279	1798	2929	917	4.953	3.283	2.738
16	107	3888	2431	3419	1341	4.368	4.147	2.058
16	110	3228	1672	2915	1062	7.34	3.366	3.134
16	114	2542	1382	2243	209	11.22	4.167	1.467
16	116	3134	1857	2676	848	3.785	3.378	3.267
16	119	4126	2230	3799	1365	6.523	4.09	2.34
16	125	3741	1690	3217	500	10.98	4.253	1.416
16	128	12974	5652	11526	2312	5.484	4.258	2.72
17	3	3826	1741	3276	868	7.842	2.851	2.645
17	8	578	315	460	39	3.987	2.007	1.183
17	9	6542	3239	5553	1433	17.74	4.59	3.083
17	15	353	209	295	0	4.275	2.183	-Inf
17	16	1275	660	1101	100	14.91	2.389	1.988
17	17	6599	3158	5662	2012	17.6	5.141	2.519
17	23	2370	1091	2058	397	19.63	2.63	2.717
17	24	3989	1967	3495	937	10.71	3.617	2.967
17	45	275	181	248	0	3.851	3.066	-Inf
17	51	9690	4038	8748	1962	26.2	4.157	2.158
17	55	12785	5095	10957	2235	8.964	3.942	3.393
17	66	769	388	666	232	3.011	3.321	1.666
17	73	9904	3868	8540	1802	107.3	4.103	3.516
17	74	10548	4517	9211	2329	11.06	4.012	3.14
17	75	7950	3529	6858	2388	15.22	4.359	2.516
17	76	3994	1892	3405	989	17.13	3.713	2.202
17	79	3729	1691	3253	873	10.29	3.468	2.015
17	80	4336	2129	3811	1228	4.067	3.539	2.19
17	87	2872	1445	2526	713	5.384	2.808	2.08
17	90	9915	3692	8569	1959	10.08	4.986	1.481
17	94	5264	2198	4401	1050	4.592	3.58	1.742
17	97	6690	3142	5989	2082	24.59	3.115	2.777
17	98	3516	1676	3091	675	5.822	2.575	1.804
17	99	638	378	566	185	2.839	2.505	1.918
17	100	4453	1790	3928	1004	24.14	3.661	1.562
17	101	3107	1370	2826	1009	7.781	3.683	2.187
17	102	2597	967	2331	603	8.351	3.765	1.144
17	103	2567	1225	2198	676	4.85	4.238	3.47
17	105	4270	2108	3811	1255	9.961	3.978	2.205
17	108	658	411	587	200	6.543	3.005	1.466
17	117	5542	2232	4887	985	8.122	3.57	2.132
17	118	4769	2099	4059	995	13.24	3.141	2.077
17	123	4367	2260	3901	845	6.054	2.785	2.49
17	125	6565	3100	5751	1613	19.4	4.306	2.453
17	133	3295	1800	2406	552	8.794	3.384	2.769
18	1	2041	1216	1804	597	12.6	3.241	2.181
18	6	1680	759	1544	514	3.135	3.356	1.782
18	7	4061	1978	3649	1227	9.322	3.07	2.15
18	22	1321	722	1221	485	4.062	3.869	2.104
18	23	1436	789	1299	494	3.783	2.718	1.918
18	28	4325	2035	3926	1235	3.18	3.429	2.319
18	39	8756	4130	7582	2522	3.919	3.442	3.252
18	41	12347	4507	11091	2723	13.73	3.349	2.867
18	42	6988	2994	6173	1968	15.33	3.765	1.944
18	52	4869	2203	4333	1351	4.037	3.395	2.468
18	60	7966	3619	6801	1928	4.787	3.909	1.886
18	61	6723	3308	5647	1873	6.094	2.985	3.151
18	65	6613	3148	5765	1987	4.397	3.341	2.16
18	69	10834	5081	9400	3507	5.252	3.163	3.289
18	74	10371	4920	8927	2447	6.765	3.33	2.193
18	77	1525	704	1357	451	7.339	4.831	2.183
18	79	2254	1043	1987	702	13.13	4.472	1.645
18	80	4055	1987	3570	1249	7.3	4.427	2.682
18	82	8390	4096	7491	2824	9.337	3.993	3.011
18	85	6904	3540	5953	1766	4.749	4.129	3.638
18	86	216	118	196	57	6.766	1.659	1.618
18	87	314	208	275	175	2.941	1.889	2.229
18	120	3388	786	3222	1171	3.95	3.392	2.343
19	1	643	365	512	116	3.39	2.479	0.8315
19	4	539	526	51	0	5.563	0.8963	-Inf
19	5	289	275	45	0	6.727	0.7926	-Inf
19	6	2430	1489	1725	57	4.894	3.335	2.037
19	10	1974	1023	1528	121	5.462	2.679	1.228
19	15	1212	721	971	91	4.364	2.158	1.364
19	16	1151	827	725	90	3.513	3.926	1.88
19	19	904	654	471	64	10.23	2.523	1.185
19	20	1948	1023	1450	192	5.679	2.875	1.246
19	21	1171	592	929	115	3.606	2.794	2.925
19	22	4447	2375	3852	623	13.25	3.171	2.624
19	29	2573	1346	2301	745	20.54	3.978	2.171
19	30	2726	1210	2376	616	11.17	3.974	2.217
19	32	3450	1771	2902	472	16.51	3.08	2.91
19	33	1755	798	1497	223	253.9	2.845	1.964
19	34	1862	788	1648	461	12.08	3.092	2.054
19	35	4579	1813	4021	1036	3.816	4.094	3.188
19	37	5579	2513	4743	1069	7.203	4.487	2.118
19	38	1260	594	1094	249	11.73	5.953	2.061
19	39	8065	3423	6780	1365	6.608	3.792	2.537
19	45	1497	746	1250	279	7.631	3.496	1.606
19	51	2618	1298	2289	508	8.139	3.197	1.953
19	52	3110	1595	2589	472	5.521	3.793	1.696
19	53	6415	2969	5454	1604	188.5	3.787	2.54
19	54	10448	4150	9436	3301	6.23	4.125	2.537
19	62	6604	2983	5922	1979	5.833	3.704	3.315
19	63	2731	1401	2438	625	23.99	2.883	2.799
19	64	8058	3838	6984	2050	29.13	3.915	2.867
19	65	2607	1375	2323	633	8.997	3.389	1.867
19	67	12997	5766	10985	3708	7.785	4.418	2.854
19	69	5459	2410	4679	1330	7.564	3.143	2.213
19	70	4383	1811	3901	715	4.231	3.327	2.76
19	71	655	318	549	127	12.6	1.966	1.315
19	72	8371	2670	7242	929	9.329	2.951	1.892
19	74	6449	2796	5716	1753	25.41	3.166	3.064
19	75	1445	741	1275	128	307.2	12.91	4.428
19	76	6054	2796	5202	888	40.24	4.379	2.102
19	77	9837	4929	8227	1790	15.82	4.88	2.721
19	79	3479	1514	3079	768	4.573	3.408	3.865
19	80	1736	862	1437	153	23.19	3.708	1.492
19	81	4736	1997	3989	486	16.4	3.505	1.854
19	90	4756	2377	4172	1335	3.618	3.064	2.911
19	93	1798	861	1602	341	5.645	2.828	2.577
19	98	1993	1051	1514	165	5.149	3.325	1.223
19	104	2868	1432	2466	579	19.05	2.99	3.585
19	106	1421	654	1252	325	3.934	2.561	1.387
19	109	532	344	435	162	9.686	2.841	1.777
19	110	6196	2769	5441	1501	6.232	3.582	2.375
20	2	2115	1183	1854	414	11.47	3.351	1.513
20	7	3199	1711	2874	853	7.168	4.393	2.316
20	18	2151	1274	1913	814	4.726	2.747	1.786
20	19	723	353	658	213	6.044	2.285	3.076
20	23	580	379	526	209	4.274	3.628	2.384
20	34	3599	1984	3145	1153	4.682	3.6	2.949
20	40	2618	1502	2374	908	5.082	3.1	2.329
20	47	4335	2192	3830	1535	4.926	4.104	1.689
20	48	7710	3821	6717	2403	5.574	3.47	2.973
20	59	9548	3814	8531	1520	8.286	4.242	1.674
20	60	5179	2344	4593	1204	6.502	2.981	1.616
20	62	4606	2108	3972	1083	4.655	4.288	2.324
20	63	9694	4668	8548	2862	8.905	3.517	2.644
20	64	2457	1406	2164	723	13.92	2.984	1.702
20	65	5309	2586	4608	1635	10.49	3.465	3.002
20	68	2050	1074	1768	511	5.959	3.893	1.997
20	69	4062	2048	3603	1164	4.287	3.017	2.046
20	70	3318	1479	2899	815	11.31	3.161	3.015
20	71	4914	2310	4278	1523	117.8	3.58	2.656
20	73	4364	1983	3981	1194	15.85	3.642	3.302
20	84	4895	2485	4183	1580	7.913	3.361	2.16
20	86	3503	1783	3101	849	5.281	2.92	2.947
20	87	1837	1098	1669	700	6.266	3.02	2.528
20	91	3921	1749	3564	874	4.979	3.425	2.145
20	93	6782	3569	6031	1961	14.39	3.961	2.488
20	99	4011	2033	3483	952	6.478	4.114	2.677
20	115	3694	908	3411	509	9.482	3.497	1.36
21	2	1030	479	932	296	6.73	2.437	2.842
21	4	751	359	684	232	8.415	2.893	1.139
21	5	2832	1135	2551	700	4.058	4.732	2.02
21	48	7194	3334	6502	2284	9.584	2.988	3.03
21	53	2832	1511	2531	874	4.42	3.114	2.908
21	63	2917	1418	2536	700	5.098	4.014	1.314
21	64	5135	2445	4493	1138	3.174	8.52	3.544
21	65	3150	473	3101	845	3.736	3.057	1.39
22	1	2541	1477	2254	790	5.197	3.04	2.412
22	7	1446	509	1319	339	5.889	2.581	2.535
22	13	2480	1002	2263	610	6.292	3.355	1.632
22	19	2716	1042	2443	758	11.19	2.871	1.803
22	29	5009	2419	4289	1642	8.563	4.738	1.893
22	30	16471	7744	14085	4914	8.181	4.664	3.508
22	37	4043	1956	3536	993	8.927	3.626	2.872
22	40	1957	1029	1761	408	7.432	2.74	1.751
22	43	4225	1862	3635	754	31.49	3.406	2.154
22	44	2901	1255	2508	620	15.52	2.71	2.112
22	45	4425	1910	3920	782	3.79	2.933	2.014
22	46	10614	4585	8934	2464	5.119	3.871	2.151
22	49	853	580	770	255	3.29	2.876	2.281
22	54	3021	1476	2641	835	4.368	4.44	2.051
22	56	342	249	184	0	4.889	2.899	-Inf
22	57	2225	978	1963	54	15.6	2.86	1.851
22	64	1928	978	1781	602	3.75	3.125	1.251
22	69	3428	1567	3063	882	7.468	4.505	2.211
22	70	5799	2717	5094	791	6.12	3.168	2.385
