pheno	db	pid	chromosome	block	num_variants	time	num_variants_0.95	num_variants_0.5	num_CS95	num_variants_CS95
TG	UKBB	EUR	1	3	519	92.7631211280823	0	0	1	89
TG	UKBB	EUR	1	4	1272	1167.51312923431	0	2	2	39
TG	UKBB	EUR	1	5	1955	246.72961974144	0	0	0	0
TG	UKBB	EUR	1	15	2722	330.024696350098	0	0	0	0
TG	UKBB	EUR	1	17	3336	836.116695642471	0	0	0	0
TG	UKBB	EUR	1	18	1456	175.876314401627	0	0	0	0
TG	UKBB	EUR	1	19	2682	277.733159303665	0	1	1	5
TG	UKBB	EUR	1	21	1723	98.8509914875031	1	1	1	1
TG	UKBB	EUR	1	23	991	147.81308221817	0	0	0	0
TG	UKBB	EUR	1	32	882	88.8416669368744	0	0	0	0
TG	UKBB	EUR	1	35	3113	621.083475112915	0	0	0	0
TG	UKBB	EUR	1	43	877	111.721840858459	0	0	0	0
TG	UKBB	EUR	1	48	1230	108.048439502716	0	1	1	9
TG	UKBB	EUR	1	50	1846	301.263367414474	0	0	0	0
TG	UKBB	EUR	1	51	1248	277.32800579071	0	0	0	0
TG	UKBB	EUR	1	52	3167	775.737067222595	1	1	2	18
TG	UKBB	EUR	1	53	3002	1082.51999545097	1	2	1	1
TG	UKBB	EUR	1	58	3184	571.706612825394	0	0	0	0
TG	UKBB	EUR	1	63	2067	535.390331029892	0	0	0	0
TG	UKBB	EUR	1	67	2444	386.069928407669	0	0	0	0
TG	UKBB	EUR	1	70	2539	1239.97414898872	0	1	1	5
TG	UKBB	EUR	1	71	2477	588.484779596329	0	0	1	8
TG	UKBB	EUR	1	83	2364	566.955315351486	0	0	1	3
TG	UKBB	EUR	1	85	1241	158.042851209641	0	0	0	0
TG	UKBB	EUR	1	94	672	46.7766532897949	0	0	1	16
TG	UKBB	EUR	1	96	2269	3399.79218840599	1	2	2	5
TG	UKBB	EUR	1	97	2732	1288.94729328156	0	0	2	33
TG	UKBB	EUR	1	100	2126	449.386967658997	0	1	0	0
TG	UKBB	EUR	1	101	2171	286.546051263809	0	0	0	0
TG	UKBB	EUR	1	105	5775	416.92654132843	0	0	1	18
TG	UKBB	EUR	1	124	3743	895.499571800232	0	0	2	37
TG	UKBB	EUR	1	125	4461	1261.35940527916	0	0	1	3
TG	UKBB	EUR	1	127	2121	584.956620693207	0	0	0	0
TG	UKBB	EUR	1	129	1453	307.083300113678	0	0	1	16
TG	UKBB	EUR	1	132	2551	600.477180242538	0	0	0	0
TG	UKBB	EUR	1	135	3713	888.150215387344	0	0	0	0
TG	UKBB	EUR	1	138	3451	542.788475751877	0	0	0	0
TG	UKBB	EUR	1	139	893	69.6281657218933	0	0	1	7
TG	UKBB	EUR	1	143	2200	297.619603872299	0	1	0	0
TG	UKBB	EUR	1	144	1745	160.195468425751	0	0	0	0
TG	UKBB	EUR	1	150	2617	657.896933794022	0	0	1	11
TG	UKBB	EUR	1	154	3923	864.424379110336	0	2	2	42
TG	UKBB	EUR	1	155	1519	23.8826472759247	0	0	0	0
TG	UKBB	EUR	1	156	2449	871.500885486603	1	1	1	1
TG	UKBB	EUR	1	158	2612	749.142247676849	0	0	0	0
TG	UKBB	EUR	1	168	2959	735.211263895035	0	0	0	0
TG	UKBB	EUR	1	182	3510	704.454339742661	0	0	1	14
TG	UKBB	EUR	1	183	3675	540.882043838501	0	0	0	0
TG	UKBB	EUR	1	184	831	137.985195159912	0	0	0	0
TG	UKBB	EUR	1	187	2517	191.957123994827	0	0	1	11
TG	UKBB	EUR	1	192	2751	682.138732433319	0	0	0	0
TG	UKBB	EUR	1	193	3137	1118.38494682312	1	2	1	1
TG	UKBB	EUR	1	201	2902	581.150709629059	0	0	0	0
TG	UKBB	EUR	1	202	2859	593.262251615524	0	0	0	0
TG	UKBB	EUR	1	203	2204	545.920505523682	0	1	2	44
TG	UKBB	EUR	1	207	1679	315.744033813477	0	1	1	22
TG	UKBB	EUR	1	208	1974	345.596919775009	0	0	1	58
TG	UKBB	EUR	1	209	779	54.9646272659302	1	2	1	1
TG	UKBB	EUR	1	211	1395	326.544161081314	0	0	1	8
TG	UKBB	EUR	1	212	1950	348.602876663208	0	0	0	0
TG	UKBB	EUR	1	213	1526	488.030581951141	0	1	1	3
TG	UKBB	EUR	1	214	1369	178.658832073212	0	0	0	0
TG	UKBB	EUR	1	217	1339	255.859885692596	0	0	0	0
TG	UKBB	EUR	1	219	2355	336.525291442871	0	0	0	0
TG	UKBB	EUR	1	221	2474	365.098151445389	0	0	1	15
TG	UKBB	EUR	1	226	1266	389.853325128555	0	1	1	2
TG	UKBB	EUR	1	228	1385	287.955033302307	0	1	0	0
TG	UKBB	EUR	1	233	3388	1592.633040905	0	0	2	25
TG	UKBB	EUR	1	234	3910	1101.16620206833	2	2	2	2
TG	UKBB	EUR	1	235	2570	625.909989118576	0	0	0	0
TG	UKBB	EUR	1	238	4970	1518.29453992844	0	0	0	0
TG	UKBB	EUR	1	239	1373	276.823448181152	0	0	0	0
TG	UKBB	EUR	1	240	5176	1595.85610055923	0	2	1	3
TG	UKBB	EUR	1	242	1335	223.68789768219	1	2	2	13
TG	UKBB	EUR	1	243	1579	1381.53155708313	1	6	4	10
TG	UKBB	EUR	1	244	3302	1523.92983150482	1	1	1	1
TG	UKBB	EUR	1	248	1887	381.332736730576	0	0	1	27
TG	UKBB	EUR	1	252	1273	83.960752248764	0	1	0	0
TG	UKBB	EUR	1	254	2227	607.864694595337	0	0	0	0
TG	UKBB	EUR	1	255	1245	210.253006458282	0	0	0	0
TG	UKBB	EUR	1	257	1437	272.069573879242	0	0	0	0
TG	UKBB	EUR	1	264	1577	46.6260805130005	0	1	0	0
TG	UKBB	EUR	1	274	3337	584.533369064331	0	1	0	0
TG	UKBB	EUR	1	277	772	74.4983403682709	0	0	0	0
TG	UKBB	EUR	1	280	5116	198.765200853348	0	0	0	0
TG	UKBB	EUR	2	1	662	127.59250116348301	0	0	0	0
TG	UKBB	EUR	2	2	4187	1078.97883081436	0	0	0	0
TG	UKBB	EUR	2	6	1473	49.13445353508	0	1	1	2
TG	UKBB	EUR	2	7	988	181.408514261246	0	0	0	0
TG	UKBB	EUR	2	21	954	206.942448377609	1	2	1	1
TG	UKBB	EUR	2	34	3500	376.848203897476	0	0	0	0
TG	UKBB	EUR	2	41	1711	312.160792589188	0	0	1	9
TG	UKBB	EUR	2	43	395	11.8159368038177	0	2	0	0
TG	UKBB	EUR	2	44	1682	5043.59714627266	2	4	5	13
TG	UKBB	EUR	2	45	3319	510.778347730637	1	1	2	8
TG	UKBB	EUR	2	47	3999	415.558964967728	0	3	0	0
TG	UKBB	EUR	2	48	2422	828.284168958664	0	1	1	5
TG	UKBB	EUR	2	49	3442	13992.600312233	2	5	7	27
TG	UKBB	EUR	2	50	2190	356.62629365921	0	1	1	2
TG	UKBB	EUR	2	55	6312	510.122533559799	0	0	0	0
TG	UKBB	EUR	2	63	2391	1316.84168314934	0	1	0	0
TG	UKBB	EUR	2	66	5511	1290.44762635231	0	0	0	0
TG	UKBB	EUR	2	69	3001	2668.86529541016	0	0	2	78
TG	UKBB	EUR	2	71	2360	328.954865455627	0	1	1	4
TG	UKBB	EUR	2	72	4059	1033.6813344955401	0	0	1	17
TG	UKBB	EUR	2	74	1442	203.977495193481	0	0	0	0
TG	UKBB	EUR	2	76	1960	163.612354516983	0	1	0	0
TG	UKBB	EUR	2	79	3819	532.381639242172	0	1	1	3
TG	UKBB	EUR	2	80	6020	1411.25621318817	0	0	1	53
TG	UKBB	EUR	2	84	8188	1363.03526616096	0	0	0	0
TG	UKBB	EUR	2	85	7335	3251.55509471893	0	1	0	0
TG	UKBB	EUR	2	86	3201	486.015017032623	0	0	1	9
TG	UKBB	EUR	2	87	1204	145.569000005722	0	0	0	0
TG	UKBB	EUR	2	88	9806	15702.584638834	0	1	2	71
TG	UKBB	EUR	2	89	2238	784.156420707703	0	0	2	27
TG	UKBB	EUR	2	90	1948	582.054988622665	1	2	2	3
TG	UKBB	EUR	2	95	2031	600.753279209137	0	1	0	0
TG	UKBB	EUR	2	99	2023	351.911877155304	0	1	0	0
TG	UKBB	EUR	2	115	4027	436.206906557083	0	0	0	0
TG	UKBB	EUR	2	117	2259	210.951364040375	0	0	0	0
TG	UKBB	EUR	2	122	1826	390.276864290237	0	0	1	7
TG	UKBB	EUR	2	123	300	31.7281396389008	0	2	0	0
TG	UKBB	EUR	2	124	2894	1058.53811907768	0	0	1	17
TG	UKBB	EUR	2	125	2437	438.192677021027	0	1	0	0
TG	UKBB	EUR	2	128	4713	915.637064218521	0	0	1	12
TG	UKBB	EUR	2	131	133	3.64648294448853	1	2	2	3
TG	UKBB	EUR	2	132	527	80.1425099372864	0	2	1	2
TG	UKBB	EUR	2	138	4108	1100.06725692749	0	0	0	0
TG	UKBB	EUR	2	153	3838	1031.21472024918	0	0	0	0
TG	UKBB	EUR	2	159	5345	1046.36048936844	0	0	0	0
TG	UKBB	EUR	2	161	4217	1106.11688375473	0	1	0	0
TG	UKBB	EUR	2	163	176	8.36542940139771	0	1	1	2
TG	UKBB	EUR	2	164	831	140.457867622375	1	1	1	1
TG	UKBB	EUR	2	166	6407	1976.26520586014	0	1	2	8
TG	UKBB	EUR	2	168	2662	2799.63499498367	1	3	3	24
TG	UKBB	EUR	2	169	2816	253.243276834488	0	1	0	0
TG	UKBB	EUR	2	171	4093	774.882610797882	0	1	2	9
TG	UKBB	EUR	2	174	1030	97.658429145813	0	1	0	0
TG	UKBB	EUR	2	176	3802	865.66655921936	0	0	1	20
TG	UKBB	EUR	2	180	2527	503.542815685272	0	2	2	5
TG	UKBB	EUR	2	181	3905	888.608373165131	0	0	0	0
TG	UKBB	EUR	2	184	4853	802.235983848572	0	1	0	0
TG	UKBB	EUR	2	186	4201	504.983374357224	0	2	1	3
TG	UKBB	EUR	2	195	6636	1501.97841644287	0	0	0	0
TG	UKBB	EUR	2	197	3290	911.099289655685	0	0	0	0
TG	UKBB	EUR	2	198	2358	643.55663394928	0	1	1	2
TG	UKBB	EUR	2	199	4033	1499.85860919952	0	1	1	17
TG	UKBB	EUR	2	201	3393	436.875390529633	0	0	0	0
TG	UKBB	EUR	2	202	630	86.0171492099762	0	0	0	0
TG	UKBB	EUR	2	205	1959	328.319382190704	0	0	0	0
TG	UKBB	EUR	2	210	1913	221.27787566185	0	1	0	0
TG	UKBB	EUR	2	211	3341	616.955937862396	0	0	0	0
TG	UKBB	EUR	2	213	6522	1526.77586770058	0	0	0	0
TG	UKBB	EUR	2	214	1430	77.3703920841217	0	1	1	5
TG	UKBB	EUR	2	217	1519	9379.86611437798	4	4	6	63
TG	UKBB	EUR	2	218	1240	449.840641498566	2	3	2	2
TG	UKBB	EUR	2	230	1903	741.71797990799	0	1	1	6
TG	UKBB	EUR	2	231	889	184.832049846649	0	1	1	25
TG	UKBB	EUR	2	235	1414	568.296885728836	0	0	2	48
TG	UKBB	EUR	2	237	2714	236.792392253876	0	1	0	0
TG	UKBB	EUR	2	240	2606	603.256313323975	0	0	0	0
TG	UKBB	EUR	2	242	2220	288.416841983795	0	0	1	26
TG	UKBB	EUR	2	250	5007	1302.46324849129	0	0	0	0
TG	UKBB	EUR	2	251	1918	390.539847135544	0	0	0	0
TG	UKBB	EUR	2	256	2602	206.543901205063	0	1	1	4
TG	UKBB	EUR	3	1	10859	1820.40652251244	0	0	0	0
TG	UKBB	EUR	3	8	964	88.8316035270691	0	1	1	9
TG	UKBB	EUR	3	9	901	37.1137490272522	0	1	0	0
TG	UKBB	EUR	3	20	3239	516.554587841034	0	0	0	0
TG	UKBB	EUR	3	23	2000	501.747184038162	0	0	0	0
TG	UKBB	EUR	3	24	3325	1606.1110162735	1	3	2	5
TG	UKBB	EUR	3	30	3288	1234.60304474831	0	0	1	54
TG	UKBB	EUR	3	31	1648	366.92334151268	0	0	0	0
TG	UKBB	EUR	3	33	895	95.09503865242	0	1	1	32
TG	UKBB	EUR	3	35	3388	1151.59934878349	0	0	0	0
TG	UKBB	EUR	3	39	4344	648.991091966629	0	0	0	0
TG	UKBB	EUR	3	40	2079	290.517606258392	0	0	0	0
TG	UKBB	EUR	3	41	4293	2705.09096050262	1	2	1	1
TG	UKBB	EUR	3	49	4318	691.289315223694	0	2	1	32
TG	UKBB	EUR	3	55	1657	396.927683591843	0	0	1	53
TG	UKBB	EUR	3	57	1983	340.772230625153	0	0	0	0
TG	UKBB	EUR	3	60	5518	1382.684435606	0	0	0	0
TG	UKBB	EUR	3	62	1922	393.763799905777	0	0	0	0
TG	UKBB	EUR	3	65	1376	227.618748188019	0	0	0	0
TG	UKBB	EUR	3	70	2946	645.69380235672	0	1	1	21
TG	UKBB	EUR	3	71	3634	1151.09712576866	0	0	0	0
TG	UKBB	EUR	3	77	6277	1155.17587852478	0	1	0	0
TG	UKBB	EUR	3	83	4802	571.899609088898	0	0	0	0
TG	UKBB	EUR	3	85	2014	243.91840171814	0	0	1	10
TG	UKBB	EUR	3	88	2964	352.894743204117	0	0	1	19
TG	UKBB	EUR	3	89	3062	389.034558773041	0	0	0	0
TG	UKBB	EUR	3	114	2289	459.055419206619	0	0	0	0
TG	UKBB	EUR	3	115	2769	159.998794078827	0	1	1	12
TG	UKBB	EUR	3	120	2796	634.799882888794	0	0	0	0
TG	UKBB	EUR	3	121	3463	942.737087488174	0	0	0	0
TG	UKBB	EUR	3	124	547	204.727828025818	0	0	2	34
TG	UKBB	EUR	3	132	4205	747.622585535049	0	0	1	28
TG	UKBB	EUR	3	133	1998	361.206288814545	0	0	0	0
TG	UKBB	EUR	3	136	1686	395.278564453125	0	0	0	0
TG	UKBB	EUR	3	140	3733	169.353935480118	0	0	1	4
TG	UKBB	EUR	3	145	3409	1060.29548978806	0	0	2	90
TG	UKBB	EUR	3	150	3370	891.31539940834	0	0	0	0
TG	UKBB	EUR	3	155	3062	485.980312108994	1	1	1	1
TG	UKBB	EUR	3	161	4110	690.28534078598	0	0	0	0
TG	UKBB	EUR	3	162	4576	1153.02351236343	0	0	1	4
TG	UKBB	EUR	3	172	2213	667.171602010727	0	0	1	16
TG	UKBB	EUR	3	173	1410	190.245123386383	0	0	1	9
TG	UKBB	EUR	3	174	886	128.816418170929	0	0	0	0
TG	UKBB	EUR	3	175	1093	202.597551584244	1	1	2	4
TG	UKBB	EUR	3	186	4052	275.18198800087	0	1	1	4
TG	UKBB	EUR	3	191	2148	597.70476603508	0	0	0	0
TG	UKBB	EUR	3	193	3397	534.941674232483	0	1	0	0
TG	UKBB	EUR	3	196	784	62.0318765640259	0	0	1	9
TG	UKBB	EUR	3	214	3900	1166.1061258316	0	0	1	41
TG	UKBB	EUR	4	1	9611	13403.6786329746	2	4	3	4
TG	UKBB	EUR	4	4	2479	932.821800947189	1	1	1	1
TG	UKBB	EUR	4	19	1634	331.170198440552	0	0	0	0
TG	UKBB	EUR	4	21	5116	1386.45752120018	0	0	0	0
TG	UKBB	EUR	4	28	2760	311.481277704239	0	0	1	12
TG	UKBB	EUR	4	32	3706	671.037757635117	0	0	1	11
TG	UKBB	EUR	4	42	522	39.4556970596313	1	2	2	5
TG	UKBB	EUR	4	43	1712	151.592628955841	0	0	1	58
TG	UKBB	EUR	4	48	3101	673.713439702988	0	0	0	0
TG	UKBB	EUR	4	54	7097	1558.94661617279	0	0	1	14
TG	UKBB	EUR	4	55	2591	345.625149488449	0	0	1	12
TG	UKBB	EUR	4	64	4838	612.925812721252	0	0	0	0
TG	UKBB	EUR	4	66	2430	439.286200761795	0	0	1	25
TG	UKBB	EUR	4	74	3052	466.43402838707	0	1	0	0
TG	UKBB	EUR	4	80	3407	968.349410533905	0	1	2	15
TG	UKBB	EUR	4	82	1265	68.8835544586182	0	0	1	4
TG	UKBB	EUR	4	84	2895	515.855070114136	0	1	1	9
TG	UKBB	EUR	4	87	4476	1356.47096443176	0	1	1	10
TG	UKBB	EUR	4	90	2907	469.20897436142	0	0	0	0
TG	UKBB	EUR	4	95	1164	87.5383512973785	0	0	0	0
TG	UKBB	EUR	4	97	1730	386.755659341812	0	0	0	0
TG	UKBB	EUR	4	101	3592	6465.84472036362	1	3	4	24
TG	UKBB	EUR	4	102	2087	310.18186712265	0	3	0	0
TG	UKBB	EUR	4	103	1547	285.465717315674	0	0	1	14
TG	UKBB	EUR	4	109	1453	170.251968383789	0	0	0	0
TG	UKBB	EUR	4	112	4879	879.069738388062	0	0	0	0
TG	UKBB	EUR	4	113	3917	1334.22496056557	1	1	2	26
TG	UKBB	EUR	4	114	3535	872.567179679871	0	0	0	0
TG	UKBB	EUR	4	115	1507	257.66450715065	1	1	1	1
TG	UKBB	EUR	4	116	2670	428.183482408524	0	0	0	0
TG	UKBB	EUR	4	117	3436	425.645584344864	0	0	0	0
TG	UKBB	EUR	4	121	2432	786.260371685028	0	2	1	2
TG	UKBB	EUR	4	122	1057	33.3651876449585	0	1	1	2
TG	UKBB	EUR	4	133	3262	344.022716522217	0	0	0	0
TG	UKBB	EUR	4	134	5243	1321.45380401611	0	0	0	0
TG	UKBB	EUR	4	136	4782	507.114533185959	0	0	0	0
TG	UKBB	EUR	4	139	5252	1074.25573301315	0	0	0	0
TG	UKBB	EUR	4	147	1413	329.674364805222	0	0	0	0
TG	UKBB	EUR	4	148	1994	358.419631242752	0	0	0	0
TG	UKBB	EUR	4	149	2832	246.57546877861	0	0	0	0
TG	UKBB	EUR	4	150	2944	745.48944568634	0	0	0	0
TG	UKBB	EUR	4	153	3190	360.716406106949	0	1	0	0
TG	UKBB	EUR	4	154	1248	63.3084170818329	0	0	0	0
TG	UKBB	EUR	4	156	4554	1110.85890221596	0	0	0	0
TG	UKBB	EUR	4	159	1297	53.3315320014954	0	1	1	2
TG	UKBB	EUR	4	161	1242	186.948001623154	1	3	1	1
TG	UKBB	EUR	4	162	2258	229.805528640747	1	1	1	1
TG	UKBB	EUR	4	165	2403	291.211587429047	0	0	1	37
TG	UKBB	EUR	4	180	3178	427.882412672043	0	0	0	0
TG	UKBB	EUR	4	184	1574	272.883164405823	0	0	0	0
TG	UKBB	EUR	4	199	688	52.9352688789368	0	0	0	0
TG	UKBB	EUR	5	27	5265	1956.04747843742	0	0	0	0
TG	UKBB	EUR	5	33	1833	478.043615341187	0	0	0	0
TG	UKBB	EUR	5	49	874	129.420561790466	0	0	0	0
TG	UKBB	EUR	5	64	3935	594.556141138077	0	2	2	5
TG	UKBB	EUR	5	66	2566	282.098935604095	0	0	0	0
TG	UKBB	EUR	5	68	961	1284.18280601501	1	4	3	7
TG	UKBB	EUR	5	69	1350	2152.27714419365	0	3	3	52
TG	UKBB	EUR	5	71	4163	363.251364946365	0	0	1	8
TG	UKBB	EUR	5	72	4533	763.074996948242	0	0	0	0
TG	UKBB	EUR	5	74	6052	1535.59776592255	0	0	0	0
TG	UKBB	EUR	5	78	1140	457.53190612793	1	1	1	1
TG	UKBB	EUR	5	81	2404	1077.32879567146	0	0	2	34
TG	UKBB	EUR	5	85	3348	998.763589143753	1	2	2	13
TG	UKBB	EUR	5	88	1439	533.488336324692	0	0	1	22
TG	UKBB	EUR	5	92	2098	362.211202144623	0	0	1	57
TG	UKBB	EUR	5	96	3344	592.8393471241	0	1	0	0
TG	UKBB	EUR	5	97	2010	32.0609176158905	0	1	1	2
TG	UKBB	EUR	5	102	4502	582.906548500061	0	0	0	0
TG	UKBB	EUR	5	103	2797	243.533679008484	0	1	1	4
TG	UKBB	EUR	5	108	1354	161.601677894592	0	0	0	0
TG	UKBB	EUR	5	109	1728	166.647296190262	2	2	2	2
TG	UKBB	EUR	5	111	3868	749.124813318253	0	0	0	0
TG	UKBB	EUR	5	114	9397	853.670005083084	0	0	1	10
TG	UKBB	EUR	5	116	3895	408.092610120773	0	0	0	0
TG	UKBB	EUR	5	120	3836	774.38503909111	0	1	0	0
TG	UKBB	EUR	5	127	5530	811.845633983612	0	0	1	5
TG	UKBB	EUR	5	130	4173	1112.45678114891	0	0	0	0
TG	UKBB	EUR	5	136	3883	667.566839933395	0	0	0	0
TG	UKBB	EUR	5	142	2788	210.235494852066	0	1	0	0
TG	UKBB	EUR	5	145	4905	799.564354419708	0	0	1	15
TG	UKBB	EUR	5	146	4108	2093.60861992836	0	0	2	24
TG	UKBB	EUR	5	147	1747	180.188298463821	0	0	0	0
TG	UKBB	EUR	5	152	4797	1408.80975270271	0	1	0	0
TG	UKBB	EUR	5	156	2118	169.643739700317	0	0	1	44
TG	UKBB	EUR	5	158	1968	308.591236829758	0	0	0	0
TG	UKBB	EUR	5	159	429	55.9207026958466	0	0	0	0
TG	UKBB	EUR	5	164	2111	211.354437828064	0	0	1	8
TG	UKBB	EUR	5	166	3309	11240.7145030499	1	2	4	32
TG	UKBB	EUR	5	167	2437	525.036761522293	0	0	0	0
TG	UKBB	EUR	5	168	3072	4203.25340890884	0	2	3	37
TG	UKBB	EUR	5	174	2941	316.192717313766	0	0	0	0
TG	UKBB	EUR	5	177	2409	442.771296739578	0	1	0	0
TG	UKBB	EUR	5	181	978	77.8247284889221	0	0	0	0
TG	UKBB	EUR	5	182	1204	31.5948407649994	0	0	1	6
TG	UKBB	EUR	5	191	4312	613.40575671196	0	0	1	19
TG	UKBB	EUR	5	192	547	60.9594104290009	0	0	0	0
TG	UKBB	EUR	5	193	956	82.1802089214325	0	0	0	0
TG	UKBB	EUR	5	194	1211	70.2547619342804	0	0	1	8
TG	UKBB	EUR	5	202	1875	255.178573846817	0	0	1	14
TG	UKBB	EUR	5	205	1486	195.132538795471	0	0	1	29
TG	UKBB	EUR	6	3	609	31.3242847919464	0	0	0	0
TG	UKBB	EUR	6	19	2621	190.434856891632	0	0	1	21
TG	UKBB	EUR	6	21	1776	550.416318893433	0	0	1	17
TG	UKBB	EUR	6	27	1539	185.657861948013	0	0	1	7
TG	UKBB	EUR	6	29	2476	238.393103599548	0	0	0	0
TG	UKBB	EUR	6	32	875	83.9186007976532	0	0	0	0
TG	UKBB	EUR	6	39	4562	456.35751748085	0	0	1	39
TG	UKBB	EUR	6	43	2932	1903.62897276878	0	0	2	14
TG	UKBB	EUR	6	46	250	25.628494977951	0	0	0	0
TG	UKBB	EUR	6	47	3739	1242.5022623539	0	0	0	0
TG	UKBB	EUR	6	51	5667	2911.41923904419	0	1	2	48
TG	UKBB	EUR	6	52	1798	227.460590600967	0	1	1	8
TG	UKBB	EUR	6	53	1636	478.34446811676	0	2	0	0
TG	UKBB	EUR	6	56	1765	342.028139829636	0	0	0	0
TG	UKBB	EUR	6	57	1787	252.379086732864	0	0	0	0
TG	UKBB	EUR	6	58	3089	659.726287126541	0	0	0	0
TG	UKBB	EUR	6	60	1692	108.171642780304	0	0	0	0
TG	UKBB	EUR	6	63	2663	9109.59763860703	3	4	5	13
TG	UKBB	EUR	6	64	292	672.221917867661	3	5	7	24
TG	UKBB	EUR	6	73	444	18.3563559055328	0	0	1	9
TG	UKBB	EUR	6	74	1493	163.351452350616	0	0	0	0
TG	UKBB	EUR	6	75	420	100.886355876923	0	0	1	14
TG	UKBB	EUR	6	76	4915	953.723275184631	0	0	0	0
TG	UKBB	EUR	6	81	6321	1173.30703783035	0	2	1	3
TG	UKBB	EUR	6	88	8269	816.953647851944	0	0	0	0
TG	UKBB	EUR	6	94	4181	1008.76781964302	0	0	0	0
TG	UKBB	EUR	6	97	2713	460.210220813751	0	0	1	30
TG	UKBB	EUR	6	98	3389	820.125199317932	0	0	1	36
TG	UKBB	EUR	6	99	3652	1185.71551775932	0	0	0	0
TG	UKBB	EUR	6	100	66	5.75857591629028	0	0	1	9
TG	UKBB	EUR	6	105	2838	120.89749789238	0	1	1	3
TG	UKBB	EUR	6	106	2228	145.063988924026	0	0	1	10
TG	UKBB	EUR	6	108	883	141.104555368423	0	0	0	0
TG	UKBB	EUR	6	109	2373	1270.30713415146	0	1	2	43
TG	UKBB	EUR	6	111	1740	506.022818088531	0	0	1	39
TG	UKBB	EUR	6	112	2789	1086.34835147858	1	1	2	10
TG	UKBB	EUR	6	116	3881	357.113725423813	0	1	0	0
TG	UKBB	EUR	6	124	4264	3801.01090049744	0	1	3	39
TG	UKBB	EUR	6	125	2720	224.055208683014	0	0	0	0
TG	UKBB	EUR	6	127	2160	319.632052898407	0	0	1	5
TG	UKBB	EUR	6	130	3633	337.861572027206	0	0	1	8
TG	UKBB	EUR	6	140	1867	276.633687496185	0	0	0	0
TG	UKBB	EUR	6	143	67	14.0281691551208	0	3	0	0
TG	UKBB	EUR	6	146	1464	124.424548625946	0	0	0	0
TG	UKBB	EUR	6	149	4073	497.12137556076	0	0	0	0
TG	UKBB	EUR	6	154	2070	240.700569152832	0	0	1	19
TG	UKBB	EUR	6	157	1332	283.730096578598	0	0	0	0
TG	UKBB	EUR	6	158	2348	545.552146196365	0	0	0	0
TG	UKBB	EUR	6	160	2988	735.014013767242	0	2	1	8
TG	UKBB	EUR	6	161	2374	184.322108745575	0	0	1	17
TG	UKBB	EUR	6	169	5971	10661.8419120312	7	9	10	16
TG	UKBB	EUR	6	173	2977	624.071397066116	1	2	1	1
TG	UKBB	EUR	6	175	1849	237.30714225769	0	1	1	4
TG	UKBB	EUR	6	178	1000	77.9454843997955	0	0	1	8
TG	UKBB	EUR	6	179	1713	270.447340726852	0	0	0	0
TG	UKBB	EUR	6	182	2247	487.9339594841	0	0	0	0
TG	UKBB	EUR	7	3	2288	181.041289329529	0	0	1	7
TG	UKBB	EUR	7	8	5747	2065.13814973831	0	0	0	0
TG	UKBB	EUR	7	11	2671	198.011053085327	0	0	0	0
TG	UKBB	EUR	7	12	4752	942.853744506836	0	1	1	2
TG	UKBB	EUR	7	13	1870	335.693443775177	0	0	1	17
TG	UKBB	EUR	7	25	3868	648.580782651901	0	0	0	0
TG	UKBB	EUR	7	26	3762	863.569010972977	0	0	0	0
TG	UKBB	EUR	7	29	2750	410.471544504166	0	0	1	14
TG	UKBB	EUR	7	30	2949	726.530115365982	0	0	0	0
TG	UKBB	EUR	7	31	2743	432.680130004883	0	1	2	26
TG	UKBB	EUR	7	32	3198	1039.14463758469	0	1	2	11
TG	UKBB	EUR	7	33	4010	355.813988208771	0	0	1	5
TG	UKBB	EUR	7	35	3364	1118.99032640457	0	0	0	0
TG	UKBB	EUR	7	37	3474	669.230802774429	0	0	0	0
TG	UKBB	EUR	7	41	3054	538.51393198967	0	0	0	0
TG	UKBB	EUR	7	42	3107	6864.21172618866	1	5	6	26
TG	UKBB	EUR	7	43	4068	977.524858474731	0	3	1	4
TG	UKBB	EUR	7	44	577	12.5815370082855	0	1	1	3
TG	UKBB	EUR	7	45	1329	215.280764341354	0	0	0	0
TG	UKBB	EUR	7	48	648	53.7937250137329	0	1	1	7
TG	UKBB	EUR	7	50	2107	124.282813310623	0	1	1	3
TG	UKBB	EUR	7	54	3176	274.318877458572	0	0	0	0
TG	UKBB	EUR	7	58	3099	289.500030517578	0	0	1	11
TG	UKBB	EUR	7	64	251	10.0357100963593	0	1	1	21
TG	UKBB	EUR	7	66	1421	57.3757781982422	0	0	0	0
TG	UKBB	EUR	7	67	7599	10333.3422570229	1	3	2	10
TG	UKBB	EUR	7	69	2056	155.418883085251	0	0	0	0
TG	UKBB	EUR	7	73	1059	53.0024919509888	0	1	1	4
TG	UKBB	EUR	7	74	1381	184.095556497574	0	0	0	0
TG	UKBB	EUR	7	85	3525	2453.83943867683	2	6	4	6
TG	UKBB	EUR	7	86	1224	485.091810703278	1	3	2	5
TG	UKBB	EUR	7	87	387	87.2366018295288	0	1	2	16
TG	UKBB	EUR	7	88	4002	3821.91545629501	2	2	3	31
TG	UKBB	EUR	7	93	1278	128.616110801697	0	0	0	0
TG	UKBB	EUR	7	95	1944	275.86039185524	0	0	0	0
TG	UKBB	EUR	7	103	2428	541.957688808441	0	0	0	0
TG	UKBB	EUR	7	109	2276	249.99227643013	0	0	0	0
TG	UKBB	EUR	7	114	4823	1057.54627490044	0	0	0	0
TG	UKBB	EUR	7	118	1231	153.305058002472	0	0	0	0
TG	UKBB	EUR	7	119	2161	414.048695087433	0	1	0	0
TG	UKBB	EUR	7	120	389	29.7207403182983	0	0	0	0
TG	UKBB	EUR	7	121	5335	753.853987455368	0	0	0	0
TG	UKBB	EUR	7	125	3373	711.428758859634	0	0	0	0
TG	UKBB	EUR	7	127	979	186.64156961441	0	0	1	18
TG	UKBB	EUR	7	128	1024	175.29767370224	0	1	1	40
TG	UKBB	EUR	7	132	5918	1445.68522191048	0	0	0	0
TG	UKBB	EUR	7	133	5936	3196.71958804131	1	4	4	12
TG	UKBB	EUR	7	143	1038	79.4151794910431	0	0	0	0
TG	UKBB	EUR	7	145	2029	187.355662107468	0	0	0	0
TG	UKBB	EUR	7	147	1382	248.20353937149	0	0	1	4
TG	UKBB	EUR	7	148	1696	245.973301887512	0	0	0	0
TG	UKBB	EUR	7	161	729	76.9380893707275	0	0	1	41
TG	UKBB	EUR	7	162	5311	5780.50528788567	0	1	2	31
TG	UKBB	EUR	7	169	603	84.0514297485352	0	0	0	0
TG	UKBB	EUR	7	177	1028	119.065089464188	0	0	0	0
TG	UKBB	EUR	7	184	2626	155.113005161285	0	0	0	0
TG	UKBB	EUR	8	13	998	114.463523387909	0	0	1	44
TG	UKBB	EUR	8	17	2980	728.229036569595	0	0	0	0
TG	UKBB	EUR	8	20	2472	619.539157629013	0	0	0	0
TG	UKBB	EUR	8	21	2717	332.515834331512	0	0	0	0
TG	UKBB	EUR	8	24	5332	3173.24096822739	0	0	1	31
TG	UKBB	EUR	8	27	2064	453.665511369705	0	0	0	0
TG	UKBB	EUR	8	28	1257	180.364422798157	0	0	0	0
TG	UKBB	EUR	8	29	5282	2071.26675534248	1	1	2	24
TG	UKBB	EUR	8	31	666	40.0589904785156	0	0	0	0
TG	UKBB	EUR	8	32	3679	39672.9732999802	5	8	9	15
TG	UKBB	EUR	8	33	3069	17224.3214588165	7	8	8	9
TG	UKBB	EUR	8	34	1620	337.518083333969	0	0	0	0
TG	UKBB	EUR	8	35	1388	271.545045137405	0	0	0	0
TG	UKBB	EUR	8	38	1220	211.803354978561	0	2	1	11
TG	UKBB	EUR	8	39	2287	267.941217422485	0	0	0	0
TG	UKBB	EUR	8	40	2922	361.486626148224	0	0	1	10
TG	UKBB	EUR	8	41	1929	177.523503780365	1	3	1	1
TG	UKBB	EUR	8	42	3825	606.617616415024	0	0	0	0
TG	UKBB	EUR	8	46	1150	85.4458281993866	0	0	0	0
TG	UKBB	EUR	8	48	2716	568.713368177414	0	1	1	25
TG	UKBB	EUR	8	51	4201	614.938437223434	0	0	0	0
TG	UKBB	EUR	8	53	2406	109.494027614594	0	0	0	0
TG	UKBB	EUR	8	54	904	63.3384909629822	0	1	1	6
TG	UKBB	EUR	8	55	2225	226.527653455734	0	0	1	10
TG	UKBB	EUR	8	65	1811	185.358280658722	0	0	1	8
TG	UKBB	EUR	8	66	3812	997.433255195618	0	0	1	22
TG	UKBB	EUR	8	68	2401	745.385317802429	0	1	2	14
TG	UKBB	EUR	8	69	4795	1112.8972196579	0	0	0	0
TG	UKBB	EUR	8	71	3182	651.729390144348	0	0	1	28
TG	UKBB	EUR	8	77	2896	582.42000246048	0	1	1	22
TG	UKBB	EUR	8	78	639	193.205172538757	0	0	1	12
TG	UKBB	EUR	8	80	1348	277.023583889008	0	0	0	0
TG	UKBB	EUR	8	83	4786	791.427244901657	0	1	0	0
TG	UKBB	EUR	8	84	6679	1301.07179570198	0	0	0	0
TG	UKBB	EUR	8	85	2550	623.083440542221	0	0	0	0
TG	UKBB	EUR	8	86	567	52.6969981193542	0	0	0	0
TG	UKBB	EUR	8	88	3251	247.855755567551	0	1	1	2
TG	UKBB	EUR	8	92	3311	385.778646707535	0	0	0	0
TG	UKBB	EUR	8	107	1042	35.4577741622925	0	0	0	0
TG	UKBB	EUR	8	108	5083	534.986016988754	0	0	1	16
TG	UKBB	EUR	8	113	2167	1062.63105487823	1	1	2	32
TG	UKBB	EUR	8	114	1777	26.5046103000641	0	0	1	4
TG	UKBB	EUR	8	124	1811	256.361918926239	0	1	1	2
TG	UKBB	EUR	8	125	811	4430.96575212479	4	7	8	22
TG	UKBB	EUR	8	126	304	61.083087682724	2	4	3	4
TG	UKBB	EUR	8	130	1634	322.697086572647	0	1	0	0
TG	UKBB	EUR	8	133	2575	332.658753871918	0	0	1	5
TG	UKBB	EUR	8	141	1881	252.845981121063	0	0	0	0
TG	UKBB	EUR	8	154	1818	294.018593788147	0	1	0	0
TG	UKBB	EUR	8	159	2186	239.931565523148	0	0	1	12
TG	UKBB	EUR	9	1	4405	1221.77659463882	0	0	2	11
TG	UKBB	EUR	9	4	2653	353.468446016312	0	1	0	0
TG	UKBB	EUR	9	9	1912	383.769414901733	0	0	0	0
TG	UKBB	EUR	9	13	4349	842.101309537888	0	0	0	0
TG	UKBB	EUR	9	27	6921	1935.34031200409	0	0	1	16
TG	UKBB	EUR	9	28	2167	350.362837791443	0	1	1	7
TG	UKBB	EUR	9	31	3692	908.443030118942	1	1	1	1
TG	UKBB	EUR	9	32	1463	35.139358997345	0	0	0	0
TG	UKBB	EUR	9	33	2492	338.284868240356	0	0	1	17
TG	UKBB	EUR	9	39	1083	162.707919120789	0	1	0	0
TG	UKBB	EUR	9	41	489	35.2826182842255	0	0	0	0
TG	UKBB	EUR	9	48	609	25.5430517196655	0	0	1	10
TG	UKBB	EUR	9	50	3621	194.219475269318	0	0	1	13
TG	UKBB	EUR	9	53	4664	851.829071521759	0	0	0	0
TG	UKBB	EUR	9	71	362	10.754371881485	0	0	0	0
TG	UKBB	EUR	9	72	796	77.8610265254974	0	0	0	0
TG	UKBB	EUR	9	77	1591	255.454218864441	1	1	1	1
TG	UKBB	EUR	9	84	2356	260.60152721405	0	0	1	14
TG	UKBB	EUR	9	93	3017	977.459323644638	0	1	2	19
TG	UKBB	EUR	9	97	1351	291.337826013565	0	0	0	0
TG	UKBB	EUR	9	98	3876	994.918324232101	0	1	1	10
TG	UKBB	EUR	9	100	3508	891.109758138657	0	0	0	0
TG	UKBB	EUR	9	102	3575	431.563678979874	0	0	1	43
TG	UKBB	EUR	9	105	807	29.7868740558624	0	0	0	0
TG	UKBB	EUR	9	106	3517	720.069677114487	1	1	1	1
TG	UKBB	EUR	9	107	913	45.4402866363525	0	0	0	0
TG	UKBB	EUR	9	110	4301	488.961882829666	0	0	0	0
TG	UKBB	EUR	9	111	187	15.5532202720642	0	1	2	5
TG	UKBB	EUR	9	112	4165	1206.65555930138	0	0	0	0
TG	UKBB	EUR	9	114	1494	120.836884975433	0	0	0	0
TG	UKBB	EUR	9	115	4314	802.25749206543	0	0	0	0
TG	UKBB	EUR	9	116	2266	1496.03798651695	0	2	3	11
TG	UKBB	EUR	9	118	5128	1675.81195020676	0	0	0	0
TG	UKBB	EUR	9	124	1974	149.209380149841	0	1	0	0
TG	UKBB	EUR	9	128	203	11.0157454013824	0	1	1	8
TG	UKBB	EUR	9	129	2851	599.391649246216	0	0	0	0
TG	UKBB	EUR	9	134	4836	895.15874004364	0	0	1	34
TG	UKBB	EUR	9	135	2197	311.270273685455	0	0	0	0
TG	UKBB	EUR	9	136	2367	542.890776157379	0	0	0	0
TG	UKBB	EUR	9	138	3720	994.621528863907	0	0	0	0
TG	UKBB	EUR	9	140	5133	746.28239607811	0	0	1	5
TG	UKBB	EUR	9	142	1755	214.767033100128	0	0	0	0
TG	UKBB	EUR	9	149	1801	254.059360265732	0	1	1	3
TG	UKBB	EUR	9	160	843	77.5615262985229	0	0	0	0
TG	UKBB	EUR	9	161	881	71.9118912220001	0	0	1	27
TG	UKBB	EUR	10	13	2260	309.255051374435	0	0	1	12
TG	UKBB	EUR	10	14	3234	573.415787696838	0	0	0	0
TG	UKBB	EUR	10	20	132	9.83496499061584	0	1	1	2
TG	UKBB	EUR	10	22	2667	301.531319379807	0	1	1	3
TG	UKBB	EUR	10	26	3158	596.059324979782	0	0	0	0
TG	UKBB	EUR	10	34	973	71.1740579605103	0	0	0	0
TG	UKBB	EUR	10	43	2275	165.281104803085	0	0	1	7
TG	UKBB	EUR	10	44	1308	184.421279430389	0	1	0	0
TG	UKBB	EUR	10	45	3430	546.757536411285	0	0	0	0
TG	UKBB	EUR	10	48	3991	572.711709737778	0	0	0	0
TG	UKBB	EUR	10	49	2549	327.528853416443	0	0	0	0
TG	UKBB	EUR	10	59	1871	103.721647262573	0	0	0	0
TG	UKBB	EUR	10	60	4074	1811.18311905861	0	0	1	21
TG	UKBB	EUR	10	61	1565	188.725473403931	0	1	1	14
TG	UKBB	EUR	10	64	668	88.9557552337646	0	0	0	0
TG	UKBB	EUR	10	70	3208	5455.12145876884	2	3	3	16
TG	UKBB	EUR	10	76	6048	618.844057321548	0	0	1	33
TG	UKBB	EUR	10	78	1652	288.383790254593	1	1	2	47
TG	UKBB	EUR	10	79	3459	503.18772816658	0	1	2	6
TG	UKBB	EUR	10	80	3671	4118.09802532196	0	0	2	8
TG	UKBB	EUR	10	81	3734	613.141112089157	0	0	1	9
TG	UKBB	EUR	10	84	5207	1028.68081021309	0	0	0	0
TG	UKBB	EUR	10	85	1043	168.839430093765	0	0	0	0
TG	UKBB	EUR	10	92	4942	1784.10775232315	1	1	2	20
TG	UKBB	EUR	10	93	1019	292.237900495529	0	1	1	11
TG	UKBB	EUR	10	99	254	14.7250199317932	0	0	0	0
TG	UKBB	EUR	10	100	1061	144.17591047287	0	0	1	7
TG	UKBB	EUR	10	109	3228	743.13858628273	0	0	0	0
TG	UKBB	EUR	10	110	1116	195.539971113205	0	1	0	0
TG	UKBB	EUR	10	111	1918	93.1640954017639	0	1	0	0
TG	UKBB	EUR	10	112	802	55.1344561576843	0	0	0	0
TG	UKBB	EUR	10	117	4254	28571.1085255146	1	4	5	23
TG	UKBB	EUR	10	120	3095	849.627258777618	0	0	0	0
TG	UKBB	EUR	10	123	2840	651.766433238983	0	0	0	0
TG	UKBB	EUR	10	124	818	23.8794131278992	0	0	1	5
TG	UKBB	EUR	10	126	3515	876.927489280701	0	0	1	32
TG	UKBB	EUR	10	129	4659	843.090991735458	0	0	1	17
TG	UKBB	EUR	10	131	3980	450.062659263611	0	0	0	0
TG	UKBB	EUR	10	136	5224	739.754257678986	0	0	0	0
TG	UKBB	EUR	10	137	3617	735.139355897903	0	1	1	11
TG	UKBB	EUR	10	138	695	145.046889543533	1	1	2	5
TG	UKBB	EUR	10	140	909	367.826246023178	0	2	0	0
TG	UKBB	EUR	10	142	1169	364.159590244293	0	0	2	30
TG	UKBB	EUR	10	144	1408	292.339464187622	0	0	0	0
TG	UKBB	EUR	10	145	1376	162.459718942642	0	0	0	0
TG	UKBB	EUR	10	148	2385	314.996231794357	0	2	1	2
TG	UKBB	EUR	10	152	2103	405.653082132339	0	0	1	15
TG	UKBB	EUR	10	167	586	68.9177005290985	0	0	0	0
TG	UKBB	EUR	10	176	2995	301.824347019196	0	1	1	3
TG	UKBB	EUR	10	177	1562	145.046215057373	0	1	0	0
TG	UKBB	EUR	11	2	2416	586.253724813461	0	1	0	0
TG	UKBB	EUR	11	4	1583	472.88440251350403	0	0	1	13
TG	UKBB	EUR	11	7	1391	201.06996178627	0	1	0	0
TG	UKBB	EUR	11	11	2955	564.694935798645	0	0	0	0
TG	UKBB	EUR	11	14	2329	266.475886583328	0	0	0	0
TG	UKBB	EUR	11	19	1244	86.3734178543091	0	0	1	6
TG	UKBB	EUR	11	22	1276	14.8957102298737	0	0	0	0
TG	UKBB	EUR	11	27	2489	248.259420633316	0	2	2	5
TG	UKBB	EUR	11	28	1996	1191.34500527382	1	4	3	7
TG	UKBB	EUR	11	29	1332	148.977437973022	0	0	0	0
TG	UKBB	EUR	11	33	2302	406.293686151505	0	1	0	0
TG	UKBB	EUR	11	51	2553	199.05130314827	0	0	1	51
TG	UKBB	EUR	11	52	1487	49.7199959754944	0	0	1	5
TG	UKBB	EUR	11	53	3051	242.002651929855	0	0	0	0
TG	UKBB	EUR	11	54	2265	283.520266771317	0	0	0	0
TG	UKBB	EUR	11	56	579	70.1290261745453	0	0	0	0
TG	UKBB	EUR	11	57	2306	589.377975940704	0	0	0	0
TG	UKBB	EUR	11	65	2182	333.055736780167	0	2	0	0
TG	UKBB	EUR	11	70	4273	317.205609321594	0	0	0	0
TG	UKBB	EUR	11	75	1705	314.624195814133	0	0	0	0
TG	UKBB	EUR	11	76	2068	2929.69643712044	1	5	4	10
TG	UKBB	EUR	11	77	2031	244.862303733826	0	0	1	13
TG	UKBB	EUR	11	78	2126	630.073865175247	1	2	2	3
TG	UKBB	EUR	11	79	4518	11344.989125967	1	4	3	15
TG	UKBB	EUR	11	80	3101	767.510723590851	1	1	2	6
TG	UKBB	EUR	11	81	2046	243.835742473602	0	0	0	0
TG	UKBB	EUR	11	83	1781	416.364717721939	0	1	0	0
TG	UKBB	EUR	11	89	475	23.4641625881195	0	0	1	14
TG	UKBB	EUR	11	90	4830	1758.12352848053	0	0	1	96
TG	UKBB	EUR	11	104	4490	422.767894029617	0	1	0	0
TG	UKBB	EUR	11	108	956	81.917601108551	0	0	0	0
TG	UKBB	EUR	11	112	3136	754.056733608246	0	0	0	0
TG	UKBB	EUR	11	114	2042	427.464332818985	0	0	0	0
TG	UKBB	EUR	11	117	4952	1306.80488085747	0	0	0	0
TG	UKBB	EUR	11	121	2516	388.332902669907	0	0	0	0
TG	UKBB	EUR	11	123	1467	415.367842912674	0	0	2	23
TG	UKBB	EUR	11	125	2198	344.005788564682	0	0	0	0
TG	UKBB	EUR	11	126	5162	1492.75891137123	0	2	1	5
TG	UKBB	EUR	11	127	599	411.883500814438	1	3	1	1
TG	UKBB	EUR	11	128	396	1904.43319797516	5	9	9	20
TG	UKBB	EUR	11	129	2494	1599.78601813316	9	10	10	12
TG	UKBB	EUR	11	130	1309	5756.71890306473	7	10	7	7
TG	UKBB	EUR	11	131	345	35.6465375423431	3	5	3	3
TG	UKBB	EUR	11	133	2216	6850.10897755623	0	5	2	5
TG	UKBB	EUR	11	134	3326	635.788901567459	0	0	0	0
TG	UKBB	EUR	11	138	1543	253.892671108246	0	0	0	0
TG	UKBB	EUR	11	140	1403	276.167196750641	0	0	0	0
TG	UKBB	EUR	11	147	4870	877.582539319992	0	1	0	0
TG	UKBB	EUR	11	149	4145	987.824174642563	0	0	0	0
TG	UKBB	EUR	11	151	1808	154.994218111038	0	0	0	0
TG	UKBB	EUR	11	162	1874	149.909449577332	0	0	0	0
TG	UKBB	EUR	12	1	1590	329.945367336273	0	0	1	44
TG	UKBB	EUR	12	4	1490	221.564217805862	0	0	0	0
TG	UKBB	EUR	12	12	967	137.269158601761	1	1	2	12
TG	UKBB	EUR	12	13	1602	115.104884147644	0	1	0	0
TG	UKBB	EUR	12	17	1105	192.691506385803	0	0	1	15
TG	UKBB	EUR	12	18	2152	414.430575609207	0	0	0	0
TG	UKBB	EUR	12	23	2890	492.793552160263	0	0	0	0
TG	UKBB	EUR	12	26	481	13.8370819091797	0	0	1	5
TG	UKBB	EUR	12	28	1859	169.099988937378	0	0	0	0
TG	UKBB	EUR	12	29	358	37.3498594760895	0	0	0	0
TG	UKBB	EUR	12	31	744	112.03010892868	0	0	0	0
TG	UKBB	EUR	12	32	2958	659.537268877029	0	0	0	0
TG	UKBB	EUR	12	33	2232	260.079381942749	0	0	0	0
TG	UKBB	EUR	12	34	2001	213.860469102859	0	0	0	0
TG	UKBB	EUR	12	35	928	931.424489974976	1	1	3	58
TG	UKBB	EUR	12	38	3467	629.937405347824	0	0	0	0
TG	UKBB	EUR	12	40	1506	655.557657241821	1	2	2	10
TG	UKBB	EUR	12	41	907	214.266870975494	0	2	2	10
TG	UKBB	EUR	12	42	4599	2800.70747256279	1	1	2	7
TG	UKBB	EUR	12	45	2354	1124.64141130447	0	1	1	7
TG	UKBB	EUR	12	47	882	54.2407240867615	0	0	0	0
TG	UKBB	EUR	12	48	2849	404.595612764359	0	0	1	8
TG	UKBB	EUR	12	49	3187	283.503535032272	0	1	1	10
TG	UKBB	EUR	12	51	1810	59.1099991798401	0	0	1	5
TG	UKBB	EUR	12	57	3924	384.706716537476	0	0	0	0
TG	UKBB	EUR	12	58	2130	367.535813093185	0	1	0	0
TG	UKBB	EUR	12	59	3359	2017.97068166733	0	0	3	43
TG	UKBB	EUR	12	60	1682	189.52813911438	0	1	1	2
TG	UKBB	EUR	12	62	2098	274.048714160919	0	0	1	21
TG	UKBB	EUR	12	63	2161	402.32598233223	0	0	0	0
TG	UKBB	EUR	12	64	1712	265.441861391068	0	0	0	0
TG	UKBB	EUR	12	66	2702	371.915680646896	0	1	0	0
TG	UKBB	EUR	12	67	1363	208.567236661911	1	4	1	1
TG	UKBB	EUR	12	68	1042	73.6255464553833	0	0	1	12
TG	UKBB	EUR	12	69	2571	467.774909496307	0	0	0	0
TG	UKBB	EUR	12	70	1276	462.063890695572	0	0	2	40
TG	UKBB	EUR	12	71	3196	3511.15096831322	0	1	1	9
TG	UKBB	EUR	12	72	8798	2401.13048744202	0	1	1	21
TG	UKBB	EUR	12	73	2735	323.513788223267	0	0	1	7
TG	UKBB	EUR	12	74	3176	731.993515729904	2	3	2	2
TG	UKBB	EUR	12	75	483	76.967983007431	0	0	2	41
TG	UKBB	EUR	12	76	1705	146.996603012085	0	1	0	0
TG	UKBB	EUR	12	77	1658	157.379235029221	0	0	1	7
TG	UKBB	EUR	12	80	3651	603.737143754959	0	2	1	9
TG	UKBB	EUR	12	88	3642	540.644530534744	0	0	0	0
TG	UKBB	EUR	12	92	4536	1111.34316325188	0	0	0	0
TG	UKBB	EUR	12	94	3594	792.196042060852	0	0	0	0
TG	UKBB	EUR	12	102	1151	117.328414440155	0	0	0	0
TG	UKBB	EUR	12	103	479	5.19572067260742	0	0	1	16
TG	UKBB	EUR	12	104	2913	208.247664213181	0	0	0	0
TG	UKBB	EUR	12	113	2730	274.579747915268	0	1	0	0
TG	UKBB	EUR	12	114	2609	449.732495546341	0	0	0	0
TG	UKBB	EUR	12	117	2783	823.85880112648	0	0	0	0
TG	UKBB	EUR	12	119	5183	822.190488100052	0	2	2	7
TG	UKBB	EUR	12	120	1451	318.17144203186	0	2	1	3
TG	UKBB	EUR	12	121	1977	1267.96866083145	0	0	2	29
TG	UKBB	EUR	12	122	4091	1074.69001364708	0	0	1	48
TG	UKBB	EUR	12	125	2896	379.12441778183	0	0	0	0
TG	UKBB	EUR	12	128	482	22.8266253471375	0	2	1	3
TG	UKBB	EUR	12	132	2496	113.852221488953	0	0	0	0
TG	UKBB	EUR	12	138	4361	988.208132982254	0	0	0	0
TG	UKBB	EUR	12	139	5991	48525.1206271648	2	3	5	56
TG	UKBB	EUR	12	140	1246	896.390627622604	0	1	3	31
TG	UKBB	EUR	12	141	1716	272.591657876968	0	0	0	0
TG	UKBB	EUR	13	8	2407	181.733335733414	0	0	1	11
TG	UKBB	EUR	13	13	1686	206.84569144249	0	0	1	19
TG	UKBB	EUR	13	16	2437	263.780087471008	0	0	0	0
TG	UKBB	EUR	13	20	2317	92.891633272171	0	1	1	2
TG	UKBB	EUR	13	21	3269	1669.32686161995	0	2	2	43
TG	UKBB	EUR	13	36	1868	461.037575244904	0	0	0	0
TG	UKBB	EUR	13	40	1940	367.710025548935	0	0	0	0
TG	UKBB	EUR	13	45	2308	447.281173467636	1	1	1	1
TG	UKBB	EUR	13	47	1482	225.401991844177	0	0	0	0
TG	UKBB	EUR	13	50	4815	7611.48999786377	0	3	3	35
TG	UKBB	EUR	13	53	2636	509.793099403381	0	0	0	0
TG	UKBB	EUR	13	54	8127	1034.8433175087	0	0	0	0
TG	UKBB	EUR	13	55	3625	946.128753423691	0	0	0	0
TG	UKBB	EUR	13	58	4655	1382.99393701553	0	1	0	0
TG	UKBB	EUR	13	60	2887	268.895279407501	0	0	0	0
TG	UKBB	EUR	13	64	1367	237.892255783081	0	1	1	18
TG	UKBB	EUR	13	70	2859	168.523801088333	0	0	0	0
TG	UKBB	EUR	13	72	2175	557.51087641716	0	0	0	0
TG	UKBB	EUR	13	84	1571	59.5534286499023	0	0	1	5
TG	UKBB	EUR	13	88	1072	32.2417714595795	0	1	1	2
TG	UKBB	EUR	13	90	3170	614.518757820129	0	0	0	0
TG	UKBB	EUR	13	95	986	123.389813661575	0	0	0	0
TG	UKBB	EUR	13	96	1106	96.939300775528	0	0	0	0
TG	UKBB	EUR	13	108	675	26.0157294273376	0	0	1	15
TG	UKBB	EUR	13	115	1088	190.295482158661	0	0	0	0
TG	UKBB	EUR	13	118	1840	287.254395961761	0	1	1	2
TG	UKBB	EUR	13	125	2455	2111.97064733505	1	1	3	34
TG	UKBB	EUR	14	11	1081	214.702427625656	0	0	1	14
TG	UKBB	EUR	14	13	603	22.1613967418671	0	1	0	0
TG	UKBB	EUR	14	14	4113	467.300317525864	0	1	0	0
TG	UKBB	EUR	14	19	2883	591.867931127548	0	1	1	21
TG	UKBB	EUR	14	24	1223	239.923667669296	0	0	1	19
TG	UKBB	EUR	14	31	3397	585.356486082077	0	0	0	0
TG	UKBB	EUR	14	35	3439	1468.7523291111	0	0	2	57
TG	UKBB	EUR	14	42	2094	346.469895839691	0	1	0	0
TG	UKBB	EUR	14	44	2165	145.298578023911	0	0	0	0
TG	UKBB	EUR	14	46	1764	174.274657964706	0	1	1	19
TG	UKBB	EUR	14	47	3044	350.525984764099	0	0	0	0
TG	UKBB	EUR	14	51	2665	313.550124883652	0	2	0	0
TG	UKBB	EUR	14	56	1280	170.810451745987	0	1	0	0
TG	UKBB	EUR	14	57	5200	704.298551082611	0	0	0	0
TG	UKBB	EUR	14	63	4175	1152.60465550423	0	0	1	4
TG	UKBB	EUR	14	64	1343	256.62097287178	0	0	0	0
TG	UKBB	EUR	14	66	2406	389.642425298691	0	0	0	0
TG	UKBB	EUR	14	67	2927	935.436214923859	0	1	2	11
TG	UKBB	EUR	14	70	3495	772.60493159294106	0	0	1	45
TG	UKBB	EUR	14	72	4029	560.078167915344	0	1	0	0
TG	UKBB	EUR	14	80	631	23.8556461334229	0	0	1	16
TG	UKBB	EUR	14	81	3573	194.463310956955	0	0	0	0
TG	UKBB	EUR	14	84	1272	103.78475522995	0	1	0	0
TG	UKBB	EUR	14	95	1041	82.042133808136	0	0	1	12
TG	UKBB	EUR	14	96	403	50.3624665737152	0	0	1	28
TG	UKBB	EUR	14	105	1460	200.953307390213	0	1	0	0
TG	UKBB	EUR	14	106	1405	148.246377706528	0	1	0	0
TG	UKBB	EUR	14	120	1063	59.5094428062439	0	0	0	0
TG	UKBB	EUR	14	121	3100	2244.25274181366	0	2	1	2
TG	UKBB	EUR	14	126	3824	432.242323637009	0	0	0	0
TG	UKBB	EUR	14	127	2527	314.544711351395	0	0	1	107
TG	UKBB	EUR	14	129	1548	317.398419618607	0	0	0	0
TG	UKBB	EUR	15	22	3667	363.132255554199	0	1	0	0
TG	UKBB	EUR	15	28	2033	399.697085618973	0	0	1	17
TG	UKBB	EUR	15	34	854	98.5144333839417	0	0	1	7
TG	UKBB	EUR	15	35	2450	568.956534862518	0	2	1	3
TG	UKBB	EUR	15	37	3539	1829.61465191841	0	2	1	39
TG	UKBB	EUR	15	38	3891	688.098818778992	0	1	1	2
TG	UKBB	EUR	15	39	2730	411.402115345001	0	1	0	0
TG	UKBB	EUR	15	41	2876	613.030365467072	0	0	0	0
TG	UKBB	EUR	15	45	6125	1845.67782568932	0	1	1	85
TG	UKBB	EUR	15	48	5474	424.17599773407	0	0	0	0
TG	UKBB	EUR	15	49	629	79.0908541679382	0	0	0	0
TG	UKBB	EUR	15	50	2762	1289.48640298843	0	1	1	3
TG	UKBB	EUR	15	52	1948	786.907158374786	1	1	1	1
TG	UKBB	EUR	15	53	379	72.0865030288696	0	1	1	4
TG	UKBB	EUR	15	54	2118	90.4801692962646	0	1	0	0
TG	UKBB	EUR	15	56	2292	280.540052890778	0	1	1	4
TG	UKBB	EUR	15	59	4708	1173.87321162224	0	0	1	11
TG	UKBB	EUR	15	62	5405	3714.10482645035	0	3	2	20
TG	UKBB	EUR	15	64	1692	352.76087474823	0	0	1	15
TG	UKBB	EUR	15	66	2922	464.393287181854	0	0	1	4
TG	UKBB	EUR	15	71	174	50.2561280727386	0	1	1	3
TG	UKBB	EUR	15	72	1182	211.706789493561	0	0	0	0
TG	UKBB	EUR	15	73	1170	178.527380943298	0	0	1	34
TG	UKBB	EUR	15	85	2159	370.546954393387	0	0	0	0
TG	UKBB	EUR	15	99	448	80.3030240535736	0	0	1	23
TG	UKBB	EUR	15	108	941	145.645517110825	0	0	0	0
TG	UKBB	EUR	15	111	1662	169.647511720657	0	0	0	0
TG	UKBB	EUR	15	117	1024	66.127260684967	0	0	1	5
TG	UKBB	EUR	15	118	683	437.608338356018	0	1	1	2
TG	UKBB	EUR	16	1	2114	700.517759561539	0	1	1	50
TG	UKBB	EUR	16	2	832	456.477295875549	0	1	1	25
TG	UKBB	EUR	16	4	3063	131.727756977081	0	0	1	18
TG	UKBB	EUR	16	5	1219	297.617594480515	0	0	1	29
TG	UKBB	EUR	16	7	1987	339.806980371475	0	0	0	0
TG	UKBB	EUR	16	9	2833	833.123470783234	0	1	1	11
TG	UKBB	EUR	16	17	1031	190.142067670822	0	0	0	0
TG	UKBB	EUR	16	24	1077	113.107681035995	0	0	0	0
TG	UKBB	EUR	16	25	2261	278.844269275665	0	0	0	0
TG	UKBB	EUR	16	33	4212	573.831103801727	0	0	1	21
TG	UKBB	EUR	16	37	3155	497.235334873199	0	1	2	15
TG	UKBB	EUR	16	59	1715	168.538609027863	0	1	2	28
TG	UKBB	EUR	16	62	1701	144.900523662567	0	1	0	0
TG	UKBB	EUR	16	64	708	76.8634438514709	0	0	0	0
TG	UKBB	EUR	16	68	1856	159.610679149628	0	0	0	0
TG	UKBB	EUR	16	75	3049	909.364960670471	0	1	2	7
TG	UKBB	EUR	16	76	2093	327.236283302307	0	0	0	0
TG	UKBB	EUR	16	85	5100	1537.0661303997	0	1	1	16
TG	UKBB	EUR	16	88	5186	1350.2946267128	0	1	0	0
TG	UKBB	EUR	16	89	6554	23325.8314366341	1	4	4	16
TG	UKBB	EUR	16	90	1647	280.134428262711	0	0	0	0
TG	UKBB	EUR	16	93	4930	677.016438961029	0	0	1	71
TG	UKBB	EUR	16	94	5618	1018.81908655167	0	0	0	0
TG	UKBB	EUR	16	100	353	32.4777669906616	1	1	1	1
TG	UKBB	EUR	16	103	6925	1524.64712142944	0	0	0	0
TG	UKBB	EUR	16	104	2096	2501.69815325737	1	3	3	11
TG	UKBB	EUR	16	105	1798	289.768545389175	0	0	0	0
TG	UKBB	EUR	16	107	2431	584.782080411911	0	0	0	0
TG	UKBB	EUR	16	110	1672	279.983899116516	1	1	1	1
TG	UKBB	EUR	16	114	1382	2314.63326597214	2	3	3	8
TG	UKBB	EUR	16	116	1857	350.80402803421	0	0	0	0
TG	UKBB	EUR	16	119	2230	208.213996648788	0	1	0	0
TG	UKBB	EUR	16	125	1690	98.5846695899963	0	0	1	25
TG	UKBB	EUR	16	128	5652	1433.11891341209	0	0	0	0
TG	UKBB	EUR	17	3	1741	97.469854593277	0	0	1	18
TG	UKBB	EUR	17	8	315	22.5475447177887	0	0	0	0
TG	UKBB	EUR	17	9	3239	1932.81942510605	1	4	1	1
TG	UKBB	EUR	17	15	209	2.62030601501465	0	0	0	0
TG	UKBB	EUR	17	16	660	11.198126077652	0	1	1	2
TG	UKBB	EUR	17	17	3158	1223.06771397591	1	4	3	7
TG	UKBB	EUR	17	23	1091	402.53195309639	0	3	2	20
TG	UKBB	EUR	17	24	1967	1306.22157359123	0	2	1	4
TG	UKBB	EUR	17	45	181	9.63325142860413	0	0	0	0
TG	UKBB	EUR	17	51	4038	1553.31370902061	0	0	2	24
TG	UKBB	EUR	17	55	5095	2429.56211662292	1	2	2	10
TG	UKBB	EUR	17	66	388	40.8972024917603	0	0	0	0
TG	UKBB	EUR	17	73	3868	19513.0022957325	2	7	5	14
TG	UKBB	EUR	17	74	4517	5897.30500864983	2	3	2	2
TG	UKBB	EUR	17	75	3529	1201.06422019005	0	1	2	20
TG	UKBB	EUR	17	76	1892	544.564707517624	0	0	1	13
TG	UKBB	EUR	17	79	1691	583.688413619995	0	1	1	4
TG	UKBB	EUR	17	80	2129	400.4718272686	0	0	0	0
TG	UKBB	EUR	17	87	1445	125.077162981033	0	0	0	0
TG	UKBB	EUR	17	90	3692	1052.51232194901	0	0	1	23
TG	UKBB	EUR	17	94	2198	360.632637500763	0	0	0	0
TG	UKBB	EUR	17	97	3142	919.657965898514	0	1	2	15
TG	UKBB	EUR	17	98	1676	82.9434797763824	0	0	0	0
TG	UKBB	EUR	17	99	378	46.4669270515442	0	0	0	0
TG	UKBB	EUR	17	100	1790	577.18954205513	0	0	1	24
TG	UKBB	EUR	17	101	1370	688.151782751083	1	2	1	1
TG	UKBB	EUR	17	102	967	273.394250869751	0	1	1	54
TG	UKBB	EUR	17	103	1225	101.390016317368	0	0	0	0
TG	UKBB	EUR	17	105	2108	220.753304004669	0	0	1	15
TG	UKBB	EUR	17	108	411	15.607759475708	0	1	1	8
TG	UKBB	EUR	17	117	2232	335.057139158249	0	0	1	100
TG	UKBB	EUR	17	118	2099	2785.80133724213	0	0	3	44
TG	UKBB	EUR	17	123	2260	660.07785153389	0	1	1	91
TG	UKBB	EUR	17	125	3100	619.399904489517	0	0	1	6
TG	UKBB	EUR	17	133	1800	284.637108802795	0	0	1	13
TG	UKBB	EUR	18	1	1216	205.713268518448	0	1	1	3
TG	UKBB	EUR	18	6	759	108.240566492081	0	0	0	0
TG	UKBB	EUR	18	7	1978	730.312584400177	1	1	1	1
TG	UKBB	EUR	18	22	722	60.8281180858612	0	0	0	0
TG	UKBB	EUR	18	23	789	106.535487174988	0	0	0	0
TG	UKBB	EUR	18	28	2035	508.631076812744	0	0	0	0
TG	UKBB	EUR	18	39	4130	1289.97797846794	0	0	0	0
TG	UKBB	EUR	18	41	4507	575.551987171173	0	0	1	10
TG	UKBB	EUR	18	42	2994	452.190639257431	0	0	1	20
TG	UKBB	EUR	18	52	2203	525.341894388199	0	0	0	0
TG	UKBB	EUR	18	60	3619	969.004772663116	0	0	0	0
TG	UKBB	EUR	18	61	3308	715.712816953659	0	0	0	0
TG	UKBB	EUR	18	65	3148	788.541300535202	0	0	0	0
TG	UKBB	EUR	18	69	5081	734.005635976791	0	0	0	0
TG	UKBB	EUR	18	74	4920	529.140648841858	0	1	0	0
TG	UKBB	EUR	18	77	704	84.5769956111908	0	1	1	2
TG	UKBB	EUR	18	79	1043	8.27371096611023	0	1	1	2
TG	UKBB	EUR	18	80	1987	341.915015220642	0	2	2	4
TG	UKBB	EUR	18	82	4096	1123.38828587532	0	0	1	43
TG	UKBB	EUR	18	85	3540	677.49220252037	0	0	0	0
TG	UKBB	EUR	18	86	118	22.5254695415497	1	1	1	1
TG	UKBB	EUR	18	87	208	20.350578546524	0	0	0	0
TG	UKBB	EUR	18	120	786	107.589796304703	0	0	0	0
TG	UKBB	EUR	19	1	365	38.4314172267914	0	0	0	0
TG	UKBB	EUR	19	4	526	18.6238181591034	0	1	0	0
TG	UKBB	EUR	19	5	275	2.26322293281555	0	1	1	2
TG	UKBB	EUR	19	6	1489	63.7911610603333	0	0	0	0
TG	UKBB	EUR	19	10	1023	8.26194357872009	0	0	0	0
TG	UKBB	EUR	19	15	721	30.6116778850555	0	0	0	0
TG	UKBB	EUR	19	16	827	105.677941322327	0	0	0	0
TG	UKBB	EUR	19	19	654	160.38473033905	0	2	1	9
TG	UKBB	EUR	19	20	1023	319.197289466858	0	1	0	0
TG	UKBB	EUR	19	21	592	69.9905376434326	0	0	0	0
TG	UKBB	EUR	19	22	2375	422.809417724609	0	3	1	2
TG	UKBB	EUR	19	29	1346	516.842652082443	3	3	4	12
TG	UKBB	EUR	19	30	1210	348.792162179947	1	2	1	1
TG	UKBB	EUR	19	32	1771	1223.52444052696	2	5	4	6
TG	UKBB	EUR	19	33	798	549.103911876678	2	2	3	6
TG	UKBB	EUR	19	34	788	77.902170419693	1	1	1	1
TG	UKBB	EUR	19	35	1813	482.368747711182	0	0	0	0
TG	UKBB	EUR	19	37	2513	1094.7486000061	0	1	2	12
TG	UKBB	EUR	19	38	594	333.628199338913	1	2	3	14
TG	UKBB	EUR	19	39	3423	533.253597259521	0	1	1	27
TG	UKBB	EUR	19	45	746	106.86767411232	0	1	1	9
TG	UKBB	EUR	19	51	1298	156.278173208237	0	0	1	16
TG	UKBB	EUR	19	52	1595	202.347415924072	0	1	0	0
TG	UKBB	EUR	19	53	2969	2365.4140560627	2	3	3	8
TG	UKBB	EUR	19	54	4150	674.567028284073	0	1	1	34
TG	UKBB	EUR	19	62	2983	217.701642274857	0	0	0	0
TG	UKBB	EUR	19	63	1401	1943.98896503448	0	3	3	20
TG	UKBB	EUR	19	64	3838	1396.87086653709	0	2	2	5
TG	UKBB	EUR	19	65	1375	227.614875555038	1	1	2	9
TG	UKBB	EUR	19	67	5766	2990.29715704918	1	1	2	9
TG	UKBB	EUR	19	69	2410	511.27886557579	0	2	1	2
TG	UKBB	EUR	19	70	1811	370.866016864777	0	0	0	0
TG	UKBB	EUR	19	71	318	45.4397585391998	0	2	2	8
TG	UKBB	EUR	19	72	2670	1008.00965714455	1	1	1	1
TG	UKBB	EUR	19	74	2796	4714.43276929855	5	6	7	16
TG	UKBB	EUR	19	75	741	5358.67470550537	5	9	8	11
TG	UKBB	EUR	19	76	2796	23553.0272452831	6	8	9	14
TG	UKBB	EUR	19	77	4929	4444.65048599243	0	1	3	36
TG	UKBB	EUR	19	79	1514	120.404596567154	0	0	0	0
TG	UKBB	EUR	19	80	862	351.082405805588	2	2	2	2
TG	UKBB	EUR	19	81	1997	1417.32805132866	0	1	3	24
TG	UKBB	EUR	19	90	2377	532.883173942566	0	0	0	0
TG	UKBB	EUR	19	93	861	100.434145212173	0	1	0	0
TG	UKBB	EUR	19	98	1051	221.222928285599	1	1	2	11
TG	UKBB	EUR	19	104	1432	297.665409326553	0	1	2	12
TG	UKBB	EUR	19	106	654	81.09543633461	0	0	0	0
TG	UKBB	EUR	19	109	344	24.3174614906311	0	1	1	2
TG	UKBB	EUR	19	110	2769	236.277501583099	0	1	0	0
TG	UKBB	EUR	20	2	1183	257.602379083633	1	1	1	1
TG	UKBB	EUR	20	7	1711	116.22400188446	0	0	1	19
TG	UKBB	EUR	20	18	1274	205.193918943405	0	1	0	0
TG	UKBB	EUR	20	19	353	10.9015648365021	0	0	0	0
TG	UKBB	EUR	20	23	379	25.2904920578003	0	0	0	0
TG	UKBB	EUR	20	34	1984	123.966275215149	0	0	0	0
TG	UKBB	EUR	20	40	1502	274.266037225723	0	1	0	0
TG	UKBB	EUR	20	47	2192	432.517976522446	0	0	0	0
TG	UKBB	EUR	20	48	3821	692.912294864655	0	1	0	0
TG	UKBB	EUR	20	59	3814	3107.34197115898	0	0	2	30
TG	UKBB	EUR	20	60	2344	445.428629636765	0	0	0	0
TG	UKBB	EUR	20	62	2108	408.484532833099	0	0	0	0
TG	UKBB	EUR	20	63	4668	602.769479990005	0	1	1	7
TG	UKBB	EUR	20	64	1406	3137.21413850784	0	1	2	8
TG	UKBB	EUR	20	65	2586	473.680167675018	0	0	1	12
TG	UKBB	EUR	20	68	1074	167.692335605621	0	0	1	29
TG	UKBB	EUR	20	69	2048	198.140205144882	0	0	0	0
TG	UKBB	EUR	20	70	1479	67.0183987617493	1	2	2	16
TG	UKBB	EUR	20	71	2310	409.060227155685	0	2	1	2
TG	UKBB	EUR	20	73	1983	521.209394693375	0	0	2	14
TG	UKBB	EUR	20	84	2485	329.134167432785	0	0	1	113
TG	UKBB	EUR	20	86	1783	223.942127466202	0	0	0	0
TG	UKBB	EUR	20	87	1098	322.11067199707	0	1	1	2
TG	UKBB	EUR	20	91	1749	105.729955673218	0	1	0	0
TG	UKBB	EUR	20	93	3569	990.35040473938	1	3	3	13
TG	UKBB	EUR	20	99	2033	180.77388381958	0	1	1	2
TG	UKBB	EUR	20	115	908	128.378044843674	0	1	1	10
TG	UKBB	EUR	21	2	479	237.405658483505	0	1	2	10
TG	UKBB	EUR	21	4	359	19.8084714412689	0	0	1	9
TG	UKBB	EUR	21	5	1135	176.898177623749	0	0	0	0
TG	UKBB	EUR	21	48	3334	486.953954696655	0	0	1	42
TG	UKBB	EUR	21	53	1511	222.199134349823	0	0	0	0
TG	UKBB	EUR	21	63	1418	175.61852478981	0	0	0	0
TG	UKBB	EUR	21	64	2445	224.808383703232	0	0	0	0
TG	UKBB	EUR	21	65	473	51.8676040172577	0	0	0	0
TG	UKBB	EUR	22	1	1477	117.426294565201	0	0	0	0
TG	UKBB	EUR	22	7	509	55.3441188335419	0	1	0	0
TG	UKBB	EUR	22	13	1002	118.188161373138	0	0	1	24
TG	UKBB	EUR	22	19	1042	84.2686595916748	0	0	1	10
TG	UKBB	EUR	22	29	2419	381.199438095093	0	0	1	5
TG	UKBB	EUR	22	30	7744	1831.4900996685	0	1	1	9
TG	UKBB	EUR	22	37	1956	361.157063007355	0	1	1	2
TG	UKBB	EUR	22	40	1029	23.2571473121643	0	0	1	4
TG	UKBB	EUR	22	43	1862	68.781950235366807	0	1	1	3
TG	UKBB	EUR	22	44	1255	71.9178743362427	0	1	2	14
TG	UKBB	EUR	22	45	1910	132.120754241943	0	0	0	0
TG	UKBB	EUR	22	46	4585	689.972198486328	0	0	0	0
TG	UKBB	EUR	22	49	580	70.6361193656921	0	0	0	0
TG	UKBB	EUR	22	54	1476	96.5707471370697	0	0	0	0
TG	UKBB	EUR	22	56	249	1.53100252151489	0	1	0	0
TG	UKBB	EUR	22	57	978	229.99089550972	0	0	1	13
TG	UKBB	EUR	22	64	978	130.751229047775	0	0	0	0
TG	UKBB	EUR	22	69	1567	370.05794095993	0	1	1	2
TG	UKBB	EUR	22	70	2717	268.861232995987	0	0	1	22
