pheno	db	pid	chromosome	block	num_variants	L	time	num_variants_0.95	num_variants_0.5	num_CS95	num_variants_CS95
TG	UKBB	EUR	1	3	519	5	0.6658616065979	0	0	0	0
TG	UKBB	EUR	1	4	1272	5	18.0821990966797	0	0	0	0
TG	UKBB	EUR	1	5	1955	5	4.18424463272095	0	1	0	0
TG	UKBB	EUR	1	15	2722	5	6.50164675712585	0	0	0	0
TG	UKBB	EUR	1	17	3336	5	10.9023680686951	0	0	0	0
TG	UKBB	EUR	1	18	1456	5	2.79163718223572	0	0	0	0
TG	UKBB	EUR	1	19	2682	5	6.93726634979248	0	0	1	6
TG	UKBB	EUR	1	21	1723	5	3.68257355690002	1	1	1	1
TG	UKBB	EUR	1	23	991	5	1.48559045791626	0	0	0	0
TG	UKBB	EUR	1	32	882	5	1.64321684837341	0	0	0	0
TG	UKBB	EUR	1	35	3113	5	10.2227780818939	0	0	0	0
TG	UKBB	EUR	1	43	877	5	1.64188456535339	0	0	0	0
TG	UKBB	EUR	1	48	1230	5	1.96455526351929	0	0	1	11
TG	UKBB	EUR	1	50	1846	5	3.66931867599487	0	0	0	0
TG	UKBB	EUR	1	51	1248	5	1.97423720359802	0	0	0	0
TG	UKBB	EUR	1	52	3167	5	1297.45151424408	1	1	2	11
TG	UKBB	EUR	1	53	3002	5	6.54090905189514	1	1	1	1
TG	UKBB	EUR	1	58	3184	5	9.55050492286682	0	0	0	0
TG	UKBB	EUR	1	63	2067	5	4.94123530387878	0	0	0	0
TG	UKBB	EUR	1	67	2444	5	5.96100234985352	0	0	0	0
TG	UKBB	EUR	1	70	2539	5	382.705048084259	0	0	3	24
TG	UKBB	EUR	1	71	2477	5	6.71808886528015	0	0	1	12
TG	UKBB	EUR	1	83	2364	5	937.168189287186	0	1	1	4
TG	UKBB	EUR	1	85	1241	5	3.03199577331543	0	0	0	0
TG	UKBB	EUR	1	94	672	5	1.99724197387695	0	0	1	18
TG	UKBB	EUR	1	96	2269	5	578.30247592926	0	1	3	17
TG	UKBB	EUR	1	97	2732	5	10.7169840335846	0	0	1	8
TG	UKBB	EUR	1	100	2126	5	3.90521335601807	0	0	0	0
TG	UKBB	EUR	1	101	2171	5	3.8026909828186	0	0	0	0
TG	UKBB	EUR	1	105	5775	5	156.564092874527	0	0	0	0
TG	UKBB	EUR	1	124	3743	5	2247.74347949028	0	0	0	0
TG	UKBB	EUR	1	125	4461	5	2456.29709863663	0	1	2	61
TG	UKBB	EUR	1	127	2121	5	3.93249654769897	0	0	0	0
TG	UKBB	EUR	1	129	1453	5	15.2562136650085	0	0	1	24
TG	UKBB	EUR	1	132	2551	5	6.14006209373474	0	0	0	0
TG	UKBB	EUR	1	135	3713	5	37.1319127082825	0	0	0	0
TG	UKBB	EUR	1	138	3451	5	18.8717427253723	0	0	0	0
TG	UKBB	EUR	1	139	893	5	2.02771830558777	0	0	1	7
TG	UKBB	EUR	1	143	2200	5	8.34618020057678	0	0	0	0
TG	UKBB	EUR	1	144	1745	5	4.20039224624634	0	0	0	0
TG	UKBB	EUR	1	150	2617	5	1801.02107214928	0	0	2	46
TG	UKBB	EUR	1	154	3923	5	2001.19608926773	0	0	2	63
TG	UKBB	EUR	1	155	1519	5	8.42745304107666	0	0	0	0
TG	UKBB	EUR	1	156	2449	5	6.25879001617432	1	1	1	1
TG	UKBB	EUR	1	158	2612	5	24.196845293045	0	0	0	0
TG	UKBB	EUR	1	168	2959	5	20.5509943962097	0	0	0	0
TG	UKBB	EUR	1	182	3510	5	31.4105389118195	0	0	1	15
TG	UKBB	EUR	1	183	3675	5	33.628112077713	0	0	0	0
TG	UKBB	EUR	1	184	831	5	6.93113088607788	0	0	0	0
TG	UKBB	EUR	1	187	2517	5	6.76464986801147	0	0	1	12
TG	UKBB	EUR	1	192	2751	5	36.1770107746124	0	0	0	0
TG	UKBB	EUR	1	193	3137	5	439.526257038116	1	2	2	2
TG	UKBB	EUR	1	201	2902	5	25.7797868251801	0	0	0	0
TG	UKBB	EUR	1	202	2859	5	19.170786857605	0	0	0	0
TG	UKBB	EUR	1	203	2204	5	573.442617416382	0	0	2	12
TG	UKBB	EUR	1	207	1679	5	8.92485165596008	0	0	0	0
TG	UKBB	EUR	1	208	1974	5	8.73732829093933	0	0	0	0
TG	UKBB	EUR	1	209	779	5	3.20830345153809	1	1	1	1
TG	UKBB	EUR	1	211	1395	5	2.38884043693542	0	1	2	37
TG	UKBB	EUR	1	212	1950	5	22.293778181076	0	0	0	0
TG	UKBB	EUR	1	213	1526	5	1317.44826292992	0	1	1	4
TG	UKBB	EUR	1	214	1369	5	21.9793651103973	0	0	0	0
TG	UKBB	EUR	1	217	1339	5	4.728187084198	0	0	0	0
TG	UKBB	EUR	1	219	2355	5	6.49078774452209	0	0	0	0
TG	UKBB	EUR	1	221	2474	5	8.15265321731567	0	0	0	0
TG	UKBB	EUR	1	226	1266	5	2.4256272315979	0	1	1	4
TG	UKBB	EUR	1	228	1385	5	11.5273144245148	0	0	0	0
TG	UKBB	EUR	1	233	3388	5	2580.62875199318	0	0	1	8
TG	UKBB	EUR	1	234	3910	5	1985.81132483482	0	0	0	0
TG	UKBB	EUR	1	235	2570	5	27.4051463603973	0	0	0	0
TG	UKBB	EUR	1	238	4970	5	128.965414047241	0	0	0	0
TG	UKBB	EUR	1	239	1373	5	6.37973666191101	0	0	0	0
TG	UKBB	EUR	1	240	5176	5	107.554001569748	0	1	2	8
TG	UKBB	EUR	1	242	1335	5	78.6364178657532	1	2	2	13
TG	UKBB	EUR	1	243	1579	10	1376.03786015511	1	5	4	10
TG	UKBB	EUR	1	244	3302	5	37.3966300487518	1	1	1	1
TG	UKBB	EUR	1	248	1887	5	20.423023223877	0	0	0	0
TG	UKBB	EUR	1	252	1273	5	8.96233868598938	0	1	0	0
TG	UKBB	EUR	1	254	2227	5	16.1538641452789	0	0	0	0
TG	UKBB	EUR	1	255	1245	5	3.2730667591095	0	0	0	0
TG	UKBB	EUR	1	257	1437	5	11.4664416313171	0	0	0	0
TG	UKBB	EUR	1	264	1577	5	9.11063599586487	0	1	0	0
TG	UKBB	EUR	1	274	3337	5	42.2473440170288	0	0	0	0
TG	UKBB	EUR	1	277	772	5	1.85475325584412	0	0	0	0
TG	UKBB	EUR	1	280	5116	5	135.66726899147	0	0	0	0
TG	UKBB	EUR	2	1	662	5	15.9109613895416	0	0	0	0
TG	UKBB	EUR	2	2	4187	5	60.5281972885132	0	0	0	0
TG	UKBB	EUR	2	6	1473	5	4.8171603679657	0	1	1	2
TG	UKBB	EUR	2	7	988	5	5.90829563140869	0	0	0	0
TG	UKBB	EUR	2	21	954	5	921.886642694473	0	0	0	0
TG	UKBB	EUR	2	34	3500	5	61.5468134880066	0	0	0	0
TG	UKBB	EUR	2	41	1711	5	18.2118573188782	0	0	1	10
TG	UKBB	EUR	2	43	395	5	5.08623671531677	0	1	0	0
TG	UKBB	EUR	2	44	1682	5	1265.71419835091	0	0	3	29
TG	UKBB	EUR	2	45	3319	5	1812.46804738045	1	1	1	1
TG	UKBB	EUR	2	47	3999	5	1210.73000478745	0	0	0	0
TG	UKBB	EUR	2	48	2422	5	1722.87097835541	0	1	2	6
TG	UKBB	EUR	2	49	3442	5	2660.1180794239	1	1	1	1
TG	UKBB	EUR	2	50	2190	5	33.0847713947296	0	1	0	0
TG	UKBB	EUR	2	55	6312	5	228.384427547455	0	0	0	0
TG	UKBB	EUR	2	63	2391	5	432.597126722336	0	2	2	11
TG	UKBB	EUR	2	66	5511	5	129.68289899826	0	0	0	0
TG	UKBB	EUR	2	69	3001	5	1904.76938033104	0	0	0	0
TG	UKBB	EUR	2	71	2360	5	13.0091681480408	0	1	1	5
TG	UKBB	EUR	2	72	4059	5	80.750746011734	0	0	0	0
TG	UKBB	EUR	2	74	1442	5	13.788293838501	0	0	0	0
TG	UKBB	EUR	2	76	1960	5	23.5404398441315	0	0	0	0
TG	UKBB	EUR	2	79	3819	5	42.8003268241882	0	0	1	3
TG	UKBB	EUR	2	80	6020	5	2431.93875455856	0	0	0	0
TG	UKBB	EUR	2	84	8188	5	482.372792959213	0	0	0	0
TG	UKBB	EUR	2	85	7335	5	1545.41245508194	0	0	0	0
TG	UKBB	EUR	2	86	3201	5	20.3073058128357	0	0	1	10
TG	UKBB	EUR	2	87	1204	5	10.496919631958	0	0	0	0
TG	UKBB	EUR	2	88	9806	5	3330.25675559044	0	0	2	41
TG	UKBB	EUR	2	89	2238	5	766.194929122925	0	0	2	26
TG	UKBB	EUR	2	90	1948	5	6.36470603942871	1	2	2	3
TG	UKBB	EUR	2	95	2031	5	27.5470328330994	0	1	0	0
TG	UKBB	EUR	2	99	2023	5	25.6743280887604	0	1	0	0
TG	UKBB	EUR	2	115	4027	5	65.5471713542938	0	0	0	0
TG	UKBB	EUR	2	117	2259	5	22.17205286026	0	0	0	0
TG	UKBB	EUR	2	122	1826	5	19.2394151687622	0	0	0	0
TG	UKBB	EUR	2	123	300	5	8.47659087181091	1	2	2	4
TG	UKBB	EUR	2	124	2894	5	633.351491451263	0	0	1	18
TG	UKBB	EUR	2	125	2437	5	22.494448184967	0	1	0	0
TG	UKBB	EUR	2	128	4713	5	118.442175388336	0	0	1	14
TG	UKBB	EUR	2	131	133	5	4.09506773948669	1	2	2	3
TG	UKBB	EUR	2	132	527	5	748.473687648773	0	0	1	9
TG	UKBB	EUR	2	138	4108	5	53.0899014472961	0	0	0	0
TG	UKBB	EUR	2	153	3838	5	28.775759935379	0	0	0	0
TG	UKBB	EUR	2	159	5345	5	146.480276584625	0	0	0	0
TG	UKBB	EUR	2	161	4217	5	76.5477139949799	0	0	0	0
TG	UKBB	EUR	2	163	176	5	8.19077229499817	0	1	1	2
TG	UKBB	EUR	2	164	831	5	6.6955041885376	1	1	1	1
TG	UKBB	EUR	2	166	6407	5	1884.46754407883	0	0	2	11
TG	UKBB	EUR	2	168	2662	5	1659.5161652565	1	1	1	1
TG	UKBB	EUR	2	169	2816	5	22.2315928936005	0	1	0	0
TG	UKBB	EUR	2	171	4093	5	424.388833522797	0	1	2	9
TG	UKBB	EUR	2	174	1030	5	11.8969373703003	0	1	0	0
TG	UKBB	EUR	2	176	3802	5	28.1297433376312	0	0	1	19
TG	UKBB	EUR	2	180	2527	5	29.0960962772369	0	2	2	5
TG	UKBB	EUR	2	181	3905	5	40.3056149482727	0	0	0	0
TG	UKBB	EUR	2	184	4853	5	108.170910596848	0	0	0	0
TG	UKBB	EUR	2	186	4201	5	62.1135098934174	0	0	1	3
TG	UKBB	EUR	2	195	6636	5	157.769731760025	0	0	0	0
TG	UKBB	EUR	2	197	3290	5	39.7324175834656	0	0	0	0
TG	UKBB	EUR	2	198	2358	5	98.2438197135925	0	1	0	0
TG	UKBB	EUR	2	199	4033	5	82.4142224788666	0	1	1	17
TG	UKBB	EUR	2	201	3393	5	61.2658317089081	0	0	0	0
TG	UKBB	EUR	2	202	630	5	4.58915400505066	0	0	0	0
TG	UKBB	EUR	2	205	1959	5	18.9999232292175	0	0	0	0
TG	UKBB	EUR	2	210	1913	5	12.6593222618103	0	0	0	0
TG	UKBB	EUR	2	211	3341	5	57.8619182109833	0	0	0	0
TG	UKBB	EUR	2	213	6522	5	213.447866439819	0	0	0	0
TG	UKBB	EUR	2	214	1430	5	10.0144989490509	0	1	1	5
TG	UKBB	EUR	2	217	1519	10	1862.40444946289	0	0	2	59
TG	UKBB	EUR	2	218	1240	5	498.40554356575	2	3	3	4
TG	UKBB	EUR	2	230	1903	5	9.12338137626648	0	0	2	15
TG	UKBB	EUR	2	231	889	5	14.6580855846405	0	0	0	0
TG	UKBB	EUR	2	235	1414	5	1018.00981831551	0	0	2	19
TG	UKBB	EUR	2	237	2714	5	31.7567238807678	0	1	0	0
TG	UKBB	EUR	2	240	2606	5	39.5214068889618	0	0	0	0
TG	UKBB	EUR	2	242	2220	5	18.300544500351	0	0	1	29
TG	UKBB	EUR	2	250	5007	5	101.661193609238	0	0	0	0
TG	UKBB	EUR	2	251	1918	5	10.4814825057983	0	0	0	0
TG	UKBB	EUR	2	256	2602	5	44.2300608158112	0	1	1	5
TG	UKBB	EUR	3	1	10859	5	624.842268705368	0	0	0	0
TG	UKBB	EUR	3	8	964	5	5.44127011299133	0	0	1	10
TG	UKBB	EUR	3	9	901	5	7.72513151168823	0	1	0	0
TG	UKBB	EUR	3	20	3239	5	52.1375803947449	0	0	0	0
TG	UKBB	EUR	3	23	2000	5	18.5470857620239	0	0	0	0
TG	UKBB	EUR	3	24	3325	5	55.6327764987946	1	2	2	8
TG	UKBB	EUR	3	30	3288	5	32.5298345088959	0	0	0	0
TG	UKBB	EUR	3	31	1648	5	13.9638216495514	0	0	0	0
TG	UKBB	EUR	3	33	895	5	10.2776126861572	0	0	0	0
TG	UKBB	EUR	3	35	3388	5	42.3981635570526	0	0	0	0
TG	UKBB	EUR	3	39	4344	5	84.6867060661316	0	0	0	0
TG	UKBB	EUR	3	40	2079	5	12.1422145366669	0	0	0	0
TG	UKBB	EUR	3	41	4293	5	69.1797516345978	1	1	1	1
TG	UKBB	EUR	3	49	4318	5	1138.84552979469	0	0	0	0
TG	UKBB	EUR	3	55	1657	5	17.091860294342	0	0	0	0
TG	UKBB	EUR	3	57	1983	5	22.060399055481	0	0	0	0
TG	UKBB	EUR	3	60	5518	5	114.596581697464	0	0	0	0
TG	UKBB	EUR	3	62	1922	5	25.1929881572723	0	0	0	0
TG	UKBB	EUR	3	65	1376	5	8.40658354759216	0	0	0	0
TG	UKBB	EUR	3	70	2946	5	42.4346280097961	0	0	0	0
TG	UKBB	EUR	3	71	3634	5	23.479551076889	0	0	0	0
TG	UKBB	EUR	3	77	6277	5	124.189999580383	0	1	0	0
TG	UKBB	EUR	3	83	4802	5	86.7570459842682	0	0	0	0
TG	UKBB	EUR	3	85	2014	5	17.580085515976	0	0	1	17
TG	UKBB	EUR	3	88	2964	5	41.0336933135986	0	0	1	22
TG	UKBB	EUR	3	89	3062	5	37.0062861442566	0	0	0	0
TG	UKBB	EUR	3	114	2289	5	23.1966173648834	0	0	0	0
TG	UKBB	EUR	3	115	2769	5	21.5461792945862	0	1	0	0
TG	UKBB	EUR	3	120	2796	5	19.64200091362	0	0	0	0
TG	UKBB	EUR	3	121	3463	5	46.6111345291138	0	0	0	0
TG	UKBB	EUR	3	124	547	5	9.67382526397705	0	0	2	35
TG	UKBB	EUR	3	132	4205	5	47.8065578937531	0	0	0	0
TG	UKBB	EUR	3	133	1998	5	27.4398713111877	0	0	0	0
TG	UKBB	EUR	3	136	1686	5	10.7782716751099	0	0	0	0
TG	UKBB	EUR	3	140	3733	5	66.0743227005005	0	0	1	6
TG	UKBB	EUR	3	145	3409	5	1798.89880847931	0	1	2	41
TG	UKBB	EUR	3	150	3370	5	11.0872404575348	0	0	0	0
TG	UKBB	EUR	3	155	3062	5	34.5911099910736	1	1	1	1
TG	UKBB	EUR	3	161	4110	5	60.1533894538879	0	0	0	0
TG	UKBB	EUR	3	162	4576	5	70.0805008411407	0	0	2	23
TG	UKBB	EUR	3	172	2213	5	22.1311726570129	0	0	1	17
TG	UKBB	EUR	3	173	1410	5	19.1708676815033	0	0	1	9
TG	UKBB	EUR	3	174	886	5	10.0989606380463	0	0	0	0
TG	UKBB	EUR	3	175	1093	5	754.452681064606	0	0	2	9
TG	UKBB	EUR	3	186	4052	5	46.0424909591675	0	1	1	3
TG	UKBB	EUR	3	191	2148	5	27.9837625026703	0	0	0	0
TG	UKBB	EUR	3	193	3397	5	37.1562147140503	0	0	0	0
TG	UKBB	EUR	3	196	784	5	4.94380164146423	0	0	1	10
TG	UKBB	EUR	3	214	3900	5	33.5932655334473	0	0	0	0
TG	UKBB	EUR	4	1	9611	5	4362.80757713318	1	1	1	1
TG	UKBB	EUR	4	4	2479	5	27.1593906879425	1	1	1	1
TG	UKBB	EUR	4	19	1634	5	15.4664971828461	0	0	0	0
TG	UKBB	EUR	4	21	5116	5	112.950332641602	0	0	0	0
TG	UKBB	EUR	4	28	2760	5	58.3801074028015	0	0	1	10
TG	UKBB	EUR	4	32	3706	5	49.6067168712616	0	0	1	13
TG	UKBB	EUR	4	42	522	5	11.5077309608459	1	2	2	5
TG	UKBB	EUR	4	43	1712	5	9.93586158752441	0	0	1	49
TG	UKBB	EUR	4	48	3101	5	25.3557567596436	0	0	0	0
TG	UKBB	EUR	4	54	7097	5	186.628509759903	0	0	0	0
TG	UKBB	EUR	4	55	2591	5	31.7992238998413	0	0	1	16
TG	UKBB	EUR	4	64	4838	5	667.722720861435	0	0	0	0
TG	UKBB	EUR	4	66	2430	5	38.0801603794098	0	0	1	29
TG	UKBB	EUR	4	74	3052	5	33.3500511646271	0	1	0	0
TG	UKBB	EUR	4	80	3407	5	1814.73280334473	0	0	0	0
TG	UKBB	EUR	4	82	1265	5	4.79572081565857	0	0	1	4
TG	UKBB	EUR	4	84	2895	5	9.56523633003235	0	1	1	4
TG	UKBB	EUR	4	87	4476	5	1803.59034657478	0	0	1	10
TG	UKBB	EUR	4	90	2907	5	38.0907773971558	0	1	0	0
TG	UKBB	EUR	4	95	1164	5	6.44810175895691	0	0	0	0
TG	UKBB	EUR	4	97	1730	5	18.5477406978607	0	0	0	0
TG	UKBB	EUR	4	101	3592	5	2349.32460951805	0	1	1	2
TG	UKBB	EUR	4	102	2087	5	15.2501449584961	0	1	0	0
TG	UKBB	EUR	4	103	1547	5	1308.77216792107	0	0	1	11
TG	UKBB	EUR	4	109	1453	5	9.57014417648315	0	0	0	0
TG	UKBB	EUR	4	112	4879	5	91.4220893383026	0	0	0	0
TG	UKBB	EUR	4	113	3917	5	59.4749636650085	1	1	2	29
TG	UKBB	EUR	4	114	3535	5	30.5828094482422	0	0	0	0
TG	UKBB	EUR	4	115	1507	5	11.5817441940308	1	1	1	1
TG	UKBB	EUR	4	116	2670	5	24.8253834247589	0	0	0	0
TG	UKBB	EUR	4	117	3436	5	26.5778379440308	0	0	0	0
TG	UKBB	EUR	4	121	2432	5	10.1832790374756	0	2	2	7
TG	UKBB	EUR	4	122	1057	5	9.91704511642456	0	1	1	2
TG	UKBB	EUR	4	133	3262	5	31.28657746315	0	0	0	0
TG	UKBB	EUR	4	134	5243	5	169.382268190384	0	0	2	29
TG	UKBB	EUR	4	136	4782	5	1493.86463856697	0	0	0	0
TG	UKBB	EUR	4	139	5252	5	91.6292526721954	0	0	0	0
TG	UKBB	EUR	4	147	1413	5	12.0391252040863	0	0	0	0
TG	UKBB	EUR	4	148	1994	5	26.960595369339	0	0	0	0
TG	UKBB	EUR	4	149	2832	5	24.1416251659393	0	0	0	0
TG	UKBB	EUR	4	150	2944	5	15.8729753494263	0	0	0	0
TG	UKBB	EUR	4	153	3190	5	36.0946273803711	0	1	0	0
TG	UKBB	EUR	4	154	1248	5	9.49644613265991	0	0	0	0
TG	UKBB	EUR	4	156	4554	5	99.7973222732544	0	0	0	0
TG	UKBB	EUR	4	159	1297	5	5.16776299476624	0	1	1	2
TG	UKBB	EUR	4	161	1242	5	8.15118646621704	1	1	1	1
TG	UKBB	EUR	4	162	2258	5	14.1402270793915	1	1	1	1
TG	UKBB	EUR	4	165	2403	5	16.4747581481934	0	0	1	31
TG	UKBB	EUR	4	180	3178	5	39.5750284194946	0	0	0	0
TG	UKBB	EUR	4	184	1574	5	10.6869928836823	0	0	0	0
TG	UKBB	EUR	4	199	688	5	9.22552561759949	0	0	0	0
TG	UKBB	EUR	5	27	5265	5	79.017557144165	0	0	0	0
TG	UKBB	EUR	5	33	1833	5	4.63724756240845	0	0	0	0
TG	UKBB	EUR	5	49	874	5	6.39593529701233	0	0	0	0
TG	UKBB	EUR	5	64	3935	5	2283.21723794937	0	0	2	25
TG	UKBB	EUR	5	66	2566	5	29.6204943656921	0	0	0	0
TG	UKBB	EUR	5	68	961	5	567.409811735153	1	3	2	5
TG	UKBB	EUR	5	69	1350	5	730.853981971741	1	3	4	47
TG	UKBB	EUR	5	71	4163	5	103.551294565201	0	0	1	10
TG	UKBB	EUR	5	72	4533	5	95.1216652393341	0	0	0	0
TG	UKBB	EUR	5	74	6052	5	123.81197476387	0	0	0	0
TG	UKBB	EUR	5	78	1140	5	11.7098481655121	1	1	1	1
TG	UKBB	EUR	5	81	2404	5	1464.89501833916	0	0	1	25
TG	UKBB	EUR	5	85	3348	5	34.224315404892	0	1	0	0
TG	UKBB	EUR	5	88	1439	5	1555.207508564	0	0	0	0
TG	UKBB	EUR	5	92	2098	5	7.64484691619873	0	0	1	58
TG	UKBB	EUR	5	96	3344	5	36.0516798496246	0	0	0	0
TG	UKBB	EUR	5	97	2010	5	7.5772488117218	0	1	1	2
TG	UKBB	EUR	5	102	4502	5	127.015679597855	0	0	0	0
TG	UKBB	EUR	5	103	2797	5	39.4059522151947	0	1	1	4
TG	UKBB	EUR	5	108	1354	5	13.0510652065277	0	0	0	0
TG	UKBB	EUR	5	109	1728	5	4.71240329742432	2	2	2	2
TG	UKBB	EUR	5	111	3868	5	60.5636398792267	0	0	0	0
TG	UKBB	EUR	5	114	9397	5	435.076537132263	0	0	1	15
TG	UKBB	EUR	5	116	3895	5	55.31862449646	0	0	0	0
TG	UKBB	EUR	5	120	3836	5	62.8232476711273	0	0	0	0
TG	UKBB	EUR	5	127	5530	5	159.674247503281	0	0	1	5
TG	UKBB	EUR	5	130	4173	5	44.5641300678253	0	0	0	0
TG	UKBB	EUR	5	136	3883	5	63.5849282741547	0	0	0	0
TG	UKBB	EUR	5	142	2788	5	30.5817902088165	0	1	0	0
TG	UKBB	EUR	5	145	4905	5	62.9218730926514	0	0	0	0
TG	UKBB	EUR	5	146	4108	5	84.586320400238	0	0	2	26
TG	UKBB	EUR	5	147	1747	5	5.40064215660095	0	0	0	0
TG	UKBB	EUR	5	152	4797	5	1427.83349132538	0	0	2	14
TG	UKBB	EUR	5	156	2118	5	18.4259955883026	0	0	0	0
TG	UKBB	EUR	5	158	1968	5	16.8675031661987	0	0	0	0
TG	UKBB	EUR	5	159	429	5	3.83968663215637	0	0	0	0
TG	UKBB	EUR	5	164	2111	5	24.5966250896454	0	0	1	9
TG	UKBB	EUR	5	166	3309	5	1881.78928208351	0	0	3	91
TG	UKBB	EUR	5	167	2437	5	14.2589974403381	0	0	0	0
TG	UKBB	EUR	5	168	3072	5	1240.4718067646	0	1	3	40
TG	UKBB	EUR	5	174	2941	5	826.607689619064	0	0	0	0
TG	UKBB	EUR	5	177	2409	5	1405.74970078468	0	1	2	22
TG	UKBB	EUR	5	181	978	5	4.7480161190033	0	0	0	0
TG	UKBB	EUR	5	182	1204	5	8.97286057472229	0	0	1	5
TG	UKBB	EUR	5	191	4312	5	24.3009948730469	0	0	0	0
TG	UKBB	EUR	5	192	547	5	13.0415050983429	0	0	0	0
TG	UKBB	EUR	5	193	956	5	4.66675448417664	0	0	0	0
TG	UKBB	EUR	5	194	1211	5	6.83821558952332	0	0	1	8
TG	UKBB	EUR	5	202	1875	5	18.5475220680237	0	0	1	14
TG	UKBB	EUR	5	205	1486	5	8.00390291213989	0	0	1	29
TG	UKBB	EUR	6	3	609	5	11.2849881649017	0	0	0	0
TG	UKBB	EUR	6	19	2621	5	32.6872909069061	0	0	0	0
TG	UKBB	EUR	6	21	1776	5	13.3887138366699	0	0	0	0
TG	UKBB	EUR	6	27	1539	5	10.4730839729309	0	0	2	17
TG	UKBB	EUR	6	29	2476	5	23.5171365737915	0	0	0	0
TG	UKBB	EUR	6	32	875	5	5.10595321655273	0	0	0	0
TG	UKBB	EUR	6	39	4562	5	97.6393167972565	0	0	0	0
TG	UKBB	EUR	6	43	2932	5	511.276191949844	0	0	3	29
TG	UKBB	EUR	6	46	250	5	4.60989212989807	0	0	0	0
TG	UKBB	EUR	6	47	3739	5	12.2589416503906	0	0	0	0
TG	UKBB	EUR	6	51	5667	5	2211.31010603905	0	1	1	6
TG	UKBB	EUR	6	52	1798	5	10.0175971984863	0	0	0	0
TG	UKBB	EUR	6	53	1636	5	596.474308490753	0	1	0	0
TG	UKBB	EUR	6	56	1765	5	18.091903924942	0	0	0	0
TG	UKBB	EUR	6	57	1787	5	5.51501727104187	0	0	0	0
TG	UKBB	EUR	6	58	3089	5	44.4131598472595	0	0	0	0
TG	UKBB	EUR	6	60	1692	5	7.62510538101196	0	0	0	0
TG	UKBB	EUR	6	63	2663	5	844.15127491951	1	2	4	32
TG	UKBB	EUR	6	64	292	5	397.717520236969	1	1	2	10
TG	UKBB	EUR	6	73	444	5	5.11888957023621	0	0	1	9
TG	UKBB	EUR	6	74	1493	5	10.9556589126587	0	0	0	0
TG	UKBB	EUR	6	75	420	5	6.19531011581421	0	0	2	14
TG	UKBB	EUR	6	76	4915	5	111.54648900032	0	0	0	0
TG	UKBB	EUR	6	81	6321	5	127.011453390121	0	1	1	3
TG	UKBB	EUR	6	88	8269	5	356.073005437851	0	0	0	0
TG	UKBB	EUR	6	94	4181	5	84.4889850616455	0	0	0	0
TG	UKBB	EUR	6	97	2713	5	39.9293358325958	0	0	1	32
TG	UKBB	EUR	6	98	3389	5	58.4873883724213	0	0	0	0
TG	UKBB	EUR	6	99	3652	5	43.7668631076813	0	0	0	0
TG	UKBB	EUR	6	100	66	5	4.8736469745636	0	0	0	0
TG	UKBB	EUR	6	105	2838	5	34.3709161281586	0	1	1	3
TG	UKBB	EUR	6	106	2228	5	8.76901650428772	0	0	1	10
TG	UKBB	EUR	6	108	883	5	4.70522785186768	0	0	0	0
TG	UKBB	EUR	6	109	2373	5	1078.42536854744	0	0	3	124
TG	UKBB	EUR	6	111	1740	5	21.72225522995	0	0	0	0
TG	UKBB	EUR	6	112	2789	5	23.5173320770264	0	1	2	14
TG	UKBB	EUR	6	116	3881	5	38.1640553474426	0	0	0	0
TG	UKBB	EUR	6	124	4264	5	2238.94133329391	0	1	1	2
TG	UKBB	EUR	6	125	2720	5	33.8962633609772	0	0	0	0
TG	UKBB	EUR	6	127	2160	5	8.35041785240173	0	0	1	6
TG	UKBB	EUR	6	130	3633	5	38.5592453479767	0	0	1	8
TG	UKBB	EUR	6	140	1867	5	8.50968074798584	0	0	0	0
TG	UKBB	EUR	6	143	67	5	3.376788854599	1	3	2	3
TG	UKBB	EUR	6	146	1464	5	7.39119553565979	0	0	0	0
TG	UKBB	EUR	6	149	4073	5	35.4188907146454	0	0	0	0
TG	UKBB	EUR	6	154	2070	5	17.4394614696503	0	0	0	0
TG	UKBB	EUR	6	157	1332	5	6.47115087509155	0	0	0	0
TG	UKBB	EUR	6	158	2348	5	12.4007318019867	0	0	0	0
TG	UKBB	EUR	6	160	2988	5	1326.06721186638	0	0	1	11
TG	UKBB	EUR	6	161	2374	5	29.3900866508484	0	0	0	0
TG	UKBB	EUR	6	169	5971	5	2650.53793048859	1	1	3	23
TG	UKBB	EUR	6	173	2977	5	122.967346429825	1	2	2	5
TG	UKBB	EUR	6	175	1849	5	10.5016980171204	0	0	1	4
TG	UKBB	EUR	6	178	1000	5	8.48249864578247	0	0	1	9
TG	UKBB	EUR	6	179	1713	5	12.432384967804	0	0	0	0
TG	UKBB	EUR	6	182	2247	5	17.3981003761292	0	0	0	0
TG	UKBB	EUR	7	3	2288	5	24.7469673156738	0	0	0	0
TG	UKBB	EUR	7	8	5747	5	87.0884582996368	0	0	0	0
TG	UKBB	EUR	7	11	2671	5	31.5912117958069	0	0	1	19
TG	UKBB	EUR	7	12	4752	5	63.3726325035095	0	1	1	2
TG	UKBB	EUR	7	13	1870	5	15.8765115737915	0	0	1	19
TG	UKBB	EUR	7	25	3868	5	67.8907821178436	0	0	0	0
TG	UKBB	EUR	7	26	3762	5	61.2036554813385	0	0	0	0
TG	UKBB	EUR	7	29	2750	5	31.675585269928	0	0	0	0
TG	UKBB	EUR	7	30	2949	5	42.4648897647858	0	0	0	0
TG	UKBB	EUR	7	31	2743	5	866.771137475967	0	1	2	19
TG	UKBB	EUR	7	32	3198	5	1802.78078818321	0	1	1	3
TG	UKBB	EUR	7	33	4010	5	50.6334969997406	0	0	1	6
TG	UKBB	EUR	7	35	3364	5	28.0701470375061	0	0	0	0
TG	UKBB	EUR	7	37	3474	5	47.8931052684784	0	0	0	0
TG	UKBB	EUR	7	41	3054	5	45.9018547534943	0	0	0	0
TG	UKBB	EUR	7	42	3107	5	2036.6778614521	1	1	3	11
TG	UKBB	EUR	7	43	4068	5	56.3399388790131	0	1	0	0
TG	UKBB	EUR	7	44	577	5	6.54707717895508	0	1	1	3
TG	UKBB	EUR	7	45	1329	5	15.8911120891571	0	0	0	0
TG	UKBB	EUR	7	48	648	5	7.42364549636841	0	1	1	3
TG	UKBB	EUR	7	50	2107	5	15.9166791439056	0	1	1	3
TG	UKBB	EUR	7	54	3176	5	25.8276817798615	0	0	0	0
TG	UKBB	EUR	7	58	3099	5	16.7258772850037	0	0	1	12
TG	UKBB	EUR	7	64	251	5	6.27642178535461	0	1	1	11
TG	UKBB	EUR	7	66	1421	5	4.78189730644226	0	0	0	0
TG	UKBB	EUR	7	67	7599	5	190.402225971222	0	2	3	34
TG	UKBB	EUR	7	69	2056	5	11.3093152046204	0	0	0	0
TG	UKBB	EUR	7	73	1059	5	10.0459916591644	0	1	1	4
TG	UKBB	EUR	7	74	1381	5	15.6676893234253	0	0	0	0
TG	UKBB	EUR	7	85	3525	5	2271.57276749611	1	1	1	1
TG	UKBB	EUR	7	86	1224	5	9.2144877910614	1	4	3	5
TG	UKBB	EUR	7	87	387	5	4.30825161933899	0	1	2	16
TG	UKBB	EUR	7	88	4002	5	589.057401180267	1	2	3	32
TG	UKBB	EUR	7	93	1278	5	6.62407183647156	0	0	0	0
TG	UKBB	EUR	7	95	1944	5	7.13712430000305	0	0	0	0
TG	UKBB	EUR	7	103	2428	5	30.2757034301758	0	0	0	0
TG	UKBB	EUR	7	109	2276	5	27.2014811038971	0	0	0	0
TG	UKBB	EUR	7	114	4823	5	94.1636810302734	0	0	0	0
TG	UKBB	EUR	7	118	1231	5	12.0454890727997	0	0	0	0
TG	UKBB	EUR	7	119	2161	5	780.729181051254	0	0	0	0
TG	UKBB	EUR	7	120	389	5	7.3213906288147	0	0	0	0
TG	UKBB	EUR	7	121	5335	5	62.8576812744141	0	0	0	0
TG	UKBB	EUR	7	125	3373	5	32.7410972118378	0	0	0	0
TG	UKBB	EUR	7	127	979	5	11.4788315296173	0	0	1	17
TG	UKBB	EUR	7	128	1024	5	3.90012693405151	0	1	0	0
TG	UKBB	EUR	7	132	5918	5	154.075759410858	0	0	0	0
TG	UKBB	EUR	7	133	5936	5	1975.06071186066	0	1	1	4
TG	UKBB	EUR	7	143	1038	5	8.53636503219604	0	0	0	0
TG	UKBB	EUR	7	145	2029	5	20.6963548660278	0	0	0	0
TG	UKBB	EUR	7	147	1382	5	13.2117285728455	0	0	0	0
TG	UKBB	EUR	7	148	1696	5	14.2909300327301	1	1	1	1
TG	UKBB	EUR	7	161	729	5	8.20533347129822	0	0	0	0
TG	UKBB	EUR	7	162	5311	5	2030.62378644943	0	0	2	49
TG	UKBB	EUR	7	169	603	5	4.87727475166321	0	0	0	0
TG	UKBB	EUR	7	177	1028	5	14.2225196361542	0	0	0	0
TG	UKBB	EUR	7	184	2626	5	28.6645591259003	0	0	0	0
TG	UKBB	EUR	8	13	998	5	5.7644989490509	0	0	0	0
TG	UKBB	EUR	8	17	2980	5	53.0425305366516	0	0	0	0
TG	UKBB	EUR	8	20	2472	5	29.4787986278534	0	0	0	0
TG	UKBB	EUR	8	21	2717	5	32.5777072906494	0	0	0	0
TG	UKBB	EUR	8	24	5332	5	109.225005149841	0	0	0	0
TG	UKBB	EUR	8	27	2064	5	7.79821395874023	0	0	0	0
TG	UKBB	EUR	8	28	1257	5	11.0541524887085	0	0	0	0
TG	UKBB	EUR	8	29	5282	5	2997.71116638184	0	1	1	2
TG	UKBB	EUR	8	31	666	5	8.13215708732605	0	0	0	0
TG	UKBB	EUR	8	32	3679	5	2197.14633440971	0	1	1	2
TG	UKBB	EUR	8	33	3069	5	1658.47687745094	0	1	4	60
TG	UKBB	EUR	8	34	1620	5	5.99410223960876	0	0	0	0
TG	UKBB	EUR	8	35	1388	5	8.87027287483215	0	0	0	0
TG	UKBB	EUR	8	38	1220	5	752.316749095917	0	0	0	0
TG	UKBB	EUR	8	39	2287	5	41.422956943512	0	0	0	0
TG	UKBB	EUR	8	40	2922	5	45.4530687332153	0	0	1	10
TG	UKBB	EUR	8	41	1929	5	20.1826558113098	1	1	1	1
TG	UKBB	EUR	8	42	3825	5	83.2921636104584	0	0	0	0
TG	UKBB	EUR	8	46	1150	5	6.99355959892273	0	0	0	0
TG	UKBB	EUR	8	48	2716	5	1368.62219548225	0	0	0	0
TG	UKBB	EUR	8	51	4201	5	61.938084602356	0	0	0	0
TG	UKBB	EUR	8	53	2406	5	34.5960173606873	0	0	1	7
TG	UKBB	EUR	8	54	904	5	6.42981052398682	0	0	1	8
TG	UKBB	EUR	8	55	2225	5	24.2778418064117	0	0	1	9
TG	UKBB	EUR	8	65	1811	5	16.894439458847	0	0	1	8
TG	UKBB	EUR	8	66	3812	5	68.6340746879578	0	0	1	27
TG	UKBB	EUR	8	68	2401	5	31.9805488586426	0	1	2	16
TG	UKBB	EUR	8	69	4795	5	102.688892602921	0	0	0	0
TG	UKBB	EUR	8	71	3182	5	28.4759826660156	0	0	1	35
TG	UKBB	EUR	8	77	2896	5	23.8356366157532	0	1	2	58
TG	UKBB	EUR	8	78	639	5	10.1117370128632	0	0	2	14
TG	UKBB	EUR	8	80	1348	5	12.4302363395691	0	0	0	0
TG	UKBB	EUR	8	83	4786	5	81.7503161430359	0	0	0	0
TG	UKBB	EUR	8	84	6679	5	215.091886043549	0	0	0	0
TG	UKBB	EUR	8	85	2550	5	21.9316964149475	0	0	0	0
TG	UKBB	EUR	8	86	567	5	9.62031841278076	0	0	0	0
TG	UKBB	EUR	8	88	3251	5	28.5159769058228	0	1	1	2
TG	UKBB	EUR	8	92	3311	5	28.9118571281433	0	0	0	0
TG	UKBB	EUR	8	107	1042	5	8.47550296783447	0	0	0	0
TG	UKBB	EUR	8	108	5083	5	1503.96316599846	0	0	2	33
TG	UKBB	EUR	8	113	2167	5	1086.20678472519	0	0	2	22
TG	UKBB	EUR	8	114	1777	5	20.7590126991272	0	0	1	5
TG	UKBB	EUR	8	124	1811	5	25.5277180671692	0	1	1	2
TG	UKBB	EUR	8	125	811	5	1078.39699816704	1	1	1	1
TG	UKBB	EUR	8	126	304	5	328.139960765839	1	2	2	3
TG	UKBB	EUR	8	130	1634	5	21.1265299320221	0	0	0	0
TG	UKBB	EUR	8	133	2575	5	38.0891897678375	0	0	0	0
TG	UKBB	EUR	8	141	1881	5	9.67098522186279	0	0	0	0
TG	UKBB	EUR	8	154	1818	5	242.46426653862	0	0	0	0
TG	UKBB	EUR	8	159	2186	5	8.2166919708252	0	0	1	14
TG	UKBB	EUR	9	1	4405	5	1309.75261616707	0	0	0	0
TG	UKBB	EUR	9	4	2653	5	10.3919446468353	0	0	0	0
TG	UKBB	EUR	9	9	1912	5	19.4850945472717	0	0	0	0
TG	UKBB	EUR	9	13	4349	5	47.669367313385	0	0	0	0
TG	UKBB	EUR	9	27	6921	5	160.931907653809	0	0	1	20
TG	UKBB	EUR	9	28	2167	5	13.8753252029419	0	0	1	8
TG	UKBB	EUR	9	31	3692	5	66.0012698173523	0	1	1	2
TG	UKBB	EUR	9	32	1463	5	17.4306697845459	0	0	0	0
TG	UKBB	EUR	9	33	2492	5	36.0119934082031	0	0	1	17
TG	UKBB	EUR	9	39	1083	5	6.25615954399109	0	0	0	0
TG	UKBB	EUR	9	41	489	5	3.97683048248291	0	0	0	0
TG	UKBB	EUR	9	48	609	5	6.35490417480469	0	0	1	10
TG	UKBB	EUR	9	50	3621	5	50.4774851799011	0	0	1	12
TG	UKBB	EUR	9	53	4664	5	92.6908791065216	0	0	0	0
TG	UKBB	EUR	9	71	362	5	5.60494446754456	0	0	0	0
TG	UKBB	EUR	9	72	796	5	7.37736105918884	0	0	0	0
TG	UKBB	EUR	9	77	1591	5	3.62726426124573	1	1	1	1
TG	UKBB	EUR	9	84	2356	5	7.79830765724182	0	0	1	14
TG	UKBB	EUR	9	93	3017	5	2077.90766382217	0	0	0	0
TG	UKBB	EUR	9	97	1351	5	12.8189165592194	0	0	0	0
TG	UKBB	EUR	9	98	3876	5	41.6772298812866	0	0	1	18
TG	UKBB	EUR	9	100	3508	5	62.297266960144	0	0	0	0
TG	UKBB	EUR	9	102	3575	5	46.86474609375	0	0	0	0
TG	UKBB	EUR	9	105	807	5	6.77831721305847	0	0	0	0
TG	UKBB	EUR	9	106	3517	5	33.8708946704865	1	1	1	1
TG	UKBB	EUR	9	107	913	5	8.61218285560608	0	0	0	0
TG	UKBB	EUR	9	110	4301	5	89.8729674816132	0	0	0	0
TG	UKBB	EUR	9	111	187	5	3.9519350528717	0	1	2	5
TG	UKBB	EUR	9	112	4165	5	80.6559801101685	0	0	0	0
TG	UKBB	EUR	9	114	1494	5	13.5642285346985	0	0	0	0
TG	UKBB	EUR	9	115	4314	5	65.7751843929291	0	0	0	0
TG	UKBB	EUR	9	116	2266	5	1429.76390266418	0	0	1	7
TG	UKBB	EUR	9	118	5128	5	106.150908946991	0	0	0	0
TG	UKBB	EUR	9	124	1974	5	14.9722948074341	0	1	0	0
TG	UKBB	EUR	9	128	203	5	5.63190889358521	0	1	1	6
TG	UKBB	EUR	9	129	2851	5	52.7054002285004	0	0	0	0
TG	UKBB	EUR	9	134	4836	5	41.7469599246979	0	0	1	40
TG	UKBB	EUR	9	135	2197	5	27.7740895748138	0	0	0	0
TG	UKBB	EUR	9	136	2367	5	27.7889626026154	0	0	0	0
TG	UKBB	EUR	9	138	3720	5	13.1126925945282	0	0	0	0
TG	UKBB	EUR	9	140	5133	5	65.4198157787323	0	0	1	5
TG	UKBB	EUR	9	142	1755	5	14.3829863071442	0	0	0	0
TG	UKBB	EUR	9	149	1801	5	119.332669734955	0	1	1	2
TG	UKBB	EUR	9	160	843	5	9.7460470199585	0	0	0	0
TG	UKBB	EUR	9	161	881	5	12.6865253448486	0	0	1	28
TG	UKBB	EUR	10	13	2260	5	16.0980534553528	0	0	1	12
TG	UKBB	EUR	10	14	3234	5	33.8422939777374	0	0	0	0
TG	UKBB	EUR	10	20	132	5	4.90125560760498	0	1	1	1
TG	UKBB	EUR	10	22	2667	5	18.4167592525482	0	0	0	0
TG	UKBB	EUR	10	26	3158	5	27.3794994354248	0	0	0	0
TG	UKBB	EUR	10	34	973	5	7.20890736579895	0	0	0	0
TG	UKBB	EUR	10	43	2275	5	30.7892417907715	0	0	1	7
TG	UKBB	EUR	10	44	1308	5	5.14729237556458	0	0	0	0
TG	UKBB	EUR	10	45	3430	5	23.9243218898773	0	0	0	0
TG	UKBB	EUR	10	48	3991	5	43.9697704315186	0	0	0	0
TG	UKBB	EUR	10	49	2549	5	24.6033403873444	0	0	0	0
TG	UKBB	EUR	10	59	1871	5	20.9352729320526	0	0	0	0
TG	UKBB	EUR	10	60	4074	5	785.590261697769	0	0	2	27
TG	UKBB	EUR	10	61	1565	5	9.51539754867554	1	2	2	10
TG	UKBB	EUR	10	64	668	5	10.902125120163	0	0	0	0
TG	UKBB	EUR	10	70	3208	5	1374.6335747242	1	1	2	6
TG	UKBB	EUR	10	76	6048	5	81.4519791603088	0	0	1	30
TG	UKBB	EUR	10	78	1652	5	12.9383008480072	1	1	2	48
TG	UKBB	EUR	10	79	3459	5	58.0406575202942	0	1	2	6
TG	UKBB	EUR	10	80	3671	5	45.6779251098633	0	0	2	10
TG	UKBB	EUR	10	81	3734	5	46.5681164264679	0	0	1	10
TG	UKBB	EUR	10	84	5207	5	119.138369560242	0	0	0	0
TG	UKBB	EUR	10	85	1043	5	4.35631513595581	0	0	0	0
TG	UKBB	EUR	10	92	4942	5	2569.20585298538	0	1	0	0
TG	UKBB	EUR	10	93	1019	5	236.445954561234	0	0	1	16
TG	UKBB	EUR	10	99	254	5	6.06959772109985	0	0	0	0
TG	UKBB	EUR	10	100	1061	5	4.54747676849365	0	0	0	0
TG	UKBB	EUR	10	109	3228	5	27.2422354221344	0	0	0	0
TG	UKBB	EUR	10	110	1116	5	315.901210784912	0	0	0	0
TG	UKBB	EUR	10	111	1918	5	10.7843680381775	0	1	0	0
TG	UKBB	EUR	10	112	802	5	7.03368973731995	0	0	0	0
TG	UKBB	EUR	10	117	4254	10	4653.9600777626	0	2	5	43
TG	UKBB	EUR	10	120	3095	5	44.631959438324	0	1	0	0
TG	UKBB	EUR	10	123	2840	5	31.0110359191895	0	0	0	0
TG	UKBB	EUR	10	124	818	5	5.38364672660828	0	0	1	5
TG	UKBB	EUR	10	126	3515	5	43.447244644165	0	0	1	21
TG	UKBB	EUR	10	129	4659	5	60.1299576759338	0	0	0	0
TG	UKBB	EUR	10	131	3980	5	49.5235579013824	0	0	0	0
TG	UKBB	EUR	10	136	5224	5	66.8142895698547	0	0	0	0
TG	UKBB	EUR	10	137	3617	5	1081.41489720345	0	1	2	19
TG	UKBB	EUR	10	138	695	5	11.8996858596802	1	1	2	5
TG	UKBB	EUR	10	140	909	5	6.05947685241699	0	0	0	0
TG	UKBB	EUR	10	142	1169	5	1262.81843352318	0	0	1	4
TG	UKBB	EUR	10	144	1408	5	5.10538721084595	0	0	0	0
TG	UKBB	EUR	10	145	1376	5	16.0253624916077	0	0	0	0
TG	UKBB	EUR	10	148	2385	5	94.2322266101837	0	1	0	0
TG	UKBB	EUR	10	152	2103	5	19.809445142746	0	0	1	16
TG	UKBB	EUR	10	167	586	5	4.28624582290649	0	0	0	0
TG	UKBB	EUR	10	176	2995	5	53.9587233066559	0	1	1	3
TG	UKBB	EUR	10	177	1562	5	18.8372144699097	0	1	0	0
TG	UKBB	EUR	11	2	2416	5	15.8018889427185	0	0	0	0
TG	UKBB	EUR	11	4	1583	5	1679.425801754	0	0	0	0
TG	UKBB	EUR	11	7	1391	5	476.786658287048	0	0	0	0
TG	UKBB	EUR	11	11	2955	5	41.3391983509064	0	0	0	0
TG	UKBB	EUR	11	14	2329	5	12.1413066387177	0	0	0	0
TG	UKBB	EUR	11	19	1244	5	7.69953513145447	0	0	1	6
TG	UKBB	EUR	11	22	1276	5	3.69461488723755	0	0	0	0
TG	UKBB	EUR	11	27	2489	5	1272.7505903244	2	2	3	6
TG	UKBB	EUR	11	28	1996	5	8.94312357902527	0	3	4	14
TG	UKBB	EUR	11	29	1332	5	12.481508731842	0	0	0	0
TG	UKBB	EUR	11	33	2302	5	19.174623966217	0	0	0	0
TG	UKBB	EUR	11	51	2553	5	19.3999195098877	0	0	0	0
TG	UKBB	EUR	11	52	1487	5	16.9148387908936	0	0	1	6
TG	UKBB	EUR	11	53	3051	5	30.5698609352112	0	0	0	0
TG	UKBB	EUR	11	54	2265	5	9.18152046203613	0	0	0	0
TG	UKBB	EUR	11	56	579	5	6.78817892074585	0	0	0	0
TG	UKBB	EUR	11	57	2306	5	34.3945803642273	0	0	0	0
TG	UKBB	EUR	11	65	2182	5	17.9481868743896	0	0	0	0
TG	UKBB	EUR	11	70	4273	5	45.1657423973083	0	0	0	0
TG	UKBB	EUR	11	75	1705	5	19.5038461685181	0	0	0	0
TG	UKBB	EUR	11	76	2068	5	1585.83541250229	0	1	1	4
TG	UKBB	EUR	11	77	2031	5	10.0640034675598	0	0	1	15
TG	UKBB	EUR	11	78	2126	5	831.021981954575	1	2	2	3
TG	UKBB	EUR	11	79	4518	5	1058.94426465034	0	1	3	20
TG	UKBB	EUR	11	80	3101	5	1741.19669485092	1	2	3	57
TG	UKBB	EUR	11	81	2046	5	34.6596171855927	0	0	0	0
TG	UKBB	EUR	11	83	1781	5	16.4277205467224	0	1	0	0
TG	UKBB	EUR	11	89	475	5	5.34928750991821	0	0	1	14
TG	UKBB	EUR	11	90	4830	5	95.4164760112762	0	0	1	107
TG	UKBB	EUR	11	104	4490	5	84.689991235733	0	1	0	0
TG	UKBB	EUR	11	108	956	5	4.25985169410706	0	0	0	0
TG	UKBB	EUR	11	112	3136	5	20.9910612106323	0	0	0	0
TG	UKBB	EUR	11	114	2042	5	19.8328449726105	0	0	0	0
TG	UKBB	EUR	11	117	4952	5	86.7236580848694	0	0	0	0
TG	UKBB	EUR	11	121	2516	5	32.2948954105377	0	0	0	0
TG	UKBB	EUR	11	123	1467	5	316.142973423004	0	0	2	24
TG	UKBB	EUR	11	125	2198	5	17.042494058609	0	0	0	0
TG	UKBB	EUR	11	126	5162	5	143.642850160599	0	1	0	0
TG	UKBB	EUR	11	127	599	5	495.168939113617	1	1	1	1
TG	UKBB	EUR	11	128	396	5	711.632035255432	2	3	3	4
TG	UKBB	EUR	11	129	2494	5	2169.51991534233	1	1	1	1
TG	UKBB	EUR	11	130	1309	10	368.910449266434	7	10	8	8
TG	UKBB	EUR	11	131	345	5	9.08259320259094	3	5	3	3
TG	UKBB	EUR	11	133	2216	5	772.369219064713	0	0	2	23
TG	UKBB	EUR	11	134	3326	5	33.3855006694794	0	0	0	0
TG	UKBB	EUR	11	138	1543	5	4.45631170272827	0	0	0	0
TG	UKBB	EUR	11	140	1403	5	5.85626721382141	0	0	0	0
TG	UKBB	EUR	11	147	4870	5	138.237007856369	0	0	0	0
TG	UKBB	EUR	11	149	4145	5	53.5029368400574	0	0	0	0
TG	UKBB	EUR	11	151	1808	5	14.2257239818573	0	0	0	0
TG	UKBB	EUR	11	162	1874	5	11.0573928356171	0	0	0	0
TG	UKBB	EUR	12	1	1590	5	5.67129182815552	0	0	0	0
TG	UKBB	EUR	12	4	1490	5	9.27661466598511	0	0	0	0
TG	UKBB	EUR	12	12	967	5	348.455341815948	1	1	2	9
TG	UKBB	EUR	12	13	1602	5	5.9907398223877	0	1	0	0
TG	UKBB	EUR	12	17	1105	5	7.90367317199707	0	0	1	20
TG	UKBB	EUR	12	18	2152	5	24.8157098293304	0	0	0	0
TG	UKBB	EUR	12	23	2890	5	55.566055059433	0	0	0	0
TG	UKBB	EUR	12	26	481	5	6.03411221504211	0	0	1	5
TG	UKBB	EUR	12	28	1859	5	21.901930809021	0	0	0	0
TG	UKBB	EUR	12	29	358	5	7.64437389373779	0	0	0	0
TG	UKBB	EUR	12	31	744	5	10.1457223892212	0	0	0	0
TG	UKBB	EUR	12	32	2958	5	36.8215601444244	0	0	0	0
TG	UKBB	EUR	12	33	2232	5	9.87595796585083	0	0	0	0
TG	UKBB	EUR	12	34	2001	5	36.3594822883606	0	0	0	0
TG	UKBB	EUR	12	35	928	5	945.738439321518	0	0	2	58
TG	UKBB	EUR	12	38	3467	5	56.8965706825256	0	0	0	0
TG	UKBB	EUR	12	40	1506	5	615.240394115448	1	2	2	5
TG	UKBB	EUR	12	41	907	5	7.93592953681946	0	2	2	10
TG	UKBB	EUR	12	42	4599	5	46.653909444809	1	1	2	7
TG	UKBB	EUR	12	45	2354	5	614.630679130554	0	0	0	0
TG	UKBB	EUR	12	47	882	5	4.00201559066772	0	0	0	0
TG	UKBB	EUR	12	48	2849	5	24.0032029151917	0	0	1	9
TG	UKBB	EUR	12	49	3187	5	52.688934803009	0	1	0	0
TG	UKBB	EUR	12	51	1810	5	5.4234926700592	0	0	1	5
TG	UKBB	EUR	12	57	3924	5	66.6293210983276	0	0	0	0
TG	UKBB	EUR	12	58	2130	5	18.862133026123	0	0	0	0
TG	UKBB	EUR	12	59	3359	5	1807.26995420456	0	0	1	7
TG	UKBB	EUR	12	60	1682	5	8.18794775009155	0	1	1	1
TG	UKBB	EUR	12	62	2098	5	6.26665496826172	0	0	1	23
TG	UKBB	EUR	12	63	2161	5	39.3391377925873	0	0	0	0
TG	UKBB	EUR	12	64	1712	5	18.1860342025757	0	0	0	0
TG	UKBB	EUR	12	66	2702	5	30.996203660965	0	1	0	0
TG	UKBB	EUR	12	67	1363	5	584.623570919037	1	3	2	3
TG	UKBB	EUR	12	68	1042	5	4.49982810020447	0	0	1	13
TG	UKBB	EUR	12	69	2571	5	26.7913906574249	0	0	0	0
TG	UKBB	EUR	12	70	1276	5	1368.48439574242	0	0	2	41
TG	UKBB	EUR	12	71	3196	5	1484.3253724575	0	1	3	35
TG	UKBB	EUR	12	72	8798	5	527.127343416214	0	0	1	22
TG	UKBB	EUR	12	73	2735	5	22.8252432346344	0	0	1	11
TG	UKBB	EUR	12	74	3176	5	39.2747182846069	2	3	2	2
TG	UKBB	EUR	12	75	483	5	410.35372209549	0	0	0	0
TG	UKBB	EUR	12	76	1705	5	15.1784813404083	0	0	0	0
TG	UKBB	EUR	12	77	1658	5	12.2967054843903	0	0	1	11
TG	UKBB	EUR	12	80	3651	5	25.069488286972	0	1	1	9
TG	UKBB	EUR	12	88	3642	5	69.1152446269989	0	0	0	0
TG	UKBB	EUR	12	92	4536	5	93.9722616672516	0	0	0	0
TG	UKBB	EUR	12	94	3594	5	52.1235344409943	0	0	0	0
TG	UKBB	EUR	12	102	1151	5	10.7133531570435	0	0	0	0
TG	UKBB	EUR	12	103	479	5	4.20589518547058	0	0	1	9
TG	UKBB	EUR	12	104	2913	5	56.3026356697083	0	0	0	0
TG	UKBB	EUR	12	113	2730	5	20.8616387844086	0	1	0	0
TG	UKBB	EUR	12	114	2609	5	11.5350289344788	0	0	0	0
TG	UKBB	EUR	12	117	2783	5	15.9849045276642	0	0	0	0
TG	UKBB	EUR	12	119	5183	5	31.5008041858673	0	3	2	7
TG	UKBB	EUR	12	120	1451	5	10.8617489337921	0	0	1	4
TG	UKBB	EUR	12	121	1977	5	11.1384336948395	0	0	2	39
TG	UKBB	EUR	12	122	4091	5	85.1952583789825	0	0	1	47
TG	UKBB	EUR	12	125	2896	5	31.1786947250366	0	0	0	0
TG	UKBB	EUR	12	128	482	5	5.42880725860596	1	2	2	4
TG	UKBB	EUR	12	132	2496	5	15.5317230224609	0	0	0	0
TG	UKBB	EUR	12	138	4361	5	1474.43776607513	0	0	0	0
TG	UKBB	EUR	12	139	5991	10	1004.22709846497	0	1	4	63
TG	UKBB	EUR	12	140	1246	5	20.8881378173828	0	1	3	32
TG	UKBB	EUR	12	141	1716	5	18.9958641529083	0	0	0	0
TG	UKBB	EUR	13	8	2407	5	13.1061487197876	0	0	1	11
TG	UKBB	EUR	13	13	1686	5	14.9990117549896	0	0	1	23
TG	UKBB	EUR	13	16	2437	5	20.9644145965576	0	0	0	0
TG	UKBB	EUR	13	20	2317	5	17.2520859241486	0	1	1	2
TG	UKBB	EUR	13	21	3269	5	765.979165315628	0	1	3	21
TG	UKBB	EUR	13	36	1868	5	7.00602698326111	0	0	0	0
TG	UKBB	EUR	13	40	1940	5	11.6657311916351	0	0	0	0
TG	UKBB	EUR	13	45	2308	5	24.8725435733795	1	1	1	1
TG	UKBB	EUR	13	47	1482	5	14.8269350528717	0	0	0	0
TG	UKBB	EUR	13	50	4815	5	1559.67313504219	0	1	3	44
TG	UKBB	EUR	13	53	2636	5	33.0708825588226	0	0	0	0
TG	UKBB	EUR	13	54	8127	5	224.35494351387	0	0	0	0
TG	UKBB	EUR	13	55	3625	5	65.3840401172638	0	0	0	0
TG	UKBB	EUR	13	58	4655	5	87.1760618686676	0	1	0	0
TG	UKBB	EUR	13	60	2887	5	30.9289445877075	0	0	0	0
TG	UKBB	EUR	13	64	1367	5	14.518486738205	0	1	1	22
TG	UKBB	EUR	13	70	2859	5	16.6510248184204	0	0	0	0
TG	UKBB	EUR	13	72	2175	5	16.0588822364807	0	0	0	0
TG	UKBB	EUR	13	84	1571	5	16.4688611030579	0	0	1	5
TG	UKBB	EUR	13	88	1072	5	10.179886341095	0	1	1	2
TG	UKBB	EUR	13	90	3170	5	31.9947147369385	0	0	0	0
TG	UKBB	EUR	13	95	986	5	6.39631533622742	0	1	0	0
TG	UKBB	EUR	13	96	1106	5	14.6310634613037	0	0	0	0
TG	UKBB	EUR	13	108	675	5	11.8895506858826	0	0	0	0
TG	UKBB	EUR	13	115	1088	5	3.96910285949707	0	0	0	0
TG	UKBB	EUR	13	118	1840	5	9.27227711677551	0	1	1	2
TG	UKBB	EUR	13	125	2455	5	1832.9788479805	0	0	2	15
TG	UKBB	EUR	14	11	1081	5	9.56363224983215	0	0	1	15
TG	UKBB	EUR	14	13	603	5	8.6114354133606	0	1	0	0
TG	UKBB	EUR	14	14	4113	5	81.0575895309448	0	0	0	0
TG	UKBB	EUR	14	19	2883	5	457.379334926605	0	0	0	0
TG	UKBB	EUR	14	24	1223	5	5.6111433506012	0	0	0	0
TG	UKBB	EUR	14	31	3397	5	24.0333478450775	0	0	0	0
TG	UKBB	EUR	14	35	3439	5	26.9876217842102	0	0	0	0
TG	UKBB	EUR	14	42	2094	5	17.8031365871429	0	1	0	0
TG	UKBB	EUR	14	44	2165	5	7.88546395301819	0	0	0	0
TG	UKBB	EUR	14	46	1764	5	22.9809787273407	0	1	0	0
TG	UKBB	EUR	14	47	3044	5	40.1981315612793	0	0	1	44
TG	UKBB	EUR	14	51	2665	5	17.3271865844727	0	0	0	0
TG	UKBB	EUR	14	56	1280	5	9.92302417755127	0	1	0	0
TG	UKBB	EUR	14	57	5200	5	105.370452642441	0	0	0	0
TG	UKBB	EUR	14	63	4175	5	97.2335035800934	0	0	2	15
TG	UKBB	EUR	14	64	1343	5	9.35426044464111	0	0	0	0
TG	UKBB	EUR	14	66	2406	5	32.4125032424927	0	0	0	0
TG	UKBB	EUR	14	67	2927	5	22.3314244747162	0	1	2	13
TG	UKBB	EUR	14	70	3495	5	35.4866397380829	0	0	0	0
TG	UKBB	EUR	14	72	4029	5	39.2149653434753	0	1	0	0
TG	UKBB	EUR	14	80	631	5	3.29170417785645	0	0	0	0
TG	UKBB	EUR	14	81	3573	5	60.0400724411011	0	0	0	0
TG	UKBB	EUR	14	84	1272	5	5.61401534080505	0	1	0	0
TG	UKBB	EUR	14	95	1041	5	12.5512182712555	0	0	1	12
TG	UKBB	EUR	14	96	403	5	2.77310109138489	0	0	0	0
TG	UKBB	EUR	14	105	1460	5	5.17876648902893	0	0	0	0
TG	UKBB	EUR	14	106	1405	5	1.04485177993774	0	0	0	0
TG	UKBB	EUR	14	120	1063	5	12.2303824424744	0	0	0	0
TG	UKBB	EUR	14	121	3100	5	7.33619999885559	0	1	1	3
TG	UKBB	EUR	14	126	3824	5	73.8820040225983	0	0	0	0
TG	UKBB	EUR	14	127	2527	5	29.1569807529449	0	0	0	0
TG	UKBB	EUR	14	129	1548	5	12.2533638477325	0	0	0	0
TG	UKBB	EUR	15	22	3667	5	33.6961250305176	0	1	0	0
TG	UKBB	EUR	15	28	2033	5	15.9161698818207	0	0	1	18
TG	UKBB	EUR	15	34	854	5	3.73883199691772	0	0	1	8
TG	UKBB	EUR	15	35	2450	5	1091.68470692635	0	1	1	4
TG	UKBB	EUR	15	37	3539	5	22.7010290622711	0	0	0	0
TG	UKBB	EUR	15	38	3891	5	2152.68007159233	0	1	1	2
TG	UKBB	EUR	15	39	2730	5	20.9751644134521	1	1	2	53
TG	UKBB	EUR	15	41	2876	5	37.4040896892548	0	0	0	0
TG	UKBB	EUR	15	45	6125	5	143.256326198578	0	0	0	0
TG	UKBB	EUR	15	48	5474	5	105.611874580383	0	0	0	0
TG	UKBB	EUR	15	49	629	5	8.0281662940979	0	0	0	0
TG	UKBB	EUR	15	50	2762	5	1569.63325381279	0	1	1	6
TG	UKBB	EUR	15	52	1948	5	1251.89429783821	0	1	2	9
TG	UKBB	EUR	15	53	379	5	4.38638830184937	0	0	1	5
TG	UKBB	EUR	15	54	2118	5	1.87129235267639	0	1	0	0
TG	UKBB	EUR	15	56	2292	5	7.85960674285889	0	1	0	0
TG	UKBB	EUR	15	59	4708	5	68.5726361274719	0	0	1	12
TG	UKBB	EUR	15	62	5405	5	1682.5381963253	0	1	2	20
TG	UKBB	EUR	15	64	1692	5	19.7708556652069	0	0	0	0
TG	UKBB	EUR	15	66	2922	5	35.23020362854	0	0	1	5
TG	UKBB	EUR	15	71	174	5	175.958042383194	0	0	0	0
TG	UKBB	EUR	15	72	1182	5	13.1322152614594	0	0	0	0
TG	UKBB	EUR	15	73	1170	5	7.39130687713623	0	0	1	30
TG	UKBB	EUR	15	85	2159	5	40.2140467166901	0	0	0	0
TG	UKBB	EUR	15	99	448	5	4.14899063110352	0	0	2	28
TG	UKBB	EUR	15	108	941	5	9.43147420883179	0	0	0	0
TG	UKBB	EUR	15	111	1662	5	10.7347936630249	0	0	0	0
TG	UKBB	EUR	15	117	1024	5	6.24764060974121	0	0	1	5
TG	UKBB	EUR	15	118	683	5	889.188797473907	0	1	1	2
TG	UKBB	EUR	16	1	2114	5	1618.35818195343	0	0	0	0
TG	UKBB	EUR	16	2	832	5	858.232722520828	0	0	1	9
TG	UKBB	EUR	16	4	3063	5	40.3881840705872	0	0	0	0
TG	UKBB	EUR	16	5	1219	5	15.9853868484497	0	0	1	30
TG	UKBB	EUR	16	7	1987	5	20.980455160141	0	0	0	0
TG	UKBB	EUR	16	9	2833	5	38.0087010860443	0	0	1	14
TG	UKBB	EUR	16	17	1031	5	2.65989995002747	0	0	0	0
TG	UKBB	EUR	16	24	1077	5	11.1488060951233	0	0	0	0
TG	UKBB	EUR	16	25	2261	5	14.1227738857269	0	0	0	0
TG	UKBB	EUR	16	33	4212	5	26.121931552887	0	0	1	24
TG	UKBB	EUR	16	37	3155	5	1897.63696265221	1	1	1	1
TG	UKBB	EUR	16	59	1715	5	17.2668652534485	0	1	2	35
TG	UKBB	EUR	16	62	1701	5	22.0961155891418	0	0	0	0
TG	UKBB	EUR	16	64	708	5	3.5608184337616	0	0	0	0
TG	UKBB	EUR	16	68	1856	5	5.18487167358398	0	0	0	0
TG	UKBB	EUR	16	75	3049	5	44.2551534175873	0	1	2	7
TG	UKBB	EUR	16	76	2093	5	27.5329813957214	0	0	0	0
TG	UKBB	EUR	16	85	5100	5	79.9186215400696	0	1	2	21
TG	UKBB	EUR	16	88	5186	5	81.295884847641	0	0	0	0
TG	UKBB	EUR	16	89	6554	5	1750.07326889038	0	0	3	28
TG	UKBB	EUR	16	90	1647	5	5.02506375312805	0	0	0	0
TG	UKBB	EUR	16	93	4930	5	46.7320885658264	0	0	1	66
TG	UKBB	EUR	16	94	5618	5	10.1122658252716	0	0	0	0
TG	UKBB	EUR	16	100	353	5	1.87149548530579	0	1	1	1
TG	UKBB	EUR	16	103	6925	5	34.4041485786438	0	0	0	0
TG	UKBB	EUR	16	104	2096	5	1092.97095298767	1	1	2	20
TG	UKBB	EUR	16	105	1798	5	6.78579044342041	0	0	0	0
TG	UKBB	EUR	16	107	2431	5	23.6862323284149	0	0	0	0
TG	UKBB	EUR	16	110	1672	5	3.64980840682983	1	1	1	1
TG	UKBB	EUR	16	114	1382	5	1246.34331345558	2	2	3	15
TG	UKBB	EUR	16	116	1857	5	24.4483411312103	0	0	0	0
TG	UKBB	EUR	16	119	2230	5	10.9472844600677	0	1	0	0
TG	UKBB	EUR	16	125	1690	5	14.6993315219879	0	0	1	18
TG	UKBB	EUR	16	128	5652	5	53.8236472606659	0	0	0	0
TG	UKBB	EUR	17	3	1741	5	4.45438361167908	0	0	1	17
TG	UKBB	EUR	17	8	315	5	6.41316604614258	0	0	0	0
TG	UKBB	EUR	17	9	3239	5	48.4909167289734	1	1	1	1
TG	UKBB	EUR	17	15	209	5	3.62945294380188	0	0	1	4
TG	UKBB	EUR	17	16	660	5	5.30069971084595	0	1	1	2
TG	UKBB	EUR	17	17	3158	5	43.5602343082428	1	4	3	8
TG	UKBB	EUR	17	23	1091	5	686.443703174591	0	0	3	39
TG	UKBB	EUR	17	24	1967	5	1157.55427098274	0	0	0	0
TG	UKBB	EUR	17	45	181	5	0.560354471206665	0	0	0	0
TG	UKBB	EUR	17	51	4038	5	1674.63099551201	0	0	2	26
TG	UKBB	EUR	17	55	5095	5	1338.61768078804	0	0	2	37
TG	UKBB	EUR	17	66	388	5	6.92213606834412	0	0	0	0
TG	UKBB	EUR	17	73	3868	5	1513.53843164444	1	1	1	1
TG	UKBB	EUR	17	74	4517	5	75.4088315963745	1	3	2	10
TG	UKBB	EUR	17	75	3529	5	42.0848376750946	0	2	2	29
TG	UKBB	EUR	17	76	1892	5	16.3171110153198	0	0	1	15
TG	UKBB	EUR	17	79	1691	5	16.8230109214783	0	1	2	16
TG	UKBB	EUR	17	80	2129	5	9.60938239097595	0	0	0	0
TG	UKBB	EUR	17	87	1445	5	7.9726870059967	0	0	0	0
TG	UKBB	EUR	17	90	3692	5	2068.75758910179	0	0	1	20
TG	UKBB	EUR	17	94	2198	5	14.7238221168518	0	0	0	0
TG	UKBB	EUR	17	97	3142	5	423.917096614838	0	0	3	24
TG	UKBB	EUR	17	98	1676	5	6.25105738639832	0	0	0	0
TG	UKBB	EUR	17	99	378	5	6.45697593688965	0	0	0	0
TG	UKBB	EUR	17	100	1790	5	9.05516624450684	0	0	1	24
TG	UKBB	EUR	17	101	1370	5	252.16730594635	0	2	3	14
TG	UKBB	EUR	17	102	967	5	536.402066469193	0	0	0	0
TG	UKBB	EUR	17	103	1225	5	11.400563955307	0	0	0	0
TG	UKBB	EUR	17	105	2108	5	19.3465330600739	0	0	1	17
TG	UKBB	EUR	17	108	411	5	2.64477133750916	0	1	1	6
TG	UKBB	EUR	17	117	2232	5	25.458155632019	0	0	1	15
TG	UKBB	EUR	17	118	2099	5	1179.85566663742	0	1	1	3
TG	UKBB	EUR	17	123	2260	5	10.7552964687347	0	0	0	0
TG	UKBB	EUR	17	125	3100	5	11.2947604656219	0	1	2	58
TG	UKBB	EUR	17	133	1800	5	16.9816253185272	0	0	1	18
TG	UKBB	EUR	18	1	1216	5	988.939552783966	0	1	1	4
TG	UKBB	EUR	18	6	759	5	7.80028033256531	0	0	0	0
TG	UKBB	EUR	18	7	1978	5	19.4246940612793	1	1	1	1
TG	UKBB	EUR	18	22	722	5	13.9444398880005	0	0	0	0
TG	UKBB	EUR	18	23	789	5	4.91995739936829	0	0	0	0
TG	UKBB	EUR	18	28	2035	5	7.92945170402527	0	0	0	0
TG	UKBB	EUR	18	39	4130	5	41.7386894226074	0	0	0	0
TG	UKBB	EUR	18	41	4507	5	92.1895046234131	0	0	1	12
TG	UKBB	EUR	18	42	2994	5	39.1926522254944	0	0	1	23
TG	UKBB	EUR	18	52	2203	5	9.43483257293701	0	0	0	0
TG	UKBB	EUR	18	60	3619	5	23.6752407550812	0	0	0	0
TG	UKBB	EUR	18	61	3308	5	18.5594129562378	0	0	0	0
TG	UKBB	EUR	18	65	3148	5	41.6512794494629	0	0	0	0
TG	UKBB	EUR	18	69	5081	5	40.8715076446533	0	0	0	0
TG	UKBB	EUR	18	74	4920	5	48.1159067153931	0	1	0	0
TG	UKBB	EUR	18	77	704	5	3.86130857467651	0	1	0	0
TG	UKBB	EUR	18	79	1043	5	3.31664085388184	0	1	1	2
TG	UKBB	EUR	18	80	1987	5	1.43343210220337	0	2	2	4
TG	UKBB	EUR	18	82	4096	5	56.5095314979553	0	0	0	0
TG	UKBB	EUR	18	85	3540	5	43.3072600364685	0	0	0	0
TG	UKBB	EUR	18	86	118	5	3.1473023891449	1	1	1	1
TG	UKBB	EUR	18	87	208	5	4.115403175354	0	0	0	0
TG	UKBB	EUR	18	120	786	5	6.73526477813721	0	0	0	0
TG	UKBB	EUR	19	1	365	5	2.67736291885376	0	0	0	0
TG	UKBB	EUR	19	4	526	5	3.51914739608765	0	1	0	0
TG	UKBB	EUR	19	5	275	5	2.3920726776123	0	1	1	2
TG	UKBB	EUR	19	6	1489	5	15.6546664237976	0	0	0	0
TG	UKBB	EUR	19	10	1023	5	11.0049600601196	0	1	1	2
TG	UKBB	EUR	19	15	721	5	3.67563199996948	0	0	0	0
TG	UKBB	EUR	19	16	827	5	8.54852914810181	0	0	0	0
TG	UKBB	EUR	19	19	654	5	12.3035953044891	1	2	2	11
TG	UKBB	EUR	19	20	1023	5	115.186621665955	1	1	2	22
TG	UKBB	EUR	19	21	592	5	2.37324452400208	0	0	0	0
TG	UKBB	EUR	19	22	2375	5	8.42169857025146	1	3	4	8
TG	UKBB	EUR	19	29	1346	5	14.7806780338287	3	3	4	13
TG	UKBB	EUR	19	30	1210	5	628.38711810112	0	1	1	3
TG	UKBB	EUR	19	32	1771	5	598.420941829681	2	4	4	7
TG	UKBB	EUR	19	33	798	5	0.965168714523315	1	2	2	4
TG	UKBB	EUR	19	34	788	5	5.8653416633606	1	1	1	1
TG	UKBB	EUR	19	35	1813	5	5.1752986907959	0	0	0	0
TG	UKBB	EUR	19	37	2513	5	7.97276544570923	0	1	2	11
TG	UKBB	EUR	19	38	594	5	265.716461896896	1	2	3	16
TG	UKBB	EUR	19	39	3423	5	4.44518876075745	0	0	0	0
TG	UKBB	EUR	19	45	746	5	9.74048209190369	0	1	1	4
TG	UKBB	EUR	19	51	1298	5	5.11819982528687	0	0	0	0
TG	UKBB	EUR	19	52	1595	5	8.34334325790405	0	0	0	0
TG	UKBB	EUR	19	53	2969	5	17.1765637397766	2	2	3	24
TG	UKBB	EUR	19	54	4150	5	60.9080839157104	0	1	2	34
TG	UKBB	EUR	19	62	2983	5	45.4911856651306	0	0	0	0
TG	UKBB	EUR	19	63	1401	5	1510.23464083672	0	1	2	9
TG	UKBB	EUR	19	64	3838	5	744.583870172501	1	1	2	5
TG	UKBB	EUR	19	65	1375	5	7.73483204841614	1	1	2	9
TG	UKBB	EUR	19	67	5766	5	934.658809185028	0	1	0	0
TG	UKBB	EUR	19	69	2410	5	21.7090384960175	0	1	0	0
TG	UKBB	EUR	19	70	1811	5	8.2776517868042	0	0	0	0
TG	UKBB	EUR	19	71	318	5	4.13936758041382	0	2	2	6
TG	UKBB	EUR	19	72	2670	5	10.0870897769928	1	1	1	1
TG	UKBB	EUR	19	74	2796	10	2318.04966831207	5	6	7	14
TG	UKBB	EUR	19	75	741	5	751.147614955902	1	1	1	1
TG	UKBB	EUR	19	76	2796	10	1409.66861510277	0	0	2	11
TG	UKBB	EUR	19	77	4929	5	1205.67104482651	0	0	3	41
TG	UKBB	EUR	19	79	1514	5	6.35566854476929	0	0	0	0
TG	UKBB	EUR	19	80	862	5	841.391914367676	1	1	1	1
TG	UKBB	EUR	19	81	1997	5	813.194800138474	0	1	2	16
TG	UKBB	EUR	19	90	2377	5	1.92212605476379	0	0	0	0
TG	UKBB	EUR	19	93	861	5	233.790618896484	0	0	0	0
TG	UKBB	EUR	19	98	1051	5	439.419917583466	1	1	3	20
TG	UKBB	EUR	19	104	1432	5	402.194514989853	0	1	1	5
TG	UKBB	EUR	19	106	654	5	6.21144533157349	0	0	0	0
TG	UKBB	EUR	19	109	344	5	0.736720085144043	1	1	1	1
TG	UKBB	EUR	19	110	2769	5	30.1391935348511	0	1	0	0
TG	UKBB	EUR	20	2	1183	5	8.20616221427917	1	1	1	1
TG	UKBB	EUR	20	7	1711	5	8.91548013687134	0	0	0	0
TG	UKBB	EUR	20	18	1274	5	985.1830265522	0	0	0	0
TG	UKBB	EUR	20	19	353	5	6.54663777351379	0	0	0	0
TG	UKBB	EUR	20	23	379	5	3.62461495399475	0	0	0	0
TG	UKBB	EUR	20	34	1984	5	9.24500823020935	0	0	0	0
TG	UKBB	EUR	20	40	1502	5	4.58821129798889	0	0	0	0
TG	UKBB	EUR	20	47	2192	5	19.923930644989	0	0	0	0
TG	UKBB	EUR	20	48	3821	5	68.0762841701508	0	0	0	0
TG	UKBB	EUR	20	59	3814	5	31.8687114715576	0	0	2	34
TG	UKBB	EUR	20	60	2344	5	26.354395866394	0	0	0	0
TG	UKBB	EUR	20	62	2108	5	18.7683050632477	0	0	0	0
TG	UKBB	EUR	20	63	4668	5	41.6489408016205	0	0	1	8
TG	UKBB	EUR	20	64	1406	5	63.6902413368225	0	1	4	65
TG	UKBB	EUR	20	65	2586	5	16.6414041519165	0	0	1	12
TG	UKBB	EUR	20	68	1074	5	13.8713793754578	0	0	1	33
TG	UKBB	EUR	20	69	2048	5	8.15878295898438	0	0	0	0
TG	UKBB	EUR	20	70	1479	5	305.479533433914	1	1	2	15
TG	UKBB	EUR	20	71	2310	5	2.38778686523438	1	1	2	12
TG	UKBB	EUR	20	73	1983	5	755.475163936615	0	0	1	5
TG	UKBB	EUR	20	84	2485	5	2.10132789611816	0	0	0	0
TG	UKBB	EUR	20	86	1783	5	12.3789827823639	0	0	0	0
TG	UKBB	EUR	20	87	1098	5	5.6183340549469	0	1	2	17
TG	UKBB	EUR	20	91	1749	5	16.586728811264	0	1	0	0
TG	UKBB	EUR	20	93	3569	5	1010.36047005653	0	1	1	3
TG	UKBB	EUR	20	99	2033	5	21.3966765403748	0	1	1	2
TG	UKBB	EUR	20	115	908	5	2.75101637840271	0	1	2	15
TG	UKBB	EUR	21	2	479	5	5.36912298202515	0	1	3	34
TG	UKBB	EUR	21	4	359	5	2.27455711364746	0	0	1	9
TG	UKBB	EUR	21	5	1135	5	7.91961073875427	0	0	0	0
TG	UKBB	EUR	21	48	3334	5	39.4528200626373	0	0	1	38
TG	UKBB	EUR	21	53	1511	5	3.53765487670898	0	0	0	0
TG	UKBB	EUR	21	63	1418	5	2.98232245445251	0	0	0	0
TG	UKBB	EUR	21	64	2445	5	17.1020519733429	0	0	0	0
TG	UKBB	EUR	21	65	473	5	7.00498199462891	0	0	0	0
TG	UKBB	EUR	22	1	1477	5	8.42543745040894	0	0	0	0
TG	UKBB	EUR	22	7	509	5	5.33819699287415	0	1	0	0
TG	UKBB	EUR	22	13	1002	5	3.27553033828735	0	0	1	25
TG	UKBB	EUR	22	19	1042	5	2.57468581199646	0	0	1	9
TG	UKBB	EUR	22	29	2419	5	10.573786973953201	0	0	1	5
TG	UKBB	EUR	22	30	7744	5	55.9197306632996	0	0	2	15
TG	UKBB	EUR	22	37	1956	5	16.3400008678436	0	1	1	2
TG	UKBB	EUR	22	40	1029	5	7.45244979858398	0	0	1	4
TG	UKBB	EUR	22	43	1862	5	4.60574173927307	0	1	1	3
TG	UKBB	EUR	22	44	1255	5	1236.33646202087	0	0	1	17
TG	UKBB	EUR	22	45	1910	5	7.79911208152771	0	0	0	0
TG	UKBB	EUR	22	46	4585	5	90.596782207489	0	0	0	0
TG	UKBB	EUR	22	49	580	5	5.8283109664917	0	0	0	0
TG	UKBB	EUR	22	54	1476	5	13.9994592666626	0	0	0	0
TG	UKBB	EUR	22	56	249	5	3.4302442073822	0	1	0	0
TG	UKBB	EUR	22	57	978	5	2.10996174812317	0	0	1	14
TG	UKBB	EUR	22	64	978	5	5.2220606803894	0	0	0	0
TG	UKBB	EUR	22	69	1567	5	8.02813029289246	0	1	0	0
TG	UKBB	EUR	22	70	2717	5	23.0073454380035	0	0	0	0
