pheno	db	chromosome	block	num_variants	L	time	num_variants_0.95	num_variants_0.5	num_CS95	num_variants_CS95	num_variants_0.95.EUR	num_variants_0.5.EUR	num_CS95.EUR	num_variants_CS95.EUR	num_variants_0.95.AFR	num_variants_0.5.AFR	num_CS95.AFR	num_variants_CS95.AFR	num_variants_0.95.EAS	num_variants_0.5.EAS	num_CS95.EAS	num_variants_CS95.EAS
TC	UKBB	1	1	44	5	0.138011693954468	0	0	0	0	0	0	0	0	0	0	0	0	0	0	0	0
TC	UKBB	1	2	83	5	0.395126819610596	0	0	0	0	0	0	0	0	0	0	0	0	0	0	0	0
TC	UKBB	1	4	308	5	1.40695214271545	0	0	0	0	0	0	0	0	0	0	0	0	0	0	0	0
TC	UKBB	1	17	1294	5	35.9404726028442	0	0	0	0	0	0	0	0	0	0	0	0	0	0	0	0
TC	UKBB	1	19	903	5	11.9136099815369	1	1	1	1	1	1	1	1	0	0	0	0	0	0	0	0
TC	UKBB	1	35	962	5	15.9356427192688	0	0	1	15	0	0	1	15	0	0	0	0	0	0	0	0
TC	UKBB	1	40	536	5	2.81607794761658	0	1	0	0	0	1	0	0	0	0	0	0	0	0	0	0
TC	UKBB	1	48	460	5	4.02506351470947	0	1	2	10	0	1	2	10	0	0	0	0	0	0	0	0
TC	UKBB	1	49	359	5	1.87461304664612	0	0	0	0	0	0	0	0	0	0	0	0	0	0	0	0
TC	UKBB	1	51	422	5	2.27498030662537	0	0	1	18	0	0	1	18	0	0	0	0	0	0	1	18
TC	UKBB	1	52	1028	5	16.0332899093628	0	0	1	11	0	0	1	11	0	0	0	0	0	0	0	0
TC	UKBB	1	53	772	5	9.17233920097351	0	0	0	0	0	0	0	0	0	0	0	0	0	0	0	0
TC	UKBB	1	58	952	5	13.5925197601318	0	1	1	4	0	1	1	4	0	0	0	0	0	0	0	0
TC	UKBB	1	67	892	5	14.140022277832	0	0	0	0	0	0	0	0	0	0	0	0	0	0	0	0
TC	UKBB	1	70	969	5	9.28055882453918	0	1	2	35	0	1	1	12	0	0	0	0	0	0	0	0
TC	UKBB	1	73	1194	5	23.913213968277	0	0	0	0	0	0	0	0	0	0	0	0	0	0	0	0
TC	UKBB	1	74	1024	5	11.4863836765289	0	0	0	0	0	0	0	0	0	0	0	0	0	0	0	0
TC	UKBB	1	75	1375	5	37.0406224727631	1	1	2	51	1	1	2	51	0	0	0	0	0	1	1	1
TC	UKBB	1	76	829	5	8.55271434783936	0	0	0	0	0	0	0	0	0	0	0	0	0	0	0	0
TC	UKBB	1	80	581	5	5.89329624176025	0	0	0	0	0	0	0	0	0	0	0	0	0	0	0	0
TC	UKBB	1	81	359	5	1.40017533302307	0	0	0	0	0	0	0	0	0	0	0	0	0	0	0	0
TC	UKBB	1	82	743	5	8.14817047119141	0	0	0	0	0	0	0	0	0	0	0	0	0	0	0	0
TC	UKBB	1	83	1042	5	13.3086342811584	0	0	1	21	0	0	1	21	0	0	0	0	0	0	0	0
TC	UKBB	1	84	1651	15	155.413569688797	6	8	10	21	6	8	10	21	1	2	2	2	0	0	0	0
TC	UKBB	1	85	567	5	6.82680916786194	0	1	0	0	0	1	0	0	0	0	0	0	0	0	0	0
TC	UKBB	1	89	849	5	4.96698594093323	0	0	0	0	0	0	0	0	0	0	0	0	0	0	0	0
TC	UKBB	1	92	1001	5	10.5082902908325	0	0	0	0	0	0	0	0	0	0	0	0	0	0	0	0
TC	UKBB	1	94	218	5	1.3316171169281	0	0	0	0	0	0	0	0	0	0	0	0	0	0	0	0
TC	UKBB	1	95	196	5	0.934536218643188	0	0	0	0	0	0	0	0	0	0	0	0	0	0	0	0
TC	UKBB	1	96	892	5	8.88091945648193	0	0	1	3	0	0	1	3	0	0	0	0	0	0	1	3
TC	UKBB	1	97	1040	5	14.9283487796783	0	0	1	23	0	0	1	23	0	0	0	0	0	0	0	0
TC	UKBB	1	100	1070	5	12.1031129360199	0	0	1	4	0	0	1	4	0	0	0	0	0	0	0	0
TC	UKBB	1	109	1113	5	14.6777863502502	0	0	0	0	0	0	0	0	0	0	0	0	0	0	0	0
TC	UKBB	1	124	1445	5	37.8013260364532	0	0	1	6	0	0	1	6	0	0	0	0	0	0	0	0
TC	UKBB	1	125	1427	5	30.6531960964203	0	2	2	39	0	2	2	39	0	1	1	2	0	1	0	0
TC	UKBB	1	127	873	5	5.99486374855042	0	0	0	0	0	0	0	0	0	0	0	0	0	0	0	0
TC	UKBB	1	136	915	5	9.12246203422546	0	0	0	0	0	0	0	0	0	0	0	0	0	0	0	0
TC	UKBB	1	138	1033	5	10.923912525177	1	1	1	1	1	1	1	1	1	1	1	1	1	1	1	1
TC	UKBB	1	139	263	5	0.905024528503418	0	1	1	5	0	1	1	5	0	0	0	0	0	0	0	0
TC	UKBB	1	140	550	5	3.16297101974487	0	0	0	0	0	0	0	0	0	0	0	0	0	0	0	0
TC	UKBB	1	141	543	5	2.37041449546814	0	0	0	0	0	0	0	0	0	0	0	0	0	0	0	0
TC	UKBB	1	144	508	5	2.51694464683533	0	0	0	0	0	0	0	0	0	0	0	0	0	0	0	0
TC	UKBB	1	145	565	5	5.17381644248962	0	1	0	0	0	1	0	0	0	0	0	0	0	0	0	0
TC	UKBB	1	150	1088	5	15.0636448860168	0	0	0	0	0	0	0	0	0	0	0	0	0	0	0	0
TC	UKBB	1	151	1483	5	36.1856801509857	0	0	0	0	0	0	0	0	0	0	0	0	0	0	0	0
TC	UKBB	1	153	986	5	9.23368716239929	0	0	0	0	0	0	0	0	0	0	0	0	0	0	0	0
TC	UKBB	1	154	1250	5	16.3438646793365	0	0	1	5	0	0	1	5	0	0	0	0	0	0	0	0
TC	UKBB	1	156	811	5	8.02391791343689	0	1	0	0	0	1	0	0	0	0	0	0	0	0	0	0
TC	UKBB	1	158	620	5	7.12018084526062	0	1	2	27	0	1	2	27	0	0	0	0	0	0	0	0
TC	UKBB	1	162	733	5	7.10898351669312	0	0	0	0	0	0	0	0	0	0	0	0	0	0	0	0
TC	UKBB	1	168	1022	5	11.6915447711945	0	1	0	0	0	1	0	0	0	0	0	0	0	0	0	0
TC	UKBB	1	169	1788	5	67.0839605331421	0	0	0	0	0	0	0	0	0	0	0	0	0	0	0	0
TC	UKBB	1	175	1427	5	25.3476061820984	0	0	0	0	0	0	0	0	0	0	0	0	0	0	0	0
TC	UKBB	1	182	1403	5	31.2454607486725	0	0	0	0	0	0	0	0	0	0	0	0	0	0	0	0
TC	UKBB	1	183	1337	5	25.6150755882263	0	0	0	0	0	0	0	0	0	0	0	0	0	0	0	0
TC	UKBB	1	185	391	5	1.83334112167358	0	0	0	0	0	0	0	0	0	0	0	0	0	0	0	0
TC	UKBB	1	187	1046	5	10.4203956127167	0	0	0	0	0	0	0	0	0	0	0	0	0	0	0	0
TC	UKBB	1	188	1193	5	26.5082352161407	0	0	0	0	0	0	0	0	0	0	0	0	0	0	0	0
TC	UKBB	1	192	1083	5	8.75494313240051	0	0	1	27	0	0	1	27	0	0	0	0	0	0	0	0
TC	UKBB	1	201	869	5	5.30912685394287	0	0	0	0	0	0	0	0	0	0	0	0	0	0	0	0
TC	UKBB	1	202	1105	5	15.2929496765137	0	1	1	5	0	1	1	5	0	0	0	0	0	0	0	0
TC	UKBB	1	205	443	5	2.48529195785522	0	0	0	0	0	0	0	0	0	0	0	0	0	0	0	0
TC	UKBB	1	209	341	5	2.51991128921509	0	0	0	0	0	0	0	0	0	0	0	0	0	0	0	0
TC	UKBB	1	213	578	5	6.31708979606628	0	0	0	0	0	0	0	0	0	0	0	0	0	0	0	0
TC	UKBB	1	221	1125	5	12.8691391944885	0	0	0	0	0	0	0	0	0	0	0	0	0	0	0	0
TC	UKBB	1	223	1202	5	14.139993429184	0	0	0	0	0	0	0	0	0	0	0	0	0	0	0	0
TC	UKBB	1	224	688	5	3.42023134231567	0	0	0	0	0	0	0	0	0	0	0	0	0	0	0	0
TC	UKBB	1	226	504	5	2.47804617881775	0	0	0	0	0	0	0	0	0	0	0	0	0	0	0	0
TC	UKBB	1	229	1033	5	9.03381991386414	0	0	0	0	0	0	0	0	0	0	0	0	0	0	0	0
TC	UKBB	1	233	1457	5	28.133572101593	0	0	0	0	0	0	0	0	0	0	0	0	0	0	0	0
TC	UKBB	1	234	1665	5	59.6771421432495	1	1	1	1	1	1	1	1	0	0	0	0	0	0	0	0
TC	UKBB	1	235	909	5	5.92759156227112	0	0	0	0	0	0	0	0	0	0	0	0	0	0	0	0
TC	UKBB	1	238	2151	5	83.5053699016571	0	0	1	7	0	0	1	7	0	0	0	0	0	0	0	0
TC	UKBB	1	239	603	5	4.69844222068787	0	0	0	0	0	0	0	0	0	0	0	0	0	0	0	0
TC	UKBB	1	240	2220	5	115.623216629028	0	0	0	0	0	0	0	0	0	0	0	0	0	0	0	0
TC	UKBB	1	252	504	5	3.15967893600464	0	3	4	22	0	3	4	22	0	0	2	7	0	0	2	16
TC	UKBB	1	253	142	5	0.875631809234619	1	1	1	1	1	1	1	1	0	0	0	0	0	0	0	0
TC	UKBB	1	254	766	5	5.74633741378784	0	1	1	3	0	1	1	3	0	1	1	3	0	0	0	0
TC	UKBB	1	255	562	5	4.49085187911987	0	1	1	7	0	1	1	7	0	0	0	0	0	0	0	0
TC	UKBB	1	257	710	5	5.71132373809814	0	0	0	0	0	0	0	0	0	0	0	0	0	0	0	0
TC	UKBB	1	280	1906	5	73.5066432952881	0	0	0	0	0	0	0	0	0	0	0	0	0	0	0	0
TC	UKBB	1	281	1192	5	12.6052060127258	0	0	0	0	0	0	0	0	0	0	0	0	0	0	0	0
TC	UKBB	2	6	616	5	2.49574708938599	0	1	1	3	0	1	1	3	0	0	1	3	0	0	0	0
TC	UKBB	2	21	260	5	0.601537942886353	0	0	1	8	0	0	1	8	0	0	0	0	0	0	1	8
TC	UKBB	2	31	316	5	1.83023452758789	0	0	0	0	0	0	0	0	0	0	0	0	0	0	0	0
TC	UKBB	2	32	432	5	1.77064251899719	0	0	0	0	0	0	0	0	0	0	0	0	0	0	0	0
TC	UKBB	2	37	485	5	3.19514679908752	0	0	0	0	0	0	0	0	0	0	0	0	0	0	0	0
TC	UKBB	2	38	1142	5	11.51877784729	0	0	0	0	0	0	0	0	0	0	0	0	0	0	0	0
TC	UKBB	2	39	542	5	2.4234459400177	0	0	0	0	0	0	0	0	0	0	0	0	0	0	0	0
TC	UKBB	2	40	1669	5	57.0704255104065	0	0	0	0	0	0	0	0	0	0	0	0	0	0	0	0
TC	UKBB	2	41	740	5	10.8346748352051	0	1	2	9	0	1	2	9	0	0	0	0	0	0	0	0
TC	UKBB	2	42	66	5	0.397171258926392	0	1	1	2	0	0	0	0	0	1	1	2	0	0	0	0
TC	UKBB	2	43	165	5	1.09275436401367	0	0	0	0	0	0	0	0	0	0	0	0	0	0	0	0
TC	UKBB	2	44	496	10	14.1839754581451	3	6	6	10	3	6	6	10	1	2	2	3	2	2	1	1
TC	UKBB	2	45	1181	5	17.9302315711975	0	1	1	5	0	1	1	5	0	0	1	5	0	0	0	0
TC	UKBB	2	46	640	5	3.20698189735413	0	0	1	24	0	0	1	24	0	0	0	0	0	0	0	0
TC	UKBB	2	47	1529	5	35.6881880760193	0	0	1	34	0	0	1	34	0	0	0	0	0	0	0	0
TC	UKBB	2	48	765	5	4.29336452484131	0	0	0	0	0	0	0	0	0	0	0	0	0	0	0	0
TC	UKBB	2	49	943	5	13.4723460674286	1	2	3	13	1	2	3	13	1	1	1	1	0	0	1	2
TC	UKBB	2	50	885	5	8.24406671524048	0	0	0	0	0	0	0	0	0	0	0	0	0	0	0	0
TC	UKBB	2	51	1123	5	12.2616283893585	0	0	0	0	0	0	0	0	0	0	0	0	0	0	0	0
TC	UKBB	2	53	793	5	6.9140317440033	0	0	0	0	0	0	0	0	0	0	0	0	0	0	0	0
TC	UKBB	2	55	2008	5	84.1183278560638	0	0	0	0	0	0	0	0	0	0	0	0	0	0	0	0
TC	UKBB	2	56	111	5	0.359756708145142	0	0	0	0	0	0	0	0	0	0	0	0	0	0	0	0
TC	UKBB	2	66	2317	5	124.218399047852	0	0	0	0	0	0	0	0	0	0	0	0	0	0	0	0
TC	UKBB	2	69	1418	5	38.2722110748291	0	0	0	0	0	0	0	0	0	0	0	0	0	0	0	0
TC	UKBB	2	71	970	10	21.6785073280334	0	4	7	23	0	4	6	21	0	0	0	0	0	0	0	0
TC	UKBB	2	72	1796	5	60.813910484314	1	3	4	27	1	3	4	27	0	1	1	2	0	0	1	16
TC	UKBB	2	74	629	5	2.15065789222717	0	0	0	0	0	0	0	0	0	0	0	0	0	0	0	0
TC	UKBB	2	75	784	5	5.98137331008911	0	1	1	3	0	1	1	3	0	0	0	0	0	0	0	0
TC	UKBB	2	77	699	5	2.80107450485229	0	0	0	0	0	0	0	0	0	0	0	0	0	0	0	0
TC	UKBB	2	84	3853	5	464.834357976913	0	0	0	0	0	0	0	0	0	0	0	0	0	0	0	0
TC	UKBB	2	88	3668	5	501.133920192719	0	0	2	42	0	0	2	42	0	0	0	0	0	0	0	0
TC	UKBB	2	89	734	5	4.71470952033997	0	0	0	0	0	0	0	0	0	0	0	0	0	0	0	0
TC	UKBB	2	97	1284	5	22.2893316745758	0	0	0	0	0	0	0	0	0	0	0	0	0	0	0	0
TC	UKBB	2	99	581	5	3.2985405921936	0	0	0	0	0	0	0	0	0	0	0	0	0	0	0	0
TC	UKBB	2	100	711	5	5.48797130584717	0	0	0	0	0	0	0	0	0	0	0	0	0	0	0	0
TC	UKBB	2	102	516	5	4.33118486404419	0	0	0	0	0	0	0	0	0	0	0	0	0	0	0	0
TC	UKBB	2	107	1906	5	58.24373960495	0	0	0	0	0	0	0	0	0	0	0	0	0	0	0	0
TC	UKBB	2	115	1579	5	35.7382192611694	0	0	1	6	0	0	1	6	0	0	0	0	0	0	1	6
TC	UKBB	2	121	1547	5	35.6381278038025	0	0	2	50	0	0	2	50	0	0	0	0	0	0	0	0
TC	UKBB	2	122	655	5	4.12686324119568	0	1	1	2	0	1	1	2	0	1	1	2	0	0	0	0
TC	UKBB	2	124	1022	5	9.37897849082947	0	0	1	17	0	0	1	17	0	0	0	0	0	0	0	0
TC	UKBB	2	125	1009	5	11.8416316509247	0	0	0	0	0	0	0	0	0	0	0	0	0	0	0	0
TC	UKBB	2	127	2229	5	83.4674034118652	0	0	0	0	0	0	0	0	0	0	0	0	0	0	0	0
TC	UKBB	2	128	1546	5	40.1965236663818	1	1	3	19	1	1	3	19	0	0	0	0	0	0	0	0
TC	UKBB	2	130	278	5	2.31002616882324	0	1	0	0	0	0	0	0	0	0	0	0	0	0	0	0
TC	UKBB	2	131	53	5	0.320078611373901	1	1	1	1	1	1	1	1	0	1	1	1	0	0	0	0
TC	UKBB	2	138	1530	5	35.8600022792816	0	0	0	0	0	0	0	0	0	0	0	0	0	0	0	0
TC	UKBB	2	146	1412	5	20.9735939502716	0	0	1	3	0	0	1	3	0	0	0	0	0	0	1	3
TC	UKBB	2	147	2727	5	175.784369945526	0	0	0	0	0	0	0	0	0	0	0	0	0	0	0	0
TC	UKBB	2	152	821	5	9.12681865692139	0	0	0	0	0	0	0	0	0	0	0	0	0	0	0	0
TC	UKBB	2	153	1234	5	15.8584172725677	0	0	0	0	0	0	0	0	0	0	0	0	0	0	0	0
TC	UKBB	2	155	913	5	6.61286807060242	0	1	0	0	0	1	0	0	0	0	0	0	0	0	0	0
TC	UKBB	2	162	479	5	2.59547805786133	0	0	0	0	0	0	0	0	0	0	0	0	0	0	0	0
TC	UKBB	2	163	70	5	0.941993951797485	0	0	1	6	0	0	1	6	0	0	0	0	0	0	0	0
TC	UKBB	2	164	303	5	1.65095591545105	0	0	0	0	0	0	0	0	0	0	0	0	0	0	0	0
TC	UKBB	2	166	2307	5	130.721314907074	0	0	0	0	0	0	0	0	0	0	0	0	0	0	0	0
TC	UKBB	2	168	1043	5	7.58542656898499	0	0	0	0	0	0	0	0	0	0	0	0	0	0	0	0
TC	UKBB	2	171	1720	5	33.9175703525543	0	0	0	0	0	0	0	0	0	0	0	0	0	0	0	0
TC	UKBB	2	172	301	5	2.11541342735291	0	0	1	7	0	0	1	7	0	0	1	7	0	0	0	0
TC	UKBB	2	177	1516	5	38.0689527988434	0	0	0	0	0	0	0	0	0	0	0	0	0	0	0	0
TC	UKBB	2	180	980	5	9.48785161972046	0	0	0	0	0	0	0	0	0	0	0	0	0	0	0	0
TC	UKBB	2	181	1242	5	13.5303936004639	0	0	0	0	0	0	0	0	0	0	0	0	0	0	0	0
TC	UKBB	2	192	1467	5	18.4471344947815	0	0	0	0	0	0	0	0	0	0	0	0	0	0	0	0
TC	UKBB	2	196	1728	5	55.0962579250336	0	0	0	0	0	0	0	0	0	0	0	0	0	0	0	0
TC	UKBB	2	198	641	5	2.48600888252258	0	0	0	0	0	0	0	0	0	0	0	0	0	0	0	0
TC	UKBB	2	199	1420	5	23.3679416179657	0	0	1	3	0	0	1	3	0	0	0	0	0	0	0	0
TC	UKBB	2	205	665	5	4.03840851783752	0	0	0	0	0	0	0	0	0	0	0	0	0	0	0	0
TC	UKBB	2	208	1644	5	45.9983403682709	0	0	0	0	0	0	0	0	0	0	0	0	0	0	0	0
TC	UKBB	2	210	871	5	6.56251287460327	0	0	0	0	0	0	0	0	0	0	0	0	0	0	0	0
TC	UKBB	2	211	1318	5	20.7682116031647	0	0	0	0	0	0	0	0	0	0	0	0	0	0	0	0
TC	UKBB	2	212	1282	5	12.2439365386963	0	0	0	0	0	0	0	0	0	0	0	0	0	0	0	0
TC	UKBB	2	213	2400	5	146.263003826141	0	0	1	6	0	0	1	6	0	0	1	6	0	0	0	0
TC	UKBB	2	217	569	5	4.66015648841858	0	0	1	37	0	0	1	37	0	0	0	0	0	0	0	0
TC	UKBB	2	218	494	5	4.14728713035583	0	0	0	0	0	0	0	0	0	0	0	0	0	0	0	0
TC	UKBB	2	228	758	5	5.58195471763611	0	0	0	0	0	0	0	0	0	0	0	0	0	0	0	0
TC	UKBB	2	232	664	5	4.05298686027527	0	0	0	0	0	0	0	0	0	0	0	0	0	0	0	0
TC	UKBB	2	233	327	5	5.21267795562744	0	0	0	0	0	0	0	0	0	0	0	0	0	0	0	0
TC	UKBB	2	241	634	5	3.21982574462891	0	0	0	0	0	0	0	0	0	0	0	0	0	0	0	0
TC	UKBB	2	242	1008	5	9.97759532928467	0	0	2	12	0	0	2	12	0	0	0	0	0	0	0	0
TC	UKBB	2	250	2356	5	139.899053096771	0	0	0	0	0	0	0	0	0	0	0	0	0	0	0	0
TC	UKBB	2	255	1002	5	12.0995795726776	0	0	0	0	0	0	0	0	0	0	0	0	0	0	0	0
TC	UKBB	3	24	1310	5	20.3950033187866	1	1	2	8	1	1	2	8	0	0	0	0	0	0	0	0
TC	UKBB	3	41	1716	5	51.5986623764038	0	1	0	0	0	1	0	0	0	0	0	0	0	0	0	0
TC	UKBB	3	45	809	5	6.0371949672699	0	0	0	0	0	0	0	0	0	0	0	0	0	0	0	0
TC	UKBB	3	51	559	5	2.93609762191772	0	1	1	4	0	1	1	4	0	0	0	0	0	0	1	4
TC	UKBB	3	56	781	5	7.4651403427124	0	0	0	0	0	0	0	0	0	0	0	0	0	0	0	0
TC	UKBB	3	70	1510	5	28.1615853309631	0	0	0	0	0	0	0	0	0	0	0	0	0	0	0	0
TC	UKBB	3	71	1204	5	11.5540103912354	0	1	1	9	0	1	1	9	0	0	0	0	0	0	0	0
TC	UKBB	3	83	2202	5	119.317421197891	0	0	0	0	0	0	0	0	0	0	0	0	0	0	0	0
TC	UKBB	3	88	1413	5	23.3029618263245	0	0	0	0	0	0	0	0	0	0	0	0	0	0	0	0
TC	UKBB	3	89	1151	5	13.2256345748901	0	0	0	0	0	0	0	0	0	0	0	0	0	0	0	0
TC	UKBB	3	104	2663	5	165.633988142014	0	0	0	0	0	0	0	0	0	0	0	0	0	0	0	0
TC	UKBB	3	107	978	5	6.32148265838623	0	0	0	0	0	0	0	0	0	0	0	0	0	0	0	0
TC	UKBB	3	112	1280	5	14.9475359916687	0	0	0	0	0	0	0	0	0	0	0	0	0	0	0	0
TC	UKBB	3	113	408	5	1.58427739143372	0	0	0	0	0	0	0	0	0	0	0	0	0	0	0	0
TC	UKBB	3	120	1021	5	8.72545790672302	1	1	2	10	1	1	2	10	0	0	0	0	0	0	1	9
TC	UKBB	3	121	1127	5	11.085428237915	0	0	1	16	0	0	1	16	0	0	0	0	0	0	0	0
TC	UKBB	3	122	292	5	1.05542039871216	0	0	0	0	0	0	0	0	0	0	0	0	0	0	0	0
TC	UKBB	3	123	536	5	3.23101592063904	0	0	0	0	0	0	0	0	0	0	0	0	0	0	0	0
TC	UKBB	3	127	1433	5	22.272999048233	0	0	0	0	0	0	0	0	0	0	0	0	0	0	0	0
TC	UKBB	3	128	523	5	2.26015663146973	0	0	0	0	0	0	0	0	0	0	0	0	0	0	0	0
TC	UKBB	3	129	817	5	4.64381337165833	0	0	0	0	0	0	0	0	0	0	0	0	0	0	0	0
TC	UKBB	3	131	341	5	1.64191389083862	0	1	0	0	0	1	0	0	0	0	0	0	0	1	0	0
TC	UKBB	3	132	1577	5	43.6209313869476	0	0	1	5	0	0	1	5	0	0	0	0	0	0	0	0
TC	UKBB	3	135	1187	5	12.7786993980408	1	1	1	1	1	1	1	1	0	0	0	0	0	0	0	0
TC	UKBB	3	136	651	5	5.12898755073547	0	0	0	0	0	0	0	0	0	0	0	0	0	0	0	0
TC	UKBB	3	140	1171	5	10.3278746604919	0	0	0	0	0	0	0	0	0	0	0	0	0	0	0	0
TC	UKBB	3	145	1381	5	23.511549949646	0	1	2	26	0	1	2	26	0	0	0	0	0	0	0	0
TC	UKBB	3	149	1045	5	8.54265356063843	0	0	0	0	0	0	0	0	0	0	0	0	0	0	0	0
TC	UKBB	3	150	1149	5	10.2881124019623	0	0	0	0	0	0	0	0	0	0	0	0	0	0	0	0
TC	UKBB	3	154	443	5	2.23318839073181	0	0	0	0	0	0	0	0	0	0	0	0	0	0	0	0
TC	UKBB	3	158	1506	5	32.2745976448059	0	0	0	0	0	0	0	0	0	0	0	0	0	0	0	0
TC	UKBB	3	161	1618	5	49.9485228061676	0	0	0	0	0	0	0	0	0	0	0	0	0	0	0	0
TC	UKBB	3	165	1302	5	16.8925158977509	0	0	1	17	0	0	1	17	0	0	0	0	0	0	0	0
TC	UKBB	3	170	947	5	7.95915126800537	0	0	0	0	0	0	0	0	0	0	0	0	0	0	0	0
TC	UKBB	3	172	815	5	6.42589616775513	0	0	1	9	0	0	1	9	0	0	0	0	0	0	0	0
TC	UKBB	3	173	466	5	1.93333339691162	0	0	0	0	0	0	0	0	0	0	0	0	0	0	0	0
TC	UKBB	3	175	390	5	2.48112511634827	0	0	0	0	0	0	0	0	0	0	0	0	0	0	0	0
TC	UKBB	3	190	726	5	7.0490996837616	0	0	0	0	0	0	0	0	0	0	0	0	0	0	0	0
TC	UKBB	3	191	777	5	3.39059019088745	0	1	1	3	0	1	1	3	0	0	0	0	0	1	1	3
TC	UKBB	3	193	1460	5	36.9272048473358	0	0	0	0	0	0	0	0	0	0	0	0	0	0	0	0
TC	UKBB	3	195	2652	5	180.742761850357	0	0	0	0	0	0	0	0	0	0	0	0	0	0	0	0
TC	UKBB	3	214	1354	5	21.767107963562	0	0	0	0	0	0	0	0	0	0	0	0	0	0	0	0
TC	UKBB	3	216	620	5	3.40378022193909	0	0	0	0	0	0	0	0	0	0	0	0	0	0	0	0
TC	UKBB	4	1	3221	5	315.947376012802	1	2	2	3	1	2	2	3	0	0	0	0	0	1	1	2
TC	UKBB	4	15	547	5	3.97002363204956	0	0	0	0	0	0	0	0	0	0	0	0	0	0	0	0
TC	UKBB	4	19	473	5	1.43738889694214	0	1	2	8	0	1	1	4	0	0	0	0	0	1	1	4
TC	UKBB	4	21	2388	5	151.576355457306	0	0	0	0	0	0	0	0	0	0	0	0	0	0	0	0
TC	UKBB	4	28	1303	5	13.7054972648621	0	0	0	0	0	0	0	0	0	0	0	0	0	0	0	0
TC	UKBB	4	42	198	5	1.4256763458252	0	0	0	0	0	0	0	0	0	0	0	0	0	0	0	0
TC	UKBB	4	54	3332	5	390.667176485062	0	0	0	0	0	0	0	0	0	0	0	0	0	0	0	0
TC	UKBB	4	55	1259	5	11.9642734527588	0	0	0	0	0	0	0	0	0	0	0	0	0	0	0	0
TC	UKBB	4	57	165	5	1.13956809043884	0	1	0	0	0	1	0	0	0	1	0	0	0	0	0	0
TC	UKBB	4	64	1906	5	52.5399796962738	0	1	0	0	0	0	0	0	0	1	0	0	0	0	0	0
TC	UKBB	4	65	795	5	5.32914876937866	0	0	0	0	0	0	0	0	0	0	0	0	0	0	0	0
TC	UKBB	4	66	944	5	7.03897619247437	0	0	0	0	0	0	0	0	0	0	0	0	0	0	0	0
TC	UKBB	4	71	616	5	2.68798685073853	0	0	0	0	0	0	0	0	0	0	0	0	0	0	0	0
TC	UKBB	4	79	992	5	7.85025477409363	0	0	0	0	0	0	0	0	0	0	0	0	0	0	0	0
TC	UKBB	4	80	1234	5	14.122581243515	0	1	1	2	0	1	1	2	0	1	1	2	0	0	0	0
TC	UKBB	4	84	1092	5	8.74539470672607	0	0	0	0	0	0	0	0	0	0	0	0	0	0	0	0
TC	UKBB	4	85	518	5	4.53589630126953	0	0	0	0	0	0	0	0	0	0	0	0	0	0	0	0
TC	UKBB	4	86	119	5	0.530045509338379	0	0	0	0	0	0	0	0	0	0	0	0	0	0	0	0
TC	UKBB	4	87	1849	5	65.6883347034454	0	0	0	0	0	0	0	0	0	0	0	0	0	0	0	0
TC	UKBB	4	90	988	5	6.79689025878906	0	0	0	0	0	0	0	0	0	0	0	0	0	0	0	0
TC	UKBB	4	92	992	5	6.86497354507446	0	1	1	4	0	1	1	4	0	0	0	0	0	0	0	0
TC	UKBB	4	101	1314	5	17.7026100158691	0	1	0	0	0	1	0	0	0	0	0	0	0	0	0	0
TC	UKBB	4	113	1258	5	12.0102863311768	0	0	1	17	0	0	1	17	0	0	0	0	0	0	0	0
TC	UKBB	4	114	1389	5	22.9434087276459	0	0	0	0	0	0	0	0	0	0	0	0	0	0	0	0
TC	UKBB	4	115	610	5	2.8429479598999	0	2	2	8	0	2	2	8	0	1	0	0	0	0	0	0
TC	UKBB	4	116	794	5	7.76870226860046	0	0	1	11	0	0	1	11	0	0	0	0	0	0	0	0
TC	UKBB	4	117	1138	5	10.7875463962555	0	0	0	0	0	0	0	0	0	0	0	0	0	0	0	0
TC	UKBB	4	121	999	5	5.46148800849915	0	0	1	46	0	0	1	46	0	0	0	0	0	0	0	0
TC	UKBB	4	129	1419	5	24.776549577713	0	0	0	0	0	0	0	0	0	0	0	0	0	0	0	0
TC	UKBB	4	130	1319	5	15.8803508281708	0	0	0	0	0	0	0	0	0	0	0	0	0	0	0	0
TC	UKBB	4	134	2374	5	115.570160865784	0	0	0	0	0	0	0	0	0	0	0	0	0	0	0	0
TC	UKBB	4	136	1766	5	52.7277631759644	0	0	0	0	0	0	0	0	0	0	0	0	0	0	0	0
TC	UKBB	4	148	844	5	4.19985294342041	0	0	0	0	0	0	0	0	0	0	0	0	0	0	0	0
TC	UKBB	4	150	1107	5	9.69815754890442	0	0	0	0	0	0	0	0	0	0	0	0	0	0	0	0
TC	UKBB	4	151	394	5	1.95442843437195	0	0	0	0	0	0	0	0	0	0	0	0	0	0	0	0
TC	UKBB	4	156	1741	5	53.3331987857819	0	0	0	0	0	0	0	0	0	0	0	0	0	0	0	0
TC	UKBB	4	159	580	5	4.6986927986145	0	1	1	2	0	1	1	2	0	0	0	0	0	0	0	0
TC	UKBB	4	161	466	5	2.3044605255127	0	0	0	0	0	0	0	0	0	0	0	0	0	0	0	0
TC	UKBB	4	162	976	5	6.31803727149963	0	0	1	19	0	0	1	19	0	0	0	0	0	0	0	0
TC	UKBB	4	203	670	5	3.78528428077698	0	0	0	0	0	0	0	0	0	0	0	0	0	0	0	0
TC	UKBB	5	6	539	5	1.49157190322876	0	0	0	0	0	0	0	0	0	0	0	0	0	0	0	0
TC	UKBB	5	28	568	5	2.26996159553528	0	0	0	0	0	0	0	0	0	0	0	0	0	0	0	0
TC	UKBB	5	43	1088	5	7.93374419212341	0	0	0	0	0	0	0	0	0	0	0	0	0	0	0	0
TC	UKBB	5	56	1802	5	65.8216660022736	0	0	0	0	0	0	0	0	0	0	0	0	0	0	0	0
TC	UKBB	5	57	1117	5	9.735591173172	0	0	0	0	0	0	0	0	0	0	0	0	0	0	0	0
TC	UKBB	5	64	1476	5	34.0141389369965	0	1	0	0	0	1	0	0	0	0	0	0	0	0	0	0
TC	UKBB	5	68	386	5	2.20404148101807	0	0	0	0	0	0	0	0	0	0	0	0	0	0	0	0
TC	UKBB	5	69	560	5	2.98332524299622	0	0	0	0	0	0	0	0	0	0	0	0	0	0	0	0
TC	UKBB	5	71	1835	5	47.4369626045227	0	0	0	0	0	0	0	0	0	0	0	0	0	0	0	0
TC	UKBB	5	74	2170	5	105.076802015305	0	0	0	0	0	0	0	0	0	0	0	0	0	0	0	0
TC	UKBB	5	81	942	5	8.50499272346497	0	0	1	31	0	0	1	31	0	0	0	0	0	0	0	0
TC	UKBB	5	84	240	5	1.47658014297485	0	0	0	0	0	0	0	0	0	0	0	0	0	0	0	0
TC	UKBB	5	85	1450	5	29.5179395675659	0	1	2	15	0	1	2	15	0	1	0	0	0	1	1	5
TC	UKBB	5	92	883	5	6.21834635734558	0	0	0	0	0	0	0	0	0	0	0	0	0	0	0	0
TC	UKBB	5	109	700	5	3.04973220825195	0	0	0	0	0	0	0	0	0	0	0	0	0	0	0	0
TC	UKBB	5	130	1841	5	66.7218880653381	0	0	1	13	0	0	1	13	0	0	0	0	0	0	0	0
TC	UKBB	5	134	1116	5	16.8357727527618	0	0	0	0	0	0	0	0	0	0	0	0	0	0	0	0
TC	UKBB	5	136	1650	5	32.8975138664246	0	0	0	0	0	0	0	0	0	0	0	0	0	0	0	0
TC	UKBB	5	146	1300	5	16.1136572360992	0	0	1	49	0	0	1	49	0	0	0	0	0	0	0	0
TC	UKBB	5	147	800	5	8.3668372631073	0	1	0	0	0	1	0	0	0	0	0	0	0	0	0	0
TC	UKBB	5	154	875	5	5.17450356483459	0	0	0	0	0	0	0	0	0	0	0	0	0	0	0	0
TC	UKBB	5	156	903	5	6.71639537811279	0	0	1	29	0	0	1	29	0	0	0	0	0	0	0	0
TC	UKBB	5	158	871	5	5.80764293670654	0	0	0	0	0	0	0	0	0	0	0	0	0	0	0	0
TC	UKBB	5	165	781	5	4.25050616264343	0	0	0	0	0	0	0	0	0	0	0	0	0	0	0	0
TC	UKBB	5	166	1263	5	22.6210119724274	0	1	3	52	0	1	3	52	0	1	1	3	0	0	1	3
TC	UKBB	5	167	973	5	6.14759850502014	0	0	0	0	0	0	0	0	0	0	0	0	0	0	0	0
TC	UKBB	5	168	1212	5	12.824556350708	0	0	0	0	0	0	0	0	0	0	0	0	0	0	0	0
TC	UKBB	5	191	1771	5	52.0908899307251	0	0	0	0	0	0	0	0	0	0	0	0	0	0	0	0
TC	UKBB	5	202	422	5	1.57684445381165	0	0	0	0	0	0	0	0	0	0	0	0	0	0	0	0
TC	UKBB	5	207	871	5	5.94056272506714	0	0	0	0	0	0	0	0	0	0	0	0	0	0	0	0
TC	UKBB	5	210	119	5	0.994649410247803	0	0	0	0	0	0	0	0	0	0	0	0	0	0	0	0
TC	UKBB	5	211	292	5	2.40210294723511	0	0	0	0	0	0	0	0	0	0	0	0	0	0	0	0
TC	UKBB	6	1	1245	5	15.8160617351532	0	0	0	0	0	0	0	0	0	0	0	0	0	0	0	0
TC	UKBB	6	19	1083	5	10.4131865501404	0	0	0	0	0	0	0	0	0	0	0	0	0	0	0	0
TC	UKBB	6	20	717	5	3.83015775680542	0	0	0	0	0	0	0	0	0	0	0	0	0	0	0	0
TC	UKBB	6	25	800	5	5.50769209861755	0	0	0	0	0	0	0	0	0	0	0	0	0	0	0	0
TC	UKBB	6	27	701	5	2.83877468109131	0	0	0	0	0	0	0	0	0	0	0	0	0	0	0	0
TC	UKBB	6	30	150	5	0.539684534072876	0	0	0	0	0	0	0	0	0	0	0	0	0	0	0	0
TC	UKBB	6	34	1149	5	13.3963301181793	0	0	0	0	0	0	0	0	0	0	0	0	0	0	0	0
TC	UKBB	6	35	370	5	1.77093482017517	0	1	2	11	0	1	2	11	0	0	1	2	0	0	0	0
TC	UKBB	6	39	1893	5	62.1707265377045	0	0	0	0	0	0	0	0	0	0	0	0	0	0	0	0
TC	UKBB	6	43	1220	5	14.2216467857361	0	0	1	4	0	0	1	4	0	0	0	0	0	0	0	0
TC	UKBB	6	44	209	5	1.37058973312378	0	0	0	0	0	0	0	0	0	0	0	0	0	0	0	0
TC	UKBB	6	47	1636	5	42.6670961380005	0	0	0	0	0	0	0	0	0	0	0	0	0	0	0	0
TC	UKBB	6	51	2138	5	81.1529607772827	0	0	2	22	0	0	2	22	0	0	0	0	0	0	0	0
TC	UKBB	6	52	789	5	5.08383440971375	0	0	0	0	0	0	0	0	0	0	0	0	0	0	0	0
TC	UKBB	6	53	644	5	2.12593293190002	0	0	1	11	0	0	1	11	0	0	0	0	0	0	0	0
TC	UKBB	6	56	692	5	2.91517639160156	0	0	1	15	0	0	1	15	0	0	0	0	0	0	0	0
TC	UKBB	6	58	1217	5	15.7797636985779	0	0	0	0	0	0	0	0	0	0	0	0	0	0	0	0
TC	UKBB	6	63	977	5	6.52118992805481	0	0	0	0	0	0	0	0	0	0	0	0	0	0	0	0
TC	UKBB	6	64	117	5	0.824586391448975	0	0	0	0	0	0	0	0	0	0	0	0	0	0	0	0
TC	UKBB	6	65	333	5	1.16419768333435	0	0	0	0	0	0	0	0	0	0	0	0	0	0	0	0
TC	UKBB	6	69	867	5	5.71643280982971	0	0	0	0	0	0	0	0	0	0	0	0	0	0	0	0
TC	UKBB	6	72	525	5	4.68308973312378	0	0	0	0	0	0	0	0	0	0	0	0	0	0	0	0
TC	UKBB	6	73	196	5	0.900365591049194	0	0	1	43	0	0	1	43	0	0	0	0	0	0	0	0
TC	UKBB	6	75	193	5	1.13560009002686	0	0	2	17	0	0	2	17	0	0	0	0	0	0	0	0
TC	UKBB	6	76	2257	5	80.0609931945801	0	0	0	0	0	0	0	0	0	0	0	0	0	0	0	0
TC	UKBB	6	85	2418	5	101.470609426498	0	0	1	23	0	0	1	23	0	0	0	0	0	0	0	0
TC	UKBB	6	87	1640	5	27.7285327911377	0	0	0	0	0	0	0	0	0	0	0	0	0	0	0	0
TC	UKBB	6	88	3025	5	263.716502428055	0	0	0	0	0	0	0	0	0	0	0	0	0	0	0	0
TC	UKBB	6	94	1830	5	57.4816701412201	0	0	0	0	0	0	0	0	0	0	0	0	0	0	0	0
TC	UKBB	6	99	1354	5	20.6963095664978	0	0	0	0	0	0	0	0	0	0	0	0	0	0	0	0
TC	UKBB	6	100	24	5	0.109592914581299	1	1	1	1	1	1	1	1	0	1	1	1	0	0	0	0
TC	UKBB	6	101	1237	5	12.0643956661224	0	0	1	35	0	0	1	35	0	0	0	0	0	0	0	0
TC	UKBB	6	105	1282	5	16.6455466747284	0	0	0	0	0	0	0	0	0	0	0	0	0	0	0	0
TC	UKBB	6	109	1045	5	8.906174659729	0	0	0	0	0	0	0	0	0	0	0	0	0	0	0	0
TC	UKBB	6	115	2358	5	108.371557235718	0	1	1	4	0	1	1	4	0	0	0	0	0	0	0	0
TC	UKBB	6	116	1524	5	41.991548538208	0	0	0	0	0	0	0	0	0	0	0	0	0	0	0	0
TC	UKBB	6	117	2382	5	118.761080741882	0	0	0	0	0	0	0	0	0	0	0	0	0	0	0	0
TC	UKBB	6	124	1225	5	15.024169921875	0	0	1	11	0	0	1	11	0	0	0	0	0	0	0	0
TC	UKBB	6	127	793	5	4.5541787147522	0	0	1	11	0	0	1	11	0	0	0	0	0	0	0	0
TC	UKBB	6	128	1192	5	13.2265889644623	0	0	0	0	0	0	0	0	0	0	0	0	0	0	0	0
TC	UKBB	6	130	1570	5	31.8316497802734	0	0	0	0	0	0	0	0	0	0	0	0	0	0	0	0
TC	UKBB	6	134	854	5	5.27843976020813	0	0	1	8	0	0	1	8	0	0	0	0	0	0	1	8
TC	UKBB	6	135	423	5	1.48125505447388	0	0	0	0	0	0	0	0	0	0	0	0	0	0	0	0
TC	UKBB	6	137	461	5	2.72631478309631	0	0	0	0	0	0	0	0	0	0	0	0	0	0	0	0
TC	UKBB	6	138	731	5	4.18305325508118	0	0	0	0	0	0	0	0	0	0	0	0	0	0	0	0
TC	UKBB	6	140	864	5	5.99458622932434	0	0	0	0	0	0	0	0	0	0	0	0	0	0	0	0
TC	UKBB	6	146	567	5	4.10173344612122	0	0	0	0	0	0	0	0	0	0	0	0	0	0	0	0
TC	UKBB	6	148	379	5	1.77267050743103	0	0	0	0	0	0	0	0	0	0	0	0	0	0	0	0
TC	UKBB	6	154	1032	5	8.22779560089111	0	0	0	0	0	0	0	0	0	0	0	0	0	0	0	0
TC	UKBB	6	158	1008	5	7.86787247657776	0	0	0	0	0	0	0	0	0	0	0	0	0	0	0	0
TC	UKBB	6	160	1314	5	17.2622237205505	0	0	0	0	0	0	0	0	0	0	0	0	0	0	0	0
TC	UKBB	6	168	1368	5	20.3185737133026	0	0	0	0	0	0	0	0	0	0	0	0	0	0	0	0
TC	UKBB	6	169	2242	5	116.29349398613	3	4	4	7	3	4	4	7	0	1	0	0	0	1	0	0
TC	UKBB	6	183	435	5	1.60430979728699	0	0	0	0	0	0	0	0	0	0	0	0	0	0	0	0
TC	UKBB	7	3	633	5	4.08635878562927	0	0	1	11	0	0	1	11	0	0	0	0	0	0	0	0
TC	UKBB	7	5	1246	5	13.6136803627014	0	0	0	0	0	0	0	0	0	0	0	0	0	0	0	0
TC	UKBB	7	6	567	5	1.64022850990295	0	0	0	0	0	0	0	0	0	0	0	0	0	0	0	0
TC	UKBB	7	11	715	5	3.5598087310791	0	0	0	0	0	0	0	0	0	0	0	0	0	0	0	0
TC	UKBB	7	12	1608	5	23.294939994812	1	1	1	1	1	1	1	1	0	0	0	0	0	0	0	0
TC	UKBB	7	28	394	5	1.64593029022217	0	0	0	0	0	0	0	0	0	0	0	0	0	0	0	0
TC	UKBB	7	33	1692	5	50.5910391807556	0	0	1	58	0	0	1	58	0	0	0	0	0	0	0	0
TC	UKBB	7	37	1704	5	40.325129032135	0	1	2	14	0	1	2	14	0	0	0	0	0	0	0	0
TC	UKBB	7	40	2163	5	114.42674446106	0	0	0	0	0	0	0	0	0	0	0	0	0	0	0	0
TC	UKBB	7	41	1221	5	11.1317181587219	0	0	0	0	0	0	0	0	0	0	0	0	0	0	0	0
TC	UKBB	7	42	1335	5	19.9684467315674	0	0	1	6	0	0	1	6	0	0	0	0	0	0	0	0
TC	UKBB	7	44	231	5	1.74939012527466	0	0	1	7	0	0	1	7	0	0	0	0	0	0	0	0
TC	UKBB	7	50	829	5	7.08940410614014	0	0	0	0	0	0	0	0	0	0	0	0	0	0	0	0
TC	UKBB	7	51	902	5	6.15747380256653	0	0	0	0	0	0	0	0	0	0	0	0	0	0	0	0
TC	UKBB	7	58	1161	5	12.0888917446136	0	1	2	14	0	1	2	14	0	1	1	2	0	0	0	0
TC	UKBB	7	66	498	5	3.86422371864319	0	1	0	0	0	1	0	0	0	1	0	0	0	0	0	0
TC	UKBB	7	67	2909	5	206.304520130157	1	1	2	14	1	1	2	14	0	0	0	0	0	0	0	0
TC	UKBB	7	73	414	5	1.0761353969574	0	0	0	0	0	0	0	0	0	0	0	0	0	0	0	0
TC	UKBB	7	85	970	5	11.0852115154266	0	0	2	28	0	0	2	28	0	0	0	0	0	0	1	9
TC	UKBB	7	87	45	5	0.194048404693604	0	1	1	2	0	1	1	2	0	0	1	2	0	0	0	0
TC	UKBB	7	88	1437	5	32.1053204536438	0	0	1	40	0	0	1	40	0	0	0	0	0	0	0	0
TC	UKBB	7	89	1263	5	17.006668806076	0	0	0	0	0	0	0	0	0	0	0	0	0	0	0	0
TC	UKBB	7	95	844	5	4.00513052940369	0	0	0	0	0	0	0	0	0	0	0	0	0	0	0	0
TC	UKBB	7	99	1499	5	22.9554274082184	0	0	1	8	0	0	1	8	0	0	0	0	0	0	0	0
TC	UKBB	7	103	850	5	4.84634304046631	0	0	0	0	0	0	0	0	0	0	0	0	0	0	0	0
TC	UKBB	7	107	2237	5	121.464677810669	0	0	0	0	0	0	0	0	0	0	0	0	0	0	0	0
TC	UKBB	7	109	830	5	4.21442890167236	0	0	1	16	0	0	1	16	0	0	0	0	0	0	0	0
TC	UKBB	7	111	1246	5	14.8957762718201	0	1	3	19	0	1	3	19	0	0	0	0	0	0	0	0
TC	UKBB	7	112	789	5	5.1720826625824	0	0	0	0	0	0	0	0	0	0	0	0	0	0	0	0
TC	UKBB	7	113	1345	5	17.5666568279266	0	0	0	0	0	0	0	0	0	0	0	0	0	0	0	0
TC	UKBB	7	119	758	5	4.03649640083313	0	0	0	0	0	0	0	0	0	0	0	0	0	0	0	0
TC	UKBB	7	125	946	5	5.4969425201416	0	0	0	0	0	0	0	0	0	0	0	0	0	0	0	0
TC	UKBB	7	127	256	5	0.862935781478882	0	0	0	0	0	0	0	0	0	0	0	0	0	0	0	0
TC	UKBB	7	131	2255	5	85.2571179866791	0	0	0	0	0	0	0	0	0	0	0	0	0	0	0	0
TC	UKBB	7	132	2346	5	105.435086488724	0	0	0	0	0	0	0	0	0	0	0	0	0	0	0	0
TC	UKBB	7	133	2027	5	58.6794357299805	0	0	0	0	0	0	0	0	0	0	0	0	0	0	0	0
TC	UKBB	7	134	674	5	2.40979862213135	0	0	0	0	0	0	0	0	0	0	0	0	0	0	0	0
TC	UKBB	7	138	1791	5	36.3227398395538	0	1	0	0	0	1	0	0	0	0	0	0	0	0	0	0
TC	UKBB	7	139	379	5	2.0998740196228	0	0	0	0	0	0	0	0	0	0	0	0	0	0	0	0
TC	UKBB	7	140	973	5	7.24227857589722	0	1	1	3	0	1	1	3	0	0	0	0	0	1	1	3
TC	UKBB	7	141	1583	5	29.8213136196136	0	0	0	0	0	0	0	0	0	0	0	0	0	0	0	0
TC	UKBB	7	142	271	5	1.98807692527771	0	0	1	5	0	0	1	5	0	0	0	0	0	0	1	5
TC	UKBB	7	147	512	5	2.0477147102356	0	0	0	0	0	0	0	0	0	0	0	0	0	0	0	0
TC	UKBB	7	152	468	5	2.51974987983704	0	0	0	0	0	0	0	0	0	0	0	0	0	0	0	0
TC	UKBB	7	159	585	5	4.03028273582458	0	1	1	2	0	1	1	2	0	0	0	0	0	0	0	0
TC	UKBB	7	162	1963	5	68.5873136520386	0	0	0	0	0	0	0	0	0	0	0	0	0	0	0	0
TC	UKBB	7	176	218	5	1.61854338645935	0	0	0	0	0	0	0	0	0	0	0	0	0	0	0	0
TC	UKBB	7	177	192	5	0.970372676849365	0	0	0	0	0	0	0	0	0	0	0	0	0	0	0	0
TC	UKBB	7	187	1665	5	36.5291233062744	0	0	0	0	0	0	0	0	0	0	0	0	0	0	0	0
TC	UKBB	8	17	1060	5	10.7669563293457	0	0	1	29	0	0	1	29	0	0	0	0	0	0	0	0
TC	UKBB	8	29	2711	5	166.92676782608	1	1	1	1	1	1	1	1	0	0	0	0	0	0	0	0
TC	UKBB	8	32	1510	5	33.3736140727997	0	0	0	0	0	0	0	0	0	0	0	0	0	0	0	0
TC	UKBB	8	36	351	5	2.74217867851257	0	0	0	0	0	0	0	0	0	0	0	0	0	0	0	0
TC	UKBB	8	39	990	5	6.03387594223022	0	1	2	4	0	1	1	2	1	1	2	3	0	1	1	2
TC	UKBB	8	41	717	5	3.84009289741516	0	0	0	0	0	0	0	0	0	0	0	0	0	0	0	0
TC	UKBB	8	42	1581	5	45.7952511310577	0	0	0	0	0	0	0	0	0	0	0	0	0	0	0	0
TC	UKBB	8	43	1346	5	19.0564613342285	0	0	0	0	0	0	0	0	0	0	0	0	0	0	0	0
TC	UKBB	8	44	483	5	2.65828156471252	0	0	0	0	0	0	0	0	0	0	0	0	0	0	0	0
TC	UKBB	8	45	783	5	8.90931582450867	0	0	0	0	0	0	0	0	0	0	0	0	0	0	0	0
TC	UKBB	8	57	745	5	4.4908664226532	0	0	0	0	0	0	0	0	0	0	0	0	0	0	0	0
TC	UKBB	8	59	514	5	2.171231508255	1	1	1	1	1	1	1	1	0	0	0	0	0	0	0	0
TC	UKBB	8	65	724	5	6.5364785194397	0	0	1	5	0	0	1	5	0	0	0	0	0	0	0	0
TC	UKBB	8	68	1023	5	8.53320360183716	0	0	2	7	0	0	2	7	0	0	0	0	0	0	0	0
TC	UKBB	8	69	1811	5	48.7238416671753	0	1	1	20	0	1	1	20	0	0	0	0	0	0	0	0
TC	UKBB	8	78	274	5	0.905158758163452	0	0	0	0	0	0	0	0	0	0	0	0	0	0	0	0
TC	UKBB	8	81	1282	5	11.7138991355896	0	1	1	5	0	1	1	5	0	0	0	0	0	0	0	0
TC	UKBB	8	83	1848	5	38.2591285705566	0	0	0	0	0	0	0	0	0	0	0	0	0	0	0	0
TC	UKBB	8	84	2495	5	92.7341687679291	0	0	0	0	0	0	0	0	0	0	0	0	0	0	0	0
TC	UKBB	8	85	724	5	5.89704751968384	0	0	0	0	0	0	0	0	0	0	0	0	0	0	0	0
TC	UKBB	8	88	1329	5	11.9243652820587	0	0	0	0	0	0	0	0	0	0	0	0	0	0	0	0
TC	UKBB	8	106	1382	5	20.9912033081055	0	0	0	0	0	0	0	0	0	0	0	0	0	0	0	0
TC	UKBB	8	109	1919	5	82.5362296104431	0	0	0	0	0	0	0	0	0	0	0	0	0	0	0	0
TC	UKBB	8	110	1537	5	25.0540006160736	0	1	0	0	0	1	0	0	0	1	0	0	0	0	0	0
TC	UKBB	8	113	725	5	4.9683849811554	0	0	1	6	0	0	1	6	0	0	0	0	0	0	0	0
TC	UKBB	8	118	576	5	3.61373114585876	0	0	0	0	0	0	0	0	0	0	0	0	0	0	0	0
TC	UKBB	8	121	178	5	1.02375316619873	0	0	0	0	0	0	0	0	0	0	0	0	0	0	0	0
TC	UKBB	8	124	727	5	4.35078167915344	0	0	0	0	0	0	0	0	0	0	0	0	0	0	0	0
TC	UKBB	8	125	315	5	2.84114050865173	1	1	2	5	1	1	2	5	0	0	0	0	0	0	0	0
TC	UKBB	8	126	114	5	0.843635559082031	0	0	0	0	0	0	0	0	0	0	0	0	0	0	0	0
TC	UKBB	8	135	988	5	6.47439384460449	0	0	0	0	0	0	0	0	0	0	0	0	0	0	0	0
TC	UKBB	8	153	505	5	1.45816731452942	0	0	1	79	0	0	1	79	0	0	0	0	0	0	0	0
TC	UKBB	8	159	678	5	3.86616253852844	0	0	0	0	0	0	0	0	0	0	0	0	0	0	0	0
TC	UKBB	8	160	560	5	1.93891024589539	0	1	1	4	0	1	1	4	0	0	0	0	0	0	0	0
TC	UKBB	9	4	1180	5	12.1911144256592	1	1	1	1	1	1	1	1	1	1	1	1	0	1	1	1
TC	UKBB	9	5	239	5	0.786687135696411	0	0	0	0	0	0	0	0	0	0	0	0	0	0	0	0
TC	UKBB	9	9	867	5	7.66626358032227	0	0	0	0	0	0	0	0	0	0	0	0	0	0	0	0
TC	UKBB	9	12	1096	5	9.64867186546326	0	1	0	0	0	1	0	0	0	1	0	0	0	0	0	0
TC	UKBB	9	13	1533	5	39.6947154998779	0	0	0	0	0	0	0	0	0	0	0	0	0	0	0	0
TC	UKBB	9	31	1739	5	60.7110068798065	1	2	2	3	1	2	2	3	0	0	1	2	0	0	1	2
TC	UKBB	9	33	1338	5	19.7889013290405	0	0	0	0	0	0	0	0	0	0	0	0	0	0	0	0
TC	UKBB	9	36	1158	5	9.94208121299744	0	0	2	48	0	0	2	48	0	0	0	0	0	0	1	22
TC	UKBB	9	39	418	5	2.08517098426819	0	1	1	4	0	1	1	4	0	0	0	0	0	0	0	0
TC	UKBB	9	40	2059	5	65.7254567146301	0	0	0	0	0	0	0	0	0	0	0	0	0	0	0	0
TC	UKBB	9	51	592	5	3.2493724822998	0	1	0	0	0	1	0	0	0	0	0	0	0	0	0	0
TC	UKBB	9	53	1758	5	55.3901553153992	0	0	0	0	0	0	0	0	0	0	0	0	0	0	0	0
TC	UKBB	9	69	689	5	3.57440757751465	0	0	0	0	0	0	0	0	0	0	0	0	0	0	0	0
TC	UKBB	9	70	521	5	2.46215772628784	0	0	0	0	0	0	0	0	0	0	0	0	0	0	0	0
TC	UKBB	9	72	271	5	1.43271613121033	0	1	1	2	0	1	1	2	0	1	1	2	0	0	0	0
TC	UKBB	9	73	796	5	4.22321128845215	0	0	0	0	0	0	0	0	0	0	0	0	0	0	0	0
TC	UKBB	9	89	231	5	1.22818613052368	0	0	0	0	0	0	0	0	0	0	0	0	0	0	0	0
TC	UKBB	9	93	1064	5	9.09614992141724	0	0	0	0	0	0	0	0	0	0	0	0	0	0	0	0
TC	UKBB	9	99	958	5	6.42948365211487	0	0	0	0	0	0	0	0	0	0	0	0	0	0	0	0
TC	UKBB	9	100	1526	5	47.089008808136	0	1	0	0	0	1	0	0	0	0	0	0	0	0	0	0
TC	UKBB	9	102	1287	5	19.348860502243	0	0	1	11	0	0	1	11	0	0	0	0	0	0	0	0
TC	UKBB	9	103	446	5	1.2224428653717	0	0	0	0	0	0	0	0	0	0	0	0	0	0	0	0
TC	UKBB	9	104	465	5	2.2117486000061	0	0	0	0	0	0	0	0	0	0	0	0	0	0	0	0
TC	UKBB	9	105	301	5	1.03248119354248	0	0	0	0	0	0	0	0	0	0	0	0	0	0	0	0
TC	UKBB	9	106	1121	5	13.9193983078003	0	0	0	0	0	0	0	0	0	0	0	0	0	0	0	0
TC	UKBB	9	107	377	5	1.09084510803223	0	0	0	0	0	0	0	0	0	0	0	0	0	0	0	0
TC	UKBB	9	109	1992	5	68.9944593906403	0	0	0	0	0	0	0	0	0	0	0	0	0	0	0	0
TC	UKBB	9	110	1886	10	126.989669561386	2	4	5	15	2	4	5	15	0	1	1	1	0	0	0	0
TC	UKBB	9	111	56	5	0.702212333679199	1	3	4	10	1	3	4	9	0	1	1	1	0	1	1	2
TC	UKBB	9	112	1492	5	23.1080260276794	1	2	2	4	1	2	2	4	0	0	0	0	0	0	0	0
TC	UKBB	9	113	915	5	7.5388503074646	0	0	0	0	0	0	0	0	0	0	0	0	0	0	0	0
TC	UKBB	9	114	552	5	3.16039633750916	0	0	0	0	0	0	0	0	0	0	0	0	0	0	0	0
TC	UKBB	9	115	2069	5	91.3018419742584	0	0	0	0	0	0	0	0	0	0	0	0	0	0	0	0
TC	UKBB	9	116	984	5	7.11865210533142	0	0	0	0	0	0	0	0	0	0	0	0	0	0	0	0
TC	UKBB	9	118	2331	5	129.545968770981	0	1	0	0	0	1	0	0	0	0	0	0	0	0	0	0
TC	UKBB	9	119	863	5	6.86882472038269	0	0	0	0	0	0	0	0	0	0	0	0	0	0	0	0
TC	UKBB	9	121	471	5	1.59241962432861	0	0	0	0	0	0	0	0	0	0	0	0	0	0	0	0
TC	UKBB	9	124	822	5	4.33412837982178	0	0	0	0	0	0	0	0	0	0	0	0	0	0	0	0
TC	UKBB	9	125	1327	5	13.1145076751709	0	0	0	0	0	0	0	0	0	0	0	0	0	0	0	0
TC	UKBB	9	134	1750	5	59.0798454284668	0	0	1	24	0	0	1	24	0	0	0	0	0	0	0	0
TC	UKBB	9	140	1737	5	49.5648732185364	0	1	1	2	0	1	1	2	0	1	0	0	0	0	0	0
TC	UKBB	9	142	658	5	2.16856980323792	0	0	0	0	0	0	0	0	0	0	0	0	0	0	0	0
TC	UKBB	9	144	514	5	2.20704865455627	0	0	0	0	0	0	0	0	0	0	0	0	0	0	0	0
TC	UKBB	9	145	728	5	3.58376121520996	0	0	0	0	0	0	0	0	0	0	0	0	0	0	0	0
TC	UKBB	9	149	570	5	2.09454274177551	0	1	1	2	0	1	1	2	0	0	0	0	0	0	0	0
TC	UKBB	9	153	90	5	0.323182582855225	0	0	0	0	0	0	0	0	0	0	0	0	0	0	0	0
TC	UKBB	9	160	190	5	0.662851572036743	0	0	1	6	0	0	1	6	0	0	0	0	0	0	0	0
TC	UKBB	9	161	221	5	2.03146553039551	0	0	1	7	0	0	1	7	0	0	0	0	0	0	0	0
TC	UKBB	10	13	1007	5	5.18664216995239	0	0	1	11	0	0	1	11	0	0	0	0	0	0	0	0
TC	UKBB	10	22	1182	5	10.1220331192017	0	0	0	0	0	0	0	0	0	0	0	0	0	0	0	0
TC	UKBB	10	43	997	5	6.86141753196716	0	1	1	5	0	1	1	5	0	0	0	0	0	0	0	0
TC	UKBB	10	44	721	5	3.93258905410767	0	0	1	17	0	0	0	0	0	0	0	0	0	0	0	0
TC	UKBB	10	46	1689	5	50.1723537445068	0	0	0	0	0	0	0	0	0	0	0	0	0	0	0	0
TC	UKBB	10	52	1358	5	16.4833633899689	0	0	0	0	0	0	0	0	0	0	0	0	0	0	0	0
TC	UKBB	10	53	677	5	3.77522373199463	0	0	0	0	0	0	0	0	0	0	0	0	0	0	0	0
TC	UKBB	10	58	322	5	1.1961772441864	0	0	0	0	0	0	0	0	0	0	0	0	0	0	0	0
TC	UKBB	10	59	747	5	4.08302593231201	0	0	0	0	0	0	0	0	0	0	0	0	0	0	0	0
TC	UKBB	10	67	686	5	4.19819235801697	0	0	1	10	0	0	1	10	0	0	0	0	0	0	1	10
TC	UKBB	10	69	982	5	8.69753813743591	0	0	0	0	0	0	0	0	0	0	0	0	0	0	0	0
TC	UKBB	10	70	1183	5	10.5802299976349	0	0	1	14	0	0	1	14	0	0	0	0	0	0	0	0
TC	UKBB	10	73	856	5	6.05893230438232	0	0	0	0	0	0	0	0	0	0	0	0	0	0	0	0
TC	UKBB	10	77	2535	5	122.521517515182	0	0	0	0	0	0	0	0	0	0	0	0	0	0	0	0
TC	UKBB	10	80	1177	5	11.5190880298615	0	1	2	19	0	1	2	19	0	0	0	0	0	0	0	0
TC	UKBB	10	81	1322	5	19.0253207683563	0	0	1	18	0	0	1	18	0	0	0	0	0	0	0	0
TC	UKBB	10	84	1803	5	63.1725339889526	0	0	0	0	0	0	0	0	0	0	0	0	0	0	0	0
TC	UKBB	10	85	464	5	3.85011792182922	1	1	1	1	1	1	1	1	0	0	0	0	0	0	0	0
TC	UKBB	10	92	2053	5	87.9474432468414	0	0	0	0	0	0	0	0	0	0	0	0	0	0	0	0
TC	UKBB	10	100	422	5	2.05757260322571	0	0	0	0	0	0	0	0	0	0	0	0	0	0	0	0
TC	UKBB	10	101	946	5	7.49045491218567	0	0	0	0	0	0	0	0	0	0	0	0	0	0	0	0
TC	UKBB	10	109	1239	5	13.6770942211151	0	0	1	12	0	0	1	12	0	0	0	0	0	0	0	0
TC	UKBB	10	110	411	5	2.25649929046631	0	0	0	0	0	0	0	0	0	0	0	0	0	0	0	0
TC	UKBB	10	112	378	5	1.95349407196045	0	0	1	7	0	0	1	7	0	0	0	0	0	0	0	0
TC	UKBB	10	113	1054	5	8.42499613761902	0	0	0	0	0	0	0	0	0	0	0	0	0	0	0	0
TC	UKBB	10	117	1645	5	31.7774384021759	1	1	2	37	1	1	2	37	0	0	0	0	0	0	0	0
TC	UKBB	10	120	1073	5	21.6838319301605	0	0	0	0	0	0	0	0	0	0	0	0	0	0	0	0
TC	UKBB	10	121	814	5	5.12510871887207	0	0	0	0	0	0	0	0	0	0	0	0	0	0	0	0
TC	UKBB	10	123	1075	5	9.69425559043884	0	0	0	0	0	0	0	0	0	0	0	0	0	0	0	0
TC	UKBB	10	126	1495	5	24.1850259304047	0	0	1	5	0	0	1	5	0	0	1	5	0	0	0	0
TC	UKBB	10	127	341	5	2.43525791168213	0	0	0	0	0	0	0	0	0	0	0	0	0	0	0	0
TC	UKBB	10	129	1607	5	21.0873155593872	0	1	0	0	0	0	0	0	0	1	0	0	0	0	0	0
TC	UKBB	10	130	519	5	1.35710120201111	0	0	0	0	0	0	0	0	0	0	0	0	0	0	0	0
TC	UKBB	10	131	1394	5	14.5617592334747	0	0	0	0	0	0	0	0	0	0	0	0	0	0	0	0
TC	UKBB	10	137	1530	5	17.867892742157	0	0	1	15	0	0	1	15	0	0	0	0	0	0	1	15
TC	UKBB	10	138	259	5	1.11250376701355	0	1	3	12	0	1	3	12	0	0	0	0	0	0	0	0
TC	UKBB	10	140	219	5	1.32918095588684	0	1	3	14	0	1	3	14	0	0	0	0	0	0	0	0
TC	UKBB	10	144	624	5	3.26112508773804	0	0	0	0	0	0	0	0	0	0	0	0	0	0	0	0
TC	UKBB	10	150	1472	5	24.8720812797546	0	0	0	0	0	0	0	0	0	0	0	0	0	0	0	0
TC	UKBB	10	152	959	5	8.2019214630127	0	0	0	0	0	0	0	0	0	0	0	0	0	0	0	0
TC	UKBB	10	154	2083	5	70.6156895160675	0	1	1	2	0	1	1	2	0	0	0	0	0	0	0	0
TC	UKBB	10	176	747	5	4.84431052207947	0	0	0	0	0	0	0	0	0	0	0	0	0	0	0	0
TC	UKBB	10	177	357	5	2.47265529632568	0	0	0	0	0	0	0	0	0	0	0	0	0	0	0	0
TC	UKBB	11	2	501	5	2.39968180656433	0	0	0	0	0	0	0	0	0	0	0	0	0	0	0	0
TC	UKBB	11	3	647	5	5.58954977989197	0	0	0	0	0	0	0	0	0	0	0	0	0	0	0	0
TC	UKBB	11	4	636	5	2.68105840682983	0	0	1	8	0	0	1	8	0	0	0	0	0	0	0	0
TC	UKBB	11	7	419	5	4.04110932350159	0	1	2	16	0	1	2	16	0	0	0	0	0	0	0	0
TC	UKBB	11	11	1209	5	12.1229939460754	0	0	0	0	0	0	0	0	0	0	0	0	0	0	0	0
TC	UKBB	11	12	1638	5	34.7734458446503	0	1	1	2	0	1	1	2	0	1	1	2	0	0	0	0
TC	UKBB	11	22	447	5	2.34057927131653	0	1	0	0	0	1	0	0	0	0	0	0	0	0	0	0
TC	UKBB	11	28	583	5	2.80843734741211	0	0	0	0	0	0	0	0	0	0	0	0	0	0	0	0
TC	UKBB	11	30	603	5	3.95217370986938	0	0	2	21	0	0	2	21	0	0	0	0	0	0	1	3
TC	UKBB	11	31	735	5	6.49965357780457	0	0	0	0	0	0	0	0	0	0	0	0	0	0	0	0
TC	UKBB	11	33	916	5	6.32740092277527	0	1	1	2	0	1	1	2	0	0	0	0	0	0	0	0
TC	UKBB	11	56	238	5	0.494813442230225	0	0	0	0	0	0	0	0	0	0	0	0	0	0	0	0
TC	UKBB	11	57	745	5	8.79984211921692	0	0	0	0	0	0	0	0	0	0	0	0	0	0	0	0
TC	UKBB	11	75	391	5	1.45682549476624	0	0	0	0	0	0	0	0	0	0	0	0	0	0	0	0
TC	UKBB	11	76	832	5	6.72293305397034	0	3	2	4	0	3	2	4	0	0	0	0	0	0	0	0
TC	UKBB	11	78	650	5	5.2024450302124	0	0	0	0	0	0	0	0	0	0	0	0	0	0	0	0
TC	UKBB	11	79	1542	5	30.3545572757721	0	1	1	27	0	1	1	27	0	0	0	0	0	0	0	0
TC	UKBB	11	80	967	5	8.0416407585144	0	0	0	0	0	0	0	0	0	0	0	0	0	0	0	0
TC	UKBB	11	81	821	5	7.81876158714294	0	0	0	0	0	0	0	0	0	0	0	0	0	0	0	0
TC	UKBB	11	82	273	5	1.80987572669983	0	0	0	0	0	0	0	0	0	0	0	0	0	0	0	0
TC	UKBB	11	86	919	5	6.24729323387146	0	0	0	0	0	0	0	0	0	0	0	0	0	0	0	0
TC	UKBB	11	88	1350	5	11.5136196613312	0	1	1	14	0	1	1	14	0	1	0	0	0	0	0	0
TC	UKBB	11	90	1845	5	41.8058497905731	0	0	0	0	0	0	0	0	0	0	0	0	0	0	0	0
TC	UKBB	11	107	495	5	3.09792923927307	0	0	0	0	0	0	0	0	0	0	0	0	0	0	0	0
TC	UKBB	11	108	351	5	2.17000126838684	0	0	0	0	0	0	0	0	0	0	0	0	0	0	0	0
TC	UKBB	11	117	2069	5	91.6140925884247	0	1	1	6	0	1	1	6	0	0	0	0	0	0	0	0
TC	UKBB	11	121	1079	5	9.03600311279297	0	0	0	0	0	0	0	0	0	0	0	0	0	0	0	0
TC	UKBB	11	125	876	5	4.46830487251282	0	0	0	0	0	0	0	0	0	0	0	0	0	0	0	0
TC	UKBB	11	128	161	5	1.17237162590027	0	0	0	0	0	0	0	0	0	0	0	0	0	0	0	0
TC	UKBB	11	129	1156	5	12.508811712265	2	3	3	4	2	3	3	4	0	1	1	1	0	1	2	3
TC	UKBB	11	133	898	5	8.45760798454285	0	0	2	29	0	0	2	29	0	0	0	0	0	0	0	0
TC	UKBB	11	140	561	5	3.06178307533264	0	0	0	0	0	0	0	0	0	0	0	0	0	0	0	0
TC	UKBB	11	142	1204	5	9.91733956336975	0	0	1	18	0	0	1	18	0	0	0	0	0	0	0	0
TC	UKBB	11	147	1902	5	89.7667064666748	0	0	2	16	0	0	2	16	0	0	0	0	0	0	0	0
TC	UKBB	11	163	189	5	0.574798822402954	0	0	0	0	0	0	0	0	0	0	0	0	0	0	0	0
TC	UKBB	12	1	576	5	3.67652559280396	0	2	1	2	0	1	1	2	0	0	0	0	0	1	0	0
TC	UKBB	12	12	318	5	2.15816593170166	0	0	0	0	0	0	0	0	0	0	0	0	0	0	0	0
TC	UKBB	12	13	722	5	3.84109497070312	0	0	0	0	0	0	0	0	0	0	0	0	0	0	0	0
TC	UKBB	12	17	377	5	2.22049498558044	0	0	0	0	0	0	0	0	0	0	0	0	0	0	0	0
TC	UKBB	12	18	855	5	6.27224397659302	0	1	1	5	0	1	1	5	0	0	0	0	0	0	0	0
TC	UKBB	12	23	1293	5	12.4036214351654	0	0	2	12	0	0	2	12	0	0	0	0	0	0	1	5
TC	UKBB	12	26	227	5	1.03161334991455	0	0	0	0	0	0	0	0	0	0	0	0	0	0	0	0
TC	UKBB	12	27	132	5	0.769333600997925	0	0	0	0	0	0	0	0	0	0	0	0	0	0	0	0
TC	UKBB	12	29	163	5	0.889143466949463	0	0	0	0	0	0	0	0	0	0	0	0	0	0	0	0
TC	UKBB	12	42	1845	5	65.9555292129517	0	0	0	0	0	0	0	0	0	0	0	0	0	0	0	0
TC	UKBB	12	45	907	5	6.2759735584259	0	0	0	0	0	0	0	0	0	0	0	0	0	0	0	0
TC	UKBB	12	47	351	5	1.20372629165649	0	1	0	0	0	1	0	0	0	0	0	0	0	0	0	0
TC	UKBB	12	48	1377	5	21.5106031894684	0	1	1	4	0	1	1	4	0	0	0	0	0	0	0	0
TC	UKBB	12	49	1323	5	12.2846887111664	0	0	1	3	0	0	1	3	0	0	0	0	0	0	0	0
TC	UKBB	12	51	845	5	5.4909656047821	0	0	0	0	0	0	0	0	0	0	0	0	0	0	0	0
TC	UKBB	12	52	1776	5	47.9264566898346	0	0	0	0	0	0	0	0	0	0	0	0	0	0	0	0
TC	UKBB	12	59	1385	5	19.6058664321899	0	1	0	0	0	1	0	0	0	1	0	0	0	0	0	0
TC	UKBB	12	60	737	5	4.58911728858948	0	0	0	0	0	0	0	0	0	0	0	0	0	0	0	0
TC	UKBB	12	61	789	5	3.84656000137329	0	0	0	0	0	0	0	0	0	0	0	0	0	0	0	0
TC	UKBB	12	62	652	5	3.23213219642639	0	0	0	0	0	0	0	0	0	0	0	0	0	0	0	0
TC	UKBB	12	63	1067	5	7.19568204879761	0	1	1	2	0	1	1	2	0	0	0	0	0	0	0	0
TC	UKBB	12	64	548	5	5.95545935630798	0	0	0	0	0	0	0	0	0	0	0	0	0	0	0	0
TC	UKBB	12	66	1179	5	9.57527875900269	0	0	0	0	0	0	0	0	0	0	0	0	0	0	0	0
TC	UKBB	12	67	486	5	1.97358012199402	0	0	0	0	0	0	0	0	0	0	0	0	0	0	0	0
TC	UKBB	12	69	1022	5	9.95748567581177	0	0	0	0	0	0	0	0	0	0	0	0	0	0	0	0
TC	UKBB	12	71	1111	5	17.3495168685913	0	1	1	37	0	1	1	37	0	0	0	0	0	0	0	0
TC	UKBB	12	72	3692	5	346.462034702301	0	0	0	0	0	0	0	0	0	0	0	0	0	0	0	0
TC	UKBB	12	82	1101	5	12.0026304721832	0	0	0	0	0	0	0	0	0	0	0	0	0	0	0	0
TC	UKBB	12	97	1513	5	25.0218813419342	0	0	0	0	0	0	0	0	0	0	0	0	0	0	0	0
TC	UKBB	12	98	672	5	3.05096864700317	0	0	0	0	0	0	0	0	0	0	0	0	0	0	0	0
TC	UKBB	12	106	1278	5	17.4709966182709	0	0	0	0	0	0	0	0	0	0	0	0	0	0	0	0
TC	UKBB	12	110	1378	5	14.9615848064423	0	0	1	6	0	0	1	6	0	0	0	0	0	0	0	0
TC	UKBB	12	113	1171	5	12.311844587326	0	0	0	0	0	0	0	0	0	0	0	0	0	0	0	0
TC	UKBB	12	116	404	5	2.67532324790955	0	0	0	0	0	0	0	0	0	0	0	0	0	0	0	0
TC	UKBB	12	117	1283	5	12.0168852806091	0	1	1	14	0	1	1	14	0	0	0	0	0	0	0	0
TC	UKBB	12	119	1781	5	73.9970021247864	0	0	0	0	0	0	0	0	0	0	0	0	0	0	0	0
TC	UKBB	12	120	500	5	2.31539368629456	0	0	0	0	0	0	0	0	0	0	0	0	0	0	0	0
TC	UKBB	12	121	893	5	5.30503225326538	0	0	1	3	0	0	1	3	0	0	1	3	0	0	0	0
TC	UKBB	12	122	1088	5	13.6898119449615	1	2	3	27	1	2	3	27	0	0	0	0	0	0	0	0
TC	UKBB	12	123	525	5	1.87703633308411	0	0	0	0	0	0	0	0	0	0	0	0	0	0	0	0
TC	UKBB	12	127	514	5	2.48549675941467	0	0	0	0	0	0	0	0	0	0	0	0	0	0	0	0
TC	UKBB	12	128	207	5	0.674751043319702	0	1	1	3	0	1	1	3	0	0	0	0	0	0	0	0
TC	UKBB	12	129	975	5	9.67935466766357	0	0	0	0	0	0	0	0	0	0	0	0	0	0	0	0
TC	UKBB	12	138	1646	5	25.4667313098907	0	0	1	5	0	0	1	5	0	0	0	0	0	0	1	5
TC	UKBB	12	139	2002	5	80.8588111400604	0	0	2	34	0	0	2	34	0	0	1	10	0	0	1	24
TC	UKBB	12	140	456	5	1.96993374824524	0	0	4	14	0	0	4	14	0	0	1	3	0	0	0	0
TC	UKBB	12	141	734	5	11.0139033794403	0	2	2	4	0	2	2	4	0	0	0	0	0	1	1	2
TC	UKBB	13	18	394	5	3.51866912841797	0	0	0	0	0	0	0	0	0	0	0	0	0	0	0	0
TC	UKBB	13	21	1141	5	8.99881434440613	0	0	0	0	0	0	0	0	0	0	0	0	0	0	0	0
TC	UKBB	13	24	889	5	5.70687794685364	0	0	0	0	0	0	0	0	0	0	0	0	0	0	0	0
TC	UKBB	13	25	409	5	2.13863492012024	0	1	3	25	0	1	3	25	0	1	1	5	0	0	0	0
TC	UKBB	13	40	730	5	5.05645895004272	0	1	0	0	0	1	0	0	0	0	0	0	0	0	0	0
TC	UKBB	13	44	689	5	3.74497580528259	0	0	0	0	0	0	0	0	0	0	0	0	0	0	0	0
TC	UKBB	13	45	934	5	8.4313542842865	0	0	0	0	0	0	0	0	0	0	0	0	0	0	0	0
TC	UKBB	13	50	2004	5	82.3778283596039	0	1	0	0	0	1	0	0	0	0	0	0	0	0	0	0
TC	UKBB	13	66	478	5	2.90802812576294	0	0	0	0	0	0	0	0	0	0	0	0	0	0	0	0
TC	UKBB	13	69	2040	5	72.5393168926239	0	0	0	0	0	0	0	0	0	0	0	0	0	0	0	0
TC	UKBB	13	70	1292	5	17.8641140460968	0	0	0	0	0	0	0	0	0	0	0	0	0	0	0	0
TC	UKBB	13	84	566	5	2.6725480556488	0	0	0	0	0	0	0	0	0	0	0	0	0	0	0	0
TC	UKBB	13	95	393	5	3.25436854362488	0	0	0	0	0	0	0	0	0	0	0	0	0	0	0	0
TC	UKBB	13	96	451	5	1.35796308517456	0	0	0	0	0	0	0	0	0	0	0	0	0	0	0	0
TC	UKBB	13	111	344	5	1.0074474811554	0	0	1	11	0	0	1	11	0	0	0	0	0	0	0	0
TC	UKBB	13	115	532	5	2.23810863494873	0	0	0	0	0	0	0	0	0	0	0	0	0	0	0	0
TC	UKBB	13	116	453	5	2.02845191955566	0	1	1	4	0	1	1	4	0	1	1	4	0	0	0	0
TC	UKBB	13	118	878	5	5.41194128990173	0	0	1	11	0	0	1	11	0	0	0	0	0	0	0	0
TC	UKBB	13	124	90	5	0.26034688949585	0	0	1	48	0	0	1	48	0	0	0	0	0	0	0	0
TC	UKBB	13	125	837	5	4.60767364501953	0	1	1	3	0	1	1	3	0	1	1	3	0	0	0	0
TC	UKBB	14	4	237	5	0.823484897613525	0	0	1	3	0	0	1	3	0	0	0	0	0	0	1	3
TC	UKBB	14	10	213	5	0.687613487243652	0	0	0	0	0	0	0	0	0	0	0	0	0	0	0	0
TC	UKBB	14	11	352	5	1.74368906021118	0	0	0	0	0	0	0	0	0	0	0	0	0	0	0	0
TC	UKBB	14	14	1694	5	49.4025943279266	0	0	2	23	0	0	2	23	0	0	0	0	0	0	0	0
TC	UKBB	14	23	1408	5	20.505096912384	0	0	0	0	0	0	0	0	0	0	0	0	0	0	0	0
TC	UKBB	14	31	1415	5	23.5127491950989	0	0	0	0	0	0	0	0	0	0	0	0	0	0	0	0
TC	UKBB	14	35	1694	5	43.6740658283234	0	0	0	0	0	0	0	0	0	0	0	0	0	0	0	0
TC	UKBB	14	43	94	5	0.550408124923706	0	0	0	0	0	0	0	0	0	0	0	0	0	0	0	0
TC	UKBB	14	63	1788	5	37.7189388275146	0	0	1	45	0	0	1	45	0	0	0	0	0	0	0	0
TC	UKBB	14	67	1134	5	10.1564252376556	0	0	0	0	0	0	0	0	0	0	0	0	0	0	0	0
TC	UKBB	14	68	819	5	5.5323920249939	0	0	3	72	0	0	3	72	0	0	0	0	0	0	1	21
TC	UKBB	14	72	1821	5	46.5440280437469	0	0	0	0	0	0	0	0	0	0	0	0	0	0	0	0
TC	UKBB	14	73	744	5	2.94263434410095	0	0	1	11	0	0	1	11	0	0	0	0	0	0	1	11
TC	UKBB	14	93	1324	5	12.6565749645233	0	0	0	0	0	0	0	0	0	0	0	0	0	0	0	0
TC	UKBB	14	96	124	5	0.776074886322021	0	0	0	0	0	0	0	0	0	0	0	0	0	0	0	0
TC	UKBB	14	105	447	5	2.2183518409729	0	0	0	0	0	0	0	0	0	0	0	0	0	0	0	0
TC	UKBB	14	106	590	5	3.14082360267639	0	0	0	0	0	0	0	0	0	0	0	0	0	0	0	0
TC	UKBB	14	120	358	5	1.64083957672119	0	0	0	0	0	0	0	0	0	0	0	0	0	0	0	0
TC	UKBB	14	121	1029	5	8.22253966331482	0	0	0	0	0	0	0	0	0	0	0	0	0	0	0	0
TC	UKBB	14	126	1061	5	11.1117510795593	0	0	1	19	0	0	0	0	0	0	0	0	0	0	0	0
TC	UKBB	14	127	991	5	8.16575765609741	0	0	0	0	0	0	0	0	0	0	0	0	0	0	0	0
TC	UKBB	14	129	559	5	3.2518835067749	0	0	1	4	0	0	0	0	0	0	0	0	0	0	0	0
TC	UKBB	15	37	1334	5	18.0868556499481	0	0	0	0	0	0	0	0	0	0	0	0	0	0	0	0
TC	UKBB	15	44	583	5	1.75394940376282	0	0	0	0	0	0	0	0	0	0	0	0	0	0	0	0
TC	UKBB	15	45	2535	5	126.696866750717	0	0	0	0	0	0	0	0	0	0	0	0	0	0	0	0
TC	UKBB	15	46	889	5	5.78676748275757	0	0	0	0	0	0	0	0	0	0	0	0	0	0	0	0
TC	UKBB	15	47	1216	5	10.7549698352814	0	0	0	0	0	0	0	0	0	0	0	0	0	0	0	0
TC	UKBB	15	50	1195	5	17.2372531890869	1	1	1	1	1	1	1	1	0	1	1	1	0	0	0	0
TC	UKBB	15	52	988	5	6.49381184577942	2	4	3	5	2	4	3	5	0	0	0	0	0	0	0	0
TC	UKBB	15	53	169	5	1.03602981567383	2	2	2	2	2	2	2	2	1	1	1	1	0	0	0	0
TC	UKBB	15	54	996	5	8.26364731788635	0	0	0	0	0	0	0	0	0	0	0	0	0	0	0	0
TC	UKBB	15	59	1994	5	77.8070850372314	0	0	0	0	0	0	0	0	0	0	0	0	0	0	0	0
TC	UKBB	15	62	1875	5	67.2627990245819	0	0	1	4	0	0	1	4	0	0	0	0	0	0	0	0
TC	UKBB	15	63	549	5	1.72756242752075	0	0	0	0	0	0	0	0	0	0	0	0	0	0	0	0
TC	UKBB	15	64	741	5	2.92778491973877	0	0	0	0	0	0	0	0	0	0	0	0	0	0	0	0
TC	UKBB	15	66	1249	5	13.4772634506226	0	0	0	0	0	0	0	0	0	0	0	0	0	0	0	0
TC	UKBB	15	80	400	5	1.36065173149109	0	0	0	0	0	0	0	0	0	0	0	0	0	0	0	0
TC	UKBB	15	83	452	5	1.82973551750183	0	0	0	0	0	0	0	0	0	0	0	0	0	0	0	0
TC	UKBB	15	85	1042	5	9.77724957466125	0	0	0	0	0	0	0	0	0	0	0	0	0	0	0	0
TC	UKBB	15	88	687	5	3.25906014442444	0	0	0	0	0	0	0	0	0	0	0	0	0	0	0	0
TC	UKBB	15	102	980	5	8.11455416679382	0	0	0	0	0	0	0	0	0	0	0	0	0	0	0	0
TC	UKBB	15	111	583	5	4.98390221595764	0	0	0	0	0	0	0	0	0	0	0	0	0	0	0	0
TC	UKBB	15	117	453	5	1.5874297618866	0	0	0	0	0	0	0	0	0	0	0	0	0	0	0	0
TC	UKBB	16	1	569	5	2.72230935096741	0	0	0	0	0	0	0	0	0	0	0	0	0	0	0	0
TC	UKBB	16	2	134	5	1.36521005630493	0	0	0	0	0	0	0	0	0	0	0	0	0	0	0	0
TC	UKBB	16	4	833	5	5.23244762420654	0	0	0	0	0	0	0	0	0	0	0	0	0	0	0	0
TC	UKBB	16	5	195	5	1.05161285400391	0	0	0	0	0	0	0	0	0	0	0	0	0	0	0	0
TC	UKBB	16	6	529	5	2.14314484596252	0	0	0	0	0	0	0	0	0	0	0	0	0	0	0	0
TC	UKBB	16	9	813	5	6.87492203712463	0	0	0	0	0	0	0	0	0	0	0	0	0	0	0	0
TC	UKBB	16	31	1166	5	8.72095823287964	0	1	1	6	0	1	1	6	0	0	0	0	0	0	0	0
TC	UKBB	16	32	158	5	0.680829048156738	0	0	1	3	0	0	1	3	0	0	0	0	0	0	0	0
TC	UKBB	16	33	1953	5	66.0159993171692	0	0	0	0	0	0	0	0	0	0	0	0	0	0	0	0
TC	UKBB	16	37	994	5	8.17116141319275	0	0	0	0	0	0	0	0	0	0	0	0	0	0	0	0
TC	UKBB	16	41	931	5	7.02725958824158	0	0	1	10	0	0	1	10	0	0	0	0	0	0	0	0
TC	UKBB	16	43	727	5	3.46145105361938	0	0	0	0	0	0	0	0	0	0	0	0	0	0	0	0
TC	UKBB	16	58	404	5	0.98058009147644	0	0	0	0	0	0	0	0	0	0	0	0	0	0	0	0
TC	UKBB	16	59	314	5	1.80180191993713	0	0	0	0	0	0	0	0	0	0	0	0	0	0	0	0
TC	UKBB	16	63	929	5	5.73989248275757	0	0	0	0	0	0	0	0	0	0	0	0	0	0	0	0
TC	UKBB	16	70	330	5	2.78949308395386	0	0	0	0	0	0	0	0	0	0	0	0	0	0	0	0
TC	UKBB	16	74	191	5	1.28587746620178	0	0	0	0	0	0	0	0	0	0	0	0	0	0	0	0
TC	UKBB	16	75	1299	5	20.5275025367737	1	3	4	11	1	3	4	11	0	1	1	1	0	1	1	1
TC	UKBB	16	76	757	5	3.26107120513916	0	1	1	2	0	1	1	2	0	0	0	0	0	0	0	0
TC	UKBB	16	79	649	5	5.71565866470337	0	0	0	0	0	0	0	0	0	0	0	0	0	0	0	0
TC	UKBB	16	83	901	5	4.67280602455139	0	0	0	0	0	0	0	0	0	0	0	0	0	0	0	0
TC	UKBB	16	85	1906	5	67.0444843769073	0	0	0	0	0	0	0	0	0	0	0	0	0	0	0	0
TC	UKBB	16	88	1516	5	20.1866588592529	0	1	2	50	0	1	2	50	0	0	0	0	0	0	0	0
TC	UKBB	16	89	2350	5	100.374120950699	2	4	4	6	2	4	4	6	1	2	2	3	0	0	1	2
TC	UKBB	16	90	619	5	2.86901330947876	0	0	0	0	0	0	0	0	0	0	0	0	0	0	0	0
TC	UKBB	16	91	495	5	2.41357707977295	0	1	0	0	0	1	0	0	0	0	0	0	0	0	0	0
TC	UKBB	16	94	2898	5	232.619358301163	0	0	1	5	0	0	1	5	0	0	1	5	0	0	0	0
TC	UKBB	16	99	833	5	4.73828554153442	0	0	0	0	0	0	0	0	0	0	0	0	0	0	0	0
TC	UKBB	16	100	111	5	0.86138391494751	0	1	0	0	0	1	0	0	0	0	0	0	0	0	0	0
TC	UKBB	16	101	162	5	0.34755277633667	0	0	0	0	0	0	0	0	0	0	0	0	0	0	0	0
TC	UKBB	16	103	3291	5	309.105930089951	0	0	0	0	0	0	0	0	0	0	0	0	0	0	0	0
TC	UKBB	16	104	971	5	5.84571099281311	0	1	1	4	0	1	0	0	0	0	0	0	0	0	0	0
TC	UKBB	16	110	768	5	3.92440581321716	0	1	1	5	0	1	1	5	0	0	0	0	0	0	0	0
TC	UKBB	16	113	807	5	4.73157525062561	0	0	0	0	0	0	0	0	0	0	0	0	0	0	0	0
TC	UKBB	16	116	1382	5	8.70694136619568	0	0	0	0	0	0	0	0	0	0	0	0	0	0	0	0
TC	UKBB	16	119	1928	5	28.6931955814362	0	0	1	9	0	0	1	9	0	0	0	0	0	0	0	0
TC	UKBB	16	120	285	5	0.423022031784058	0	0	0	0	0	0	0	0	0	0	0	0	0	0	0	0
TC	UKBB	16	125	1115	5	5.21237087249756	0	1	0	0	0	1	0	0	0	0	0	0	0	0	0	0
TC	UKBB	16	126	241	5	0.219026803970337	0	0	0	0	0	0	0	0	0	0	0	0	0	0	0	0
TC	UKBB	16	127	447	5	0.748067378997803	0	0	1	7	0	0	1	7	0	0	0	0	0	0	0	0
TC	UKBB	16	128	4255	5	376.592955827713	0	0	0	0	0	0	0	0	0	0	0	0	0	0	0	0
TC	UKBB	17	9	1066	5	9.28005790710449	0	0	1	9	0	0	1	9	0	0	0	0	0	0	0	0
TC	UKBB	17	15	148	5	0.272282838821411	0	0	0	0	0	0	0	0	0	0	0	0	0	0	0	0
TC	UKBB	17	16	106	5	0.495239496231079	0	0	0	0	0	0	0	0	0	0	0	0	0	0	0	0
TC	UKBB	17	17	1387	5	12.5016982555389	1	1	1	1	1	1	1	1	0	1	1	1	1	1	1	1
TC	UKBB	17	22	147	5	0.326390504837036	0	0	1	12	0	0	1	12	0	0	0	0	0	0	1	12
TC	UKBB	17	23	374	5	2.02439999580383	1	2	2	3	1	2	2	3	0	1	1	2	0	0	0	0
TC	UKBB	17	24	630	5	6.84070301055908	3	4	4	6	3	4	4	6	0	1	1	1	0	0	1	3
TC	UKBB	17	25	690	5	4.8096034526825	0	1	1	8	0	1	1	8	0	0	0	0	0	1	0	0
TC	UKBB	17	28	131	5	0.706249713897705	0	0	0	0	0	0	0	0	0	0	0	0	0	0	0	0
TC	UKBB	17	30	172	5	0.582942247390747	0	0	0	0	0	0	0	0	0	0	0	0	0	0	0	0
TC	UKBB	17	49	477	5	2.11221528053284	0	0	0	0	0	0	0	0	0	0	0	0	0	0	0	0
TC	UKBB	17	51	1327	5	13.5968346595764	0	0	1	3	0	0	1	3	0	0	0	0	0	0	0	0
TC	UKBB	17	53	924	5	4.28632140159607	0	0	0	0	0	0	0	0	0	0	0	0	0	0	0	0
TC	UKBB	17	54	867	5	4.69169497489929	0	0	0	0	0	0	0	0	0	0	0	0	0	0	0	0
TC	UKBB	17	55	1472	5	21.1295962333679	1	1	2	86	1	1	2	86	0	0	0	0	0	0	0	0
TC	UKBB	17	65	1464	5	24.6269054412842	0	0	0	0	0	0	0	0	0	0	0	0	0	0	0	0
TC	UKBB	17	70	634	5	4.23790788650513	0	0	0	0	0	0	0	0	0	0	0	0	0	0	0	0
TC	UKBB	17	71	574	5	2.66543626785278	0	0	1	33	0	0	1	33	0	0	0	0	0	0	0	0
TC	UKBB	17	73	1101	5	11.4389548301697	0	0	1	15	0	0	1	15	0	0	0	0	0	0	0	0
TC	UKBB	17	74	1512	5	31.9665338993073	0	0	0	0	0	0	0	0	0	0	0	0	0	0	0	0
TC	UKBB	17	75	1404	5	21.8503868579865	0	0	1	12	0	0	1	12	0	0	0	0	0	0	0	0
TC	UKBB	17	76	569	5	2.7377347946167	0	0	0	0	0	0	0	0	0	0	0	0	0	0	0	0
TC	UKBB	17	78	215	5	0.87157416343689	0	0	0	0	0	0	0	0	0	0	0	0	0	0	0	0
TC	UKBB	17	80	835	5	3.40372657775879	0	0	0	0	0	0	0	0	0	0	0	0	0	0	0	0
TC	UKBB	17	85	1230	5	13.5863676071167	0	0	0	0	0	0	0	0	0	0	0	0	0	0	0	0
TC	UKBB	17	87	502	5	2.30420327186584	0	0	0	0	0	0	0	0	0	0	0	0	0	0	0	0
TC	UKBB	17	90	1207	5	15.5242440700531	0	0	0	0	0	0	0	0	0	0	0	0	0	0	0	0
TC	UKBB	17	94	613	5	4.84702920913696	0	0	0	0	0	0	0	0	0	0	0	0	0	0	0	0
TC	UKBB	17	95	616	5	6.37075042724609	0	0	0	0	0	0	0	0	0	0	0	0	0	0	0	0
TC	UKBB	17	97	1366	5	13.9008054733276	0	0	0	0	0	0	0	0	0	0	0	0	0	0	0	0
TC	UKBB	17	98	490	5	1.88468766212463	0	0	0	0	0	0	0	0	0	0	0	0	0	0	0	0
TC	UKBB	17	100	606	5	3.11514496803284	0	0	0	0	0	0	0	0	0	0	0	0	0	0	0	0
TC	UKBB	17	101	707	5	3.19451713562012	0	0	0	0	0	0	0	0	0	0	0	0	0	0	0	0
TC	UKBB	17	102	378	5	2.34823799133301	0	1	0	0	0	1	0	0	0	0	0	0	0	0	0	0
TC	UKBB	17	103	453	5	2.61683702468872	0	0	1	20	0	0	1	20	0	0	0	0	0	0	0	0
TC	UKBB	17	104	79	5	0.185255289077759	0	0	1	9	0	0	1	9	0	0	0	0	0	0	0	0
TC	UKBB	17	105	849	5	4.93394327163696	0	0	0	0	0	0	0	0	0	0	0	0	0	0	0	0
TC	UKBB	17	109	211	5	0.831734895706177	0	0	0	0	0	0	0	0	0	0	0	0	0	0	0	0
TC	UKBB	17	116	488	5	1.7678382396698	0	0	0	0	0	0	0	0	0	0	0	0	0	0	0	0
TC	UKBB	17	117	729	5	6.21172547340393	1	1	2	31	1	1	2	31	1	1	1	1	0	0	0	0
TC	UKBB	17	118	685	5	3.43615341186523	0	0	0	0	0	0	0	0	0	0	0	0	0	0	0	0
TC	UKBB	17	121	540	5	1.55147075653076	0	0	0	0	0	0	0	0	0	0	0	0	0	0	0	0
TC	UKBB	17	123	763	5	5.00491523742676	0	0	0	0	0	0	0	0	0	0	0	0	0	0	0	0
TC	UKBB	17	125	1081	5	7.724942445755	0	0	1	5	0	0	1	5	0	0	0	0	0	0	1	5
TC	UKBB	17	128	175	5	2.38280987739563	0	1	2	16	0	1	2	16	0	0	0	0	0	0	1	14
TC	UKBB	17	130	644	5	4.24558091163635	0	0	0	0	0	0	0	0	0	0	0	0	0	0	0	0
TC	UKBB	17	133	364	5	1.7910258769989	0	0	0	0	0	0	0	0	0	0	0	0	0	0	0	0
TC	UKBB	17	134	775	5	4.57864904403687	0	0	0	0	0	0	0	0	0	0	0	0	0	0	0	0
TC	UKBB	18	8	662	5	2.46150588989258	0	0	0	0	0	0	0	0	0	0	0	0	0	0	0	0
TC	UKBB	18	9	96	5	0.311013698577881	0	0	0	0	0	0	0	0	0	0	0	0	0	0	0	0
TC	UKBB	18	31	1221	5	11.9462034702301	0	0	0	0	0	0	0	0	0	0	0	0	0	0	0	0
TC	UKBB	18	35	317	5	1.70314574241638	0	0	0	0	0	0	0	0	0	0	0	0	0	0	0	0
TC	UKBB	18	39	1542	5	20.2939081192017	1	1	1	1	1	1	1	1	0	1	1	1	0	0	0	0
TC	UKBB	18	41	1543	5	19.192672252655	0	0	1	20	0	0	1	20	0	0	0	0	0	0	0	0
TC	UKBB	18	42	1255	5	10.9842157363892	0	0	0	0	0	0	0	0	0	0	0	0	0	0	0	0
TC	UKBB	18	52	882	5	6.07278823852539	0	0	0	0	0	0	0	0	0	0	0	0	0	0	0	0
TC	UKBB	18	61	1176	5	10.8056857585907	0	0	0	0	0	0	0	0	0	0	0	0	0	0	0	0
TC	UKBB	18	68	107	5	0.444509983062744	0	0	0	0	0	0	0	0	0	0	0	0	0	0	0	0
TC	UKBB	18	69	2219	10	201.30819940567	4	4	7	31	4	4	7	31	0	1	0	0	0	0	0	0
TC	UKBB	18	74	1688	5	28.5145390033722	0	0	0	0	0	0	0	0	0	0	0	0	0	0	0	0
TC	UKBB	18	77	281	5	1.42881536483765	0	0	1	3	0	0	1	3	0	0	0	0	0	0	0	0
TC	UKBB	18	78	395	5	2.50735116004944	0	0	0	0	0	0	0	0	0	0	0	0	0	0	0	0
TC	UKBB	18	81	1071	5	12.0903761386871	0	0	0	0	0	0	0	0	0	0	0	0	0	0	0	0
TC	UKBB	18	85	1138	5	9.01882576942444	0	0	0	0	0	0	0	0	0	0	0	0	0	0	0	0
TC	UKBB	18	88	812	5	3.97940301895142	1	2	1	1	1	2	1	1	0	2	1	1	0	0	0	0
TC	UKBB	18	119	157	5	0.811112880706787	0	0	0	0	0	0	0	0	0	0	0	0	0	0	0	0
TC	UKBB	19	2	218	5	0.582982301712036	0	0	0	0	0	0	0	0	0	0	0	0	0	0	0	0
TC	UKBB	19	5	31	5	0.124898672103882	0	0	0	0	0	0	0	0	0	0	0	0	0	0	0	0
TC	UKBB	19	6	88	5	0.954850673675537	0	0	0	0	0	0	0	0	0	0	0	0	0	0	0	0
TC	UKBB	19	12	147	5	0.46845006942749	0	0	1	17	0	0	1	17	0	0	0	0	0	0	0	0
TC	UKBB	19	15	113	5	0.411848783493042	0	0	0	0	0	0	0	0	0	0	0	0	0	0	0	0
TC	UKBB	19	16	88	5	0.569453001022339	0	1	0	0	0	0	0	0	0	1	0	0	0	0	0	0
TC	UKBB	19	19	75	5	0.524147033691406	0	0	0	0	0	0	0	0	0	0	0	0	0	0	0	0
TC	UKBB	19	20	166	5	1.41528034210205	0	0	0	0	0	0	0	0	0	0	0	0	0	0	0	0
TC	UKBB	19	21	109	5	0.262638092041016	0	0	0	0	0	0	0	0	0	0	0	0	0	0	0	0
TC	UKBB	19	22	669	5	2.86553049087524	0	0	0	0	0	0	0	0	0	0	0	0	0	0	0	0
TC	UKBB	19	25	395	5	2.04423093795776	0	0	0	0	0	0	0	0	0	0	0	0	0	0	0	0
TC	UKBB	19	30	353	5	1.12960267066956	0	0	0	0	0	0	0	0	0	0	0	0	0	0	0	0
TC	UKBB	19	32	457	5	1.58976292610168	0	0	0	0	0	0	0	0	0	0	0	0	0	0	0	0
TC	UKBB	19	33	180	5	0.951903104782104	0	0	1	3	0	0	1	3	0	0	0	0	0	0	1	3
TC	UKBB	19	35	699	5	3.29726934432983	0	0	0	0	0	0	0	0	0	0	0	0	0	0	0	0
TC	UKBB	19	36	145	5	0.717865943908691	0	0	0	0	0	0	0	0	0	0	0	0	0	0	0	0
TC	UKBB	19	37	771	5	5.21259069442749	1	3	4	10	1	3	4	10	0	2	2	4	0	1	2	4
TC	UKBB	19	38	232	10	5.24290657043457	3	6	7	34	3	6	7	34	1	2	2	4	1	2	2	3
TC	UKBB	19	39	1032	5	7.61403560638428	0	0	1	9	0	0	1	9	0	0	0	0	0	0	0	0
TC	UKBB	19	42	205	5	0.592997789382935	0	0	0	0	0	0	0	0	0	0	0	0	0	0	0	0
TC	UKBB	19	46	827	5	4.26434659957886	0	0	2	20	0	0	1	4	0	0	1	4	0	0	0	0
TC	UKBB	19	49	685	5	5.7844135761261	0	0	1	21	0	0	1	21	0	0	0	0	0	0	0	0
TC	UKBB	19	51	441	5	1.2113785743713401	0	1	1	6	0	1	1	6	0	0	0	0	0	0	0	0
TC	UKBB	19	52	445	5	1.89061760902405	0	0	0	0	0	0	0	0	0	0	0	0	0	0	0	0
TC	UKBB	19	53	1064	5	9.1279935836792	1	1	1	1	1	1	1	1	0	0	0	0	0	0	0	0
TC	UKBB	19	54	1901	5	31.1337416172028	0	0	0	0	0	0	0	0	0	0	0	0	0	0	0	0
TC	UKBB	19	63	467	5	1.59271693229675	0	0	0	0	0	0	0	0	0	0	0	0	0	0	0	0
TC	UKBB	19	64	1343	5	12.4357106685638	0	1	1	5	0	1	1	5	0	0	0	0	0	0	0	0
TC	UKBB	19	65	554	5	2.59677004814148	0	0	0	0	0	0	0	0	0	0	0	0	0	0	0	0
TC	UKBB	19	67	2253	5	66.7847397327423	0	2	0	0	0	2	0	0	0	0	0	0	0	0	0	0
TC	UKBB	19	70	584	5	3.31372022628784	0	0	0	0	0	0	0	0	0	0	0	0	0	0	0	0
TC	UKBB	19	71	90	5	0.43721604347229	0	0	1	4	0	0	1	4	0	0	0	0	0	0	0	0
TC	UKBB	19	72	596	5	2.09482717514038	0	0	1	33	0	0	1	33	0	0	0	0	0	0	0	0
TC	UKBB	19	73	174	5	0.401761770248413	0	0	1	6	0	0	1	6	0	0	1	6	0	0	0	0
TC	UKBB	19	74	1084	5	7.57840156555176	1	2	3	12	1	2	3	12	0	0	0	0	0	1	2	7
TC	UKBB	19	75	143	5	0.901379108428955	3	3	3	3	3	3	3	3	2	3	2	2	3	3	3	3
TC	UKBB	19	76	952	15	123.209471940994	5	12	11	20	5	12	11	20	1	3	3	4	1	3	3	4
TC	UKBB	19	77	1429	5	36.3017978668213	0	1	1	4	0	1	1	4	0	0	0	0	0	0	0	0
TC	UKBB	19	79	573	5	2.44833302497864	0	0	0	0	0	0	0	0	0	0	0	0	0	0	0	0
TC	UKBB	19	80	208	5	1.19446134567261	0	0	2	14	0	0	2	14	0	0	0	0	0	0	0	0
TC	UKBB	19	81	530	5	4.37187719345093	1	1	2	10	1	1	2	10	0	0	0	0	0	1	1	1
TC	UKBB	19	89	524	5	3.28298497200012	0	0	0	0	0	0	0	0	0	0	0	0	0	0	0	0
TC	UKBB	19	90	982	5	14.3645491600037	0	0	0	0	0	0	0	0	0	0	0	0	0	0	0	0
TC	UKBB	19	98	186	5	0.899250268936157	0	2	2	5	0	2	2	5	0	0	0	0	0	0	0	0
TC	UKBB	19	103	884	5	4.55614280700684	0	0	0	0	0	0	0	0	0	0	0	0	0	0	0	0
TC	UKBB	19	104	1068	5	5.08541655540466	0	0	0	0	0	0	0	0	0	0	0	0	0	0	0	0
TC	UKBB	19	107	759	5	2.59247064590454	0	0	0	0	0	0	0	0	0	0	0	0	0	0	0	0
TC	UKBB	19	110	2029	5	48.6564648151398	0	0	0	0	0	0	0	0	0	0	0	0	0	0	0	0
TC	UKBB	19	111	909	5	4.0086522102356	1	1	1	1	1	1	1	1	0	0	0	0	0	0	0	0
TC	UKBB	20	2	300	5	2.15319848060608	0	0	0	0	0	0	0	0	0	0	0	0	0	0	0	0
TC	UKBB	20	10	531	5	2.40408325195312	0	0	0	0	0	0	0	0	0	0	0	0	0	0	0	0
TC	UKBB	20	12	610	5	2.47528600692749	0	0	1	6	0	0	1	6	0	0	0	0	0	0	0	0
TC	UKBB	20	18	555	5	2.19309115409851	0	1	1	3	0	1	1	3	0	0	0	0	0	0	1	3
TC	UKBB	20	19	136	5	0.41317892074585	0	0	0	0	0	0	0	0	0	0	0	0	0	0	0	0
TC	UKBB	20	40	596	5	3.1313259601593	0	0	1	5	0	0	1	5	0	0	0	0	0	0	0	0
TC	UKBB	20	48	1446	5	23.1128737926483	1	2	3	7	1	2	3	7	0	0	0	0	0	0	0	0
TC	UKBB	20	55	316	5	1.80155181884766	0	0	0	0	0	0	0	0	0	0	0	0	0	0	0	0
TC	UKBB	20	59	994	5	6.09486436843872	0	0	1	37	0	0	1	37	0	0	0	0	0	0	0	0
TC	UKBB	20	60	863	5	5.38030481338501	0	0	1	9	0	0	1	9	0	0	0	0	0	0	0	0
TC	UKBB	20	63	1938	5	45.7119324207306	0	0	0	0	0	0	0	0	0	0	0	0	0	0	0	0
TC	UKBB	20	64	510	5	3.38075256347656	1	1	3	13	1	1	3	13	0	0	0	0	0	0	0	0
TC	UKBB	20	65	1127	5	6.96106290817261	0	0	1	15	0	0	1	15	0	0	0	0	0	0	0	0
TC	UKBB	20	66	1195	5	11.8378598690033	0	0	0	0	0	0	0	0	0	0	0	0	0	0	0	0
TC	UKBB	20	67	617	5	1.97302508354187	0	0	0	0	0	0	0	0	0	0	0	0	0	0	0	0
TC	UKBB	20	68	282	5	1.10020065307617	0	1	1	2	0	1	1	2	0	0	1	2	0	0	0	0
TC	UKBB	20	69	868	5	9.37599492073059	2	3	4	8	2	3	4	8	0	1	1	1	0	0	0	0
TC	UKBB	20	70	510	5	1.89881229400635	0	0	0	0	0	0	0	0	0	0	0	0	0	0	0	0
TC	UKBB	20	71	920	5	8.61259579658508	0	0	0	0	0	0	0	0	0	0	0	0	0	0	0	0
TC	UKBB	20	77	889	5	5.56526589393616	0	0	1	39	0	0	1	39	0	0	0	0	0	0	0	0
TC	UKBB	20	78	1130	5	15.0264866352081	0	0	0	0	0	0	0	0	0	0	0	0	0	0	0	0
TC	UKBB	20	86	595	5	2.43701124191284	0	0	0	0	0	0	0	0	0	0	0	0	0	0	0	0
TC	UKBB	20	87	503	5	1.94859409332275	1	1	1	1	1	1	1	1	0	1	1	1	0	1	1	1
TC	UKBB	20	89	420	5	1.80754351615906	0	0	0	0	0	0	0	0	0	0	0	0	0	0	0	0
TC	UKBB	20	112	403	5	0.848751783370972	0	0	0	0	0	0	0	0	0	0	0	0	0	0	0	0
TC	UKBB	20	115	608	5	1.41193270683289	0	0	1	7	0	0	1	7	0	0	0	0	0	0	0	0
TC	UKBB	21	3	335	5	1.71628999710083	0	0	0	0	0	0	0	0	0	0	0	0	0	0	0	0
TC	UKBB	21	5	480	5	2.58045649528503	0	0	0	0	0	0	0	0	0	0	0	0	0	0	0	0
TC	UKBB	21	30	1681	5	34.035117149353	0	0	0	0	0	0	0	0	0	0	0	0	0	0	0	0
TC	UKBB	21	33	951	5	6.95404076576233	0	0	0	0	0	0	0	0	0	0	0	0	0	0	0	0
TC	UKBB	21	37	920	5	5.36057329177856	0	0	0	0	0	0	0	0	0	0	0	0	0	0	0	0
TC	UKBB	21	41	1571	5	24.490772485733	0	0	1	4	0	0	1	4	0	0	0	0	0	0	0	0
TC	UKBB	21	48	1508	5	24.5196900367737	0	0	2	44	0	0	2	44	0	0	0	0	0	0	0	0
TC	UKBB	21	53	608	5	2.77386808395386	0	0	0	0	0	0	0	0	0	0	0	0	0	0	0	0
TC	UKBB	21	64	1640	5	13.5103244781494	0	0	0	0	0	0	0	0	0	0	0	0	0	0	0	0
TC	UKBB	22	1	518	5	2.46983170509338	0	0	0	0	0	0	0	0	0	0	0	0	0	0	0	0
TC	UKBB	22	5	403	5	2.08276009559631	0	0	0	0	0	0	0	0	0	0	0	0	0	0	0	0
TC	UKBB	22	9	580	5	1.9549503326416	0	1	0	0	0	1	0	0	0	0	0	0	0	0	0	0
TC	UKBB	22	13	378	5	0.916805267333984	0	0	1	23	0	0	1	23	0	0	0	0	0	0	0	0
TC	UKBB	22	29	1025	5	6.48964905738831	0	0	0	0	0	0	0	0	0	0	0	0	0	0	0	0
TC	UKBB	22	30	3113	5	214.590020179749	0	0	1	10	0	0	0	0	0	0	0	0	0	0	0	0
TC	UKBB	22	36	492	5	2.21124029159546	0	0	1	28	0	0	1	28	0	0	0	0	0	0	1	28
TC	UKBB	22	37	752	5	3.94822883605957	0	0	0	0	0	0	0	0	0	0	0	0	0	0	0	0
TC	UKBB	22	40	341	5	1.19741272926331	0	0	0	0	0	0	0	0	0	0	0	0	0	0	0	0
TC	UKBB	22	43	623	5	4.71261954307556	0	0	0	0	0	0	0	0	0	0	0	0	0	0	0	0
TC	UKBB	22	45	590	5	2.35424423217773	0	0	0	0	0	0	0	0	0	0	0	0	0	0	0	0
TC	UKBB	22	46	1602	5	32.2582757472992	0	0	1	27	0	0	1	27	0	0	0	0	0	0	0	0
TC	UKBB	22	47	752	5	4.53532099723816	0	0	0	0	0	0	0	0	0	0	0	0	0	0	0	0
TC	UKBB	22	49	171	5	0.384235858917236	0	0	1	13	0	0	1	13	0	0	0	0	0	0	0	0
TC	UKBB	22	54	1139	5	5.11149501800537	0	0	0	0	0	0	0	0	0	0	0	0	0	0	0	0
TC	UKBB	22	55	863	5	2.57506585121155	0	0	0	0	0	0	0	0	0	0	0	0	0	0	0	0
TC	UKBB	22	56	90	5	0.119364500045776	0	0	0	0	0	0	0	0	0	0	0	0	0	0	0	0
TC	UKBB	22	57	723	5	1.46739387512207	0	0	0	0	0	0	0	0	0	0	0	0	0	0	0	0
TC	UKBB	22	69	1204	5	5.39555287361145	0	0	0	0	0	0	0	0	0	0	0	0	0	0	0	0
TC	UKBB	22	70	2012	5	44.892391204834	0	0	0	0	0	0	0	0	0	0	0	0	0	0	0	0
