pheno	chromosome	block	UKBB_nCS.EUR	GLGC_nCS.EUR	UKBB_in_GLGC.EUR	GLGC_in_UKBB.EUR	UKBB_nCS.AFR	GLGC_nCS.AFR	UKBB_in_GLGC.AFR	GLGC_in_UKBB.AFR	UKBB_nCS.EAS	GLGC_nCS.EAS	UKBB_in_GLGC.EAS	GLGC_in_UKBB.EAS
LDL	1	2	0	1	0	0	0	1	0	0	0	0	0	0
LDL	1	4	0	1	0	0	0	0	0	0	0	0	0	0
LDL	1	17	0	0	0	0	0	0	0	0	0	0	0	0
LDL	1	19	0	1	0	0	0	0	0	0	0	0	0	0
LDL	1	23	0	1	0	0	0	0	0	0	0	1	0	0
LDL	1	35	1	3	1	1	0	1	0	0	0	2	0	0
LDL	1	40	0	1	0	0	0	1	0	0	0	0	0	0
LDL	1	48	2	3	2	2	0	2	0	0	0	0	0	0
LDL	1	49	0	0	0	0	0	0	0	0	0	0	0	0
LDL	1	51	1	2	1	1	0	1	0	0	1	2	1	1
LDL	1	52	1	3	0	0	0	0	0	0	0	1	0	0
LDL	1	53	0	2	0	0	0	0	0	0	0	1	0	0
LDL	1	58	0	1	0	0	0	0	0	0	0	0	0	0
LDL	1	70	0	1	0	0	0	0	0	0	0	0	0	0
LDL	1	73	0	1	0	0	0	0	0	0	0	0	0	0
LDL	1	75	1	1	0	0	0	0	0	0	0	1	0	0
LDL	1	76	0	0	0	0	0	0	0	0	0	0	0	0
LDL	1	78	0	1	0	0	0	0	0	0	0	0	0	0
LDL	1	80	0	0	0	0	0	1	0	0	0	0	0	0
LDL	1	81	0	0	0	0	0	0	0	0	0	0	0	0
LDL	1	82	0	0	0	0	0	0	0	0	0	0	0	0
LDL	1	83	1	3	1	1	0	3	0	0	0	3	0	0
LDL	1	84	9	19	5	6	4	13	1	1	0	11	0	0
LDL	1	85	0	1	0	0	0	0	0	0	0	1	0	0
LDL	1	88	0	0	0	0	0	0	0	0	0	0	0	0
LDL	1	89	0	0	0	0	0	0	0	0	0	0	0	0
LDL	1	92	0	0	0	0	0	0	0	0	0	0	0	0
LDL	1	94	0	3	0	0	0	0	0	0	0	2	0	0
LDL	1	96	0	1	0	0	0	0	0	0	0	1	0	0
LDL	1	97	1	1	1	1	0	1	0	0	0	1	0	0
LDL	1	100	0	1	0	0	0	0	0	0	0	1	0	0
LDL	1	109	0	1	0	0	0	0	0	0	0	0	0	0
LDL	1	124	0	1	0	0	0	0	0	0	0	0	0	0
LDL	1	125	2	1	0	0	0	3	0	0	0	2	0	0
LDL	1	136	1	1	1	1	0	0	0	0	0	1	0	0
LDL	1	138	1	1	1	1	1	1	1	1	1	1	1	1
LDL	1	139	0	0	0	0	0	0	0	0	0	0	0	0
LDL	1	141	0	0	0	0	0	0	0	0	0	0	0	0
LDL	1	145	0	1	0	0	0	0	0	0	0	0	0	0
LDL	1	147	0	0	0	0	0	0	0	0	0	0	0	0
LDL	1	150	0	0	0	0	0	0	0	0	0	0	0	0
LDL	1	151	0	0	0	0	0	0	0	0	0	0	0	0
LDL	1	154	1	1	0	0	0	1	0	0	0	1	0	0
LDL	1	158	0	1	0	0	0	0	0	0	0	0	0	0
LDL	1	162	0	1	0	0	0	0	0	0	0	1	0	0
LDL	1	163	0	1	0	0	0	0	0	0	0	0	0	0
LDL	1	168	0	0	0	0	0	0	0	0	0	0	0	0
LDL	1	169	0	0	0	0	0	0	0	0	0	0	0	0
LDL	1	175	0	0	0	0	0	0	0	0	0	0	0	0
LDL	1	182	0	1	0	0	0	0	0	0	0	1	0	0
LDL	1	183	1	1	1	1	0	0	0	0	0	0	0	0
LDL	1	187	0	1	0	0	0	0	0	0	0	0	0	0
LDL	1	188	0	0	0	0	0	0	0	0	0	0	0	0
LDL	1	189	0	0	0	0	0	0	0	0	0	0	0	0
LDL	1	191	1	1	1	1	0	1	0	0	0	1	0	0
LDL	1	192	1	1	1	1	0	0	0	0	0	0	0	0
LDL	1	201	0	2	0	0	0	1	0	0	0	2	0	0
LDL	1	202	1	1	1	1	0	0	0	0	0	0	0	0
LDL	1	205	0	0	0	0	0	0	0	0	0	0	0	0
LDL	1	213	0	1	0	0	0	0	0	0	0	0	0	0
LDL	1	214	0	1	0	0	0	0	0	0	0	1	0	0
LDL	1	216	0	0	0	0	0	0	0	0	0	0	0	0
LDL	1	221	0	1	0	0	0	0	0	0	0	0	0	0
LDL	1	223	0	0	0	0	0	0	0	0	0	0	0	0
LDL	1	226	0	1	0	0	0	0	0	0	0	0	0	0
LDL	1	233	0	0	0	0	0	0	0	0	0	0	0	0
LDL	1	234	2	2	1	1	0	2	0	0	1	2	0	0
LDL	1	238	1	2	1	1	0	0	0	0	0	0	0	0
LDL	1	239	0	2	0	0	0	0	0	0	0	1	0	0
LDL	1	252	4	6	3	3	1	4	1	1	1	4	1	1
LDL	1	253	1	1	1	1	0	1	0	0	0	1	0	0
LDL	1	254	1	1	1	1	1	1	1	1	0	1	0	0
LDL	1	255	0	0	0	0	0	0	0	0	0	0	0	0
LDL	1	280	0	1	0	0	0	0	0	0	0	1	0	0
LDL	2	6	1	1	1	1	0	0	0	0	0	1	0	0
LDL	2	19	0	1	0	0	0	0	0	0	0	0	0	0
LDL	2	21	1	1	1	1	0	1	0	0	0	1	0	0
LDL	2	27	0	0	0	0	0	0	0	0	0	0	0	0
LDL	2	34	0	0	0	0	0	0	0	0	0	0	0	0
LDL	2	37	0	0	0	0	0	0	0	0	0	0	0	0
LDL	2	38	0	2	0	0	0	2	0	0	0	2	0	0
LDL	2	39	0	0	0	0	0	0	0	0	0	0	0	0
LDL	2	40	0	0	0	0	0	1	0	0	0	1	0	0
LDL	2	41	2	3	1	1	0	2	0	0	0	2	0	0
LDL	2	42	0	2	0	0	0	1	0	0	0	0	0	0
LDL	2	43	0	3	0	0	0	0	0	0	0	0	0	0
LDL	2	44	10	11	5	5	4	11	1	1	2	9	2	2
LDL	2	45	1	3	1	1	1	4	1	1	0	2	0	0
LDL	2	46	1	1	0	0	0	1	0	0	0	1	0	0
LDL	2	47	1	1	1	1	0	2	0	0	0	2	0	0
LDL	2	48	0	1	0	0	0	0	0	0	0	0	0	0
LDL	2	49	3	4	2	2	1	2	1	1	0	2	0	0
LDL	2	50	0	0	0	0	0	0	0	0	0	0	0	0
LDL	2	51	0	0	0	0	0	1	0	0	0	0	0	0
LDL	2	53	1	0	0	0	0	0	0	0	0	0	0	0
LDL	2	69	0	1	0	0	0	0	0	0	0	0	0	0
LDL	2	71	7	8	4	5	0	7	0	0	0	1	0	0
LDL	2	72	3	4	1	1	0	2	0	0	1	1	0	0
LDL	2	74	0	1	0	0	0	1	0	0	0	1	0	0
LDL	2	75	0	1	0	0	0	1	0	0	0	0	0	0
LDL	2	77	0	0	0	0	0	0	0	0	0	0	0	0
LDL	2	84	0	0	0	0	0	0	0	0	0	0	0	0
LDL	2	86	0	0	0	0	0	0	0	0	0	0	0	0
LDL	2	87	0	1	0	0	0	0	0	0	0	0	0	0
LDL	2	88	2	6	2	2	0	2	0	0	0	4	0	0
LDL	2	89	0	0	0	0	0	0	0	0	0	0	0	0
LDL	2	97	0	1	0	0	0	0	0	0	0	0	0	0
LDL	2	99	0	0	0	0	0	0	0	0	0	0	0	0
LDL	2	100	0	1	0	0	0	0	0	0	0	0	0	0
LDL	2	115	0	1	0	0	0	0	0	0	0	1	0	0
LDL	2	121	1	1	1	1	0	1	0	0	0	1	0	0
LDL	2	122	0	0	0	0	0	0	0	0	0	0	0	0
LDL	2	124	0	1	0	0	0	0	0	0	0	0	0	0
LDL	2	127	0	0	0	0	0	0	0	0	0	0	0	0
LDL	2	128	3	3	2	2	0	1	0	0	0	1	0	0
LDL	2	130	0	1	0	0	0	0	0	0	0	0	0	0
LDL	2	131	1	2	1	1	0	0	0	0	0	1	0	0
LDL	2	138	0	1	0	0	0	0	0	0	0	1	0	0
LDL	2	145	0	0	0	0	0	0	0	0	0	0	0	0
LDL	2	146	1	3	1	1	0	1	0	0	0	2	0	0
LDL	2	147	0	0	0	0	0	0	0	0	0	0	0	0
LDL	2	152	0	0	0	0	0	0	0	0	0	0	0	0
LDL	2	162	0	0	0	0	0	0	0	0	0	0	0	0
LDL	2	163	1	2	1	1	1	1	0	0	0	0	0	0
LDL	2	166	0	0	0	0	0	0	0	0	0	0	0	0
LDL	2	168	1	1	1	1	0	0	0	0	0	0	0	0
LDL	2	172	1	1	1	1	1	1	1	1	0	1	0	0
LDL	2	177	0	1	0	0	0	0	0	0	0	1	0	0
LDL	2	181	0	1	0	0	0	0	0	0	0	0	0	0
LDL	2	184	0	1	0	0	0	0	0	0	0	0	0	0
LDL	2	192	0	0	0	0	0	0	0	0	0	0	0	0
LDL	2	198	0	1	0	0	0	0	0	0	0	0	0	0
LDL	2	199	2	3	1	1	0	0	0	0	0	2	0	0
LDL	2	205	0	1	0	0	0	0	0	0	0	0	0	0
LDL	2	208	0	0	0	0	0	0	0	0	0	0	0	0
LDL	2	212	0	0	0	0	0	0	0	0	0	0	0	0
LDL	2	213	1	2	1	1	0	0	0	0	0	1	0	0
LDL	2	217	0	2	0	0	0	0	0	0	0	1	0	0
LDL	2	232	0	0	0	0	0	0	0	0	0	0	0	0
LDL	2	237	0	0	0	0	0	0	0	0	0	0	0	0
LDL	2	240	0	1	0	0	0	0	0	0	0	0	0	0
LDL	2	242	1	2	1	1	0	0	0	0	0	1	0	0
LDL	2	250	0	0	0	0	0	0	0	0	0	0	0	0
LDL	2	256	1	1	1	1	0	0	0	0	0	1	0	0
LDL	3	24	1	5	1	1	0	2	0	0	0	2	0	0
LDL	3	41	0	2	0	0	0	0	0	0	0	0	0	0
LDL	3	43	1	0	0	0	0	0	0	0	0	0	0	0
LDL	3	51	1	1	1	1	0	1	0	0	1	0	0	0
LDL	3	56	0	0	0	0	0	0	0	0	0	0	0	0
LDL	3	70	0	0	0	0	0	0	0	0	0	0	0	0
LDL	3	71	1	4	1	2	0	0	0	0	0	0	0	0
LDL	3	83	0	1	0	0	0	0	0	0	0	0	0	0
LDL	3	88	1	1	1	1	0	1	0	0	0	1	0	0
LDL	3	89	0	0	0	0	0	0	0	0	0	0	0	0
LDL	3	104	0	2	0	0	0	0	0	0	0	0	0	0
LDL	3	107	0	0	0	0	0	0	0	0	0	0	0	0
LDL	3	109	0	0	0	0	0	0	0	0	0	0	0	0
LDL	3	120	1	1	1	1	0	0	0	0	1	1	1	1
LDL	3	121	2	2	2	2	0	0	0	0	0	1	0	0
LDL	3	122	0	0	0	0	0	0	0	0	0	0	0	0
LDL	3	123	0	1	0	0	0	0	0	0	0	0	0	0
LDL	3	125	0	0	0	0	0	0	0	0	0	0	0	0
LDL	3	127	0	3	0	0	0	1	0	0	0	2	0	0
LDL	3	128	0	0	0	0	0	0	0	0	0	0	0	0
LDL	3	129	0	1	0	0	0	0	0	0	0	1	0	0
LDL	3	132	1	1	1	1	0	1	0	0	0	0	0	0
LDL	3	135	2	3	2	2	0	0	0	0	0	2	0	0
LDL	3	140	1	1	0	0	0	0	0	0	0	0	0	0
LDL	3	145	1	2	1	1	0	0	0	0	0	0	0	0
LDL	3	148	0	0	0	0	0	0	0	0	0	0	0	0
LDL	3	149	0	0	0	0	0	0	0	0	0	0	0	0
LDL	3	150	0	1	0	0	0	0	0	0	0	1	0	0
LDL	3	154	0	0	0	0	0	0	0	0	0	0	0	0
LDL	3	155	0	0	0	0	0	0	0	0	0	0	0	0
LDL	3	158	0	0	0	0	0	0	0	0	0	0	0	0
LDL	3	159	0	0	0	0	0	0	0	0	0	0	0	0
LDL	3	161	0	1	0	0	0	0	0	0	0	1	0	0
LDL	3	165	0	1	0	0	0	1	0	0	0	1	0	0
LDL	3	166	0	0	0	0	0	0	0	0	0	0	0	0
LDL	3	172	1	1	1	1	0	1	0	0	0	0	0	0
LDL	3	173	0	1	0	0	0	0	0	0	0	0	0	0
LDL	3	175	0	1	0	0	0	0	0	0	0	1	0	0
LDL	3	186	0	0	0	0	0	0	0	0	0	0	0	0
LDL	3	190	0	0	0	0	0	0	0	0	0	0	0	0
LDL	3	195	0	0	0	0	0	0	0	0	0	0	0	0
LDL	3	214	0	2	0	0	0	0	0	0	0	1	0	0
LDL	3	216	0	0	0	0	0	0	0	0	0	0	0	0
LDL	4	1	1	2	1	1	0	1	0	0	0	2	0	0
LDL	4	15	0	1	0	0	0	1	0	0	0	1	0	0
LDL	4	19	0	0	0	0	0	0	0	0	0	0	0	0
LDL	4	21	0	0	0	0	0	0	0	0	0	0	0	0
LDL	4	28	0	1	0	0	0	0	0	0	0	0	0	0
LDL	4	30	0	0	0	0	0	0	0	0	0	0	0	0
LDL	4	42	0	1	0	0	0	0	0	0	0	0	0	0
LDL	4	43	0	1	0	0	0	0	0	0	0	0	0	0
LDL	4	55	1	2	1	1	0	0	0	0	0	0	0	0
LDL	4	57	0	1	0	0	0	0	0	0	0	0	0	0
LDL	4	64	0	1	0	0	0	0	0	0	0	0	0	0
LDL	4	65	0	2	0	0	0	0	0	0	0	0	0	0
LDL	4	66	0	0	0	0	0	0	0	0	0	0	0	0
LDL	4	71	0	1	0	0	0	0	0	0	0	0	0	0
LDL	4	79	0	1	0	0	0	1	0	0	0	0	0	0
LDL	4	80	1	2	1	1	1	2	1	1	0	2	0	0
LDL	4	84	0	1	0	0	0	0	0	0	0	0	0	0
LDL	4	85	0	0	0	0	0	0	0	0	0	0	0	0
LDL	4	86	0	0	0	0	0	0	0	0	0	0	0	0
LDL	4	87	0	2	0	0	0	1	0	0	0	1	0	0
LDL	4	90	0	0	0	0	0	0	0	0	0	0	0	0
LDL	4	92	1	0	0	0	0	0	0	0	0	0	0	0
LDL	4	101	1	1	0	0	0	0	0	0	0	0	0	0
LDL	4	113	0	2	0	0	0	0	0	0	0	2	0	0
LDL	4	115	1	2	1	1	1	0	0	0	0	0	0	0
LDL	4	116	0	1	0	0	0	0	0	0	0	0	0	0
LDL	4	117	0	1	0	0	0	0	0	0	0	0	0	0
LDL	4	121	1	1	1	1	0	0	0	0	0	0	0	0
LDL	4	122	0	0	0	0	0	0	0	0	0	0	0	0
LDL	4	129	0	0	0	0	0	0	0	0	0	0	0	0
LDL	4	130	0	1	0	0	0	0	0	0	0	0	0	0
LDL	4	134	0	0	0	0	0	0	0	0	0	0	0	0
LDL	4	136	0	1	0	0	0	0	0	0	0	0	0	0
LDL	4	148	0	0	0	0	0	0	0	0	0	0	0	0
LDL	4	156	0	1	0	0	0	0	0	0	0	0	0	0
LDL	4	159	0	1	0	0	0	0	0	0	0	0	0	0
LDL	4	161	0	0	0	0	0	0	0	0	0	0	0	0
LDL	4	162	0	0	0	0	0	0	0	0	0	0	0	0
LDL	4	203	0	1	0	0	0	0	0	0	0	1	0	0
LDL	5	6	0	1	0	0	0	0	0	0	0	0	0	0
LDL	5	17	0	0	0	0	0	0	0	0	0	0	0	0
LDL	5	55	0	0	0	0	0	0	0	0	0	0	0	0
LDL	5	64	1	1	0	0	0	0	0	0	1	1	0	0
LDL	5	69	1	1	1	1	0	1	0	0	1	1	1	1
LDL	5	71	0	0	0	0	0	0	0	0	0	0	0	0
LDL	5	81	1	1	0	0	0	1	0	0	0	1	0	0
LDL	5	82	0	0	0	0	0	0	0	0	0	0	0	0
LDL	5	84	1	1	0	0	0	0	0	0	1	0	0	0
LDL	5	85	3	4	1	1	1	2	1	1	1	3	1	1
LDL	5	86	0	1	0	0	0	0	0	0	0	0	0	0
LDL	5	109	0	1	0	0	0	0	0	0	0	0	0	0
LDL	5	127	0	0	0	0	0	0	0	0	0	0	0	0
LDL	5	130	1	1	1	1	0	1	0	0	0	1	0	0
LDL	5	134	0	0	0	0	0	0	0	0	0	0	0	0
LDL	5	144	0	1	0	0	0	1	0	0	0	1	0	0
LDL	5	146	1	1	1	1	0	0	0	0	0	1	0	0
LDL	5	147	1	1	1	1	0	0	0	0	0	0	0	0
LDL	5	148	0	1	0	0	0	0	0	0	0	0	0	0
LDL	5	156	1	0	0	0	0	0	0	0	0	0	0	0
LDL	5	157	0	1	0	0	0	0	0	0	0	0	0	0
LDL	5	158	0	1	0	0	0	0	0	0	0	0	0	0
LDL	5	165	0	0	0	0	0	0	0	0	0	0	0	0
LDL	5	166	2	4	2	2	1	2	1	1	0	2	0	0
LDL	5	167	0	2	0	0	0	1	0	0	0	2	0	0
LDL	5	202	0	1	0	0	0	0	0	0	0	0	0	0
LDL	5	207	0	0	0	0	0	0	0	0	0	0	0	0
LDL	6	19	0	1	0	0	0	0	0	0	0	0	0	0
LDL	6	20	0	0	0	0	0	0	0	0	0	0	0	0
LDL	6	25	0	1	0	0	0	0	0	0	0	0	0	0
LDL	6	27	0	2	0	0	0	1	0	0	0	1	0	0
LDL	6	34	0	2	0	0	0	0	0	0	0	1	0	0
LDL	6	35	1	3	1	1	0	1	0	0	1	2	1	1
LDL	6	39	0	2	0	0	0	0	0	0	0	1	0	0
LDL	6	43	0	1	0	0	0	1	0	0	0	1	0	0
LDL	6	44	0	1	0	0	0	0	0	0	0	0	0	0
LDL	6	47	0	0	0	0	0	0	0	0	0	0	0	0
LDL	6	51	1	3	1	1	0	0	0	0	0	1	0	0
LDL	6	53	1	1	1	1	0	0	0	0	0	0	0	0
LDL	6	56	1	1	1	1	0	0	0	0	0	0	0	0
LDL	6	58	0	1	0	0	0	0	0	0	0	0	0	0
LDL	6	63	1	1	1	1	0	0	0	0	0	1	0	0
LDL	6	64	0	2	0	0	0	0	0	0	0	0	0	0
LDL	6	65	0	1	0	0	0	0	0	0	0	1	0	0
LDL	6	71	0	0	0	0	0	0	0	0	0	0	0	0
LDL	6	72	0	2	0	0	0	0	0	0	0	0	0	0
LDL	6	73	0	1	0	0	0	0	0	0	0	0	0	0
LDL	6	75	1	2	1	1	0	0	0	0	0	0	0	0
LDL	6	76	0	0	0	0	0	0	0	0	0	0	0	0
LDL	6	87	0	0	0	0	0	0	0	0	0	0	0	0
LDL	6	88	0	0	0	0	0	0	0	0	0	0	0	0
LDL	6	100	1	1	1	1	1	0	0	0	0	0	0	0
LDL	6	101	1	1	1	1	0	1	0	0	0	2	0	0
LDL	6	105	0	1	0	0	0	0	0	0	0	1	0	0
LDL	6	106	0	0	0	0	0	0	0	0	0	0	0	0
LDL	6	109	0	1	0	0	0	0	0	0	0	1	0	0
LDL	6	115	1	1	0	0	0	1	0	0	0	0	0	0
LDL	6	117	0	0	0	0	0	0	0	0	0	0	0	0
LDL	6	124	2	2	2	2	0	0	0	0	0	0	0	0
LDL	6	127	1	1	1	1	0	1	0	0	0	0	0	0
LDL	6	128	0	1	0	0	0	0	0	0	0	0	0	0
LDL	6	134	1	2	1	1	0	0	0	0	1	1	1	1
LDL	6	136	0	1	0	0	0	0	0	0	0	0	0	0
LDL	6	140	0	2	0	0	0	1	0	0	0	0	0	0
LDL	6	154	1	1	0	0	0	0	0	0	0	0	0	0
LDL	6	158	0	1	0	0	0	1	0	0	0	1	0	0
LDL	6	160	0	1	0	0	0	0	0	0	0	1	0	0
LDL	6	168	0	1	0	0	0	0	0	0	0	0	0	0
LDL	6	169	9	9	5	5	4	5	1	1	2	3	0	0
LDL	6	170	0	0	0	0	0	0	0	0	0	0	0	0
LDL	6	180	0	0	0	0	0	0	0	0	0	0	0	0
LDL	6	183	0	1	0	0	0	0	0	0	0	0	0	0
LDL	6	187	0	0	0	0	0	0	0	0	0	0	0	0
LDL	7	3	1	2	1	1	0	1	0	0	0	1	0	0
LDL	7	5	0	0	0	0	0	0	0	0	0	0	0	0
LDL	7	6	0	1	0	0	0	0	0	0	0	0	0	0
LDL	7	11	0	0	0	0	0	0	0	0	0	0	0	0
LDL	7	12	0	0	0	0	0	0	0	0	0	0	0	0
LDL	7	13	0	0	0	0	0	0	0	0	0	0	0	0
LDL	7	33	0	0	0	0	0	0	0	0	0	0	0	0
LDL	7	37	2	4	2	2	0	0	0	0	2	1	0	0
LDL	7	41	0	0	0	0	0	0	0	0	0	0	0	0
LDL	7	42	1	5	1	1	0	4	0	0	1	1	0	0
LDL	7	44	1	1	0	0	0	0	0	0	0	1	0	0
LDL	7	50	0	0	0	0	0	0	0	0	0	0	0	0
LDL	7	58	1	2	0	0	1	1	0	0	0	1	0	0
LDL	7	66	0	1	0	0	0	0	0	0	0	1	0	0
LDL	7	67	1	3	1	1	0	1	0	0	0	0	0	0
LDL	7	74	0	0	0	0	0	0	0	0	0	0	0	0
LDL	7	85	1	1	0	0	0	0	0	0	0	0	0	0
LDL	7	88	1	2	1	1	0	1	0	0	1	1	0	0
LDL	7	89	0	1	0	0	0	1	0	0	0	0	0	0
LDL	7	95	0	1	0	0	0	1	0	0	0	1	0	0
LDL	7	99	1	1	1	1	0	0	0	0	0	1	0	0
LDL	7	103	0	1	0	0	0	0	0	0	0	0	0	0
LDL	7	109	1	1	1	1	0	1	0	0	0	1	0	0
LDL	7	111	3	4	1	1	0	1	0	0	0	2	0	0
LDL	7	112	0	1	0	0	0	1	0	0	0	1	0	0
LDL	7	113	0	1	0	0	0	1	0	0	0	0	0	0
LDL	7	114	0	1	0	0	0	0	0	0	0	1	0	0
LDL	7	119	0	2	0	0	0	0	0	0	0	1	0	0
LDL	7	132	0	0	0	0	0	0	0	0	0	0	0	0
LDL	7	133	0	1	0	0	0	1	0	0	0	0	0	0
LDL	7	134	0	0	0	0	0	0	0	0	0	0	0	0
LDL	7	138	0	1	0	0	0	0	0	0	0	0	0	0
LDL	7	139	0	1	0	0	0	0	0	0	0	0	0	0
LDL	7	141	0	2	0	0	0	2	0	0	0	0	0	0
LDL	7	147	0	1	0	0	0	0	0	0	0	0	0	0
LDL	7	152	0	1	0	0	0	0	0	0	0	0	0	0
LDL	7	162	0	0	0	0	0	0	0	0	0	0	0	0
LDL	7	176	0	1	0	0	0	1	0	0	0	1	0	0
LDL	7	177	0	0	0	0	0	0	0	0	0	0	0	0
LDL	7	187	0	0	0	0	0	0	0	0	0	1	0	0
LDL	8	17	1	1	1	1	0	0	0	0	0	0	0	0
LDL	8	29	1	1	1	1	0	1	0	0	0	0	0	0
LDL	8	36	0	0	0	0	0	0	0	0	0	0	0	0
LDL	8	39	0	1	0	0	0	0	0	0	0	0	0	0
LDL	8	42	0	1	0	0	0	0	0	0	0	1	0	0
LDL	8	44	0	1	0	0	0	0	0	0	0	0	0	0
LDL	8	45	0	2	0	0	0	0	0	0	0	0	0	0
LDL	8	56	0	0	0	0	0	0	0	0	0	0	0	0
LDL	8	57	0	0	0	0	0	0	0	0	0	0	0	0
LDL	8	59	1	2	1	1	0	0	0	0	0	1	0	0
LDL	8	65	1	1	1	1	0	1	0	0	0	1	0	0
LDL	8	68	2	3	2	2	0	2	0	0	0	3	0	0
LDL	8	69	1	1	1	1	0	0	0	0	0	1	0	0
LDL	8	71	0	0	0	0	0	0	0	0	0	0	0	0
LDL	8	75	0	1	0	0	0	0	0	0	0	0	0	0
LDL	8	78	0	0	0	0	0	0	0	0	0	0	0	0
LDL	8	79	0	0	0	0	0	0	0	0	0	0	0	0
LDL	8	81	1	1	1	1	0	0	0	0	0	1	0	0
LDL	8	83	0	1	0	0	0	0	0	0	0	0	0	0
LDL	8	85	0	1	0	0	0	0	0	0	0	0	0	0
LDL	8	88	0	0	0	0	0	0	0	0	0	0	0	0
LDL	8	90	0	1	0	0	0	0	0	0	0	0	0	0
LDL	8	101	0	1	0	0	0	0	0	0	0	0	0	0
LDL	8	106	0	1	0	0	0	0	0	0	0	0	0	0
LDL	8	113	2	3	2	2	0	0	0	0	0	2	0	0
LDL	8	124	0	2	0	0	0	0	0	0	0	0	0	0
LDL	8	125	2	3	2	2	0	0	0	0	0	2	0	0
LDL	8	135	0	0	0	0	0	0	0	0	0	0	0	0
LDL	8	153	1	1	1	1	0	0	0	0	0	0	0	0
LDL	8	159	0	0	0	0	0	0	0	0	0	0	0	0
LDL	8	160	1	1	1	1	0	0	0	0	0	0	0	0
LDL	9	4	1	1	1	1	1	1	1	1	1	1	1	1
LDL	9	5	0	1	0	0	0	1	0	0	0	0	0	0
LDL	9	13	0	1	0	0	0	0	0	0	0	1	0	0
LDL	9	33	1	1	1	1	0	1	0	0	0	1	0	0
LDL	9	36	1	2	1	1	0	0	0	0	1	0	0	0
LDL	9	39	1	1	1	1	0	0	0	0	0	0	0	0
LDL	9	40	0	0	0	0	0	0	0	0	0	0	0	0
LDL	9	51	0	1	0	0	0	0	0	0	0	0	0	0
LDL	9	53	0	0	0	0	0	0	0	0	0	0	0	0
LDL	9	62	0	0	0	0	0	0	0	0	0	0	0	0
LDL	9	69	1	2	1	1	0	0	0	0	0	2	0	0
LDL	9	70	0	0	0	0	0	0	0	0	0	0	0	0
LDL	9	72	1	2	0	0	0	1	0	0	0	1	0	0
LDL	9	73	0	1	0	0	0	1	0	0	0	1	0	0
LDL	9	80	0	1	0	0	0	0	0	0	0	0	0	0
LDL	9	84	0	0	0	0	0	0	0	0	0	0	0	0
LDL	9	89	0	1	0	0	0	0	0	0	0	1	0	0
LDL	9	93	0	0	0	0	0	0	0	0	0	0	0	0
LDL	9	99	0	0	0	0	0	0	0	0	0	0	0	0
LDL	9	102	0	1	0	0	0	0	0	0	0	0	0	0
LDL	9	104	0	0	0	0	0	0	0	0	0	0	0	0
LDL	9	110	2	2	2	2	1	0	0	0	0	1	0	0
LDL	9	111	2	3	0	0	0	1	0	0	0	1	0	0
LDL	9	112	0	0	0	0	0	0	0	0	0	0	0	0
LDL	9	114	0	1	0	0	0	0	0	0	0	0	0	0
LDL	9	115	0	0	0	0	0	0	0	0	0	0	0	0
LDL	9	116	0	1	0	0	0	0	0	0	0	0	0	0
LDL	9	118	0	0	0	0	0	0	0	0	0	0	0	0
LDL	9	119	0	0	0	0	0	0	0	0	0	0	0	0
LDL	9	124	0	1	0	0	0	0	0	0	0	0	0	0
LDL	9	125	0	0	0	0	0	0	0	0	0	0	0	0
LDL	9	134	1	2	0	0	0	0	0	0	0	1	0	0
LDL	9	140	2	1	1	1	1	1	0	0	0	1	0	0
LDL	9	144	0	0	0	0	0	0	0	0	0	0	0	0
LDL	9	145	0	0	0	0	0	0	0	0	0	0	0	0
LDL	9	148	0	1	0	0	0	0	0	0	0	0	0	0
LDL	9	149	1	3	1	1	0	2	0	0	0	3	0	0
LDL	9	153	0	1	0	0	0	0	0	0	0	0	0	0
LDL	9	160	0	1	0	0	0	0	0	0	0	1	0	0
LDL	9	161	1	1	0	0	0	0	0	0	0	1	0	0
LDL	10	14	0	1	0	0	0	0	0	0	0	0	0	0
LDL	10	22	0	1	0	0	0	0	0	0	0	0	0	0
LDL	10	30	0	0	0	0	0	0	0	0	0	0	0	0
LDL	10	43	0	1	0	0	0	0	0	0	0	1	0	0
LDL	10	45	0	0	0	0	0	0	0	0	0	0	0	0
LDL	10	46	0	1	0	0	0	0	0	0	0	0	0	0
LDL	10	52	0	0	0	0	0	0	0	0	0	0	0	0
LDL	10	53	0	0	0	0	0	0	0	0	0	0	0	0
LDL	10	59	0	0	0	0	0	0	0	0	0	0	0	0
LDL	10	60	1	0	0	0	0	0	0	0	1	0	0	0
LDL	10	67	0	1	0	0	0	0	0	0	0	0	0	0
LDL	10	69	0	1	0	0	0	0	0	0	0	0	0	0
LDL	10	70	1	1	0	0	0	0	0	0	0	0	0	0
LDL	10	73	0	1	0	0	0	0	0	0	0	1	0	0
LDL	10	80	2	1	0	0	0	0	0	0	0	1	0	0
LDL	10	81	1	1	1	1	0	1	0	0	0	1	0	0
LDL	10	84	0	0	0	0	0	0	0	0	0	0	0	0
LDL	10	85	2	2	2	2	0	0	0	0	0	0	0	0
LDL	10	92	0	1	0	0	0	0	0	0	0	1	0	0
LDL	10	100	0	1	0	0	0	0	0	0	0	0	0	0
LDL	10	101	0	1	0	0	0	0	0	0	0	0	0	0
LDL	10	109	0	0	0	0	0	0	0	0	0	0	0	0
LDL	10	110	0	1	0	0	0	0	0	0	0	0	0	0
LDL	10	112	0	1	0	0	0	0	0	0	0	0	0	0
LDL	10	113	0	1	0	0	0	0	0	0	0	0	0	0
LDL	10	117	3	4	2	2	0	2	0	0	0	3	0	0
LDL	10	120	0	2	0	0	0	0	0	0	0	2	0	0
LDL	10	121	0	1	0	0	0	0	0	0	0	0	0	0
LDL	10	126	1	2	1	1	0	1	0	0	0	1	0	0
LDL	10	127	0	1	0	0	0	0	0	0	0	0	0	0
LDL	10	128	0	0	0	0	0	0	0	0	0	0	0	0
LDL	10	129	0	0	0	0	0	0	0	0	0	0	0	0
LDL	10	131	0	0	0	0	0	0	0	0	0	0	0	0
LDL	10	137	1	1	1	1	0	0	0	0	0	1	0	0
LDL	10	138	2	3	1	2	0	2	0	0	0	3	0	0
LDL	10	142	1	0	0	0	0	0	0	0	0	0	0	0
LDL	10	144	0	1	0	0	0	1	0	0	0	1	0	0
LDL	10	150	0	0	0	0	0	0	0	0	0	0	0	0
LDL	10	152	0	1	0	0	0	0	0	0	0	0	0	0
LDL	10	154	1	1	1	1	0	1	0	0	0	0	0	0
LDL	11	2	0	0	0	0	0	0	0	0	0	0	0	0
LDL	11	3	0	0	0	0	0	0	0	0	0	0	0	0
LDL	11	4	0	0	0	0	0	0	0	0	0	0	0	0
LDL	11	7	1	2	0	0	0	0	0	0	0	0	0	0
LDL	11	12	1	4	0	0	0	3	0	0	0	2	0	0
LDL	11	18	0	1	0	0	0	0	0	0	0	0	0	0
LDL	11	22	0	1	0	0	0	0	0	0	0	0	0	0
LDL	11	28	0	1	0	0	0	0	0	0	0	1	0	0
LDL	11	30	1	1	1	1	0	1	0	0	1	1	1	1
LDL	11	31	0	1	0	0	0	0	0	0	0	1	0	0
LDL	11	33	1	2	1	1	0	1	0	0	0	1	0	0
LDL	11	51	0	1	0	0	0	0	0	0	0	0	0	0
LDL	11	56	0	1	0	0	0	0	0	0	0	1	0	0
LDL	11	75	0	0	0	0	0	0	0	0	0	0	0	0
LDL	11	76	2	5	1	1	0	2	0	0	0	4	0	0
LDL	11	78	0	1	0	0	0	0	0	0	0	1	0	0
LDL	11	79	1	2	1	1	0	0	0	0	0	2	0	0
LDL	11	81	0	0	0	0	0	0	0	0	0	0	0	0
LDL	11	82	0	0	0	0	0	0	0	0	0	0	0	0
LDL	11	86	0	0	0	0	0	0	0	0	0	0	0	0
LDL	11	90	0	1	0	0	0	0	0	0	0	0	0	0
LDL	11	107	0	0	0	0	0	0	0	0	0	0	0	0
LDL	11	108	0	1	0	0	0	0	0	0	0	0	0	0
LDL	11	115	0	0	0	0	0	0	0	0	0	0	0	0
LDL	11	117	1	1	1	1	0	1	0	0	0	1	0	0
LDL	11	123	0	1	0	0	0	0	0	0	0	0	0	0
LDL	11	125	1	0	0	0	0	0	0	0	0	0	0	0
LDL	11	129	2	2	2	2	0	1	0	0	2	1	1	1
LDL	11	133	0	2	0	0	0	0	0	0	0	1	0	0
LDL	11	139	0	0	0	0	0	0	0	0	0	0	0	0
LDL	11	140	0	1	0	0	0	0	0	0	0	0	0	0
LDL	11	142	1	1	1	1	0	1	0	0	0	0	0	0
LDL	11	147	1	3	1	1	0	1	0	0	0	1	0	0
LDL	11	163	0	1	0	0	0	0	0	0	0	0	0	0
LDL	12	1	0	2	0	0	0	1	0	0	0	0	0	0
LDL	12	4	0	0	0	0	0	0	0	0	0	0	0	0
LDL	12	12	0	0	0	0	0	0	0	0	0	0	0	0
LDL	12	17	0	0	0	0	0	0	0	0	0	0	0	0
LDL	12	18	0	2	0	0	0	0	0	0	0	0	0	0
LDL	12	23	1	2	1	1	0	0	0	0	0	1	0	0
LDL	12	29	0	0	0	0	0	0	0	0	0	0	0	0
LDL	12	33	0	2	0	0	0	0	0	0	0	1	0	0
LDL	12	42	0	0	0	0	0	0	0	0	0	0	0	0
LDL	12	45	0	0	0	0	0	0	0	0	0	0	0	0
LDL	12	47	0	2	0	0	0	0	0	0	0	0	0	0
LDL	12	49	0	1	0	0	0	0	0	0	0	0	0	0
LDL	12	51	0	1	0	0	0	0	0	0	0	1	0	0
LDL	12	59	0	0	0	0	0	0	0	0	0	0	0	0
LDL	12	61	0	0	0	0	0	0	0	0	0	0	0	0
LDL	12	62	0	2	0	0	0	1	0	0	0	1	0	0
LDL	12	63	1	1	0	0	0	0	0	0	1	0	0	0
LDL	12	64	0	1	0	0	0	2	0	0	0	0	0	0
LDL	12	66	0	2	0	0	0	1	0	0	0	2	0	0
LDL	12	67	0	1	0	0	0	0	0	0	0	0	0	0
LDL	12	69	0	0	0	0	0	0	0	0	0	0	0	0
LDL	12	71	1	2	1	1	0	1	0	0	0	0	0	0
LDL	12	72	0	0	0	0	0	0	0	0	0	0	0	0
LDL	12	82	0	1	0	0	0	1	0	0	0	0	0	0
LDL	12	97	0	1	0	0	0	0	0	0	0	0	0	0
LDL	12	98	0	1	0	0	0	0	0	0	0	1	0	0
LDL	12	110	0	1	0	0	0	0	0	0	0	1	0	0
LDL	12	112	0	0	0	0	0	0	0	0	0	0	0	0
LDL	12	113	0	1	0	0	0	1	0	0	0	1	0	0
LDL	12	114	0	1	0	0	0	0	0	0	0	0	0	0
LDL	12	115	0	0	0	0	0	0	0	0	0	0	0	0
LDL	12	117	0	0	0	0	0	0	0	0	0	0	0	0
LDL	12	120	0	1	0	0	0	0	0	0	0	1	0	0
LDL	12	121	1	2	0	0	1	1	0	0	0	0	0	0
LDL	12	122	2	4	2	2	0	1	0	0	0	1	0	0
LDL	12	127	0	0	0	0	0	0	0	0	0	0	0	0
LDL	12	128	1	1	0	0	0	0	0	0	0	0	0	0
LDL	12	138	1	1	1	1	0	1	0	0	1	1	1	1
LDL	12	139	1	4	1	1	0	1	0	0	0	3	0	0
LDL	12	140	2	1	1	1	0	1	0	0	0	0	0	0
LDL	12	141	0	0	0	0	0	0	0	0	0	0	0	0
LDL	12	164	0	1	0	0	0	0	0	0	0	0	0	0
LDL	13	11	0	0	0	0	0	0	0	0	0	0	0	0
LDL	13	18	0	1	0	0	0	0	0	0	0	1	0	0
LDL	13	21	0	1	0	0	0	0	0	0	0	1	0	0
LDL	13	24	0	1	0	0	0	0	0	0	0	0	0	0
LDL	13	25	3	4	3	3	1	2	1	1	0	2	0	0
LDL	13	40	0	1	0	0	0	0	0	0	0	0	0	0
LDL	13	44	0	0	0	0	0	0	0	0	0	0	0	0
LDL	13	50	0	1	0	0	0	1	0	0	0	0	0	0
LDL	13	52	0	1	0	0	0	0	0	0	0	1	0	0
LDL	13	66	0	1	0	0	0	1	0	0	0	1	0	0
LDL	13	69	0	1	0	0	0	0	0	0	0	0	0	0
LDL	13	84	0	2	0	0	0	0	0	0	0	0	0	0
LDL	13	96	0	0	0	0	0	0	0	0	0	0	0	0
LDL	13	102	0	0	0	0	0	0	0	0	0	0	0	0
LDL	13	115	0	1	0	0	0	1	0	0	0	1	0	0
LDL	13	116	1	1	0	0	1	1	0	0	0	0	0	0
LDL	13	118	1	1	1	1	0	1	0	0	0	1	0	0
LDL	13	125	0	4	0	0	0	0	0	0	0	2	0	0
LDL	14	4	0	1	0	0	0	0	0	0	0	1	0	0
LDL	14	14	1	2	1	1	0	0	0	0	0	1	0	0
LDL	14	23	0	1	0	0	0	0	0	0	0	1	0	0
LDL	14	31	0	1	0	0	0	0	0	0	0	0	0	0
LDL	14	35	0	1	0	0	0	0	0	0	0	1	0	0
LDL	14	42	0	0	0	0	0	0	0	0	0	0	0	0
LDL	14	43	0	1	0	0	0	0	0	0	0	0	0	0
LDL	14	46	0	0	0	0	0	0	0	0	0	0	0	0
LDL	14	63	1	1	1	1	0	1	0	0	0	0	0	0
LDL	14	68	2	2	1	1	0	1	0	0	1	0	0	0
LDL	14	72	2	1	1	1	0	0	0	0	0	1	0	0
LDL	14	73	1	1	1	1	0	0	0	0	0	1	0	0
LDL	14	96	0	1	0	0	0	0	0	0	0	0	0	0
LDL	14	105	0	1	0	0	0	0	0	0	0	0	0	0
LDL	14	106	0	0	0	0	0	0	0	0	0	0	0	0
LDL	14	121	0	1	0	0	0	0	0	0	0	0	0	0
LDL	14	126	0	2	0	0	0	1	0	0	0	2	0	0
LDL	14	127	0	1	0	0	0	0	0	0	0	1	0	0
LDL	15	3	0	0	0	0	0	0	0	0	0	0	0	0
LDL	15	37	0	0	0	0	0	0	0	0	0	0	0	0
LDL	15	39	0	0	0	0	0	0	0	0	0	0	0	0
LDL	15	44	1	1	0	0	0	0	0	0	0	1	0	0
LDL	15	45	0	0	0	0	0	0	0	0	0	0	0	0
LDL	15	46	0	1	0	0	0	1	0	0	0	1	0	0
LDL	15	47	0	1	0	0	0	0	0	0	0	0	0	0
LDL	15	50	1	1	1	1	1	0	0	0	0	0	0	0
LDL	15	52	1	1	0	0	0	1	0	0	0	1	0	0
LDL	15	53	1	1	1	1	0	1	0	0	0	1	0	0
LDL	15	54	0	0	0	0	0	0	0	0	0	0	0	0
LDL	15	56	0	1	0	0	0	0	0	0	0	0	0	0
LDL	15	59	0	0	0	0	0	0	0	0	0	0	0	0
LDL	15	62	0	1	0	0	0	0	0	0	0	0	0	0
LDL	15	63	0	1	0	0	0	0	0	0	0	0	0	0
LDL	15	64	0	0	0	0	0	0	0	0	0	0	0	0
LDL	15	66	0	0	0	0	0	0	0	0	0	0	0	0
LDL	15	80	0	2	0	0	0	0	0	0	0	0	0	0
LDL	15	83	0	1	0	0	0	0	0	0	0	0	0	0
LDL	15	85	0	0	0	0	0	0	0	0	0	0	0	0
LDL	15	117	0	1	0	0	0	0	0	0	0	0	0	0
LDL	15	118	0	1	0	0	0	0	0	0	0	0	0	0
LDL	16	1	0	0	0	0	0	0	0	0	0	0	0	0
LDL	16	4	0	0	0	0	0	0	0	0	0	0	0	0
LDL	16	5	0	0	0	0	0	0	0	0	0	0	0	0
LDL	16	9	0	1	0	0	0	0	0	0	0	0	0	0
LDL	16	31	1	1	1	1	0	1	0	0	0	1	0	0
LDL	16	32	1	2	1	1	0	0	0	0	0	1	0	0
LDL	16	37	0	1	0	0	0	1	0	0	0	0	0	0
LDL	16	38	0	0	0	0	0	0	0	0	0	0	0	0
LDL	16	43	1	1	1	1	1	1	1	1	0	0	0	0
LDL	16	59	1	2	1	1	0	0	0	0	0	0	0	0
LDL	16	60	0	0	0	0	0	0	0	0	0	0	0	0
LDL	16	74	0	1	0	0	0	0	0	0	0	0	0	0
LDL	16	75	2	2	2	2	1	1	1	1	0	1	0	0
LDL	16	76	0	1	0	0	0	0	0	0	0	0	0	0
LDL	16	80	0	0	0	0	0	0	0	0	0	0	0	0
LDL	16	85	0	2	0	0	0	1	0	0	0	0	0	0
LDL	16	88	0	1	0	0	0	1	0	0	0	1	0	0
LDL	16	89	5	7	2	2	1	7	0	0	0	7	0	0
LDL	16	90	0	0	0	0	0	0	0	0	0	0	0	0
LDL	16	94	1	0	0	0	1	0	0	0	0	0	0	0
LDL	16	96	0	0	0	0	0	0	0	0	0	0	0	0
LDL	16	99	0	1	0	0	0	0	0	0	0	1	0	0
LDL	16	100	0	2	0	0	0	1	0	0	0	0	0	0
LDL	16	101	1	1	1	1	0	0	0	0	0	1	0	0
LDL	16	103	0	0	0	0	0	0	0	0	0	0	0	0
LDL	16	104	0	0	0	0	0	0	0	0	0	0	0	0
LDL	16	110	1	1	0	0	0	1	0	0	0	1	0	0
LDL	16	119	1	0	0	0	0	0	0	0	0	0	0	0
LDL	16	120	0	0	0	0	0	0	0	0	0	0	0	0
LDL	16	125	0	0	0	0	0	0	0	0	0	0	0	0
LDL	16	126	0	0	0	0	0	0	0	0	1	0	0	0
LDL	16	127	0	0	0	0	0	0	0	0	0	0	0	0
LDL	16	128	0	0	0	0	0	0	0	0	0	0	0	0
LDL	17	9	0	3	0	0	0	1	0	0	0	2	0	0
LDL	17	14	1	1	0	0	0	0	0	0	0	1	0	0
LDL	17	16	0	0	0	0	0	0	0	0	0	0	0	0
LDL	17	17	0	3	0	0	0	0	0	0	1	0	0	0
LDL	17	22	1	0	0	0	0	0	0	0	1	0	0	0
LDL	17	23	2	2	2	2	1	0	0	0	0	1	0	0
LDL	17	24	2	3	1	1	1	1	0	0	1	2	1	1
LDL	17	25	0	1	0	0	0	0	0	0	0	1	0	0
LDL	17	28	0	1	0	0	0	0	0	0	0	1	0	0
LDL	17	30	0	1	0	0	0	0	0	0	0	1	0	0
LDL	17	51	0	3	0	0	0	1	0	0	0	0	0	0
LDL	17	54	0	1	0	0	0	0	0	0	0	0	0	0
LDL	17	55	2	3	2	2	1	2	1	1	0	3	0	0
LDL	17	65	0	0	0	0	0	0	0	0	0	0	0	0
LDL	17	70	0	0	0	0	0	0	0	0	0	0	0	0
LDL	17	71	0	0	0	0	0	0	0	0	0	0	0	0
LDL	17	73	0	1	0	0	0	0	0	0	0	0	0	0
LDL	17	74	0	2	0	0	0	0	0	0	0	2	0	0
LDL	17	75	1	5	1	1	1	1	1	1	0	3	0	0
LDL	17	80	0	1	0	0	0	0	0	0	0	0	0	0
LDL	17	84	0	0	0	0	0	0	0	0	0	0	0	0
LDL	17	87	0	0	0	0	0	0	0	0	0	0	0	0
LDL	17	90	0	1	0	0	0	0	0	0	0	1	0	0
LDL	17	94	0	1	0	0	0	0	0	0	0	0	0	0
LDL	17	97	0	2	0	0	0	0	0	0	0	0	0	0
LDL	17	98	0	2	0	0	0	0	0	0	0	0	0	0
LDL	17	100	0	1	0	0	0	0	0	0	0	1	0	0
LDL	17	101	0	3	0	0	0	3	0	0	0	0	0	0
LDL	17	102	1	9	1	1	1	3	1	1	0	3	0	0
LDL	17	103	2	2	1	1	1	0	0	0	0	0	0	0
LDL	17	104	1	1	1	1	0	0	0	0	0	0	0	0
LDL	17	105	0	0	0	0	0	0	0	0	0	0	0	0
LDL	17	117	0	1	0	0	0	0	0	0	0	0	0	0
LDL	17	118	0	2	0	0	0	1	0	0	0	0	0	0
LDL	17	121	0	1	0	0	0	0	0	0	0	1	0	0
LDL	17	123	0	0	0	0	0	0	0	0	0	0	0	0
LDL	17	125	1	3	1	1	0	1	0	0	1	2	1	1
LDL	17	130	0	1	0	0	0	0	0	0	0	0	0	0
LDL	17	133	0	1	0	0	0	0	0	0	0	0	0	0
LDL	17	134	0	1	0	0	0	0	0	0	0	0	0	0
LDL	18	31	0	1	0	0	0	1	0	0	0	1	0	0
LDL	18	41	1	1	1	1	0	0	0	0	0	0	0	0
LDL	18	61	0	1	0	0	0	0	0	0	0	0	0	0
LDL	18	69	3	3	2	2	0	1	0	0	0	2	0	0
LDL	18	77	1	2	1	1	0	1	0	0	0	1	0	0
LDL	18	88	0	2	0	0	0	0	0	0	0	0	0	0
LDL	18	98	0	0	0	0	0	0	0	0	0	0	0	0
LDL	18	119	0	0	0	0	0	0	0	0	0	0	0	0
LDL	18	120	0	1	0	0	0	0	0	0	0	1	0	0
LDL	19	5	0	1	0	0	0	0	0	0	0	0	0	0
LDL	19	6	0	2	0	0	0	1	0	0	0	1	0	0
LDL	19	12	1	1	1	1	0	1	0	0	0	1	0	0
LDL	19	15	0	0	0	0	0	0	0	0	0	0	0	0
LDL	19	16	0	0	0	0	0	0	0	0	0	0	0	0
LDL	19	20	0	2	0	0	0	0	0	0	0	1	0	0
LDL	19	21	0	0	0	0	0	0	0	0	0	0	0	0
LDL	19	22	0	1	0	0	0	0	0	0	0	0	0	0
LDL	19	25	0	1	0	0	0	1	0	0	0	0	0	0
LDL	19	32	0	4	0	0	0	1	0	0	0	1	0	0
LDL	19	33	0	0	0	0	0	0	0	0	0	0	0	0
LDL	19	35	0	0	0	0	0	0	0	0	0	0	0	0
LDL	19	36	0	1	0	0	0	0	0	0	0	0	0	0
LDL	19	37	14	20	6	6	2	11	2	2	0	7	0	0
LDL	19	38	7	9	4	4	2	4	2	2	2	5	0	0
LDL	19	39	1	2	0	0	0	0	0	0	0	0	0	0
LDL	19	40	0	0	0	0	0	0	0	0	0	0	0	0
LDL	19	42	0	0	0	0	0	0	0	0	0	0	0	0
LDL	19	46	1	2	1	1	1	0	0	0	0	1	0	0
LDL	19	49	0	3	0	0	0	0	0	0	0	2	0	0
LDL	19	51	1	1	1	1	0	0	0	0	1	0	0	0
LDL	19	52	0	1	0	0	0	0	0	0	0	0	0	0
LDL	19	53	1	3	1	1	0	0	0	0	0	1	0	0
LDL	19	54	0	1	0	0	0	0	0	0	0	0	0	0
LDL	19	62	0	0	0	0	0	0	0	0	0	0	0	0
LDL	19	63	0	2	0	0	0	1	0	0	0	0	0	0
LDL	19	65	0	4	0	0	0	2	0	0	0	3	0	0
LDL	19	67	0	1	0	0	0	0	0	0	0	0	0	0
LDL	19	68	0	1	0	0	0	0	0	0	0	1	0	0
LDL	19	70	2	1	0	0	0	0	0	0	2	0	0	0
LDL	19	71	1	0	0	0	0	0	0	0	0	0	0	0
LDL	19	72	0	1	0	0	0	0	0	0	0	0	0	0
LDL	19	73	1	1	1	1	1	0	0	0	0	0	0	0
LDL	19	74	11	8	5	5	4	3	0	0	1	4	1	1
LDL	19	75	9	9	6	6	3	8	3	3	6	6	3	3
LDL	19	76	14	12	7	7	3	6	0	0	3	3	0	0
LDL	19	77	0	3	0	0	0	1	0	0	0	1	0	0
LDL	19	79	0	0	0	0	0	0	0	0	0	0	0	0
LDL	19	80	1	1	1	1	0	1	0	0	0	0	0	0
LDL	19	81	2	2	2	2	0	0	0	0	0	1	0	0
LDL	19	98	0	0	0	0	0	0	0	0	0	0	0	0
LDL	19	103	0	2	0	0	0	1	0	0	0	2	0	0
LDL	19	104	0	0	0	0	0	0	0	0	0	0	0	0
LDL	19	107	1	1	1	1	0	0	0	0	0	1	0	0
LDL	19	110	0	2	0	0	0	0	0	0	0	2	0	0
LDL	19	111	3	4	3	3	0	1	0	0	0	1	0	0
LDL	20	2	0	0	0	0	0	0	0	0	0	0	0	0
LDL	20	10	0	0	0	0	0	0	0	0	0	0	0	0
LDL	20	11	0	0	0	0	0	0	0	0	0	0	0	0
LDL	20	12	0	0	0	0	0	0	0	0	0	0	0	0
LDL	20	13	0	1	0	0	0	0	0	0	0	0	0	0
LDL	20	18	1	2	1	1	0	1	0	0	0	2	0	0
LDL	20	19	0	0	0	0	0	0	0	0	0	0	0	0
LDL	20	40	1	1	1	1	0	1	0	0	0	1	0	0
LDL	20	48	3	4	2	2	0	2	0	0	0	2	0	0
LDL	20	59	1	1	1	1	0	0	0	0	0	0	0	0
LDL	20	60	0	0	0	0	0	0	0	0	0	0	0	0
LDL	20	63	0	1	0	0	0	0	0	0	0	0	0	0
LDL	20	64	3	8	2	2	0	2	0	0	0	2	0	0
LDL	20	65	1	2	1	1	0	2	0	0	0	2	0	0
LDL	20	66	0	0	0	0	0	0	0	0	0	0	0	0
LDL	20	68	1	1	1	1	1	1	1	1	0	0	0	0
LDL	20	69	1	1	1	1	0	0	0	0	1	1	1	1
LDL	20	70	0	1	0	0	0	0	0	0	0	1	0	0
LDL	20	71	1	3	1	1	0	0	0	0	0	1	0	0
LDL	20	77	1	1	1	1	0	1	0	0	0	0	0	0
LDL	20	78	0	1	0	0	0	0	0	0	0	0	0	0
LDL	20	86	0	1	0	0	0	0	0	0	0	0	0	0
LDL	20	87	0	1	0	0	0	0	0	0	0	1	0	0
LDL	20	89	0	0	0	0	0	0	0	0	0	0	0	0
LDL	20	110	0	1	0	0	0	0	0	0	0	0	0	0
LDL	20	111	0	0	0	0	0	0	0	0	0	0	0	0
LDL	20	112	0	1	0	0	0	0	0	0	0	0	0	0
LDL	20	113	0	1	0	0	0	0	0	0	0	0	0	0
LDL	20	115	2	3	2	2	0	0	0	0	0	1	0	0
LDL	21	3	0	1	0	0	0	0	0	0	0	0	0	0
LDL	21	30	0	0	0	0	0	0	0	0	0	0	0	0
LDL	21	33	0	2	0	0	0	0	0	0	0	0	0	0
LDL	21	37	0	1	0	0	0	0	0	0	0	0	0	0
LDL	21	41	1	1	1	1	0	0	0	0	0	0	0	0
LDL	21	48	1	1	1	1	0	1	0	0	0	1	0	0
LDL	21	53	0	1	0	0	0	0	0	0	0	1	0	0
LDL	21	62	0	0	0	0	0	0	0	0	0	0	0	0
LDL	21	64	0	1	0	0	0	0	0	0	0	0	0	0
LDL	21	65	0	0	0	0	0	0	0	0	0	0	0	0
LDL	22	5	0	1	0	0	0	0	0	0	0	0	0	0
LDL	22	9	0	1	0	0	0	1	0	0	0	0	0	0
LDL	22	13	1	1	1	1	0	0	0	0	0	0	0	0
LDL	22	29	0	0	0	0	0	0	0	0	0	0	0	0
LDL	22	30	0	2	0	0	0	0	0	0	0	1	0	0
LDL	22	36	1	1	1	1	0	1	0	0	0	1	0	0
LDL	22	37	0	1	0	0	0	0	0	0	0	0	0	0
LDL	22	40	0	1	0	0	0	0	0	0	0	0	0	0
LDL	22	43	0	1	0	0	0	0	0	0	0	0	0	0
LDL	22	46	1	1	1	1	0	1	0	0	0	2	0	0
LDL	22	49	0	1	0	0	0	1	0	0	0	0	0	0
LDL	22	54	0	1	0	0	0	0	0	0	0	1	0	0
LDL	22	55	0	0	0	0	0	0	0	0	0	0	0	0
LDL	22	56	0	0	0	0	0	0	0	0	0	0	0	0
LDL	22	57	0	1	0	0	0	0	0	0	0	1	0	0
LDL	22	70	0	1	0	0	0	0	0	0	0	0	0	0
