pheno	db	pid	chromosome	block	num_variants	time	num_variants_0.95	num_variants_0.5	num_CS95	num_variants_CS95
TC	UKBB	EAS	1	1	81	6.7343578338623	0	0	0	0
TC	UKBB	EAS	1	2	130	13.9408004283905	0	0	0	0
TC	UKBB	EAS	1	4	446	58.3769943714142	0	0	0	0
TC	UKBB	EAS	1	17	1843	451.126705646515	0	0	0	0
TC	UKBB	EAS	1	19	1424	361.796285152435	0	0	0	0
TC	UKBB	EAS	1	35	1476	240.467149019241	0	0	0	0
TC	UKBB	EAS	1	40	721	130.721885442734	0	0	0	0
TC	UKBB	EAS	1	48	664	139.305343389511	0	0	0	0
TC	UKBB	EAS	1	49	514	93.8946514129639	0	0	0	0
TC	UKBB	EAS	1	51	582	73.5787394046783	0	0	0	0
TC	UKBB	EAS	1	52	1614	414.743148326874	0	0	0	0
TC	UKBB	EAS	1	53	1238	305.66361284256	0	0	0	0
TC	UKBB	EAS	1	58	1604	291.80109667778	0	0	0	0
TC	UKBB	EAS	1	67	1285	312.944006443024	0	0	0	0
TC	UKBB	EAS	1	70	1434	369.968487739563	0	0	0	0
TC	UKBB	EAS	1	73	1710	390.603209018707	0	0	0	0
TC	UKBB	EAS	1	74	1519	361.030502319336	0	0	0	0
TC	UKBB	EAS	1	75	2502	810.354660987854	0	0	0	0
TC	UKBB	EAS	1	76	1364	307.345092773438	0	0	0	0
TC	UKBB	EAS	1	80	855	132.612629652023	0	0	0	0
TC	UKBB	EAS	1	81	557	103.341509103775	0	0	0	0
TC	UKBB	EAS	1	82	967	203.220212936401	0	0	0	0
TC	UKBB	EAS	1	83	1594	399.501791238785	0	0	0	0
TC	UKBB	EAS	1	84	2380	721.886704921722	0	0	0	0
TC	UKBB	EAS	1	85	799	153.429548978806	0	0	0	0
TC	UKBB	EAS	1	89	1230	244.764298439026	0	0	0	0
TC	UKBB	EAS	1	92	1453	331.219552755356	0	0	0	0
TC	UKBB	EAS	1	94	306	29.4867296218872	0	0	0	0
TC	UKBB	EAS	1	95	317	41.397358417511	0	0	0	0
TC	UKBB	EAS	1	96	1287	140.033408641815	0	0	0	0
TC	UKBB	EAS	1	97	1460	332.947143316269	0	0	0	0
TC	UKBB	EAS	1	100	1545	315.949279785156	0	0	0	0
TC	UKBB	EAS	1	109	1716	402.702346563339	0	0	0	0
TC	UKBB	EAS	1	124	2075	399.725810289383	0	0	0	0
TC	UKBB	EAS	1	125	2314	504.552681207657	0	0	0	0
TC	UKBB	EAS	1	127	1265	168.076922893524	0	0	0	0
TC	UKBB	EAS	1	136	1306	318.182983636856	0	0	0	0
TC	UKBB	EAS	1	138	1529	342.096922874451	0	0	0	0
TC	UKBB	EAS	1	139	354	47.5851757526398	0	0	0	0
TC	UKBB	EAS	1	140	699	135.829578638077	0	0	0	0
TC	UKBB	EAS	1	141	765	127.721227645874	0	0	0	0
TC	UKBB	EAS	1	144	759	123.107911109924	0	0	0	0
TC	UKBB	EAS	1	145	857	141.103792667389	0	0	0	0
TC	UKBB	EAS	1	150	1536	237.792803049088	0	0	0	0
TC	UKBB	EAS	1	151	2238	563.725015640259	0	0	0	0
TC	UKBB	EAS	1	153	1674	394.74645113945	0	0	0	0
TC	UKBB	EAS	1	154	2213	642.53968167305	0	0	0	0
TC	UKBB	EAS	1	156	1278	283.271066427231	0	0	0	0
TC	UKBB	EAS	1	158	942	150.210461139679	0	0	0	0
TC	UKBB	EAS	1	162	1113	253.588985443115	0	0	0	0
TC	UKBB	EAS	1	168	1564	354.294646501541	0	0	0	0
TC	UKBB	EAS	1	169	2617	624.903762817383	0	0	0	0
TC	UKBB	EAS	1	175	2085	559.389956474304	0	0	0	0
TC	UKBB	EAS	1	182	2046	443.212601900101	0	0	0	0
TC	UKBB	EAS	1	183	2136	457.821978807449	0	0	0	0
TC	UKBB	EAS	1	185	579	98.2195963859558	0	0	0	0
TC	UKBB	EAS	1	187	1445	336.771467208862	0	0	0	0
TC	UKBB	EAS	1	188	1835	414.4329662323	0	0	0	0
TC	UKBB	EAS	1	192	1664	381.821717977524	0	0	0	0
TC	UKBB	EAS	1	201	1726	344.096866369247	0	0	0	0
TC	UKBB	EAS	1	202	1526	374.728543996811	0	0	0	0
TC	UKBB	EAS	1	205	630	109.15198135376	0	0	0	0
TC	UKBB	EAS	1	209	498	76.7622222900391	0	0	0	0
TC	UKBB	EAS	1	213	865	167.751366376877	0	0	0	0
TC	UKBB	EAS	1	221	1649	400.992058992386	0	0	0	0
TC	UKBB	EAS	1	223	1710	272.136198282242	0	0	0	0
TC	UKBB	EAS	1	224	1119	235.657257318497	0	0	0	0
TC	UKBB	EAS	1	226	665	77.8195314407349	0	0	0	0
TC	UKBB	EAS	1	229	1438	356.046882152557	0	0	0	0
TC	UKBB	EAS	1	233	2143	659.767815351486	0	0	0	0
TC	UKBB	EAS	1	234	2539	768.591451644897	0	0	0	0
TC	UKBB	EAS	1	235	1542	190.643473863602	0	0	0	0
TC	UKBB	EAS	1	238	3472	1177.51126623154	0	0	0	0
TC	UKBB	EAS	1	239	979	201.482484340668	0	0	0	0
TC	UKBB	EAS	1	240	3791	715.674631595612	0	0	0	0
TC	UKBB	EAS	1	252	662	100.676713705063	0	0	0	0
TC	UKBB	EAS	1	253	176	14.2189438343048	0	0	0	0
TC	UKBB	EAS	1	254	1130	216.356024026871	0	0	0	0
TC	UKBB	EAS	1	255	808	137.166964530945	0	0	0	0
TC	UKBB	EAS	1	257	1008	197.708264350891	0	0	0	0
TC	UKBB	EAS	1	280	2869	876.086444854736	0	0	0	0
TC	UKBB	EAS	1	281	1751	332.051911354065	0	0	0	0
TC	UKBB	EAS	2	6	929	191.712644577026	0	0	0	0
TC	UKBB	EAS	2	21	333	36.1189935207367	0	0	0	0
TC	UKBB	EAS	2	31	425	60.3669130802155	0	0	0	0
TC	UKBB	EAS	2	32	654	109.47429895401	0	0	0	0
TC	UKBB	EAS	2	37	672	96.501403093338	0	0	0	0
TC	UKBB	EAS	2	38	1629	371.205249547958	0	0	0	0
TC	UKBB	EAS	2	39	735	110.112352609634	0	0	0	0
TC	UKBB	EAS	2	40	2233	490.03990650177	0	0	0	0
TC	UKBB	EAS	2	41	962	178.896789312363	0	0	0	0
TC	UKBB	EAS	2	42	73	6.38934636116028	0	0	0	0
TC	UKBB	EAS	2	43	183	19.9562606811523	0	0	0	0
TC	UKBB	EAS	2	44	721	103.485231637955	0	0	0	0
TC	UKBB	EAS	2	45	1688	448.241286754608	0	0	0	0
TC	UKBB	EAS	2	46	855	148.787638425827	0	0	0	0
TC	UKBB	EAS	2	47	2182	583.820771932602	0	0	0	0
TC	UKBB	EAS	2	48	1172	257.048874139786	0	0	0	0
TC	UKBB	EAS	2	49	1348	260.022211074829	0	0	0	0
TC	UKBB	EAS	2	50	1271	180.455306529999	0	0	0	0
TC	UKBB	EAS	2	51	1408	289.185414075851	0	0	0	0
TC	UKBB	EAS	2	53	1072	212.694580316544	0	0	0	0
TC	UKBB	EAS	2	55	2707	838.349524736404	0	0	0	0
TC	UKBB	EAS	2	56	135	13.5554285049438	0	0	0	0
TC	UKBB	EAS	2	66	3282	582.847660541534	0	0	0	0
TC	UKBB	EAS	2	69	1883	183.398439884186	0	0	0	0
TC	UKBB	EAS	2	71	1203	259.056870222092	0	0	0	0
TC	UKBB	EAS	2	72	2370	469.530434131622	0	0	0	0
TC	UKBB	EAS	2	74	744	132.979761123657	0	0	0	0
TC	UKBB	EAS	2	75	983	145.19284081459	0	0	0	0
TC	UKBB	EAS	2	77	870	167.979214906693	0	0	0	0
TC	UKBB	EAS	2	84	5250	1773.77208471298	0	0	0	0
TC	UKBB	EAS	2	88	5283	1671.76688432693	0	0	0	0
TC	UKBB	EAS	2	89	983	172.423581361771	0	0	0	0
TC	UKBB	EAS	2	97	2180	625.080200910568	0	0	0	0
TC	UKBB	EAS	2	99	889	164.206114768982	0	0	0	0
TC	UKBB	EAS	2	100	945	184.260263442993	0	0	0	0
TC	UKBB	EAS	2	102	806	142.11323595047	0	0	0	0
TC	UKBB	EAS	2	107	2962	960.288822412491	0	0	0	0
TC	UKBB	EAS	2	115	2468	306.966508865356	0	0	0	0
TC	UKBB	EAS	2	121	2235	589.913603067398	0	0	0	0
TC	UKBB	EAS	2	122	974	152.953084945679	0	0	0	0
TC	UKBB	EAS	2	124	1561	390.820442199707	0	0	0	0
TC	UKBB	EAS	2	125	1561	411.8152384758	0	0	0	0
TC	UKBB	EAS	2	127	3094	817.241582632065	0	0	0	0
TC	UKBB	EAS	2	128	2234	427.479775190353	0	0	0	0
TC	UKBB	EAS	2	130	336	33.1801698207855	0	0	0	0
TC	UKBB	EAS	2	131	73	6.61293983459473	0	0	0	0
TC	UKBB	EAS	2	138	2170	427.895880699158	0	0	0	0
TC	UKBB	EAS	2	146	2626	648.064705133438	0	0	0	0
TC	UKBB	EAS	2	147	4071	974.371489048004	0	0	0	0
TC	UKBB	EAS	2	152	1219	239.940417289734	0	0	0	0
TC	UKBB	EAS	2	153	1781	469.920790433884	0	0	0	0
TC	UKBB	EAS	2	155	1340	306.764753580093	0	0	0	0
TC	UKBB	EAS	2	162	727	131.398203134537	0	0	0	0
TC	UKBB	EAS	2	163	97	8.49081969261169	0	0	0	0
TC	UKBB	EAS	2	164	382	55.4433760643005	0	0	0	0
TC	UKBB	EAS	2	166	3626	1134.72159862518	0	0	0	0
TC	UKBB	EAS	2	168	1579	411.30465555191	0	0	0	0
TC	UKBB	EAS	2	171	2376	676.08016371727	0	0	0	0
TC	UKBB	EAS	2	172	468	66.8112173080444	0	0	0	0
TC	UKBB	EAS	2	177	2091	495.858715295792	0	0	0	0
TC	UKBB	EAS	2	180	1402	329.851991415024	0	0	0	0
TC	UKBB	EAS	2	181	1926	508.729272127151	0	0	0	0
TC	UKBB	EAS	2	192	2235	495.979565143585	0	0	0	0
TC	UKBB	EAS	2	196	2464	800.469470500946	0	0	0	0
TC	UKBB	EAS	2	198	1047	222.576210260391	0	0	0	0
TC	UKBB	EAS	2	199	2106	603.630618572235	0	0	0	0
TC	UKBB	EAS	2	205	924	189.746797800064	0	0	0	0
TC	UKBB	EAS	2	208	2549	812.836026191711	0	0	0	0
TC	UKBB	EAS	2	210	1145	247.008500337601	0	0	0	0
TC	UKBB	EAS	2	211	1775	512.037863731384	0	0	0	0
TC	UKBB	EAS	2	212	1778	491.60108757019	0	0	0	0
TC	UKBB	EAS	2	213	3250	786.941903591156	0	0	0	0
TC	UKBB	EAS	2	217	821	158.741080284119	0	0	0	0
TC	UKBB	EAS	2	218	717	109.194448471069	0	0	0	0
TC	UKBB	EAS	2	228	1150	235.89762711525	0	0	0	0
TC	UKBB	EAS	2	232	981	204.33088684082	0	0	0	0
TC	UKBB	EAS	2	233	491	65.2392311096191	0	0	0	0
TC	UKBB	EAS	2	241	987	200.454202890396	0	0	0	0
TC	UKBB	EAS	2	242	1446	301.610705852509	0	0	0	0
TC	UKBB	EAS	2	250	3292	905.112900972366	0	0	0	0
TC	UKBB	EAS	2	255	1403	279.715371847153	0	0	0	0
TC	UKBB	EAS	3	24	1897	306.794375658035	0	0	0	0
TC	UKBB	EAS	3	41	2229	661.912789344788	0	0	0	0
TC	UKBB	EAS	3	45	1034	204.211986064911	0	0	0	0
TC	UKBB	EAS	3	51	777	76.6136567592621	0	0	0	0
TC	UKBB	EAS	3	56	1163	245.575972557068	0	0	0	0
TC	UKBB	EAS	3	70	2100	262.767497777939	0	0	0	0
TC	UKBB	EAS	3	71	1808	498.409967184067	0	0	0	0
TC	UKBB	EAS	3	83	3067	1049.10133624077	0	0	0	0
TC	UKBB	EAS	3	88	1944	414.434487342834	0	0	0	0
TC	UKBB	EAS	3	89	1621	382.619503498077	0	0	0	0
TC	UKBB	EAS	3	104	4193	1458.75817656517	0	0	0	0
TC	UKBB	EAS	3	107	1520	361.852807998657	0	0	0	0
TC	UKBB	EAS	3	112	1824	415.690102338791	0	0	0	0
TC	UKBB	EAS	3	113	634	96.272162437439	0	0	0	0
TC	UKBB	EAS	3	120	1509	383.733239412308	0	0	0	0
TC	UKBB	EAS	3	121	1786	391.596864461899	0	0	0	0
TC	UKBB	EAS	3	122	427	53.6045651435852	0	0	0	0
TC	UKBB	EAS	3	123	679	98.7424426078796	0	0	0	0
TC	UKBB	EAS	3	127	2228	440.212421417236	0	0	0	0
TC	UKBB	EAS	3	128	675	89.6910452842712	0	0	0	0
TC	UKBB	EAS	3	129	1104	161.823796987534	0	0	0	0
TC	UKBB	EAS	3	131	501	61.7805116176605	0	0	0	0
TC	UKBB	EAS	3	132	2533	842.370837926865	0	0	0	0
TC	UKBB	EAS	3	135	1797	177.139354944229	0	0	0	0
TC	UKBB	EAS	3	136	904	65.3993322849274	0	0	0	0
TC	UKBB	EAS	3	140	1887	554.758947134018	0	0	0	0
TC	UKBB	EAS	3	145	2255	375.429981708527	0	0	0	0
TC	UKBB	EAS	3	149	1542	307.326629161835	0	0	0	0
TC	UKBB	EAS	3	150	1631	359.702546834946	0	0	0	0
TC	UKBB	EAS	3	154	566	50.6474750041962	0	0	0	0
TC	UKBB	EAS	3	158	2250	295.083714485168	0	0	0	0
TC	UKBB	EAS	3	161	2435	370.277281999588	0	0	0	0
TC	UKBB	EAS	3	165	2178	610.44248175621	0	0	0	0
TC	UKBB	EAS	3	170	1417	320.205634832382	0	0	0	0
TC	UKBB	EAS	3	172	1275	254.849938392639	0	0	0	0
TC	UKBB	EAS	3	173	639	70.7588286399841	0	0	0	0
TC	UKBB	EAS	3	175	501	72.7099692821503	0	0	0	0
TC	UKBB	EAS	3	190	1086	209.334720134735	0	0	0	0
TC	UKBB	EAS	3	191	1210	229.243488788605	0	0	0	0
TC	UKBB	EAS	3	193	2073	537.91305232048	0	0	0	0
TC	UKBB	EAS	3	195	3672	968.686165809631	0	0	0	0
TC	UKBB	EAS	3	214	2241	366.846348524094	0	0	0	0
TC	UKBB	EAS	3	216	927	186.056330680847	0	0	0	0
TC	UKBB	EAS	4	1	4650	1236.61821532249	0	0	0	0
TC	UKBB	EAS	4	15	692	114.890888690948	0	0	0	0
TC	UKBB	EAS	4	19	600	61.0726616382599	0	0	0	0
TC	UKBB	EAS	4	21	3405	1087.80294847488	0	0	0	0
TC	UKBB	EAS	4	28	1795	424.387541294098	0	0	0	0
TC	UKBB	EAS	4	42	278	33.0636081695557	0	0	0	0
TC	UKBB	EAS	4	54	4860	1709.6704480648	0	0	0	0
TC	UKBB	EAS	4	55	1960	476.164968490601	0	0	0	0
TC	UKBB	EAS	4	57	283	33.6905202865601	0	0	0	0
TC	UKBB	EAS	4	64	2955	681.368807077408	0	0	0	0
TC	UKBB	EAS	4	65	1169	219.919258594513	0	0	0	0
TC	UKBB	EAS	4	66	1315	285.668925762177	0	0	0	0
TC	UKBB	EAS	4	71	850	65.8336052894592	0	0	0	0
TC	UKBB	EAS	4	79	1423	351.599735975266	0	0	0	0
TC	UKBB	EAS	4	80	1963	434.872411727905	0	0	0	0
TC	UKBB	EAS	4	84	1725	390.904802799225	0	0	0	0
TC	UKBB	EAS	4	85	752	126.626380205154	0	0	0	0
TC	UKBB	EAS	4	86	171	4.01890730857849	0	0	0	0
TC	UKBB	EAS	4	87	2755	880.01971745491	0	0	0	0
TC	UKBB	EAS	4	90	1570	263.656809568405	0	0	0	0
TC	UKBB	EAS	4	92	1469	355.086131811142	0	0	0	0
TC	UKBB	EAS	4	101	2099	589.052392244339	0	0	0	0
TC	UKBB	EAS	4	113	1833	374.513792514801	0	0	0	0
TC	UKBB	EAS	4	114	1999	478.448644399643	0	0	0	0
TC	UKBB	EAS	4	115	993	200.83270740509	0	0	0	0
TC	UKBB	EAS	4	116	1293	299.145010709763	0	0	0	0
TC	UKBB	EAS	4	117	1731	339.350079298019	0	0	0	0
TC	UKBB	EAS	4	121	1659	380.843201398849	0	0	0	0
TC	UKBB	EAS	4	129	2195	207.508202314377	0	0	0	0
TC	UKBB	EAS	4	130	2271	694.520717859268	0	0	0	0
TC	UKBB	EAS	4	134	3463	1109.95651197433	0	0	0	0
TC	UKBB	EAS	4	136	2925	938.34397315979	0	0	0	0
TC	UKBB	EAS	4	148	1297	127.964154720306	0	0	0	0
TC	UKBB	EAS	4	150	1848	369.21183681488	0	0	0	0
TC	UKBB	EAS	4	151	585	100.287937879562	0	0	0	0
TC	UKBB	EAS	4	156	2725	498.023306369781	0	0	0	0
TC	UKBB	EAS	4	159	791	152.480743408203	0	0	0	0
TC	UKBB	EAS	4	161	657	86.1032445430756	0	0	0	0
TC	UKBB	EAS	4	162	1381	304.682323694229	0	0	0	0
TC	UKBB	EAS	4	203	896	172.27113699913	0	0	0	0
TC	UKBB	EAS	5	6	800	143.576333522797	0	0	0	0
TC	UKBB	EAS	5	28	726	110.325002908707	0	0	0	0
TC	UKBB	EAS	5	43	1561	346.922667503357	0	0	0	0
TC	UKBB	EAS	5	56	2737	541.397708415985	0	0	0	0
TC	UKBB	EAS	5	57	1653	363.68564414978	0	0	0	0
TC	UKBB	EAS	5	64	2280	575.643459796906	0	0	0	0
TC	UKBB	EAS	5	68	510	77.5532624721527	0	0	0	0
TC	UKBB	EAS	5	69	793	111.400771379471	0	0	0	0
TC	UKBB	EAS	5	71	2688	733.606922149658	0	0	0	0
TC	UKBB	EAS	5	74	3258	1038.55415201187	0	0	0	0
TC	UKBB	EAS	5	81	1314	300.017653942108	0	0	0	0
TC	UKBB	EAS	5	84	344	44.8924744129181	0	0	0	0
TC	UKBB	EAS	5	85	2343	461.31272983551	0	0	0	0
TC	UKBB	EAS	5	92	1357	321.359627008438	0	0	0	0
TC	UKBB	EAS	5	109	1067	228.044235706329	0	0	0	0
TC	UKBB	EAS	5	130	2600	837.715158224106	0	0	0	0
TC	UKBB	EAS	5	134	1610	356.252576589584	0	0	0	0
TC	UKBB	EAS	5	136	2417	722.162275791168	0	0	0	0
TC	UKBB	EAS	5	146	1922	554.241789579391	0	0	0	0
TC	UKBB	EAS	5	147	1086	192.973323583603	0	0	0	0
TC	UKBB	EAS	5	154	1348	250.99445438385	0	0	0	0
TC	UKBB	EAS	5	156	1504	323.477429151535	0	0	0	0
TC	UKBB	EAS	5	158	1266	269.140924453735	0	0	0	0
TC	UKBB	EAS	5	165	1095	165.628755092621	0	0	0	0
TC	UKBB	EAS	5	166	1772	199.013132095337	0	0	0	0
TC	UKBB	EAS	5	167	1311	317.179049730301	0	0	0	0
TC	UKBB	EAS	5	168	1678	272.944902420044	0	0	0	0
TC	UKBB	EAS	5	191	2336	700.349302053452	0	0	0	0
TC	UKBB	EAS	5	202	753	101.411389350891	0	0	0	0
TC	UKBB	EAS	5	207	1325	300.861417293549	0	0	0	0
TC	UKBB	EAS	5	210	199	22.1248030662537	0	0	0	0
TC	UKBB	EAS	5	211	468	51.1373598575592	0	0	0	0
TC	UKBB	EAS	6	1	1715	466.728837490082	0	0	0	0
TC	UKBB	EAS	6	19	1548	190.185789823532	0	0	0	0
TC	UKBB	EAS	6	20	1036	215.153942108154	0	0	0	0
TC	UKBB	EAS	6	25	1151	237.391766786575	0	0	0	0
TC	UKBB	EAS	6	27	1016	207.875426769257	0	0	0	0
TC	UKBB	EAS	6	30	200	22.2351551055908	0	0	0	0
TC	UKBB	EAS	6	34	1626	254.485327959061	0	0	0	0
TC	UKBB	EAS	6	35	529	81.2868406772614	0	0	0	0
TC	UKBB	EAS	6	39	2672	687.993089199066	0	0	0	0
TC	UKBB	EAS	6	43	1621	309.041495323181	0	0	0	0
TC	UKBB	EAS	6	44	291	37.906111240387	0	0	0	0
TC	UKBB	EAS	6	47	2299	645.040572404861	0	0	0	0
TC	UKBB	EAS	6	51	3561	587.480731964111	0	0	0	0
TC	UKBB	EAS	6	52	1111	181.765097379684	0	0	0	0
TC	UKBB	EAS	6	53	908	168.653209209442	0	0	0	0
TC	UKBB	EAS	6	56	908	130.718830347061	0	0	0	0
TC	UKBB	EAS	6	58	1550	313.752169132233	0	0	0	0
TC	UKBB	EAS	6	63	1506	253.427188396454	0	0	0	0
TC	UKBB	EAS	6	64	147	14.3781957626343	0	0	0	0
TC	UKBB	EAS	6	65	441	18.9035286903381	0	0	0	0
TC	UKBB	EAS	6	69	1194	244.361744165421	0	0	0	0
TC	UKBB	EAS	6	72	724	130.112753629684	0	0	0	0
TC	UKBB	EAS	6	73	274	30.2196414470673	0	0	0	0
TC	UKBB	EAS	6	75	265	35.3527665138245	0	0	0	0
TC	UKBB	EAS	6	76	3553	915.114125490189	0	0	0	0
TC	UKBB	EAS	6	85	3985	985.170930862427	0	0	0	0
TC	UKBB	EAS	6	87	2623	864.354528188705	0	0	0	0
TC	UKBB	EAS	6	88	4916	1486.74392676353	0	0	0	0
TC	UKBB	EAS	6	94	2730	720.76656627655	0	0	0	0
TC	UKBB	EAS	6	99	2079	223.15397310257	0	0	0	0
TC	UKBB	EAS	6	100	35	1.56838083267212	0	0	0	0
TC	UKBB	EAS	6	101	1934	287.069295406342	0	0	0	0
TC	UKBB	EAS	6	105	1809	488.379790067673	0	0	0	0
TC	UKBB	EAS	6	109	1642	375.214673757553	0	0	0	0
TC	UKBB	EAS	6	115	3724	1370.55291199684	0	0	0	0
TC	UKBB	EAS	6	116	2325	655.478933572769	0	0	0	0
TC	UKBB	EAS	6	117	3990	1193.20038890839	0	0	0	0
TC	UKBB	EAS	6	124	1803	515.16722369194	0	0	0	0
TC	UKBB	EAS	6	127	1090	224.552255153656	0	0	0	0
TC	UKBB	EAS	6	128	1826	494.576006650925	0	0	0	0
TC	UKBB	EAS	6	130	2337	546.608704566956	0	0	0	0
TC	UKBB	EAS	6	134	1175	216.550568819046	0	0	0	0
TC	UKBB	EAS	6	135	597	89.6709744930267	0	0	0	0
TC	UKBB	EAS	6	137	725	126.531627893448	0	0	0	0
TC	UKBB	EAS	6	138	974	174.477950572968	0	0	0	0
TC	UKBB	EAS	6	140	1238	265.559355020523	0	0	0	0
TC	UKBB	EAS	6	146	905	168.195054769516	0	0	0	0
TC	UKBB	EAS	6	148	714	107.909914255142	0	0	0	0
TC	UKBB	EAS	6	154	1449	279.48002910614	0	0	0	0
TC	UKBB	EAS	6	158	1549	333.421553373337	0	0	0	0
TC	UKBB	EAS	6	160	1890	522.008584976196	0	0	0	0
TC	UKBB	EAS	6	168	1966	510.880549430847	0	0	0	0
TC	UKBB	EAS	6	169	3248	988.173409938812	0	0	0	0
TC	UKBB	EAS	6	183	773	113.510177612305	0	0	0	0
TC	UKBB	EAS	7	3	961	128.837625265121	0	0	0	0
TC	UKBB	EAS	7	5	1770	188.530274152756	0	0	0	0
TC	UKBB	EAS	7	6	763	144.604646444321	0	0	0	0
TC	UKBB	EAS	7	11	947	180.035413503647	0	0	0	0
TC	UKBB	EAS	7	12	2223	676.400405406952	0	0	0	0
TC	UKBB	EAS	7	28	586	52.0872070789337	0	0	0	0
TC	UKBB	EAS	7	33	2309	630.533973932266	0	0	0	0
TC	UKBB	EAS	7	37	2370	235.419161081314	0	0	0	0
TC	UKBB	EAS	7	40	3095	937.509240627289	0	0	0	0
TC	UKBB	EAS	7	41	1689	417.732396841049	0	0	0	0
TC	UKBB	EAS	7	42	1921	215.997218847275	0	0	0	0
TC	UKBB	EAS	7	44	328	35.4639344215393	0	0	0	0
TC	UKBB	EAS	7	50	1019	191.109607696533	0	0	0	0
TC	UKBB	EAS	7	51	1243	274.618152141571	0	0	0	0
TC	UKBB	EAS	7	58	1578	404.23503947258	0	0	0	0
TC	UKBB	EAS	7	66	685	91.6819903850555	0	0	0	0
TC	UKBB	EAS	7	67	4250	1527.07047986984	0	0	0	0
TC	UKBB	EAS	7	73	635	111.334810495377	0	0	0	0
TC	UKBB	EAS	7	85	1590	320.102806091309	0	0	0	0
TC	UKBB	EAS	7	87	78	7.11087465286255	0	0	0	0
TC	UKBB	EAS	7	88	2339	678.419011592865	0	0	0	0
TC	UKBB	EAS	7	89	1754	384.163975954056	0	0	0	0
TC	UKBB	EAS	7	95	1266	312.360152006149	0	0	0	0
TC	UKBB	EAS	7	99	2436	747.098496675491	0	0	0	0
TC	UKBB	EAS	7	103	1308	314.475746154785	0	0	0	0
TC	UKBB	EAS	7	107	3181	781.251226663589	0	0	0	0
TC	UKBB	EAS	7	109	1375	225.315988540649	0	0	0	0
TC	UKBB	EAS	7	111	2041	576.191224336624	0	0	0	0
TC	UKBB	EAS	7	112	1125	203.29992389679	0	0	0	0
TC	UKBB	EAS	7	113	2109	560.641456842422	0	0	0	0
TC	UKBB	EAS	7	119	1108	172.645237445831	0	0	0	0
TC	UKBB	EAS	7	125	1402	144.565832614899	0	0	0	0
TC	UKBB	EAS	7	127	390	55.419052362442	0	0	0	0
TC	UKBB	EAS	7	131	3434	919.809556007385	0	0	0	0
TC	UKBB	EAS	7	132	3768	1277.97429823875	0	0	0	0
TC	UKBB	EAS	7	133	2953	968.35124206543	0	0	0	0
TC	UKBB	EAS	7	134	903	177.532102823257	0	0	0	0
TC	UKBB	EAS	7	138	2652	617.835877418518	0	0	0	0
TC	UKBB	EAS	7	139	492	65.0594549179077	0	0	0	0
TC	UKBB	EAS	7	140	1389	188.343545198441	0	0	0	0
TC	UKBB	EAS	7	141	2372	445.071141242981	0	0	0	0
TC	UKBB	EAS	7	142	347	18.4397666454315	0	0	0	0
TC	UKBB	EAS	7	147	734	113.858984708786	0	0	0	0
TC	UKBB	EAS	7	152	641	107.943907499313	0	0	0	0
TC	UKBB	EAS	7	159	828	162.703852176666	0	0	0	0
TC	UKBB	EAS	7	162	2861	770.702632904053	0	0	0	0
TC	UKBB	EAS	7	176	311	32.3863925933838	0	0	0	0
TC	UKBB	EAS	7	177	247	28.5972468852997	0	0	0	0
TC	UKBB	EAS	7	187	2802	341.698751926422	0	0	0	0
TC	UKBB	EAS	8	17	1401	313.792455911636	0	0	0	0
TC	UKBB	EAS	8	29	3527	963.871895313263	0	0	0	0
TC	UKBB	EAS	8	32	1827	489.384201288223	0	0	0	0
TC	UKBB	EAS	8	36	494	37.2610037326813	0	0	0	0
TC	UKBB	EAS	8	39	1443	254.965906143188	0	0	0	0
TC	UKBB	EAS	8	41	1058	171.301387786865	0	0	0	0
TC	UKBB	EAS	8	42	2160	594.36484503746	0	0	0	0
TC	UKBB	EAS	8	43	1993	361.821297168732	0	0	0	0
TC	UKBB	EAS	8	44	667	119.600944280624	0	0	0	0
TC	UKBB	EAS	8	45	1165	262.792674779892	0	0	0	0
TC	UKBB	EAS	8	57	1013	206.263398647308	0	0	0	0
TC	UKBB	EAS	8	59	813	148.824533224106	0	0	0	0
TC	UKBB	EAS	8	65	1031	189.748197793961	0	0	0	0
TC	UKBB	EAS	8	68	1521	294.171232700348	0	0	0	0
TC	UKBB	EAS	8	69	2776	306.670929908752	0	0	0	0
TC	UKBB	EAS	8	78	369	47.3985424041748	0	0	0	0
TC	UKBB	EAS	8	81	1907	496.053942918777	0	0	0	0
TC	UKBB	EAS	8	83	3020	454.486396074295	0	0	0	0
TC	UKBB	EAS	8	84	3733	844.63752412796	0	0	0	0
TC	UKBB	EAS	8	85	1052	139.744076251984	0	0	0	0
TC	UKBB	EAS	8	88	1941	477.272300481796	0	0	0	0
TC	UKBB	EAS	8	106	2046	457.149309396744	0	0	0	0
TC	UKBB	EAS	8	109	2752	814.240594625473	0	0	0	0
TC	UKBB	EAS	8	110	2406	486.756047725677	0	0	0	0
TC	UKBB	EAS	8	113	1075	199.901623010635	0	0	0	0
TC	UKBB	EAS	8	118	829	147.280200242996	0	0	0	0
TC	UKBB	EAS	8	121	214	22.6956434249878	0	0	0	0
TC	UKBB	EAS	8	124	989	202.653038740158	0	0	0	0
TC	UKBB	EAS	8	125	406	49.7235107421875	0	0	0	0
TC	UKBB	EAS	8	126	138	14.162787437439	0	0	0	0
TC	UKBB	EAS	8	135	1357	135.618189096451	0	0	0	0
TC	UKBB	EAS	8	153	738	127.86718082428	0	0	0	0
TC	UKBB	EAS	8	159	936	185.338021993637	0	0	0	0
TC	UKBB	EAS	8	160	915	65.6679172515869	0	0	0	0
TC	UKBB	EAS	9	4	1495	342.272127389908	0	0	0	0
TC	UKBB	EAS	9	5	331	43.5590178966522	0	0	0	0
TC	UKBB	EAS	9	9	1119	228.548248291016	0	0	0	0
TC	UKBB	EAS	9	12	1477	324.575248003006	0	0	0	0
TC	UKBB	EAS	9	13	2100	453.075417518616	0	0	0	0
TC	UKBB	EAS	9	31	2311	646.896575689316	0	0	0	0
TC	UKBB	EAS	9	33	1863	427.247695684433	0	0	0	0
TC	UKBB	EAS	9	36	1521	363.38344168663	0	0	0	0
TC	UKBB	EAS	9	39	655	107.583372116089	0	0	0	0
TC	UKBB	EAS	9	40	2845	851.264970302582	0	0	0	0
TC	UKBB	EAS	9	51	854	159.107696294785	0	0	0	0
TC	UKBB	EAS	9	53	2984	909.795037269592	0	0	0	0
TC	UKBB	EAS	9	69	935	191.788325786591	0	0	0	0
TC	UKBB	EAS	9	70	685	100.337865591049	0	0	0	0
TC	UKBB	EAS	9	72	350	37.0813529491425	0	0	0	0
TC	UKBB	EAS	9	73	1090	235.067613363266	0	0	0	0
TC	UKBB	EAS	9	89	293	37.3597073554993	0	0	0	0
TC	UKBB	EAS	9	93	1466	326.668087005615	0	0	0	0
TC	UKBB	EAS	9	99	1427	350.657096862793	0	0	0	0
TC	UKBB	EAS	9	100	2533	633.785437107086	0	0	0	0
TC	UKBB	EAS	9	102	2121	478.082629680634	0	0	0	0
TC	UKBB	EAS	9	103	581	100.137645959854	0	0	0	0
TC	UKBB	EAS	9	104	674	116.453233957291	0	0	0	0
TC	UKBB	EAS	9	105	457	15.5173335075378	0	0	0	0
TC	UKBB	EAS	9	106	1720	376.641922712326	0	0	0	0
TC	UKBB	EAS	9	107	527	74.9102425575256	0	0	0	0
TC	UKBB	EAS	9	109	2872	796.10669565200806	0	0	0	0
TC	UKBB	EAS	9	110	2879	696.37739610672	0	0	0	0
TC	UKBB	EAS	9	111	71	5.12210154533386	0	0	0	0
TC	UKBB	EAS	9	112	2108	580.702165126801	0	0	0	0
TC	UKBB	EAS	9	113	1263	290.420385122299	0	0	0	0
TC	UKBB	EAS	9	114	722	102.326312303543	0	0	0	0
TC	UKBB	EAS	9	115	2870	331.781319379807	0	0	0	0
TC	UKBB	EAS	9	116	1377	278.159245014191	0	0	0	0
TC	UKBB	EAS	9	118	3451	499.362864971161	0	0	0	0
TC	UKBB	EAS	9	119	1322	126.387352228165	0	0	0	0
TC	UKBB	EAS	9	121	684	115.041305303574	0	0	0	0
TC	UKBB	EAS	9	124	1245	290.483409166336	0	0	0	0
TC	UKBB	EAS	9	125	1957	494.054752111435	0	0	0	0
TC	UKBB	EAS	9	134	2529	296.57591843605	0	0	0	0
TC	UKBB	EAS	9	140	3120	753.012365818024	0	0	0	0
TC	UKBB	EAS	9	142	937	177.60847902298	0	0	0	0
TC	UKBB	EAS	9	144	704	115.262169122696	0	0	0	0
TC	UKBB	EAS	9	145	1028	218.017291545868	0	0	0	0
TC	UKBB	EAS	9	149	821	121.272991418839	0	0	0	0
TC	UKBB	EAS	9	153	108	9.50297665596008	0	0	0	0
TC	UKBB	EAS	9	160	269	33.0141248703003	0	0	0	0
TC	UKBB	EAS	9	161	282	32.8165376186371	0	0	0	0
TC	UKBB	EAS	10	13	1519	382.719215869904	0	0	0	0
TC	UKBB	EAS	10	22	1665	402.479115009308	0	0	0	0
TC	UKBB	EAS	10	43	1345	293.409130334854	0	0	0	0
TC	UKBB	EAS	10	44	970	186.474941968918	0	0	0	0
TC	UKBB	EAS	10	46	2479	713.222187757492	0	0	0	0
TC	UKBB	EAS	10	52	2049	593.159164190292	0	0	0	0
TC	UKBB	EAS	10	53	955	192.811860799789	0	0	0	0
TC	UKBB	EAS	10	58	447	64.0468392372131	0	0	0	0
TC	UKBB	EAS	10	59	1196	236.595623016357	0	0	0	0
TC	UKBB	EAS	10	67	1418	278.124504089355	0	0	0	0
TC	UKBB	EAS	10	69	1354	251.060460805893	0	0	0	0
TC	UKBB	EAS	10	70	1821	391.323475599289	0	0	0	0
TC	UKBB	EAS	10	73	1324	307.496399879456	0	0	0	0
TC	UKBB	EAS	10	77	3997	1370.02941656113	0	0	0	0
TC	UKBB	EAS	10	80	1683	240.180091619492	0	0	0	0
TC	UKBB	EAS	10	81	2152	495.401632547379	0	0	0	0
TC	UKBB	EAS	10	84	2877	943.42298913002	0	0	0	0
TC	UKBB	EAS	10	85	611	42.4547731876373	0	0	0	0
TC	UKBB	EAS	10	92	3286	1105.04519534111	0	0	0	0
TC	UKBB	EAS	10	100	510	78.219468832016	0	0	0	0
TC	UKBB	EAS	10	101	1373	317.927032232285	0	0	0	0
TC	UKBB	EAS	10	109	1942	523.092951536179	0	0	0	0
TC	UKBB	EAS	10	110	595	89.6797275543213	0	0	0	0
TC	UKBB	EAS	10	112	489	54.7959821224213	0	0	0	0
TC	UKBB	EAS	10	113	1480	263.97056722641	0	0	0	0
TC	UKBB	EAS	10	117	2475	687.704940080643	0	0	0	0
TC	UKBB	EAS	10	120	1735	457.30600476265	0	0	0	0
TC	UKBB	EAS	10	121	1184	239.260527610779	0	0	0	0
TC	UKBB	EAS	10	123	1450	159.542459011078	0	0	0	0
TC	UKBB	EAS	10	126	2288	466.953039169312	0	0	0	0
TC	UKBB	EAS	10	127	477	75.5540833473206	0	0	0	0
TC	UKBB	EAS	10	129	2565	308.110597133636	0	0	0	0
TC	UKBB	EAS	10	130	768	148.482018232346	0	0	0	0
TC	UKBB	EAS	10	131	2138	586.341164588928	0	0	0	0
TC	UKBB	EAS	10	137	2330	476.350694417953	0	0	0	0
TC	UKBB	EAS	10	138	323	42.0170648097992	0	0	0	0
TC	UKBB	EAS	10	140	318	30.8999297618866	0	0	0	0
TC	UKBB	EAS	10	144	865	166.167758703232	0	0	0	0
TC	UKBB	EAS	10	150	2110	456.70281124115	0	0	0	0
TC	UKBB	EAS	10	152	1429	321.02667593956	0	0	0	0
TC	UKBB	EAS	10	154	2851	455.465247154236	0	0	0	0
TC	UKBB	EAS	10	176	1029	228.73607015609701	0	0	0	0
TC	UKBB	EAS	10	177	625	107.315573692322	0	0	0	0
TC	UKBB	EAS	11	2	709	123.616201877594	0	0	0	0
TC	UKBB	EAS	11	3	914	135.658655166626	0	0	0	0
TC	UKBB	EAS	11	4	977	177.113670110703	0	0	0	0
TC	UKBB	EAS	11	7	593	89.6158454418182	0	0	0	0
TC	UKBB	EAS	11	11	1747	460.789125442505	0	0	0	0
TC	UKBB	EAS	11	12	2490	733.892530679703	0	0	0	0
TC	UKBB	EAS	11	22	612	97.3735022544861	0	0	0	0
TC	UKBB	EAS	11	28	886	165.957350492477	0	0	0	0
TC	UKBB	EAS	11	30	932	117.965910434723	0	0	0	0
TC	UKBB	EAS	11	31	1064	154.167168855667	0	0	0	0
TC	UKBB	EAS	11	33	1342	254.832709312439	0	0	0	0
TC	UKBB	EAS	11	56	302	37.3612015247345	0	0	0	0
TC	UKBB	EAS	11	57	1091	92.3860459327698	0	0	0	0
TC	UKBB	EAS	11	75	539	81.7398037910461	0	0	0	0
TC	UKBB	EAS	11	76	1275	207.161731719971	0	0	0	0
TC	UKBB	EAS	11	78	1259	289.602676153183	0	0	0	0
TC	UKBB	EAS	11	79	2733	352.918647766113	0	0	0	0
TC	UKBB	EAS	11	80	1464	363.44123840332	0	0	0	0
TC	UKBB	EAS	11	81	1106	195.979638338089	0	0	0	0
TC	UKBB	EAS	11	82	344	40.9709272384644	0	0	0	0
TC	UKBB	EAS	11	86	1456	180.47386097908	0	0	0	0
TC	UKBB	EAS	11	88	1958	474.396816968918	0	0	0	0
TC	UKBB	EAS	11	90	2642	751.004683971405	0	0	0	0
TC	UKBB	EAS	11	107	736	89.1463317871094	0	0	0	0
TC	UKBB	EAS	11	108	480	59.6616032123566	0	0	0	0
TC	UKBB	EAS	11	117	3190	449.32976388931303	0	0	0	0
TC	UKBB	EAS	11	121	1513	347.470914363861	0	0	0	0
TC	UKBB	EAS	11	125	1125	193.072529792786	0	0	0	0
TC	UKBB	EAS	11	128	204	11.2561028003693	0	0	0	0
TC	UKBB	EAS	11	129	1643	417.741356611252	0	0	0	0
TC	UKBB	EAS	11	133	1553	51.4594938755035	0	0	0	0
TC	UKBB	EAS	11	140	801	122.100702524185	0	0	0	0
TC	UKBB	EAS	11	142	1801	409.633655071259	0	0	0	0
TC	UKBB	EAS	11	147	2655	744.123014450073	0	0	0	0
TC	UKBB	EAS	11	163	239	25.3232913017273	0	0	0	0
TC	UKBB	EAS	12	1	892	81.4671585559845	0	0	0	0
TC	UKBB	EAS	12	12	471	54.1826961040497	0	0	0	0
TC	UKBB	EAS	12	13	943	178.539819955826	0	0	0	0
TC	UKBB	EAS	12	17	541	54.2184102535248	0	0	0	0
TC	UKBB	EAS	12	18	1471	332.48472571373	0	0	0	0
TC	UKBB	EAS	12	23	1995	544.014556646347	0	0	0	0
TC	UKBB	EAS	12	26	337	45.0358576774597	0	0	0	0
TC	UKBB	EAS	12	27	166	17.8767864704132	0	0	0	0
TC	UKBB	EAS	12	29	232	29.2575335502625	0	0	0	0
TC	UKBB	EAS	12	42	2946	666.294635534286	0	0	0	0
TC	UKBB	EAS	12	45	1196	226.685891151428	0	0	0	0
TC	UKBB	EAS	12	47	502	68.1791534423828	0	0	0	0
TC	UKBB	EAS	12	48	1964	571.748569250107	0	0	0	0
TC	UKBB	EAS	12	49	1912	484.671224594116	0	0	0	0
TC	UKBB	EAS	12	51	1298	291.21290230751	0	0	0	0
TC	UKBB	EAS	12	52	2631	650.551918506622	0	0	0	0
TC	UKBB	EAS	12	59	2254	527.17749643325806	0	0	0	0
TC	UKBB	EAS	12	60	1035	222.009429931641	0	0	0	0
TC	UKBB	EAS	12	61	1207	290.382971525192	0	0	0	0
TC	UKBB	EAS	12	62	906	141.294360399246	0	0	0	0
TC	UKBB	EAS	12	63	1707	394.351618766785	0	0	0	0
TC	UKBB	EAS	12	64	787	116.887632608414	0	0	0	0
TC	UKBB	EAS	12	66	1668	273.599676370621	0	0	0	0
TC	UKBB	EAS	12	67	812	57.9609124660492	0	0	0	0
TC	UKBB	EAS	12	69	1725	392.804136276245	0	0	0	0
TC	UKBB	EAS	12	71	1766	422.404059648514	0	0	0	0
TC	UKBB	EAS	12	72	6033	307.157947301865	0	1	0	0
TC	UKBB	EAS	12	82	1725	380.681864500046	0	0	0	0
TC	UKBB	EAS	12	97	2470	681.040308952332	0	0	0	0
TC	UKBB	EAS	12	98	944	155.355350732803	0	0	0	0
TC	UKBB	EAS	12	106	1959	528.651148080826	0	0	0	0
TC	UKBB	EAS	12	110	2020	493.297432422638	0	0	0	0
TC	UKBB	EAS	12	113	1577	418.480784416199	0	0	0	0
TC	UKBB	EAS	12	116	582	60.6286134719849	0	0	0	0
TC	UKBB	EAS	12	117	1901	446.507764816284	0	0	0	0
TC	UKBB	EAS	12	119	2660	710.42790055275	0	0	0	0
TC	UKBB	EAS	12	120	726	89.0181570053101	0	0	0	0
TC	UKBB	EAS	12	121	1325	329.861661195755	0	0	0	0
TC	UKBB	EAS	12	122	1647	423.149074316025	0	0	0	0
TC	UKBB	EAS	12	123	798	130.588631629944	0	0	0	0
TC	UKBB	EAS	12	127	735	114.11365032196	0	0	0	0
TC	UKBB	EAS	12	128	281	31.3958652019501	0	0	0	0
TC	UKBB	EAS	12	129	1251	293.716159820557	0	0	0	0
TC	UKBB	EAS	12	138	2482	620.35861825943	0	0	0	0
TC	UKBB	EAS	12	139	3243	958.296067476273	0	0	0	0
TC	UKBB	EAS	12	140	627	81.2558856010437	0	0	0	0
TC	UKBB	EAS	12	141	1042	153.620953083038	0	0	0	0
TC	UKBB	EAS	13	18	589	98.3472874164581	0	0	0	0
TC	UKBB	EAS	13	21	1584	352.206937074661	0	0	0	0
TC	UKBB	EAS	13	24	1199	207.984199047089	0	0	0	0
TC	UKBB	EAS	13	25	632	100.473511219025	0	0	0	0
TC	UKBB	EAS	13	40	1353	278.149128913879	0	0	0	0
TC	UKBB	EAS	13	44	1036	148.699915409088	0	0	0	0
TC	UKBB	EAS	13	45	1450	319.318500518799	0	0	0	0
TC	UKBB	EAS	13	50	2945	360.097203493118	0	0	0	0
TC	UKBB	EAS	13	66	677	108.424542188644	0	0	0	0
TC	UKBB	EAS	13	69	2941	777.311894416809	0	0	0	0
TC	UKBB	EAS	13	70	1836	449.38033747673	0	0	0	0
TC	UKBB	EAS	13	84	796	97.9085881710052	0	0	0	0
TC	UKBB	EAS	13	95	536	82.0128116607666	0	0	0	0
TC	UKBB	EAS	13	96	608	102.877701282501	0	0	0	0
TC	UKBB	EAS	13	111	437	61.6314167976379	0	0	0	0
TC	UKBB	EAS	13	115	683	82.5796010494232	0	0	0	0
TC	UKBB	EAS	13	116	589	67.1191956996918	0	0	0	0
TC	UKBB	EAS	13	118	1197	104.473981618881	0	0	0	0
TC	UKBB	EAS	13	124	186	13.1576392650604	0	0	0	0
TC	UKBB	EAS	13	125	1474	326.46702837944	0	0	0	0
TC	UKBB	EAS	14	4	401	50.3158097267151	0	0	0	0
TC	UKBB	EAS	14	10	343	20.5062069892883	0	0	0	0
TC	UKBB	EAS	14	11	505	73.7610774040222	0	0	0	0
TC	UKBB	EAS	14	14	2384	690.737431764603	0	0	0	0
TC	UKBB	EAS	14	23	2249	634.412523031235	0	0	0	0
TC	UKBB	EAS	14	31	2242	565.123562335968	0	0	0	0
TC	UKBB	EAS	14	35	2552	688.017930030823	0	0	0	0
TC	UKBB	EAS	14	43	129	12.253762960434	0	0	0	0
TC	UKBB	EAS	14	63	2857	946.463880062103	0	0	0	0
TC	UKBB	EAS	14	67	1565	379.432297468185	0	0	0	0
TC	UKBB	EAS	14	68	1114	83.4647817611694	0	0	0	0
TC	UKBB	EAS	14	72	2763	894.734554290771	0	0	0	0
TC	UKBB	EAS	14	73	1068	151.708836555481	0	0	0	0
TC	UKBB	EAS	14	93	1928	452.83625459671	0	0	0	0
TC	UKBB	EAS	14	96	163	16.0738918781281	0	0	0	0
TC	UKBB	EAS	14	105	657	54.2276654243469	0	0	0	0
TC	UKBB	EAS	14	106	746	113.620902299881	0	0	0	0
TC	UKBB	EAS	14	120	478	67.7015616893768	0	0	0	0
TC	UKBB	EAS	14	121	1603	279.909977436066	0	0	0	0
TC	UKBB	EAS	14	126	1681	393.896106243134	0	0	0	0
TC	UKBB	EAS	14	127	1566	252.929494857788	0	0	0	0
TC	UKBB	EAS	14	129	826	152.017802476883	0	0	0	0
TC	UKBB	EAS	15	37	2025	377.570601224899	0	0	0	0
TC	UKBB	EAS	15	44	941	153.416984319687	0	0	0	0
TC	UKBB	EAS	15	45	3915	614.254905939102	0	0	0	0
TC	UKBB	EAS	15	46	1262	249.446929216385	0	0	0	0
TC	UKBB	EAS	15	47	1583	377.080107212067	0	0	0	0
TC	UKBB	EAS	15	50	1766	296.798379659653	0	0	0	0
TC	UKBB	EAS	15	52	1259	241.164625883102	0	0	0	0
TC	UKBB	EAS	15	53	209	19.5183129310608	0	0	0	0
TC	UKBB	EAS	15	54	1403	340.962950468063	0	0	0	0
TC	UKBB	EAS	15	59	2743	749.170589447021	0	0	0	0
TC	UKBB	EAS	15	62	2786	654.630394458771	0	0	0	0
TC	UKBB	EAS	15	63	769	143.230482816696	0	0	0	0
TC	UKBB	EAS	15	64	1046	92.6439068317413	0	0	0	0
TC	UKBB	EAS	15	66	1906	375.020050287247	0	0	0	0
TC	UKBB	EAS	15	80	567	67.9700984954834	0	0	0	0
TC	UKBB	EAS	15	83	664	114.704665660858	0	0	0	0
TC	UKBB	EAS	15	85	1624	395.396366834641	0	0	0	0
TC	UKBB	EAS	15	88	895	166.502010583878	0	0	0	0
TC	UKBB	EAS	15	102	1334	233.250629663467	0	0	0	0
TC	UKBB	EAS	15	111	776	116.453212738037	0	0	0	0
TC	UKBB	EAS	15	117	679	102.927194356918	0	0	0	0
TC	UKBB	EAS	16	1	841	155.656574726105	0	0	0	0
TC	UKBB	EAS	16	2	194	20.217586517334	0	0	0	0
TC	UKBB	EAS	16	4	1274	242.163445949554	0	0	0	0
TC	UKBB	EAS	16	5	296	37.224906206131	0	0	0	0
TC	UKBB	EAS	16	6	751	137.858564138412	0	0	0	0
TC	UKBB	EAS	16	9	1095	230.390609264374	0	0	0	0
TC	UKBB	EAS	16	31	1460	338.630451917648	0	0	0	0
TC	UKBB	EAS	16	32	208	21.2795145511627	0	0	0	0
TC	UKBB	EAS	16	33	2750	708.071247816086	0	0	0	0
TC	UKBB	EAS	16	37	1468	326.528827905655	0	0	0	0
TC	UKBB	EAS	16	41	1352	222.887065410614	0	0	0	0
TC	UKBB	EAS	16	43	1148	233.308410167694	0	0	0	0
TC	UKBB	EAS	16	58	776	145.319603681564	0	0	0	0
TC	UKBB	EAS	16	59	556	84.4596598148346	0	0	0	0
TC	UKBB	EAS	16	63	1271	273.85769534111	0	0	0	0
TC	UKBB	EAS	16	70	472	72.2788162231445	0	0	0	0
TC	UKBB	EAS	16	74	247	25.4027907848358	0	0	0	0
TC	UKBB	EAS	16	75	1882	478.808323860168	0	0	0	0
TC	UKBB	EAS	16	76	1079	200.143682718277	0	0	0	0
TC	UKBB	EAS	16	79	1122	221.922285318375	0	0	0	0
TC	UKBB	EAS	16	83	1359	304.799291372299	0	0	0	0
TC	UKBB	EAS	16	85	2734	673.462428569794	0	0	0	0
TC	UKBB	EAS	16	88	2316	540.830804109573	0	0	0	0
TC	UKBB	EAS	16	89	3744	807.490333080292	0	0	0	0
TC	UKBB	EAS	16	90	768	140.535549402237	0	0	0	0
TC	UKBB	EAS	16	91	686	113.270153999329	0	0	0	0
TC	UKBB	EAS	16	94	3769	630.757552146912	0	0	0	0
TC	UKBB	EAS	16	99	1095	220.202430486679	0	0	0	0
TC	UKBB	EAS	16	100	129	13.5883882045746	0	0	0	0
TC	UKBB	EAS	16	101	180	18.8212614059448	0	0	0	0
TC	UKBB	EAS	16	103	4470	1408.20219659805	0	0	0	0
TC	UKBB	EAS	16	104	1194	221.703320503235	0	0	0	0
TC	UKBB	EAS	16	110	983	156.103522062302	0	0	0	0
TC	UKBB	EAS	16	113	962	195.857543230057	0	0	0	0
TC	UKBB	EAS	17	9	1549	354.963140726089	0	0	0	0
TC	UKBB	EAS	17	16	141	13.7369103431702	0	0	0	0
TC	UKBB	EAS	17	17	2110	520.129116773605	0	0	0	0
TC	UKBB	EAS	17	22	228	20.3718416690826	0	0	0	0
TC	UKBB	EAS	17	23	559	84.4655408859253	0	0	0	0
TC	UKBB	EAS	17	24	904	146.346286773682	0	0	0	0
TC	UKBB	EAS	17	25	1034	210.356765270233	0	0	0	0
TC	UKBB	EAS	17	28	188	18.7651834487915	0	0	0	0
TC	UKBB	EAS	17	30	254	30.4618592262268	0	0	0	0
TC	UKBB	EAS	17	49	655	101.886798620224	0	0	0	0
TC	UKBB	EAS	17	51	2111	562.659384012222	0	0	0	0
TC	UKBB	EAS	17	53	1777	405.733707666397	0	0	0	0
TC	UKBB	EAS	17	54	1239	202.629797458649	0	0	0	0
TC	UKBB	EAS	17	55	2390	729.40620136261	0	0	0	0
TC	UKBB	EAS	17	65	2156	581.769439935684	0	0	0	0
TC	UKBB	EAS	17	70	987	191.250119924545	0	0	0	0
TC	UKBB	EAS	17	71	861	159.683702707291	0	0	0	0
TC	UKBB	EAS	17	73	1763	433.68488740921	0	0	0	0
TC	UKBB	EAS	17	74	2242	423.271196842194	0	0	0	0
TC	UKBB	EAS	17	75	2269	539.582146167755	0	0	0	0
TC	UKBB	EAS	17	76	921	184.835501909256	0	0	0	0
TC	UKBB	EAS	17	78	266	33.3203620910645	0	0	0	0
TC	UKBB	EAS	17	80	1116	131.995380401611	0	0	0	0
TC	UKBB	EAS	17	85	1740	440.708602666855	0	0	0	0
TC	UKBB	EAS	17	87	670	115.273362398148	0	0	0	0
TC	UKBB	EAS	17	90	1999	537.903786182404	0	0	0	0
TC	UKBB	EAS	17	94	993	152.203338384628	0	0	0	0
TC	UKBB	EAS	17	95	864	131.479678153992	0	0	0	0
TC	UKBB	EAS	17	97	1888	226.799065589905	0	0	0	0
TC	UKBB	EAS	17	98	657	107.054504156113	0	0	0	0
TC	UKBB	EAS	17	100	952	180.663890600204	0	0	0	0
TC	UKBB	EAS	17	101	950	172.089695215225	0	0	0	0
TC	UKBB	EAS	17	102	572	80.0490672588348	0	0	0	0
TC	UKBB	EAS	17	103	640	108.215397357941	0	0	0	0
TC	UKBB	EAS	17	104	103	6.4010112285614	0	0	0	0
TC	UKBB	EAS	17	105	1167	256.580078125	0	0	0	0
TC	UKBB	EAS	17	109	286	20.9360837936401	0	0	0	0
TC	UKBB	EAS	17	116	692	89.4567129611969	0	0	0	0
TC	UKBB	EAS	17	117	1173	245.324882984161	0	0	0	0
TC	UKBB	EAS	17	118	1015	152.946689128876	0	0	0	0
TC	UKBB	EAS	17	121	827	97.7164511680603	0	0	0	0
TC	UKBB	EAS	17	123	1042	194.370156049728	0	0	0	0
TC	UKBB	EAS	17	125	1623	404.135069608688	0	0	0	0
TC	UKBB	EAS	17	128	253	23.8303928375244	0	0	0	0
TC	UKBB	EAS	17	130	879	177.834444046021	0	0	0	0
TC	UKBB	EAS	17	133	560	88.6081948280334	0	0	0	0
TC	UKBB	EAS	17	134	1101	222.650774717331	0	0	0	0
TC	UKBB	EAS	18	8	888	163.255542516708	0	0	0	0
TC	UKBB	EAS	18	9	141	13.8285903930664	0	0	0	0
TC	UKBB	EAS	18	31	1731	327.104410171509	0	0	0	0
TC	UKBB	EAS	18	35	506	64.6536409854889	0	0	0	0
TC	UKBB	EAS	18	39	2282	494.670371055603	0	0	0	0
TC	UKBB	EAS	18	41	2479	292.483642816544	0	0	0	0
TC	UKBB	EAS	18	42	1839	446.231372117996	0	0	0	0
TC	UKBB	EAS	18	52	1279	280.983093261719	0	0	0	0
TC	UKBB	EAS	18	61	1768	276.002707004547	0	0	0	0
TC	UKBB	EAS	18	68	135	11.9046058654785	0	0	0	0
TC	UKBB	EAS	18	69	3315	591.103166818619	0	0	0	0
TC	UKBB	EAS	18	74	2396	543.890502214432	0	0	0	0
TC	UKBB	EAS	18	77	423	53.3053586483002	0	0	0	0
TC	UKBB	EAS	18	78	525	81.8748161792755	0	0	0	0
TC	UKBB	EAS	18	81	1427	321.118888378143	0	0	0	0
TC	UKBB	EAS	18	85	1626	350.388652086258	0	0	0	0
TC	UKBB	EAS	18	88	1151	227.121331453323	0	0	0	0
TC	UKBB	EAS	18	119	186	20.3509719371796	0	0	0	0
TC	UKBB	EAS	19	6	115	10.7205305099487	0	0	0	0
TC	UKBB	EAS	19	12	196	21.3484761714935	0	0	0	0
TC	UKBB	EAS	19	15	158	9.06832432746887	0	0	0	0
TC	UKBB	EAS	19	16	139	14.5255329608917	0	0	0	0
TC	UKBB	EAS	19	19	113	10.5127863883972	0	0	0	0
TC	UKBB	EAS	19	20	238	24.0989937782288	0	0	0	0
TC	UKBB	EAS	19	21	142	14.2985746860504	0	0	0	0
TC	UKBB	EAS	19	22	964	194.136372566223	0	0	0	0
TC	UKBB	EAS	19	25	575	36.1381850242615	0	0	0	0
TC	UKBB	EAS	19	30	596	94.4461905956268	0	0	0	0
TC	UKBB	EAS	19	32	662	38.958279132843	0	0	0	0
TC	UKBB	EAS	19	33	268	24.8379530906677	0	0	0	0
TC	UKBB	EAS	19	35	1177	253.9849858284	0	0	0	0
TC	UKBB	EAS	19	36	210	23.8959057331085	0	0	0	0
TC	UKBB	EAS	19	37	1299	248.623714447021	0	0	0	0
TC	UKBB	EAS	19	38	326	33.8228154182434	0	0	0	0
TC	UKBB	EAS	19	39	1621	392.508015871048	0	0	0	0
TC	UKBB	EAS	19	42	292	35.1914417743683	0	0	0	0
TC	UKBB	EAS	19	46	1217	238.796046257019	0	0	0	0
TC	UKBB	EAS	19	49	995	176.563314914703	0	0	0	0
TC	UKBB	EAS	19	51	624	42.3046190738678	0	0	0	0
TC	UKBB	EAS	19	52	622	95.7397916316986	0	0	0	0
TC	UKBB	EAS	19	53	1628	341.002503871918	0	0	0	0
TC	UKBB	EAS	19	54	3103	261.723260641098	0	0	0	0
TC	UKBB	EAS	19	63	617	76.6352386474609	0	0	0	0
TC	UKBB	EAS	19	64	1964	528.329058647156	0	0	0	0
TC	UKBB	EAS	19	65	782	103.052042007446	0	0	0	0
TC	UKBB	EAS	19	67	3881	807.771161079407	0	0	0	0
TC	UKBB	EAS	19	70	923	174.001781225204	0	0	0	0
TC	UKBB	EAS	19	71	123	11.340224981308	0	0	0	0
TC	UKBB	EAS	19	72	922	133.268581390381	0	0	0	0
TC	UKBB	EAS	19	73	273	34.5631396770477	0	0	0	0
TC	UKBB	EAS	19	74	1638	325.607862949371	0	0	0	0
TC	UKBB	EAS	19	75	191	23.7264702320099	1	2	2	5
TC	UKBB	EAS	19	76	1341	300.780872344971	0	0	0	0
TC	UKBB	EAS	19	77	2124	359.270051717758	0	0	0	0
TC	UKBB	EAS	19	79	828	140.229088068008	0	0	0	0
TC	UKBB	EAS	19	80	283	36.3593549728394	0	0	0	0
TC	UKBB	EAS	19	81	900	169.177669286728	0	0	0	0
TC	UKBB	EAS	19	89	783	135.667670249939	0	0	0	0
TC	UKBB	EAS	19	90	1413	287.793665647507	0	0	0	0
TC	UKBB	EAS	19	98	329	30.7751514911652	0	0	0	0
TC	UKBB	EAS	20	2	403	50.0671384334564	0	0	0	0
TC	UKBB	EAS	20	10	676	113.830616950989	0	0	0	0
TC	UKBB	EAS	20	12	859	132.163369655609	0	0	0	0
TC	UKBB	EAS	20	18	815	154.767295837402	0	0	0	0
TC	UKBB	EAS	20	19	194	21.9931588172913	0	0	0	0
TC	UKBB	EAS	20	40	820	123.515963554382	0	0	0	0
TC	UKBB	EAS	20	48	2152	614.491747140884	0	0	0	0
TC	UKBB	EAS	20	55	434	59.2018005847931	0	0	0	0
TC	UKBB	EAS	20	59	1513	156.399590730667	0	0	0	0
TC	UKBB	EAS	20	60	1218	194.012596607208	0	0	0	0
TC	UKBB	EAS	20	63	2628	633.003938913345	0	0	0	0
TC	UKBB	EAS	20	64	658	95.5137271881104	0	0	0	0
TC	UKBB	EAS	20	65	1603	129.512581586838	0	0	0	0
TC	UKBB	EAS	20	66	1513	300.597232341766	0	0	0	0
TC	UKBB	EAS	20	67	874	157.232491493225	0	0	0	0
TC	UKBB	EAS	20	68	427	50.3080215454102	0	0	0	0
TC	UKBB	EAS	20	69	1200	248.578417301178	0	0	0	0
TC	UKBB	EAS	20	70	707	107.238428592682	0	0	0	0
TC	UKBB	EAS	20	71	1473	318.510840892792	0	0	0	0
TC	UKBB	EAS	20	77	1366	262.933213472366	0	0	0	0
TC	UKBB	EAS	20	78	1635	332.554675579071	0	0	0	0
TC	UKBB	EAS	20	86	829	99.2885293960571	0	0	0	0
TC	UKBB	EAS	20	87	653	91.4719884395599	0	0	0	0
TC	UKBB	EAS	20	89	552	77.1198587417603	0	0	0	0
TC	UKBB	EAS	21	3	476	68.6343965530396	0	0	0	0
TC	UKBB	EAS	21	5	662	77.9087221622467	0	0	0	0
TC	UKBB	EAS	21	30	2579	769.876841068268	0	0	0	0
TC	UKBB	EAS	21	33	1244	253.903299808502	0	0	0	0
TC	UKBB	EAS	21	37	1312	217.111731767654	0	0	0	0
TC	UKBB	EAS	21	41	2007	434.662012577057	0	0	0	0
TC	UKBB	EAS	21	48	2025	372.466032028198	0	0	0	0
TC	UKBB	EAS	21	53	788	119.683537006378	0	0	0	0
TC	UKBB	EAS	22	1	748	89.6808948516846	0	0	0	0
TC	UKBB	EAS	22	5	557	14.9251942634583	0	0	0	0
TC	UKBB	EAS	22	9	768	131.655473709106	0	0	0	0
TC	UKBB	EAS	22	13	568	84.9062404632568	0	0	0	0
TC	UKBB	EAS	22	29	1633	333.024078369141	0	0	0	0
TC	UKBB	EAS	22	30	4955	1483.98297595978	0	0	0	0
TC	UKBB	EAS	22	36	721	123.225777626038	0	0	0	0
TC	UKBB	EAS	22	37	1037	182.986210584641	0	0	0	0
TC	UKBB	EAS	22	40	428	52.8469195365906	0	0	0	0
TC	UKBB	EAS	22	43	917	122.446955919266	0	0	0	0
TC	UKBB	EAS	22	45	858	159.485052347183	0	0	0	0
TC	UKBB	EAS	22	46	2535	720.362585306168	0	0	0	0
TC	UKBB	EAS	22	47	1110	171.400110244751	0	0	0	0
TC	UKBB	EAS	22	49	211	23.0741572380066	0	0	0	0
