pheno	db	pid	chromosome	block	num_variants	time	num_variants_0.95	num_variants_0.5	num_CS95	num_variants_CS95
TG	META	EUR	1	3	519	109.043346643448	0	0	1	37
TG	META	EUR	1	4	1272	266.646734237671	0	0	1	3
TG	META	EUR	1	5	1955	271.340188026428	0	0	1	18
TG	META	EUR	1	15	2722	574.70296216011	0	0	0	0
TG	META	EUR	1	17	3336	436.423916101456	0	0	0	0
TG	META	EUR	1	18	1456	117.207491874695	0	0	0	0
TG	META	EUR	1	19	2682	786.489548921585	0	1	0	0
TG	META	EUR	1	21	1723	164.73774433136	0	1	0	0
TG	META	EUR	1	23	991	82.9722571372986	0	0	1	51
TG	META	EUR	1	32	882	89.7949874401093	0	0	1	20
TG	META	EUR	1	35	3113	580.597531318665	0	0	1	18
TG	META	EUR	1	43	877	80.0080008506775	0	0	0	0
TG	META	EUR	1	48	1230	306.402483463287	0	0	2	17
TG	META	EUR	1	50	1846	364.891714096069	0	0	0	0
TG	META	EUR	1	51	1248	122.640442848206	0	0	1	15
TG	META	EUR	1	52	3167	11428.9925510883	2	3	4	50
TG	META	EUR	1	53	3002	252.661615610123	0	0	0	0
TG	META	EUR	1	58	3184	616.016880512238	0	0	1	4
TG	META	EUR	1	63	2067	202.536929130554	0	0	0	0
TG	META	EUR	1	67	2444	509.045829772949	0	0	0	0
TG	META	EUR	1	70	2539	898.303544998169	0	1	2	34
TG	META	EUR	1	71	2477	505.819872379303	0	1	1	8
TG	META	EUR	1	83	2364	311.272433042526	1	1	1	1
TG	META	EUR	1	85	1241	89.6896722316742	0	0	0	0
TG	META	EUR	1	94	672	105.922786951065	0	0	1	12
TG	META	EUR	1	96	2269	1220.8724591732	2	4	3	8
TG	META	EUR	1	97	2732	917.258596658707	2	3	3	9
TG	META	EUR	1	100	2126	304.721987962723	0	0	0	0
TG	META	EUR	1	101	2171	145.294885873795	0	0	0	0
TG	META	EUR	1	105	5775	1596.33767390251	0	0	2	18
TG	META	EUR	1	124	3743	154.577022790909	0	0	2	50
TG	META	EUR	1	125	4461	1861.63305878639	0	0	2	21
TG	META	EUR	1	127	2121	364.04683303833	0	0	0	0
TG	META	EUR	1	129	1453	132.492439508438	0	0	1	27
TG	META	EUR	1	132	2551	512.091506719589	0	0	1	66
TG	META	EUR	1	135	3713	1219.08431887627	0	0	0	0
TG	META	EUR	1	138	3451	1124.30880141258	0	1	1	5
TG	META	EUR	1	139	893	571.253483533859	1	1	1	1
TG	META	EUR	1	143	2200	327.14814209938	0	0	1	11
TG	META	EUR	1	144	1745	212.388885498047	0	0	1	16
TG	META	EUR	1	150	2617	525.286201238632	0	0	0	0
TG	META	EUR	1	154	3923	4066.13098740578	0	1	2	23
TG	META	EUR	1	155	1519	36.1760628223419	0	0	1	5
TG	META	EUR	1	156	2449	1049.10329413414	1	4	3	10
TG	META	EUR	1	158	2612	1608.75744724274	1	3	2	4
TG	META	EUR	1	168	2959	538.601361036301	0	2	0	0
TG	META	EUR	1	182	3510	2134.80757308006	0	0	1	9
TG	META	EUR	1	183	3675	396.702934980392	0	0	1	23
TG	META	EUR	1	184	831	114.786923408508	0	0	0	0
TG	META	EUR	1	187	2517	406.761687755585	0	0	1	63
TG	META	EUR	1	192	2751	436.823399305344	0	0	0	0
TG	META	EUR	1	193	3137	803.008606672287	1	1	1	1
TG	META	EUR	1	201	2902	374.327143192291	0	0	1	11
TG	META	EUR	1	202	2859	609.825926780701	0	0	0	0
TG	META	EUR	1	203	2204	324.792016029358	0	0	1	13
TG	META	EUR	1	207	1679	207.202106714249	0	0	1	15
TG	META	EUR	1	208	1974	400.525573968887	0	0	1	15
TG	META	EUR	1	209	779	98.3758945465088	0	0	1	33
TG	META	EUR	1	211	1395	87.2315647602081	0	0	1	4
TG	META	EUR	1	212	1950	386.104742527008	0	0	0	0
TG	META	EUR	1	213	1526	214.39359164238	0	1	2	10
TG	META	EUR	1	214	1369	90.3372185230255	0	0	1	11
TG	META	EUR	1	217	1339	284.014256954193	0	0	0	0
TG	META	EUR	1	219	2355	214.513686180115	0	0	1	29
TG	META	EUR	1	221	2474	380.319385528564	1	1	2	7
TG	META	EUR	1	226	1266	261.924871921539	0	0	1	11
TG	META	EUR	1	228	1385	139.471914768219	0	0	0	0
TG	META	EUR	1	233	3388	818.15798997879	0	1	2	12
TG	META	EUR	1	234	3910	2329.76196622849	0	3	1	2
TG	META	EUR	1	235	2570	384.059964895248	0	0	1	39
TG	META	EUR	1	238	4970	336.046746969223	0	1	0	0
TG	META	EUR	1	239	1373	169.551762580872	0	0	1	11
TG	META	EUR	1	240	5176	607.558144569397	0	0	1	3
TG	META	EUR	1	242	1335	597.286366224289	0	1	2	24
TG	META	EUR	1	243	1579	8406.19506382942	2	4	6	19
TG	META	EUR	1	244	3302	1102.98441576958	1	1	1	1
TG	META	EUR	1	248	1887	388.332219362259	0	0	0	0
TG	META	EUR	1	252	1273	220.707352876663	0	0	2	20
TG	META	EUR	1	254	2227	305.238751649857	0	1	1	7
TG	META	EUR	1	255	1245	195.481014966965	0	0	1	54
TG	META	EUR	1	257	1437	234.611578941345	0	0	1	68
TG	META	EUR	1	264	1577	123.635846614838	0	0	0	0
TG	META	EUR	1	274	3337	578.867681741714	0	0	0	0
TG	META	EUR	1	277	772	91.2553074359894	0	0	0	0
TG	META	EUR	1	280	5116	1097.19672322273	0	0	0	0
TG	META	EUR	2	1	662	309.29905295372	0	0	1	27
TG	META	EUR	2	2	4187	557.987699747086	0	0	1	38
TG	META	EUR	2	6	1473	33.613484621048	1	2	2	3
TG	META	EUR	2	7	988	23.2472178936005	1	1	1	1
TG	META	EUR	2	21	954	69.7103872299194	0	1	1	4
TG	META	EUR	2	34	3500	387.219984054565	0	0	0	0
TG	META	EUR	2	41	1711	449.302549362183	0	1	2	22
TG	META	EUR	2	43	395	112.787751197815	0	2	1	2
TG	META	EUR	2	44	1682	12054.0218815804	2	8	7	28
TG	META	EUR	2	45	3319	1277.29923844337	1	1	1	1
TG	META	EUR	2	47	3999	1542.78692793846	0	0	0	0
TG	META	EUR	2	48	2422	11562.0232329369	2	5	5	18
TG	META	EUR	2	49	3442	22561.3095781803	4	8	7	10
TG	META	EUR	2	50	2190	465.7805519104	1	2	2	3
TG	META	EUR	2	55	6312	986.405000209808	0	0	0	0
TG	META	EUR	2	63	2391	298.393112897873	0	0	1	31
TG	META	EUR	2	66	5511	596.892088890076	0	0	1	20
TG	META	EUR	2	69	3001	467.632200241089	0	1	1	113
TG	META	EUR	2	71	2360	2247.54906606674	0	1	3	42
TG	META	EUR	2	72	4059	497.844866991043	0	0	0	0
TG	META	EUR	2	74	1442	136.013533353806	0	1	1	6
TG	META	EUR	2	76	1960	399.257706403732	0	0	1	39
TG	META	EUR	2	79	3819	396.990920543671	0	1	1	2
TG	META	EUR	2	80	6020	11185.8345451355	0	1	1	16
TG	META	EUR	2	84	8188	3927.38606572151	0	0	0	0
TG	META	EUR	2	85	7335	1930.80556821823	0	0	1	4
TG	META	EUR	2	86	3201	238.802290916443	0	0	1	11
TG	META	EUR	2	87	1204	103.845724582672	0	0	0	0
TG	META	EUR	2	88	9806	9700.7272810936	0	0	1	29
TG	META	EUR	2	89	2238	837.436809062958	0	0	2	17
TG	META	EUR	2	90	1948	726.359287500381	0	0	1	16
TG	META	EUR	2	95	2031	135.108006238937	0	0	1	10
TG	META	EUR	2	99	2023	147.633345842361	0	1	1	7
TG	META	EUR	2	115	4027	879.361330509186	0	0	0	0
TG	META	EUR	2	117	2259	378.152464389801	0	0	1	7
TG	META	EUR	2	122	1826	867.328048944473	0	1	2	31
TG	META	EUR	2	123	300	10.5413320064545	0	1	1	2
TG	META	EUR	2	124	2894	2577.32253813744	0	0	2	50
TG	META	EUR	2	125	2437	244.748921871185	0	0	0	0
TG	META	EUR	2	128	4713	587.435536146164	0	0	1	9
TG	META	EUR	2	131	133	3.63101077079773	1	1	2	3
TG	META	EUR	2	132	527	24.0943772792816	0	0	1	10
TG	META	EUR	2	138	4108	145.375647783279	0	1	0	0
TG	META	EUR	2	153	3838	2013.81248497963	0	1	1	11
TG	META	EUR	2	159	5345	790.98471903801	0	0	0	0
TG	META	EUR	2	161	4217	743.367973327637	0	0	0	0
TG	META	EUR	2	163	176	38.6754224300385	0	1	0	0
TG	META	EUR	2	164	831	40.6885576248169	0	0	0	0
TG	META	EUR	2	166	6407	5831.26262640953	0	1	3	22
TG	META	EUR	2	168	2662	5854.68407654762	1	2	3	9
TG	META	EUR	2	169	2816	423.318007469177	0	1	1	2
TG	META	EUR	2	171	4093	768.474398612976	0	1	1	21
TG	META	EUR	2	174	1030	21.0249178409576	0	0	0	0
TG	META	EUR	2	176	3802	426.047138929367	0	0	1	17
TG	META	EUR	2	180	2527	123.931816577911	0	0	1	3
TG	META	EUR	2	181	3905	1062.18777275085	0	0	0	0
TG	META	EUR	2	184	4853	1946.65419411659	0	1	2	19
TG	META	EUR	2	186	4201	1248.15532851219	0	0	1	16
TG	META	EUR	2	195	6636	667.092583417892	0	0	1	28
TG	META	EUR	2	197	3290	634.82696557045	0	0	0	0
TG	META	EUR	2	198	2358	388.020631551743	0	0	1	25
TG	META	EUR	2	199	4033	708.314518451691	0	0	2	57
TG	META	EUR	2	201	3393	192.541485309601	0	0	0	0
TG	META	EUR	2	202	630	28.8548400402069	0	0	1	5
TG	META	EUR	2	205	1959	422.863647222519	0	1	1	3
TG	META	EUR	2	210	1913	263.900185823441	0	0	0	0
TG	META	EUR	2	211	3341	524.785349369049	0	0	1	24
TG	META	EUR	2	213	6522	1279.69379138947	0	0	0	0
TG	META	EUR	2	214	1430	212.013285398483	0	0	1	21
TG	META	EUR	2	217	1519	8744.22342634201	4	6	7	41
TG	META	EUR	2	218	1240	794.487309932709	3	5	4	5
TG	META	EUR	2	230	1903	2182.22189760208	0	0	3	31
TG	META	EUR	2	231	889	22.9572525024414	0	0	1	19
TG	META	EUR	2	235	1414	590.064571142197	0	0	2	17
TG	META	EUR	2	237	2714	117.842617511749	0	0	0	0
TG	META	EUR	2	240	2606	325.497101783752	0	0	1	11
TG	META	EUR	2	242	2220	259.905711650848	0	0	1	23
TG	META	EUR	2	250	5007	1031.57441806793	0	1	1	7
TG	META	EUR	2	251	1918	74.2190208435059	0	0	0	0
TG	META	EUR	2	256	2602	521.78554558754	0	0	1	32
TG	META	EUR	3	1	10859	3054.64300489426	0	0	0	0
TG	META	EUR	3	8	964	38.040593624115	0	0	1	9
TG	META	EUR	3	9	901	134.48937869072	1	1	1	1
TG	META	EUR	3	20	3239	695.49960565567	0	1	1	5
TG	META	EUR	3	23	2000	232.148238182068	0	0	1	23
TG	META	EUR	3	24	3325	31664.2170958519	2	5	8	31
TG	META	EUR	3	30	3288	342.524802446365	0	0	1	94
TG	META	EUR	3	31	1648	280.589102268219	0	0	1	10
TG	META	EUR	3	33	895	62.6271600723267	0	0	1	39
TG	META	EUR	3	35	3388	1056.09689664841	0	0	0	0
TG	META	EUR	3	39	4344	878.225795030594	0	0	1	24
TG	META	EUR	3	40	2079	217.016454696655	0	0	1	10
TG	META	EUR	3	41	4293	1919.06023812294	1	1	1	1
TG	META	EUR	3	49	4318	346.597356319427	0	0	0	0
TG	META	EUR	3	55	1657	360.513706922531	0	0	1	28
TG	META	EUR	3	57	1983	183.782304525375	0	0	1	11
TG	META	EUR	3	60	5518	769.728457927704	0	0	0	0
TG	META	EUR	3	62	1922	187.60166311264	0	0	1	6
TG	META	EUR	3	65	1376	125.329683065414	0	1	0	0
TG	META	EUR	3	70	2946	480.418389320374	0	0	0	0
TG	META	EUR	3	71	3634	738.233400344849	0	0	1	19
TG	META	EUR	3	77	6277	1495.79989051819	1	1	1	1
TG	META	EUR	3	83	4802	402.795038938522	0	0	0	0
TG	META	EUR	3	85	2014	301.761826753616	0	1	1	3
TG	META	EUR	3	88	2964	419.316475152969	0	0	1	20
TG	META	EUR	3	89	3062	656.396527051926	0	0	1	58
TG	META	EUR	3	114	2289	125.385967969894	0	0	1	15
TG	META	EUR	3	115	2769	142.88374710083	0	0	0	0
TG	META	EUR	3	120	2796	142.453867435455	0	0	0	0
TG	META	EUR	3	121	3463	285.635071277618	0	0	0	0
TG	META	EUR	3	124	547	114.072982311249	0	1	2	32
TG	META	EUR	3	132	4205	1118.97338557243	0	0	1	24
TG	META	EUR	3	133	1998	163.101769447327	0	0	1	16
TG	META	EUR	3	136	1686	105.808788776398	0	0	0	0
TG	META	EUR	3	140	3733	242.978015184402	0	0	1	4
TG	META	EUR	3	145	3409	1799.80188965797	0	1	1	6
TG	META	EUR	3	150	3370	386.841849327087	0	0	0	0
TG	META	EUR	3	155	3062	1270.86572408676	1	1	1	1
TG	META	EUR	3	161	4110	1163.24858474731	0	2	2	14
TG	META	EUR	3	162	4576	1130.53986597061	0	2	2	6
TG	META	EUR	3	172	2213	280.881213903427	0	0	1	18
TG	META	EUR	3	173	1410	19.5609338283539	0	0	1	5
TG	META	EUR	3	174	886	129.564990758896	0	0	1	24
TG	META	EUR	3	175	1093	81.726954460144	1	1	2	4
TG	META	EUR	3	186	4052	804.777965784073	0	0	1	3
TG	META	EUR	3	191	2148	130.2420566082	0	0	0	0
TG	META	EUR	3	193	3397	2939.13950896263	0	2	3	11
TG	META	EUR	3	196	784	28.9424395561218	0	0	1	8
TG	META	EUR	3	214	3900	619.188583374023	0	0	1	20
TG	META	EUR	4	1	9611	58912.068062067	5	8	9	27
TG	META	EUR	4	4	2479	1675.85346221924	1	1	1	1
TG	META	EUR	4	19	1634	132.085195302963	0	0	0	0
TG	META	EUR	4	21	5116	632.821459054947	0	0	1	142
TG	META	EUR	4	28	2760	677.842399835587	0	2	1	22
TG	META	EUR	4	32	3706	1322.87227511406	0	0	1	39
TG	META	EUR	4	42	522	257.023501634598	0	1	3	16
TG	META	EUR	4	43	1712	359.459855318069	0	0	0	0
TG	META	EUR	4	48	3101	326.010007858276	0	0	0	0
TG	META	EUR	4	54	7097	902.147264480591	0	0	0	0
TG	META	EUR	4	55	2591	233.572561979294	0	0	0	0
TG	META	EUR	4	64	4838	759.680991888046	0	1	0	0
TG	META	EUR	4	66	2430	527.483762025833	0	0	1	22
TG	META	EUR	4	74	3052	143.329073429108	0	0	0	0
TG	META	EUR	4	80	3407	5535.82570910454	0	4	3	17
TG	META	EUR	4	82	1265	72.6525874137878	0	0	1	7
TG	META	EUR	4	84	2895	513.704501628876	0	0	0	0
TG	META	EUR	4	87	4476	1762.10898685455	0	0	1	17
TG	META	EUR	4	90	2907	744.099885940552	0	0	0	0
TG	META	EUR	4	95	1164	133.029106378555	0	0	0	0
TG	META	EUR	4	97	1730	65.6249196529388	0	0	1	36
TG	META	EUR	4	101	3592	7226.16904115677	0	0	4	21
TG	META	EUR	4	102	2087	335.506948709488	0	1	1	2
TG	META	EUR	4	103	1547	464.385551214218	0	1	1	12
TG	META	EUR	4	109	1453	420.761049985886	0	0	0	0
TG	META	EUR	4	112	4879	1245.30540847778	0	0	0	0
TG	META	EUR	4	113	3917	1586.46309280396	0	2	2	7
TG	META	EUR	4	114	3535	590.205366849899	0	0	0	0
TG	META	EUR	4	115	1507	858.360609292984	1	1	1	1
TG	META	EUR	4	116	2670	394.536924600601	0	0	1	28
TG	META	EUR	4	117	3436	175.352333545685	0	0	1	16
TG	META	EUR	4	121	2432	1449.77925920486	1	2	2	3
TG	META	EUR	4	122	1057	99.8363819122314	1	1	1	1
TG	META	EUR	4	133	3262	867.974763393402	0	1	0	0
TG	META	EUR	4	134	5243	2809.33338475227	0	1	2	13
TG	META	EUR	4	136	4782	669.57159781456	0	0	1	72
TG	META	EUR	4	139	5252	1780.45985293388	0	0	0	0
TG	META	EUR	4	147	1413	275.977810144424	0	0	1	27
TG	META	EUR	4	148	1994	68.3678855895996	0	0	1	4
TG	META	EUR	4	149	2832	84.1625871658325	0	0	1	6
TG	META	EUR	4	150	2944	193.35595870018	0	0	1	24
TG	META	EUR	4	153	3190	467.045028686523	0	0	1	22
TG	META	EUR	4	154	1248	65.5589249134064	0	0	1	9
TG	META	EUR	4	156	4554	859.083657741547	0	0	1	107
TG	META	EUR	4	159	1297	65.8126091957092	0	0	1	11
TG	META	EUR	4	161	1242	143.853144884109	1	2	1	1
TG	META	EUR	4	162	2258	1009.66248583794	1	1	1	1
TG	META	EUR	4	165	2403	257.923385381699	0	0	1	27
TG	META	EUR	4	180	3178	1064.9421107769	0	0	0	0
TG	META	EUR	4	184	1574	118.477069377899	0	0	1	32
TG	META	EUR	4	199	688	3.13638353347778	0	1	0	0
TG	META	EUR	5	27	5265	915.109424591064	0	0	0	0
TG	META	EUR	5	33	1833	184.26729631424	0	0	0	0
TG	META	EUR	5	49	874	28.5861229896545	0	0	0	0
TG	META	EUR	5	64	3935	1946.47219848633	0	2	2	6
TG	META	EUR	5	66	2566	554.434841394424	0	0	0	0
TG	META	EUR	5	68	961	495.297656059265	2	4	3	5
TG	META	EUR	5	69	1350	3417.40430569649	2	4	5	30
TG	META	EUR	5	71	4163	375.704769849777	0	0	1	4
TG	META	EUR	5	72	4533	1358.98657345772	0	1	1	25
TG	META	EUR	5	74	6052	593.902169942856	0	0	0	0
TG	META	EUR	5	78	1140	551.923976182938	1	1	1	1
TG	META	EUR	5	81	2404	384.310045003891	0	0	0	0
TG	META	EUR	5	85	3348	533.599312782288	0	0	0	0
TG	META	EUR	5	88	1439	87.5892279148102	0	0	0	0
TG	META	EUR	5	92	2098	398.160712003708	0	0	1	43
TG	META	EUR	5	96	3344	341.432140111923	0	0	0	0
TG	META	EUR	5	97	2010	29.2939383983612	0	1	1	2
TG	META	EUR	5	102	4502	866.565244436264	0	1	1	7
TG	META	EUR	5	103	2797	390.991665840149	0	0	1	9
TG	META	EUR	5	108	1354	277.882653713226	0	0	1	41
TG	META	EUR	5	109	1728	143.165046691895	0	0	2	25
TG	META	EUR	5	111	3868	1014.43597221375	0	0	0	0
TG	META	EUR	5	114	9397	843.751308202744	0	0	1	68
TG	META	EUR	5	116	3895	382.897491931915	0	1	0	0
TG	META	EUR	5	120	3836	482.380906105042	0	0	1	32
TG	META	EUR	5	127	5530	274.772481203079	0	0	1	4
TG	META	EUR	5	130	4173	245.373846054077	0	0	1	80
TG	META	EUR	5	136	3883	250.919723272324	0	0	1	8
TG	META	EUR	5	142	2788	276.007660627365	0	0	1	20
TG	META	EUR	5	145	4905	821.636013746262	0	0	0	0
TG	META	EUR	5	146	4108	1139.95720124245	0	0	1	12
TG	META	EUR	5	147	1747	181.006626367569	0	0	1	6
TG	META	EUR	5	152	4797	426.889656543732	0	0	1	17
TG	META	EUR	5	156	2118	430.278284788132	0	0	1	41
TG	META	EUR	5	158	1968	244.757596969604	0	0	1	6
TG	META	EUR	5	159	429	14.0283598899841	0	1	0	0
TG	META	EUR	5	164	2111	364.975028276443	0	0	0	0
TG	META	EUR	5	166	3309	10107.4154293537	2	4	5	39
TG	META	EUR	5	167	2437	343.808370113373	0	1	1	3
TG	META	EUR	5	168	3072	895.892173290253	0	1	1	6
TG	META	EUR	5	174	2941	192.037267208099	0	0	1	94
TG	META	EUR	5	177	2409	198.11118721962	0	0	0	0
TG	META	EUR	5	181	978	77.7855684757233	0	0	0	0
TG	META	EUR	5	182	1204	53.9397594928741	0	0	1	11
TG	META	EUR	5	191	4312	953.650146245956	0	0	0	0
TG	META	EUR	5	192	547	30.0655438899994	0	1	1	3
TG	META	EUR	5	193	956	31.087061882019	0	0	1	6
TG	META	EUR	5	194	1211	18.0213952064514	0	0	1	6
TG	META	EUR	5	202	1875	729.32560968399	0	2	1	20
TG	META	EUR	5	205	1486	167.923391819	0	0	0	0
TG	META	EUR	6	3	609	30.5918474197388	0	0	1	8
TG	META	EUR	6	19	2621	279.866125583649	0	1	1	24
TG	META	EUR	6	21	1776	279.910068511963	0	0	0	0
TG	META	EUR	6	27	1539	78.457375049591107	0	1	0	0
TG	META	EUR	6	29	2476	250.751850128174	0	0	1	7
TG	META	EUR	6	32	875	7.33104348182678	0	0	1	4
TG	META	EUR	6	39	4562	1976.8003590107	0	1	1	19
TG	META	EUR	6	43	2932	8025.22820305824	0	1	3	36
TG	META	EUR	6	46	250	18.4579632282257	0	0	1	21
TG	META	EUR	6	47	3739	932.503223657608	0	0	0	0
TG	META	EUR	6	51	5667	1868.66167902946	2	3	4	51
TG	META	EUR	6	52	1798	211.240958213806	0	1	1	6
TG	META	EUR	6	53	1636	261.707802057266	0	0	1	21
TG	META	EUR	6	56	1765	65.3577334880829	0	0	0	0
TG	META	EUR	6	57	1787	131.844906330109	0	0	0	0
TG	META	EUR	6	58	3089	58.443906545639	0	1	1	2
TG	META	EUR	6	60	1692	292.398289680481	0	1	1	14
TG	META	EUR	6	63	2663	25117.2336623669	4	9	6	24
TG	META	EUR	6	64	292	692.909659862518	3	6	7	17
TG	META	EUR	6	73	444	11.179425239563	0	0	1	8
TG	META	EUR	6	74	1493	91.58682513237	0	0	0	0
TG	META	EUR	6	75	420	62.5428392887115	0	0	1	11
TG	META	EUR	6	76	4915	505.061374187469	0	0	0	0
TG	META	EUR	6	81	6321	1506.50030207634	0	0	0	0
TG	META	EUR	6	88	8269	1787.08630371094	0	0	1	80
TG	META	EUR	6	94	4181	334.536320924759	0	0	0	0
TG	META	EUR	6	97	2713	472.082443475723	0	0	1	30
TG	META	EUR	6	98	3389	545.977710008621	0	0	0	0
TG	META	EUR	6	99	3652	325.937047243118	0	0	1	9
TG	META	EUR	6	100	66	10.6767373085022	0	0	1	4
TG	META	EUR	6	105	2838	623.551523447037	1	1	2	28
TG	META	EUR	6	106	2228	344.552847862244	0	0	1	7
TG	META	EUR	6	108	883	190.84500837326	0	0	1	17
TG	META	EUR	6	109	2373	1379.35962057114	0	2	2	11
TG	META	EUR	6	111	1740	273.978049993515	0	0	1	26
TG	META	EUR	6	112	2789	716.178905010223	0	1	1	19
TG	META	EUR	6	116	3881	369.143339395523	0	0	0	0
TG	META	EUR	6	124	4264	2673.37380003929	0	2	3	23
TG	META	EUR	6	125	2720	49.0877442359924	0	1	0	0
TG	META	EUR	6	127	2160	166.23118019104	0	0	1	8
TG	META	EUR	6	130	3633	383.042546987534	0	0	2	20
TG	META	EUR	6	140	1867	155.284836053848	0	0	0	0
TG	META	EUR	6	143	67	6.00289845466614	1	1	1	1
TG	META	EUR	6	146	1464	25.9508583545685	0	1	1	3
TG	META	EUR	6	149	4073	451.732825040817	0	0	0	0
TG	META	EUR	6	154	2070	38.4195339679718	0	0	1	4
TG	META	EUR	6	157	1332	272.066361188889	0	0	0	0
TG	META	EUR	6	158	2348	164.292064428329	0	0	1	10
TG	META	EUR	6	160	2988	2415.73415756226	0	1	2	40
TG	META	EUR	6	161	2374	444.609745979309	0	0	0	0
TG	META	EUR	6	169	5971	60430.4336247444	4	8	10	34
TG	META	EUR	6	173	2977	220.664114236832	0	0	1	31
TG	META	EUR	6	175	1849	532.39389538765	0	2	2	7
TG	META	EUR	6	178	1000	26.9136729240417	0	0	1	9
TG	META	EUR	6	179	1713	155.26902914047201	0	0	1	7
TG	META	EUR	6	182	2247	156.443803548813	0	0	1	10
TG	META	EUR	7	3	2288	274.200305461884	0	0	1	5
TG	META	EUR	7	8	5747	389.40603518486	0	0	0	0
TG	META	EUR	7	11	2671	224.378001928329	0	0	1	25
TG	META	EUR	7	12	4752	869.883180618286	0	1	1	7
TG	META	EUR	7	13	1870	264.240030765533	0	0	0	0
TG	META	EUR	7	25	3868	953.973484277725	0	0	1	9
TG	META	EUR	7	26	3762	452.010776281357	0	0	1	15
TG	META	EUR	7	29	2750	391.588771343231	0	0	0	0
TG	META	EUR	7	30	2949	585.231768369675	0	0	0	0
TG	META	EUR	7	31	2743	300.638664007187	0	1	1	6
TG	META	EUR	7	32	3198	864.746962785721	0	1	2	13
TG	META	EUR	7	33	4010	465.36195898056	0	0	1	7
TG	META	EUR	7	35	3364	763.080460309982	0	0	0	0
TG	META	EUR	7	37	3474	1065.72854328156	0	1	2	23
TG	META	EUR	7	41	3054	221.232054948807	0	0	1	53
TG	META	EUR	7	42	3107	3552.7716588974	3	3	4	13
TG	META	EUR	7	43	4068	902.418953180313	0	1	0	0
TG	META	EUR	7	44	577	19.6748917102814	0	1	1	4
TG	META	EUR	7	45	1329	146.825783967972	0	0	0	0
TG	META	EUR	7	48	648	79.5707068443298	0	0	0	0
TG	META	EUR	7	50	2107	430.532085895538	0	0	0	0
TG	META	EUR	7	54	3176	284.611897945404	0	0	1	67
TG	META	EUR	7	58	3099	121.421491861343	0	0	1	28
TG	META	EUR	7	64	251	11.361626625061	0	0	1	14
TG	META	EUR	7	66	1421	187.051482200623	0	0	1	7
TG	META	EUR	7	67	7599	25016.306530714	1	2	5	44
TG	META	EUR	7	69	2056	270.113605976105	0	0	1	17
TG	META	EUR	7	73	1059	133.426259994507	0	0	0	0
TG	META	EUR	7	74	1381	113.744475364685	0	0	0	0
TG	META	EUR	7	85	3525	18194.320579052	3	8	5	7
TG	META	EUR	7	86	1224	596.243385791779	3	5	4	5
TG	META	EUR	7	87	387	154.831552743912	0	1	1	2
TG	META	EUR	7	88	4002	1399.95784330368	1	2	2	5
TG	META	EUR	7	93	1278	79.0951957702637	0	0	1	35
TG	META	EUR	7	95	1944	475.171939849854	0	2	2	20
TG	META	EUR	7	103	2428	147.001415729523	0	0	1	7
TG	META	EUR	7	109	2276	414.476581573486	0	0	0	0
TG	META	EUR	7	114	4823	1788.31460785866	0	0	1	42
TG	META	EUR	7	118	1231	132.268246173859	0	1	0	0
TG	META	EUR	7	119	2161	498.944136381149	0	0	1	24
TG	META	EUR	7	120	389	12.3113589286804	0	1	1	6
TG	META	EUR	7	121	5335	2179.34039521217	0	0	1	15
TG	META	EUR	7	125	3373	327.098798751831	0	0	0	0
TG	META	EUR	7	127	979	41.3080339431763	0	1	1	4
TG	META	EUR	7	128	1024	181.315837860107	0	0	1	22
TG	META	EUR	7	132	5918	949.823561668396	0	0	0	0
TG	META	EUR	7	133	5936	23272.1265649796	0	3	5	22
TG	META	EUR	7	143	1038	131.078583240509	0	0	1	10
TG	META	EUR	7	145	2029	269.937400341034	0	0	1	42
TG	META	EUR	7	147	1382	135.789640903473	0	0	0	0
TG	META	EUR	7	148	1696	242.013621807098	0	0	1	31
TG	META	EUR	7	161	729	129.368901014328	0	0	0	0
TG	META	EUR	7	162	5311	1721.4307012558	0	1	2	14
TG	META	EUR	7	169	603	27.2009661197662	0	0	1	25
TG	META	EUR	7	177	1028	19.9344172477722	0	0	1	4
TG	META	EUR	7	184	2626	145.913053274155	0	0	1	13
TG	META	EUR	8	13	998	91.0060822963715	0	0	1	21
TG	META	EUR	8	17	2980	534.608373403549	0	0	1	34
TG	META	EUR	8	20	2472	578.400715827942	0	0	0	0
TG	META	EUR	8	21	2717	89.967381477356	0	0	1	10
TG	META	EUR	8	24	5332	1987.83070707321	0	1	0	0
TG	META	EUR	8	27	2064	476.920908927917	0	0	0	0
TG	META	EUR	8	28	1257	75.5747601985931	0	0	1	24
TG	META	EUR	8	29	5282	3263.98125839233	1	2	1	1
TG	META	EUR	8	31	666	27.4638674259186	0	1	0	0
TG	META	EUR	8	32	3679	46674.9477512836	5	9	10	30
TG	META	EUR	8	33	3069	11722.8853926659	8	10	8	8
TG	META	EUR	8	34	1620	39.2283592224121	0	1	1	3
TG	META	EUR	8	35	1388	243.082813739777	0	0	0	0
TG	META	EUR	8	38	1220	44.3714628219604	0	1	1	4
TG	META	EUR	8	39	2287	271.082100868225	0	0	1	7
TG	META	EUR	8	40	2922	281.062937736511	0	1	1	2
TG	META	EUR	8	41	1929	208.462956428528	1	1	2	21
TG	META	EUR	8	42	3825	1094.39125013351	0	0	2	14
TG	META	EUR	8	46	1150	152.517962694168	0	0	0	0
TG	META	EUR	8	48	2716	557.715361118317	0	1	1	44
TG	META	EUR	8	51	4201	420.570259332657	0	0	0	0
TG	META	EUR	8	53	2406	115.866822481155	0	0	1	6
TG	META	EUR	8	54	904	28.7877948284149	0	0	1	5
TG	META	EUR	8	55	2225	46.6931269168854	0	0	1	4
TG	META	EUR	8	65	1811	113.024209022522	0	0	1	11
TG	META	EUR	8	66	3812	409.214991807938	0	0	1	30
TG	META	EUR	8	68	2401	612.313989639282	0	0	2	9
TG	META	EUR	8	69	4795	935.653538942337	0	0	1	21
TG	META	EUR	8	71	3182	123.397959470749	0	0	0	0
TG	META	EUR	8	77	2896	702.620711326599	0	0	1	55
TG	META	EUR	8	78	639	66.6435534954071	0	1	2	18
TG	META	EUR	8	80	1348	69.7930347919464	0	0	0	0
TG	META	EUR	8	83	4786	761.769290685654	0	0	1	15
TG	META	EUR	8	84	6679	1527.01535201073	0	0	0	0
TG	META	EUR	8	85	2550	268.125034570694	0	0	0	0
TG	META	EUR	8	86	567	84.88134765625	0	0	0	0
TG	META	EUR	8	88	3251	82.270120382309	0	0	1	18
TG	META	EUR	8	92	3311	598.078872680664	0	0	0	0
TG	META	EUR	8	107	1042	188.919098377228	0	1	1	2
TG	META	EUR	8	108	5083	899.036144018173	0	0	1	15
TG	META	EUR	8	113	2167	836.578864812851	0	0	2	17
TG	META	EUR	8	114	1777	70.9509048461914	0	0	1	6
TG	META	EUR	8	124	1811	4199.44849538803	3	6	6	15
TG	META	EUR	8	125	811	6787.6320335865	4	9	8	32
TG	META	EUR	8	126	304	102.13739156723	2	5	2	2
TG	META	EUR	8	130	1634	92.6436486244202	0	1	0	0
TG	META	EUR	8	133	2575	136.307487726212	0	1	1	2
TG	META	EUR	8	141	1881	384.920280218124	0	1	1	24
TG	META	EUR	8	154	1818	292.61617398262	1	2	2	4
TG	META	EUR	8	159	2186	224.480803728104	0	0	1	8
TG	META	EUR	9	1	4405	355.849828243256	0	0	2	10
TG	META	EUR	9	4	2653	652.662410736084	1	1	2	15
TG	META	EUR	9	9	1912	284.108587026596	0	0	0	0
TG	META	EUR	9	13	4349	633.493177890778	0	0	1	5
TG	META	EUR	9	27	6921	12282.5738306046	0	0	3	73
TG	META	EUR	9	28	2167	426.808036088943	0	1	0	0
TG	META	EUR	9	31	3692	736.231538772583	0	2	1	3
TG	META	EUR	9	32	1463	150.901529073715	0	1	1	55
TG	META	EUR	9	33	2492	639.57105755806	0	1	1	4
TG	META	EUR	9	39	1083	32.4244003295898	0	0	1	7
TG	META	EUR	9	41	489	91.6979396343231	1	1	1	1
TG	META	EUR	9	48	609	24.2144091129303	0	0	1	6
TG	META	EUR	9	50	3621	455.628981590271	0	0	0	0
TG	META	EUR	9	53	4664	608.438580036163	0	0	2	17
TG	META	EUR	9	71	362	4.68190670013428	0	1	0	0
TG	META	EUR	9	72	796	40.5657715797424	0	0	0	0
TG	META	EUR	9	77	1591	23.4703915119171	0	1	0	0
TG	META	EUR	9	84	2356	518.28494477272	0	0	1	21
TG	META	EUR	9	93	3017	710.703781604767	0	0	1	42
TG	META	EUR	9	97	1351	149.45699596405	0	1	1	43
TG	META	EUR	9	98	3876	864.339286327362	0	1	1	25
TG	META	EUR	9	100	3508	380.0817258358	0	0	1	10
TG	META	EUR	9	102	3575	559.900079011917	0	0	1	58
TG	META	EUR	9	105	807	52.7989807128906	0	0	0	0
TG	META	EUR	9	106	3517	491.535744190216	0	1	0	0
TG	META	EUR	9	107	913	10.6036467552185	0	1	1	3
TG	META	EUR	9	110	4301	217.336830377579	0	2	1	5
TG	META	EUR	9	111	187	50.9536082744598	0	2	2	6
TG	META	EUR	9	112	4165	3366.47945308685	1	3	4	13
TG	META	EUR	9	114	1494	50.0311999320984	0	0	1	4
TG	META	EUR	9	115	4314	1203.62302136421	0	0	0	0
TG	META	EUR	9	116	2266	919.241996049881	0	1	2	11
TG	META	EUR	9	118	5128	1020.30518841743	0	1	1	2
TG	META	EUR	9	124	1974	208.687873840332	0	2	1	3
TG	META	EUR	9	128	203	10.8770976066589	0	0	1	12
TG	META	EUR	9	129	2851	203.803604125977	0	0	1	17
TG	META	EUR	9	134	4836	150.137880325317	0	0	1	33
TG	META	EUR	9	135	2197	701.229392766953	0	0	1	70
TG	META	EUR	9	136	2367	916.497968673706	0	0	1	37
TG	META	EUR	9	138	3720	528.535404682159	0	0	0	0
TG	META	EUR	9	140	5133	563.41939330101	0	0	0	0
TG	META	EUR	9	142	1755	307.926059961319	0	0	1	49
TG	META	EUR	9	149	1801	223.692581892014	0	1	1	4
TG	META	EUR	9	160	843	37.6884422302246	0	0	1	10
TG	META	EUR	9	161	881	55.6702589988708	0	0	1	20
TG	META	EUR	10	13	2260	307.516800642014	0	0	1	11
TG	META	EUR	10	14	3234	450.288763284683	0	0	1	37
TG	META	EUR	10	20	132	7.32608127593994	1	1	1	1
TG	META	EUR	10	22	2667	184.622475624084	0	0	1	6
TG	META	EUR	10	26	3158	109.238884210587	0	1	1	4
TG	META	EUR	10	34	973	25.960951089859	0	1	1	4
TG	META	EUR	10	43	2275	410.146950960159	0	1	0	0
TG	META	EUR	10	44	1308	183.605744600296	0	0	1	25
TG	META	EUR	10	45	3430	304.39662027359	0	0	0	0
TG	META	EUR	10	48	3991	870.919335365295	0	0	0	0
TG	META	EUR	10	49	2549	368.663048028946	0	0	1	27
TG	META	EUR	10	59	1871	528.848661422729	0	1	1	2
TG	META	EUR	10	60	4074	1326.15182209015	0	1	2	15
TG	META	EUR	10	61	1565	379.397472143173	0	0	1	16
TG	META	EUR	10	64	668	11.8226466178894	0	1	1	2
TG	META	EUR	10	70	3208	635.776581048965	1	1	2	48
TG	META	EUR	10	76	6048	455.31484746933	0	0	0	0
TG	META	EUR	10	78	1652	110.40912604332	0	0	0	0
TG	META	EUR	10	79	3459	1006.48354887962	0	2	2	16
TG	META	EUR	10	80	3671	3178.09441304207	0	1	1	4
TG	META	EUR	10	81	3734	661.473661661148	0	1	1	2
TG	META	EUR	10	84	5207	544.536242961884	0	0	1	8
TG	META	EUR	10	85	1043	95.4740617275238	0	0	1	33
TG	META	EUR	10	92	4942	2229.29955101013	0	1	2	13
TG	META	EUR	10	93	1019	102.727350473404	0	0	1	10
TG	META	EUR	10	99	254	7.33137726783752	0	0	1	10
TG	META	EUR	10	100	1061	791.82786488533	0	1	1	8
TG	META	EUR	10	109	3228	225.963603973389	0	0	0	0
TG	META	EUR	10	110	1116	267.446060419083	0	0	0	0
TG	META	EUR	10	111	1918	125.725615739822	0	0	0	0
TG	META	EUR	10	112	802	29.9906222820282	0	0	1	8
TG	META	EUR	10	117	4254	22724.7103307247	6	7	7	31
TG	META	EUR	10	120	3095	443.939447402954	0	0	1	4
TG	META	EUR	10	123	2840	775.01029086113	0	0	0	0
TG	META	EUR	10	124	818	6.84242057800293	0	0	1	8
TG	META	EUR	10	126	3515	69.8468499183655	0	1	1	2
TG	META	EUR	10	129	4659	672.386035442352	0	0	1	12
TG	META	EUR	10	131	3980	396.285447120667	0	0	0	0
TG	META	EUR	10	136	5224	123.72468662262	0	0	0	0
TG	META	EUR	10	137	3617	412.129510402679	0	0	1	12
TG	META	EUR	10	138	695	84.3809282779694	1	1	2	5
TG	META	EUR	10	140	909	227.245882987976	0	0	1	10
TG	META	EUR	10	142	1169	539.636563777924	0	0	2	28
TG	META	EUR	10	144	1408	73.0022962093353	0	0	1	17
TG	META	EUR	10	145	1376	151.806873083115	0	0	1	33
TG	META	EUR	10	148	2385	284.042866945267	0	1	1	5
TG	META	EUR	10	152	2103	2686.35717821121	0	1	2	27
TG	META	EUR	10	167	586	53.4376881122589	0	0	1	23
TG	META	EUR	10	176	2995	324.87146115303	1	2	1	1
TG	META	EUR	10	177	1562	36.0248539447784	0	0	1	6
TG	META	EUR	11	2	2416	548.609352111816	0	1	2	91
TG	META	EUR	11	4	1583	177.378643274307	0	0	0	0
TG	META	EUR	11	7	1391	162.665297985077	0	1	0	0
TG	META	EUR	11	11	2955	691.909330129623	0	0	0	0
TG	META	EUR	11	14	2329	61.9494607448578	0	0	1	15
TG	META	EUR	11	19	1244	45.5227019786835	0	0	1	6
TG	META	EUR	11	22	1276	66.2480719089508	0	0	1	5
TG	META	EUR	11	27	2489	83.9841616153717	1	1	2	5
TG	META	EUR	11	28	1996	1905.04143595695	1	1	3	15
TG	META	EUR	11	29	1332	16.5727045536041	0	1	1	2
TG	META	EUR	11	33	2302	808.773640871048	0	0	1	48
TG	META	EUR	11	51	2553	178.042781352997	0	0	1	8
TG	META	EUR	11	52	1487	628.182018041611	0	0	2	29
TG	META	EUR	11	53	3051	1173.64305233955	0	0	2	82
TG	META	EUR	11	54	2265	1008.21751594543	0	0	2	24
TG	META	EUR	11	56	579	28.8677763938904	0	0	0	0
TG	META	EUR	11	57	2306	326.600548028946	0	1	1	2
TG	META	EUR	11	65	2182	607.718382835388	1	1	1	1
TG	META	EUR	11	70	4273	572.985698223114	0	1	1	7
TG	META	EUR	11	75	1705	330.394391775131	1	3	2	3
TG	META	EUR	11	76	2068	2683.50250983238	1	2	3	11
TG	META	EUR	11	77	2031	167.330034732819	0	0	1	18
TG	META	EUR	11	78	2126	137.028165340424	1	2	1	1
TG	META	EUR	11	79	4518	9522.82806825638	1	3	3	9
TG	META	EUR	11	80	3101	1708.9378862381	1	1	3	15
TG	META	EUR	11	81	2046	523.133097410202	0	0	1	3
TG	META	EUR	11	83	1781	260.073132991791	0	0	0	0
TG	META	EUR	11	89	475	36.4423327445984	0	0	1	20
TG	META	EUR	11	90	4830	5036.35353207588	0	1	2	70
TG	META	EUR	11	104	4490	334.684775114059	0	0	1	7
TG	META	EUR	11	108	956	107.627528905869	0	0	1	30
TG	META	EUR	11	112	3136	795.579310894012	0	0	0	0
TG	META	EUR	11	114	2042	204.374100446701	0	0	0	0
TG	META	EUR	11	117	4952	552.305167198181	0	1	0	0
TG	META	EUR	11	121	2516	616.714209794998	0	1	1	13
TG	META	EUR	11	123	1467	844.998459815979	0	0	1	18
TG	META	EUR	11	125	2198	178.077167749405	0	0	0	0
TG	META	EUR	11	126	5162	1467.33517813683	0	2	0	0
TG	META	EUR	11	127	599	271.510028362274	2	5	3	5
TG	META	EUR	11	128	396	1898.49803996086	5	10	8	14
TG	META	EUR	11	129	2494	1849.97394180298	9	11	11	13
TG	META	EUR	11	130	1309	4938.33678436279	9	10	9	9
TG	META	EUR	11	131	345	57.7010154724121	0	2	0	0
TG	META	EUR	11	133	2216	962.867656230927	1	2	3	22
TG	META	EUR	11	134	3326	612.585765838623	0	0	0	0
TG	META	EUR	11	138	1543	392.070966959	0	0	0	0
TG	META	EUR	11	140	1403	95.0504927635193	0	0	1	9
TG	META	EUR	11	147	4870	231.95655679702799	0	0	1	10
TG	META	EUR	11	149	4145	1198.9230632782	0	0	0	0
TG	META	EUR	11	151	1808	92.7719233036041	0	0	1	24
TG	META	EUR	11	162	1874	292.175263643265	0	0	0	0
TG	META	EUR	12	1	1590	410.629237890244	0	0	1	6
TG	META	EUR	12	4	1490	236.208699941635	0	0	1	14
TG	META	EUR	12	12	967	66.501371383667	1	1	2	7
TG	META	EUR	12	13	1602	38.8596701622009	1	1	1	1
TG	META	EUR	12	17	1105	167.92976474762	0	1	0	0
TG	META	EUR	12	18	2152	348.760634899139	0	1	0	0
TG	META	EUR	12	23	2890	709.188550710678	0	0	0	0
TG	META	EUR	12	26	481	10.2516324520111	0	0	1	6
TG	META	EUR	12	28	1859	178.9022128582	0	0	1	66
TG	META	EUR	12	29	358	51.4450738430023	0	0	0	0
TG	META	EUR	12	31	744	78.8749644756317	0	0	0	0
TG	META	EUR	12	32	2958	286.306346178055	0	0	0	0
TG	META	EUR	12	33	2232	223.371706485748	0	0	1	24
TG	META	EUR	12	34	2001	158.480744600296	0	0	0	0
TG	META	EUR	12	35	928	48.2144243717194	0	0	1	10
TG	META	EUR	12	38	3467	675.486669540405	0	0	0	0
TG	META	EUR	12	40	1506	506.817095279694	1	2	2	3
TG	META	EUR	12	41	907	96.3926525115967	0	1	2	9
TG	META	EUR	12	42	4599	11768.369253397	1	3	5	45
TG	META	EUR	12	45	2354	267.298678636551	0	0	0	0
TG	META	EUR	12	47	882	7.18154716491699	0	0	1	4
TG	META	EUR	12	48	2849	403.120078325272	0	0	1	9
TG	META	EUR	12	49	3187	177.160356521606	0	0	0	0
TG	META	EUR	12	51	1810	68.1646764278412	0	0	1	5
TG	META	EUR	12	57	3924	482.087534666061	0	0	1	25
TG	META	EUR	12	58	2130	104.918198823929	0	0	1	9
TG	META	EUR	12	59	3359	2574.76869916916	0	1	2	13
TG	META	EUR	12	60	1682	373.590041637421	1	1	1	1
TG	META	EUR	12	62	2098	253.583173036575	1	2	1	1
TG	META	EUR	12	63	2161	184.683450698853	0	0	0	0
TG	META	EUR	12	64	1712	422.592764854431	0	1	0	0
TG	META	EUR	12	66	2702	249.1971783638	0	1	1	6
TG	META	EUR	12	67	1363	341.938066244125	0	1	1	7
TG	META	EUR	12	68	1042	122.064952850342	0	0	1	21
TG	META	EUR	12	69	2571	526.972773075104	0	0	0	0
TG	META	EUR	12	70	1276	910.061745882034	0	2	3	25
TG	META	EUR	12	71	3196	985.366219997406	1	2	3	21
TG	META	EUR	12	72	8798	2521.57114338875	0	1	1	10
TG	META	EUR	12	73	2735	238.010321855545	0	0	1	10
TG	META	EUR	12	74	3176	124.934250593185	1	1	1	1
TG	META	EUR	12	75	483	189.186663389206	0	0	2	20
TG	META	EUR	12	76	1705	213.841112613678	0	0	0	0
TG	META	EUR	12	77	1658	120.904126644135	0	0	0	0
TG	META	EUR	12	80	3651	645.665889263153	0	1	1	20
TG	META	EUR	12	88	3642	134.685336112976	0	1	1	4
TG	META	EUR	12	92	4536	441.475728034973	0	0	1	24
TG	META	EUR	12	94	3594	538.779544353485	0	0	1	60
TG	META	EUR	12	102	1151	145.684122562408	0	0	0	0
TG	META	EUR	12	103	479	25.4650366306305	0	1	1	9
TG	META	EUR	12	104	2913	369.061542987823	0	0	0	0
TG	META	EUR	12	113	2730	459.212601661682	0	0	1	14
TG	META	EUR	12	114	2609	193.810666561127	0	0	1	33
TG	META	EUR	12	117	2783	789.345726013184	0	0	0	0
TG	META	EUR	12	119	5183	1616.7648460865	0	2	3	20
TG	META	EUR	12	120	1451	176.772307634354	0	0	1	16
TG	META	EUR	12	121	1977	1399.6865465641	1	1	3	21
TG	META	EUR	12	122	4091	2656.34928369522	0	2	2	12
TG	META	EUR	12	125	2896	568.280198335648	0	0	0	0
TG	META	EUR	12	128	482	10.1163647174835	0	0	1	5
TG	META	EUR	12	132	2496	444.753340244293	0	0	0	0
TG	META	EUR	12	138	4361	873.36103510856606	0	1	0	0
TG	META	EUR	12	139	5991	48641.3348686695	3	6	6	27
TG	META	EUR	12	140	1246	222.191852092743	0	0	2	17
TG	META	EUR	12	141	1716	510.696382522583	0	1	2	6
TG	META	EUR	13	8	2407	183.840403079987	0	0	1	8
TG	META	EUR	13	13	1686	209.82097697258	0	0	1	44
TG	META	EUR	13	16	2437	185.800683021545	0	0	0	0
TG	META	EUR	13	20	2317	33.7327456474304	0	1	1	2
TG	META	EUR	13	21	3269	526.18185710907	0	1	1	11
TG	META	EUR	13	36	1868	443.293309688568	0	0	0	0
TG	META	EUR	13	40	1940	157.153438329697	0	0	1	40
TG	META	EUR	13	45	2308	170.767726421356	1	1	1	1
TG	META	EUR	13	47	1482	114.069218873978	0	0	1	68
TG	META	EUR	13	50	4815	11183.3182425499	0	3	2	4
TG	META	EUR	13	53	2636	386.091062307358	0	0	0	0
TG	META	EUR	13	54	8127	5415.01910567284	0	0	1	45
TG	META	EUR	13	55	3625	109.052033424377	0	0	0	0
TG	META	EUR	13	58	4655	498.734607934952	0	0	0	0
TG	META	EUR	13	60	2887	286.933138370514	0	0	0	0
TG	META	EUR	13	64	1367	172.679669618607	0	0	1	27
TG	META	EUR	13	70	2859	452.654109477997	0	0	0	0
TG	META	EUR	13	72	2175	322.085189580917	0	0	0	0
TG	META	EUR	13	84	1571	39.7524561882019	0	1	1	4
TG	META	EUR	13	88	1072	116.379792690277	0	0	1	31
TG	META	EUR	13	90	3170	841.688708782196	0	0	0	0
TG	META	EUR	13	95	986	101.2049472332	0	0	0	0
TG	META	EUR	13	96	1106	26.5383911132812	0	0	1	15
TG	META	EUR	13	108	675	7.82647728919983	0	0	0	0
TG	META	EUR	13	115	1088	128.432756662369	0	0	1	27
TG	META	EUR	13	118	1840	152.353353261948	0	1	1	5
TG	META	EUR	13	125	2455	1741.37114286423	2	3	3	4
TG	META	EUR	14	11	1081	86.7714006900787	0	0	1	30
TG	META	EUR	14	13	603	15.9068660736084	1	1	1	1
TG	META	EUR	14	14	4113	910.110694646835	0	2	2	7
TG	META	EUR	14	19	2883	2044.50323009491	0	1	1	7
TG	META	EUR	14	24	1223	265.321377515793	0	0	1	38
TG	META	EUR	14	31	3397	544.326535463333	0	0	0	0
TG	META	EUR	14	35	3439	4711.32625770569	0	0	2	58
TG	META	EUR	14	42	2094	308.137912988663	0	1	1	2
TG	META	EUR	14	44	2165	480.048318624496	0	0	0	0
TG	META	EUR	14	46	1764	480.771696090698	0	2	2	15
TG	META	EUR	14	47	3044	278.434855222702	0	0	1	41
TG	META	EUR	14	51	2665	1011.10072398186	0	0	2	119
TG	META	EUR	14	56	1280	152.266257286072	0	0	1	15
TG	META	EUR	14	57	5200	1032.1775932312	0	1	1	34
TG	META	EUR	14	63	4175	1268.02369332314	0	0	1	4
TG	META	EUR	14	64	1343	100.591118335724	0	0	1	64
TG	META	EUR	14	66	2406	249.362740278244	0	1	1	21
TG	META	EUR	14	67	2927	1476.07610940933	0	1	1	11
TG	META	EUR	14	70	3495	709.137507915497	0	0	1	25
TG	META	EUR	14	72	4029	248.647178888321	0	0	0	0
TG	META	EUR	14	80	631	71.4495451450348	0	0	0	0
TG	META	EUR	14	81	3573	353.674019813538	0	0	0	0
TG	META	EUR	14	84	1272	170.83473062515299	1	1	2	19
TG	META	EUR	14	95	1041	73.6015031337738	0	0	1	10
TG	META	EUR	14	96	403	29.7295880317688	0	0	1	15
TG	META	EUR	14	105	1460	208.382409572601	1	2	2	9
TG	META	EUR	14	106	1405	77.0939412117004	0	0	0	0
TG	META	EUR	14	120	1063	53.5884766578674	0	0	0	0
TG	META	EUR	14	121	3100	544.358811378479	1	1	2	14
TG	META	EUR	14	126	3824	847.106719732285	0	0	0	0
TG	META	EUR	14	127	2527	133.09744477272	0	0	1	15
TG	META	EUR	14	129	1548	314.533998250961	0	0	0	0
TG	META	EUR	15	22	3667	173.166213512421	0	1	1	2
TG	META	EUR	15	28	2033	280.537930727005	0	0	1	22
TG	META	EUR	15	34	854	140.195849657059	0	1	1	7
TG	META	EUR	15	35	2450	572.797232866287	0	1	1	2
TG	META	EUR	15	37	3539	1776.98417687416	1	3	3	46
TG	META	EUR	15	38	3891	2833.05786347389	1	1	2	4
TG	META	EUR	15	39	2730	189.483842849731	1	1	1	1
TG	META	EUR	15	41	2876	492.976867198944	0	0	0	0
TG	META	EUR	15	45	6125	912.52180981636	0	0	1	59
TG	META	EUR	15	48	5474	842.554778814316	0	0	0	0
TG	META	EUR	15	49	629	19.0901694297791	0	0	0	0
TG	META	EUR	15	50	2762	2736.56398940086	1	1	2	134
TG	META	EUR	15	52	1948	1758.50855183601	1	3	4	12
TG	META	EUR	15	53	379	67.8425288200378	1	2	2	3
TG	META	EUR	15	54	2118	1420.01017546654	2	2	2	2
TG	META	EUR	15	56	2292	285.343025684357	0	0	1	24
TG	META	EUR	15	59	4708	885.176935911179	0	1	1	10
TG	META	EUR	15	62	5405	5366.03770256042	2	2	3	131
TG	META	EUR	15	64	1692	248.873284101486	0	0	1	5
TG	META	EUR	15	66	2922	985.16565990448	0	1	1	4
TG	META	EUR	15	71	174	27.7880880832672	0	0	1	5
TG	META	EUR	15	72	1182	180.542960882187	0	0	0	0
TG	META	EUR	15	73	1170	143.442402124405	0	0	1	33
TG	META	EUR	15	85	2159	376.220242500305	0	0	0	0
TG	META	EUR	15	99	448	32.9723296165466	0	0	1	22
TG	META	EUR	15	108	941	30.8075251579285	0	0	0	0
TG	META	EUR	15	111	1662	173.119215965271	0	1	1	2
TG	META	EUR	15	117	1024	285.497506141663	0	1	1	10
TG	META	EUR	15	118	683	182.631506204605	1	2	2	40
TG	META	EUR	16	1	2114	493.271253108978	0	0	1	27
TG	META	EUR	16	2	832	541.728416204453	0	1	1	11
TG	META	EUR	16	4	3063	433.935012817383	0	0	0	0
TG	META	EUR	16	5	1219	644.441280841827	0	2	2	29
TG	META	EUR	16	7	1987	219.193549871445	0	1	1	6
TG	META	EUR	16	9	2833	926.428988218307	0	2	0	0
TG	META	EUR	16	17	1031	44.1321263313293	0	0	0	0
TG	META	EUR	16	24	1077	59.1755063533783	0	0	1	67
TG	META	EUR	16	25	2261	312.95837712287903	0	0	0	0
TG	META	EUR	16	33	4212	773.15784239769	0	0	1	31
TG	META	EUR	16	37	3155	825.858375072479	0	1	2	12
TG	META	EUR	16	59	1715	898.699122667313	0	2	2	30
TG	META	EUR	16	62	1701	423.845757246017	1	1	1	1
TG	META	EUR	16	64	708	38.1104001998901	0	0	1	13
TG	META	EUR	16	68	1856	215.878407478333	0	0	1	14
TG	META	EUR	16	75	3049	4343.1373925209	0	3	3	8
TG	META	EUR	16	76	2093	542.450716018677	1	2	1	1
TG	META	EUR	16	85	5100	1398.60418462753	0	0	0	0
TG	META	EUR	16	88	5186	975.45049238205	0	0	1	47
TG	META	EUR	16	89	6554	23201.0124716759	1	2	3	11
TG	META	EUR	16	90	1647	114.216300964355	0	0	1	8
TG	META	EUR	16	93	4930	654.090653896332	0	0	0	0
TG	META	EUR	16	94	5618	752.675782442093	0	0	0	0
TG	META	EUR	16	100	353	84.5201206207275	1	1	1	1
TG	META	EUR	16	103	6925	5280.36960625648	0	0	1	24
TG	META	EUR	16	104	2096	1789.1261446476	1	1	2	5
TG	META	EUR	16	105	1798	177.357410669327	0	0	1	19
TG	META	EUR	16	107	2431	295.889445543289	0	0	0	0
TG	META	EUR	16	110	1672	189.280395507812	0	0	0	0
TG	META	EUR	16	114	1382	411.193237543106	1	2	2	13
TG	META	EUR	16	116	1857	246.569005250931	0	0	0	0
TG	META	EUR	16	119	2230	249.062497138977	0	0	1	10
TG	META	EUR	16	125	1690	770.498742818832	0	1	2	42
TG	META	EUR	16	128	5652	1517.5648047924	0	1	1	12
TG	META	EUR	17	3	1741	171.314428329468	0	1	1	9
TG	META	EUR	17	8	315	11.4067265987396	0	1	0	0
TG	META	EUR	17	9	3239	3705.97715401649	1	2	3	12
TG	META	EUR	17	15	209	2.78824639320374	0	1	1	2
TG	META	EUR	17	16	660	107.522277593613	1	1	1	1
TG	META	EUR	17	17	3158	483.099956035614	2	3	2	2
TG	META	EUR	17	23	1091	2888.34900379181	2	2	3	31
TG	META	EUR	17	24	1967	2189.2676718235	1	2	3	10
TG	META	EUR	17	45	181	4.04483866691589	0	0	1	10
TG	META	EUR	17	51	4038	8879.37013578415	0	1	2	14
TG	META	EUR	17	55	5095	1344.10598754883	1	2	3	21
TG	META	EUR	17	66	388	47.1045141220093	0	0	1	28
TG	META	EUR	17	73	3868	50126.0424394608	5	8	10	28
TG	META	EUR	17	74	4517	5066.07276725769	3	4	5	14
TG	META	EUR	17	75	3529	1503.53684568405	0	1	2	17
TG	META	EUR	17	76	1892	514.857787370682	0	0	2	45
TG	META	EUR	17	79	1691	165.431187152863	0	0	1	6
TG	META	EUR	17	80	2129	476.487960338593	0	1	1	4
TG	META	EUR	17	87	1445	620.428393363953	0	2	1	4
TG	META	EUR	17	90	3692	3038.99726772308	0	0	2	69
TG	META	EUR	17	94	2198	717.509105682373	0	0	1	28
TG	META	EUR	17	97	3142	1166.02171444893	1	2	2	9
TG	META	EUR	17	98	1676	268.543557167053	0	0	0	0
TG	META	EUR	17	99	378	12.4958484172821	0	0	0	0
TG	META	EUR	17	100	1790	388.617825031281	1	1	2	12
TG	META	EUR	17	101	1370	469.609218120575	1	1	1	1
TG	META	EUR	17	102	967	248.1903860569	1	1	1	1
TG	META	EUR	17	103	1225	116.768970489502	0	1	2	9
TG	META	EUR	17	105	2108	66.6291074752808	0	0	1	15
TG	META	EUR	17	108	411	37.9475917816162	0	0	1	16
TG	META	EUR	17	117	2232	215.265920162201	0	0	1	41
TG	META	EUR	17	118	2099	2368.02972269058	0	0	3	41
TG	META	EUR	17	123	2260	332.756016492844	0	1	1	7
TG	META	EUR	17	125	3100	788.728224277496	0	0	2	13
TG	META	EUR	17	133	1800	232.410335540771	0	0	1	14
TG	META	EUR	18	1	1216	585.163739681244	0	0	2	18
TG	META	EUR	18	6	759	95.2624554634094	0	0	0	0
TG	META	EUR	18	7	1978	305.004535913467	1	1	1	1
TG	META	EUR	18	22	722	91.5435621738434	0	0	0	0
TG	META	EUR	18	23	789	122.139647483826	0	0	0	0
TG	META	EUR	18	28	2035	387.263335943222	0	0	0	0
TG	META	EUR	18	39	4130	324.593256235123	0	0	0	0
TG	META	EUR	18	41	4507	5584.70223164558	0	0	3	32
TG	META	EUR	18	42	2994	327.388204336166	1	1	2	11
TG	META	EUR	18	52	2203	197.878227233887	0	0	0	0
TG	META	EUR	18	60	3619	574.301191806793	0	0	1	48
TG	META	EUR	18	61	3308	219.576198577881	0	0	1	8
TG	META	EUR	18	65	3148	611.920533418655	0	0	0	0
TG	META	EUR	18	69	5081	707.679876565933	0	1	1	8
TG	META	EUR	18	74	4920	331.290050029755	0	0	0	0
TG	META	EUR	18	77	704	24.8059804439545	0	0	1	5
TG	META	EUR	18	79	1043	7.16592884063721	0	1	1	2
TG	META	EUR	18	80	1987	53.913467168808	0	1	0	0
TG	META	EUR	18	82	4096	2137.57908558846	0	0	2	21
TG	META	EUR	18	85	3540	109.985722064972	0	0	0	0
TG	META	EUR	18	86	118	23.9233977794647	1	1	1	1
TG	META	EUR	18	87	208	4.41335344314575	0	0	1	5
TG	META	EUR	18	120	786	34.9523298740387	0	0	1	6
TG	META	EUR	19	1	365	7.12972283363342	0	0	1	6
TG	META	EUR	19	4	526	37.8461260795593	0	0	0	0
TG	META	EUR	19	5	275	16.5201106071472	0	0	1	7
TG	META	EUR	19	6	1489	50.5490534305573	0	1	1	5
TG	META	EUR	19	10	1023	47.6012485027313	0	1	0	0
TG	META	EUR	19	15	721	52.8543322086334	0	0	1	13
TG	META	EUR	19	16	827	108.682168006897	0	0	0	0
TG	META	EUR	19	19	654	1410.50365591049	1	4	5	20
TG	META	EUR	19	20	1023	360.258846521378	0	1	1	20
TG	META	EUR	19	21	592	10.9442994594574	0	0	1	7
TG	META	EUR	19	22	2375	2716.24608230591	0	0	1	3
TG	META	EUR	19	29	1346	512.418123245239	1	3	3	7
TG	META	EUR	19	30	1210	13.1878969669342	0	1	1	2
TG	META	EUR	19	32	1771	2474.04749393463	3	6	5	7
TG	META	EUR	19	33	798	457.533174514771	3	4	3	3
TG	META	EUR	19	34	788	425.533893585205	2	3	4	12
TG	META	EUR	19	35	1813	270.104945421219	0	1	1	12
TG	META	EUR	19	37	2513	555.892020940781	0	1	1	5
TG	META	EUR	19	38	594	239.344328641891	1	1	3	16
TG	META	EUR	19	39	3423	375.431644439697	0	0	0	0
TG	META	EUR	19	45	746	65.8282544612885	0	0	1	17
TG	META	EUR	19	51	1298	320.221487283707	0	0	2	42
TG	META	EUR	19	52	1595	1080.90534853935	1	4	3	5
TG	META	EUR	19	53	2969	7030.43432712555	5	8	7	11
TG	META	EUR	19	54	4150	1331.49577665329	1	2	1	1
TG	META	EUR	19	62	2983	354.907251119614	0	0	1	33
TG	META	EUR	19	63	1401	1391.42984461784	2	3	3	13
TG	META	EUR	19	64	3838	672.195799350739	0	2	2	12
TG	META	EUR	19	65	1375	387.567632675171	0	1	1	3
TG	META	EUR	19	67	5766	1332.92980289459	0	0	0	0
TG	META	EUR	19	69	2410	161.40993976593	0	0	0	0
TG	META	EUR	19	70	1811	142.239700555801	0	0	0	0
TG	META	EUR	19	71	318	26.2544512748718	0	2	2	8
TG	META	EUR	19	72	2670	1389.97148799896	1	1	1	1
TG	META	EUR	19	74	2796	11301.4281482697	6	9	8	11
TG	META	EUR	19	75	741	3123.93087410927	5	10	10	18
TG	META	EUR	19	76	2796	19766.4689555168	7	10	9	12
TG	META	EUR	19	77	4929	2277.31503939629	0	1	3	25
TG	META	EUR	19	79	1514	58.6129999160767	0	1	0	0
TG	META	EUR	19	80	862	234.925006389618	1	1	2	7
TG	META	EUR	19	81	1997	1228.40838289261	1	2	2	3
TG	META	EUR	19	90	2377	461.539669513702	0	0	0	0
TG	META	EUR	19	93	861	37.0633156299591	0	0	1	5
TG	META	EUR	19	98	1051	173.185319423676	0	0	2	15
TG	META	EUR	19	104	1432	350.855275630951	0	1	2	11
TG	META	EUR	19	106	654	95.6128025054932	0	0	0	0
TG	META	EUR	19	109	344	13.1629865169525	0	1	1	4
TG	META	EUR	19	110	2769	237.297862052917	0	0	0	0
TG	META	EUR	20	2	1183	326.240795373917	1	2	2	6
TG	META	EUR	20	7	1711	55.910019159317	0	0	1	8
TG	META	EUR	20	18	1274	176.654910564423	0	1	2	11
TG	META	EUR	20	19	353	2.66260004043579	0	0	1	3
TG	META	EUR	20	23	379	31.0536561012268	0	0	0	0
TG	META	EUR	20	34	1984	188.44114112854	0	1	1	4
TG	META	EUR	20	40	1502	37.4048278331757	0	0	1	5
TG	META	EUR	20	47	2192	199.703803539276	0	1	0	0
TG	META	EUR	20	48	3821	291.733548879623	0	1	0	0
TG	META	EUR	20	59	3814	7023.26515769958	0	1	3	34
TG	META	EUR	20	60	2344	749.67728304863	0	0	0	0
TG	META	EUR	20	62	2108	121.475941896439	0	0	1	14
TG	META	EUR	20	63	4668	1060.75747895241	0	0	0	0
TG	META	EUR	20	64	1406	2000.73124480247	1	1	4	88
TG	META	EUR	20	65	2586	460.258346319199	0	0	1	19
TG	META	EUR	20	68	1074	184.0913002491	0	0	1	20
TG	META	EUR	20	69	2048	172.750090122223	0	1	1	4
TG	META	EUR	20	70	1479	170.63291478157	1	1	2	12
TG	META	EUR	20	71	2310	7087.75061893463	3	3	5	31
TG	META	EUR	20	73	1983	374.253884792328	0	1	2	12
TG	META	EUR	20	84	2485	726.824604988098	1	1	2	23
TG	META	EUR	20	86	1783	118.486760139465	0	1	0	0
TG	META	EUR	20	87	1098	109.859650373459	0	1	1	4
TG	META	EUR	20	91	1749	304.547925949097	0	0	0	0
TG	META	EUR	20	93	3569	2278.60737895966	3	5	4	5
TG	META	EUR	20	99	2033	134.384680986404	0	2	1	3
TG	META	EUR	20	115	908	197.97030377388	0	0	2	16
TG	META	EUR	21	2	479	41.9597551822662	0	1	0	0
TG	META	EUR	21	4	359	20.9435594081879	0	1	1	12
TG	META	EUR	21	5	1135	46.3813586235046	0	0	1	24
TG	META	EUR	21	48	3334	263.769977092743	0	0	1	44
TG	META	EUR	21	53	1511	105.595714569092	0	1	1	6
TG	META	EUR	21	63	1418	233.680801391602	0	0	1	25
TG	META	EUR	21	64	2445	236.18744468689	0	0	0	0
TG	META	EUR	21	65	473	20.1281526088715	0	0	0	0
TG	META	EUR	22	1	1477	387.474278450012	1	1	1	1
TG	META	EUR	22	7	509	24.3129367828369	0	1	0	0
TG	META	EUR	22	13	1002	71.3686046600342	0	0	1	24
TG	META	EUR	22	19	1042	103.003708839417	0	0	1	16
TG	META	EUR	22	29	2419	2107.7029466629	0	1	3	47
TG	META	EUR	22	30	7744	1727.8103826046	0	0	1	11
TG	META	EUR	22	37	1956	494.163615942001	1	1	1	1
TG	META	EUR	22	40	1029	30.8349089622498	0	1	1	5
TG	META	EUR	22	43	1862	540.312360048294	1	1	1	1
TG	META	EUR	22	44	1255	260.244951963425	0	0	1	23
TG	META	EUR	22	45	1910	272.404393434525	0	0	0	0
TG	META	EUR	22	46	4585	1066.70044994354	0	0	1	11
TG	META	EUR	22	49	580	6.17718720436096	0	0	1	3
TG	META	EUR	22	54	1476	131.667953491211	0	0	0	0
TG	META	EUR	22	56	249	25.731153011322	0	1	0	0
TG	META	EUR	22	57	978	510.805861234665	0	1	2	61
TG	META	EUR	22	64	978	34.5466523170471	0	0	1	8
TG	META	EUR	22	69	1567	223.731342077255	0	1	1	5
TG	META	EUR	22	70	2717	381.081099271774	0	1	1	7
