pheno	db	pid	chromosome	block	num_variants	L	time	num_variants_0.95	num_variants_0.5	num_CS95	num_variants_CS95
HDL	UKBB	AFR	1	1	1401	5	1.55038118362427	0	0	0	0
HDL	UKBB	AFR	1	2	1463	5	1.51132345199585	0	0	0	0
HDL	UKBB	AFR	1	3	827	5	0.81872820854187	0	0	0	0
HDL	UKBB	AFR	1	5	3605	5	4.55580043792725	0	0	0	0
HDL	UKBB	AFR	1	15	5267	5	10.5997874736786	0	0	0	0
HDL	UKBB	AFR	1	17	6661	5	17.3942859172821	0	0	0	0
HDL	UKBB	AFR	1	18	2519	5	2.8217496871948198	0	0	0	0
HDL	UKBB	AFR	1	19	5432	5	11.1958801746368	0	0	0	0
HDL	UKBB	AFR	1	21	3702	5	5.11128258705139	0	0	0	0
HDL	UKBB	AFR	1	23	1888	5	1.77869415283203	0	0	0	0
HDL	UKBB	AFR	1	24	1883	5	1.64528203010559	0	0	0	0
HDL	UKBB	AFR	1	35	6594	5	16.7653923034668	0	0	0	0
HDL	UKBB	AFR	1	40	2211	5	2.15009093284607	0	0	0	0
HDL	UKBB	AFR	1	43	1399	5	1.38233709335327	0	0	0	0
HDL	UKBB	AFR	1	44	1277	5	1.3740348815918	0	0	0	0
HDL	UKBB	AFR	1	46	4373	5	7.15586924552917	0	0	0	0
HDL	UKBB	AFR	1	48	2597	5	2.94233894348145	0	0	0	0
HDL	UKBB	AFR	1	49	2499	5	2.66129612922668	0	0	0	0
HDL	UKBB	AFR	1	50	3596	5	4.7569305896759	0	0	0	0
HDL	UKBB	AFR	1	51	2354	5	2.8256528377533	0	0	0	0
HDL	UKBB	AFR	1	52	6665	5	17.6162452697754	0	0	0	0
HDL	UKBB	AFR	1	53	5740	5	12.4253447055817	0	0	0	0
HDL	UKBB	AFR	1	57	3923	5	5.34750556945801	0	0	0	0
HDL	UKBB	AFR	1	63	5261	5	10.8246748447418	0	0	0	0
HDL	UKBB	AFR	1	70	4570	5	8.82703137397766	0	0	0	0
HDL	UKBB	AFR	1	71	4715	5	8.60418653488159	0	0	0	0
HDL	UKBB	AFR	1	73	6447	5	20.5441839694977	0	0	0	0
HDL	UKBB	AFR	1	74	6189	5	14.4929585456848	0	0	0	0
HDL	UKBB	AFR	1	75	7792	5	23.1268277168274	0	0	0	0
HDL	UKBB	AFR	1	76	4017	5	5.92353129386902	0	0	0	0
HDL	UKBB	AFR	1	80	2382	5	2.83750486373901	0	0	0	0
HDL	UKBB	AFR	1	85	2008	5	2.54063653945923	0	0	0	0
HDL	UKBB	AFR	1	87	2528	5	2.55949521064758	0	0	0	0
HDL	UKBB	AFR	1	90	517	5	0.817930698394775	0	0	0	0
HDL	UKBB	AFR	1	92	4539	5	8.65309643745422	0	0	0	0
HDL	UKBB	AFR	1	94	1062	5	0.891796350479126	0	0	0	0
HDL	UKBB	AFR	1	96	4165	5	6.81741213798523	0	0	0	0
HDL	UKBB	AFR	1	97	5170	5	10.2668299674988	0	0	0	0
HDL	UKBB	AFR	1	98	4661	5	8.11522316932678	0	0	0	0
HDL	UKBB	AFR	1	100	4166	5	8.2003231048584	0	0	0	0
HDL	UKBB	AFR	1	102	3984	5	7.12080502510071	0	0	0	0
HDL	UKBB	AFR	1	105	11654	5	68.9674437046051	0	0	0	0
HDL	UKBB	AFR	1	110	2039	5	2.05980062484741	0	0	0	0
HDL	UKBB	AFR	1	113	3295	5	5.79159450531006	0	0	0	0
HDL	UKBB	AFR	1	117	2520	5	2.94195795059204	0	0	0	0
HDL	UKBB	AFR	1	122	8187	5	36.0105516910553	0	0	0	0
HDL	UKBB	AFR	1	124	6941	5	19.2309060096741	0	0	0	0
HDL	UKBB	AFR	1	125	8753	5	39.7500071525574	0	0	0	0
HDL	UKBB	AFR	1	128	7018	5	19.0268471240997	0	0	0	0
HDL	UKBB	AFR	1	129	2240	5	1.94486856460571	0	0	0	0
HDL	UKBB	AFR	1	132	4627	5	9.28433728218079	0	0	0	0
HDL	UKBB	AFR	1	136	5109	5	12.0543630123138	0	0	0	0
HDL	UKBB	AFR	1	138	6730	5	16.6749081611633	0	0	0	0
HDL	UKBB	AFR	1	139	1528	5	1.54942393302917	0	0	0	0
HDL	UKBB	AFR	1	143	4059	5	6.06355261802673	0	0	0	0
HDL	UKBB	AFR	1	153	5251	5	12.4015207290649	0	0	0	0
HDL	UKBB	AFR	1	154	8796	5	39.2456231117249	0	0	0	0
HDL	UKBB	AFR	1	156	4659	5	9.18614888191223	0	0	0	0
HDL	UKBB	AFR	1	158	5382	5	12.9889788627625	0	0	0	0
HDL	UKBB	AFR	1	159	1169	5	1.02347493171692	0	1	1	3
HDL	UKBB	AFR	1	160	4017	5	6.64854192733765	0	0	0	0
HDL	UKBB	AFR	1	168	5355	5	12.0749740600586	0	0	0	0
HDL	UKBB	AFR	1	173	3876	5	5.53848052024841	0	0	0	0
HDL	UKBB	AFR	1	181	7175	5	19.859956741333	0	0	0	0
HDL	UKBB	AFR	1	182	7710	5	24.779953956604	0	0	0	0
HDL	UKBB	AFR	1	183	7261	5	24.0917310714722	0	0	0	0
HDL	UKBB	AFR	1	187	4726	5	10.2081887722015	0	0	0	0
HDL	UKBB	AFR	1	189	3758	5	6.11491370201111	0	0	0	0
HDL	UKBB	AFR	1	191	5232	5	12.4810838699341	0	0	0	0
HDL	UKBB	AFR	1	192	5272	5	13.5548589229584	0	0	0	0
HDL	UKBB	AFR	1	193	6096	5	15.0170650482178	0	0	0	0
HDL	UKBB	AFR	1	201	6303	5	18.5802557468414	0	0	0	0
HDL	UKBB	AFR	1	202	5235	5	9.66628313064575	0	0	0	0
HDL	UKBB	AFR	1	203	4459	5	7.89290547370911	0	0	0	0
HDL	UKBB	AFR	1	204	4317	5	6.99700117111206	0	0	0	0
HDL	UKBB	AFR	1	207	3140	5	4.81253099441528	0	0	0	0
HDL	UKBB	AFR	1	208	3772	5	5.58831405639648	0	0	0	0
HDL	UKBB	AFR	1	209	1297	5	1.43502378463745	0	0	0	0
HDL	UKBB	AFR	1	211	2811	5	3.47532320022583	0	0	0	0
HDL	UKBB	AFR	1	213	2831	5	3.46516895294189	0	0	0	0
HDL	UKBB	AFR	1	214	2519	5	2.35536026954651	0	0	0	0
HDL	UKBB	AFR	1	215	1305	5	2.33778929710388	0	0	0	0
HDL	UKBB	AFR	1	216	5721	5	12.545120716095	0	0	0	0
HDL	UKBB	AFR	1	218	1028	5	1.51482248306274	0	0	0	0
HDL	UKBB	AFR	1	221	4891	5	11.3089606761932	0	0	0	0
HDL	UKBB	AFR	1	224	3377	5	3.9911060333252	0	0	0	0
HDL	UKBB	AFR	1	228	2827	5	3.56547021865845	0	0	0	0
HDL	UKBB	AFR	1	233	6622	5	17.4773986339569	0	0	0	0
HDL	UKBB	AFR	1	234	7584	5	24.7790036201477	0	0	0	0
HDL	UKBB	AFR	1	235	5297	5	10.4535188674927	0	0	0	0
HDL	UKBB	AFR	1	238	9961	5	55.4088578224182	0	0	0	0
HDL	UKBB	AFR	1	239	2353	5	2.46360301971436	0	0	0	0
HDL	UKBB	AFR	1	240	10273	5	57.5595109462738	0	0	0	0
HDL	UKBB	AFR	1	242	2480	5	3.01906418800354	0	0	0	0
HDL	UKBB	AFR	1	243	2815	5	2.90727400779724	0	0	0	0
HDL	UKBB	AFR	1	244	6077	5	14.3979966640472	0	0	0	0
HDL	UKBB	AFR	1	252	2334	5	3.42465806007385	0	0	0	0
HDL	UKBB	AFR	1	253	830	5	1.11396837234497	0	0	0	0
HDL	UKBB	AFR	1	254	4018	5	5.74248504638672	0	0	0	0
HDL	UKBB	AFR	1	255	2540	5	6.72492074966431	0	0	0	0
HDL	UKBB	AFR	1	257	2617	5	2.78967761993408	0	0	0	0
HDL	UKBB	AFR	1	264	2815	5	3.11513376235962	0	0	0	0
HDL	UKBB	AFR	1	275	1006	5	1.04569220542908	0	0	0	0
HDL	UKBB	AFR	2	1	1424	5	1.08832621574402	0	0	0	0
HDL	UKBB	AFR	2	2	9065	5	41.3086533546448	0	0	0	0
HDL	UKBB	AFR	2	3	3280	5	4.66912603378296	0	0	0	0
HDL	UKBB	AFR	2	4	2656	5	2.99787545204163	0	0	0	0
HDL	UKBB	AFR	2	6	2729	5	3.20776724815369	0	0	0	0
HDL	UKBB	AFR	2	13	6214	5	17.2417640686035	0	0	0	0
HDL	UKBB	AFR	2	28	1234	5	1.0385880470275901	0	0	0	0
HDL	UKBB	AFR	2	40	7181	5	24.030036687851	0	0	0	0
HDL	UKBB	AFR	2	41	3284	5	6.1383957862854	0	0	0	0
HDL	UKBB	AFR	2	44	3354	5	5.42206192016602	0	1	0	0
HDL	UKBB	AFR	2	45	5997	5	15.8299181461334	0	0	0	0
HDL	UKBB	AFR	2	46	2649	5	3.1421000957489	0	0	0	0
HDL	UKBB	AFR	2	47	7547	5	25.4853615760803	0	0	0	0
HDL	UKBB	AFR	2	48	4607	5	10.2792494297028	0	0	0	0
HDL	UKBB	AFR	2	49	7319	5	26.0852243900299	0	0	0	0
HDL	UKBB	AFR	2	50	4208	5	7.28955006599426	0	0	0	0
HDL	UKBB	AFR	2	51	4786	5	12.0959837436676	0	0	0	0
HDL	UKBB	AFR	2	53	3137	5	3.63897800445557	0	0	0	0
HDL	UKBB	AFR	2	55	11051	5	61.9619956016541	0	0	0	0
HDL	UKBB	AFR	2	60	4307	5	7.2605414390564	0	0	0	0
HDL	UKBB	AFR	2	62	2508	5	3.23170065879822	0	0	0	0
HDL	UKBB	AFR	2	63	4478	5	10.741845369339	0	0	0	0
HDL	UKBB	AFR	2	66	10542	5	57.8408813476562	0	0	0	0
HDL	UKBB	AFR	2	67	9577	5	44.1083586215973	0	0	0	0
HDL	UKBB	AFR	2	68	1655	5	1.58987593650818	0	0	0	0
HDL	UKBB	AFR	2	69	5641	5	11.8882262706757	0	0	0	0
HDL	UKBB	AFR	2	79	6471	5	16.8694236278534	0	0	0	0
HDL	UKBB	AFR	2	80	10936	5	61.1499044895172	0	1	0	0
HDL	UKBB	AFR	2	84	14552	5	114.954433441162	0	0	0	0
HDL	UKBB	AFR	2	85	13936	5	99.9405860900879	0	0	0	0
HDL	UKBB	AFR	2	86	5711	5	16.5389714241028	0	0	0	0
HDL	UKBB	AFR	2	87	2034	5	5.50148010253906	0	0	0	0
HDL	UKBB	AFR	2	88	16811	5	200.58467912674	0	0	0	0
HDL	UKBB	AFR	2	89	4311	5	7.47080659866333	0	0	0	0
HDL	UKBB	AFR	2	90	3602	5	4.95313739776611	0	0	0	0
HDL	UKBB	AFR	2	97	6439	5	18.3049581050873	0	0	0	0
HDL	UKBB	AFR	2	99	3759	5	7.28338289260864	0	0	0	0
HDL	UKBB	AFR	2	100	5063	5	10.1547574996948	0	0	0	0
HDL	UKBB	AFR	2	115	8552	5	38.570520401001	0	0	0	0
HDL	UKBB	AFR	2	117	4548	5	10.4007771015167	0	0	0	0
HDL	UKBB	AFR	2	122	3364	5	6.93381786346436	0	0	0	0
HDL	UKBB	AFR	2	124	6376	5	16.6225395202637	0	0	0	0
HDL	UKBB	AFR	2	125	5236	5	13.336145401001	0	0	0	0
HDL	UKBB	AFR	2	128	9003	5	39.5211651325226	0	0	0	0
HDL	UKBB	AFR	2	130	988	5	0.797526359558105	0	0	0	0
HDL	UKBB	AFR	2	131	270	5	0.576683521270752	0	0	0	0
HDL	UKBB	AFR	2	132	996	5	0.845199823379517	0	0	0	0
HDL	UKBB	AFR	2	138	7593	5	25.1843390464783	0	0	0	0
HDL	UKBB	AFR	2	146	7454	5	21.174031496048	0	0	0	0
HDL	UKBB	AFR	2	147	12131	5	73.6397380828857	0	0	0	0
HDL	UKBB	AFR	2	151	4912	5	10.5050330162048	0	0	0	0
HDL	UKBB	AFR	2	153	7084	5	20.2737100124359	0	0	0	0
HDL	UKBB	AFR	2	154	3472	5	4.79925513267517	0	0	0	0
HDL	UKBB	AFR	2	159	10318	5	53.1533169746399	0	0	0	0
HDL	UKBB	AFR	2	163	351	5	0.604304790496826	0	0	0	0
HDL	UKBB	AFR	2	164	1476	5	1.15094923973083	0	0	0	0
HDL	UKBB	AFR	2	166	11661	5	69.9569044113159	0	0	0	0
HDL	UKBB	AFR	2	168	5161	5	13.836532831192	0	0	0	0
HDL	UKBB	AFR	2	171	7566	5	23.9885857105255	0	0	0	0
HDL	UKBB	AFR	2	175	218	5	0.780096292495728	0	0	0	0
HDL	UKBB	AFR	2	176	7131	5	21.8638694286346	0	0	0	0
HDL	UKBB	AFR	2	177	5757	5	12.9672014713287	0	0	0	0
HDL	UKBB	AFR	2	180	4669	5	9.29269242286682	0	0	0	0
HDL	UKBB	AFR	2	181	7140	5	19.0446035861969	0	0	0	0
HDL	UKBB	AFR	2	183	3080	5	4.04877614974976	0	0	0	0
HDL	UKBB	AFR	2	184	9686	5	46.6699759960175	0	0	0	0
HDL	UKBB	AFR	2	185	2447	5	2.84523129463196	0	0	0	0
HDL	UKBB	AFR	2	186	7050	5	25.6528301239014	0	0	0	0
HDL	UKBB	AFR	2	191	1885	5	2.19595837593079	0	0	0	0
HDL	UKBB	AFR	2	195	13282	5	94.3385255336761	0	0	0	0
HDL	UKBB	AFR	2	197	6266	5	17.4649906158447	0	0	0	0
HDL	UKBB	AFR	2	199	7599	5	26.1199815273285	0	1	1	2
HDL	UKBB	AFR	2	202	1028	5	1.51406121253967	0	0	0	0
HDL	UKBB	AFR	2	205	3621	5	5.25553250312805	0	0	0	0
HDL	UKBB	AFR	2	208	11186	5	66.4463522434235	0	0	0	0
HDL	UKBB	AFR	2	209	1710	5	1.2762923240661599	0	0	0	0
HDL	UKBB	AFR	2	210	3898	5	6.95694208145142	0	0	0	0
HDL	UKBB	AFR	2	213	12763	5	78.7956984043121	0	0	0	0
HDL	UKBB	AFR	2	215	4147	5	6.91486120223999	0	0	0	0
HDL	UKBB	AFR	2	217	3457	5	5.18190932273865	0	0	0	0
HDL	UKBB	AFR	2	218	2665	5	3.15007019042969	0	0	0	0
HDL	UKBB	AFR	2	221	4223	5	6.95088052749634	0	0	0	0
HDL	UKBB	AFR	2	227	2924	5	6.08028197288513	0	0	0	0
HDL	UKBB	AFR	2	228	3905	5	6.3818519115448	0	0	0	0
HDL	UKBB	AFR	2	230	3605	5	5.39115238189697	0	0	0	0
HDL	UKBB	AFR	2	232	2732	5	3.14312601089478	0	0	0	0
HDL	UKBB	AFR	2	233	1312	5	1.30123472213745	0	0	0	0
HDL	UKBB	AFR	2	234	4848	5	10.3701691627502	0	0	0	0
HDL	UKBB	AFR	2	235	2190	5	5.02812600135803	0	0	0	0
HDL	UKBB	AFR	2	237	4951	5	12.185097694397	0	0	0	0
HDL	UKBB	AFR	2	240	4386	5	8.24565029144287	0	0	0	0
HDL	UKBB	AFR	2	247	1988	5	2.47227215766907	0	0	0	0
HDL	UKBB	AFR	2	250	9198	5	37.7216851711273	0	0	0	0
HDL	UKBB	AFR	2	251	3136	5	6.17774534225464	0	0	0	0
HDL	UKBB	AFR	2	256	5440	5	13.104362487793	0	0	0	0
HDL	UKBB	AFR	3	8	1388	5	1.18004274368286	0	0	0	0
HDL	UKBB	AFR	3	9	1482	5	1.71284317970276	0	0	0	0
HDL	UKBB	AFR	3	20	5701	5	15.7662329673767	0	0	0	0
HDL	UKBB	AFR	3	23	3926	5	6.19043207168579	0	0	0	0
HDL	UKBB	AFR	3	24	6144	5	19.0605788230896	0	0	0	0
HDL	UKBB	AFR	3	25	725	5	0.694448947906494	0	0	0	0
HDL	UKBB	AFR	3	28	391	5	0.65056300163269	0	0	0	0
HDL	UKBB	AFR	3	30	5958	5	17.2544589042664	0	0	0	0
HDL	UKBB	AFR	3	32	7176	5	18.3711388111115	0	0	0	0
HDL	UKBB	AFR	3	34	2390	5	2.24472832679749	0	1	0	0
HDL	UKBB	AFR	3	35	6142	5	16.4155669212341	0	0	0	0
HDL	UKBB	AFR	3	39	8079	5	24.6620254516602	0	0	0	0
HDL	UKBB	AFR	3	40	3961	5	6.33518052101135	0	0	0	0
HDL	UKBB	AFR	3	41	7652	5	22.3947076797485	0	0	0	0
HDL	UKBB	AFR	3	42	6385	5	14.7235186100006	0	0	0	0
HDL	UKBB	AFR	3	55	3267	5	3.65800333023071	0	0	0	0
HDL	UKBB	AFR	3	59	6464	5	17.8257927894592	0	0	0	0
HDL	UKBB	AFR	3	60	10451	5	55.4855465888977	0	0	0	0
HDL	UKBB	AFR	3	64	257	5	0.57189416885376	0	1	0	0
HDL	UKBB	AFR	3	65	2636	5	2.74399733543396	0	0	0	0
HDL	UKBB	AFR	3	71	7644	5	23.2175390720367	0	0	0	0
HDL	UKBB	AFR	3	77	11304	5	66.0367472171783	0	0	0	0
HDL	UKBB	AFR	3	81	3751	5	6.14697599411011	0	0	0	0
HDL	UKBB	AFR	3	83	8409	5	30.4963057041168	0	0	0	0
HDL	UKBB	AFR	3	84	4048	5	7.18394470214844	0	0	0	0
HDL	UKBB	AFR	3	85	4112	5	5.99713277816772	0	0	0	0
HDL	UKBB	AFR	3	88	5121	5	11.4126162528992	0	0	0	0
HDL	UKBB	AFR	3	89	5810	5	12.8847303390503	0	0	0	0
HDL	UKBB	AFR	3	90	2967	5	3.89382934570312	0	0	0	0
HDL	UKBB	AFR	3	105	4479	5	9.08024525642395	0	0	0	0
HDL	UKBB	AFR	3	106	14562	5	101.759202480316	0	0	0	0
HDL	UKBB	AFR	3	108	5535	5	14.7254049777985	0	0	0	0
HDL	UKBB	AFR	3	109	11493	5	69.639630317688	0	0	0	0
HDL	UKBB	AFR	3	112	5583	5	13.5570635795593	0	0	0	0
HDL	UKBB	AFR	3	114	3940	5	7.56940197944641	0	0	0	0
HDL	UKBB	AFR	3	119	8800	5	37.7624502182007	0	0	0	0
HDL	UKBB	AFR	3	120	5430	5	13.8833289146423	0	0	0	0
HDL	UKBB	AFR	3	121	6475	5	17.4838280677795	0	0	0	0
HDL	UKBB	AFR	3	123	2278	5	2.60548782348633	0	0	0	0
HDL	UKBB	AFR	3	124	1216	5	1.02454686164856	0	0	0	0
HDL	UKBB	AFR	3	125	5805	5	13.498259305954	0	0	0	0
HDL	UKBB	AFR	3	127	7018	5	22.7250149250031	0	0	0	0
HDL	UKBB	AFR	3	128	2880	5	3.45220136642456	0	0	0	0
HDL	UKBB	AFR	3	129	3269	5	3.74437999725342	0	0	0	0
HDL	UKBB	AFR	3	132	9097	5	38.185090303421	0	0	0	0
HDL	UKBB	AFR	3	134	2508	5	3.8383686542511	0	0	0	0
HDL	UKBB	AFR	3	135	5633	5	11.2570006847382	0	0	0	0
HDL	UKBB	AFR	3	136	2878	5	3.42506885528564	0	0	0	0
HDL	UKBB	AFR	3	140	6862	5	21.572761297226	0	0	0	0
HDL	UKBB	AFR	3	144	1762	5	4.48655295372009	0	0	0	0
HDL	UKBB	AFR	3	145	6795	5	19.0533843040466	0	0	0	0
HDL	UKBB	AFR	3	146	2402	5	3.16178441047668	0	0	0	0
HDL	UKBB	AFR	3	155	5504	5	12.8914892673492	0	0	0	0
HDL	UKBB	AFR	3	158	6804	5	19.3364262580872	0	0	0	0
HDL	UKBB	AFR	3	159	5532	5	13.5908815860748	0	0	0	0
HDL	UKBB	AFR	3	161	8000	5	25.6569936275482	0	0	0	0
HDL	UKBB	AFR	3	162	9860	5	45.3620064258575	0	0	0	0
HDL	UKBB	AFR	3	165	6290	5	16.6797120571136	0	0	0	0
HDL	UKBB	AFR	3	170	3859	5	5.80901694297791	0	0	0	0
HDL	UKBB	AFR	3	171	4731	5	9.03482389450073	0	0	0	0
HDL	UKBB	AFR	3	174	1405	5	1.09068012237549	0	0	0	0
HDL	UKBB	AFR	3	175	1768	5	1.57918834686279	0	0	0	0
HDL	UKBB	AFR	3	179	3904	5	5.98312926292419	0	0	0	0
HDL	UKBB	AFR	3	183	2959	5	3.96318626403809	0	0	0	0
HDL	UKBB	AFR	3	184	3850	5	6.68156051635742	0	0	0	0
HDL	UKBB	AFR	3	186	7475	5	20.6914141178131	0	0	0	0
HDL	UKBB	AFR	3	191	4271	5	8.19262361526489	0	0	0	0
HDL	UKBB	AFR	3	193	6811	5	16.4729015827179	0	0	0	0
HDL	UKBB	AFR	3	195	11514	5	65.4213838577271	0	0	0	0
HDL	UKBB	AFR	3	212	2172	5	2.56827902793884	0	0	0	0
HDL	UKBB	AFR	3	214	7503	5	30.7311384677887	0	0	0	0
HDL	UKBB	AFR	3	216	3820	5	5.70230579376221	0	0	0	0
HDL	UKBB	AFR	4	1	18282	5	230.744081258774	0	0	0	0
HDL	UKBB	AFR	4	4	4430	5	6.88035988807678	0	0	0	0
HDL	UKBB	AFR	4	10	1192	5	1.0087418556213401	0	0	0	0
HDL	UKBB	AFR	4	21	9995	5	49.3058469295502	0	0	0	0
HDL	UKBB	AFR	4	32	7270	5	18.4625422954559	0	0	0	0
HDL	UKBB	AFR	4	33	6741	5	17.3766233921051	0	0	0	0
HDL	UKBB	AFR	4	37	3058	5	3.50973868370056	0	0	0	0
HDL	UKBB	AFR	4	39	3619	5	4.61645436286926	0	0	0	0
HDL	UKBB	AFR	4	42	901	5	1.00009369850159	0	0	0	0
HDL	UKBB	AFR	4	54	13657	5	99.8952777385712	0	0	0	0
HDL	UKBB	AFR	4	55	5466	5	16.4325230121613	0	0	0	0
HDL	UKBB	AFR	4	63	12737	5	85.9344911575317	0	1	0	0
HDL	UKBB	AFR	4	64	9047	5	38.6139962673187	0	0	0	0
HDL	UKBB	AFR	4	66	4859	5	8.82463240623474	0	0	0	0
HDL	UKBB	AFR	4	67	1127	5	1.05407786369324	0	0	0	0
HDL	UKBB	AFR	4	71	2389	5	3.36544156074524	0	0	0	0
HDL	UKBB	AFR	4	79	4812	5	8.44134283065796	0	0	0	0
HDL	UKBB	AFR	4	80	6835	5	19.6009795665741	0	0	0	0
HDL	UKBB	AFR	4	87	9244	5	44.6187789440155	0	0	0	0
HDL	UKBB	AFR	4	94	3576	5	4.5005304813385	0	0	0	0
HDL	UKBB	AFR	4	95	2345	5	2.5995500087738	0	0	0	0
HDL	UKBB	AFR	4	101	7637	5	21.9987840652466	0	0	0	0
HDL	UKBB	AFR	4	102	4186	5	6.92097592353821	0	0	0	0
HDL	UKBB	AFR	4	103	3159	5	4.42204189300537	0	0	0	0
HDL	UKBB	AFR	4	109	3027	5	3.34661960601807	0	0	0	0
HDL	UKBB	AFR	4	113	7130	5	23.9019532203674	0	0	0	0
HDL	UKBB	AFR	4	114	6548	5	17.7446324825287	0	0	0	0
HDL	UKBB	AFR	4	115	3029	5	4.24901819229126	0	0	0	0
HDL	UKBB	AFR	4	116	5711	5	12.7141635417938	0	0	0	0
HDL	UKBB	AFR	4	117	6458	5	18.4217252731323	0	0	0	0
HDL	UKBB	AFR	4	121	5333	5	14.5490343570709	0	0	0	0
HDL	UKBB	AFR	4	122	2063	5	2.34981226921082	0	0	0	0
HDL	UKBB	AFR	4	123	1555	5	3.8074369430542	0	0	1	2
HDL	UKBB	AFR	4	124	7835	5	25.4874060153961	0	0	0	0
HDL	UKBB	AFR	4	129	7638	5	25.2838089466095	0	0	0	0
HDL	UKBB	AFR	4	130	6820	5	20.2927052974701	0	0	0	0
HDL	UKBB	AFR	4	134	10410	5	56.6223921775818	0	0	0	0
HDL	UKBB	AFR	4	136	9263	5	40.0618629455566	0	0	0	0
HDL	UKBB	AFR	4	146	4300	5	7.67556357383728	0	0	0	0
HDL	UKBB	AFR	4	147	2550	5	2.80597376823425	0	0	0	0
HDL	UKBB	AFR	4	149	5576	5	12.2198624610901	0	0	0	0
HDL	UKBB	AFR	4	150	6780	5	17.0420925617218	0	0	0	0
HDL	UKBB	AFR	4	151	2986	5	5.08220720291138	0	0	0	0
HDL	UKBB	AFR	4	152	2695	5	3.26165819168091	0	0	0	0
HDL	UKBB	AFR	4	153	6404	5	14.6430788040161	0	0	0	0
HDL	UKBB	AFR	4	154	2738	5	3.27678298950195	0	0	0	0
HDL	UKBB	AFR	4	156	9179	5	43.9164354801178	0	0	0	0
HDL	UKBB	AFR	4	159	2550	5	4.55367684364319	0	0	0	0
HDL	UKBB	AFR	4	164	4566	5	8.21123480796814	0	0	0	0
HDL	UKBB	AFR	4	165	4552	5	7.84404516220093	0	0	0	0
HDL	UKBB	AFR	4	168	8487	5	34.4039692878723	0	0	0	0
HDL	UKBB	AFR	4	180	7461	5	27.7867131233215	0	0	0	0
HDL	UKBB	AFR	4	182	1159	5	1.44665765762329	0	0	0	0
HDL	UKBB	AFR	4	184	2994	5	3.2962429523468	0	0	0	0
HDL	UKBB	AFR	4	205	1744	5	1.40989184379578	0	0	0	0
HDL	UKBB	AFR	4	209	3296	5	3.79512882232666	0	0	0	0
HDL	UKBB	AFR	5	1	6287	5	15.8709285259247	0	0	0	0
HDL	UKBB	AFR	5	2	1789	5	1.49270629882812	0	0	0	0
HDL	UKBB	AFR	5	9	3454	5	4.06607127189636	0	0	0	0
HDL	UKBB	AFR	5	27	10688	5	58.2253720760345	0	0	0	0
HDL	UKBB	AFR	5	56	8453	5	36.4213283061981	0	0	0	0
HDL	UKBB	AFR	5	57	5627	5	15.3600916862488	0	1	0	0
HDL	UKBB	AFR	5	58	2341	5	3.25063276290894	0	0	0	0
HDL	UKBB	AFR	5	60	3263	5	4.95677089691162	0	0	0	0
HDL	UKBB	AFR	5	64	7036	5	23.93186211586	0	0	0	0
HDL	UKBB	AFR	5	66	5516	5	11.1488296985626	0	0	0	0
HDL	UKBB	AFR	5	68	1697	5	1.68171620368958	0	0	0	0
HDL	UKBB	AFR	5	69	2439	5	3.7362859249115	0	0	0	0
HDL	UKBB	AFR	5	70	2248	5	2.24006843566895	0	0	0	0
HDL	UKBB	AFR	5	71	7955	5	28.1629505157471	0	0	0	0
HDL	UKBB	AFR	5	72	9053	5	39.992879152298	0	0	0	0
HDL	UKBB	AFR	5	75	6318	5	17.2956306934357	0	0	0	0
HDL	UKBB	AFR	5	78	1914	5	1.6082329750061	0	0	0	0
HDL	UKBB	AFR	5	80	5151	5	12.3277351856232	0	0	0	0
HDL	UKBB	AFR	5	81	4512	5	7.72189259529114	0	0	0	0
HDL	UKBB	AFR	5	82	3140	5	3.44614624977112	0	0	0	0
HDL	UKBB	AFR	5	85	6633	5	16.666314125061	0	0	0	0
HDL	UKBB	AFR	5	88	2490	5	2.50212216377258	0	0	0	0
HDL	UKBB	AFR	5	92	4140	5	7.82488489151001	0	0	0	0
HDL	UKBB	AFR	5	93	2067	5	5.2304801940918	0	0	0	0
HDL	UKBB	AFR	5	96	6306	5	14.395382642746	0	0	0	0
HDL	UKBB	AFR	5	97	3985	5	6.52705693244934	0	0	0	0
HDL	UKBB	AFR	5	102	8156	5	30.6669862270355	0	0	0	0
HDL	UKBB	AFR	5	104	5209	5	10.3592119216919	0	0	0	0
HDL	UKBB	AFR	5	105	2532	5	2.7724494934082	0	0	0	0
HDL	UKBB	AFR	5	108	2759	5	3.34358859062195	0	0	0	0
HDL	UKBB	AFR	5	109	3382	5	3.74307465553284	0	0	0	0
HDL	UKBB	AFR	5	114	18542	5	235.052665233612	0	0	0	0
HDL	UKBB	AFR	5	116	7670	5	23.0080106258392	0	0	0	0
HDL	UKBB	AFR	5	117	4956	5	10.8239393234253	0	0	0	0
HDL	UKBB	AFR	5	119	6438	5	16.8720095157623	0	0	0	0
HDL	UKBB	AFR	5	120	6969	5	19.8196015357971	0	0	0	0
HDL	UKBB	AFR	5	127	11081	5	65.5158653259277	0	0	0	0
HDL	UKBB	AFR	5	130	7825	5	24.4789254665375	0	0	0	0
HDL	UKBB	AFR	5	132	3260	5	4.31170320510864	0	0	0	0
HDL	UKBB	AFR	5	133	3577	5	6.10179567337036	0	0	0	0
HDL	UKBB	AFR	5	134	4176	5	8.31261253356934	0	0	0	0
HDL	UKBB	AFR	5	136	7436	5	21.1331267356873	0	0	0	0
HDL	UKBB	AFR	5	142	5343	5	11.7337892055511	0	0	0	0
HDL	UKBB	AFR	5	144	5751	5	12.4096574783325	0	0	0	0
HDL	UKBB	AFR	5	145	9120	5	36.5241131782532	0	0	0	0
HDL	UKBB	AFR	5	146	7698	5	31.9874889850616	0	0	0	0
HDL	UKBB	AFR	5	147	3140	5	3.37668681144714	0	0	0	0
HDL	UKBB	AFR	5	151	1576	5	1.4789662361145	0	0	0	0
HDL	UKBB	AFR	5	152	9651	5	48.6358704566956	0	0	0	0
HDL	UKBB	AFR	5	154	4847	5	9.73137617111206	0	1	0	0
HDL	UKBB	AFR	5	156	4721	5	8.05445075035095	0	0	0	0
HDL	UKBB	AFR	5	158	4049	5	7.54667735099792	0	0	0	0
HDL	UKBB	AFR	5	160	4079	5	5.51126718521118	0	0	0	0
HDL	UKBB	AFR	5	163	3959	5	5.57809925079346	0	0	0	0
HDL	UKBB	AFR	5	167	5073	5	11.543488740921	0	0	0	0
HDL	UKBB	AFR	5	168	5812	5	12.430408000946	0	0	0	0
HDL	UKBB	AFR	5	181	1702	5	1.43767285346985	0	0	0	0
HDL	UKBB	AFR	5	189	2956	5	3.40168309211731	0	0	0	0
HDL	UKBB	AFR	5	191	8049	5	24.3601808547974	0	0	0	0
HDL	UKBB	AFR	5	193	1771	5	1.4562132358551	0	0	0	0
HDL	UKBB	AFR	5	194	2227	5	2.11870765686035	0	1	0	0
HDL	UKBB	AFR	5	202	3870	5	4.8271586894989	0	0	0	0
HDL	UKBB	AFR	5	207	4981	5	11.273077249527	0	0	0	0
HDL	UKBB	AFR	5	208	3054	5	3.9421489238739	0	0	0	0
HDL	UKBB	AFR	5	209	953	5	0.819782018661499	0	0	0	0
HDL	UKBB	AFR	5	210	672	5	0.677740097045898	0	0	0	0
HDL	UKBB	AFR	6	18	636	5	0.670377969741821	0	0	0	0
HDL	UKBB	AFR	6	19	4710	5	8.35801792144775	0	0	0	0
HDL	UKBB	AFR	6	21	3547	5	6.66199517250061	0	0	0	0
HDL	UKBB	AFR	6	23	3496	5	4.09620141983032	0	0	0	0
HDL	UKBB	AFR	6	29	5137	5	11.6463851928711	0	0	0	0
HDL	UKBB	AFR	6	34	5475	5	12.3102703094482	0	0	0	0
HDL	UKBB	AFR	6	36	1496	5	1.44543266296387	0	0	0	0
HDL	UKBB	AFR	6	37	2717	5	4.05528855323792	0	0	0	0
HDL	UKBB	AFR	6	38	1802	5	1.48911690711975	0	0	0	0
HDL	UKBB	AFR	6	39	8647	5	39.471134185791	0	0	0	0
HDL	UKBB	AFR	6	43	5476	5	13.1412651538849	0	0	0	0
HDL	UKBB	AFR	6	49	1136	5	1.54292917251587	0	0	0	0
HDL	UKBB	AFR	6	50	8705	5	35.220517873764	0	0	0	0
HDL	UKBB	AFR	6	51	11010	5	58.5613150596619	0	0	0	0
HDL	UKBB	AFR	6	52	3621	5	5.95419263839722	0	0	0	0
HDL	UKBB	AFR	6	53	3342	5	4.34055590629578	0	0	0	0
HDL	UKBB	AFR	6	55	3069	5	5.37272596359253	0	0	0	0
HDL	UKBB	AFR	6	57	3224	5	5.7363076210022	0	0	0	0
HDL	UKBB	AFR	6	58	5402	5	14.9143149852753	0	0	0	0
HDL	UKBB	AFR	6	60	3053	5	3.91330313682556	0	0	0	0
HDL	UKBB	AFR	6	63	5262	5	11.8227195739746	0	0	0	0
HDL	UKBB	AFR	6	64	592	5	0.782463073730469	0	1	0	0
HDL	UKBB	AFR	6	68	1301	5	1.11843681335449	0	0	0	0
HDL	UKBB	AFR	6	69	5086	5	10.5666208267212	0	0	0	0
HDL	UKBB	AFR	6	71	20928	5	304.114043235779	0	0	0	0
HDL	UKBB	AFR	6	73	821	5	1.12237048149109	0	0	0	0
HDL	UKBB	AFR	6	76	10396	5	59.4113802909851	0	0	0	0
HDL	UKBB	AFR	6	84	5138	5	13.2484302520752	0	0	0	0
HDL	UKBB	AFR	6	85	12657	5	76.973286151886	0	0	0	0
HDL	UKBB	AFR	6	86	12186	5	74.9898707866669	0	0	0	0
HDL	UKBB	AFR	6	88	16205	5	183.12087392807	0	0	0	0
HDL	UKBB	AFR	6	90	1146	5	1.5469605922699	0	0	0	0
HDL	UKBB	AFR	6	94	7949	5	21.1607928276062	0	0	0	0
HDL	UKBB	AFR	6	97	5071	5	11.0910451412201	0	0	0	0
HDL	UKBB	AFR	6	98	6491	5	16.7024953365326	0	0	0	0
HDL	UKBB	AFR	6	101	5473	5	11.7876207828522	0	0	0	0
HDL	UKBB	AFR	6	105	5125	5	9.94820070266724	0	0	0	0
HDL	UKBB	AFR	6	106	4279	5	8.60858273506165	0	0	0	0
HDL	UKBB	AFR	6	108	1681	5	1.83466124534607	0	0	0	0
HDL	UKBB	AFR	6	109	4888	5	10.4513952732086	0	0	0	0
HDL	UKBB	AFR	6	115	12317	5	70.3354549407959	0	0	0	0
HDL	UKBB	AFR	6	116	7206	5	18.4075589179993	0	0	0	0
HDL	UKBB	AFR	6	117	10440	5	59.4113569259644	0	0	0	0
HDL	UKBB	AFR	6	118	4360	5	7.88546943664551	0	0	0	0
HDL	UKBB	AFR	6	124	8247	5	38.6005024909973	0	0	0	0
HDL	UKBB	AFR	6	127	4155	5	10.1981542110443	0	0	0	0
HDL	UKBB	AFR	6	128	5900	5	16.4107158184052	0	0	0	0
HDL	UKBB	AFR	6	134	4107	5	6.87115049362183	0	0	0	0
HDL	UKBB	AFR	6	137	2340	5	4.10485887527466	0	0	0	0
HDL	UKBB	AFR	6	140	3553	5	4.73638772964478	0	0	0	0
HDL	UKBB	AFR	6	146	2766	5	3.33776640892029	0	0	0	0
HDL	UKBB	AFR	6	160	5703	5	15.8706078529358	0	0	0	0
HDL	UKBB	AFR	6	161	5040	5	12.0440974235535	0	0	0	0
HDL	UKBB	AFR	6	164	2671	5	3.32424473762512	0	0	0	0
HDL	UKBB	AFR	6	167	5441	5	10.3636364936829	0	0	0	0
HDL	UKBB	AFR	6	168	6897	5	14.9482097625732	0	0	0	0
HDL	UKBB	AFR	6	169	11664	5	67.5553913116455	0	0	0	0
HDL	UKBB	AFR	6	173	5416	5	11.6475820541382	0	0	0	0
HDL	UKBB	AFR	6	175	2851	5	3.35530042648315	0	0	0	0
HDL	UKBB	AFR	6	179	3016	5	3.75527477264404	0	0	0	0
HDL	UKBB	AFR	6	182	4803	5	8.99514412879944	0	0	0	0
HDL	UKBB	AFR	6	183	3289	5	3.5848696231842	0	0	0	0
HDL	UKBB	AFR	7	1	1312	5	1.13535594940186	0	0	0	0
HDL	UKBB	AFR	7	3	4567	5	8.09025979042053	0	0	0	0
HDL	UKBB	AFR	7	12	8716	5	36.7312633991241	0	0	0	0
HDL	UKBB	AFR	7	13	3515	5	5.36347627639771	0	0	0	0
HDL	UKBB	AFR	7	21	1046	5	1.10323405265808	0	0	0	0
HDL	UKBB	AFR	7	25	7013	5	22.0009496212006	0	0	0	0
HDL	UKBB	AFR	7	26	6724	5	16.6493847370148	0	0	0	0
HDL	UKBB	AFR	7	31	5014	5	9.15964388847351	0	0	0	0
HDL	UKBB	AFR	7	32	5580	5	11.7559762001038	0	0	0	0
HDL	UKBB	AFR	7	33	7298	5	17.5812623500824	0	0	0	0
HDL	UKBB	AFR	7	37	5835	5	16.7162630558014	0	0	0	0
HDL	UKBB	AFR	7	39	3574	5	4.30813670158386	0	0	0	0
HDL	UKBB	AFR	7	40	8542	5	40.8685858249664	0	0	0	0
HDL	UKBB	AFR	7	42	5450	5	10.9416508674622	0	0	0	0
HDL	UKBB	AFR	7	43	7910	5	22.9030735492706	0	0	0	0
HDL	UKBB	AFR	7	44	1141	5	0.981389045715332	0	0	0	0
HDL	UKBB	AFR	7	45	2251	5	2.8867666721344	0	0	0	0
HDL	UKBB	AFR	7	46	931	5	0.785233736038208	0	0	0	0
HDL	UKBB	AFR	7	48	1167	5	0.993720293045044	0	0	0	0
HDL	UKBB	AFR	7	49	3925	5	4.88340020179749	0	0	0	0
HDL	UKBB	AFR	7	51	3845	5	5.9702136516571	0	0	0	0
HDL	UKBB	AFR	7	53	2637	5	2.61672353744507	0	0	0	0
HDL	UKBB	AFR	7	58	5485	5	13.1356852054596	0	0	0	0
HDL	UKBB	AFR	7	62	2799	5	3.08052945137024	0	0	0	0
HDL	UKBB	AFR	7	64	460	5	0.741245985031128	0	0	0	0
HDL	UKBB	AFR	7	67	14239	5	111.219398260117	0	1	0	0
HDL	UKBB	AFR	7	69	3381	5	4.12928175926208	0	0	0	0
HDL	UKBB	AFR	7	72	8958	5	44.1191155910492	0	0	0	0
HDL	UKBB	AFR	7	73	2032	5	2.11026167869568	0	0	0	0
HDL	UKBB	AFR	7	74	2499	5	3.96391677856445	0	0	0	0
HDL	UKBB	AFR	7	82	5543	5	12.2519111633301	0	0	0	0
HDL	UKBB	AFR	7	85	7216	5	20.7228417396545	0	0	0	0
HDL	UKBB	AFR	7	86	2025	5	1.7162401676178	0	0	0	0
HDL	UKBB	AFR	7	87	688	5	0.975787878036499	0	0	0	0
HDL	UKBB	AFR	7	88	8797	5	43.4382796287537	0	0	0	0
HDL	UKBB	AFR	7	89	4382	5	8.01097941398621	0	0	0	0
HDL	UKBB	AFR	7	90	1198	5	2.21346187591553	0	0	0	0
HDL	UKBB	AFR	7	92	5769	5	15.1233103275299	0	0	0	0
HDL	UKBB	AFR	7	93	2476	5	2.34919929504395	0	0	1	10
HDL	UKBB	AFR	7	94	3234	5	4.00688695907593	0	0	0	0
HDL	UKBB	AFR	7	95	3316	5	5.53202223777771	0	0	0	0
HDL	UKBB	AFR	7	99	8648	5	37.7243478298187	0	0	0	0
HDL	UKBB	AFR	7	101	7529	5	19.7009267807007	0	0	0	0
HDL	UKBB	AFR	7	107	10323	5	48.87672996521	0	0	0	0
HDL	UKBB	AFR	7	111	8182	5	38.6872975826263	0	0	0	0
HDL	UKBB	AFR	7	113	6970	5	17.5768835544586	0	0	0	0
HDL	UKBB	AFR	7	114	9545	5	45.0155982971191	0	0	0	0
HDL	UKBB	AFR	7	119	3680	5	4.80240750312805	0	0	0	0
HDL	UKBB	AFR	7	121	10701	5	59.2195870876312	0	0	0	0
HDL	UKBB	AFR	7	127	1726	5	1.38740730285645	0	0	0	0
HDL	UKBB	AFR	7	128	1914	5	1.41828560829163	0	0	0	0
HDL	UKBB	AFR	7	131	11402	5	65.530012845993	0	0	0	0
HDL	UKBB	AFR	7	132	12408	5	87.9348313808441	0	0	0	0
HDL	UKBB	AFR	7	133	11093	5	60.590213060379	0	0	0	0
HDL	UKBB	AFR	7	134	3194	5	6.24671530723572	0	0	0	0
HDL	UKBB	AFR	7	139	1607	5	1.45348024368286	0	0	0	0
HDL	UKBB	AFR	7	141	8220	5	32.9405221939087	0	0	0	0
HDL	UKBB	AFR	7	143	1772	5	1.46191549301147	0	0	0	0
HDL	UKBB	AFR	7	145	4059	5	6.51969981193542	0	0	0	0
HDL	UKBB	AFR	7	146	2017	5	1.57783889770508	0	0	0	0
HDL	UKBB	AFR	7	147	2669	5	5.15303874015808	0	0	0	0
HDL	UKBB	AFR	7	160	3872	5	6.00683164596558	0	0	0	0
HDL	UKBB	AFR	7	161	1300	5	1.13902378082275	0	0	0	0
HDL	UKBB	AFR	7	162	10933	5	56.6047563552856	0	0	0	0
HDL	UKBB	AFR	7	164	1332	5	1.68573141098022	0	0	0	0
HDL	UKBB	AFR	7	184	4848	5	10.5472981929779	0	0	0	0
HDL	UKBB	AFR	7	187	8705	5	36.9651775360107	0	0	0	0
HDL	UKBB	AFR	8	13	1819	5	1.96395635604858	0	0	0	0
HDL	UKBB	AFR	8	17	5543	5	13.3012392520905	0	0	0	0
HDL	UKBB	AFR	8	20	4572	5	8.7860541343689	0	0	0	0
HDL	UKBB	AFR	8	21	4672	5	11.8233337402344	0	0	0	0
HDL	UKBB	AFR	8	22	8102	5	26.535651922226	0	0	0	0
HDL	UKBB	AFR	8	23	4644	5	8.29993939399719	0	0	0	0
HDL	UKBB	AFR	8	24	10983	5	61.182736158371	0	0	0	0
HDL	UKBB	AFR	8	27	3524	5	5.63273334503174	0	0	0	0
HDL	UKBB	AFR	8	29	9775	5	49.7495849132538	0	0	0	0
HDL	UKBB	AFR	8	30	2122	5	2.41989779472351	0	0	0	0
HDL	UKBB	AFR	8	31	1229	5	0.965767860412598	0	0	0	0
HDL	UKBB	AFR	8	32	6677	5	20.6857078075409	0	0	0	0
HDL	UKBB	AFR	8	33	5478	5	11.4410152435303	0	0	0	0
HDL	UKBB	AFR	8	34	2706	5	3.36800670623779	0	0	0	0
HDL	UKBB	AFR	8	35	2105	5	3.4028103351593	0	0	0	0
HDL	UKBB	AFR	8	36	1834	5	1.74358701705933	0	0	0	0
HDL	UKBB	AFR	8	37	2489	5	3.41608619689941	0	0	0	0
HDL	UKBB	AFR	8	39	4011	5	8.82565808296204	0	0	0	0
HDL	UKBB	AFR	8	40	5770	5	13.102386713028	0	0	0	0
HDL	UKBB	AFR	8	42	6663	5	19.779483795166	0	0	0	0
HDL	UKBB	AFR	8	46	2192	5	1.90482020378113	0	0	0	0
HDL	UKBB	AFR	8	48	5561	5	15.6291208267212	0	0	0	0
HDL	UKBB	AFR	8	51	8805	5	29.6811053752899	0	0	0	0
HDL	UKBB	AFR	8	53	4528	5	7.59778881072998	0	0	0	0
HDL	UKBB	AFR	8	55	3912	5	5.22254276275635	0	0	0	0
HDL	UKBB	AFR	8	69	9126	5	38.6221137046814	0	0	0	0
HDL	UKBB	AFR	8	70	10160	5	47.2248318195343	0	0	0	0
HDL	UKBB	AFR	8	71	5871	5	13.8696184158325	0	0	0	0
HDL	UKBB	AFR	8	77	5211	5	11.4391069412231	0	0	0	0
HDL	UKBB	AFR	8	78	1112	5	3.02738809585571	0	0	0	0
HDL	UKBB	AFR	8	80	2344	5	2.47541546821594	0	0	0	0
HDL	UKBB	AFR	8	81	5774	5	15.9665997028351	0	0	0	0
HDL	UKBB	AFR	8	84	12707	5	83.3666841983795	0	0	0	0
HDL	UKBB	AFR	8	88	6173	5	16.7142672538757	0	0	0	0
HDL	UKBB	AFR	8	93	8337	5	40.7356867790222	0	0	0	0
HDL	UKBB	AFR	8	94	4886	5	9.52184200286865	0	0	0	0
HDL	UKBB	AFR	8	107	1855	5	1.83227133750916	0	0	0	0
HDL	UKBB	AFR	8	108	9624	5	45.4739017486572	0	0	0	0
HDL	UKBB	AFR	8	109	8932	5	41.9353041648865	0	0	0	0
HDL	UKBB	AFR	8	110	9349	5	33.8113784790039	0	0	0	0
HDL	UKBB	AFR	8	112	6003	5	12.8403298854828	0	0	0	0
HDL	UKBB	AFR	8	113	3798	5	4.86538028717041	0	0	0	0
HDL	UKBB	AFR	8	115	3247	5	4.6538450717926	0	0	0	0
HDL	UKBB	AFR	8	118	2675	5	6.32719612121582	0	0	0	0
HDL	UKBB	AFR	8	119	4168	5	9.82913041114807	0	0	0	0
HDL	UKBB	AFR	8	124	3344	5	4.22666716575623	0	0	0	0
HDL	UKBB	AFR	8	125	1444	5	1.09323024749756	0	0	0	0
HDL	UKBB	AFR	8	127	3852	5	5.41692543029785	0	0	0	0
HDL	UKBB	AFR	8	130	3010	5	3.56871676445007	0	0	0	0
HDL	UKBB	AFR	8	159	4377	5	7.18438243865967	0	1	0	0
HDL	UKBB	AFR	8	160	4712	5	8.0280613899231	0	0	0	0
HDL	UKBB	AFR	9	1	8650	5	33.996631860733	0	0	1	12
HDL	UKBB	AFR	9	4	4588	5	8.62860870361328	0	0	0	0
HDL	UKBB	AFR	9	9	3479	5	4.15496754646301	0	0	0	0
HDL	UKBB	AFR	9	12	4587	5	7.723384141922	0	0	0	0
HDL	UKBB	AFR	9	27	12108	5	66.7289025783539	0	0	0	0
HDL	UKBB	AFR	9	31	7009	5	19.1041307449341	0	0	0	0
HDL	UKBB	AFR	9	33	4932	5	10.8047523498535	0	0	0	0
HDL	UKBB	AFR	9	36	4546	5	9.80847024917603	0	0	0	0
HDL	UKBB	AFR	9	40	8664	5	38.00785779953	0	0	0	0
HDL	UKBB	AFR	9	48	1182	5	1.59414720535278	0	0	0	0
HDL	UKBB	AFR	9	49	13325	5	88.9952013492584	0	0	0	0
HDL	UKBB	AFR	9	50	6960	5	19.5998892784119	0	0	0	0
HDL	UKBB	AFR	9	51	2755	5	2.77336025238037	0	0	0	0
HDL	UKBB	AFR	9	53	8818	5	38.244503736496	0	0	0	0
HDL	UKBB	AFR	9	56	6308	5	13.6413331031799	0	0	0	0
HDL	UKBB	AFR	9	63	7636	5	21.0408155918121	0	0	0	0
HDL	UKBB	AFR	9	78	2236	5	1.98040699958801	0	0	0	0
HDL	UKBB	AFR	9	84	4292	5	10.7505509853363	0	0	0	0
HDL	UKBB	AFR	9	85	4732	5	9.29403495788574	0	0	0	0
HDL	UKBB	AFR	9	88	4348	5	8.00491786003113	0	0	0	0
HDL	UKBB	AFR	9	91	4163	5	6.37698841094971	0	0	0	0
HDL	UKBB	AFR	9	92	1266	5	2.47758746147156	0	0	0	0
HDL	UKBB	AFR	9	93	5655	5	16.2944624423981	0	0	0	0
HDL	UKBB	AFR	9	97	2112	5	1.64529466629028	0	0	0	0
HDL	UKBB	AFR	9	98	6895	5	20.2256827354431	0	0	0	0
HDL	UKBB	AFR	9	100	6523	5	21.1465508937836	0	0	0	0
HDL	UKBB	AFR	9	102	7362	5	19.1527905464172	0	0	0	0
HDL	UKBB	AFR	9	103	1673	5	1.49862861633301	0	0	0	0
HDL	UKBB	AFR	9	104	1870	5	1.64682722091675	0	0	0	0
HDL	UKBB	AFR	9	105	1357	5	1.22490096092224	0	0	0	0
HDL	UKBB	AFR	9	106	6279	5	17.1099200248718	0	0	0	0
HDL	UKBB	AFR	9	107	1677	5	2.72926092147827	0	0	0	0
HDL	UKBB	AFR	9	109	7734	5	24.0841929912567	0	0	0	0
HDL	UKBB	AFR	9	110	8591	5	34.7880504131317	0	0	0	0
HDL	UKBB	AFR	9	111	327	5	0.647812128067017	0	0	0	0
HDL	UKBB	AFR	9	112	7458	5	24.8468515872955	0	0	0	0
HDL	UKBB	AFR	9	113	4351	5	7.88798975944519	0	0	0	0
HDL	UKBB	AFR	9	114	2520	5	2.43293333053589	0	0	0	0
HDL	UKBB	AFR	9	115	7754	5	18.800877571106	0	0	0	0
HDL	UKBB	AFR	9	116	3742	5	4.67179465293884	0	0	0	0
HDL	UKBB	AFR	9	118	9493	5	49.0878267288208	0	0	0	0
HDL	UKBB	AFR	9	124	3522	5	4.99470543861389	0	0	0	0
HDL	UKBB	AFR	9	129	5248	5	11.9811019897461	0	0	0	0
HDL	UKBB	AFR	9	130	5163	5	14.5224514007568	0	0	0	0
HDL	UKBB	AFR	9	134	9832	5	44.7449514865875	0	0	0	0
HDL	UKBB	AFR	9	136	4185	5	7.99283576011658	0	0	0	0
HDL	UKBB	AFR	9	138	6706	5	16.6164274215698	0	0	0	0
HDL	UKBB	AFR	9	140	10172	5	47.7554125785828	0	0	0	0
HDL	UKBB	AFR	9	141	1333	5	0.960196733474731	0	0	0	0
HDL	UKBB	AFR	9	144	3537	5	5.9395170211792	0	0	0	0
HDL	UKBB	AFR	9	148	2632	5	2.96050429344177	0	0	0	0
HDL	UKBB	AFR	9	149	3603	5	4.16934561729431	0	0	0	0
HDL	UKBB	AFR	9	152	1000	5	0.971935749053955	0	0	0	0
HDL	UKBB	AFR	9	153	285	5	2.06008410453796	0	0	0	0
HDL	UKBB	AFR	9	154	1633	5	1.2517671585083	0	0	0	0
HDL	UKBB	AFR	9	156	2984	5	4.0681312084198	0	0	0	0
HDL	UKBB	AFR	9	162	2502	5	2.50482583045959	0	0	0	0
HDL	UKBB	AFR	10	1	6714	5	18.0685119628906	0	0	0	0
HDL	UKBB	AFR	10	9	363	5	0.705348253250122	0	1	0	0
HDL	UKBB	AFR	10	11	1839	5	1.57503938674927	0	0	0	0
HDL	UKBB	AFR	10	13	4488	5	8.73453807830811	0	0	0	0
HDL	UKBB	AFR	10	14	5599	5	13.2674436569214	0	0	0	0
HDL	UKBB	AFR	10	20	191	5	0.632591485977173	0	0	0	0
HDL	UKBB	AFR	10	22	4838	5	10.512387752533	0	0	0	0
HDL	UKBB	AFR	10	23	1182	5	1.42475152015686	0	0	0	0
HDL	UKBB	AFR	10	33	3885	5	5.17001819610596	0	0	0	0
HDL	UKBB	AFR	10	40	3530	5	4.79838347434998	0	0	0	0
HDL	UKBB	AFR	10	43	4007	5	6.51828980445862	0	0	0	0
HDL	UKBB	AFR	10	46	6812	5	20.4189059734344	0	0	0	0
HDL	UKBB	AFR	10	48	9260	5	39.2309527397156	0	0	0	0
HDL	UKBB	AFR	10	49	5392	5	10.3071241378784	0	0	0	0
HDL	UKBB	AFR	10	52	6596	5	18.869384765625	0	0	0	0
HDL	UKBB	AFR	10	54	11491	5	74.0747928619385	0	0	0	0
HDL	UKBB	AFR	10	60	8034	5	25.3470396995544	0	0	0	0
HDL	UKBB	AFR	10	61	2659	5	4.37761187553406	0	0	0	0
HDL	UKBB	AFR	10	64	1131	5	0.907798767089844	0	0	0	0
HDL	UKBB	AFR	10	67	4317	5	7.57498049736023	0	0	0	0
HDL	UKBB	AFR	10	68	3997	5	5.93590450286865	0	0	0	0
HDL	UKBB	AFR	10	70	6263	5	13.3450753688812	0	0	0	0
HDL	UKBB	AFR	10	79	6577	5	17.9152867794037	0	0	0	0
HDL	UKBB	AFR	10	80	6078	5	17.4672696590424	0	0	0	0
HDL	UKBB	AFR	10	81	7167	5	19.2217147350311	0	0	0	0
HDL	UKBB	AFR	10	83	6177	5	15.2587015628815	0	0	0	0
HDL	UKBB	AFR	10	85	1928	5	1.81813931465149	0	0	0	0
HDL	UKBB	AFR	10	87	3220	5	3.94330477714539	0	0	0	0
HDL	UKBB	AFR	10	92	10949	5	61.6204869747162	0	0	0	0
HDL	UKBB	AFR	10	93	1956	5	1.72708821296692	0	0	0	0
HDL	UKBB	AFR	10	100	1753	5	1.6971800327301	0	0	0	0
HDL	UKBB	AFR	10	101	5493	5	11.0008251667023	0	0	0	0
HDL	UKBB	AFR	10	109	6756	5	17.3340067863464	0	0	0	0
HDL	UKBB	AFR	10	113	4312	5	7.52661561965942	0	0	0	0
HDL	UKBB	AFR	10	117	8047	5	27.2076470851898	0	0	0	0
HDL	UKBB	AFR	10	124	1551	5	1.31319451332092	0	0	0	0
HDL	UKBB	AFR	10	126	7304	5	22.6694648265839	0	0	0	0
HDL	UKBB	AFR	10	127	2364	5	2.23985934257507	0	0	0	0
HDL	UKBB	AFR	10	128	609	5	0.675820827484131	0	0	0	0
HDL	UKBB	AFR	10	129	8223	5	37.579761505127	0	0	0	0
HDL	UKBB	AFR	10	130	2853	5	3.06906843185425	0	0	0	0
HDL	UKBB	AFR	10	137	7031	5	21.408370256424	0	0	0	0
HDL	UKBB	AFR	10	138	1235	5	1.62131190299988	0	0	0	0
HDL	UKBB	AFR	10	140	1533	5	1.21648287773132	0	0	0	0
HDL	UKBB	AFR	10	141	3398	5	3.97090601921082	0	0	0	0
HDL	UKBB	AFR	10	142	2382	5	3.235196352005	0	0	0	0
HDL	UKBB	AFR	10	143	7105	5	17.0115020275116	0	0	0	0
HDL	UKBB	AFR	10	144	2814	5	3.72263503074646	0	0	0	0
HDL	UKBB	AFR	10	145	2618	5	2.94298577308655	0	0	0	0
HDL	UKBB	AFR	10	150	6080	5	14.3019490242004	0	0	0	0
HDL	UKBB	AFR	10	152	3907	5	5.31983757019043	0	0	0	0
HDL	UKBB	AFR	10	153	4507	5	6.3934268951416	0	0	0	0
HDL	UKBB	AFR	10	154	8926	5	36.3603930473328	0	0	0	0
HDL	UKBB	AFR	10	157	3338	5	4.12560200691223	0	0	0	0
HDL	UKBB	AFR	10	162	2947	5	3.34150528907776	0	0	0	0
HDL	UKBB	AFR	10	167	770	5	0.800790548324585	0	0	0	0
HDL	UKBB	AFR	11	2	4284	5	7.42534708976746	0	0	0	0
HDL	UKBB	AFR	11	4	3366	5	4.986412525177	0	0	0	0
HDL	UKBB	AFR	11	6	722	5	0.69014048576355	0	0	0	0
HDL	UKBB	AFR	11	7	2487	5	2.4834291934967	0	0	0	0
HDL	UKBB	AFR	11	11	6112	5	15.8573853969574	0	0	0	0
HDL	UKBB	AFR	11	18	10463	5	52.1364586353302	0	0	0	0
HDL	UKBB	AFR	11	19	2469	5	2.8348331451416	0	0	0	0
HDL	UKBB	AFR	11	26	1978	5	1.68985891342163	0	0	0	0
HDL	UKBB	AFR	11	27	4776	5	10.6709945201874	0	0	0	0
HDL	UKBB	AFR	11	28	3484	5	4.34576439857483	0	0	0	0
HDL	UKBB	AFR	11	29	2579	5	2.86066770553589	0	0	0	0
HDL	UKBB	AFR	11	30	3435	5	4.53627920150757	0	0	0	0
HDL	UKBB	AFR	11	33	4213	5	6.37511777877808	0	0	0	0
HDL	UKBB	AFR	11	51	4895	5	9.3100688457489	0	0	0	0
HDL	UKBB	AFR	11	52	2683	5	5.4173629283905	0	0	0	0
HDL	UKBB	AFR	11	53	6035	5	13.1594266891479	0	0	0	0
HDL	UKBB	AFR	11	54	4402	5	7.48914527893066	0	0	0	0
HDL	UKBB	AFR	11	57	4369	5	8.82924962043762	0	1	0	0
HDL	UKBB	AFR	11	65	4117	5	6.0348744392395	0	1	0	0
HDL	UKBB	AFR	11	70	7887	5	33.0377502441406	0	0	0	0
HDL	UKBB	AFR	11	75	3588	5	3.97066450119019	0	0	0	0
HDL	UKBB	AFR	11	76	4287	5	6.68558239936829	0	0	0	0
HDL	UKBB	AFR	11	77	4344	5	7.42526936531067	0	0	0	0
HDL	UKBB	AFR	11	78	4495	5	7.54429745674133	0	0	0	0
HDL	UKBB	AFR	11	79	9734	5	46.0637905597687	0	0	0	0
HDL	UKBB	AFR	11	80	6644	5	21.5242595672607	0	0	0	0
HDL	UKBB	AFR	11	81	4025	5	6.00089335441589	0	0	0	0
HDL	UKBB	AFR	11	86	5903	5	13.1728339195251	0	0	0	0
HDL	UKBB	AFR	11	88	6339	5	15.2462117671967	0	0	0	0
HDL	UKBB	AFR	11	89	839	5	1.30006742477417	0	0	0	0
HDL	UKBB	AFR	11	90	10117	5	53.7252514362335	0	0	0	0
HDL	UKBB	AFR	11	100	5308	5	11.893922328949	0	0	0	0
HDL	UKBB	AFR	11	107	1876	5	1.99437165260315	0	0	0	0
HDL	UKBB	AFR	11	108	1725	5	1.5174458026886	0	0	0	0
HDL	UKBB	AFR	11	109	1558	5	1.23304057121277	0	0	0	0
HDL	UKBB	AFR	11	115	5991	5	14.8744380474091	0	0	0	0
HDL	UKBB	AFR	11	117	10798	5	52.824688911438	0	0	0	0
HDL	UKBB	AFR	11	121	4675	5	14.1203265190125	0	0	0	0
HDL	UKBB	AFR	11	123	3022	5	3.3579466342926	0	0	0	0
HDL	UKBB	AFR	11	126	9645	5	45.3595836162567	0	0	0	0
HDL	UKBB	AFR	11	128	613	5	0.691087484359741	0	0	0	0
HDL	UKBB	AFR	11	129	4615	5	8.4815399646759	1	1	1	1
HDL	UKBB	AFR	11	130	2346	5	1.86793446540833	0	0	0	0
HDL	UKBB	AFR	11	131	470	5	0.599581241607666	0	0	0	0
HDL	UKBB	AFR	11	132	1417	5	1.1583206653595	0	0	0	0
HDL	UKBB	AFR	11	133	4786	5	8.54565238952637	0	0	0	0
HDL	UKBB	AFR	11	134	6175	5	16.2758631706238	0	0	0	0
HDL	UKBB	AFR	11	138	2932	5	3.08454060554504	0	0	0	0
HDL	UKBB	AFR	11	140	2573	5	3.74353790283203	0	0	0	0
HDL	UKBB	AFR	11	141	733	5	0.757222175598145	0	1	1	2
HDL	UKBB	AFR	11	142	5542	5	20.7294533252716	0	0	0	0
HDL	UKBB	AFR	11	147	8820	5	39.2939755916595	0	0	0	0
HDL	UKBB	AFR	11	148	2645	5	2.97559499740601	0	0	0	0
HDL	UKBB	AFR	11	149	6884	5	18.0827393531799	0	0	0	0
HDL	UKBB	AFR	12	4	3243	5	5.7997682094574	0	0	0	0
HDL	UKBB	AFR	12	8	1731	5	2.60787630081177	0	0	0	0
HDL	UKBB	AFR	12	9	810	5	1.2760603427887	0	0	0	0
HDL	UKBB	AFR	12	12	1666	5	1.33346343040466	0	0	0	0
HDL	UKBB	AFR	12	17	2164	5	4.21941208839417	0	0	0	0
HDL	UKBB	AFR	12	18	4462	5	7.58902072906494	0	0	0	0
HDL	UKBB	AFR	12	23	6263	5	15.3978798389435	0	0	0	0
HDL	UKBB	AFR	12	24	1591	5	1.25214576721191	0	0	0	0
HDL	UKBB	AFR	12	25	5760	5	16.1224884986877	0	0	0	0
HDL	UKBB	AFR	12	31	1320	5	1.01073598861694	0	0	0	0
HDL	UKBB	AFR	12	32	4753	5	7.99375987052917	0	0	0	0
HDL	UKBB	AFR	12	34	3458	5	4.21308922767639	0	0	0	0
HDL	UKBB	AFR	12	35	1881	5	1.49920392036438	0	0	0	0
HDL	UKBB	AFR	12	36	1845	5	1.89284586906433	0	0	0	0
HDL	UKBB	AFR	12	38	6268	5	14.9738667011261	0	0	0	0
HDL	UKBB	AFR	12	40	2341	5	2.22198367118835	0	0	0	0
HDL	UKBB	AFR	12	41	1541	5	1.38847374916077	0	0	0	0
HDL	UKBB	AFR	12	42	9715	5	48.9659671783447	0	0	0	0
HDL	UKBB	AFR	12	45	3745	5	4.73736619949341	0	0	0	0
HDL	UKBB	AFR	12	48	5380	5	9.1933012008667	0	0	0	0
HDL	UKBB	AFR	12	49	5899	5	14.9962677955627	0	0	0	0
HDL	UKBB	AFR	12	53	7638	5	22.0032970905304	0	0	0	0
HDL	UKBB	AFR	12	59	6918	5	18.0809192657471	0	0	0	0
HDL	UKBB	AFR	12	60	3238	5	5.46665358543396	0	1	0	0
HDL	UKBB	AFR	12	61	3818	5	5.75986909866333	0	0	0	0
HDL	UKBB	AFR	12	62	4165	5	6.68475246429443	0	0	0	0
HDL	UKBB	AFR	12	63	5078	5	10.1100091934204	0	0	0	0
HDL	UKBB	AFR	12	66	5678	5	13.9513506889343	0	0	0	0
HDL	UKBB	AFR	12	67	3044	5	3.45803952217102	0	0	0	0
HDL	UKBB	AFR	12	68	1958	5	2.94380831718445	0	0	0	0
HDL	UKBB	AFR	12	69	5670	5	11.6480541229248	0	0	0	0
HDL	UKBB	AFR	12	70	2637	5	2.788578748703	0	0	0	0
HDL	UKBB	AFR	12	71	6697	5	17.3125624656677	0	0	0	0
HDL	UKBB	AFR	12	72	17933	5	164.935622930527	0	0	0	0
HDL	UKBB	AFR	12	73	5642	5	16.8692696094513	0	0	0	0
HDL	UKBB	AFR	12	77	2956	5	3.04729390144348	0	1	0	0
HDL	UKBB	AFR	12	80	6892	5	18.9286632537842	0	0	0	0
HDL	UKBB	AFR	12	81	1301	5	1.25525903701782	0	0	0	0
HDL	UKBB	AFR	12	82	5834	5	14.8725690841675	0	0	0	0
HDL	UKBB	AFR	12	94	7086	5	18.5121612548828	0	0	0	0
HDL	UKBB	AFR	12	96	3462	5	7.51249241828918	0	0	0	0
HDL	UKBB	AFR	12	97	8456	5	32.5489928722382	0	0	0	0
HDL	UKBB	AFR	12	100	3146	5	5.95127558708191	0	0	0	0
HDL	UKBB	AFR	12	103	728	5	0.752227544784546	0	0	0	0
HDL	UKBB	AFR	12	108	4936	5	9.19697880744934	0	0	0	0
HDL	UKBB	AFR	12	110	6855	5	17.3895578384399	0	0	0	0
HDL	UKBB	AFR	12	112	630	5	0.884159326553345	0	0	0	0
HDL	UKBB	AFR	12	119	9630	5	49.0940072536469	0	0	0	0
HDL	UKBB	AFR	12	120	2477	5	2.40194845199585	0	0	0	0
HDL	UKBB	AFR	12	121	3645	5	7.51542234420776	0	0	0	0
HDL	UKBB	AFR	12	122	8986	5	36.1541612148285	0	0	0	0
HDL	UKBB	AFR	12	123	2776	5	3.09014272689819	0	0	0	0
HDL	UKBB	AFR	12	125	5280	5	10.7931468486786	0	0	0	0
HDL	UKBB	AFR	12	129	3705	5	4.44533681869507	0	0	0	0
HDL	UKBB	AFR	12	132	4781	5	8.46666169166565	0	0	0	0
HDL	UKBB	AFR	12	138	9047	5	36.9657230377197	0	0	0	0
HDL	UKBB	AFR	12	139	12445	5	70.7678816318512	0	0	0	0
HDL	UKBB	AFR	12	140	2145	5	2.21873021125793	0	0	0	0
HDL	UKBB	AFR	12	141	3074	5	4.03429293632507	0	1	0	0
HDL	UKBB	AFR	12	154	1171	5	1.08843684196472	0	0	0	0
HDL	UKBB	AFR	12	156	1334	5	1.27192211151123	0	0	0	0
HDL	UKBB	AFR	12	163	3179	5	3.45112681388855	0	0	0	0
HDL	UKBB	AFR	13	1	7228	5	15.7090528011322	0	0	0	0
HDL	UKBB	AFR	13	8	4445	5	7.43946814537048	0	0	0	0
HDL	UKBB	AFR	13	16	4590	5	7.61367726325989	0	0	0	0
HDL	UKBB	AFR	13	18	1545	5	1.66399574279785	0	1	0	0
HDL	UKBB	AFR	13	20	4381	5	7.79566264152527	0	0	0	0
HDL	UKBB	AFR	13	21	6060	5	15.4088261127472	0	0	0	0
HDL	UKBB	AFR	13	23	1879	5	1.54232573509216	0	0	0	0
HDL	UKBB	AFR	13	25	2716	5	3.16903114318848	0	0	0	0
HDL	UKBB	AFR	13	38	913	5	1.51789498329163	0	0	0	0
HDL	UKBB	AFR	13	40	3912	5	5.14347815513611	0	0	0	0
HDL	UKBB	AFR	13	45	4824	5	11.2766654491425	0	0	0	0
HDL	UKBB	AFR	13	47	2892	5	4.30193138122559	0	0	0	0
HDL	UKBB	AFR	13	50	8820	5	34.1157879829407	0	0	0	0
HDL	UKBB	AFR	13	52	6764	5	20.1065773963928	0	0	0	0
HDL	UKBB	AFR	13	54	15601	5	119.037703990936	0	0	0	0
HDL	UKBB	AFR	13	55	6246	5	16.7262313365936	0	0	0	0
HDL	UKBB	AFR	13	57	12719	5	60.9440832138062	0	0	0	0
HDL	UKBB	AFR	13	58	9266	5	58.7205500602722	0	0	0	0
HDL	UKBB	AFR	13	60	4951	5	8.49234223365784	0	0	0	0
HDL	UKBB	AFR	13	61	3187	5	4.62600016593933	0	0	0	0
HDL	UKBB	AFR	13	70	5811	5	14.0588982105255	0	0	0	0
HDL	UKBB	AFR	13	72	4129	5	6.73548293113708	0	0	0	0
HDL	UKBB	AFR	13	73	5222	5	9.81463217735291	0	0	0	0
HDL	UKBB	AFR	13	80	1821	5	1.46364283561707	0	0	0	0
HDL	UKBB	AFR	13	82	4810	5	9.12709546089172	0	0	0	0
HDL	UKBB	AFR	13	88	2032	5	2.33563661575317	0	0	0	0
HDL	UKBB	AFR	13	94	4966	5	8.68460583686829	0	0	0	0
HDL	UKBB	AFR	13	96	2049	5	2.10271549224854	0	0	0	0
HDL	UKBB	AFR	13	111	1534	5	1.32164788246155	0	0	0	0
HDL	UKBB	AFR	13	119	5726	5	12.8809750080109	0	0	0	0
HDL	UKBB	AFR	13	124	703	5	0.742498159408569	0	0	0	0
HDL	UKBB	AFR	13	125	5107	5	9.68340682983398	0	0	0	0
HDL	UKBB	AFR	14	1	3681	5	4.08932495117188	0	0	0	0
HDL	UKBB	AFR	14	6	1628	5	1.31275129318237	0	0	0	0
HDL	UKBB	AFR	14	14	7560	5	21.4141843318939	0	0	0	0
HDL	UKBB	AFR	14	19	5568	5	12.2748484611511	0	0	0	0
HDL	UKBB	AFR	14	24	2117	5	2.37415909767151	0	0	0	0
HDL	UKBB	AFR	14	31	7125	5	20.8713040351868	0	0	0	0
HDL	UKBB	AFR	14	35	7298	5	20.6557104587555	0	0	0	0
HDL	UKBB	AFR	14	46	3392	5	4.08005809783936	0	0	0	0
HDL	UKBB	AFR	14	47	6495	5	14.2381839752197	0	0	0	0
HDL	UKBB	AFR	14	49	2966	5	3.70930290222168	0	0	0	0
HDL	UKBB	AFR	14	64	2640	5	3.87467193603516	0	0	0	0
HDL	UKBB	AFR	14	67	5507	5	13.8326578140259	0	0	0	0
HDL	UKBB	AFR	14	68	4070	5	5.34730505943298	0	0	0	0
HDL	UKBB	AFR	14	70	6357	5	14.9064645767212	0	0	0	0
HDL	UKBB	AFR	14	72	8447	5	33.0032231807709	0	0	0	0
HDL	UKBB	AFR	14	73	3963	5	5.14755344390869	0	0	0	0
HDL	UKBB	AFR	14	80	1208	5	0.903058052062988	0	0	0	0
HDL	UKBB	AFR	14	81	6973	5	17.8965401649475	0	0	0	0
HDL	UKBB	AFR	14	84	2265	5	2.20371150970459	0	0	0	0
HDL	UKBB	AFR	14	86	3753	5	5.08772850036621	0	0	0	0
HDL	UKBB	AFR	14	93	5597	5	16.0495688915253	0	0	0	0
HDL	UKBB	AFR	14	95	1797	5	1.60856699943542	0	0	0	0
HDL	UKBB	AFR	14	97	3670	5	4.63352704048157	0	0	0	0
HDL	UKBB	AFR	14	100	5004	5	10.850962638855	0	0	0	0
HDL	UKBB	AFR	14	103	5635	5	11.464727640152	0	0	0	0
HDL	UKBB	AFR	14	117	3859	5	6.00223803520203	0	0	0	0
HDL	UKBB	AFR	14	121	6099	5	18.0061242580414	0	0	0	0
HDL	UKBB	AFR	14	122	1291	5	0.902790307998657	0	0	0	0
HDL	UKBB	AFR	14	126	7254	5	18.986873626709	0	0	0	0
HDL	UKBB	AFR	14	128	2500	5	3.1678946018219	0	0	0	0
HDL	UKBB	AFR	14	129	3497	5	8.06961679458618	0	0	0	0
HDL	UKBB	AFR	15	4	1267	5	1.12028002738953	0	0	0	0
HDL	UKBB	AFR	15	10	1969	5	1.73462224006653	0	0	0	0
HDL	UKBB	AFR	15	22	6984	5	23.8852052688599	0	0	0	0
HDL	UKBB	AFR	15	27	2723	5	2.7410032749176	0	0	0	0
HDL	UKBB	AFR	15	28	3900	5	5.62241458892822	0	1	0	0
HDL	UKBB	AFR	15	29	2678	5	2.61388087272644	0	0	0	0
HDL	UKBB	AFR	15	31	8386	5	33.0677599906921	0	0	0	0
HDL	UKBB	AFR	15	34	1772	5	1.77136993408203	0	0	0	0
HDL	UKBB	AFR	15	35	5081	5	11.1534941196442	0	0	0	0
HDL	UKBB	AFR	15	37	6827	5	19.6468858718872	0	0	0	0
HDL	UKBB	AFR	15	38	7949	5	19.2493152618408	0	0	0	0
HDL	UKBB	AFR	15	39	6074	5	12.9660649299622	0	0	0	0
HDL	UKBB	AFR	15	40	1537	5	1.21996521949768	0	0	0	0
HDL	UKBB	AFR	15	41	5485	5	10.3249471187592	0	0	0	0
HDL	UKBB	AFR	15	45	11923	5	69.44766497612	0	0	0	0
HDL	UKBB	AFR	15	46	3688	5	5.41408443450928	0	0	0	0
HDL	UKBB	AFR	15	48	10588	5	58.9656114578247	0	0	0	0
HDL	UKBB	AFR	15	50	5316	5	9.64501094818115	0	0	0	0
HDL	UKBB	AFR	15	51	4023	5	6.27122616767883	0	0	0	0
HDL	UKBB	AFR	15	52	3658	5	10.6025607585907	1	1	1	1
HDL	UKBB	AFR	15	53	703	5	0.739370107650757	0	1	1	2
HDL	UKBB	AFR	15	54	4253	5	9.3795428276062	0	0	0	0
HDL	UKBB	AFR	15	55	2386	5	2.23902750015259	0	0	0	0
HDL	UKBB	AFR	15	56	4689	5	8.61630320549011	0	0	0	0
HDL	UKBB	AFR	15	59	8144	5	26.2499747276306	0	0	0	0
HDL	UKBB	AFR	15	62	10465	5	43.7613048553467	0	0	0	0
HDL	UKBB	AFR	15	64	3055	5	6.96799612045288	0	0	0	0
HDL	UKBB	AFR	15	66	5837	5	11.833854675293	0	0	0	0
HDL	UKBB	AFR	15	70	2086	5	1.84679007530212	0	0	0	0
HDL	UKBB	AFR	15	71	208	5	0.579420566558838	0	0	0	0
HDL	UKBB	AFR	15	73	2202	5	2.18196797370911	0	0	0	0
HDL	UKBB	AFR	15	76	10163	5	73.6679708957672	0	0	0	0
HDL	UKBB	AFR	15	79	6460	5	14.2923469543457	0	0	0	0
HDL	UKBB	AFR	15	86	3743	5	4.64625000953674	0	0	0	0
HDL	UKBB	AFR	15	88	2986	5	3.91208410263062	0	0	0	0
HDL	UKBB	AFR	15	90	3996	5	5.73718452453613	0	0	0	0
HDL	UKBB	AFR	15	98	2132	5	2.59673929214478	0	0	0	0
HDL	UKBB	AFR	15	102	3782	5	4.82376050949097	0	0	0	0
HDL	UKBB	AFR	15	108	1782	5	1.49972629547119	0	0	0	0
HDL	UKBB	AFR	15	111	3124	5	3.82775044441223	0	0	0	0
HDL	UKBB	AFR	15	117	1864	5	1.78571534156799	0	0	0	0
HDL	UKBB	AFR	15	118	1213	5	1.91146373748779	0	0	0	0
HDL	UKBB	AFR	16	2	1052	5	3.54299330711365	0	0	0	0
HDL	UKBB	AFR	16	4	5220	5	9.44044780731201	0	0	0	0
HDL	UKBB	AFR	16	5	2190	5	2.20109105110168	0	0	0	0
HDL	UKBB	AFR	16	7	3725	5	6.2018723487854	0	0	0	0
HDL	UKBB	AFR	16	9	5550	5	9.80081939697266	0	0	0	0
HDL	UKBB	AFR	16	10	2459	5	2.27901601791382	0	0	0	0
HDL	UKBB	AFR	16	30	343	5	0.675252676010132	0	0	0	0
HDL	UKBB	AFR	16	31	5321	5	12.3181457519531	0	0	0	0
HDL	UKBB	AFR	16	33	8199	5	31.2614307403564	0	0	0	0
HDL	UKBB	AFR	16	37	5951	5	12.9876348972321	0	0	0	0
HDL	UKBB	AFR	16	41	4236	5	8.41410613059998	0	0	0	0
HDL	UKBB	AFR	16	42	434	5	0.632545232772827	0	0	0	0
HDL	UKBB	AFR	16	43	4016	5	4.71815204620361	0	1	1	1
HDL	UKBB	AFR	16	47	3295	5	4.13266134262085	0	0	0	0
HDL	UKBB	AFR	16	49	3132	5	3.83110952377319	0	0	0	0
HDL	UKBB	AFR	16	52	3957	5	5.35275411605835	0	0	0	0
HDL	UKBB	AFR	16	57	620	5	1.02046036720276	0	0	0	0
HDL	UKBB	AFR	16	58	3815	5	4.87864398956299	0	0	0	0
HDL	UKBB	AFR	16	59	4041	5	5.56839871406555	0	0	0	0
HDL	UKBB	AFR	16	62	3013	5	4.0456702709198	0	0	0	0
HDL	UKBB	AFR	16	65	3094	5	3.90066027641296	0	0	0	0
HDL	UKBB	AFR	16	67	2146	5	2.26223540306091	0	0	0	0
HDL	UKBB	AFR	16	68	3587	5	4.64910483360291	0	0	0	0
HDL	UKBB	AFR	16	69	2187	5	1.75755333900452	0	0	0	0
HDL	UKBB	AFR	16	73	2781	5	2.69200611114502	0	0	0	0
HDL	UKBB	AFR	16	74	1004	5	2.78904271125793	0	0	0	0
HDL	UKBB	AFR	16	75	5664	5	77.1622657775879	2	3	2	2
HDL	UKBB	AFR	16	76	3850	5	5.02771425247192	1	1	1	1
HDL	UKBB	AFR	16	77	1609	5	1.2608163356781	0	0	0	0
HDL	UKBB	AFR	16	79	2718	5	5.07679033279419	0	0	0	0
HDL	UKBB	AFR	16	86	2478	5	2.14275550842285	0	0	0	0
HDL	UKBB	AFR	16	87	553	5	0.707727670669556	0	0	0	0
HDL	UKBB	AFR	16	88	8803	5	32.4794943332672	0	0	0	0
HDL	UKBB	AFR	16	89	11565	5	64.265207529068	0	0	0	0
HDL	UKBB	AFR	16	91	3190	5	4.03606295585632	0	0	0	0
HDL	UKBB	AFR	16	93	9306	5	60.2315118312836	0	0	0	0
HDL	UKBB	AFR	16	94	10012	5	50.9151315689087	0	0	0	0
HDL	UKBB	AFR	16	103	12909	5	87.9589824676514	0	0	0	0
HDL	UKBB	AFR	16	104	3588	5	4.29954814910889	0	0	0	0
HDL	UKBB	AFR	16	105	2947	5	3.80713987350464	0	0	0	0
HDL	UKBB	AFR	16	106	5921	5	12.568400144577	0	0	0	0
HDL	UKBB	AFR	16	107	3443	5	4.57447814941406	0	0	0	0
HDL	UKBB	AFR	16	111	2899	5	2.80121040344238	0	0	0	0
HDL	UKBB	AFR	16	114	2246	5	2.16754794120789	0	0	0	0
HDL	UKBB	AFR	16	116	2648	5	2.62077617645264	0	0	0	0
HDL	UKBB	AFR	16	125	3187	5	3.52477931976318	0	0	0	0
HDL	UKBB	AFR	16	126	579	5	0.629361391067505	0	0	0	0
HDL	UKBB	AFR	16	128	11352	5	64.8419015407562	0	0	0	0
HDL	UKBB	AFR	17	3	3300	5	5.35606145858765	0	0	0	0
HDL	UKBB	AFR	17	7	2069	5	1.77857160568237	0	0	0	0
HDL	UKBB	AFR	17	9	5594	5	10.9245910644531	0	0	0	0
HDL	UKBB	AFR	17	14	3034	5	3.56441330909729	0	0	0	0
HDL	UKBB	AFR	17	23	2068	5	1.71528124809265	0	0	0	0
HDL	UKBB	AFR	17	24	3524	5	4.18855714797974	0	0	0	0
HDL	UKBB	AFR	17	25	3873	5	4.75959801673889	0	0	0	0
HDL	UKBB	AFR	17	30	769	5	2.22967720031738	0	0	0	0
HDL	UKBB	AFR	17	49	2026	5	2.11022925376892	0	0	0	0
HDL	UKBB	AFR	17	51	8800	5	34.7406768798828	0	0	0	0
HDL	UKBB	AFR	17	55	11023	5	47.6545171737671	0	0	0	0
HDL	UKBB	AFR	17	66	666	5	0.713220119476318	0	0	0	0
HDL	UKBB	AFR	17	68	2662	5	5.83858942985535	0	0	0	0
HDL	UKBB	AFR	17	71	4651	5	7.91536283493042	0	0	0	0
HDL	UKBB	AFR	17	72	5584	5	16.3098111152649	0	0	0	0
HDL	UKBB	AFR	17	73	8597	5	28.8125476837158	0	0	0	0
HDL	UKBB	AFR	17	74	9254	5	34.3160426616669	0	0	0	0
HDL	UKBB	AFR	17	75	6938	5	17.8307785987854	0	0	0	0
HDL	UKBB	AFR	17	76	3427	5	4.63465809822083	0	0	0	0
HDL	UKBB	AFR	17	78	1227	5	0.923653364181519	0	0	0	0
HDL	UKBB	AFR	17	85	5872	5	13.5889663696289	0	0	0	0
HDL	UKBB	AFR	17	87	2537	5	3.95266127586365	0	0	0	0
HDL	UKBB	AFR	17	90	8637	5	35.6801748275757	0	0	0	0
HDL	UKBB	AFR	17	93	4782	5	8.13316512107849	0	0	0	0
HDL	UKBB	AFR	17	94	4431	5	8.51201939582825	0	0	0	0
HDL	UKBB	AFR	17	97	6074	5	18.5491156578064	0	0	0	0
HDL	UKBB	AFR	17	98	3113	5	3.54840135574341	0	0	0	0
HDL	UKBB	AFR	17	99	570	5	0.578100681304932	0	0	0	0
HDL	UKBB	AFR	17	100	3940	5	4.8032648563385	0	0	0	0
HDL	UKBB	AFR	17	101	2862	5	3.31451416015625	0	0	0	0
HDL	UKBB	AFR	17	102	2352	5	2.4976978302002	0	0	0	0
HDL	UKBB	AFR	17	103	2214	5	2.42500424385071	0	0	0	0
HDL	UKBB	AFR	17	105	3858	5	6.66141653060913	0	0	0	0
HDL	UKBB	AFR	17	108	591	5	0.637581825256348	0	0	0	0
HDL	UKBB	AFR	17	109	918	5	0.7996826171875	0	0	0	0
HDL	UKBB	AFR	17	117	4898	5	9.47381472587585	0	0	0	0
HDL	UKBB	AFR	17	118	4074	5	8.67122340202332	0	0	0	0
HDL	UKBB	AFR	17	125	5794	5	11.5543327331543	0	0	0	0
HDL	UKBB	AFR	17	133	2408	5	2.42790675163269	0	0	0	0
HDL	UKBB	AFR	18	1	1821	5	1.6264214515686	0	0	0	0
HDL	UKBB	AFR	18	7	3693	5	4.26858353614807	0	0	0	0
HDL	UKBB	AFR	18	8	3367	5	4.91812634468079	0	0	0	0
HDL	UKBB	AFR	18	27	1579	5	1.15022158622742	0	0	0	0
HDL	UKBB	AFR	18	28	3982	5	5.14397001266479	0	1	0	0
HDL	UKBB	AFR	18	39	7680	5	36.3061499595642	0	0	0	0
HDL	UKBB	AFR	18	41	11106	5	62.0320193767548	0	0	0	0
HDL	UKBB	AFR	18	42	6216	5	14.2767596244812	0	0	0	0
HDL	UKBB	AFR	18	44	4336	5	6.95792317390442	0	0	0	0
HDL	UKBB	AFR	18	46	5103	5	10.1428692340851	0	0	0	0
HDL	UKBB	AFR	18	49	7594	5	17.8858695030212	0	0	0	0
HDL	UKBB	AFR	18	52	4381	5	8.37147641181946	0	0	0	0
HDL	UKBB	AFR	18	53	5660	5	12.5726685523987	0	0	0	0
HDL	UKBB	AFR	18	58	5533	5	9.32588481903076	0	0	0	0
HDL	UKBB	AFR	18	59	7336	5	17.5160629749298	0	0	0	0
HDL	UKBB	AFR	18	60	6863	5	18.1299343109131	0	0	0	0
HDL	UKBB	AFR	18	61	5707	5	11.2948715686798	0	0	0	0
HDL	UKBB	AFR	18	62	6447	5	15.4211950302124	0	0	0	0
HDL	UKBB	AFR	18	65	5839	5	11.6442742347717	0	0	0	0
HDL	UKBB	AFR	18	66	1604	5	1.39209961891174	0	0	0	0
HDL	UKBB	AFR	18	67	2434	5	3.3077757358551	0	0	0	0
HDL	UKBB	AFR	18	68	529	5	1.09494376182556	0	0	0	0
HDL	UKBB	AFR	18	69	9487	5	38.4285271167755	0	0	0	0
HDL	UKBB	AFR	18	73	7242	5	18.8189406394958	0	0	0	0
HDL	UKBB	AFR	18	74	9050	5	36.82093501091	0	0	0	0
HDL	UKBB	AFR	18	76	4817	5	7.54265403747559	0	0	0	0
HDL	UKBB	AFR	18	79	2014	5	1.61499738693237	0	0	0	0
HDL	UKBB	AFR	18	80	3609	5	4.69087505340576	0	0	0	0
HDL	UKBB	AFR	18	82	7563	5	19.8327634334564	0	0	0	0
HDL	UKBB	AFR	18	84	1155	5	3.04836821556091	0	0	0	0
HDL	UKBB	AFR	18	86	201	5	0.597026109695435	0	0	0	0
HDL	UKBB	AFR	19	5	46	5	0.656382083892822	0	0	0	0
HDL	UKBB	AFR	19	6	1725	5	3.45538139343262	0	0	0	0
HDL	UKBB	AFR	19	10	1530	5	1.15472412109375	0	0	0	0
HDL	UKBB	AFR	19	11	2020	5	1.65341544151306	0	0	0	0
HDL	UKBB	AFR	19	12	1803	5	1.48653697967529	0	0	0	0
HDL	UKBB	AFR	19	16	725	5	0.762391805648804	0	0	0	0
HDL	UKBB	AFR	19	19	468	5	0.700080394744873	0	0	0	0
HDL	UKBB	AFR	19	22	3855	5	5.17282938957214	0	0	0	0
HDL	UKBB	AFR	19	25	2792	5	2.98674440383911	0	0	0	0
HDL	UKBB	AFR	19	29	2336	5	2.5334939956665	0	0	0	0
HDL	UKBB	AFR	19	30	2386	5	2.78024888038635	0	0	0	0
HDL	UKBB	AFR	19	32	2916	5	3.55395889282227	0	0	0	0
HDL	UKBB	AFR	19	33	1498	5	1.17992067337036	0	0	0	0
HDL	UKBB	AFR	19	34	1682	5	1.39355874061584	0	0	0	0
HDL	UKBB	AFR	19	37	4780	5	7.81480693817139	0	0	0	0
HDL	UKBB	AFR	19	38	1107	5	0.821355581283569	0	0	1	11
HDL	UKBB	AFR	19	39	6842	5	16.6689496040344	0	0	0	0
HDL	UKBB	AFR	19	47	3341	5	3.7657573223114	0	0	0	0
HDL	UKBB	AFR	19	50	690	5	0.625338554382324	0	0	0	0
HDL	UKBB	AFR	19	51	2290	5	2.37403988838196	0	0	0	0
HDL	UKBB	AFR	19	52	2614	5	2.44860887527466	0	0	0	0
HDL	UKBB	AFR	19	57	4671	5	6.83123183250427	0	0	0	0
HDL	UKBB	AFR	19	58	2547	5	2.75336098670959	0	0	0	0
HDL	UKBB	AFR	19	61	4626	5	8.08505654335022	0	0	0	0
HDL	UKBB	AFR	19	63	2452	5	2.30850291252136	0	0	0	0
HDL	UKBB	AFR	19	64	7054	5	22.6008923053741	0	0	0	0
HDL	UKBB	AFR	19	67	11120	5	50.1413977146149	0	0	0	0
HDL	UKBB	AFR	19	68	2974	5	3.29268455505371	0	0	0	0
HDL	UKBB	AFR	19	70	3916	5	5.38918471336365	0	0	0	0
HDL	UKBB	AFR	19	71	561	5	0.723322153091431	0	0	0	0
HDL	UKBB	AFR	19	73	915	5	0.870617866516113	0	0	0	0
HDL	UKBB	AFR	19	74	5797	5	15.2371025085449	0	0	0	0
HDL	UKBB	AFR	19	75	1278	5	1.28397178649902	0	1	0	0
HDL	UKBB	AFR	19	76	5236	5	8.39930534362793	0	0	0	0
HDL	UKBB	AFR	19	77	8292	5	27.1228120326996	0	1	1	2
HDL	UKBB	AFR	19	79	3107	5	3.84260725975037	0	0	0	0
HDL	UKBB	AFR	19	80	1439	5	1.78453373908997	0	0	0	0
HDL	UKBB	AFR	19	81	4035	5	5.56999516487122	0	0	0	0
HDL	UKBB	AFR	19	89	1929	5	1.77425146102905	0	0	0	0
HDL	UKBB	AFR	19	90	4224	5	6.38578248023987	0	0	0	0
HDL	UKBB	AFR	19	93	1615	5	1.37402701377869	0	0	0	0
HDL	UKBB	AFR	19	94	3010	5	3.07434320449829	0	0	0	0
HDL	UKBB	AFR	19	98	1520	5	1.04375648498535	0	0	0	0
HDL	UKBB	AFR	19	104	2449	5	3.02162027359009	0	0	0	0
HDL	UKBB	AFR	19	109	431	5	0.622477769851685	0	0	0	0
HDL	UKBB	AFR	20	1	1796	5	3.16587686538696	0	0	0	0
HDL	UKBB	AFR	20	2	1863	5	1.57950758934021	0	0	0	0
HDL	UKBB	AFR	20	3	603	5	0.879602909088135	0	0	0	0
HDL	UKBB	AFR	20	11	1828	5	1.37719035148621	0	0	0	0
HDL	UKBB	AFR	20	22	2515	5	2.58695840835571	0	0	0	0
HDL	UKBB	AFR	20	23	540	5	0.65867018699646	0	0	0	0
HDL	UKBB	AFR	20	24	480	5	0.715099096298218	0	0	0	0
HDL	UKBB	AFR	20	29	3165	5	3.41370344161987	0	0	0	0
HDL	UKBB	AFR	20	40	2404	5	3.05506372451782	0	0	0	0
HDL	UKBB	AFR	20	42	7140	5	17.1494202613831	0	0	0	0
HDL	UKBB	AFR	20	48	6795	5	14.6311123371124	0	0	0	0
HDL	UKBB	AFR	20	54	6439	5	14.0702555179596	0	0	0	0
HDL	UKBB	AFR	20	59	8527	5	32.6015338897705	0	0	0	0
HDL	UKBB	AFR	20	62	4020	5	5.37760353088379	0	0	0	0
HDL	UKBB	AFR	20	63	8612	5	32.9493312835693	0	0	0	0
HDL	UKBB	AFR	20	64	2195	5	1.87802219390869	0	0	0	0
HDL	UKBB	AFR	20	65	4641	5	10.1377716064453	0	0	0	0
HDL	UKBB	AFR	20	67	3865	5	5.0316846370697	0	0	0	0
HDL	UKBB	AFR	20	68	1778	5	1.45490980148315	0	0	0	0
HDL	UKBB	AFR	20	69	3626	5	8.8930082321167	0	1	0	0
HDL	UKBB	AFR	20	70	2937	5	3.03637552261353	0	0	0	0
HDL	UKBB	AFR	20	71	4333	5	7.64919400215149	0	1	0	0
HDL	UKBB	AFR	20	72	1071	5	0.832295894622803	0	0	0	0
HDL	UKBB	AFR	20	73	4029	5	4.76285362243652	0	0	0	0
HDL	UKBB	AFR	20	74	1900	5	1.48372101783752	0	0	0	0
HDL	UKBB	AFR	20	75	2953	5	2.97175550460815	0	0	0	0
HDL	UKBB	AFR	20	84	4269	5	8.78262519836426	0	0	0	0
HDL	UKBB	AFR	20	86	3123	5	3.38337111473083	0	0	0	0
HDL	UKBB	AFR	20	93	6113	5	13.4086270332336	0	0	0	0
HDL	UKBB	AFR	20	99	3516	5	4.51035165786743	0	0	0	0
HDL	UKBB	AFR	20	114	4745	5	7.84281373023987	0	0	0	0
HDL	UKBB	AFR	20	115	3350	5	4.19669151306152	0	0	0	0
HDL	UKBB	AFR	21	2	932	5	1.21073412895203	0	0	0	0
HDL	UKBB	AFR	21	3	1610	5	1.56285309791565	0	0	0	0
HDL	UKBB	AFR	21	4	700	5	0.769701957702637	0	0	0	0
HDL	UKBB	AFR	21	30	8395	5	28.1505808830261	0	0	0	0
HDL	UKBB	AFR	21	37	4923	5	8.89409685134888	0	0	0	0
HDL	UKBB	AFR	21	41	7949	5	19.5666027069092	0	0	0	0
HDL	UKBB	AFR	21	45	5622	5	9.7672598361969	0	0	0	0
HDL	UKBB	AFR	21	53	2553	5	2.73166680335999	0	0	0	0
HDL	UKBB	AFR	21	57	2058	5	1.82261443138123	0	0	0	0
HDL	UKBB	AFR	21	62	1119	5	0.97189474105835	0	0	0	0
HDL	UKBB	AFR	21	63	2499	5	2.41123509407043	0	0	0	0
HDL	UKBB	AFR	21	64	4420	5	7.03190684318542	0	0	0	0
HDL	UKBB	AFR	22	13	2286	5	2.01274633407593	0	0	0	0
HDL	UKBB	AFR	22	14	2369	5	3.39077615737915	0	0	0	0
HDL	UKBB	AFR	22	24	4572	5	6.99404883384705	0	0	0	0
HDL	UKBB	AFR	22	26	1796	5	1.61158442497253	0	0	0	0
HDL	UKBB	AFR	22	29	4308	5	7.51534652709961	0	0	0	0
HDL	UKBB	AFR	22	30	14235	5	80.8212988376617	0	0	0	0
HDL	UKBB	AFR	22	33	2982	5	3.00337672233582	0	0	0	0
HDL	UKBB	AFR	22	37	3588	5	4.02962708473206	0	0	0	0
HDL	UKBB	AFR	22	43	3662	5	5.56326961517334	0	0	0	0
HDL	UKBB	AFR	22	44	2537	5	3.55602025985718	0	0	0	0
HDL	UKBB	AFR	22	45	3955	5	5.55500149726868	0	0	0	0
HDL	UKBB	AFR	22	46	8992	5	34.3771312236786	0	0	0	0
HDL	UKBB	AFR	22	47	4742	5	8.71208429336548	0	0	0	0
HDL	UKBB	AFR	22	49	787	5	0.638278722763062	0	0	0	0
HDL	UKBB	AFR	22	50	1065	5	0.87654709815979	0	0	0	0
HDL	UKBB	AFR	22	54	2602	5	3.47929048538208	0	0	0	0
HDL	UKBB	AFR	22	59	4685	5	7.7042760848999	0	0	0	0
HDL	UKBB	AFR	22	62	2473	5	2.73950362205505	0	0	0	0
HDL	UKBB	AFR	22	64	1755	5	1.77671933174133	0	0	0	0
HDL	UKBB	AFR	22	66	2791	5	4.08792996406555	0	0	0	0
HDL	UKBB	AFR	22	70	5019	5	8.28827285766602	0	0	0	0
