pheno	db	chromosome	block	num_variants	L	time	num_variants_0.95	num_variants_0.5	num_CS95	num_variants_CS95	num_variants_0.95.EUR	num_variants_0.5.EUR	num_CS95.EUR	num_variants_CS95.EUR	num_variants_0.95.AFR	num_variants_0.5.AFR	num_CS95.AFR	num_variants_CS95.AFR	num_variants_0.95.EAS	num_variants_0.5.EAS	num_CS95.EAS	num_variants_CS95.EAS
TG	META	1	3	73	5	0.542685985565186	0	0	1	11	0	0	1	11	0	0	0	0	0	0	0	0
TG	META	1	4	292	5	3.9298620223999	1	1	3	25	1	1	3	25	0	0	0	0	0	0	0	0
TG	META	1	5	331	5	2.16826558113098	0	0	1	30	0	0	1	30	0	0	0	0	0	0	0	0
TG	META	1	15	1040	5	14.7442915439606	0	0	1	39	0	0	1	39	0	0	0	0	0	0	0	0
TG	META	1	17	1313	5	23.7087264060974	0	0	0	0	0	0	0	0	0	0	0	0	0	0	0	0
TG	META	1	18	583	5	3.00315141677856	0	0	0	0	0	0	0	0	0	0	0	0	0	0	0	0
TG	META	1	19	829	5	10.1832327842712	0	0	1	57	0	0	1	57	0	0	0	0	0	0	0	0
TG	META	1	21	675	5	3.37731242179871	0	0	0	0	0	0	0	0	0	0	0	0	0	0	0	0
TG	META	1	23	417	5	2.57127833366394	0	0	0	0	0	0	0	0	0	0	0	0	0	0	0	0
TG	META	1	32	386	5	1.42703413963318	0	0	1	16	0	0	1	16	0	0	0	0	0	0	0	0
TG	META	1	35	990	5	9.65379309654236	0	0	1	13	0	0	1	13	0	0	0	0	0	0	1	13
TG	META	1	43	387	5	2.19523954391479	0	0	0	0	0	0	0	0	0	0	0	0	0	0	0	0
TG	META	1	48	481	5	2.78167390823364	0	0	2	15	0	0	2	15	0	0	0	0	0	0	0	0
TG	META	1	50	660	5	5.01776432991028	0	0	0	0	0	0	0	0	0	0	0	0	0	0	0	0
TG	META	1	51	459	5	2.83433723449707	0	0	0	0	0	0	0	0	0	0	0	0	0	0	0	0
TG	META	1	52	957	5	10.0526654720306	0	1	3	24	0	1	3	24	0	1	0	0	0	1	2	8
TG	META	1	53	803	5	8.89476919174194	0	0	1	22	0	0	1	22	0	0	0	0	0	0	0	0
TG	META	1	58	955	5	9.08382534980774	0	0	1	4	0	0	1	4	0	0	0	0	0	0	1	4
TG	META	1	63	826	5	5.48252129554749	0	0	0	0	0	0	0	0	0	0	0	0	0	0	0	0
TG	META	1	67	877	5	9.07618856430054	0	0	0	0	0	0	0	0	0	0	0	0	0	0	0	0
TG	META	1	70	1028	5	10.2685632705688	0	0	2	24	0	0	2	24	0	0	1	9	0	0	0	0
TG	META	1	71	1019	5	12.607310295105	0	1	1	3	0	1	1	3	0	0	0	0	0	0	0	0
TG	META	1	83	1077	5	18.922046661377	0	1	3	13	0	1	3	13	0	0	0	0	0	0	0	0
TG	META	1	85	681	5	6.71761202812195	0	0	0	0	0	0	0	0	0	0	0	0	0	0	0	0
TG	META	1	94	255	5	1.9106912612915	1	1	1	1	1	1	1	1	0	0	0	0	0	0	0	0
TG	META	1	96	956	5	8.9761803150177	0	1	2	12	0	1	2	12	0	1	2	12	0	0	0	0
TG	META	1	97	1118	5	10.3516185283661	1	1	1	1	1	1	1	1	1	1	1	1	1	1	1	1
TG	META	1	100	1150	5	21.5208475589752	0	0	0	0	0	0	0	0	0	0	0	0	0	0	0	0
TG	META	1	101	918	5	6.24895429611206	0	0	0	0	0	0	0	0	0	0	0	0	0	0	0	0
TG	META	1	105	2142	5	121.086469888687	0	0	2	15	0	0	2	15	0	0	0	0	0	0	0	0
TG	META	1	124	1461	5	24.8720955848694	0	0	2	48	0	0	2	48	0	0	1	5	0	0	0	0
TG	META	1	125	1538	5	34.1826267242432	0	0	1	3	0	0	1	3	0	0	0	0	0	0	1	3
TG	META	1	127	933	5	15.5743365287781	0	0	0	0	0	0	0	0	0	0	0	0	0	0	0	0
TG	META	1	129	442	5	2.09702825546265	0	0	1	28	0	0	1	28	0	0	0	0	0	0	0	0
TG	META	1	132	1182	5	13.6344211101532	0	0	0	0	0	0	0	0	0	0	0	0	0	0	0	0
TG	META	1	135	1463	5	38.097291469574	0	0	0	0	0	0	0	0	0	0	0	0	0	0	0	0
TG	META	1	138	1096	5	8.67153596878052	0	0	1	5	0	0	1	5	0	0	0	0	0	0	0	0
TG	META	1	139	328	5	3.1535177230835	0	0	1	4	0	0	1	4	0	0	0	0	0	0	0	0
TG	META	1	143	908	5	5.83895611763	0	0	1	10	0	0	1	10	0	0	0	0	0	0	1	10
TG	META	1	144	509	5	2.76088786125183	0	0	1	16	0	0	1	16	0	0	0	0	0	0	0	0
TG	META	1	150	1219	5	18.9734792709351	0	0	1	25	0	0	1	25	0	0	0	0	0	0	0	0
TG	META	1	154	1357	5	27.6249394416809	0	0	1	28	0	0	1	28	0	0	0	0	0	0	0	0
TG	META	1	155	644	5	5.90926766395569	0	0	0	0	0	0	0	0	0	0	0	0	0	0	0	0
TG	META	1	156	908	5	19.6880261898041	1	3	4	26	1	3	3	17	0	1	1	1	0	1	1	9
TG	META	1	158	654	5	4.19977021217346	1	1	1	1	1	1	1	1	0	0	0	0	0	1	1	1
TG	META	1	168	1150	5	19.6190102100372	0	0	0	0	0	0	0	0	0	0	0	0	0	0	0	0
TG	META	1	182	1549	5	39.80233502388	0	0	2	19	0	0	2	19	0	0	1	8	0	0	1	8
TG	META	1	183	1441	5	32.5464367866516	0	0	1	24	0	0	1	24	0	0	0	0	0	0	0	0
TG	META	1	184	372	5	3.32364130020142	0	0	0	0	0	0	0	0	0	0	0	0	0	0	0	0
TG	META	1	187	1121	5	16.5878400802612	0	0	0	0	0	0	0	0	0	0	0	0	0	0	0	0
TG	META	1	192	1162	5	12.0547182559967	0	0	1	8	0	0	1	8	0	0	0	0	0	0	1	8
TG	META	1	193	1272	5	28.0212743282318	0	1	0	0	0	1	0	0	0	0	0	0	0	0	0	0
TG	META	1	201	924	5	12.8564810752869	0	0	0	0	0	0	0	0	0	0	0	0	0	0	0	0
TG	META	1	202	1149	5	16.855010509491	0	0	1	9	0	0	1	9	0	0	0	0	0	0	0	0
TG	META	1	203	1049	5	16.1041414737701	0	0	1	7	0	0	1	7	0	0	0	0	0	0	0	0
TG	META	1	207	681	5	3.55358982086182	0	0	1	16	0	0	1	16	0	0	0	0	0	0	0	0
TG	META	1	208	788	5	4.21513628959656	0	0	2	29	0	0	2	29	0	0	0	0	0	0	0	0
TG	META	1	209	375	5	2.33912181854248	1	1	1	1	0	0	0	0	1	1	1	1	0	1	1	1
TG	META	1	211	482	5	3.15160346031189	1	1	1	1	1	1	1	1	0	0	0	0	0	0	0	0
TG	META	1	212	807	5	11.3000104427338	0	0	0	0	0	0	0	0	0	0	0	0	0	0	0	0
TG	META	1	213	603	5	5.92565011978149	0	1	2	24	0	1	2	24	0	1	1	2	0	0	0	0
TG	META	1	214	565	5	3.40262818336487	0	1	1	2	0	1	1	2	0	1	1	2	0	0	1	2
TG	META	1	217	550	5	3.9953875541687	0	0	0	0	0	0	0	0	0	0	0	0	0	0	0	0
TG	META	1	219	1154	5	13.1849179267883	0	0	1	29	0	0	1	29	0	0	0	0	0	0	0	0
TG	META	1	221	1234	5	15.1231048107147	0	0	1	7	0	0	1	7	0	0	0	0	0	0	0	0
TG	META	1	226	511	5	4.74258947372437	0	0	1	12	0	0	1	12	0	0	0	0	0	0	0	0
TG	META	1	228	666	5	6.15925264358521	0	0	0	0	0	0	0	0	0	0	0	0	0	0	0	0
TG	META	1	233	1557	5	35.0689449310303	1	1	2	8	1	1	2	8	1	1	1	1	0	0	0	0
TG	META	1	234	1778	5	51.104900598526	1	1	2	16	1	1	2	16	0	0	0	0	0	0	1	15
TG	META	1	235	926	5	9.17721056938171	0	1	1	29	0	0	1	29	0	1	0	0	0	1	0	0
TG	META	1	238	2309	5	148.64465546608	0	1	0	0	0	1	0	0	0	1	0	0	0	0	0	0
TG	META	1	239	620	5	6.91101694107056	0	1	3	33	0	1	3	33	0	1	1	4	0	0	0	0
TG	META	1	240	2377	5	156.770169973373	0	1	1	3	0	1	1	3	0	0	1	3	0	0	1	3
TG	META	1	242	417	5	5.53833889961243	0	1	2	7	0	1	1	4	0	1	2	7	0	0	1	3
TG	META	1	243	703	5	5.89274120330811	1	4	4	13	1	4	4	13	1	1	1	1	1	2	3	8
TG	META	1	244	1515	5	39.371896982193	0	0	1	8	0	0	1	8	0	0	0	0	0	0	0	0
TG	META	1	248	836	5	11.2827320098877	0	1	0	0	0	0	0	0	0	1	0	0	0	0	0	0
TG	META	1	252	567	5	5.55755710601807	0	0	2	21	0	0	2	21	0	0	1	6	0	0	1	6
TG	META	1	254	775	5	10.9878585338593	0	1	1	6	0	1	1	6	0	0	0	0	0	0	0	0
TG	META	1	255	646	5	5.03177404403687	0	0	0	0	0	0	0	0	0	0	0	0	0	0	0	0
TG	META	1	257	798	5	6.92338037490845	0	0	1	55	0	0	1	55	0	0	0	0	0	0	0	0
TG	META	1	264	606	5	7.21700024604797	0	0	1	6	0	0	0	0	0	0	1	6	0	0	0	0
TG	META	1	274	1370	5	25.4187984466553	0	0	0	0	0	0	0	0	0	0	0	0	0	0	0	0
TG	META	1	277	225	5	2.14800000190735	0	1	0	0	0	0	0	0	0	1	0	0	0	0	0	0
TG	META	1	280	2066	5	85.6989696025848	0	0	0	0	0	0	0	0	0	0	0	0	0	0	0	0
TG	META	2	1	348	5	2.96121907234192	0	0	2	70	0	0	1	24	0	0	1	24	0	0	1	24
TG	META	2	2	2054	5	106.647667169571	0	0	1	32	0	0	1	32	0	0	0	0	0	0	1	32
TG	META	2	6	627	5	5.86967372894287	0	1	1	2	0	1	1	2	0	0	0	0	0	0	0	0
TG	META	2	7	503	5	2.78091406822205	0	0	0	0	0	0	0	0	0	0	0	0	0	0	0	0
TG	META	2	21	274	5	1.84772181510925	0	1	1	2	0	1	1	2	0	0	0	0	0	0	0	0
TG	META	2	34	1441	5	22.0091183185577	0	0	0	0	0	0	0	0	0	0	0	0	0	0	0	0
TG	META	2	41	811	5	6.09304523468018	1	1	2	11	1	1	2	11	1	1	1	1	1	1	2	11
TG	META	2	43	182	5	1.53044486045837	0	0	0	0	0	0	0	0	0	0	0	0	0	0	0	0
TG	META	2	44	600	10	18.2963316440582	5	8	8	30	4	7	6	10	2	3	4	7	2	3	5	26
TG	META	2	45	1245	5	24.4049932956696	1	1	1	1	1	1	1	1	0	0	0	0	0	0	0	0
TG	META	2	47	1475	5	29.7095680236816	0	1	1	38	0	1	0	0	0	0	0	0	0	0	0	0
TG	META	2	48	774	5	11.6712465286255	1	3	4	25	1	3	4	25	0	0	0	0	0	0	1	2
TG	META	2	49	1059	10	31.9113063812256	4	5	6	19	4	5	6	19	3	3	3	3	1	2	2	2
TG	META	2	50	987	5	11.8367519378662	0	1	0	0	0	1	0	0	0	1	0	0	0	0	0	0
TG	META	2	55	2080	5	102.928385734558	0	0	0	0	0	0	0	0	0	0	0	0	0	0	0	0
TG	META	2	63	931	5	9.90075302124023	0	0	1	37	0	0	0	0	0	0	0	0	0	0	0	0
TG	META	2	66	2577	5	188.827503919601	0	0	1	22	0	0	1	22	0	0	0	0	0	0	0	0
TG	META	2	69	1499	5	26.9481666088104	0	0	0	0	0	0	0	0	0	0	0	0	0	0	0	0
TG	META	2	71	937	5	7.28798198699951	0	0	2	22	0	0	2	22	0	0	0	0	0	0	0	0
TG	META	2	72	1857	5	49.9870903491974	0	0	0	0	0	0	0	0	0	0	0	0	0	0	0	0
TG	META	2	74	710	5	4.15593314170837	0	1	1	4	0	1	1	4	0	0	0	0	0	1	1	4
TG	META	2	76	881	5	7.82733201980591	0	0	1	30	0	0	1	30	0	0	0	0	0	0	0	0
TG	META	2	79	1045	5	11.0983560085297	0	1	1	4	0	1	1	4	0	0	0	0	0	0	0	0
TG	META	2	80	3109	5	340.19021320343	0	0	1	31	0	0	1	31	0	0	0	0	0	0	0	0
TG	META	2	84	4136	5	745.771933078766	0	0	0	0	0	0	0	0	0	0	0	0	0	0	0	0
TG	META	2	85	3882	5	638.212328195572	0	0	1	4	0	0	1	4	0	0	0	0	0	0	0	0
TG	META	2	86	1449	5	25.2223618030548	0	0	1	11	0	0	1	11	0	0	0	0	0	0	0	0
TG	META	2	87	497	5	7.07941436767578	0	0	0	0	0	0	0	0	0	0	0	0	0	0	0	0
TG	META	2	88	3828	5	639.326278448105	0	0	1	29	0	0	1	29	0	0	0	0	0	0	0	0
TG	META	2	89	766	5	8.41409993171692	0	0	2	16	0	0	2	16	0	0	0	0	0	0	1	4
TG	META	2	90	879	5	14.277779340744	0	0	1	9	0	0	1	9	0	0	1	9	0	0	0	0
TG	META	2	95	960	5	9.46486401557922	0	0	1	9	0	0	1	9	0	0	0	0	0	0	0	0
TG	META	2	99	739	5	6.36487555503845	0	1	1	4	0	1	1	4	0	0	0	0	0	0	1	4
TG	META	2	115	1732	5	73.2705090045929	0	0	0	0	0	0	0	0	0	0	0	0	0	0	0	0
TG	META	2	117	915	5	13.4209229946136	0	1	1	6	0	1	1	6	0	0	0	0	0	0	0	0
TG	META	2	122	652	5	6.54309344291687	0	0	1	12	0	0	1	12	0	0	1	12	0	0	1	12
TG	META	2	123	43	5	0.323098182678223	0	0	0	0	0	0	0	0	0	0	0	0	0	0	0	0
TG	META	2	124	1109	5	10.069016456604	0	0	2	33	0	0	2	33	0	0	0	0	0	0	1	18
TG	META	2	125	1048	5	10.6320304870605	0	0	0	0	0	0	0	0	0	0	0	0	0	0	0	0
TG	META	2	128	1696	5	49.6701159477234	1	1	1	1	1	1	1	1	0	0	1	1	0	1	1	1
TG	META	2	131	58	5	0.192669630050659	1	3	2	3	1	3	2	3	0	2	1	2	0	2	1	2
TG	META	2	132	202	5	1.70873689651489	0	0	1	10	0	0	1	10	0	0	0	0	0	0	0	0
TG	META	2	138	1562	5	51.6849238872528	0	0	0	0	0	0	0	0	0	0	0	0	0	0	0	0
TG	META	2	153	1258	5	19.2715268135071	0	0	3	74	0	0	3	74	0	0	0	0	0	0	2	31
TG	META	2	159	2654	5	216.741634607315	0	0	0	0	0	0	0	0	0	0	0	0	0	0	0	0
TG	META	2	161	1652	5	58.7482628822327	0	0	0	0	0	0	0	0	0	0	0	0	0	0	0	0
TG	META	2	163	144	5	0.304466247558594	0	1	1	4	0	1	1	4	0	0	1	4	0	0	0	0
TG	META	2	164	320	5	2.55406165122986	0	0	0	0	0	0	0	0	0	0	0	0	0	0	0	0
TG	META	2	166	2376	5	172.889019489288	0	2	3	25	0	2	3	25	0	0	0	0	0	0	0	0
TG	META	2	168	1025	5	11.4633088111877	2	3	4	11	2	3	4	11	1	2	2	3	0	2	3	9
TG	META	2	169	1294	5	21.2740926742554	1	2	1	1	1	2	1	1	0	0	0	0	0	0	0	0
TG	META	2	171	1868	5	70.034184217453	0	0	1	15	0	0	1	15	0	0	0	0	0	0	1	15
TG	META	2	174	534	5	3.95516467094421	0	0	0	0	0	0	0	0	0	0	0	0	0	0	0	0
TG	META	2	176	1660	5	48.3970158100128	0	0	1	20	0	0	1	20	0	0	0	0	0	0	0	0
TG	META	2	180	1051	5	13.694150686264	0	0	0	0	0	0	0	0	0	0	0	0	0	0	0	0
TG	META	2	181	1444	5	31.696316242218	0	0	0	0	0	0	0	0	0	0	0	0	0	0	0	0
TG	META	2	184	2213	5	109.359290361404	0	0	0	0	0	0	0	0	0	0	0	0	0	0	0	0
TG	META	2	186	1772	5	44.2897255420685	0	0	1	20	0	0	1	20	0	0	0	0	0	0	0	0
TG	META	2	195	2362	5	117.028801202774	0	0	0	0	0	0	0	0	0	0	0	0	0	0	0	0
TG	META	2	197	1345	5	39.7676138877869	0	0	0	0	0	0	0	0	0	0	0	0	0	0	0	0
TG	META	2	198	719	5	4.42178320884705	0	1	1	12	0	1	1	12	0	0	0	0	0	1	0	0
TG	META	2	199	1502	5	31.9045405387878	0	0	2	64	0	0	2	64	0	0	0	0	0	0	1	48
TG	META	2	201	1374	5	24.6205079555511	0	0	0	0	0	0	0	0	0	0	0	0	0	0	0	0
TG	META	2	202	200	5	1.08958220481873	0	0	1	4	0	0	1	4	0	0	0	0	0	0	0	0
TG	META	2	205	708	5	7.73344111442566	0	0	0	0	0	0	0	0	0	0	0	0	0	0	0	0
TG	META	2	210	970	5	6.87955331802368	0	0	0	0	0	0	0	0	0	0	0	0	0	0	0	0
TG	META	2	211	1256	5	14.5544891357422	0	0	0	0	0	0	0	0	0	0	0	0	0	0	0	0
TG	META	2	213	2705	5	183.607000827789	0	0	0	0	0	0	0	0	0	0	0	0	0	0	0	0
TG	META	2	214	665	5	5.69214010238647	0	0	0	0	0	0	0	0	0	0	0	0	0	0	0	0
TG	META	2	217	615	10	19.7069451808929	1	1	5	43	1	1	5	43	0	1	2	13	0	0	0	0
TG	META	2	218	514	5	4.40265107154846	0	0	0	0	0	0	0	0	0	0	0	0	0	0	0	0
TG	META	2	230	782	5	4.18320560455322	0	1	3	37	0	1	3	37	0	1	2	12	0	0	1	5
TG	META	2	231	397	5	2.89147782325745	0	0	1	17	0	0	1	17	0	0	0	0	0	0	1	17
TG	META	2	235	621	5	6.36859726905823	0	0	2	18	0	0	2	18	0	0	1	7	0	0	1	7
TG	META	2	237	1068	5	9.71118092536926	0	0	0	0	0	0	0	0	0	0	0	0	0	0	0	0
TG	META	2	240	996	5	6.26749444007874	0	1	1	3	0	1	1	3	0	0	0	0	0	0	0	0
TG	META	2	242	1152	5	14.7199969291687	0	1	1	3	0	1	1	3	0	0	0	0	0	0	0	0
TG	META	2	250	2471	5	169.490224599838	0	0	0	0	0	0	0	0	0	0	0	0	0	0	0	0
TG	META	2	251	679	5	4.32063412666321	0	0	0	0	0	0	0	0	0	0	0	0	0	0	0	0
TG	META	2	256	777	5	5.29624128341675	0	1	0	0	0	1	0	0	0	0	0	0	0	0	0	0
TG	META	3	1	4957	5	957.342238903046	0	1	0	0	0	1	0	0	0	1	0	0	0	0	0	0
TG	META	3	8	406	5	3.66088128089905	0	0	1	8	0	0	1	8	0	0	0	0	0	0	0	0
TG	META	3	9	409	5	4.37498688697815	0	0	0	0	0	0	0	0	0	0	0	0	0	0	0	0
TG	META	3	20	1196	5	12.9474537372589	0	0	1	14	0	0	1	14	0	0	0	0	0	0	0	0
TG	META	3	23	776	5	5.58332395553589	0	1	1	22	0	0	1	22	0	0	0	0	0	0	0	0
TG	META	3	24	1407	5	33.7454776763916	2	3	4	12	2	3	4	12	1	3	2	3	0	1	2	10
TG	META	3	30	1286	5	23.4596166610718	0	0	1	92	0	0	1	92	0	0	0	0	0	0	0	0
TG	META	3	31	784	5	6.54401874542236	0	0	1	10	0	0	1	10	0	0	0	0	0	0	0	0
TG	META	3	33	383	5	2.00699782371521	0	0	1	37	0	0	1	37	0	0	0	0	0	0	0	0
TG	META	3	35	1659	5	55.3545627593994	0	0	0	0	0	0	0	0	0	0	0	0	0	0	0	0
TG	META	3	39	2311	5	128.559280157089	0	0	1	24	0	0	1	24	0	0	0	0	0	0	0	0
TG	META	3	40	990	5	6.93851566314697	0	1	1	5	0	1	1	5	0	1	1	5	0	1	1	5
TG	META	3	41	1906	5	85.4669678211212	2	2	2	2	2	2	2	2	0	0	0	0	0	1	1	1
TG	META	3	49	2175	5	117.877394676208	0	0	0	0	0	0	0	0	0	0	0	0	0	0	0	0
TG	META	3	55	599	5	3.7435622215271	0	0	1	30	0	0	1	30	0	0	0	0	0	0	0	0
TG	META	3	57	824	5	5.50465750694275	0	0	1	11	0	0	1	11	0	0	0	0	0	0	0	0
TG	META	3	60	1829	5	60.9830822944641	0	0	0	0	0	0	0	0	0	0	0	0	0	0	0	0
TG	META	3	62	878	5	9.44862151145935	0	0	1	15	0	0	1	15	0	0	0	0	0	0	0	0
TG	META	3	65	603	5	7.88301420211792	0	1	0	0	0	1	0	0	0	0	0	0	0	0	0	0
TG	META	3	70	1556	5	39.2848167419434	0	0	0	0	0	0	0	0	0	0	0	0	0	0	0	0
TG	META	3	71	1255	5	25.4934465885162	0	0	1	37	0	0	1	37	0	0	0	0	0	0	1	37
TG	META	3	77	2703	5	164.463506698608	0	0	0	0	0	0	0	0	0	0	0	0	0	0	0	0
TG	META	3	83	2384	5	161.691025972366	0	0	0	0	0	0	0	0	0	0	0	0	0	0	0	0
TG	META	3	85	1133	5	18.3863723278046	0	1	1	3	0	1	1	3	0	0	0	0	0	0	0	0
TG	META	3	88	1497	5	36.6735148429871	0	0	1	19	0	0	1	19	0	0	0	0	0	0	1	19
TG	META	3	89	1158	5	11.4994561672211	1	1	1	1	1	1	1	1	1	1	1	1	1	1	1	1
TG	META	3	114	832	5	6.67250108718872	0	0	1	11	0	0	1	11	0	0	0	0	0	0	1	11
TG	META	3	115	1244	5	14.7803647518158	0	0	1	27	0	0	1	27	0	0	0	0	0	0	0	0
TG	META	3	120	1098	5	17.999995470047	0	1	0	0	0	1	0	0	0	1	0	0	0	0	0	0
TG	META	3	121	1230	5	18.3588473796844	0	0	0	0	0	0	0	0	0	0	0	0	0	0	0	0
TG	META	3	124	211	5	2.21449828147888	0	1	1	10	0	1	1	10	0	0	0	0	0	0	0	0
TG	META	3	132	1623	5	36.0241124629974	0	0	1	16	0	0	1	16	0	0	0	0	0	0	0	0
TG	META	3	133	927	5	8.04471206665039	0	0	1	23	0	0	1	23	0	0	0	0	0	0	0	0
TG	META	3	136	684	5	5.16475987434387	0	1	2	7	0	1	1	3	1	1	2	5	1	1	2	5
TG	META	3	140	1223	5	17.0269141197205	0	1	1	4	0	1	1	4	0	1	1	4	0	0	1	4
TG	META	3	145	1457	5	43.5463206768036	0	1	3	51	0	1	3	51	0	0	0	0	0	0	1	20
TG	META	3	150	1121	5	14.5980191230774	0	0	0	0	0	0	0	0	0	0	0	0	0	0	0	0
TG	META	3	155	1242	5	16.7595355510712	1	1	2	23	1	1	2	23	0	0	0	0	0	0	1	22
TG	META	3	161	1700	5	44.2103960514069	0	0	1	6	0	0	1	6	0	0	0	0	0	0	0	0
TG	META	3	162	2014	5	113.270684480667	0	2	1	4	0	2	1	4	0	1	0	0	0	0	0	0
TG	META	3	172	864	5	7.50358748435974	0	1	1	7	0	1	1	7	0	1	1	7	0	0	0	0
TG	META	3	173	541	5	2.42447829246521	0	1	1	4	0	1	1	4	0	1	0	0	0	0	0	0
TG	META	3	174	284	5	1.26304244995117	0	0	1	24	0	0	1	24	0	0	0	0	0	0	0	0
TG	META	3	175	467	5	8.5309431552887	1	2	3	11	1	2	3	11	0	1	1	3	0	0	1	7
TG	META	3	186	1584	5	33.4035332202911	0	0	0	0	0	0	0	0	0	0	0	0	0	0	0	0
TG	META	3	191	925	5	6.72671055793762	0	1	0	0	0	1	0	0	0	0	0	0	0	0	0	0
TG	META	3	193	1468	5	32.1528499126434	0	2	2	15	0	2	2	15	0	2	0	0	0	0	0	0
TG	META	3	196	186	5	1.51027035713196	0	0	1	7	0	0	1	7	0	0	0	0	0	0	0	0
TG	META	3	214	1319	5	16.0279610157013	0	0	0	0	0	0	0	0	0	0	0	0	0	0	0	0
TG	META	4	1	3148	10	740.125222682953	4	6	6	8	4	6	5	6	1	3	2	2	2	4	5	6
TG	META	4	4	1233	5	25.8318209648132	0	0	0	0	0	0	0	0	0	0	0	0	0	0	0	0
TG	META	4	19	522	5	2.23634934425354	0	0	0	0	0	0	0	0	0	0	0	0	0	0	0	0
TG	META	4	21	2545	5	143.91694188118	1	1	1	1	1	1	1	1	1	1	1	1	1	1	1	1
TG	META	4	28	1389	5	20.8761370182037	0	1	2	24	0	1	2	24	0	0	0	0	0	0	0	0
TG	META	4	32	1559	5	29.9266543388367	0	1	2	11	0	1	2	11	0	1	1	2	0	1	1	2
TG	META	4	42	232	5	1.13669347763062	0	1	3	13	0	1	3	13	0	0	0	0	0	0	0	0
TG	META	4	43	581	5	4.39429044723511	0	0	0	0	0	0	0	0	0	0	0	0	0	0	0	0
TG	META	4	48	1333	5	20.7330958843231	0	0	0	0	0	0	0	0	0	0	0	0	0	0	0	0
TG	META	4	54	3457	5	342.538431167603	0	1	0	0	0	1	0	0	0	0	0	0	0	1	0	0
TG	META	4	55	1187	5	19.8539199829102	0	0	1	6	0	0	1	6	0	0	0	0	0	0	1	6
TG	META	4	64	2012	5	90.2707266807556	0	0	0	0	0	0	0	0	0	0	0	0	0	0	0	0
TG	META	4	66	1058	5	7.5443742275238	0	0	1	21	0	0	1	21	0	0	0	0	0	0	0	0
TG	META	4	74	1400	5	20.1678926944733	0	0	0	0	0	0	0	0	0	0	0	0	0	0	0	0
TG	META	4	80	1328	5	19.6009702682495	0	1	2	14	0	1	2	14	0	1	2	14	0	0	1	4
TG	META	4	82	538	5	2.09801840782166	0	0	1	5	0	0	1	5	0	0	0	0	0	0	0	0
TG	META	4	84	1145	5	10.918196439743	0	0	0	0	0	0	0	0	0	0	0	0	0	0	0	0
TG	META	4	87	1951	5	79.9607927799225	0	0	1	13	0	0	1	13	0	0	0	0	0	0	0	0
TG	META	4	90	1046	5	9.16179013252258	0	0	0	0	0	0	0	0	0	0	0	0	0	0	0	0
TG	META	4	95	568	5	7.54845905303955	0	0	0	0	0	0	0	0	0	0	0	0	0	0	0	0
TG	META	4	97	748	5	4.8466522693634	0	0	1	32	0	0	1	32	0	0	0	0	0	0	0	0
TG	META	4	101	1308	5	24.3116400241852	1	3	3	9	1	2	3	9	0	1	1	2	0	2	3	9
TG	META	4	102	930	5	5.73634004592896	0	0	0	0	0	0	0	0	0	0	0	0	0	0	0	0
TG	META	4	103	768	5	8.36719179153442	0	0	2	22	0	0	2	22	0	0	1	6	0	0	1	6
TG	META	4	109	614	5	4.96610546112061	0	0	2	37	0	0	1	24	0	0	0	0	0	0	1	13
TG	META	4	112	1834	5	52.7433195114136	0	0	0	0	0	0	0	0	0	0	0	0	0	0	0	0
TG	META	4	113	1335	5	18.5710752010345	0	2	3	16	0	2	3	16	0	1	1	2	0	1	1	2
TG	META	4	114	1482	5	20.969922542572	0	0	0	0	0	0	0	0	0	0	0	0	0	0	0	0
TG	META	4	115	614	5	2.58754968643188	0	0	1	11	0	0	1	11	0	0	0	0	0	0	0	0
TG	META	4	116	838	5	6.75844836235046	0	0	1	33	0	0	1	33	0	0	1	33	0	0	1	33
TG	META	4	117	1271	5	20.2107074260712	0	0	1	15	0	0	1	15	0	0	0	0	0	0	0	0
TG	META	4	121	1053	5	11.1691150665283	0	1	3	22	0	1	3	22	0	0	0	0	0	0	1	8
TG	META	4	122	514	5	2.68659424781799	0	0	0	0	0	0	0	0	0	0	0	0	0	0	0	0
TG	META	4	133	1148	5	13.3517858982086	0	0	0	0	0	0	0	0	0	0	0	0	0	0	0	0
TG	META	4	134	2409	5	122.676203250885	0	1	1	3	0	1	1	3	0	1	0	0	0	0	0	0
TG	META	4	136	1877	5	56.4263548851013	0	0	1	73	0	0	1	73	0	0	0	0	0	0	0	0
TG	META	4	139	2153	5	90.7267472743988	0	0	0	0	0	0	0	0	0	0	0	0	0	0	0	0
TG	META	4	147	650	5	5.08253836631775	0	0	1	29	0	0	1	29	0	0	0	0	0	0	0	0
TG	META	4	148	849	5	6.25198721885681	0	0	1	3	0	0	1	3	0	0	1	3	0	0	1	3
TG	META	4	149	1302	5	15.3589241504669	0	0	1	6	0	0	1	6	0	0	0	0	0	0	1	6
TG	META	4	150	1181	5	14.7831139564514	0	0	1	25	0	0	1	25	0	0	0	0	0	0	0	0
TG	META	4	153	1379	5	23.2191059589386	0	0	1	16	0	0	1	16	0	0	0	0	0	0	0	0
TG	META	4	154	560	5	3.12440752983093	0	0	1	9	0	0	1	9	0	0	0	0	0	0	0	0
TG	META	4	156	1895	5	64.957451581955	0	0	1	34	0	0	1	34	0	0	0	0	0	0	0	0
TG	META	4	159	578	5	5.08900928497314	0	0	1	11	0	0	1	11	0	0	0	0	0	0	0	0
TG	META	4	161	429	5	4.29984903335571	0	0	0	0	0	0	0	0	0	0	0	0	0	0	0	0
TG	META	4	162	1056	5	10.5367381572723	0	0	0	0	0	0	0	0	0	0	0	0	0	0	0	0
TG	META	4	165	969	5	5.72894430160522	0	0	1	15	0	0	1	15	0	0	0	0	0	0	1	15
TG	META	4	180	1338	5	21.7640316486359	0	0	0	0	0	0	0	0	0	0	0	0	0	0	0	0
TG	META	4	184	748	5	3.98826265335083	0	0	1	24	0	0	1	24	0	0	0	0	0	0	0	0
TG	META	4	199	315	5	1.05336165428162	0	0	0	0	0	0	0	0	0	0	0	0	0	0	0	0
TG	META	5	27	2466	5	161.265406370163	0	0	0	0	0	0	0	0	0	0	0	0	0	0	0	0
TG	META	5	33	730	5	6.86797451972961	0	0	0	0	0	0	0	0	0	0	0	0	0	0	0	0
TG	META	5	49	433	5	1.59400582313538	0	0	0	0	0	0	0	0	0	0	0	0	0	0	0	0
TG	META	5	64	1648	5	28.0669937133789	1	2	3	8	0	2	3	8	1	2	2	3	1	2	2	3
TG	META	5	66	951	5	7.25987911224365	0	0	0	0	0	0	0	0	0	0	0	0	0	0	0	0
TG	META	5	68	382	5	1.35865807533264	0	1	2	11	0	1	2	11	0	1	1	2	0	1	1	2
TG	META	5	69	625	10	12.3404958248138	1	3	5	30	1	3	5	30	0	2	2	3	0	1	2	5
TG	META	5	71	1971	5	73.2663724422455	0	1	1	4	0	1	1	4	0	1	1	4	0	1	1	4
TG	META	5	72	1836	5	49.1837255954742	0	0	0	0	0	0	0	0	0	0	0	0	0	0	0	0
TG	META	5	74	2276	5	89.4633986949921	0	0	0	0	0	0	0	0	0	0	0	0	0	0	0	0
TG	META	5	78	413	5	1.52888989448547	0	1	1	3	0	1	1	3	0	0	0	0	0	0	0	0
TG	META	5	81	1014	5	9.84780645370483	0	0	2	79	0	0	2	79	0	0	0	0	0	0	0	0
TG	META	5	85	1572	5	49.690869808197	0	0	0	0	0	0	0	0	0	0	0	0	0	0	0	0
TG	META	5	88	651	5	3.99271965026855	0	0	0	0	0	0	0	0	0	0	0	0	0	0	0	0
TG	META	5	92	959	5	6.90156078338623	0	0	1	42	0	0	1	42	0	0	0	0	0	0	0	0
TG	META	5	96	1352	5	27.4688146114349	0	0	0	0	0	0	0	0	0	0	0	0	0	0	0	0
TG	META	5	97	974	5	6.06134366989136	0	0	1	4	0	0	1	4	0	0	0	0	0	0	0	0
TG	META	5	102	1396	5	22.5865318775177	0	0	1	13	0	0	1	13	0	0	0	0	0	0	0	0
TG	META	5	103	1049	5	10.422459602356	0	0	1	8	0	0	1	8	0	0	0	0	0	0	1	8
TG	META	5	108	595	5	3.11591577529907	0	0	1	45	0	0	1	45	0	0	0	0	0	0	0	0
TG	META	5	109	755	5	5.66235852241516	0	1	2	20	0	1	2	20	0	0	0	0	0	0	0	0
TG	META	5	111	1644	5	39.7564852237701	0	0	0	0	0	0	0	0	0	0	0	0	0	0	0	0
TG	META	5	114	3811	5	447.502269029617	0	0	1	64	0	0	0	0	0	0	0	0	0	0	0	0
TG	META	5	116	1956	5	75.8469738960266	0	0	1	6	0	0	1	6	0	0	0	0	0	0	0	0
TG	META	5	120	1666	5	45.5847573280334	0	1	1	15	0	1	1	15	0	1	0	0	0	0	0	0
TG	META	5	127	2226	5	148.821095943451	0	0	1	5	0	0	1	5	0	0	0	0	0	0	0	0
TG	META	5	130	1961	5	82.8614039421082	0	0	0	0	0	0	0	0	0	0	0	0	0	0	0	0
TG	META	5	136	1723	5	49.9861772060394	0	0	1	8	0	0	1	8	0	0	0	0	0	0	0	0
TG	META	5	142	1110	5	12.4849948883057	0	0	1	18	0	0	1	18	0	0	0	0	0	0	1	18
TG	META	5	145	1671	5	36.9952030181885	0	0	1	27	0	0	1	27	0	0	0	0	0	0	0	0
TG	META	5	146	1442	5	18.6216042041779	0	0	1	17	0	0	1	17	0	0	0	0	0	0	1	17
TG	META	5	147	873	5	8.24275398254395	0	0	1	6	0	0	1	6	0	0	0	0	0	0	0	0
TG	META	5	152	2186	5	111.678191900253	0	0	1	10	0	0	1	10	0	0	0	0	0	0	0	0
TG	META	5	156	993	5	8.18765449523926	0	0	1	41	0	0	1	41	0	0	0	0	0	0	0	0
TG	META	5	158	896	5	7.87528681755066	0	0	1	7	0	0	1	7	0	0	0	0	0	0	0	0
TG	META	5	159	177	5	1.07004070281982	0	0	0	0	0	0	0	0	0	0	0	0	0	0	0	0
TG	META	5	164	853	5	10.5618302822113	0	0	0	0	0	0	0	0	0	0	0	0	0	0	0	0
TG	META	5	166	1388	5	16.791734457016	1	3	3	8	1	2	3	8	1	3	2	4	1	3	2	4
TG	META	5	167	982	5	7.93921089172363	1	1	1	1	1	1	1	1	1	1	1	1	1	1	1	1
TG	META	5	168	1292	5	22.5813546180725	0	0	1	3	0	0	1	3	0	0	1	3	0	0	1	3
TG	META	5	174	1343	5	22.6451351642609	0	0	0	0	0	0	0	0	0	0	0	0	0	0	0	0
TG	META	5	177	940	5	7.13765168190002	0	1	0	0	0	1	0	0	0	0	0	0	0	0	0	0
TG	META	5	181	469	5	2.99336767196655	0	0	0	0	0	0	0	0	0	0	0	0	0	0	0	0
TG	META	5	182	553	5	3.11509370803833	0	1	0	0	0	1	0	0	0	0	0	0	0	1	0	0
TG	META	5	191	1903	5	59.2179901599884	0	1	0	0	0	1	0	0	0	1	0	0	0	0	0	0
TG	META	5	192	289	5	2.3608500957489	0	1	0	0	0	1	0	0	0	0	0	0	0	0	0	0
TG	META	5	193	486	5	2.6744921207428	0	0	1	6	0	0	1	6	0	0	0	0	0	0	1	6
TG	META	5	194	493	5	1.78401446342468	0	0	1	6	0	0	1	6	0	0	0	0	0	0	0	0
TG	META	5	202	310	5	0.95862340927124	1	1	2	8	1	1	1	1	1	1	1	1	1	1	1	1
TG	META	5	205	639	5	4.95309972763062	0	0	0	0	0	0	0	0	0	0	0	0	0	0	0	0
TG	META	6	3	248	5	1.47166800498962	0	0	1	3	0	0	1	3	0	0	0	0	0	0	0	0
TG	META	6	19	1210	5	13.0320858955383	1	1	2	23	1	1	2	23	0	0	0	0	0	1	1	1
TG	META	6	21	838	5	6.94013237953186	0	0	0	0	0	0	0	0	0	0	0	0	0	0	0	0
TG	META	6	27	755	5	9.8096079826355	0	1	1	8	0	1	1	8	0	0	0	0	0	0	1	8
TG	META	6	29	1136	5	10.7866599559784	0	0	0	0	0	0	0	0	0	0	0	0	0	0	0	0
TG	META	6	32	476	5	4.09086346626282	0	0	1	4	0	0	1	4	0	0	0	0	0	0	0	0
TG	META	6	39	2000	5	70.5096046924591	0	1	2	25	0	1	2	25	0	0	0	0	0	0	0	0
TG	META	6	43	1278	5	12.1122376918793	1	1	4	32	1	1	4	32	0	0	0	0	1	1	1	1
TG	META	6	46	144	5	0.64013147354126	0	0	1	18	0	0	1	18	0	0	0	0	0	0	0	0
TG	META	6	47	1670	5	47.6468913555145	0	0	0	0	0	0	0	0	0	0	0	0	0	0	0	0
TG	META	6	51	2189	5	88.8820466995239	0	2	4	22	0	2	3	18	0	0	1	3	0	1	1	6
TG	META	6	52	806	5	8.33669877052307	0	0	1	6	0	0	1	6	0	0	0	0	0	0	0	0
TG	META	6	53	693	5	6.70670032501221	0	0	1	22	0	0	1	22	0	0	0	0	0	0	0	0
TG	META	6	56	737	5	7.73925685882568	0	0	0	0	0	0	0	0	0	0	0	0	0	0	0	0
TG	META	6	57	848	5	7.16684150695801	0	0	0	0	0	0	0	0	0	0	0	0	0	0	0	0
TG	META	6	58	1317	5	17.4709272384644	1	1	1	1	1	1	1	1	0	0	0	0	0	0	0	0
TG	META	6	60	632	5	2.90216612815857	0	1	1	3	0	1	1	3	0	0	0	0	0	0	0	0
TG	META	6	63	993	5	12.4604394435883	0	2	3	18	0	2	3	18	0	1	1	3	0	0	0	0
TG	META	6	64	105	10	1.38623023033142	3	6	7	18	3	6	7	18	1	5	4	7	1	3	4	7
TG	META	6	73	215	5	2.03991436958313	0	1	1	7	0	1	1	7	0	0	0	0	0	1	1	7
TG	META	6	74	636	5	3.61945366859436	0	0	0	0	0	0	0	0	0	0	0	0	0	0	0	0
TG	META	6	75	225	5	1.16663599014282	0	0	1	9	0	0	1	9	0	0	0	0	0	0	1	9
TG	META	6	76	2358	5	144.161067724228	0	0	1	52	0	0	1	52	0	0	0	0	0	0	1	52
TG	META	6	81	2250	5	110.964512348175	0	0	0	0	0	0	0	0	0	0	0	0	0	0	0	0
TG	META	6	88	3143	5	339.033175945282	0	0	1	81	0	0	1	81	0	0	0	0	0	0	0	0
TG	META	6	94	1792	5	66.110659122467	0	0	0	0	0	0	0	0	0	0	0	0	0	0	0	0
TG	META	6	97	1194	5	14.1946456432343	0	0	1	28	0	0	1	28	0	0	0	0	0	0	0	0
TG	META	6	98	1314	5	20.9153513908386	0	0	0	0	0	0	0	0	0	0	0	0	0	0	0	0
TG	META	6	99	1444	5	26.00612449646	0	0	1	9	0	0	1	9	0	0	0	0	0	0	0	0
TG	META	6	100	25	5	0.188193321228027	1	1	2	11	1	1	2	11	0	1	1	1	0	0	0	0
TG	META	6	105	1355	5	26.5539813041687	0	1	1	2	0	1	1	2	0	0	0	0	0	0	1	2
TG	META	6	106	1072	5	10.5738105773926	0	0	1	4	0	0	1	4	0	0	0	0	0	0	0	0
TG	META	6	108	377	5	3.51985096931458	0	0	2	54	0	0	2	54	0	0	0	0	0	0	0	0
TG	META	6	109	1069	5	16.0164730548859	0	2	3	91	0	2	3	91	0	2	1	8	0	0	0	0
TG	META	6	111	828	5	5.39515089988708	0	0	1	27	0	0	1	27	0	0	0	0	0	0	0	0
TG	META	6	112	1169	5	12.9790132045746	0	0	1	22	0	0	1	22	0	0	0	0	0	0	0	0
TG	META	6	116	1613	5	39.8278572559357	0	0	0	0	0	0	0	0	0	0	0	0	0	0	0	0
TG	META	6	124	1289	10	27.6653809547424	3	5	5	13	3	5	4	12	1	4	2	3	1	2	1	2
TG	META	6	125	722	5	5.25655817985535	0	0	0	0	0	0	0	0	0	0	0	0	0	0	0	0
TG	META	6	127	875	5	6.32115030288696	0	0	1	9	0	0	1	9	0	0	0	0	0	0	0	0
TG	META	6	130	1662	5	44.397524356842	0	0	1	9	0	0	1	9	0	0	0	0	0	0	0	0
TG	META	6	140	937	5	9.67710518836975	0	0	0	0	0	0	0	0	0	0	0	0	0	0	0	0
TG	META	6	143	49	5	0.077101469039917	1	1	1	1	1	1	1	1	0	0	0	0	0	0	0	0
TG	META	6	146	572	5	4.92512893676758	0	1	1	3	0	1	1	3	0	0	0	0	0	0	0	0
TG	META	6	149	1734	5	47.9686396121979	0	0	1	111	0	0	1	111	0	0	0	0	0	0	0	0
TG	META	6	154	1104	5	10.1599609851837	0	1	0	0	0	1	0	0	0	0	0	0	0	0	0	0
TG	META	6	157	563	5	4.91572546958923	0	0	0	0	0	0	0	0	0	0	0	0	0	0	0	0
TG	META	6	158	1045	5	10.3392221927643	0	0	1	7	0	0	1	7	0	0	0	0	0	0	0	0
TG	META	6	160	1438	5	34.3972284793854	0	1	2	44	0	1	2	44	0	0	0	0	0	0	0	0
TG	META	6	161	1057	5	9.48172879219055	0	0	0	0	0	0	0	0	0	0	0	0	0	0	0	0
TG	META	6	169	2432	10	288.372942447662	2	4	8	63	2	4	8	63	0	1	1	5	0	2	2	5
TG	META	6	173	1546	5	24.7013168334961	0	0	1	9	0	0	1	9	0	0	0	0	0	0	0	0
TG	META	6	175	749	5	7.33068108558655	0	1	2	17	0	1	1	4	0	0	0	0	0	0	1	13
TG	META	6	178	556	5	2.90104961395264	0	0	1	9	0	0	1	9	0	0	0	0	0	0	1	9
TG	META	6	179	900	5	6.34946346282959	0	0	1	7	0	0	1	7	0	0	0	0	0	0	0	0
TG	META	6	182	1138	5	9.74706530570984	0	0	1	10	0	0	1	10	0	0	0	0	0	0	0	0
TG	META	7	3	566	5	7.95260787010193	0	0	0	0	0	0	0	0	0	0	0	0	0	0	0	0
TG	META	7	8	2353	5	141.058884620667	0	0	1	42	0	0	1	42	0	0	0	0	0	0	0	0
TG	META	7	11	472	5	2.18400073051453	0	0	0	0	0	0	0	0	0	0	0	0	0	0	0	0
TG	META	7	12	1539	5	31.4532749652863	0	0	0	0	0	0	0	0	0	0	0	0	0	0	0	0
TG	META	7	13	672	5	5.08398604393005	0	1	0	0	0	1	0	0	0	0	0	0	0	0	0	0
TG	META	7	25	2227	5	98.1110167503357	0	0	1	12	0	0	1	12	0	0	1	12	0	0	0	0
TG	META	7	26	1867	5	53.198246717453	0	1	0	0	0	1	0	0	0	1	0	0	0	1	0	0
TG	META	7	29	1275	5	13.7564766407013	0	0	0	0	0	0	0	0	0	0	0	0	0	0	0	0
TG	META	7	30	1338	5	18.9140844345093	0	0	0	0	0	0	0	0	0	0	0	0	0	0	0	0
TG	META	7	31	1427	5	24.1240632534027	0	1	1	5	0	1	1	5	0	0	1	5	0	0	0	0
TG	META	7	32	1510	5	24.6235089302063	1	1	1	1	1	1	1	1	0	0	0	0	0	1	1	1
TG	META	7	33	1807	5	45.7655169963837	0	0	1	6	0	0	1	6	0	0	1	6	0	0	0	0
TG	META	7	35	1770	5	46.8353559970856	0	0	1	5	0	0	0	0	0	0	1	5	0	0	0	0
TG	META	7	37	1656	5	38.0625476837158	0	2	2	14	0	2	2	14	0	0	0	0	0	0	0	0
TG	META	7	41	1374	5	23.712610244751	0	0	0	0	0	0	0	0	0	0	0	0	0	0	0	0
TG	META	7	42	1409	5	20.2716889381409	4	4	4	4	4	4	4	4	1	3	3	3	1	2	2	2
TG	META	7	43	1629	5	52.3773028850555	0	0	0	0	0	0	0	0	0	0	0	0	0	0	0	0
TG	META	7	44	259	5	3.10245108604431	0	0	1	4	0	0	1	4	0	0	1	4	0	0	0	0
TG	META	7	45	634	5	4.70370149612427	0	0	0	0	0	0	0	0	0	0	0	0	0	0	0	0
TG	META	7	48	325	5	2.56739711761475	0	0	0	0	0	0	0	0	0	0	0	0	0	0	0	0
TG	META	7	50	897	5	5.59043121337891	0	1	1	3	0	1	1	3	0	1	1	3	0	1	1	3
TG	META	7	54	1515	5	29.05606341362	0	0	0	0	0	0	0	0	0	0	0	0	0	0	0	0
TG	META	7	58	1287	5	16.1949188709259	0	0	1	20	0	0	1	20	0	0	0	0	0	0	1	20
TG	META	7	64	123	5	0.750225782394409	0	0	0	0	0	0	0	0	0	0	0	0	0	0	0	0
TG	META	7	66	571	5	3.86787676811218	0	0	1	8	0	0	1	8	0	0	0	0	0	0	0	0
TG	META	7	67	2915	5	281.152117490768	0	2	3	40	0	2	3	40	0	1	0	0	0	1	2	15
TG	META	7	69	851	5	11.3758125305176	0	0	1	28	0	0	1	28	0	0	0	0	0	0	0	0
TG	META	7	73	431	5	1.51461982727051	0	0	0	0	0	0	0	0	0	0	0	0	0	0	0	0
TG	META	7	74	685	5	5.13907933235168	0	0	0	0	0	0	0	0	0	0	0	0	0	0	0	0
TG	META	7	85	982	5	12.966320514679	2	4	4	6	2	4	4	6	1	3	3	5	2	4	4	6
TG	META	7	86	337	5	2.37283897399902	1	2	2	4	1	2	2	4	0	0	0	0	0	0	0	0
TG	META	7	87	200	5	0.41595196723938	0	0	1	10	0	0	1	10	0	0	0	0	0	0	0	0
TG	META	7	88	1574	5	20.6425743103027	0	1	1	3	0	1	1	3	0	1	1	3	0	1	1	3
TG	META	7	93	557	5	2.9159369468689	0	0	1	26	0	0	1	26	0	0	0	0	0	0	1	26
TG	META	7	95	842	5	11.7274925708771	0	1	2	17	0	1	2	17	0	0	0	0	0	0	0	0
TG	META	7	103	905	5	10.2402951717377	0	1	1	4	0	1	1	4	0	0	1	4	0	1	0	0
TG	META	7	109	960	5	7.64044404029846	0	0	0	0	0	0	0	0	0	0	0	0	0	0	0	0
TG	META	7	114	2257	5	73.4621164798737	0	0	0	0	0	0	0	0	0	0	0	0	0	0	0	0
TG	META	7	118	517	5	3.2950773239135698	0	1	0	0	0	1	0	0	0	0	0	0	0	1	0	0
TG	META	7	119	814	5	6.34992575645447	0	0	1	38	0	0	1	38	0	0	0	0	0	0	0	0
TG	META	7	120	173	5	1.35427784919739	0	1	1	6	0	1	1	6	0	0	0	0	0	0	0	0
TG	META	7	121	2065	5	68.2718749046326	0	0	1	15	0	0	1	15	0	0	1	15	0	0	0	0
TG	META	7	125	938	5	10.5487205982208	0	1	0	0	0	1	0	0	0	0	0	0	0	0	0	0
TG	META	7	127	251	5	1.19808173179626	0	1	1	4	0	1	1	4	0	0	0	0	0	0	1	4
TG	META	7	128	275	5	2.47194242477417	0	0	1	3	0	0	1	3	0	0	1	3	0	0	1	3
TG	META	7	132	2480	5	148.030849456787	0	0	0	0	0	0	0	0	0	0	0	0	0	0	0	0
TG	META	7	133	1861	5	59.864627122879	0	2	3	10	0	2	3	10	0	1	2	8	0	2	2	6
TG	META	7	143	349	5	3.45663809776306	0	0	1	9	0	0	1	9	0	0	0	0	0	0	0	0
TG	META	7	145	829	5	5.72781705856323	0	0	1	36	0	0	1	36	0	0	0	0	0	0	0	0
TG	META	7	147	456	5	2.89698696136475	0	0	1	15	0	0	1	15	0	0	0	0	0	0	0	0
TG	META	7	148	599	5	5.02415132522583	0	0	0	0	0	0	0	0	0	0	0	0	0	0	0	0
TG	META	7	161	323	5	1.7041764259338401	0	0	1	19	0	0	1	19	0	0	0	0	0	0	1	19
TG	META	7	162	2009	5	104.263152837753	1	2	3	19	1	2	3	19	0	0	0	0	0	0	1	16
TG	META	7	169	278	5	1.34896898269653	0	0	1	18	0	0	1	18	0	0	0	0	0	0	0	0
TG	META	7	177	115	5	0.590452909469604	0	0	0	0	0	0	0	0	0	0	0	0	0	0	0	0
TG	META	7	184	1053	5	9.18716526031494	0	0	1	14	0	0	1	14	0	0	0	0	0	0	0	0
TG	META	8	13	498	5	3.32330727577209	0	0	1	18	0	0	1	18	0	0	0	0	0	0	1	18
TG	META	8	17	1183	5	11.188896894455	0	0	1	33	0	0	1	33	0	0	0	0	0	0	0	0
TG	META	8	20	1441	5	22.5536160469055	0	0	0	0	0	0	0	0	0	0	0	0	0	0	0	0
TG	META	8	21	1604	5	19.5006678104401	0	0	1	11	0	0	1	11	0	0	1	11	0	0	0	0
TG	META	8	24	2804	5	190.176370859146	0	0	0	0	0	0	0	0	0	0	0	0	0	0	0	0
TG	META	8	27	922	5	6.29409050941467	0	1	0	0	0	0	0	0	0	0	0	0	0	1	0	0
TG	META	8	28	794	5	7.25537371635437	0	0	0	0	0	0	0	0	0	0	0	0	0	0	0	0
TG	META	8	29	2908	5	227.549860239029	1	2	1	1	1	2	1	1	1	1	1	1	1	1	1	1
TG	META	8	31	235	5	0.951716899871826	0	1	0	0	0	1	0	0	0	1	0	0	0	0	0	0
TG	META	8	32	1580	10	112.986495256424	8	9	9	10	7	8	8	9	6	9	9	10	6	7	7	8
TG	META	8	33	1527	5	23.6195461750031	2	5	3	4	2	5	3	4	1	4	3	4	0	0	1	2
TG	META	8	34	542	5	3.57883977890015	1	1	1	1	1	1	1	1	0	0	0	0	0	0	0	0
TG	META	8	35	585	5	4.79841351509094	0	0	0	0	0	0	0	0	0	0	0	0	0	0	0	0
TG	META	8	38	454	5	3.12321138381958	0	1	1	3	0	1	1	3	0	0	0	0	0	0	0	0
TG	META	8	39	1014	5	10.7375764846802	0	0	1	7	0	0	1	7	0	0	0	0	0	0	0	0
TG	META	8	40	1270	5	16.7342011928558	0	1	1	2	0	1	1	2	0	0	0	0	0	0	0	0
TG	META	8	41	804	5	6.67135739326477	0	0	0	0	0	0	0	0	0	0	0	0	0	0	0	0
TG	META	8	42	1653	5	42.6852848529816	0	0	2	18	0	0	2	18	0	0	0	0	0	0	0	0
TG	META	8	46	470	5	3.4015326499939	0	0	0	0	0	0	0	0	0	0	0	0	0	0	0	0
TG	META	8	48	1187	5	14.2973163127899	0	1	1	27	0	1	0	0	0	0	0	0	0	0	0	0
TG	META	8	51	1240	5	20.2800707817078	0	0	0	0	0	0	0	0	0	0	0	0	0	0	0	0
TG	META	8	53	733	5	7.38338899612427	0	0	1	6	0	0	1	6	0	0	1	6	0	0	0	0
TG	META	8	54	211	5	0.990384340286255	0	0	1	4	0	0	1	4	0	0	0	0	0	0	1	4
TG	META	8	55	548	5	2.90878224372864	0	0	1	4	0	0	1	4	0	0	1	4	0	0	0	0
TG	META	8	65	768	5	8.36487627029419	0	0	1	11	0	0	1	11	0	0	0	0	0	0	0	0
TG	META	8	66	1476	5	24.3780727386475	0	0	1	31	0	0	1	31	0	0	0	0	0	0	0	0
TG	META	8	68	1136	5	14.7500698566437	1	1	2	6	1	1	2	6	0	0	0	0	1	1	1	1
TG	META	8	69	1955	5	88.4643054008484	0	0	1	15	0	0	1	15	0	0	0	0	0	0	1	15
TG	META	8	71	1213	5	13.8399438858032	0	0	1	44	0	0	1	44	0	0	0	0	0	0	0	0
TG	META	8	77	1073	5	10.5144627094269	0	0	1	40	0	0	1	40	0	0	0	0	0	0	0	0
TG	META	8	78	293	5	1.89630174636841	0	1	2	11	0	1	2	11	0	1	1	4	0	0	2	11
TG	META	8	80	572	5	4.53153324127197	0	0	0	0	0	0	0	0	0	0	0	0	0	0	0	0
TG	META	8	83	1919	5	63.1410193443298	0	0	1	11	0	0	1	11	0	0	0	0	0	0	1	11
TG	META	8	84	2628	5	144.268245458603	0	0	0	0	0	0	0	0	0	0	0	0	0	0	0	0
TG	META	8	85	803	5	6.77158617973328	0	0	0	0	0	0	0	0	0	0	0	0	0	0	0	0
TG	META	8	86	101	5	0.586945772171021	0	1	0	0	0	0	0	0	0	1	0	0	0	0	0	0
TG	META	8	88	1360	5	21.6766238212585	0	0	1	12	0	0	1	12	0	0	0	0	0	0	0	0
TG	META	8	92	1440	5	21.8295221328735	0	0	0	0	0	0	0	0	0	0	0	0	0	0	0	0
TG	META	8	107	473	5	3.61684131622314	0	1	1	2	0	1	1	2	0	0	0	0	0	0	0	0
TG	META	8	108	2147	5	80.8711395263672	0	0	1	9	0	0	1	9	0	0	1	9	0	0	0	0
TG	META	8	113	801	5	6.69444465637207	0	0	3	93	0	0	3	93	0	0	0	0	0	0	1	46
TG	META	8	114	761	5	6.18712615966797	0	0	1	5	0	0	1	5	0	0	0	0	0	0	1	5
TG	META	8	124	764	5	11.4759349822998	0	0	1	4	0	0	1	4	0	0	1	4	0	0	0	0
TG	META	8	125	333	5	4.70918107032776	2	3	4	7	2	3	4	7	1	3	2	3	2	3	4	7
TG	META	8	126	139	5	1.45131421089172	0	0	0	0	0	0	0	0	0	0	0	0	0	0	0	0
TG	META	8	130	716	5	3.37319803237915	0	1	1	10	0	1	0	0	0	0	1	10	0	0	1	10
TG	META	8	133	1217	5	17.4280962944031	0	1	0	0	0	1	0	0	0	0	0	0	0	0	0	0
TG	META	8	141	781	5	8.48918461799622	0	1	2	28	0	1	2	28	0	0	0	0	0	1	1	4
TG	META	8	154	664	5	6.64131569862366	0	1	1	3	0	1	1	3	0	0	0	0	0	0	0	0
TG	META	8	159	571	5	6.81966876983643	1	1	1	1	1	1	1	1	1	1	1	1	0	0	0	0
TG	META	9	1	2083	5	85.2455453872681	0	0	1	6	0	0	1	6	0	0	1	6	0	0	1	6
TG	META	9	4	1303	5	17.7647986412048	0	1	1	3	0	1	1	3	0	0	0	0	0	0	0	0
TG	META	9	9	977	5	10.3576972484589	0	0	0	0	0	0	0	0	0	0	0	0	0	0	0	0
TG	META	9	13	1731	5	57.3349437713623	0	0	1	9	0	0	1	9	0	0	0	0	0	0	1	9
TG	META	9	27	3026	5	285.872226238251	0	0	3	80	0	0	3	80	0	0	0	0	0	0	0	0
TG	META	9	28	1107	5	15.508584022522	1	1	1	1	1	1	1	1	0	0	0	0	0	0	0	0
TG	META	9	31	1824	5	56.6600940227509	0	2	2	5	0	2	2	5	0	1	0	0	0	1	1	2
TG	META	9	32	660	5	6.7180962562561	0	0	0	0	0	0	0	0	0	0	0	0	0	0	0	0
TG	META	9	33	1421	5	23.5040557384491	0	1	2	11	0	1	2	11	0	0	0	0	0	0	0	0
TG	META	9	39	488	5	3.09543061256409	0	0	1	6	0	0	1	6	0	0	0	0	0	0	0	0
TG	META	9	41	186	5	0.585805416107178	0	0	0	0	0	0	0	0	0	0	0	0	0	0	0	0
TG	META	9	48	295	5	1.39147686958313	0	0	1	6	0	0	1	6	0	0	0	0	0	0	0	0
TG	META	9	50	1581	5	24.9330594539642	1	1	1	1	1	1	1	1	0	1	1	1	0	0	0	0
TG	META	9	53	1883	5	70.1100244522095	0	1	2	17	0	1	2	17	0	1	0	0	0	0	0	0
TG	META	9	71	130	5	2.44988512992859	0	0	0	0	0	0	0	0	0	0	0	0	0	0	0	0
TG	META	9	72	324	5	1.58219146728516	0	0	0	0	0	0	0	0	0	0	0	0	0	0	0	0
TG	META	9	77	773	5	8.13991451263428	0	0	0	0	0	0	0	0	0	0	0	0	0	0	0	0
TG	META	9	84	1055	5	11.9388620853424	0	0	1	17	0	0	1	17	0	0	0	0	0	0	0	0
TG	META	9	93	1120	5	15.703382730484	0	2	1	3	0	2	1	3	0	0	0	0	0	1	1	3
TG	META	9	97	712	5	4.82217574119568	0	0	0	0	0	0	0	0	0	0	0	0	0	0	0	0
TG	META	9	98	1813	5	59.2765810489655	0	0	1	28	0	0	1	28	0	0	0	0	0	0	0	0
TG	META	9	100	1589	5	39.5310566425323	0	0	1	7	0	0	1	7	0	0	0	0	0	0	0	0
TG	META	9	102	1439	5	30.5875792503357	0	0	1	45	0	0	1	45	0	0	0	0	0	0	0	0
TG	META	9	105	340	5	1.284019947052	0	0	0	0	0	0	0	0	0	0	0	0	0	0	0	0
TG	META	9	106	1174	5	12.0426898002625	0	0	0	0	0	0	0	0	0	0	0	0	0	0	0	0
TG	META	9	107	412	5	2.7336266040802	0	1	1	3	0	1	1	3	0	1	1	3	0	0	0	0
TG	META	9	110	1975	5	66.9009754657745	0	0	1	7	0	0	1	7	0	0	0	0	0	0	1	7
TG	META	9	111	79	5	0.303184509277344	0	2	3	12	0	2	3	12	0	0	1	6	0	1	1	6
TG	META	9	112	1518	5	32.4249651432037	1	1	3	27	1	1	2	7	0	1	2	21	0	1	2	7
TG	META	9	114	540	5	4.19664978981018	0	0	1	5	0	0	1	5	0	0	0	0	0	0	0	0
TG	META	9	115	2315	5	139.908236026764	0	0	0	0	0	0	0	0	0	0	0	0	0	0	0	0
TG	META	9	116	1121	5	11.2353270053864	0	1	1	2	0	1	1	2	0	0	0	0	0	1	1	2
TG	META	9	118	2461	5	128.106983423233	0	1	1	2	0	1	1	2	0	0	1	2	0	0	1	2
TG	META	9	124	923	5	8.37246656417847	0	2	1	2	0	2	1	2	0	1	0	0	0	0	0	0
TG	META	9	128	68	5	0.442134857177734	0	0	1	15	0	0	1	15	0	0	0	0	0	0	0	0
TG	META	9	129	1408	5	21.0869905948639	0	0	1	18	0	0	0	0	0	0	0	0	0	0	0	0
TG	META	9	134	1907	5	65.7606041431427	0	0	1	30	0	0	1	30	0	0	0	0	0	0	1	30
TG	META	9	135	730	5	4.15566158294678	0	0	1	46	0	0	1	46	0	0	0	0	0	0	0	0
TG	META	9	136	1156	5	12.5446124076843	0	0	2	41	0	0	2	41	0	0	0	0	0	0	0	0
TG	META	9	138	1316	5	12.089987039566	0	0	0	0	0	0	0	0	0	0	0	0	0	0	0	0
TG	META	9	140	1770	5	44.9093832969666	0	0	0	0	0	0	0	0	0	0	0	0	0	0	0	0
TG	META	9	142	647	5	2.77740836143494	0	0	1	41	0	0	0	0	0	0	0	0	0	0	0	0
TG	META	9	149	513	5	2.67414665222168	0	2	1	3	0	1	1	3	0	1	0	0	0	0	0	0
TG	META	9	160	152	5	0.456051349639893	0	1	1	5	0	1	1	5	0	1	0	0	0	0	0	0
TG	META	9	161	220	5	1.07290506362915	0	0	1	21	0	0	1	21	0	0	0	0	0	0	0	0
TG	META	10	13	1104	5	9.90142631530762	0	1	1	6	0	1	1	6	0	1	1	6	0	1	1	6
TG	META	10	14	1522	5	30.1475510597229	0	0	1	38	0	0	1	38	0	0	0	0	0	0	0	0
TG	META	10	20	38	5	0.296713590621948	0	0	0	0	0	0	0	0	0	0	0	0	0	0	0	0
TG	META	10	22	1215	5	12.0007011890411	0	0	1	6	0	0	1	6	0	0	0	0	0	0	0	0
TG	META	10	26	1447	5	28.6164131164551	0	0	0	0	0	0	0	0	0	0	0	0	0	0	0	0
TG	META	10	34	489	5	3.13751316070557	0	1	1	4	0	1	1	4	0	0	0	0	0	0	0	0
TG	META	10	43	1027	5	10.4734399318695	0	0	1	6	0	0	1	6	0	0	0	0	0	0	0	0
TG	META	10	44	750	5	6.23036074638367	0	0	1	13	0	0	1	13	0	0	0	0	0	0	0	0
TG	META	10	45	1667	5	43.9549217224121	0	0	0	0	0	0	0	0	0	0	0	0	0	0	0	0
TG	META	10	48	1423	5	16.4742472171783	0	0	0	0	0	0	0	0	0	0	0	0	0	0	0	0
TG	META	10	49	1066	5	13.7059097290039	0	0	1	29	0	0	1	29	0	0	0	0	0	0	0	0
TG	META	10	59	793	5	6.68198204040527	0	1	1	13	0	1	1	13	0	1	0	0	0	0	0	0
TG	META	10	60	1640	5	38.9567732810974	0	2	2	12	0	2	2	12	0	1	0	0	0	1	1	8
TG	META	10	61	649	5	4.40351033210754	0	0	1	13	0	0	1	13	0	0	0	0	0	0	0	0
TG	META	10	64	256	5	1.58057689666748	0	1	1	2	0	1	1	2	0	0	0	0	0	0	0	0
TG	META	10	70	1305	5	22.7563123703003	0	0	1	39	0	0	1	39	0	0	0	0	0	0	0	0
TG	META	10	76	2880	5	198.361707925797	0	0	0	0	0	0	0	0	0	0	0	0	0	0	0	0
TG	META	10	78	759	5	7.02962183952332	0	0	0	0	0	0	0	0	0	0	0	0	0	0	0	0
TG	META	10	79	1517	5	32.2555193901062	0	1	3	18	0	1	3	18	0	0	0	0	0	0	0	0
TG	META	10	80	1235	5	18.3996305465698	0	0	2	17	0	0	2	17	0	0	1	6	0	0	2	17
TG	META	10	81	1419	5	15.3845233917236	1	2	2	4	1	2	2	4	0	1	1	3	1	2	2	4
TG	META	10	84	1961	5	42.2221765518188	0	1	1	12	0	0	1	12	0	1	0	0	0	0	0	0
TG	META	10	85	441	5	2.79517388343811	0	0	1	33	0	0	1	33	0	0	0	0	0	0	1	33
TG	META	10	92	2198	5	86.7799503803253	1	1	2	10	1	1	2	10	0	1	1	1	1	1	1	1
TG	META	10	93	355	5	3.90804100036621	0	0	1	12	0	0	1	12	0	0	0	0	0	0	0	0
TG	META	10	99	119	5	0.708287954330444	0	0	0	0	0	0	0	0	0	0	0	0	0	0	0	0
TG	META	10	100	419	5	2.72471451759338	0	0	1	4	0	0	1	4	0	0	1	4	0	0	1	4
TG	META	10	109	1302	5	18.9570350646973	0	0	0	0	0	0	0	0	0	0	0	0	0	0	0	0
TG	META	10	110	442	5	2.95963382720947	0	1	1	14	0	1	1	14	0	0	0	0	0	0	0	0
TG	META	10	111	852	5	5.6538941860199	0	0	1	15	0	0	1	15	0	0	0	0	0	0	1	15
TG	META	10	112	402	5	1.37617826461792	0	1	1	6	0	1	1	6	0	0	0	0	0	0	0	0
TG	META	10	117	1671	10	118.833016872406	1	4	8	92	1	3	8	92	1	2	2	9	1	2	2	9
TG	META	10	120	1190	5	11.7941143512726	0	0	2	27	0	0	2	27	0	0	1	3	0	0	1	3
TG	META	10	123	1259	5	15.8085508346558	0	0	0	0	0	0	0	0	0	0	0	0	0	0	0	0
TG	META	10	124	341	5	2.06590485572815	0	0	1	6	0	0	1	6	0	0	0	0	0	0	0	0
TG	META	10	126	1603	5	33.3907055854797	0	1	1	2	0	1	1	2	0	0	0	0	0	1	1	2
TG	META	10	129	1690	5	29.9030554294586	0	1	1	14	0	1	1	14	0	0	0	0	0	1	0	0
TG	META	10	131	1501	5	26.4061360359192	0	0	0	0	0	0	0	0	0	0	0	0	0	0	0	0
TG	META	10	136	2018	5	88.050847530365	1	1	1	1	1	1	1	1	1	1	1	1	0	0	0	0
TG	META	10	137	1687	5	48.8343398571014	0	0	1	13	0	0	1	13	0	0	0	0	0	0	1	13
TG	META	10	138	314	5	2.09192824363708	1	1	4	29	1	1	4	29	1	1	1	1	0	0	1	6
TG	META	10	140	208	5	1.18543124198914	0	0	1	4	0	0	1	4	0	0	0	0	0	0	0	0
TG	META	10	142	388	5	2.00592970848083	0	0	2	26	0	0	2	26	0	0	0	0	0	0	2	26
TG	META	10	144	621	5	3.21071720123291	0	0	1	14	0	0	0	0	0	0	0	0	0	0	0	0
TG	META	10	145	579	5	2.25595808029175	0	0	1	27	0	0	1	27	0	0	0	0	0	0	0	0
TG	META	10	148	956	5	8.61204266548157	0	0	1	3	0	0	1	3	0	0	0	0	0	0	0	0
TG	META	10	152	1064	5	11.0743229389191	0	2	2	6	0	2	2	6	0	1	1	3	0	1	1	3
TG	META	10	167	226	5	1.67394065856934	0	0	1	26	0	0	1	26	0	0	0	0	0	0	0	0
TG	META	10	176	670	5	8.59157085418701	1	2	2	14	1	2	2	14	0	0	0	0	0	0	0	0
TG	META	10	177	329	5	2.62577557563782	0	0	0	0	0	0	0	0	0	0	0	0	0	0	0	0
TG	META	11	2	418	5	2.01453351974487	0	0	1	14	0	0	1	14	0	0	0	0	0	0	0	0
TG	META	11	4	472	5	3.20218801498413	0	1	1	5	0	1	1	5	0	1	0	0	0	1	0	0
TG	META	11	7	423	5	9.43421339988708	1	2	2	4	1	2	2	4	0	0	0	0	0	0	0	0
TG	META	11	11	1375	5	23.8664317131042	0	0	0	0	0	0	0	0	0	0	0	0	0	0	0	0
TG	META	11	14	1086	5	10.690199136734	0	0	1	15	0	0	1	15	0	0	0	0	0	0	1	15
TG	META	11	19	512	5	3.60023951530457	0	0	1	5	0	0	1	5	0	0	0	0	0	0	0	0
TG	META	11	22	495	5	2.47819519042969	0	0	1	5	0	0	1	5	0	0	0	0	0	0	0	0
TG	META	11	27	1048	5	10.7107563018799	0	1	1	2	0	1	1	2	0	0	0	0	0	1	1	2
TG	META	11	28	687	5	10.7721433639526	0	0	1	10	0	0	1	10	0	0	0	0	0	0	0	0
TG	META	11	29	654	5	2.71860790252686	0	0	0	0	0	0	0	0	0	0	0	0	0	0	0	0
TG	META	11	33	1028	5	11.955100774765	0	0	1	45	0	0	1	45	0	0	0	0	0	0	0	0
TG	META	11	51	1112	5	13.0425636768341	1	1	1	1	1	1	1	1	0	0	0	0	0	1	1	1
TG	META	11	52	588	5	3.99115896224976	0	1	2	19	0	1	2	19	0	1	0	0	0	0	0	0
TG	META	11	53	1126	5	12.5727081298828	0	0	1	36	0	0	1	36	0	0	0	0	0	0	0	0
TG	META	11	54	883	5	8.61501169204712	0	1	2	29	0	1	2	29	0	0	0	0	0	0	1	3
TG	META	11	56	255	5	0.8016676902771	0	0	0	0	0	0	0	0	0	0	0	0	0	0	0	0
TG	META	11	57	816	5	8.65354132652283	0	0	0	0	0	0	0	0	0	0	0	0	0	0	0	0
TG	META	11	65	1111	5	11.2112181186676	0	0	1	19	0	0	1	19	0	0	0	0	0	0	0	0
TG	META	11	70	1871	5	54.7832572460175	0	1	1	6	0	1	1	6	0	0	0	0	0	1	0	0
TG	META	11	75	403	5	2.711341381073	0	0	0	0	0	0	0	0	0	0	0	0	0	0	0	0
TG	META	11	76	853	5	10.6883344650269	4	4	4	4	4	4	4	4	1	1	1	1	1	1	1	1
TG	META	11	77	556	5	2.51788210868835	0	0	1	18	0	0	1	18	0	0	0	0	0	0	0	0
TG	META	11	78	655	5	5.38139653205872	0	2	2	6	0	2	2	6	0	0	0	0	0	0	1	2
TG	META	11	79	1652	5	26.5913989543915	1	3	3	8	1	3	3	8	0	0	1	4	0	1	2	7
TG	META	11	80	918	5	7.87903952598572	0	0	2	15	0	0	2	15	0	0	0	0	0	0	0	0
TG	META	11	81	753	5	6.39707374572754	0	1	0	0	0	1	0	0	0	0	0	0	0	1	0	0
TG	META	11	83	631	5	7.73802828788757	0	0	0	0	0	0	0	0	0	0	0	0	0	0	0	0
TG	META	11	89	244	5	0.781315803527832	0	0	1	19	0	0	1	19	0	0	0	0	0	0	0	0
TG	META	11	90	2040	5	80.0971522331238	0	0	2	83	0	0	2	83	0	0	0	0	0	0	0	0
TG	META	11	104	2032	5	84.786244392395	0	0	1	5	0	0	1	5	0	0	0	0	0	0	0	0
TG	META	11	108	405	5	1.43904399871826	0	0	1	32	0	0	1	32	0	0	0	0	0	0	0	0
TG	META	11	112	1680	5	44.5806078910828	0	0	0	0	0	0	0	0	0	0	0	0	0	0	0	0
TG	META	11	114	802	5	5.53290462493896	0	0	0	0	0	0	0	0	0	0	0	0	0	0	0	0
TG	META	11	117	2141	5	119.528997421265	0	1	0	0	0	1	0	0	0	0	0	0	0	0	0	0
TG	META	11	121	1185	5	13.8449082374573	0	1	2	19	0	1	2	19	0	0	0	0	0	0	1	5
TG	META	11	123	461	5	3.99272179603577	0	0	1	16	0	0	1	16	0	0	0	0	0	0	1	16
TG	META	11	125	950	5	5.91199517250061	0	0	0	0	0	0	0	0	0	0	0	0	0	0	0	0
TG	META	11	126	2233	5	103.79776096344	0	2	1	4	0	2	1	4	0	1	0	0	0	1	1	4
TG	META	11	127	220	5	1.26660943031311	0	0	0	0	0	0	0	0	0	0	0	0	0	0	0	0
TG	META	11	128	188	10	4.78222632408142	4	8	7	17	4	7	6	10	0	2	2	10	0	2	3	11
TG	META	11	129	1275	20	210.741799592972	17	20	20	23	14	17	17	20	11	12	12	13	11	14	15	17
TG	META	11	130	775	10	28.6837978363037	4	8	9	23	4	8	9	23	0	1	1	1	0	1	3	8
TG	META	11	131	150	5	0.636916875839233	0	0	0	0	0	0	0	0	0	0	0	0	0	0	0	0
TG	META	11	133	991	5	7.59728837013245	0	1	1	12	0	1	1	12	0	0	0	0	0	0	0	0
TG	META	11	134	1407	5	23.7746505737305	0	0	0	0	0	0	0	0	0	0	0	0	0	0	0	0
TG	META	11	138	630	5	3.64807724952698	0	0	0	0	0	0	0	0	0	0	0	0	0	0	0	0
TG	META	11	140	587	5	2.3542959690094	0	0	0	0	0	0	0	0	0	0	0	0	0	0	0	0
TG	META	11	147	2013	5	48.2222685813904	0	0	1	7	0	0	1	7	0	0	0	0	0	0	0	0
TG	META	11	149	1698	5	43.5406730175018	0	0	0	0	0	0	0	0	0	0	0	0	0	0	0	0
TG	META	11	151	781	5	6.09673357009888	0	0	1	13	0	0	0	0	0	0	1	13	0	0	1	13
TG	META	11	162	705	5	5.84614109992981	0	0	0	0	0	0	0	0	0	0	0	0	0	0	0	0
TG	META	12	1	588	5	3.89946818351746	0	1	1	6	0	1	1	6	0	0	0	0	0	1	0	0
TG	META	12	4	627	5	4.70616030693054	0	0	1	11	0	0	1	11	0	0	0	0	0	0	0	0
TG	META	12	12	370	5	2.70630311965942	0	3	2	4	0	3	2	4	0	1	2	4	0	0	0	0
TG	META	12	13	807	5	7.49638438224792	0	0	0	0	0	0	0	0	0	0	0	0	0	0	0	0
TG	META	12	17	418	5	3.85636854171753	0	1	1	19	0	1	1	19	0	1	0	0	0	0	1	19
TG	META	12	18	886	5	8.36508584022522	0	1	2	17	0	1	2	17	0	0	1	14	0	1	1	3
TG	META	12	23	1434	5	26.8646554946899	0	0	1	18	0	0	1	18	0	0	0	0	0	0	0	0
TG	META	12	26	264	5	1.5047755241394	0	0	1	6	0	0	1	6	0	0	0	0	0	0	0	0
TG	META	12	28	834	5	5.89705419540405	0	0	0	0	0	0	0	0	0	0	0	0	0	0	0	0
TG	META	12	29	170	5	1.68263840675354	0	0	1	10	0	0	0	0	0	0	0	0	0	0	0	0
TG	META	12	31	377	5	3.87208151817322	0	1	0	0	0	1	0	0	0	1	0	0	0	0	0	0
TG	META	12	32	1368	5	25.5152819156647	0	1	1	7	0	1	1	7	0	1	0	0	0	0	0	0
TG	META	12	33	997	5	9.66711020469666	0	0	1	13	0	0	1	13	0	0	1	13	0	0	0	0
TG	META	12	34	775	5	8.34762620925903	0	0	0	0	0	0	0	0	0	0	0	0	0	0	0	0
TG	META	12	35	437	5	2.79308485984802	0	0	1	4	0	0	1	4	0	0	0	0	0	0	0	0
TG	META	12	38	1703	5	39.6830229759216	0	1	1	24	0	1	1	24	0	0	0	0	0	0	1	24
TG	META	12	40	621	5	3.294593334198	1	1	1	1	1	1	1	1	0	1	1	1	0	1	1	1
TG	META	12	41	346	5	2.06525111198425	0	1	2	8	0	1	2	8	0	1	1	2	0	0	0	0
TG	META	12	42	2002	5	92.7125060558319	1	1	2	7	1	1	2	7	1	1	1	1	1	1	1	1
TG	META	12	45	997	5	10.3682379722595	0	0	0	0	0	0	0	0	0	0	0	0	0	0	0	0
TG	META	12	47	370	5	2.39015507698059	0	0	0	0	0	0	0	0	0	0	0	0	0	0	0	0
TG	META	12	48	1417	5	17.8698582649231	0	1	1	2	0	1	1	2	0	1	1	2	0	0	0	0
TG	META	12	49	1425	5	30.7842130661011	0	0	0	0	0	0	0	0	0	0	0	0	0	0	0	0
TG	META	12	51	874	5	5.75666570663452	0	1	1	4	0	1	1	4	0	1	1	4	0	1	1	4
TG	META	12	57	1600	5	35.1438903808594	0	0	1	18	0	0	1	18	0	0	0	0	0	0	0	0
TG	META	12	58	1062	5	9.14108824729919	0	0	0	0	0	0	0	0	0	0	0	0	0	0	0	0
TG	META	12	59	1535	5	24.2418301105499	0	0	3	39	0	0	3	39	0	0	0	0	0	0	0	0
TG	META	12	60	799	5	13.3127319812775	0	0	0	0	0	0	0	0	0	0	0	0	0	0	0	0
TG	META	12	62	635	5	4.40140438079834	0	0	0	0	0	0	0	0	0	0	0	0	0	0	0	0
TG	META	12	63	1127	5	13.2958650588989	0	0	1	44	0	0	1	44	0	0	0	0	0	0	0	0
TG	META	12	64	626	5	7.64205718040466	0	0	2	21	0	0	2	21	0	0	0	0	0	0	1	8
TG	META	12	66	1247	5	15.0420122146606	0	0	1	7	0	0	1	7	0	0	0	0	0	0	1	7
TG	META	12	67	543	5	4.245765209198	0	1	1	2	0	1	1	2	0	1	1	2	0	1	1	2
TG	META	12	68	305	5	3.29781579971313	0	0	1	13	0	0	1	13	0	0	0	0	0	0	0	0
TG	META	12	69	1040	5	10.165195941925	0	1	0	0	0	1	0	0	0	0	0	0	0	0	0	0
TG	META	12	70	272	5	2.09949588775635	0	0	3	40	0	0	3	40	0	0	0	0	0	0	0	0
TG	META	12	71	1205	5	19.8592684268951	1	2	3	14	1	2	3	14	0	1	1	2	0	2	2	3
TG	META	12	72	3850	5	446.353528499603	0	1	1	7	0	1	1	7	0	0	0	0	0	0	0	0
TG	META	12	73	1127	5	11.1686618328094	0	0	1	4	0	0	1	4	0	0	1	4	0	0	0	0
TG	META	12	74	1263	5	16.1979608535767	0	0	0	0	0	0	0	0	0	0	0	0	0	0	0	0
TG	META	12	75	198	5	1.75022101402283	0	0	2	22	0	0	2	22	0	0	0	0	0	0	0	0
TG	META	12	76	770	5	6.05623340606689	0	1	1	13	0	0	1	13	0	1	0	0	0	1	0	0
TG	META	12	77	643	5	5.48505783081055	0	0	0	0	0	0	0	0	0	0	0	0	0	0	0	0
TG	META	12	80	1560	5	24.0375545024872	0	1	2	33	0	1	2	33	0	1	0	0	0	0	0	0
TG	META	12	88	1576	5	28.9741613864899	0	1	1	6	0	1	1	6	0	0	0	0	0	0	1	6
TG	META	12	92	1907	5	65.8763120174408	0	0	1	19	0	0	1	19	0	0	0	0	0	0	0	0
TG	META	12	94	1768	5	43.0466694831848	0	0	1	58	0	0	1	58	0	0	0	0	0	0	0	0
TG	META	12	102	524	5	2.59660673141479	0	1	1	2	0	1	1	2	0	1	0	0	0	1	1	2
TG	META	12	103	268	5	1.67008447647095	0	0	1	7	0	0	1	7	0	0	1	7	0	0	0	0
TG	META	12	104	1401	5	18.1026334762573	0	1	1	3	0	1	1	3	0	0	0	0	0	1	1	3
TG	META	12	113	1221	5	9.58195853233337	0	0	1	17	0	0	1	17	0	0	0	0	0	0	0	0
TG	META	12	114	1121	5	9.00356960296631	0	0	1	24	0	0	1	24	0	0	0	0	0	0	0	0
TG	META	12	117	1374	5	17.9849927425385	0	0	0	0	0	0	0	0	0	0	0	0	0	0	0	0
TG	META	12	119	1952	5	37.1271421909332	0	2	2	8	0	2	2	8	0	0	0	0	0	0	0	0
TG	META	12	120	492	5	1.85429763793945	0	0	1	18	0	0	1	18	0	0	0	0	0	0	0	0
TG	META	12	121	956	5	8.67665481567383	0	0	2	14	0	0	2	14	0	0	1	6	0	0	2	14
TG	META	12	122	1337	5	23.2355539798737	0	0	3	80	0	0	3	80	0	0	0	0	0	0	0	0
TG	META	12	125	1610	5	31.6121180057526	0	0	0	0	0	0	0	0	0	0	0	0	0	0	0	0
TG	META	12	128	228	5	0.94972038269043	0	2	1	3	0	2	1	3	0	1	0	0	0	1	1	3
TG	META	12	132	1120	5	11.2643020153046	0	0	0	0	0	0	0	0	0	0	0	0	0	0	0	0
TG	META	12	138	1772	5	63.9972274303436	0	1	0	0	0	1	0	0	0	0	0	0	0	0	0	0
TG	META	12	139	2048	5	90.1324646472931	0	2	4	42	0	2	4	42	0	1	1	2	0	1	1	2
TG	META	12	140	475	5	3.19383120536804	0	1	2	13	0	1	2	13	0	1	1	3	0	0	0	0
TG	META	12	141	714	5	4.98229622840881	0	2	1	3	0	2	1	3	0	0	0	0	0	0	0	0
TG	META	13	8	1127	5	8.49510049819946	0	0	1	6	0	0	1	6	0	0	1	6	0	0	0	0
TG	META	13	13	660	5	4.43179416656494	0	0	1	26	0	0	1	26	0	0	0	0	0	0	0	0
TG	META	13	16	997	5	6.8177502155304	0	0	1	46	0	0	1	46	0	0	0	0	0	0	0	0
TG	META	13	20	1097	5	14.2561798095703	0	1	1	2	0	1	1	2	0	1	1	2	0	0	0	0
TG	META	13	21	1245	5	16.8907632827759	0	0	1	11	0	0	1	11	0	0	0	0	0	0	1	11
TG	META	13	36	851	5	4.51891541481018	0	0	0	0	0	0	0	0	0	0	0	0	0	0	0	0
TG	META	13	40	763	5	3.80243563652039	0	0	1	36	0	0	1	36	0	0	0	0	0	0	0	0
TG	META	13	45	966	5	7.7173912525177	0	0	0	0	0	0	0	0	0	0	0	0	0	0	0	0
TG	META	13	47	741	5	5.8976845741272	0	0	0	0	0	0	0	0	0	0	0	0	0	0	0	0
TG	META	13	50	2046	5	65.9732520580292	2	3	2	2	2	3	2	2	1	1	1	1	1	1	1	1
TG	META	13	53	1119	5	9.6552312374115	0	0	0	0	0	0	0	0	0	0	0	0	0	0	0	0
TG	META	13	54	3446	5	338.481894493103	0	0	1	49	0	0	1	49	0	0	0	0	0	0	0	0
TG	META	13	55	1621	5	40.2922458648682	0	0	0	0	0	0	0	0	0	0	0	0	0	0	0	0
TG	META	13	58	1951	5	51.4496350288391	0	0	0	0	0	0	0	0	0	0	0	0	0	0	0	0
TG	META	13	60	1260	5	19.7615633010864	0	0	0	0	0	0	0	0	0	0	0	0	0	0	0	0
TG	META	13	64	630	5	5.51109409332275	0	0	1	27	0	0	1	27	0	0	0	0	0	0	0	0
TG	META	13	70	1390	5	15.4363317489624	0	1	0	0	0	1	0	0	0	1	0	0	0	1	0	0
TG	META	13	72	889	5	5.96675944328308	0	0	0	0	0	0	0	0	0	0	0	0	0	0	0	0
TG	META	13	84	619	5	2.42352747917175	0	1	1	4	0	1	1	4	0	1	0	0	0	1	1	4
TG	META	13	88	425	5	2.0607271194458	0	0	1	27	0	0	1	27	0	0	0	0	0	0	0	0
TG	META	13	90	1582	5	23.3181691169739	0	0	0	0	0	0	0	0	0	0	0	0	0	0	0	0
TG	META	13	95	431	5	3.33471870422363	0	0	0	0	0	0	0	0	0	0	0	0	0	0	0	0
TG	META	13	96	553	5	2.25246834754944	0	0	1	14	0	0	0	0	0	0	0	0	0	0	0	0
TG	META	13	108	341	5	4.97352123260498	0	0	1	6	0	0	1	6	0	0	0	0	0	0	1	6
TG	META	13	115	568	5	3.12467932701111	0	0	1	29	0	0	1	29	0	0	0	0	0	0	0	0
TG	META	13	118	934	5	7.06074547767639	0	0	1	9	0	0	1	9	0	0	0	0	0	0	0	0
TG	META	13	125	715	5	8.74476790428162	0	1	1	2	0	1	1	2	0	0	0	0	0	0	0	0
TG	META	14	11	354	5	2.13055539131165	0	0	1	17	0	0	1	17	0	0	0	0	0	0	1	17
TG	META	14	13	155	5	0.510130643844604	0	0	0	0	0	0	0	0	0	0	0	0	0	0	0	0
TG	META	14	14	1833	5	57.1896073818207	0	1	0	0	0	1	0	0	0	0	0	0	0	1	0	0
TG	META	14	19	1104	5	11.7637572288513	0	1	1	5	0	1	1	5	0	0	0	0	0	1	1	5
TG	META	14	24	563	5	2.49430823326111	0	0	0	0	0	0	0	0	0	0	0	0	0	0	0	0
TG	META	14	31	1365	5	19.0895140171051	0	0	0	0	0	0	0	0	0	0	0	0	0	0	0	0
TG	META	14	35	1796	5	41.7630054950714	0	1	2	41	0	1	2	41	0	1	0	0	0	0	1	7
TG	META	14	42	876	5	7.96431803703308	0	0	1	20	0	0	1	20	0	0	0	0	0	0	0	0
TG	META	14	44	1112	5	9.94989109039307	0	0	1	11	0	0	0	0	0	0	0	0	0	0	0	0
TG	META	14	46	807	5	6.85506916046143	1	2	3	10	1	2	2	8	0	1	0	0	1	1	2	8
TG	META	14	47	1381	5	20.493533372879	0	0	1	36	0	0	1	36	0	0	0	0	0	0	0	0
TG	META	14	51	1292	5	18.264281511306802	0	0	1	17	0	0	0	0	0	0	0	0	0	0	0	0
TG	META	14	56	327	5	1.47371459007263	0	0	2	21	0	0	1	11	0	0	0	0	0	0	0	0
TG	META	14	57	2334	5	78.2138242721558	0	1	1	3	0	1	1	3	0	1	1	3	0	1	1	3
TG	META	14	63	1942	5	68.5292165279388	0	1	1	2	0	1	1	2	0	1	1	2	0	0	0	0
TG	META	14	64	576	5	2.29620552062988	0	0	0	0	0	0	0	0	0	0	0	0	0	0	0	0
TG	META	14	66	905	5	5.97843289375305	0	1	1	8	0	1	1	8	0	0	0	0	0	0	1	8
TG	META	14	67	1227	5	14.3635849952698	0	1	2	14	0	1	2	14	0	0	0	0	0	1	2	14
TG	META	14	70	1758	5	28.8111236095428	0	0	1	26	0	0	1	26	0	0	0	0	0	0	0	0
TG	META	14	72	1951	5	61.7893552780151	0	0	0	0	0	0	0	0	0	0	0	0	0	0	0	0
TG	META	14	80	210	5	1.34006381034851	0	0	0	0	0	0	0	0	0	0	0	0	0	0	0	0
TG	META	14	81	1812	5	45.0426163673401	0	0	0	0	0	0	0	0	0	0	0	0	0	0	0	0
TG	META	14	84	564	5	5.62955784797668	1	1	1	1	1	1	1	1	0	0	0	0	0	0	0	0
TG	META	14	95	472	5	3.03568935394287	0	0	1	10	0	0	1	10	0	0	0	0	0	0	0	0
TG	META	14	96	138	5	0.608508110046387	0	0	1	14	0	0	1	14	0	0	0	0	0	0	0	0
TG	META	14	105	461	5	3.56810879707336	0	0	1	5	0	0	1	5	0	0	0	0	0	0	0	0
TG	META	14	106	644	5	4.71811556816101	0	0	1	8	0	0	1	8	0	0	0	0	0	0	0	0
TG	META	14	120	412	5	3.18361878395081	0	0	0	0	0	0	0	0	0	0	0	0	0	0	0	0
TG	META	14	121	1095	5	14.6406424045563	0	0	2	25	0	0	2	25	0	0	0	0	0	0	1	14
TG	META	14	126	1031	5	8.46954083442688	0	0	0	0	0	0	0	0	0	0	0	0	0	0	0	0
TG	META	14	127	1054	5	7.9372775554657	0	0	1	14	0	0	1	14	0	0	0	0	0	0	0	0
TG	META	14	129	483	5	3.19386124610901	0	1	1	28	0	1	0	0	0	0	0	0	0	0	0	0
TG	META	15	22	1383	5	29.949503660202	0	1	2	10	0	1	2	10	0	1	0	0	0	0	0	0
TG	META	15	28	735	5	5.44287633895874	0	0	1	6	0	0	1	6	0	0	0	0	0	0	0	0
TG	META	15	34	471	5	4.38548898696899	0	1	1	6	0	1	1	6	0	0	0	0	0	0	1	6
TG	META	15	35	1248	5	11.0687954425812	0	1	1	2	0	1	1	2	0	0	0	0	0	0	0	0
TG	META	15	37	1359	5	28.3544988632202	0	3	2	29	0	3	2	29	0	1	1	3	0	0	1	3
TG	META	15	38	1305	5	35.2193536758423	2	4	4	9	2	4	4	9	0	0	0	0	0	0	1	4
TG	META	15	39	1105	5	12.9863359928131	0	0	0	0	0	0	0	0	0	0	0	0	0	0	0	0
TG	META	15	41	1480	5	32.9455394744873	0	0	1	21	0	0	1	21	0	0	0	0	0	0	0	0
TG	META	15	45	2718	5	141.529547214508	0	0	1	52	0	0	1	52	0	0	0	0	0	0	0	0
TG	META	15	48	2839	5	196.03831243515	0	0	0	0	0	0	0	0	0	0	0	0	0	0	0	0
TG	META	15	49	296	5	2.10630416870117	0	1	1	10	0	1	0	0	0	0	0	0	0	0	0	0
TG	META	15	50	1198	5	12.0018212795258	1	1	2	24	1	1	2	24	0	0	0	0	0	0	0	0
TG	META	15	52	1070	10	27.5220875740051	2	4	4	9	2	4	4	9	1	2	2	6	2	4	4	9
TG	META	15	53	192	5	1.48772644996643	2	4	4	6	1	2	3	5	1	2	2	3	2	3	3	4
TG	META	15	54	1022	5	11.0403554439545	0	0	0	0	0	0	0	0	0	0	0	0	0	0	0	0
TG	META	15	56	942	5	8.01366090774536	0	0	1	15	0	0	1	15	0	0	0	0	0	0	0	0
TG	META	15	59	2093	5	84.405458688736	0	1	2	11	0	1	2	11	0	0	0	0	0	1	1	9
TG	META	15	62	1862	5	55.1306426525116	1	2	4	69	1	2	4	69	0	0	0	0	0	1	2	47
TG	META	15	64	856	5	7.59459114074707	0	0	1	4	0	0	1	4	0	0	0	0	0	0	0	0
TG	META	15	66	1381	5	26.2717308998108	0	2	3	16	0	2	3	16	0	1	1	2	0	0	1	2
TG	META	15	71	30	5	0.492177963256836	0	0	0	0	0	0	0	0	0	0	0	0	0	0	0	0
TG	META	15	72	490	5	2.05769824981689	0	0	0	0	0	0	0	0	0	0	0	0	0	0	0	0
TG	META	15	73	317	5	1.04625844955444	0	0	1	30	0	0	1	30	0	0	0	0	0	0	0	0
TG	META	15	85	1168	5	12.3258633613586	0	0	0	0	0	0	0	0	0	0	0	0	0	0	0	0
TG	META	15	99	183	5	0.594679832458496	0	0	1	18	0	0	1	18	0	0	0	0	0	0	0	0
TG	META	15	108	376	5	3.07853555679321	0	1	0	0	0	1	0	0	0	0	0	0	0	0	0	0
TG	META	15	111	647	5	4.81146621704102	1	1	1	1	1	1	1	1	0	1	1	1	0	0	0	0
TG	META	15	117	524	5	3.27169418334961	0	1	2	19	0	1	1	9	0	0	0	0	0	1	0	0
TG	META	15	118	325	5	1.44025421142578	0	1	1	2	0	1	1	2	0	1	1	2	0	1	1	2
TG	META	16	1	512	5	2.33146500587463	0	0	1	26	0	0	1	26	0	0	0	0	0	0	0	0
TG	META	16	2	108	5	0.852343082427979	0	1	1	8	0	1	1	8	0	0	0	0	0	0	0	0
TG	META	16	4	754	5	5.97177410125732	0	0	0	0	0	0	0	0	0	0	0	0	0	0	0	0
TG	META	16	5	183	5	1.14276051521301	0	0	1	29	0	0	1	29	0	0	0	0	0	0	0	0
TG	META	16	7	797	5	7.63283371925354	0	1	0	0	0	1	0	0	0	0	0	0	0	1	0	0
TG	META	16	9	880	5	5.67302012443542	1	2	3	18	1	2	3	18	0	1	1	1	0	0	1	12
TG	META	16	17	435	5	1.56857514381409	0	0	0	0	0	0	0	0	0	0	0	0	0	0	0	0
TG	META	16	24	484	5	1.72614598274231	0	0	1	50	0	0	0	0	0	0	0	0	0	0	0	0
TG	META	16	25	954	5	8.47736549377441	0	1	0	0	0	1	0	0	0	1	0	0	0	0	0	0
TG	META	16	33	2086	5	61.2497749328613	0	0	1	34	0	0	1	34	0	0	0	0	0	0	0	0
TG	META	16	37	1041	5	9.20772194862366	0	1	3	17	0	1	2	9	0	0	2	10	0	0	2	10
TG	META	16	59	339	5	1.93499135971069	0	0	2	29	0	0	2	29	0	0	0	0	0	0	1	17
TG	META	16	62	742	5	5.62751841545105	1	1	1	1	1	1	1	1	0	0	0	0	0	0	0	0
TG	META	16	64	225	5	0.988067150115967	0	0	0	0	0	0	0	0	0	0	0	0	0	0	0	0
TG	META	16	68	771	5	8.74323439598083	0	0	1	12	0	0	1	12	0	0	0	0	0	0	1	12
TG	META	16	75	1340	5	19.5124938488007	2	2	2	2	2	2	2	2	2	2	2	2	2	2	2	2
TG	META	16	76	832	5	5.95552921295166	1	1	1	1	1	1	1	1	0	0	0	0	0	0	0	0
TG	META	16	85	1995	5	88.4443221092224	0	1	1	6	0	1	1	6	0	1	1	6	0	1	1	6
TG	META	16	88	1565	5	30.1927533149719	0	0	1	13	0	0	1	13	0	0	0	0	0	0	0	0
TG	META	16	89	2379	5	146.282437086105	1	1	4	37	1	1	4	37	1	1	1	1	1	1	3	26
TG	META	16	90	689	5	4.15321660041809	0	0	1	8	0	0	1	8	0	0	0	0	0	0	0	0
TG	META	16	93	2151	5	106.843899488449	0	0	0	0	0	0	0	0	0	0	0	0	0	0	0	0
TG	META	16	94	3048	5	211.286051988602	0	0	1	85	0	0	1	85	0	0	0	0	0	0	0	0
TG	META	16	100	124	5	0.826422691345215	0	0	0	0	0	0	0	0	0	0	0	0	0	0	0	0
TG	META	16	103	3535	5	419.634100675583	0	0	1	22	0	0	1	22	0	0	0	0	0	0	0	0
TG	META	16	104	1022	5	8.78643655776978	1	2	3	14	1	2	3	14	1	1	1	1	1	1	2	7
TG	META	16	105	755	5	4.57307291030884	0	0	1	16	0	0	1	16	0	0	0	0	0	0	1	16
TG	META	16	107	1157	5	12.2407760620117	0	0	0	0	0	0	0	0	0	0	0	0	0	0	0	0
TG	META	16	110	841	5	6.99335265159607	0	0	0	0	0	0	0	0	0	0	0	0	0	0	0	0
TG	META	16	114	184	5	1.55274510383606	0	0	1	11	0	0	1	11	0	0	0	0	0	0	0	0
TG	META	16	116	703	5	4.11173915863037	0	0	0	0	0	0	0	0	0	0	0	0	0	0	0	0
TG	META	16	119	1122	5	12.0533571243286	0	1	1	6	0	1	1	6	0	1	0	0	0	0	0	0
TG	META	16	125	372	5	2.24986100196838	0	0	1	38	0	0	1	38	0	0	0	0	0	0	0	0
TG	META	16	128	1631	5	24.645626783371	0	1	1	10	0	1	1	10	0	0	0	0	0	0	1	10
TG	META	17	3	556	5	4.39766716957092	0	1	1	9	0	1	1	9	0	0	0	0	0	0	0	0
TG	META	17	8	25	5	0.112347364425659	0	0	0	0	0	0	0	0	0	0	0	0	0	0	0	0
TG	META	17	9	1017	5	7.21866083145142	1	1	2	7	1	1	2	7	0	0	1	6	0	0	1	6
TG	META	17	15	151	5	0.211761951446533	1	1	1	1	1	1	1	1	0	0	0	0	0	0	0	0
TG	META	17	16	74	5	0.608039617538452	0	0	0	0	0	0	0	0	0	0	0	0	0	0	0	0
TG	META	17	17	1342	5	17.4125680923462	1	3	3	6	1	2	2	3	1	3	2	4	1	2	1	3
TG	META	17	23	292	5	1.30290150642395	1	1	2	24	1	1	2	24	0	0	0	0	0	0	0	0
TG	META	17	24	667	5	3.00227975845337	1	1	2	6	1	1	2	6	0	0	0	0	0	1	2	6
TG	META	17	45	154	5	0.150987386703491	0	0	1	10	0	0	1	10	0	0	0	0	0	0	0	0
TG	META	17	51	1251	5	17.4615280628204	1	2	3	31	1	2	3	31	0	0	1	6	0	1	2	25
TG	META	17	55	1362	5	15.355578660965	0	1	2	11	0	1	2	11	0	0	0	0	0	1	1	2
TG	META	17	66	133	5	0.552610874176025	0	0	1	35	0	0	1	35	0	0	0	0	0	0	0	0
TG	META	17	73	1139	10	35.4747531414032	2	4	8	35	2	4	7	29	1	1	0	0	1	2	3	9
TG	META	17	74	1581	5	26.4680681228638	0	1	1	5	0	1	1	5	0	0	0	0	0	0	0	0
TG	META	17	75	1488	5	30.2181186676025	0	1	2	22	0	1	2	22	0	1	2	22	0	0	0	0
TG	META	17	76	629	5	4.07729005813599	0	0	3	18	0	0	3	18	0	0	0	0	0	0	1	6
TG	META	17	79	633	5	6.25452709197998	0	0	1	5	0	0	1	5	0	0	0	0	0	0	1	5
TG	META	17	80	915	5	8.74221277236938	0	0	1	6	0	0	1	6	0	0	0	0	0	0	1	6
TG	META	17	87	541	5	3.40750479698181	0	1	2	10	0	1	2	10	0	0	0	0	0	0	1	5
TG	META	17	90	1204	5	13.9979646205902	0	0	2	59	0	0	2	59	0	0	0	0	0	0	2	59
TG	META	17	94	666	5	4.73379349708557	0	0	1	20	0	0	1	20	0	0	0	0	0	0	0	0
TG	META	17	97	1510	5	32.8527982234955	0	2	1	3	0	2	1	3	0	1	0	0	0	1	1	3
TG	META	17	98	510	5	4.24631381034851	0	0	1	5	0	0	1	5	0	0	0	0	0	0	0	0
TG	META	17	99	136	5	0.632893323898315	0	0	1	6	0	0	1	6	0	0	0	0	0	0	0	0
TG	META	17	100	659	5	2.85361170768738	1	2	3	13	1	2	2	3	0	1	1	2	1	1	2	11
TG	META	17	101	756	5	3.88512516021729	0	0	1	6	0	0	1	6	0	0	1	6	0	0	1	6
TG	META	17	102	374	5	2.45562553405762	0	0	1	34	0	0	1	34	0	0	0	0	0	0	1	34
TG	META	17	103	479	5	2.71598720550537	0	0	1	5	0	0	1	5	0	0	0	0	0	0	0	0
TG	META	17	105	911	5	5.35391783714294	0	0	1	13	0	0	1	13	0	0	0	0	0	0	1	13
TG	META	17	108	163	5	0.790887594223022	0	0	1	14	0	0	1	14	0	0	0	0	0	0	0	0
TG	META	17	117	621	5	4.45733785629272	0	0	1	8	0	0	1	8	0	0	0	0	0	0	1	8
TG	META	17	118	673	5	4.76770186424255	1	2	3	21	1	2	3	21	0	1	2	3	0	1	1	1
TG	META	17	123	632	5	3.84259080886841	0	1	0	0	0	1	0	0	0	0	0	0	0	1	0	0
TG	META	17	125	1079	5	13.10844373703	0	1	2	11	0	1	2	11	0	1	1	4	0	0	0	0
TG	META	17	133	349	5	1.57465267181396	0	0	1	12	0	0	1	12	0	0	0	0	0	0	1	12
TG	META	18	1	465	5	3.5567946434021	0	1	2	12	0	1	2	12	0	1	1	3	0	0	0	0
TG	META	18	6	295	5	1.23657059669495	0	1	0	0	0	0	0	0	0	1	0	0	0	0	0	0
TG	META	18	7	866	5	6.46847820281982	0	0	0	0	0	0	0	0	0	0	0	0	0	0	0	0
TG	META	18	22	379	5	2.61076235771179	0	1	1	4	0	0	0	0	0	1	0	0	0	0	0	0
TG	META	18	23	378	5	2.4519362449646	0	0	0	0	0	0	0	0	0	0	0	0	0	0	0	0
TG	META	18	28	901	5	6.43234634399414	0	0	1	5	0	0	1	5	0	0	1	5	0	0	0	0
TG	META	18	39	1667	5	38.8608570098877	1	1	1	1	1	1	1	1	1	1	1	1	1	1	1	1
TG	META	18	41	1720	5	38.6103994846344	0	1	3	40	0	1	3	40	0	1	0	0	0	0	0	0
TG	META	18	42	1358	5	18.8527362346649	0	1	1	10	0	1	1	10	0	0	0	0	0	0	0	0
TG	META	18	52	939	5	7.69612812995911	0	0	0	0	0	0	0	0	0	0	0	0	0	0	0	0
TG	META	18	60	1392	5	17.4984979629517	0	0	0	0	0	0	0	0	0	0	0	0	0	0	0	0
TG	META	18	61	1275	5	14.2551989555359	0	0	1	8	0	0	1	8	0	0	0	0	0	0	0	0
TG	META	18	65	1374	5	25.3584163188934	0	0	0	0	0	0	0	0	0	0	0	0	0	0	0	0
TG	META	18	69	2390	5	121.88972902298	0	0	0	0	0	0	0	0	0	0	0	0	0	0	0	0
TG	META	18	74	1710	5	27.5083699226379	0	0	0	0	0	0	0	0	0	0	0	0	0	0	0	0
TG	META	18	77	303	5	1.60379648208618	0	0	1	3	0	0	1	3	0	0	0	0	0	0	0	0
TG	META	18	79	516	5	2.9556770324707	0	0	0	0	0	0	0	0	0	0	0	0	0	0	0	0
TG	META	18	80	929	5	9.21012449264526	0	0	0	0	0	0	0	0	0	0	0	0	0	0	0	0
TG	META	18	82	2076	5	43.6605241298676	0	1	2	19	0	1	2	19	0	1	1	3	0	1	1	3
TG	META	18	85	1259	5	14.3963859081268	0	0	0	0	0	0	0	0	0	0	0	0	0	0	0	0
TG	META	18	86	47	5	0.173749685287476	1	1	1	1	1	1	1	1	1	1	1	1	1	1	1	1
TG	META	18	87	136	5	0.396377325057983	1	1	1	1	1	1	1	1	1	1	1	1	1	1	1	1
TG	META	18	120	427	5	2.1383204460144	0	0	1	7	0	0	1	7	0	0	0	0	0	0	1	7
TG	META	19	1	62	5	0.420736074447632	0	0	0	0	0	0	0	0	0	0	0	0	0	0	0	0
TG	META	19	4	38	5	0.182178258895874	0	1	2	9	0	1	2	9	0	0	0	0	0	0	0	0
TG	META	19	5	31	5	0.0321877002716064	0	0	1	6	0	0	1	6	0	0	1	6	0	0	0	0
TG	META	19	6	43	5	0.263491630554199	0	0	0	0	0	0	0	0	0	0	0	0	0	0	0	0
TG	META	19	10	95	5	0.321210622787476	0	0	0	0	0	0	0	0	0	0	0	0	0	0	0	0
TG	META	19	15	61	5	0.332417726516724	0	1	1	5	0	1	1	5	0	0	0	0	0	0	0	0
TG	META	19	16	57	5	0.355235815048218	0	1	1	2	0	1	1	2	0	0	0	0	0	0	0	0
TG	META	19	19	51	5	0.481763601303101	0	1	2	9	0	1	2	9	0	1	2	9	0	0	1	5
TG	META	19	20	143	5	0.858425855636597	0	0	3	70	0	0	3	70	0	0	0	0	0	0	1	34
TG	META	19	21	89	5	0.568063735961914	0	0	0	0	0	0	0	0	0	0	0	0	0	0	0	0
TG	META	19	22	436	5	2.75543665885925	1	2	3	7	1	2	3	7	0	0	1	3	0	0	0	0
TG	META	19	29	498	5	3.98801755905151	1	3	2	3	1	3	2	3	0	0	0	0	0	0	0	0
TG	META	19	30	364	5	2.41109037399292	0	1	1	2	0	1	1	2	0	0	0	0	0	1	1	2
TG	META	19	32	348	5	2.22939014434814	2	2	2	2	2	2	2	2	0	0	0	0	0	2	2	2
TG	META	19	33	157	10	3.17328977584839	5	8	8	12	5	6	6	7	0	2	2	4	0	2	1	3
TG	META	19	34	302	5	0.928053140640259	0	1	0	0	0	1	0	0	0	0	0	0	0	0	0	0
TG	META	19	35	603	5	4.86193823814392	0	0	1	13	0	0	1	13	0	0	0	0	0	0	0	0
TG	META	19	37	679	5	6.23719263076782	0	1	1	2	0	1	1	2	0	0	1	2	0	1	1	2
TG	META	19	38	179	5	0.936889886856079	1	3	3	7	1	4	2	5	1	2	2	3	1	2	1	1
TG	META	19	39	879	5	6.48885297775269	0	0	0	0	0	0	0	0	0	0	0	0	0	0	0	0
TG	META	19	45	198	5	0.902043342590332	0	0	1	16	0	0	1	16	0	0	0	0	0	0	0	0
TG	META	19	51	371	5	6.84241843223572	0	2	4	29	0	2	4	29	0	0	0	0	0	2	2	10
TG	META	19	52	352	5	3.44783687591553	0	1	3	23	0	1	3	23	0	1	0	0	0	0	0	0
TG	META	19	53	1048	5	7.54160594940186	1	3	3	11	1	3	3	11	1	1	1	1	1	3	2	4
TG	META	19	54	1974	5	58.3042190074921	0	0	0	0	0	0	0	0	0	0	0	0	0	0	0	0
TG	META	19	62	1380	5	14.7770519256592	0	0	1	25	0	0	1	25	0	0	0	0	0	0	0	0
TG	META	19	63	481	5	4.43756341934204	2	3	4	6	1	3	3	5	2	3	3	5	1	3	3	5
TG	META	19	64	1431	5	19.8735694885254	0	2	2	8	0	2	2	8	0	1	2	8	0	1	1	6
TG	META	19	65	460	5	4.28346657752991	0	0	1	5	0	0	1	5	0	0	0	0	0	0	1	5
TG	META	19	67	2230	5	75.795129776001	0	0	1	6	0	0	1	6	0	0	0	0	0	0	0	0
TG	META	19	69	892	5	11.0270168781281	0	1	0	0	0	1	0	0	0	0	0	0	0	0	0	0
TG	META	19	70	470	5	1.73867654800415	0	1	0	0	0	1	0	0	0	0	0	0	0	0	0	0
TG	META	19	71	94	5	0.579864978790283	0	1	1	2	0	1	1	2	0	0	0	0	0	0	0	0
TG	META	19	72	610	5	4.34419322013855	0	0	0	0	0	0	0	0	0	0	0	0	0	0	0	0
TG	META	19	74	1198	5	25.6869671344757	1	3	3	23	1	3	3	23	0	0	0	0	0	0	1	19
TG	META	19	75	94	20	12.0567474365234	15	18	18	22	15	16	16	17	9	12	12	14	8	12	11	14
TG	META	19	76	637	5	5.63592791557312	1	5	4	11	1	5	4	11	0	1	2	8	0	1	1	3
TG	META	19	77	1198	5	15.8772795200348	0	0	4	29	0	0	4	29	0	0	0	0	0	0	1	9
TG	META	19	79	529	5	2.80066418647766	0	0	0	0	0	0	0	0	0	0	0	0	0	0	0	0
TG	META	19	80	115	5	0.370657444000244	0	0	1	6	0	0	1	6	0	0	1	6	0	0	0	0
TG	META	19	81	290	5	1.64500880241394	0	2	3	11	0	2	3	11	0	0	1	2	0	0	1	2
TG	META	19	90	925	5	7.3409903049469	0	0	0	0	0	0	0	0	0	0	0	0	0	0	0	0
TG	META	19	93	222	5	0.966088533401489	0	0	1	5	0	0	0	0	0	0	0	0	0	0	1	5
TG	META	19	98	80	5	0.268559455871582	0	0	1	7	0	0	1	7	0	0	0	0	0	0	0	0
TG	META	19	104	364	5	1.40906023979187	1	1	1	1	1	1	1	1	1	1	1	1	1	1	1	1
TG	META	19	106	233	5	1.05390477180481	0	0	1	5	0	0	1	5	0	0	0	0	0	0	1	5
TG	META	19	109	106	5	0.492077827453613	0	0	1	6	0	0	1	6	0	0	1	6	0	0	0	0
TG	META	19	110	1085	5	10.0509579181671	0	0	0	0	0	0	0	0	0	0	0	0	0	0	0	0
TG	META	20	2	313	5	1.48096418380737	0	0	1	4	0	0	1	4	0	0	0	0	0	0	0	0
TG	META	20	7	686	5	2.75395202636719	0	0	1	6	0	0	1	6	0	0	1	6	0	0	0	0
TG	META	20	18	580	5	3.88828825950623	0	1	1	10	0	1	1	10	0	0	0	0	0	0	0	0
TG	META	20	19	147	5	0.637858152389526	0	0	0	0	0	0	0	0	0	0	0	0	0	0	0	0
TG	META	20	23	166	5	1.80055737495422	0	1	0	0	0	1	0	0	0	0	0	0	0	0	0	0
TG	META	20	34	838	5	6.23969006538391	0	1	1	3	0	1	1	3	0	0	0	0	0	1	1	3
TG	META	20	40	670	5	3.25555777549744	0	0	1	6	0	0	1	6	0	0	0	0	0	0	1	6
TG	META	20	47	1128	5	10.209454536438	0	0	1	4	0	0	1	4	0	0	0	0	0	0	1	4
TG	META	20	48	1660	5	26.3756124973297	0	0	0	0	0	0	0	0	0	0	0	0	0	0	0	0
TG	META	20	59	1043	5	9.52933406829834	0	1	0	0	0	1	0	0	0	0	0	0	0	0	0	0
TG	META	20	60	868	5	5.87315583229065	0	0	0	0	0	0	0	0	0	0	0	0	0	0	0	0
TG	META	20	62	741	5	5.46157598495483	0	0	1	14	0	0	1	14	0	0	0	0	0	0	0	0
TG	META	20	63	2122	5	109.827985286713	0	0	1	7	0	0	1	7	0	0	0	0	0	0	0	0
TG	META	20	64	578	5	6.84064984321594	2	3	4	20	2	3	4	20	1	1	1	1	1	1	1	1
TG	META	20	65	1163	5	13.4185490608215	0	0	2	32	0	0	2	32	0	0	1	8	0	0	1	24
TG	META	20	68	345	5	2.04360628128052	0	0	1	20	0	0	1	20	0	0	0	0	0	0	0	0
TG	META	20	69	854	5	5.06530284881592	0	0	1	5	0	0	1	5	0	0	0	0	0	0	1	5
TG	META	20	70	608	5	3.43682050704956	0	0	1	11	0	0	1	11	0	0	0	0	0	0	0	0
TG	META	20	71	979	5	7.07446384429932	2	3	2	2	2	3	2	2	1	1	1	1	1	1	1	1
TG	META	20	73	859	5	4.77820467948914	1	1	2	9	1	1	2	9	0	1	1	1	0	0	0	0
TG	META	20	84	1133	5	8.0663366317749	1	1	2	25	1	1	2	25	1	1	1	1	1	1	2	25
TG	META	20	86	624	5	4.62974643707275	0	0	0	0	0	0	0	0	0	0	0	0	0	0	0	0
TG	META	20	87	542	5	3.20868253707886	0	1	1	3	0	1	1	3	0	0	0	0	0	0	0	0
TG	META	20	91	683	5	5.37488317489624	0	0	0	0	0	0	0	0	0	0	0	0	0	0	0	0
TG	META	20	93	1479	5	20.5016975402832	1	3	2	3	1	3	2	3	0	1	2	3	0	1	2	3
TG	META	20	99	735	5	6.3561692237854	0	0	0	0	0	0	0	0	0	0	0	0	0	0	0	0
TG	META	20	115	235	5	1.66175246238708	0	0	2	10	0	0	2	10	0	0	0	0	0	0	1	3
TG	META	21	2	179	5	1.48949337005615	0	1	0	0	0	1	0	0	0	0	0	0	0	0	0	0
TG	META	21	4	174	5	0.563823699951172	0	1	1	13	0	1	1	13	0	0	0	0	0	0	0	0
TG	META	21	5	514	5	1.99446129798889	0	0	1	21	0	0	1	21	0	0	0	0	0	0	0	0
TG	META	21	48	1714	5	36.4667840003967	0	0	2	40	0	0	2	40	0	0	0	0	0	0	0	0
TG	META	21	53	679	5	3.08919262886047	0	0	1	8	0	0	1	8	0	0	0	0	0	0	0	0
TG	META	21	63	537	5	3.5537474155426	0	0	1	25	0	0	1	25	0	0	0	0	0	0	0	0
TG	META	21	64	832	5	9.25849080085754	1	3	3	10	1	1	1	1	1	3	3	10	0	0	0	0
TG	META	21	65	179	5	0.704655885696411	0	0	1	8	0	0	0	0	0	0	0	0	0	0	0	0
TG	META	22	1	528	5	2.69454622268677	0	0	1	9	0	0	0	0	0	0	0	0	0	0	0	0
TG	META	22	7	180	5	1.35243034362793	0	0	0	0	0	0	0	0	0	0	0	0	0	0	0	0
TG	META	22	13	404	5	2.30936717987061	0	0	1	26	0	0	1	26	0	0	0	0	0	0	0	0
TG	META	22	19	442	5	3.33112263679504	0	0	1	13	0	0	1	13	0	0	0	0	0	0	1	13
TG	META	22	29	1037	5	8.10811734199524	0	0	3	40	0	0	3	40	0	0	0	0	0	0	0	0
TG	META	22	30	3137	5	278.414335012436	0	0	1	15	0	0	1	15	0	0	0	0	0	0	0	0
TG	META	22	37	721	5	10.4826052188873	0	1	1	4	0	1	1	4	0	0	0	0	0	0	0	0
TG	META	22	40	327	5	1.93827724456787	0	0	0	0	0	0	0	0	0	0	0	0	0	0	0	0
TG	META	22	43	537	5	3.84407186508179	1	1	4	41	1	1	4	41	1	1	1	1	0	1	1	1
TG	META	22	44	436	5	1.4533634185791	0	1	1	19	0	0	1	19	0	1	0	0	0	0	1	19
TG	META	22	45	522	5	3.67864036560059	0	0	0	0	0	0	0	0	0	0	0	0	0	0	0	0
TG	META	22	46	1537	5	25.031058549881	0	0	2	27	0	0	2	27	0	0	0	0	0	0	1	11
TG	META	22	49	204	5	1.23500180244446	0	0	1	3	0	0	1	3	0	0	1	3	0	0	1	3
TG	META	22	54	597	5	3.74393105506897	0	0	0	0	0	0	0	0	0	0	0	0	0	0	0	0
TG	META	22	56	91	5	0.127565145492554	0	0	0	0	0	0	0	0	0	0	0	0	0	0	0	0
TG	META	22	57	28	5	0.125208854675293	1	2	1	1	1	2	1	1	0	0	0	0	0	1	1	1
TG	META	22	64	474	5	2.23432159423828	0	0	1	7	0	0	1	7	0	0	1	7	0	0	0	0
TG	META	22	69	619	5	3.45082330703735	0	1	1	4	0	1	1	4	0	1	0	0	0	1	1	4
TG	META	22	70	589	5	3.2525680065155	0	0	1	13	0	0	1	13	0	0	0	0	0	0	0	0
