pheno	db	pid	chromosome	block	num_variants	L	time	num_variants_0.95	num_variants_0.5	num_CS95	num_variants_CS95
HDL	META	EAS	1	1	79	5	0.63275146484375	0	0	0	0
HDL	META	EAS	1	2	125	5	0.810551643371582	0	0	0	0
HDL	META	EAS	1	3	185	5	1.0115852355957	0	0	0	0
HDL	META	EAS	1	5	706	5	1.34480762481689	0	0	0	0
HDL	META	EAS	1	15	1491	5	2.97158670425415	0	0	0	0
HDL	META	EAS	1	17	1897	5	2.75326991081238	0	0	0	0
HDL	META	EAS	1	18	764	5	2.06826019287109	0	0	0	0
HDL	META	EAS	1	19	1408	5	2.69770765304565	0	0	0	0
HDL	META	EAS	1	21	1162	5	1.87854313850403	0	0	0	0
HDL	META	EAS	1	23	687	5	2.22935318946838	0	0	0	0
HDL	META	EAS	1	24	410	5	1.6215615272522	0	0	0	0
HDL	META	EAS	1	35	1503	5	2.69523525238037	0	0	0	0
HDL	META	EAS	1	40	763	5	1.77352285385132	0	0	0	0
HDL	META	EAS	1	43	434	5	1.68294453620911	0	0	0	0
HDL	META	EAS	1	44	461	5	1.89904069900513	0	0	0	0
HDL	META	EAS	1	46	1305	5	2.35892510414124	0	0	0	0
HDL	META	EAS	1	48	670	5	1.39813685417175	0	0	0	0
HDL	META	EAS	1	49	467	5	1.62752985954285	0	0	0	0
HDL	META	EAS	1	50	975	5	1.80657720565796	0	0	0	0
HDL	META	EAS	1	51	593	5	1.85920095443726	0	0	0	0
HDL	META	EAS	1	52	1588	5	2.23816013336182	0	0	0	0
HDL	META	EAS	1	53	1255	5	3.86148071289062	0	0	0	0
HDL	META	EAS	1	57	1409	5	2.93015694618225	0	0	0	0
HDL	META	EAS	1	63	1603	5	2.77100324630737	0	0	0	0
HDL	META	EAS	1	70	1467	5	2.58882474899292	0	0	1	26
HDL	META	EAS	1	71	1609	5	3.09277701377869	0	0	0	0
HDL	META	EAS	1	73	1742	5	2.4807665348053	0	0	0	0
HDL	META	EAS	1	74	1570	5	2.16315340995789	0	0	0	0
HDL	META	EAS	1	75	2538	5	4.24336051940918	0	0	0	0
HDL	META	EAS	1	76	1397	5	2.42344951629639	0	0	0	0
HDL	META	EAS	1	80	877	5	1.30618667602539	0	0	0	0
HDL	META	EAS	1	85	864	5	1.60893440246582	0	0	0	0
HDL	META	EAS	1	87	736	5	1.83773565292358	0	0	0	0
HDL	META	EAS	1	90	183	5	1.61244583129883	0	0	0	0
HDL	META	EAS	1	92	1472	5	2.63659000396729	0	0	0	0
HDL	META	EAS	1	94	315	5	1.22333312034607	0	0	0	0
HDL	META	EAS	1	96	1336	5	3.028968334198	0	0	0	0
HDL	META	EAS	1	97	1543	5	2.17392039299011	0	0	0	0
HDL	META	EAS	1	98	1352	5	2.26555824279785	0	0	0	0
HDL	META	EAS	1	100	1601	5	2.8351194858551	0	0	0	0
HDL	META	EAS	1	102	1084	5	1.66678857803345	0	0	0	0
HDL	META	EAS	1	105	3186	5	6.67587280273438	0	0	0	0
HDL	META	EAS	1	110	567	5	1.78871178627014	0	0	0	0
HDL	META	EAS	1	113	1198	5	2.02860498428345	0	0	0	0
HDL	META	EAS	1	117	957	5	2.25903248786926	0	0	0	0
HDL	META	EAS	1	122	2436	5	7.26081657409668	0	0	0	0
HDL	META	EAS	1	124	2163	5	5.45735025405884	0	0	0	0
HDL	META	EAS	1	125	2333	5	5.38265180587769	0	0	1	53
HDL	META	EAS	1	128	2148	5	5.10700559616089	0	0	0	0
HDL	META	EAS	1	129	528	5	1.58076047897339	0	0	0	0
HDL	META	EAS	1	132	1620	5	2.87696385383606	0	0	0	0
HDL	META	EAS	1	136	1302	5	1.9074878692627	0	0	0	0
HDL	META	EAS	1	138	1511	5	2.48049998283386	0	0	0	0
HDL	META	EAS	1	139	404	5	1.4676775932312	1	1	1	1
HDL	META	EAS	1	143	1088	5	1.85866022109985	0	0	0	0
HDL	META	EAS	1	153	1690	5	3.86415815353394	0	0	0	0
HDL	META	EAS	1	154	2238	5	6.53686285018921	0	0	0	0
HDL	META	EAS	1	156	1318	5	2.81744050979614	0	0	0	0
HDL	META	EAS	1	158	972	5	1.43734550476074	0	0	0	0
HDL	META	EAS	1	159	244	5	1.59676194190979	0	0	0	0
HDL	META	EAS	1	160	1181	5	1.96284413337708	0	0	0	0
HDL	META	EAS	1	168	1652	5	2.22050952911377	0	0	0	0
HDL	META	EAS	1	173	1318	5	2.5688648223877	0	0	0	0
HDL	META	EAS	1	181	2184	5	3.81556248664856	0	0	0	0
HDL	META	EAS	1	182	2121	5	4.21959066390991	0	0	0	0
HDL	META	EAS	1	183	2195	5	3.75311875343323	0	0	0	0
HDL	META	EAS	1	187	1469	5	2.92640805244446	0	0	1	15
HDL	META	EAS	1	189	1035	5	1.61777830123901	0	0	0	0
HDL	META	EAS	1	191	1476	5	5.40281176567078	0	0	0	0
HDL	META	EAS	1	192	1721	5	2.28573346138	0	0	0	0
HDL	META	EAS	1	193	1979	5	4.84573984146118	0	0	0	0
HDL	META	EAS	1	201	1770	5	2.80070781707764	0	0	0	0
HDL	META	EAS	1	202	1551	5	2.17406821250916	0	0	0	0
HDL	META	EAS	1	203	1474	5	2.05004143714905	0	0	0	0
HDL	META	EAS	1	204	1393	5	2.86343193054199	0	0	0	0
HDL	META	EAS	1	207	962	5	1.93070888519287	0	0	0	0
HDL	META	EAS	1	208	1320	5	2.8499550819397	0	0	0	0
HDL	META	EAS	1	209	522	5	1.49853825569153	0	0	0	0
HDL	META	EAS	1	211	769	5	2.26892423629761	0	0	0	0
HDL	META	EAS	1	213	860	5	2.17590951919556	0	0	0	0
HDL	META	EAS	1	214	698	5	2.08802199363708	0	0	0	0
HDL	META	EAS	1	215	283	5	2.37309217453003	0	0	0	0
HDL	META	EAS	1	216	1555	5	2.60828232765198	0	0	0	0
HDL	META	EAS	1	218	271	5	1.33387446403503	0	0	0	0
HDL	META	EAS	1	221	1701	5	2.81814026832581	0	0	1	6
HDL	META	EAS	1	224	1161	5	2.6119978427887	0	0	0	0
HDL	META	EAS	1	228	842	5	1.53174018859863	0	0	0	0
HDL	META	EAS	1	233	2215	5	5.57701635360718	0	0	0	0
HDL	META	EAS	1	234	2592	5	4.6295645236969	0	1	1	2
HDL	META	EAS	1	235	1543	5	2.58972311019897	0	0	0	0
HDL	META	EAS	1	238	3544	5	7.07376670837402	0	0	0	0
HDL	META	EAS	1	239	1000	5	3.31533885002136	0	0	0	0
HDL	META	EAS	1	240	3844	5	8.00050663948059	0	0	0	0
HDL	META	EAS	1	242	578	5	1.92866635322571	0	0	1	23
HDL	META	EAS	1	243	912	5	1.9721372127533	0	1	3	16
HDL	META	EAS	1	244	2001	5	2.95862364768982	0	0	0	0
HDL	META	EAS	1	252	678	5	1.30268549919128	0	0	0	0
HDL	META	EAS	1	253	195	5	1.38839411735535	0	0	0	0
HDL	META	EAS	1	254	1131	5	2.24462509155273	0	0	0	0
HDL	META	EAS	1	255	857	5	3.19570994377136	0	0	0	0
HDL	META	EAS	1	257	1056	5	1.92132067680359	0	0	0	0
HDL	META	EAS	1	264	872	5	4.05130434036255	0	0	0	0
HDL	META	EAS	1	275	431	5	1.53526973724365	0	0	0	0
HDL	META	EAS	2	1	500	5	1.62659692764282	0	0	0	0
HDL	META	EAS	2	2	2996	5	5.22993922233582	0	0	0	0
HDL	META	EAS	2	3	947	5	1.50690007209778	0	0	0	0
HDL	META	EAS	2	4	733	5	1.10378670692444	0	0	0	0
HDL	META	EAS	2	6	961	5	1.28379321098328	0	0	0	0
HDL	META	EAS	2	13	1971	5	3.14048480987549	0	0	0	0
HDL	META	EAS	2	28	322	5	1.82038474082947	0	0	0	0
HDL	META	EAS	2	40	2287	5	4.17664432525635	0	0	0	0
HDL	META	EAS	2	41	990	5	2.54225301742554	0	0	0	0
HDL	META	EAS	2	44	771	5	21.2626011371613	0	0	2	35
HDL	META	EAS	2	45	1738	5	2.55891251564026	0	0	0	0
HDL	META	EAS	2	46	887	5	2.02880120277405	0	0	0	0
HDL	META	EAS	2	47	2226	5	3.92333817481995	0	0	0	0
HDL	META	EAS	2	48	1204	5	1.63361382484436	0	0	0	0
HDL	META	EAS	2	49	1381	5	2.13813209533691	0	0	0	0
HDL	META	EAS	2	50	1317	5	1.58203935623169	0	0	0	0
HDL	META	EAS	2	51	1426	5	2.94215655326843	0	0	0	0
HDL	META	EAS	2	53	1099	5	3.16849637031555	0	0	0	0
HDL	META	EAS	2	55	2764	5	5.45070862770081	0	0	0	0
HDL	META	EAS	2	60	1681	5	2.4939751625061	0	0	0	0
HDL	META	EAS	2	62	865	5	1.19188904762268	0	0	0	0
HDL	META	EAS	2	63	1242	5	2.12499713897705	0	0	0	0
HDL	META	EAS	2	66	3397	5	8.79894113540649	0	0	0	0
HDL	META	EAS	2	67	3664	5	7.30024909973145	0	0	0	0
HDL	META	EAS	2	68	591	5	1.32818746566772	0	0	0	0
HDL	META	EAS	2	69	1987	5	2.3496675491333	0	0	0	0
HDL	META	EAS	2	79	1481	5	2.32823538780212	0	0	0	0
HDL	META	EAS	2	80	3732	5	8.94252061843872	0	0	0	0
HDL	META	EAS	2	84	5318	5	17.9294748306274	0	0	0	0
HDL	META	EAS	2	85	5200	5	21.8441255092621	0	0	0	0
HDL	META	EAS	2	86	1820	5	4.02305889129639	0	0	0	0
HDL	META	EAS	2	87	642	5	1.30615091323853	0	0	0	0
HDL	META	EAS	2	88	5381	5	16.7797043323517	0	0	0	0
HDL	META	EAS	2	89	1018	5	1.8744912147522	0	0	0	0
HDL	META	EAS	2	90	1201	5	1.12334322929382	0	0	0	0
HDL	META	EAS	2	97	2242	5	3.70450925827026	0	0	0	0
HDL	META	EAS	2	99	998	5	2.81595635414124	0	0	0	0
HDL	META	EAS	2	100	946	5	1.68802356719971	0	0	0	0
HDL	META	EAS	2	115	2598	5	4.26702642440796	0	0	0	0
HDL	META	EAS	2	117	1185	5	2.77037978172302	0	0	0	0
HDL	META	EAS	2	122	958	5	1.43066215515137	0	1	0	0
HDL	META	EAS	2	124	1661	5	2.40725135803223	0	0	0	0
HDL	META	EAS	2	125	1580	5	2.18944025039673	0	0	0	0
HDL	META	EAS	2	128	2313	5	4.36124086380005	0	0	0	0
HDL	META	EAS	2	130	328	5	1.32853150367737	0	0	0	0
HDL	META	EAS	2	131	85	5	0.778183698654175	0	0	0	0
HDL	META	EAS	2	132	270	5	1.49851894378662	0	0	0	0
HDL	META	EAS	2	138	2247	5	4.21794557571411	0	0	0	0
HDL	META	EAS	2	146	2696	5	5.21556901931763	0	0	0	0
HDL	META	EAS	2	147	4114	5	11.5124247074127	0	0	0	0
HDL	META	EAS	2	151	1386	5	1.66687083244324	0	0	0	0
HDL	META	EAS	2	153	1807	5	2.77958631515503	0	0	0	0
HDL	META	EAS	2	154	1152	5	1.68581748008728	0	0	0	0
HDL	META	EAS	2	159	3794	5	8.64033937454224	0	0	0	0
HDL	META	EAS	2	163	62	5	0.915754795074463	0	0	0	0
HDL	META	EAS	2	164	406	5	1.47584819793701	0	0	0	0
HDL	META	EAS	2	166	3675	5	7.01997637748718	0	0	0	0
HDL	META	EAS	2	168	1587	5	2.65585494041443	0	0	0	0
HDL	META	EAS	2	171	2469	5	5.37911319732666	0	0	0	0
HDL	META	EAS	2	175	94	5	0.778820276260376	0	0	0	0
HDL	META	EAS	2	176	2589	5	4.4296510219574	0	0	0	0
HDL	META	EAS	2	177	2152	5	5.14663529396057	0	0	0	0
HDL	META	EAS	2	180	1461	5	2.31831741333008	0	0	0	0
HDL	META	EAS	2	181	2105	5	5.39376378059387	0	0	0	0
HDL	META	EAS	2	183	771	5	1.69325518608093	0	0	0	0
HDL	META	EAS	2	184	3170	5	9.41036987304688	0	0	0	0
HDL	META	EAS	2	185	824	5	0.914635896682739	0	0	0	0
HDL	META	EAS	2	186	2360	5	3.83943343162537	0	0	0	0
HDL	META	EAS	2	191	554	5	1.81839227676392	0	0	0	0
HDL	META	EAS	2	195	3948	5	9.77929067611694	0	0	0	0
HDL	META	EAS	2	197	1899	5	2.63674807548523	0	0	0	0
HDL	META	EAS	2	199	2179	5	4.01966285705566	0	0	0	0
HDL	META	EAS	2	202	224	5	0.577006340026855	0	0	0	0
HDL	META	EAS	2	205	936	5	1.76818370819092	0	0	0	0
HDL	META	EAS	2	208	2585	5	4.61479139328003	0	0	0	0
HDL	META	EAS	2	209	556	5	2.38780641555786	0	0	0	0
HDL	META	EAS	2	210	1200	5	2.21465659141541	0	0	0	0
HDL	META	EAS	2	213	3410	5	8.35996198654175	0	0	0	0
HDL	META	EAS	2	215	1340	5	2.10433626174927	0	0	0	0
HDL	META	EAS	2	217	821	5	1.42984342575073	0	0	0	0
HDL	META	EAS	2	218	735	5	1.3422064781189	0	0	0	0
HDL	META	EAS	2	221	1446	5	1.84807419776917	0	0	0	0
HDL	META	EAS	2	227	1009	5	2.80406022071838	0	0	0	0
HDL	META	EAS	2	228	1194	5	1.26295685768127	0	0	0	0
HDL	META	EAS	2	230	1067	5	1.83068990707397	0	0	0	0
HDL	META	EAS	2	232	1014	5	1.38679838180542	0	0	0	0
HDL	META	EAS	2	233	449	5	1.38135647773743	0	0	0	0
HDL	META	EAS	2	234	1360	5	4.00881958007812	0	0	0	0
HDL	META	EAS	2	235	723	5	4.73420453071594	0	0	0	0
HDL	META	EAS	2	237	1423	5	2.48775243759155	0	0	0	0
HDL	META	EAS	2	240	1496	5	2.09015321731567	0	0	0	0
HDL	META	EAS	2	247	590	5	1.56404209136963	0	0	0	0
HDL	META	EAS	2	250	3462	5	7.71334457397461	0	0	0	0
HDL	META	EAS	2	251	995	5	1.14564824104309	0	0	0	0
HDL	META	EAS	2	256	1541	5	2.12425374984741	0	0	0	0
HDL	META	EAS	3	8	431	5	1.00401091575623	0	0	0	0
HDL	META	EAS	3	9	526	5	1.08786392211914	0	0	0	0
HDL	META	EAS	3	20	1822	5	2.59740805625916	0	0	0	0
HDL	META	EAS	3	23	1230	5	2.30766606330872	0	0	0	0
HDL	META	EAS	3	24	1939	5	34.8469338417053	0	0	1	4
HDL	META	EAS	3	25	251	5	1.36776494979858	0	0	0	0
HDL	META	EAS	3	28	95	5	0.720697641372681	0	0	0	0
HDL	META	EAS	3	30	1900	5	2.54270124435425	0	0	0	0
HDL	META	EAS	3	32	2540	5	4.29245114326477	0	0	0	0
HDL	META	EAS	3	34	729	5	1.68125629425049	0	0	0	0
HDL	META	EAS	3	35	2352	5	3.74699950218201	0	0	0	0
HDL	META	EAS	3	39	3318	5	5.61667799949646	0	0	0	0
HDL	META	EAS	3	40	1422	5	2.22835922241211	0	0	0	0
HDL	META	EAS	3	41	2365	5	4.07708883285522	0	0	0	0
HDL	META	EAS	3	42	1728	5	4.45564651489258	0	0	0	0
HDL	META	EAS	3	55	801	5	1.24119329452515	0	0	1	27
HDL	META	EAS	3	59	2180	5	3.95943689346313	0	0	0	0
HDL	META	EAS	3	60	2630	5	5.54266691207886	0	0	0	0
HDL	META	EAS	3	64	109	5	1.53066635131836	0	0	0	0
HDL	META	EAS	3	65	840	5	3.68153047561646	0	0	0	0
HDL	META	EAS	3	71	1849	5	3.97358202934265	0	0	0	0
HDL	META	EAS	3	77	3478	5	9.58620595932007	0	0	0	0
HDL	META	EAS	3	81	1257	5	1.511225938797	0	0	0	0
HDL	META	EAS	3	83	3188	5	7.65750122070312	0	0	0	0
HDL	META	EAS	3	84	1261	5	1.89335560798645	0	0	0	0
HDL	META	EAS	3	85	1478	5	2.36258673667908	0	0	0	0
HDL	META	EAS	3	88	1986	5	2.57116985321045	0	0	0	0
HDL	META	EAS	3	89	1685	5	2.62856817245483	0	0	0	0
HDL	META	EAS	3	90	1084	5	2.03883242607117	0	0	0	0
HDL	META	EAS	3	105	1484	5	2.34654474258423	0	0	0	0
HDL	META	EAS	3	106	4681	5	15.5069615840912	0	0	0	0
HDL	META	EAS	3	108	1328	5	2.0946159362793	0	0	0	0
HDL	META	EAS	3	109	3318	5	7.16102528572083	0	0	0	0
HDL	META	EAS	3	112	1860	5	3.64047646522522	0	0	0	0
HDL	META	EAS	3	114	1095	5	3.15297532081604	0	0	0	0
HDL	META	EAS	3	119	3363	5	6.66593956947327	0	0	0	0
HDL	META	EAS	3	120	1560	5	1.97817850112915	0	0	0	0
HDL	META	EAS	3	121	1844	5	3.59752821922302	0	0	0	0
HDL	META	EAS	3	123	661	5	1.93942499160767	0	0	0	0
HDL	META	EAS	3	124	289	5	2.06269812583923	0	0	0	0
HDL	META	EAS	3	125	1990	5	2.44210433959961	0	0	0	0
HDL	META	EAS	3	127	2401	5	4.71681356430054	0	0	0	0
HDL	META	EAS	3	128	688	5	2.38577032089233	0	0	0	0
HDL	META	EAS	3	129	1098	5	1.16951560974121	0	0	0	0
HDL	META	EAS	3	132	2583	5	5.41984105110168	0	0	0	0
HDL	META	EAS	3	134	1071	5	2.88616681098938	0	0	0	0
HDL	META	EAS	3	135	1828	5	2.75763726234436	0	0	0	0
HDL	META	EAS	3	136	924	5	1.25475406646729	0	0	0	0
HDL	META	EAS	3	140	1903	5	3.17177224159241	0	0	0	0
HDL	META	EAS	3	144	537	5	1.16234230995178	0	0	0	0
HDL	META	EAS	3	145	2307	5	5.36597657203674	0	0	0	0
HDL	META	EAS	3	146	684	5	1.46263241767883	0	0	0	0
HDL	META	EAS	3	155	1789	5	2.49832391738892	0	0	0	0
HDL	META	EAS	3	158	2340	5	4.52794122695923	0	0	0	0
HDL	META	EAS	3	159	1604	5	2.73238229751587	0	0	0	0
HDL	META	EAS	3	161	2486	5	7.28529286384583	0	0	0	0
HDL	META	EAS	3	162	3088	5	6.53147315979004	0	0	0	0
HDL	META	EAS	3	165	2211	5	4.36592197418213	0	0	0	0
HDL	META	EAS	3	170	1474	5	3.49764180183411	0	0	0	0
HDL	META	EAS	3	171	1511	5	2.67975091934204	0	0	0	0
HDL	META	EAS	3	174	392	5	3.25253939628601	0	0	0	0
HDL	META	EAS	3	175	575	5	1.49850153923035	0	0	0	0
HDL	META	EAS	3	179	1295	5	2.27924966812134	0	0	0	0
HDL	META	EAS	3	183	994	5	1.48660063743591	0	0	0	0
HDL	META	EAS	3	184	1141	5	2.46801495552063	0	0	0	0
HDL	META	EAS	3	186	2270	5	5.21974229812622	0	0	0	0
HDL	META	EAS	3	191	1290	5	2.39220404624939	0	0	0	0
HDL	META	EAS	3	193	2154	5	3.34918975830078	0	0	0	0
HDL	META	EAS	3	195	3888	5	10.1659035682678	0	0	0	0
HDL	META	EAS	3	212	753	5	0.971365690231323	0	0	0	0
HDL	META	EAS	3	214	2164	5	3.86076951026917	0	0	0	0
HDL	META	EAS	3	216	880	5	1.11959433555603	0	0	0	0
HDL	META	EAS	4	1	4743	5	18.1046986579895	0	0	0	0
HDL	META	EAS	4	4	1513	5	2.14807224273682	0	0	0	0
HDL	META	EAS	4	10	205	5	1.3668065071106	0	0	0	0
HDL	META	EAS	4	21	3477	5	7.19116902351379	0	0	0	0
HDL	META	EAS	4	32	2317	5	3.62752485275269	0	0	0	0
HDL	META	EAS	4	33	2313	5	4.77001667022705	0	0	0	0
HDL	META	EAS	4	37	1241	5	2.27299404144287	0	0	0	0
HDL	META	EAS	4	39	1303	5	2.53807544708252	0	0	0	0
HDL	META	EAS	4	42	286	5	1.10964441299438	0	0	0	0
HDL	META	EAS	4	54	5052	5	19.0190868377686	0	0	0	0
HDL	META	EAS	4	55	1981	5	4.30554795265198	0	0	0	0
HDL	META	EAS	4	63	3469	5	6.08451509475708	0	0	0	0
HDL	META	EAS	4	64	2985	5	6.36544513702393	0	0	0	0
HDL	META	EAS	4	66	1408	5	3.78394055366516	0	0	0	0
HDL	META	EAS	4	67	322	5	1.83209586143494	0	0	0	0
HDL	META	EAS	4	71	917	5	2.35548186302185	0	0	0	0
HDL	META	EAS	4	79	1486	5	3.09521532058716	0	0	0	0
HDL	META	EAS	4	80	2007	5	3.71845388412476	0	0	0	0
HDL	META	EAS	4	87	2833	5	4.44336843490601	0	0	0	0
HDL	META	EAS	4	94	1154	5	1.10166096687317	0	0	0	0
HDL	META	EAS	4	95	736	5	1.76402163505554	0	0	0	0
HDL	META	EAS	4	101	2127	5	4.23437976837158	0	0	0	0
HDL	META	EAS	4	102	1344	5	1.82600140571594	0	0	0	0
HDL	META	EAS	4	103	1057	5	1.66800951957703	0	0	1	54
HDL	META	EAS	4	109	859	5	2.42011690139771	0	0	0	0
HDL	META	EAS	4	113	1885	5	2.7317781448364302	0	0	1	44
HDL	META	EAS	4	114	2105	5	3.26723027229309	0	0	0	0
HDL	META	EAS	4	115	1013	5	2.2083752155304	0	0	0	0
HDL	META	EAS	4	116	1297	5	3.39063000679016	0	0	0	0
HDL	META	EAS	4	117	1846	5	3.55310678482056	0	0	0	0
HDL	META	EAS	4	121	1718	5	2.47568249702454	0	0	0	0
HDL	META	EAS	4	122	803	5	2.15093040466309	0	0	0	0
HDL	META	EAS	4	123	433	5	1.5861222743988	0	0	0	0
HDL	META	EAS	4	124	2637	5	5.11261510848999	0	0	0	0
HDL	META	EAS	4	129	2206	5	4.45523905754089	0	0	0	0
HDL	META	EAS	4	130	2288	5	4.03252029418945	0	0	0	0
HDL	META	EAS	4	134	3543	5	5.95558881759644	0	0	0	0
HDL	META	EAS	4	136	2991	5	6.25517249107361	0	0	0	0
HDL	META	EAS	4	146	1337	5	2.72409868240356	0	0	0	0
HDL	META	EAS	4	147	815	5	1.76392674446106	0	0	0	0
HDL	META	EAS	4	149	1810	5	2.33645296096802	0	0	0	0
HDL	META	EAS	4	150	1929	5	3.63901257514954	0	0	0	0
HDL	META	EAS	4	151	604	5	1.59537434577942	0	0	0	0
HDL	META	EAS	4	152	774	5	2.60474109649658	0	0	0	0
HDL	META	EAS	4	153	2071	5	4.04037547111511	0	0	0	0
HDL	META	EAS	4	154	870	5	1.85115885734558	0	0	0	0
HDL	META	EAS	4	156	2835	5	4.17879700660706	0	0	0	0
HDL	META	EAS	4	159	839	5	1.6461706161499	0	0	0	0
HDL	META	EAS	4	164	1787	5	3.57690763473511	0	0	0	0
HDL	META	EAS	4	165	1430	5	2.40117788314819	0	0	0	0
HDL	META	EAS	4	168	3105	5	5.83106589317322	0	0	0	0
HDL	META	EAS	4	180	2124	5	2.88672804832458	0	0	0	0
HDL	META	EAS	4	182	461	5	1.77608275413513	0	0	0	0
HDL	META	EAS	4	184	1054	5	1.99855637550354	0	0	0	0
HDL	META	EAS	4	205	428	5	1.64578747749329	0	0	0	0
HDL	META	EAS	4	209	1238	5	2.56511783599854	0	0	0	0
HDL	META	EAS	5	1	1251	5	2.52473187446594	0	0	0	0
HDL	META	EAS	5	2	356	5	1.58684659004211	0	0	0	0
HDL	META	EAS	5	9	1024	5	1.50354743003845	0	0	0	0
HDL	META	EAS	5	27	3475	5	8.27855253219604	0	0	0	0
HDL	META	EAS	5	56	2781	5	6.80590343475342	0	0	0	0
HDL	META	EAS	5	57	1717	5	3.23488187789917	0	0	0	0
HDL	META	EAS	5	58	926	5	1.9439959526062	0	0	0	0
HDL	META	EAS	5	60	1155	5	2.07612586021423	0	0	0	0
HDL	META	EAS	5	64	2390	5	5.38720011711121	0	0	0	0
HDL	META	EAS	5	66	1396	5	2.38533115386963	0	0	0	0
HDL	META	EAS	5	68	540	5	1.36506390571594	0	0	1	5
HDL	META	EAS	5	69	849	5	1.5380756855011	0	0	0	0
HDL	META	EAS	5	70	636	5	1.84576559066772	0	0	0	0
HDL	META	EAS	5	71	2803	5	5.39696192741394	0	0	0	0
HDL	META	EAS	5	72	2666	5	5.79113388061523	0	0	0	0
HDL	META	EAS	5	75	1908	5	4.21106457710266	0	0	0	0
HDL	META	EAS	5	78	506	5	1.87142944335938	0	0	0	0
HDL	META	EAS	5	80	1705	5	3.62688779830933	0	0	0	0
HDL	META	EAS	5	81	1378	5	2.52232146263123	0	0	0	0
HDL	META	EAS	5	82	960	5	1.81233882904053	0	0	0	0
HDL	META	EAS	5	85	2418	5	4.8115816116333	0	0	1	10
HDL	META	EAS	5	88	828	5	2.35266375541687	0	0	0	0
HDL	META	EAS	5	92	1448	5	2.70688796043396	0	0	0	0
HDL	META	EAS	5	93	728	5	1.48285937309265	0	0	0	0
HDL	META	EAS	5	96	1824	5	3.11165928840637	0	0	0	0
HDL	META	EAS	5	97	1537	5	2.58825588226318	0	0	0	0
HDL	META	EAS	5	102	2276	5	3.82263660430908	0	0	0	0
HDL	META	EAS	5	104	1741	5	2.91633486747742	0	0	0	0
HDL	META	EAS	5	105	744	5	1.42823243141174	0	0	0	0
HDL	META	EAS	5	108	786	5	2.91974472999573	0	0	0	0
HDL	META	EAS	5	109	1093	5	1.7621009349823	0	0	0	0
HDL	META	EAS	5	114	5334	5	46.3695089817047	0	0	0	0
HDL	META	EAS	5	116	2545	5	4.54836082458496	0	0	0	0
HDL	META	EAS	5	117	1511	5	2.32517528533936	0	0	0	0
HDL	META	EAS	5	119	2116	5	4.53406000137329	0	0	0	0
HDL	META	EAS	5	120	2476	5	6.30906271934509	0	0	0	0
HDL	META	EAS	5	127	3422	5	5.80956125259399	0	0	0	0
HDL	META	EAS	5	130	2683	5	6.63937401771545	0	0	0	0
HDL	META	EAS	5	132	883	5	1.13218021392822	0	0	0	0
HDL	META	EAS	5	133	1270	5	2.14262366294861	0	0	0	0
HDL	META	EAS	5	134	1639	5	2.10046553611755	0	0	0	0
HDL	META	EAS	5	136	2469	5	4.31021595001221	0	0	0	0
HDL	META	EAS	5	142	1449	5	2.84384870529175	0	0	0	0
HDL	META	EAS	5	144	1786	5	6.93809485435486	0	0	0	0
HDL	META	EAS	5	145	2437	5	5.86445021629333	0	0	0	0
HDL	META	EAS	5	146	2015	5	3.26281476020813	0	0	0	0
HDL	META	EAS	5	147	1137	5	2.76648664474487	0	0	0	0
HDL	META	EAS	5	151	487	5	1.5854229927063	0	1	0	0
HDL	META	EAS	5	152	3202	5	6.78498387336731	0	0	0	0
HDL	META	EAS	5	154	1424	5	1.78555035591125	0	0	0	0
HDL	META	EAS	5	156	1582	5	2.88824129104614	0	0	0	0
HDL	META	EAS	5	158	1326	5	2.75793623924255	0	0	0	0
HDL	META	EAS	5	160	1287	5	2.00737452507019	0	0	0	0
HDL	META	EAS	5	163	1221	5	1.94260764122009	0	0	0	0
HDL	META	EAS	5	167	1350	5	2.05068826675415	0	0	0	0
HDL	META	EAS	5	168	1718	5	3.12571835517883	0	0	0	0
HDL	META	EAS	5	181	511	5	1.5077691078186	0	0	0	0
HDL	META	EAS	5	189	841	5	1.26868557929993	0	0	0	0
HDL	META	EAS	5	191	2455	5	13.3506758213043	0	0	0	0
HDL	META	EAS	5	193	520	5	1.23524951934814	0	0	0	0
HDL	META	EAS	5	194	578	5	1.08368277549744	0	0	0	0
HDL	META	EAS	5	202	627	5	2.06831359863281	0	0	1	26
HDL	META	EAS	5	207	1447	5	2.3721809387207	0	0	0	0
HDL	META	EAS	5	208	1210	5	2.3441801071167	0	0	0	0
HDL	META	EAS	5	209	263	5	1.34093523025513	0	0	0	0
HDL	META	EAS	5	210	202	5	1.48301219940186	0	0	0	0
HDL	META	EAS	6	18	212	5	1.21224427223206	0	0	0	0
HDL	META	EAS	6	19	1597	5	6.55116772651672	0	0	0	0
HDL	META	EAS	6	21	1292	5	2.43355083465576	0	0	0	0
HDL	META	EAS	6	23	1129	5	2.37266516685486	0	0	0	0
HDL	META	EAS	6	29	1551	5	2.52152562141418	0	0	0	0
HDL	META	EAS	6	34	1700	5	2.30420637130737	0	0	0	0
HDL	META	EAS	6	36	549	5	1.77511096000671	0	0	1	5
HDL	META	EAS	6	37	864	5	1.6676070690155	0	0	0	0
HDL	META	EAS	6	38	570	5	1.5609438419342	0	0	0	0
HDL	META	EAS	6	39	2714	5	5.75706338882446	0	0	0	0
HDL	META	EAS	6	43	1681	5	1.87933135032654	0	0	0	0
HDL	META	EAS	6	49	391	5	0.710815191268921	0	0	0	0
HDL	META	EAS	6	50	2859	5	6.95363521575928	0	0	0	0
HDL	META	EAS	6	51	3578	5	23.2731416225433	0	0	0	0
HDL	META	EAS	6	52	1104	5	3.17338562011719	0	0	0	0
HDL	META	EAS	6	53	946	5	2.06013417243958	0	0	0	0
HDL	META	EAS	6	55	1093	5	2.26037335395813	0	0	0	0
HDL	META	EAS	6	57	1155	5	2.34202980995178	0	0	0	0
HDL	META	EAS	6	58	1587	5	2.41670751571655	0	0	0	0
HDL	META	EAS	6	60	911	5	2.34400653839111	0	0	0	0
HDL	META	EAS	6	63	1528	5	3.49979305267334	0	0	0	0
HDL	META	EAS	6	64	144	5	0.941522359848022	1	1	1	1
HDL	META	EAS	6	68	397	5	1.09801816940308	0	0	0	0
HDL	META	EAS	6	69	1289	5	3.55552291870117	0	0	0	0
HDL	META	EAS	6	71	5371	5	22.6555950641632	0	0	0	0
HDL	META	EAS	6	73	276	5	1.54989695549011	0	0	0	0
HDL	META	EAS	6	76	3619	5	8.71753239631653	0	0	0	0
HDL	META	EAS	6	84	1739	5	2.80586814880371	0	0	0	0
HDL	META	EAS	6	85	4009	5	7.92051219940186	0	0	0	0
HDL	META	EAS	6	86	4388	5	11.4099514484406	0	0	0	0
HDL	META	EAS	6	88	5023	5	19.5315885543823	0	0	0	0
HDL	META	EAS	6	90	378	5	1.82328367233276	0	0	0	0
HDL	META	EAS	6	94	2728	5	6.43056201934814	0	0	0	0
HDL	META	EAS	6	97	1697	5	1.78809261322021	0	0	0	0
HDL	META	EAS	6	98	1976	5	3.7356059551239	0	0	0	0
HDL	META	EAS	6	101	1983	5	4.9126877784729	0	0	0	0
HDL	META	EAS	6	105	1864	5	2.66799569129944	0	0	0	0
HDL	META	EAS	6	106	1679	5	4.21939563751221	0	0	0	0
HDL	META	EAS	6	108	522	5	1.16354465484619	0	0	0	0
HDL	META	EAS	6	109	1676	5	2.91015768051147	0	0	0	0
HDL	META	EAS	6	115	3730	5	9.41329169273376	0	0	2	38
HDL	META	EAS	6	116	2346	5	4.08909273147583	0	0	0	0
HDL	META	EAS	6	117	4056	5	52.1894946098328	0	0	0	0
HDL	META	EAS	6	118	1554	5	1.73196005821228	0	0	0	0
HDL	META	EAS	6	124	1783	5	4.59603238105774	0	0	0	0
HDL	META	EAS	6	127	1129	5	2.27754855155945	0	0	0	0
HDL	META	EAS	6	128	1886	5	3.74411845207214	0	0	0	0
HDL	META	EAS	6	134	1204	5	2.80296325683594	0	0	0	0
HDL	META	EAS	6	137	759	5	1.3834376335144	0	0	0	0
HDL	META	EAS	6	140	1306	5	2.79619789123535	0	0	0	0
HDL	META	EAS	6	146	907	5	5.33081436157227	0	0	0	0
HDL	META	EAS	6	160	1947	5	3.00856161117554	0	0	0	0
HDL	META	EAS	6	161	1433	5	2.61521124839783	0	0	0	0
HDL	META	EAS	6	164	823	5	2.01201844215393	0	0	0	0
HDL	META	EAS	6	167	991	5	1.5930037498474099	0	0	0	0
HDL	META	EAS	6	168	2010	5	4.70816373825073	0	0	0	0
HDL	META	EAS	6	169	3308	5	38.4801607131958	0	0	1	5
HDL	META	EAS	6	173	2215	5	3.64839363098145	0	0	0	0
HDL	META	EAS	6	175	917	5	1.67578077316284	0	0	0	0
HDL	META	EAS	6	179	1186	5	2.14967775344849	0	0	0	0
HDL	META	EAS	6	182	1754	5	2.71476459503174	0	0	0	0
HDL	META	EAS	6	183	619	5	1.76716256141663	0	0	1	53
HDL	META	EAS	7	1	371	5	1.53170228004456	0	0	0	0
HDL	META	EAS	7	3	968	5	2.70002889633179	0	0	0	0
HDL	META	EAS	7	12	2208	5	4.39994955062866	0	0	0	0
HDL	META	EAS	7	13	907	5	2.39001369476318	0	0	0	0
HDL	META	EAS	7	21	302	5	1.70523524284363	0	0	0	0
HDL	META	EAS	7	25	2877	5	7.31451773643494	0	0	0	0
HDL	META	EAS	7	26	2411	5	4.54172372817993	0	0	0	0
HDL	META	EAS	7	31	1989	5	3.0261754989624	0	0	0	0
HDL	META	EAS	7	32	1874	5	4.47236847877502	0	0	0	0
HDL	META	EAS	7	33	2424	5	3.88585662841797	0	0	1	5
HDL	META	EAS	7	37	2430	5	10.2231271266937	0	0	0	0
HDL	META	EAS	7	39	1388	5	2.15958547592163	0	0	0	0
HDL	META	EAS	7	40	3194	5	6.36176776885986	0	0	0	0
HDL	META	EAS	7	42	1984	5	13.103456735611	0	0	1	10
HDL	META	EAS	7	43	2344	5	5.70232033729553	0	0	0	0
HDL	META	EAS	7	44	352	5	1.24534773826599	0	0	0	0
HDL	META	EAS	7	45	740	5	1.07335472106934	0	0	0	0
HDL	META	EAS	7	46	324	5	1.41880321502686	0	0	0	0
HDL	META	EAS	7	48	377	5	1.6729907989502	0	0	0	0
HDL	META	EAS	7	49	1423	5	1.70381188392639	0	0	0	0
HDL	META	EAS	7	51	1294	5	3.01331567764282	0	0	0	0
HDL	META	EAS	7	53	760	5	1.8747878074646	0	0	0	0
HDL	META	EAS	7	58	1662	5	2.3953742980957	0	0	0	0
HDL	META	EAS	7	62	1074	5	3.248370885849	0	0	0	0
HDL	META	EAS	7	64	165	5	2.25491833686829	0	0	0	0
HDL	META	EAS	7	67	4229	5	12.8898921012878	0	0	0	0
HDL	META	EAS	7	69	1094	5	2.19644141197205	0	0	0	0
HDL	META	EAS	7	72	2732	5	7.42566227912903	0	0	0	0
HDL	META	EAS	7	73	655	5	1.86872243881226	0	0	1	13
HDL	META	EAS	7	74	926	5	1.69534826278687	0	0	0	0
HDL	META	EAS	7	82	1789	5	11.2381465435028	0	0	0	0
HDL	META	EAS	7	85	1661	5	1.86114931106567	0	0	1	51
HDL	META	EAS	7	86	511	5	2.39564609527588	0	0	0	0
HDL	META	EAS	7	87	56	5	0.650264739990234	0	0	0	0
HDL	META	EAS	7	88	2400	5	4.02650022506714	0	0	0	0
HDL	META	EAS	7	89	1795	5	4.71334218978882	0	0	0	0
HDL	META	EAS	7	90	549	5	1.37134003639221	0	0	0	0
HDL	META	EAS	7	92	2028	5	4.99230480194092	1	1	1	1
HDL	META	EAS	7	93	921	5	3.07495713233948	0	1	1	5
HDL	META	EAS	7	94	1134	5	1.73616981506348	0	0	0	0
HDL	META	EAS	7	95	1292	5	1.89357757568359	0	0	0	0
HDL	META	EAS	7	99	2505	5	7.08847427368164	0	0	0	0
HDL	META	EAS	7	101	2461	5	5.59086513519287	0	0	0	0
HDL	META	EAS	7	107	3369	5	9.72204256057739	0	0	0	0
HDL	META	EAS	7	111	1956	5	4.88117051124573	0	0	0	0
HDL	META	EAS	7	113	2110	5	4.69262862205505	0	0	0	0
HDL	META	EAS	7	114	3560	5	8.16853022575378	0	0	0	0
HDL	META	EAS	7	119	1139	5	1.93224906921387	0	0	0	0
HDL	META	EAS	7	121	2691	5	5.0846152305603	0	0	0	0
HDL	META	EAS	7	127	405	5	0.819233655929565	0	0	0	0
HDL	META	EAS	7	128	364	5	2.24769043922424	0	0	0	0
HDL	META	EAS	7	131	3557	5	23.2885599136353	0	0	0	0
HDL	META	EAS	7	132	3880	5	13.1225185394287	0	0	1	4
HDL	META	EAS	7	133	2977	5	4.98946309089661	0	0	1	21
HDL	META	EAS	7	134	923	5	1.19699430465698	0	0	0	0
HDL	META	EAS	7	139	502	5	1.75711369514465	0	0	0	0
HDL	META	EAS	7	141	2437	5	9.40851545333862	0	0	0	0
HDL	META	EAS	7	143	523	5	1.75422334671021	0	0	0	0
HDL	META	EAS	7	145	1191	5	2.10642695426941	0	0	0	0
HDL	META	EAS	7	146	354	5	1.52720212936401	0	0	0	0
HDL	META	EAS	7	147	738	5	2.8632640838623	0	0	0	0
HDL	META	EAS	7	160	927	5	2.68084168434143	0	0	0	0
HDL	META	EAS	7	161	466	5	1.74194025993347	0	0	0	0
HDL	META	EAS	7	162	2918	5	6.40592503547668	0	0	0	0
HDL	META	EAS	7	164	345	5	0.722871541976929	0	0	0	0
HDL	META	EAS	7	184	1690	5	2.80259656906128	0	0	0	0
HDL	META	EAS	7	187	2915	5	6.71982765197754	0	0	0	0
HDL	META	EAS	8	13	661	5	1.68752026557922	0	0	0	0
HDL	META	EAS	8	17	1546	5	3.45155644416809	0	0	0	0
HDL	META	EAS	8	20	1720	5	3.86315202713013	0	0	0	0
HDL	META	EAS	8	21	2106	5	3.41315031051636	0	0	0	0
HDL	META	EAS	8	22	3319	5	8.1087429523468	0	0	0	0
HDL	META	EAS	8	23	1751	5	2.99920988082886	0	0	0	0
HDL	META	EAS	8	24	3776	5	16.4842655658722	0	0	0	0
HDL	META	EAS	8	27	1263	5	1.76601815223694	0	0	0	0
HDL	META	EAS	8	29	3620	5	10.3283758163452	0	0	0	0
HDL	META	EAS	8	30	808	5	3.05838537216187	0	0	0	0
HDL	META	EAS	8	31	321	5	1.82252860069275	0	0	0	0
HDL	META	EAS	8	32	1857	5	594.340317487717	0	0	2	60
HDL	META	EAS	8	33	1803	5	2.96161413192749	0	0	0	0
HDL	META	EAS	8	34	654	5	1.29685068130493	0	0	0	0
HDL	META	EAS	8	35	802	5	4.68895220756531	0	0	0	0
HDL	META	EAS	8	36	504	5	2.21549534797668	0	0	0	0
HDL	META	EAS	8	37	638	5	0.980975866317749	0	0	0	0
HDL	META	EAS	8	39	1437	5	2.0644679069519	0	0	0	0
HDL	META	EAS	8	40	1645	5	2.85595083236694	0	0	0	0
HDL	META	EAS	8	42	2200	5	4.98741888999939	0	0	0	0
HDL	META	EAS	8	46	588	5	1.5005099773407	0	0	0	0
HDL	META	EAS	8	48	1675	5	1.93697547912598	0	0	0	0
HDL	META	EAS	8	51	1964	5	2.89067006111145	0	0	0	0
HDL	META	EAS	8	53	1046	5	2.22369503974915	0	0	0	0
HDL	META	EAS	8	55	848	5	2.63258814811707	0	0	0	0
HDL	META	EAS	8	69	2870	5	5.11199021339417	0	0	0	0
HDL	META	EAS	8	70	3265	5	7.39285230636597	0	0	0	0
HDL	META	EAS	8	71	1806	5	1.96332454681396	0	0	0	0
HDL	META	EAS	8	77	1489	5	2.94201707839966	0	0	1	26
HDL	META	EAS	8	78	373	5	3.62136936187744	0	0	0	0
HDL	META	EAS	8	80	705	5	2.2899649143219	0	0	0	0
HDL	META	EAS	8	81	1947	5	4.62843728065491	0	1	0	0
HDL	META	EAS	8	84	3834	5	10.4715583324432	0	0	0	0
HDL	META	EAS	8	88	1999	5	10.4186871051788	0	0	0	0
HDL	META	EAS	8	93	2502	5	7.14290904998779	0	0	0	0
HDL	META	EAS	8	94	1254	5	1.31755924224854	0	0	0	0
HDL	META	EAS	8	107	640	5	2.24178743362427	0	0	0	0
HDL	META	EAS	8	108	3089	5	6.58251142501831	0	0	0	0
HDL	META	EAS	8	109	2794	5	8.36750340461731	0	0	0	0
HDL	META	EAS	8	110	2447	5	4.32393717765808	0	0	0	0
HDL	META	EAS	8	112	2143	5	3.93402910232544	0	0	0	0
HDL	META	EAS	8	113	1114	5	9.42400002479553	0	0	1	14
HDL	META	EAS	8	115	1184	5	2.13988471031189	0	0	0	0
HDL	META	EAS	8	118	868	5	1.91578006744385	0	0	1	11
HDL	META	EAS	8	119	1388	5	2.79032301902771	0	0	0	0
HDL	META	EAS	8	124	1028	5	1.76989960670471	0	0	0	0
HDL	META	EAS	8	125	418	5	6.07722067832947	0	0	1	22
HDL	META	EAS	8	127	956	5	4.58386540412903	0	0	0	0
HDL	META	EAS	8	130	981	5	2.47111988067627	0	0	0	0
HDL	META	EAS	8	159	931	5	2.35323619842529	0	0	0	0
HDL	META	EAS	8	160	944	5	2.81099486351013	0	0	0	0
HDL	META	EAS	9	1	2719	5	10.5847158432007	0	0	0	0
HDL	META	EAS	9	4	1570	5	2.08873867988586	0	0	0	0
HDL	META	EAS	9	9	1156	5	1.31134796142578	0	0	0	0
HDL	META	EAS	9	12	1529	5	1.72972559928894	0	0	0	0
HDL	META	EAS	9	27	3690	5	8.78174591064453	0	0	0	0
HDL	META	EAS	9	31	2317	5	7.35359120368958	0	0	0	0
HDL	META	EAS	9	33	1952	5	3.13294863700867	0	0	0	0
HDL	META	EAS	9	36	1560	5	2.67833638191223	0	0	0	0
HDL	META	EAS	9	40	2853	5	7.51139783859253	0	0	0	0
HDL	META	EAS	9	48	423	5	1.05599331855774	0	0	0	0
HDL	META	EAS	9	49	4881	5	44.947939157486	0	0	0	0
HDL	META	EAS	9	50	2477	5	4.65159583091736	0	0	0	0
HDL	META	EAS	9	51	868	5	3.48199081420898	0	0	1	21
HDL	META	EAS	9	53	3047	5	11.1932783126831	0	0	0	0
HDL	META	EAS	9	56	2031	5	2.92059397697449	0	0	0	0
HDL	META	EAS	9	63	2492	5	15.7088539600372	0	0	0	0
HDL	META	EAS	9	78	583	5	1.91382551193237	0	0	0	0
HDL	META	EAS	9	84	1532	5	3.31727194786072	0	0	0	0
HDL	META	EAS	9	85	1833	5	3.33570575714111	0	0	0	0
HDL	META	EAS	9	88	1033	5	2.26915621757507	0	0	0	0
HDL	META	EAS	9	91	1210	5	2.21363067626953	0	0	0	0
HDL	META	EAS	9	92	231	5	2.11044669151306	0	0	0	0
HDL	META	EAS	9	93	1509	5	2.40097141265869	0	0	0	0
HDL	META	EAS	9	97	969	5	1.70359754562378	0	0	0	0
HDL	META	EAS	9	98	2688	5	3.75242376327515	0	0	0	0
HDL	META	EAS	9	100	2593	5	9.25801062583923	0	0	0	0
HDL	META	EAS	9	102	2281	5	6.17415952682495	0	0	0	0
HDL	META	EAS	9	103	593	5	1.13876366615295	0	0	0	0
HDL	META	EAS	9	104	727	5	1.84886574745178	0	0	0	0
HDL	META	EAS	9	105	484	5	1.71082353591919	0	0	0	0
HDL	META	EAS	9	106	1742	5	3.27747941017151	0	0	0	0
HDL	META	EAS	9	107	542	5	3.58707666397095	0	0	0	0
HDL	META	EAS	9	109	2932	5	7.11966586112976	0	0	0	0
HDL	META	EAS	9	110	2881	5	1058.33862185478	0	1	2	7
HDL	META	EAS	9	111	73	5	7.32864117622375	1	1	1	1
HDL	META	EAS	9	112	2206	5	759.569258451462	0	0	0	0
HDL	META	EAS	9	113	1289	5	3.69654011726379	0	0	0	0
HDL	META	EAS	9	114	797	5	5.46287536621094	0	0	0	0
HDL	META	EAS	9	115	2955	5	5.15965747833252	0	0	0	0
HDL	META	EAS	9	116	1447	5	2.21001815795898	0	0	0	0
HDL	META	EAS	9	118	3596	5	14.8662810325623	0	0	0	0
HDL	META	EAS	9	124	1310	5	2.82024002075195	0	0	0	0
HDL	META	EAS	9	129	1866	5	4.04573440551758	0	0	0	0
HDL	META	EAS	9	130	1601	5	1.81347894668579	0	0	0	0
HDL	META	EAS	9	134	2588	5	4.56108522415161	0	0	0	0
HDL	META	EAS	9	136	1545	5	2.21407008171082	0	0	0	0
HDL	META	EAS	9	138	2397	5	4.53251934051514	0	0	0	0
HDL	META	EAS	9	140	3218	5	8.65814995765686	0	0	0	0
HDL	META	EAS	9	141	347	5	1.59039711952209	0	0	0	0
HDL	META	EAS	9	144	733	5	4.85102844238281	0	0	0	0
HDL	META	EAS	9	148	713	5	1.1415684223175	0	0	0	0
HDL	META	EAS	9	149	879	5	1.71555757522583	0	0	0	0
HDL	META	EAS	9	152	175	5	2.28189468383789	0	0	0	0
HDL	META	EAS	9	153	105	5	1.2529673576355	0	0	0	0
HDL	META	EAS	9	154	400	5	2.0866904258728	0	0	0	0
HDL	META	EAS	9	156	800	5	1.3143630027771	0	0	0	0
HDL	META	EAS	9	162	338	5	3.70734333992004	0	0	0	0
HDL	META	EAS	10	1	1949	5	5.48411965370178	0	0	0	0
HDL	META	EAS	10	9	168	5	2.54719638824463	0	0	0	0
HDL	META	EAS	10	11	624	5	0.968204021453857	0	0	0	0
HDL	META	EAS	10	13	1574	5	5.31707239151001	0	0	0	0
HDL	META	EAS	10	14	2155	5	9.74829339981079	0	0	0	0
HDL	META	EAS	10	20	80	5	0.66791033744812	0	0	0	0
HDL	META	EAS	10	22	1688	5	2.19427013397217	0	0	0	0
HDL	META	EAS	10	23	425	5	2.09226584434509	0	0	0	0
HDL	META	EAS	10	33	1424	5	1.92105078697205	0	0	0	0
HDL	META	EAS	10	40	1209	5	1.90301370620728	0	0	0	0
HDL	META	EAS	10	43	1391	5	6.05230569839478	0	0	0	0
HDL	META	EAS	10	46	2531	5	3.94165778160095	0	0	0	0
HDL	META	EAS	10	48	1919	5	8.00823378562927	0	0	0	0
HDL	META	EAS	10	49	1713	5	6.023118019104	0	0	0	0
HDL	META	EAS	10	52	2085	5	2.06509470939636	0	0	0	0
HDL	META	EAS	10	54	4195	5	28.5842974185944	0	0	0	0
HDL	META	EAS	10	60	2317	5	3.6701021194458	0	0	0	0
HDL	META	EAS	10	61	763	5	4.01946592330933	0	0	0	0
HDL	META	EAS	10	64	367	5	2.66420412063599	0	0	0	0
HDL	META	EAS	10	67	1399	5	1.63762474060059	0	1	0	0
HDL	META	EAS	10	68	1018	5	3.15835022926331	0	0	0	0
HDL	META	EAS	10	70	1903	5	9.50187921524048	0	0	0	0
HDL	META	EAS	10	79	2066	5	4.13413596153259	0	0	0	0
HDL	META	EAS	10	80	1675	5	6.09071779251099	0	0	0	0
HDL	META	EAS	10	81	2223	5	5.53886556625366	0	0	0	0
HDL	META	EAS	10	83	2278	5	4.95479536056519	0	0	0	0
HDL	META	EAS	10	85	599	5	2.12901973724365	0	0	0	0
HDL	META	EAS	10	87	1059	5	2.31286430358887	0	0	0	0
HDL	META	EAS	10	92	3394	5	11.220974445343	0	0	1	24
HDL	META	EAS	10	93	464	5	2.9031095504760698	0	0	0	0
HDL	META	EAS	10	100	527	5	1.16427969932556	0	0	0	0
HDL	META	EAS	10	101	1425	5	7.17206835746765	0	0	0	0
HDL	META	EAS	10	109	2000	5	6.62934279441833	0	0	0	0
HDL	META	EAS	10	113	1498	5	1.78211712837219	0	0	0	0
HDL	META	EAS	10	117	2504	5	14.8464457988739	0	1	1	2
HDL	META	EAS	10	124	449	5	0.732691049575806	0	0	0	0
HDL	META	EAS	10	126	2353	5	9.29094219207764	0	0	0	0
HDL	META	EAS	10	127	503	5	1.19219017028809	0	0	0	0
HDL	META	EAS	10	128	150	5	3.41712617874146	0	0	0	0
HDL	META	EAS	10	129	2640	5	7.90489459037781	0	0	0	0
HDL	META	EAS	10	130	809	5	3.08261585235596	0	0	0	0
HDL	META	EAS	10	137	2395	5	8.81984901428223	0	0	1	17
HDL	META	EAS	10	138	356	5	190.525321960449	0	0	1	28
HDL	META	EAS	10	140	310	5	1.13728070259094	0	0	0	0
HDL	META	EAS	10	141	1184	5	2.3671715259552	0	0	0	0
HDL	META	EAS	10	142	504	5	2.56522870063782	0	0	0	0
HDL	META	EAS	10	143	2018	5	7.08504700660706	0	0	0	0
HDL	META	EAS	10	144	901	5	1.23849558830261	0	0	0	0
HDL	META	EAS	10	145	835	5	2.24272632598877	0	0	0	0
HDL	META	EAS	10	150	2181	5	7.02978563308716	0	0	0	0
HDL	META	EAS	10	152	1493	5	4.5812406539917	0	0	1	8
HDL	META	EAS	10	153	1599	5	6.27850604057312	0	0	0	0
HDL	META	EAS	10	154	2964	5	7.91403436660767	0	0	0	0
HDL	META	EAS	10	157	1157	5	5.32526040077209	0	0	0	0
HDL	META	EAS	10	162	1002	5	4.62899303436279	0	0	0	0
HDL	META	EAS	10	167	297	5	0.860203504562378	0	0	0	0
HDL	META	EAS	11	2	784	5	1.80858111381531	0	0	0	0
HDL	META	EAS	11	4	973	5	5.65138411521912	0	0	0	0
HDL	META	EAS	11	6	184	5	2.03282785415649	0	0	0	0
HDL	META	EAS	11	7	616	5	1.84652853012085	0	0	0	0
HDL	META	EAS	11	11	1802	5	4.7816424369812	0	0	0	0
HDL	META	EAS	11	18	3292	5	10.5918960571289	0	0	0	0
HDL	META	EAS	11	19	633	5	0.970951557159424	0	0	0	0
HDL	META	EAS	11	26	549	5	3.91058802604675	0	0	0	0
HDL	META	EAS	11	27	1458	5	3.30179166793823	0	0	0	0
HDL	META	EAS	11	28	922	5	2.24970722198486	0	0	0	0
HDL	META	EAS	11	29	737	5	2.19659924507141	0	0	0	0
HDL	META	EAS	11	30	979	5	2.60092806816101	0	0	0	0
HDL	META	EAS	11	33	1431	5	5.02268362045288	0	0	0	0
HDL	META	EAS	11	51	1567	5	3.44080662727356	0	0	0	0
HDL	META	EAS	11	52	891	5	4.94672131538391	0	0	0	0
HDL	META	EAS	11	53	1785	5	6.02834296226501	0	0	0	0
HDL	META	EAS	11	54	1377	5	2.24696660041809	0	0	0	0
HDL	META	EAS	11	57	1114	5	2.07462215423584	0	0	0	0
HDL	META	EAS	11	65	1437	5	9.15836644172668	0	0	0	0
HDL	META	EAS	11	70	2835	5	12.7242348194122	0	0	0	0
HDL	META	EAS	11	75	552	5	1.53297305107117	0	0	0	0
HDL	META	EAS	11	76	1286	5	2.71493029594421	0	1	1	2
HDL	META	EAS	11	77	916	5	2.64008045196533	0	0	0	0
HDL	META	EAS	11	78	1216	5	5.17167592048645	0	0	0	0
HDL	META	EAS	11	79	2784	5	14.4299943447113	0	0	0	0
HDL	META	EAS	11	80	1417	5	2.43652558326721	0	0	0	0
HDL	META	EAS	11	81	1138	5	3.12676477432251	0	0	0	0
HDL	META	EAS	11	86	1474	5	2.6024923324585	0	0	0	0
HDL	META	EAS	11	88	2007	5	2.52399492263794	0	0	1	66
HDL	META	EAS	11	89	306	5	1.90504670143127	0	0	0	0
HDL	META	EAS	11	90	2785	5	8.42759799957275	0	0	0	0
HDL	META	EAS	11	100	1872	5	5.99150276184082	0	0	0	0
HDL	META	EAS	11	107	754	5	4.27150893211365	0	0	0	0
HDL	META	EAS	11	108	507	5	1.69956278800964	0	0	0	0
HDL	META	EAS	11	109	529	5	1.88562345504761	0	0	0	0
HDL	META	EAS	11	115	1619	5	3.17187690734863	0	0	0	0
HDL	META	EAS	11	117	3179	5	21.4052088260651	0	0	0	0
HDL	META	EAS	11	121	1606	5	2.68979072570801	0	0	0	0
HDL	META	EAS	11	123	614	5	2.02758359909058	0	0	0	0
HDL	META	EAS	11	126	2766	5	16.3535678386688	0	0	0	0
HDL	META	EAS	11	128	221	5	3.49110698699951	0	0	0	0
HDL	META	EAS	11	129	1679	5	869.845967054367	0	1	1	2
HDL	META	EAS	11	130	888	5	2.74502444267273	1	1	1	1
HDL	META	EAS	11	131	209	5	2.16770195960999	0	0	0	0
HDL	META	EAS	11	132	602	5	3.52984642982483	0	0	0	0
HDL	META	EAS	11	133	1615	5	4.77428722381592	0	0	0	0
HDL	META	EAS	11	134	1967	5	6.86300611495972	0	0	0	0
HDL	META	EAS	11	138	792	5	1.50879049301147	0	0	0	0
HDL	META	EAS	11	140	806	5	2.35723948478699	0	0	0	0
HDL	META	EAS	11	141	259	5	2.44152140617371	0	0	0	0
HDL	META	EAS	11	142	1881	5	2.30317568778992	0	0	0	0
HDL	META	EAS	11	147	2750	5	5.84131789207458	0	0	0	0
HDL	META	EAS	11	148	841	5	2.448246717453	0	0	0	0
HDL	META	EAS	11	149	2238	5	3.89156746864319	0	0	0	0
HDL	META	EAS	12	4	944	5	4.24252676963806	0	0	0	0
HDL	META	EAS	12	8	509	5	2.61208844184875	0	0	0	0
HDL	META	EAS	12	9	205	5	3.37412571907043	0	0	0	0
HDL	META	EAS	12	12	507	5	2.95926403999329	0	0	0	0
HDL	META	EAS	12	17	542	5	1.24230360984802	0	0	1	19
HDL	META	EAS	12	18	1505	5	442.883578300476	0	0	1	12
HDL	META	EAS	12	23	2089	5	10.4906725883484	0	1	1	4
HDL	META	EAS	12	24	491	5	3.81066083908081	0	0	0	0
HDL	META	EAS	12	25	1810	5	3.35437822341919	0	0	0	0
HDL	META	EAS	12	31	444	5	2.12426829338074	0	0	0	0
HDL	META	EAS	12	32	1576	5	3.18267893791199	0	0	0	0
HDL	META	EAS	12	34	1176	5	5.07087373733521	0	0	0	0
HDL	META	EAS	12	35	658	5	2.62103533744812	0	0	0	0
HDL	META	EAS	12	36	517	5	1.71332669258118	0	0	0	0
HDL	META	EAS	12	38	2295	5	9.09308171272278	0	0	0	0
HDL	META	EAS	12	40	824	5	1.8064877986908	0	0	0	0
HDL	META	EAS	12	41	444	5	1.43946599960327	0	0	0	0
HDL	META	EAS	12	42	3032	5	10.1396172046661	0	0	1	57
HDL	META	EAS	12	45	1206	5	3.79105377197266	0	0	0	0
HDL	META	EAS	12	48	2014	5	8.75662660598755	0	0	0	0
HDL	META	EAS	12	49	1947	5	7.62659525871277	0	0	0	0
HDL	META	EAS	12	53	3058	5	30.7208399772644	0	0	0	0
HDL	META	EAS	12	59	2375	5	5.06203198432922	0	0	0	0
HDL	META	EAS	12	60	1066	5	2.56909322738647	0	0	0	0
HDL	META	EAS	12	61	1237	5	5.02052187919617	0	0	0	0
HDL	META	EAS	12	62	896	5	2.29982256889343	0	0	0	0
HDL	META	EAS	12	63	1756	5	11.3448700904846	0	0	0	0
HDL	META	EAS	12	66	1725	5	2.45685720443726	0	0	0	0
HDL	META	EAS	12	67	859	5	1.80108594894409	0	0	0	0
HDL	META	EAS	12	68	395	5	2.07087206840515	0	0	0	0
HDL	META	EAS	12	69	1760	5	7.63547253608704	0	0	0	0
HDL	META	EAS	12	70	442	5	2.93440008163452	0	0	1	22
HDL	META	EAS	12	71	1840	5	285.842882871628	0	0	0	0
HDL	META	EAS	12	72	6130	5	78.9717042446136	0	0	0	0
HDL	META	EAS	12	73	1581	5	3.00820231437683	0	0	0	0
HDL	META	EAS	12	77	870	5	3.98532509803772	0	0	0	0
HDL	META	EAS	12	80	2221	5	10.1391122341156	0	0	0	0
HDL	META	EAS	12	81	329	5	0.780065059661865	0	0	0	0
HDL	META	EAS	12	82	1760	5	4.75445032119751	0	0	0	0
HDL	META	EAS	12	94	2602	5	6.40496253967285	0	0	0	0
HDL	META	EAS	12	96	928	5	1.84796810150146	0	0	0	0
HDL	META	EAS	12	97	2526	5	12.2844014167786	0	0	0	0
HDL	META	EAS	12	100	997	5	3.01029658317566	0	0	0	0
HDL	META	EAS	12	103	333	5	4.36200642585754	0	0	0	0
HDL	META	EAS	12	108	1615	5	3.13743448257446	0	0	0	0
HDL	META	EAS	12	110	2038	5	12.2181656360626	0	0	0	0
HDL	META	EAS	12	112	212	5	1.22264552116394	0	0	1	10
HDL	META	EAS	12	119	2752	5	7.57073855400085	0	0	0	0
HDL	META	EAS	12	120	752	5	3.75030493736267	0	0	0	0
HDL	META	EAS	12	121	1347	5	20.6810715198517	0	1	1	4
HDL	META	EAS	12	122	1803	5	152.505859613419	1	1	1	1
HDL	META	EAS	12	123	777	5	1.46161293983459	0	1	1	2
HDL	META	EAS	12	125	2159	5	11.8478817939758	0	0	0	0
HDL	META	EAS	12	129	1264	5	0.952564001083374	0	0	0	0
HDL	META	EAS	12	132	1510	5	3.0642991065979	0	0	0	0
HDL	META	EAS	12	138	2557	5	5.39046597480774	0	0	0	0
HDL	META	EAS	12	139	3328	5	522.90664935112	0	0	2	63
HDL	META	EAS	12	140	696	5	407.062663078308	0	1	0	0
HDL	META	EAS	12	141	1090	5	140.570408821106	0	4	2	4
HDL	META	EAS	12	154	443	5	2.56182265281677	0	0	0	0
HDL	META	EAS	12	156	474	5	1.66973924636841	0	0	0	0
HDL	META	EAS	12	163	665	5	2.88412928581238	0	0	0	0
HDL	META	EAS	13	1	1821	5	10.4908244609833	0	0	0	0
HDL	META	EAS	13	8	1569	5	3.46798610687256	0	0	0	0
HDL	META	EAS	13	16	1405	5	4.80990481376648	0	0	0	0
HDL	META	EAS	13	18	625	5	1.82175230979919	0	0	0	0
HDL	META	EAS	13	20	1430	5	1.75166916847229	0	0	0	0
HDL	META	EAS	13	21	1650	5	1.23857021331787	0	0	0	0
HDL	META	EAS	13	23	586	5	1.39754915237427	0	0	0	0
HDL	META	EAS	13	25	639	5	3.26138162612915	0	0	0	0
HDL	META	EAS	13	38	344	5	2.71370720863342	0	0	0	0
HDL	META	EAS	13	40	1402	5	5.34309554100037	0	0	0	0
HDL	META	EAS	13	45	1523	5	4.20836305618286	0	0	0	0
HDL	META	EAS	13	47	1004	5	2.14548635482788	0	0	0	0
HDL	META	EAS	13	50	3045	5	4.90046501159668	0	0	0	0
HDL	META	EAS	13	52	1835	5	6.32086372375488	0	0	0	0
HDL	META	EAS	13	54	5715	5	43.8364243507385	0	0	0	0
HDL	META	EAS	13	55	2110	5	7.71980404853821	0	0	0	0
HDL	META	EAS	13	57	4007	5	52.4809215068817	0	0	0	0
HDL	META	EAS	13	58	2964	5	20.4260377883911	0	0	0	0
HDL	META	EAS	13	60	1785	5	5.32747411727905	0	0	0	0
HDL	META	EAS	13	61	1125	5	7.25110840797424	0	0	0	0
HDL	META	EAS	13	70	1896	5	2.88123393058777	0	0	0	0
HDL	META	EAS	13	72	1241	5	3.42769026756287	0	0	0	0
HDL	META	EAS	13	73	1714	5	5.49197912216187	0	0	0	0
HDL	META	EAS	13	80	511	5	0.575164556503296	0	0	0	0
HDL	META	EAS	13	82	1739	5	7.48911809921265	0	0	0	0
HDL	META	EAS	13	88	610	5	0.637147903442383	0	0	0	0
HDL	META	EAS	13	94	1566	5	6.0401566028595	0	0	0	0
HDL	META	EAS	13	96	654	5	1.94338798522949	0	0	0	0
HDL	META	EAS	13	111	460	5	2.56106114387512	0	0	0	0
HDL	META	EAS	13	119	1896	5	3.84045743942261	0	0	0	0
HDL	META	EAS	13	124	183	5	3.06427812576294	0	0	0	0
HDL	META	EAS	13	125	1412	5	4.7094783782959	0	0	0	0
HDL	META	EAS	14	1	1065	5	4.4902069568634	0	0	0	0
HDL	META	EAS	14	6	361	5	3.46605515480042	0	0	0	0
HDL	META	EAS	14	14	2436	5	6.76188540458679	0	0	0	0
HDL	META	EAS	14	19	1532	5	7.09307241439819	0	0	0	0
HDL	META	EAS	14	24	703	5	0.643813610076904	0	0	0	0
HDL	META	EAS	14	31	2324	5	11.824539899826	0	0	0	0
HDL	META	EAS	14	35	2634	5	23.8258616924286	0	0	0	0
HDL	META	EAS	14	46	1018	5	2.49382162094116	0	0	1	27
HDL	META	EAS	14	47	1974	5	3.5716495513916	0	0	0	0
HDL	META	EAS	14	49	964	5	2.07231903076172	0	0	0	0
HDL	META	EAS	14	64	963	5	2.35117673873901	0	0	0	0
HDL	META	EAS	14	67	1590	5	4.61842632293701	0	0	0	0
HDL	META	EAS	14	68	1170	5	3.5890486240387	0	0	0	0
HDL	META	EAS	14	70	2243	5	11.3582611083984	0	0	0	0
HDL	META	EAS	14	72	2841	5	15.3476219177246	0	0	0	0
HDL	META	EAS	14	73	1147	5	3.47661519050598	0	0	1	15
HDL	META	EAS	14	80	368	5	4.13817977905273	0	0	0	0
HDL	META	EAS	14	81	2489	5	10.6967613697052	0	0	0	0
HDL	META	EAS	14	84	804	5	2.64088892936707	0	0	0	0
HDL	META	EAS	14	86	1255	5	2.96755862236023	0	0	0	0
HDL	META	EAS	14	93	1926	5	12.6619193553925	0	0	0	0
HDL	META	EAS	14	95	588	5	3.40043830871582	0	0	0	0
HDL	META	EAS	14	97	1138	5	2.62011814117432	0	0	0	0
HDL	META	EAS	14	100	1664	5	2.66345429420471	0	0	1	45
HDL	META	EAS	14	103	1683	5	1.24229693412781	0	0	0	0
HDL	META	EAS	14	117	1473	5	8.82949662208557	0	0	0	0
HDL	META	EAS	14	121	1683	5	1.3065140247345	0	0	0	0
HDL	META	EAS	14	122	346	5	1.51673197746277	0	0	0	0
HDL	META	EAS	14	126	1709	5	5.63746619224548	0	0	0	0
HDL	META	EAS	14	128	617	5	2.39687418937683	0	0	0	0
HDL	META	EAS	14	129	827	5	2.42211413383484	0	0	1	21
HDL	META	EAS	15	4	293	5	2.1798982620239302	0	1	0	0
HDL	META	EAS	15	10	645	5	2.35307359695435	0	0	0	0
HDL	META	EAS	15	22	1752	5	6.28869581222534	0	0	0	0
HDL	META	EAS	15	27	777	5	2.60650491714478	0	0	0	0
HDL	META	EAS	15	28	1039	5	3.95193457603455	0	0	0	0
HDL	META	EAS	15	29	767	5	1.79714965820312	0	0	0	0
HDL	META	EAS	15	31	2795	5	11.2032248973846	0	0	0	0
HDL	META	EAS	15	34	644	5	3.17687654495239	0	0	0	0
HDL	META	EAS	15	35	1730	5	6.5726752281189	0	0	0	0
HDL	META	EAS	15	37	1989	5	10.6151835918427	0	0	0	0
HDL	META	EAS	15	38	2528	5	17.9881629943848	0	0	0	0
HDL	META	EAS	15	39	1649	5	5.12350511550903	0	0	0	0
HDL	META	EAS	15	40	472	5	2.79687142372131	0	0	0	0
HDL	META	EAS	15	41	2031	5	10.6894721984863	0	0	0	0
HDL	META	EAS	15	45	4056	5	11.591487169265701	0	0	0	0
HDL	META	EAS	15	46	1327	5	8.10344934463501	0	0	0	0
HDL	META	EAS	15	48	3858	5	36.3667294979095	0	0	0	0
HDL	META	EAS	15	50	1762	5	5.30895233154297	0	0	0	0
HDL	META	EAS	15	51	1163	5	1.49931859970093	0	0	0	0
HDL	META	EAS	15	52	1334	5	6.45982027053833	1	1	2	6
HDL	META	EAS	15	53	228	5	13.6837725639343	1	1	1	1
HDL	META	EAS	15	54	1432	5	4.01627993583679	0	1	0	0
HDL	META	EAS	15	55	783	5	7.08017635345459	0	0	0	0
HDL	META	EAS	15	56	1236	5	0.921850919723511	0	0	0	0
HDL	META	EAS	15	59	2797	5	10.8531911373138	0	0	0	0
HDL	META	EAS	15	62	2734	5	9.19486665725708	0	0	0	0
HDL	META	EAS	15	64	1145	5	2.33268141746521	0	0	0	0
HDL	META	EAS	15	66	1940	5	6.62235307693481	0	0	0	0
HDL	META	EAS	15	70	706	5	3.91944026947021	0	0	1	10
HDL	META	EAS	15	71	38	5	1.23994183540344	0	0	0	0
HDL	META	EAS	15	73	415	5	2.60527849197388	0	0	0	0
HDL	META	EAS	15	76	3659	5	34.6345236301422	0	0	0	0
HDL	META	EAS	15	79	1971	5	7.77806806564331	0	0	0	0
HDL	META	EAS	15	86	816	5	3.93733310699463	0	0	0	0
HDL	META	EAS	15	88	940	5	4.19932270050049	0	0	0	0
HDL	META	EAS	15	90	1458	5	9.54076743125916	0	0	0	0
HDL	META	EAS	15	98	771	5	6.14555501937866	0	0	0	0
HDL	META	EAS	15	102	1369	5	3.95447659492493	0	0	0	0
HDL	META	EAS	15	108	478	5	3.98981022834778	0	0	0	0
HDL	META	EAS	15	111	833	5	3.15707206726074	0	0	0	0
HDL	META	EAS	15	117	709	5	1.68845129013062	0	0	0	0
HDL	META	EAS	15	118	455	5	0.530796051025391	0	0	0	0
HDL	META	EAS	16	2	185	5	0.8668372631073	0	0	0	0
HDL	META	EAS	16	4	1262	5	3.96053457260132	0	0	0	0
HDL	META	EAS	16	5	301	5	2.06926250457764	0	0	0	0
HDL	META	EAS	16	7	1188	5	0.855216979980469	0	0	0	0
HDL	META	EAS	16	9	1165	5	2.76790189743042	0	0	0	0
HDL	META	EAS	16	10	623	5	4.38437366485596	0	0	0	0
HDL	META	EAS	16	30	98	5	2.19482016563416	0	0	0	0
HDL	META	EAS	16	31	1602	5	3.70558953285217	0	0	0	0
HDL	META	EAS	16	33	2858	5	7.62819695472717	0	0	0	0
HDL	META	EAS	16	37	1516	5	7.25330710411072	0	0	0	0
HDL	META	EAS	16	41	1380	5	5.16894507408142	0	0	0	0
HDL	META	EAS	16	42	136	5	4.8955237865448	0	0	0	0
HDL	META	EAS	16	43	1241	5	4.86960291862488	0	0	0	0
HDL	META	EAS	16	47	865	5	2.57838749885559	0	0	0	0
HDL	META	EAS	16	49	995	5	3.76936006546021	0	0	0	0
HDL	META	EAS	16	52	1165	5	2.40244936943054	0	0	0	0
HDL	META	EAS	16	57	243	5	7.82357048988342	0	0	1	38
HDL	META	EAS	16	58	762	5	4.54326820373535	0	0	0	0
HDL	META	EAS	16	59	543	5	3.59195804595947	0	0	0	0
HDL	META	EAS	16	62	911	5	0.984441518783569	0	0	0	0
HDL	META	EAS	16	65	858	5	2.78686547279358	0	0	0	0
HDL	META	EAS	16	67	577	5	4.56162977218628	0	0	0	0
HDL	META	EAS	16	68	1112	5	0.87594199180603	0	0	0	0
HDL	META	EAS	16	69	801	5	1.87781620025635	0	0	0	0
HDL	META	EAS	16	73	977	5	2.29421281814575	0	0	0	0
HDL	META	EAS	16	74	270	5	2.13372206687927	0	0	0	0
HDL	META	EAS	16	75	1966	10	1381.00240802765	4	6	7	34
HDL	META	EAS	16	76	1127	5	363.258782625198	3	3	4	7
HDL	META	EAS	16	77	546	5	2.34641909599304	0	0	0	0
HDL	META	EAS	16	79	1179	5	2.79513645172119	0	0	0	0
HDL	META	EAS	16	86	855	5	5.29132103919983	0	0	0	0
HDL	META	EAS	16	87	150	5	4.26542448997498	0	0	0	0
HDL	META	EAS	16	88	2332	5	582.748721122742	0	0	1	35
HDL	META	EAS	16	89	3788	5	24.3416380882263	0	0	0	0
HDL	META	EAS	16	91	693	5	2.31885266304016	0	0	0	0
HDL	META	EAS	16	93	2813	5	13.0788953304291	0	0	0	0
HDL	META	EAS	16	94	3852	5	44.4765784740448	0	0	0	0
HDL	META	EAS	16	103	4562	5	29.5786173343658	0	0	0	0
HDL	META	EAS	16	104	1246	5	2.7655041217804	0	0	0	0
HDL	META	EAS	16	105	847	5	1.85518074035645	0	0	0	0
HDL	META	EAS	16	106	1583	5	2.96891188621521	0	0	0	0
HDL	META	EAS	16	107	1252	5	9.33630466461182	0	0	0	0
HDL	META	EAS	16	111	957	5	3.10085415840149	0	0	0	0
HDL	META	EAS	17	3	964	5	3.05389595031738	0	0	0	0
HDL	META	EAS	17	7	504	5	2.81566143035889	0	0	0	0
HDL	META	EAS	17	9	1554	5	6.0852575302124	0	0	0	0
HDL	META	EAS	17	14	719	5	1.76848435401917	0	0	0	0
HDL	META	EAS	17	23	496	5	2.25986766815186	0	0	0	0
HDL	META	EAS	17	24	933	5	4.66970777511597	0	0	0	0
HDL	META	EAS	17	25	1154	5	3.16187286376953	0	0	0	0
HDL	META	EAS	17	30	242	5	3.48454403877258	0	0	0	0
HDL	META	EAS	17	49	692	5	2.8220009803772	0	0	0	0
HDL	META	EAS	17	51	2122	5	13.3003442287445	0	0	0	0
HDL	META	EAS	17	55	2368	5	3.01240038871765	0	0	0	0
HDL	META	EAS	17	66	229	5	1.99337792396545	0	0	0	0
HDL	META	EAS	17	68	676	5	3.27887773513794	0	0	0	0
HDL	META	EAS	17	71	876	5	8.01191520690918	0	0	1	46
HDL	META	EAS	17	72	1547	5	10.0988907814026	0	0	0	0
HDL	META	EAS	17	73	1804	5	5.46024346351624	0	0	0	0
HDL	META	EAS	17	74	2333	5	11.4818298816681	0	0	0	0
HDL	META	EAS	17	75	2336	5	1.97475337982178	0	0	0	0
HDL	META	EAS	17	76	953	5	1.39119982719421	0	0	0	0
HDL	META	EAS	17	78	258	5	3.06832957267761	0	0	0	0
HDL	META	EAS	17	85	1796	5	4.79966068267822	0	0	0	0
HDL	META	EAS	17	87	651	5	2.64235472679138	0	0	0	0
HDL	META	EAS	17	90	2016	5	5.08449792861938	0	0	0	0
HDL	META	EAS	17	93	1200	5	3.86800789833069	0	0	0	0
HDL	META	EAS	17	94	1029	5	4.99188566207886	0	0	0	0
HDL	META	EAS	17	97	1978	5	3.64965772628784	0	0	0	0
HDL	META	EAS	17	98	678	5	2.27357745170593	0	0	0	0
HDL	META	EAS	17	99	164	5	2.335533618927	0	0	0	0
HDL	META	EAS	17	100	955	5	4.01399827003479	0	0	0	0
HDL	META	EAS	17	101	1002	5	3.60725116729736	0	0	1	18
HDL	META	EAS	17	102	601	5	2.69377326965332	0	0	0	0
HDL	META	EAS	17	103	650	5	1.79966974258423	0	0	0	0
HDL	META	EAS	17	105	1210	5	4.54196882247925	0	0	0	0
HDL	META	EAS	17	108	194	5	3.03066420555115	0	0	0	0
HDL	META	EAS	17	109	304	5	2.7950873374939	0	0	0	0
HDL	META	EAS	17	117	1095	5	2.58009457588196	0	0	0	0
HDL	META	EAS	17	118	1028	5	3.79877901077271	0	0	0	0
HDL	META	EAS	17	125	1671	5	4.90978312492371	0	0	1	10
HDL	META	EAS	17	133	579	5	7.01223254203796	0	0	1	20
HDL	META	EAS	18	1	623	5	2.04192590713501	0	0	0	0
HDL	META	EAS	18	7	1243	5	4.78463792800903	0	0	0	0
HDL	META	EAS	18	8	925	5	3.57227468490601	0	0	0	0
HDL	META	EAS	18	27	546	5	3.17124700546265	0	0	0	0
HDL	META	EAS	18	28	1213	5	3.75576734542847	0	0	0	0
HDL	META	EAS	18	39	2467	5	6.23521971702576	0	0	0	0
HDL	META	EAS	18	41	2606	5	22.4515674114227	0	0	0	0
HDL	META	EAS	18	42	1899	5	11.0597155094147	0	0	0	0
HDL	META	EAS	18	44	1578	5	4.67569780349731	0	0	0	0
HDL	META	EAS	18	46	1634	5	7.78970336914062	0	0	0	0
HDL	META	EAS	18	49	1988	5	11.9159774780273	0	0	0	0
HDL	META	EAS	18	52	1317	5	4.2432279586792	0	0	0	0
HDL	META	EAS	18	53	1268	5	3.61571097373962	0	0	0	0
HDL	META	EAS	18	58	1622	5	9.03601574897766	0	0	0	0
HDL	META	EAS	18	59	2112	5	6.4008355140686	0	0	0	0
HDL	META	EAS	18	60	1921	5	6.01408553123474	0	0	0	0
HDL	META	EAS	18	61	1828	5	1.50834393501282	0	0	0	0
HDL	META	EAS	18	62	2048	5	3.20263147354126	0	0	0	0
HDL	META	EAS	18	65	1914	5	9.43397736549377	0	0	0	0
HDL	META	EAS	18	66	478	5	6.13593983650208	0	0	0	0
HDL	META	EAS	18	67	630	5	0.593159198760986	0	0	0	0
HDL	META	EAS	18	68	130	5	3.59761238098145	0	0	0	0
HDL	META	EAS	18	69	3411	5	1108.84797978401	0	2	3	17
HDL	META	EAS	18	73	2757	5	19.3100583553314	0	0	0	0
HDL	META	EAS	18	74	2435	5	7.43589329719543	0	0	0	0
HDL	META	EAS	18	76	1469	5	4.65923190116882	0	0	0	0
HDL	META	EAS	18	79	672	5	3.93274855613708	0	0	0	0
HDL	META	EAS	18	80	1257	5	5.33508443832397	0	0	0	0
HDL	META	EAS	18	82	2669	5	10.614705324173	0	0	0	0
HDL	META	EAS	18	84	382	5	2.85848116874695	0	0	0	0
HDL	META	EAS	18	86	49	5	8.11347794532776	0	0	0	0
HDL	META	EAS	19	6	118	5	4.61780738830566	0	0	0	0
HDL	META	EAS	19	10	176	5	3.7375168800354	0	0	0	0
HDL	META	EAS	19	11	227	5	3.49042463302612	0	0	0	0
HDL	META	EAS	19	12	214	5	3.76651930809021	0	0	0	0
HDL	META	EAS	19	16	133	5	3.4623818397522	0	0	0	0
HDL	META	EAS	19	19	78	5	0.513067960739136	0	0	0	0
HDL	META	EAS	19	22	792	5	1.06794619560242	0	0	0	0
HDL	META	EAS	19	25	599	5	5.85205411911011	0	0	0	0
HDL	META	EAS	19	29	769	5	0.647367000579834	0	0	0	0
HDL	META	EAS	19	30	618	5	2.06620025634766	0	0	0	0
HDL	META	EAS	19	32	577	5	1.44312047958374	0	0	0	0
HDL	META	EAS	19	33	236	5	3.04989695549011	0	0	0	0
HDL	META	EAS	19	34	446	5	3.12696838378906	0	0	0	0
HDL	META	EAS	19	37	1318	5	6.52339601516724	0	0	0	0
HDL	META	EAS	19	38	305	5	1.85568332672119	0	1	1	3
HDL	META	EAS	19	39	1509	5	5.03204965591431	0	0	0	0
HDL	META	EAS	19	47	839	5	4.69799995422363	0	0	0	0
HDL	META	EAS	19	50	135	5	3.03392362594604	0	0	0	0
HDL	META	EAS	19	51	592	5	2.16173028945923	0	0	0	0
HDL	META	EAS	19	52	541	5	0.606171846389771	0	1	0	0
HDL	META	EAS	19	57	1563	5	3.94349241256714	0	0	0	0
HDL	META	EAS	19	58	701	5	3.848140001297	0	0	0	0
HDL	META	EAS	19	61	1072	5	4.0190417766571	0	0	0	0
HDL	META	EAS	19	63	631	5	3.89923763275146	0	0	0	0
HDL	META	EAS	19	64	2013	5	1.55754518508911	0	0	0	0
HDL	META	EAS	19	67	3820	5	20.1107494831085	0	0	0	0
HDL	META	EAS	19	68	794	5	5.28850245475769	0	0	0	0
HDL	META	EAS	19	70	836	5	2.39222168922424	0	0	0	0
HDL	META	EAS	19	71	125	5	1.76997327804565	0	0	0	0
HDL	META	EAS	19	73	268	5	2.28724098205566	0	0	0	0
HDL	META	EAS	19	74	1694	5	5.65389633178711	0	0	0	0
HDL	META	EAS	19	75	158	5	126.86257815361	1	2	2	3
HDL	META	EAS	19	76	1161	5	3.85328841209412	0	0	1	9
HDL	META	EAS	19	77	2044	5	5.67338585853577	0	0	0	0
HDL	META	EAS	19	79	820	5	2.98601770401001	0	0	0	0
HDL	META	EAS	19	80	196	5	1.98027205467224	0	0	0	0
HDL	META	EAS	19	81	749	5	4.49895119667053	0	0	0	0
HDL	META	EAS	19	89	815	5	3.10274696350098	0	0	0	0
HDL	META	EAS	19	90	1415	5	3.52571630477905	0	0	0	0
HDL	META	EAS	19	93	405	5	4.11999917030334	0	0	0	0
HDL	META	EAS	19	94	885	5	4.03867936134338	0	0	0	0
HDL	META	EAS	19	98	218	5	2.36627626419067	0	0	1	5
HDL	META	EAS	20	1	563	5	4.10554695129395	0	0	0	0
HDL	META	EAS	20	2	418	5	0.600862264633179	0	0	0	0
HDL	META	EAS	20	3	203	5	3.04229426383972	0	0	0	0
HDL	META	EAS	20	11	546	5	4.69190311431885	0	0	0	0
HDL	META	EAS	20	22	700	5	5.40749859809875	0	0	0	0
HDL	META	EAS	20	23	208	5	1.97352361679077	0	0	0	0
HDL	META	EAS	20	24	121	5	1.73307776451111	0	0	0	0
HDL	META	EAS	20	29	1088	5	3.90371346473694	0	0	0	0
HDL	META	EAS	20	40	846	5	3.0330696105957	0	0	0	0
HDL	META	EAS	20	42	2125	5	7.57220458984375	0	0	0	0
HDL	META	EAS	20	48	2241	5	15.2975428104401	0	0	0	0
HDL	META	EAS	20	54	1817	5	5.3754255771637	0	0	0	0
HDL	META	EAS	20	59	1503	5	4.66699862480164	0	0	0	0
HDL	META	EAS	20	62	1141	5	4.04883146286011	0	0	0	0
HDL	META	EAS	20	63	2723	5	10.6837208271027	0	0	0	0
HDL	META	EAS	20	64	669	5	2.58103537559509	0	0	0	0
HDL	META	EAS	20	65	1608	5	8.28824591636658	0	0	0	0
HDL	META	EAS	20	67	919	5	2.52782583236694	0	0	0	0
HDL	META	EAS	20	68	487	5	3.47673416137695	0	0	0	0
HDL	META	EAS	20	69	1219	5	4.15802502632141	0	0	0	0
HDL	META	EAS	20	70	756	5	0.664788484573364	0	0	0	0
HDL	META	EAS	20	71	1500	5	699.512744903564	0	0	1	8
HDL	META	EAS	20	72	318	5	4.28455281257629	0	0	0	0
HDL	META	EAS	20	73	1278	5	3.84134864807129	0	0	0	0
HDL	META	EAS	20	74	620	5	4.20378494262695	0	1	0	0
HDL	META	EAS	20	75	1038	5	4.13619303703308	0	0	0	0
HDL	META	EAS	20	84	1560	5	1.18162417411804	0	0	0	0
HDL	META	EAS	20	86	881	5	3.59183621406555	0	0	0	0
HDL	META	EAS	20	93	1878	5	1.33602619171143	0	0	0	0
HDL	META	EAS	20	99	836	5	2.45999002456665	0	0	0	0
HDL	META	EAS	21	2	306	5	2.39340257644653	0	0	0	0
HDL	META	EAS	21	3	509	5	3.68004369735718	0	0	0	0
HDL	META	EAS	21	4	244	5	3.45944952964783	0	0	0	0
HDL	META	EAS	21	30	2616	5	14.2574796676636	0	0	0	0
HDL	META	EAS	21	37	1337	5	5.06925296783447	0	0	0	0
HDL	META	EAS	21	41	2097	5	7.47846245765686	0	0	0	0
HDL	META	EAS	21	45	1883	5	4.82725977897644	0	0	0	0
HDL	META	EAS	21	53	819	5	4.24322748184204	0	0	0	0
HDL	META	EAS	21	57	533	5	5.35571384429932	0	0	0	0
HDL	META	EAS	22	13	565	5	2.39773344993591	0	0	1	31
HDL	META	EAS	22	14	594	5	3.40972948074341	0	0	0	0
HDL	META	EAS	22	24	1650	5	5.89042615890503	0	0	0	0
HDL	META	EAS	22	26	581	5	3.10029411315918	0	0	0	0
HDL	META	EAS	22	29	1604	5	6.46865844726562	0	0	0	0
HDL	META	EAS	22	30	4977	5	27.4965608119965	0	0	0	0
HDL	META	EAS	22	33	806	5	2.00071430206299	0	0	0	0
HDL	META	EAS	22	37	1024	5	2.2359938621521	0	0	0	0
HDL	META	EAS	22	43	908	5	4.30552816390991	0	0	0	0
HDL	META	EAS	22	44	618	5	5.69561100006104	0	0	0	0
HDL	META	EAS	22	45	850	5	3.19799280166626	0	0	0	0
HDL	META	EAS	22	46	2540	5	15.1433253288269	0	0	0	0
HDL	META	EAS	22	47	1113	5	4.69036507606506	0	0	0	0
HDL	META	EAS	22	49	215	5	3.89510869979858	0	0	0	0
HDL	META	EAS	22	50	465	5	2.37770628929138	0	0	0	0
