pheno	db	pid	chromosome	block	num_variants	time	num_variants_0.95	num_variants_0.5	num_CS95	num_variants_CS95
LDL	UKBB	EAS	1	2	92	8.64080286026001	0	0	0	0
LDL	UKBB	EAS	1	4	410	43.1084132194519	0	0	0	0
LDL	UKBB	EAS	1	17	1895	455.649873971939	0	0	0	0
LDL	UKBB	EAS	1	19	1293	318.744782209396	0	0	0	0
LDL	UKBB	EAS	1	23	619	78.5623691082001	0	0	0	0
LDL	UKBB	EAS	1	35	1520	398.08385848999	0	0	0	0
LDL	UKBB	EAS	1	40	795	155.342532396317	0	0	0	0
LDL	UKBB	EAS	1	48	696	148.903165340424	0	0	0	0
LDL	UKBB	EAS	1	49	435	71.5000333786011	0	0	0	0
LDL	UKBB	EAS	1	51	609	123.167236804962	0	0	0	0
LDL	UKBB	EAS	1	52	1510	393.640902519226	0	0	0	0
LDL	UKBB	EAS	1	53	1301	348.010838508606	0	0	0	0
LDL	UKBB	EAS	1	58	1568	268.596278190613	0	0	0	0
LDL	UKBB	EAS	1	70	1504	304.084184408188	0	0	0	0
LDL	UKBB	EAS	1	73	1804	410.884377241135	0	0	0	0
LDL	UKBB	EAS	1	75	2597	814.495033740997	0	0	0	0
LDL	UKBB	EAS	1	76	1430	279.954504013062	0	0	0	0
LDL	UKBB	EAS	1	78	852	126.62820148468	0	0	0	0
LDL	UKBB	EAS	1	80	892	179.135220050812	0	0	0	0
LDL	UKBB	EAS	1	81	605	108.74320602417	0	0	0	0
LDL	UKBB	EAS	1	82	1017	257.337044477463	0	0	0	0
LDL	UKBB	EAS	1	83	1632	267.665130138397	0	0	0	0
LDL	UKBB	EAS	1	84	2481	762.30859375	0	0	0	0
LDL	UKBB	EAS	1	85	957	211.664392948151	0	0	0	0
LDL	UKBB	EAS	1	88	1284	320.766356468201	0	0	0	0
LDL	UKBB	EAS	1	89	1333	248.674463272095	0	0	0	0
LDL	UKBB	EAS	1	92	1463	385.396055936813	0	0	0	0
LDL	UKBB	EAS	1	94	356	55.9410111904144	0	0	0	0
LDL	UKBB	EAS	1	96	1352	246.817308664322	0	0	0	0
LDL	UKBB	EAS	1	97	1582	373.158904790878	0	0	0	0
LDL	UKBB	EAS	1	100	1655	387.366213083267	0	0	0	0
LDL	UKBB	EAS	1	109	1824	200.297224760056	0	0	0	0
LDL	UKBB	EAS	1	124	2070	519.4138007164	0	0	0	0
LDL	UKBB	EAS	1	125	2412	746.313815355301	0	0	0	0
LDL	UKBB	EAS	1	136	1303	327.534755468369	0	0	0	0
LDL	UKBB	EAS	1	138	1601	113.521871328354	0	0	0	0
LDL	UKBB	EAS	1	139	433	61.6698591709137	0	0	0	0
LDL	UKBB	EAS	1	141	755	141.25791478157	0	0	0	0
LDL	UKBB	EAS	1	145	886	164.693155765533	0	0	0	0
LDL	UKBB	EAS	1	147	1273	309.274039983749	0	0	0	0
LDL	UKBB	EAS	1	150	1707	174.062744617462	0	0	0	0
LDL	UKBB	EAS	1	151	2374	602.316180467606	0	0	0	0
LDL	UKBB	EAS	1	154	2252	684.165883779526	0	0	0	0
LDL	UKBB	EAS	1	158	998	188.921766757965	0	0	0	0
LDL	UKBB	EAS	1	162	1177	219.153953075409	0	0	0	0
LDL	UKBB	EAS	1	163	1118	170.820951700211	0	0	0	0
LDL	UKBB	EAS	1	168	1737	419.782222509384	0	0	0	0
LDL	UKBB	EAS	1	169	2863	989.983204841614	0	0	0	0
LDL	UKBB	EAS	1	175	2312	672.635634899139	0	0	0	0
LDL	UKBB	EAS	1	182	2217	646.109224796295	0	0	0	0
LDL	UKBB	EAS	1	183	2280	417.690829277039	0	0	0	0
LDL	UKBB	EAS	1	187	1544	135.721795797348	0	0	0	0
LDL	UKBB	EAS	1	188	1910	297.331881523132	0	0	0	0
LDL	UKBB	EAS	1	189	1084	230.453721523285	0	0	0	0
LDL	UKBB	EAS	1	191	1581	348.066963434219	0	0	0	0
LDL	UKBB	EAS	1	192	1786	492.652360677719	0	0	0	0
LDL	UKBB	EAS	1	201	1847	203.365945339203	0	0	0	0
LDL	UKBB	EAS	1	202	1602	425.242427349091	0	0	0	0
LDL	UKBB	EAS	1	205	652	48.37859582901	0	0	0	0
LDL	UKBB	EAS	1	213	887	177.278146505356	0	0	0	0
LDL	UKBB	EAS	1	214	763	137.431578159332	0	0	0	0
LDL	UKBB	EAS	1	216	1645	309.235183000565	0	0	0	0
LDL	UKBB	EAS	1	221	1780	468.306241750717	0	0	0	0
LDL	UKBB	EAS	1	223	1818	456.953369617462	0	0	0	0
LDL	UKBB	EAS	1	226	665	69.3495380878448	0	0	0	0
LDL	UKBB	EAS	1	233	2267	635.00487279892	0	0	0	0
LDL	UKBB	EAS	1	234	2672	763.83505821228	0	0	0	0
LDL	UKBB	EAS	1	238	3671	1053.06478643417	0	0	0	0
LDL	UKBB	EAS	1	239	997	200.631645679474	0	0	0	0
LDL	UKBB	EAS	1	252	732	119.358778238297	0	0	0	0
LDL	UKBB	EAS	1	253	210	21.8502624034882	0	0	0	0
LDL	UKBB	EAS	1	254	1156	220.080993175507	0	0	0	0
LDL	UKBB	EAS	1	255	930	173.074716091156	0	0	0	0
LDL	UKBB	EAS	1	280	3098	1012.43239712715	0	0	0	0
LDL	UKBB	EAS	2	6	900	181.239661931992	0	0	0	0
LDL	UKBB	EAS	2	19	300	16.522278547287	0	0	0	0
LDL	UKBB	EAS	2	21	351	43.4685554504395	0	0	0	0
LDL	UKBB	EAS	2	27	536	86.1592931747437	0	0	0	0
LDL	UKBB	EAS	2	34	2092	420.120669841766	0	0	0	0
LDL	UKBB	EAS	2	37	714	102.411351203918	0	0	0	0
LDL	UKBB	EAS	2	38	1699	332.455404281616	0	0	0	0
LDL	UKBB	EAS	2	39	773	134.591062545776	0	0	0	0
LDL	UKBB	EAS	2	40	2426	764.361289024353	0	0	0	0
LDL	UKBB	EAS	2	41	1053	209.200071334839	0	0	0	0
LDL	UKBB	EAS	2	43	198	22.745352268219	0	0	0	0
LDL	UKBB	EAS	2	44	848	125.402920007706	0	0	0	0
LDL	UKBB	EAS	2	45	1802	510.144762277603	0	0	0	0
LDL	UKBB	EAS	2	46	879	178.49387717247	0	0	0	0
LDL	UKBB	EAS	2	47	2130	574.321792602539	0	0	0	0
LDL	UKBB	EAS	2	48	1195	236.290433168411	0	0	0	0
LDL	UKBB	EAS	2	49	1487	358.002593755722	0	0	0	0
LDL	UKBB	EAS	2	50	1393	268.351610660553	0	0	0	0
LDL	UKBB	EAS	2	51	1508	362.241243839264	0	0	0	0
LDL	UKBB	EAS	2	53	1142	103.310739994049	0	0	0	0
LDL	UKBB	EAS	2	69	1992	164.308741092682	0	1	0	0
LDL	UKBB	EAS	2	71	1183	261.255076408386	0	0	0	0
LDL	UKBB	EAS	2	72	2437	629.731875658035	0	0	0	0
LDL	UKBB	EAS	2	74	839	149.669776916504	0	0	0	0
LDL	UKBB	EAS	2	75	1174	186.178778648376	0	0	0	0
LDL	UKBB	EAS	2	77	973	174.718470573425	0	0	0	0
LDL	UKBB	EAS	2	84	5562	1507.38048267365	0	0	0	0
LDL	UKBB	EAS	2	86	1886	545.003946065903	0	0	0	0
LDL	UKBB	EAS	2	87	652	111.351941823959	0	0	0	0
LDL	UKBB	EAS	2	88	5422	2140.92258310318	0	0	0	0
LDL	UKBB	EAS	2	89	1035	241.017082929611	0	0	0	0
LDL	UKBB	EAS	2	97	2248	502.787506103516	0	0	0	0
LDL	UKBB	EAS	2	99	1085	137.52012181282	0	0	0	0
LDL	UKBB	EAS	2	100	994	199.515870094299	0	0	0	0
LDL	UKBB	EAS	2	115	2671	479.222831249237	0	0	0	0
LDL	UKBB	EAS	2	121	2140	466.95187830925	0	0	0	0
LDL	UKBB	EAS	2	122	954	185.943221092224	0	0	0	0
LDL	UKBB	EAS	2	124	1728	453.82722902298	0	0	0	0
LDL	UKBB	EAS	2	127	3161	475.829159259796	0	0	0	0
LDL	UKBB	EAS	2	128	2387	613.532906293869	0	0	0	0
LDL	UKBB	EAS	2	130	276	28.7185935974121	0	0	0	0
LDL	UKBB	EAS	2	131	87	8.28469371795654	0	0	0	0
LDL	UKBB	EAS	2	138	2245	445.801569461823	0	0	0	0
LDL	UKBB	EAS	2	145	1122	240.506478309631	0	0	0	0
LDL	UKBB	EAS	2	146	2762	869.519134759903	0	0	0	0
LDL	UKBB	EAS	2	147	4142	1285.11505126953	0	0	0	0
LDL	UKBB	EAS	2	152	1265	306.021154642105	0	0	0	0
LDL	UKBB	EAS	2	162	739	116.878024816513	0	0	0	0
LDL	UKBB	EAS	2	166	3739	1393.58059382439	0	0	0	0
LDL	UKBB	EAS	2	168	1553	357.130129098892	0	0	0	0
LDL	UKBB	EAS	2	172	551	81.3223977088928	0	0	0	0
LDL	UKBB	EAS	2	177	2239	446.234449386597	0	0	0	0
LDL	UKBB	EAS	2	181	2219	456.805623531342	0	0	0	0
LDL	UKBB	EAS	2	184	3330	950.759520530701	0	0	0	0
LDL	UKBB	EAS	2	192	2373	580.787379264832	0	0	0	0
LDL	UKBB	EAS	2	198	1150	228.96146607399	0	0	0	0
LDL	UKBB	EAS	2	199	2230	664.63481092453	0	0	0	0
LDL	UKBB	EAS	2	205	978	81.9380240440369	0	0	0	0
LDL	UKBB	EAS	2	208	2639	870.154901981354	0	0	0	0
LDL	UKBB	EAS	2	212	1817	509.020946502686	0	0	0	0
LDL	UKBB	EAS	2	213	3643	1241.40982031822	0	0	0	0
LDL	UKBB	EAS	2	217	881	105.701431035995	0	0	0	0
LDL	UKBB	EAS	2	232	983	200.565408706665	0	0	0	0
LDL	UKBB	EAS	2	237	1452	333.965369462967	0	0	0	0
LDL	UKBB	EAS	2	240	1469	317.101990461349	0	0	0	0
LDL	UKBB	EAS	2	242	1598	180.988819599152	0	0	0	0
LDL	UKBB	EAS	2	250	3445	948.960416078568	0	0	0	0
LDL	UKBB	EAS	2	256	1597	429.822613477707	0	0	0	0
LDL	UKBB	EAS	3	24	2007	574.549971103668	0	0	0	0
LDL	UKBB	EAS	3	41	2430	337.459121465683	0	0	0	0
LDL	UKBB	EAS	3	43	1621	349.591188907623	0	0	0	0
LDL	UKBB	EAS	3	51	907	156.423795938492	0	0	0	0
LDL	UKBB	EAS	3	56	1245	268.453563213348	0	0	0	0
LDL	UKBB	EAS	3	70	2150	592.680288553238	0	0	0	0
LDL	UKBB	EAS	3	71	1877	521.276263475418	0	0	0	0
LDL	UKBB	EAS	3	83	3303	943.271882772446	0	0	0	0
LDL	UKBB	EAS	3	88	2053	590.37779045105	0	0	0	0
LDL	UKBB	EAS	3	89	1652	424.567655324936	0	0	0	0
LDL	UKBB	EAS	3	104	4315	1683.20780014992	0	0	0	0
LDL	UKBB	EAS	3	107	1602	428.237017869949	0	0	0	0
LDL	UKBB	EAS	3	109	3425	683.972435951233	0	0	0	0
LDL	UKBB	EAS	3	120	1614	326.521666049957	0	0	0	0
LDL	UKBB	EAS	3	121	1922	442.146659612656	0	0	0	0
LDL	UKBB	EAS	3	122	493	74.6783761978149	0	0	0	0
LDL	UKBB	EAS	3	123	655	98.3187429904938	0	0	0	0
LDL	UKBB	EAS	3	125	2051	486.317430257797	0	0	0	0
LDL	UKBB	EAS	3	127	2388	407.258471727371	0	0	0	0
LDL	UKBB	EAS	3	128	703	97.3868808746338	0	0	0	0
LDL	UKBB	EAS	3	129	1107	192.389041423798	0	0	0	0
LDL	UKBB	EAS	3	132	2595	877.409798145294	0	0	0	0
LDL	UKBB	EAS	3	135	1926	285.909075021744	0	0	0	0
LDL	UKBB	EAS	3	140	1968	371.153337717056	0	0	0	0
LDL	UKBB	EAS	3	145	2318	527.774663209915	0	0	0	0
LDL	UKBB	EAS	3	148	1815	476.477372169495	0	0	0	0
LDL	UKBB	EAS	3	149	1602	386.615176916122	0	0	0	0
LDL	UKBB	EAS	3	150	1590	416.157686233521	0	0	0	0
LDL	UKBB	EAS	3	154	575	77.4661359786987	0	0	0	0
LDL	UKBB	EAS	3	155	1771	406.12751531601	0	0	0	0
LDL	UKBB	EAS	3	158	2350	580.329100608826	0	0	0	0
LDL	UKBB	EAS	3	159	1618	232.182099580765	0	0	0	0
LDL	UKBB	EAS	3	161	2536	690.532118082047	0	0	0	0
LDL	UKBB	EAS	3	165	2273	705.713230848312	0	0	0	0
LDL	UKBB	EAS	3	166	4193	675.978537082672	0	0	0	0
LDL	UKBB	EAS	3	172	1346	257.59929394722	0	0	0	0
LDL	UKBB	EAS	3	173	722	117.862853050232	0	0	0	0
LDL	UKBB	EAS	3	175	606	93.1142385005951	0	0	0	0
LDL	UKBB	EAS	3	186	2333	612.976736307144	0	0	0	0
LDL	UKBB	EAS	3	190	1220	286.72575545311	0	0	0	0
LDL	UKBB	EAS	3	195	3951	988.573770999908	0	0	0	0
LDL	UKBB	EAS	3	214	2108	578.480718851089	0	0	0	0
LDL	UKBB	EAS	3	216	913	195.320575475693	0	0	0	0
LDL	UKBB	EAS	4	1	4518	1637.26387953758	0	0	0	0
LDL	UKBB	EAS	4	15	768	137.133737802505	0	0	0	0
LDL	UKBB	EAS	4	19	647	82.7608358860016	0	0	0	0
LDL	UKBB	EAS	4	21	3560	1245.47999715805	0	0	0	0
LDL	UKBB	EAS	4	28	1887	545.447442054749	0	0	0	0
LDL	UKBB	EAS	4	30	1296	307.808647632599	0	0	0	0
LDL	UKBB	EAS	4	42	324	45.339857339859	0	0	0	0
LDL	UKBB	EAS	4	43	855	152.290004253387	0	0	0	0
LDL	UKBB	EAS	4	55	1870	429.44700717926	0	0	0	0
LDL	UKBB	EAS	4	57	241	21.9798765182495	0	0	0	0
LDL	UKBB	EAS	4	64	3072	1083.42608833313	0	0	0	0
LDL	UKBB	EAS	4	65	1235	198.017739057541	0	0	0	0
LDL	UKBB	EAS	4	66	1467	256.105050086975	0	0	0	0
LDL	UKBB	EAS	4	71	946	201.929342508316	0	0	0	0
LDL	UKBB	EAS	4	79	1499	377.668861627579	0	0	0	0
LDL	UKBB	EAS	4	80	2115	512.950832605362	0	0	0	0
LDL	UKBB	EAS	4	84	1787	492.881864786148	0	0	0	0
LDL	UKBB	EAS	4	85	764	48.0918900966644	0	0	0	0
LDL	UKBB	EAS	4	86	183	9.17382049560547	0	0	0	0
LDL	UKBB	EAS	4	87	2908	1000.58605504036	0	0	0	0
LDL	UKBB	EAS	4	90	1660	338.740555047989	0	0	0	0
LDL	UKBB	EAS	4	92	1496	383.861461400986	0	0	0	0
LDL	UKBB	EAS	4	101	2081	618.746192932129	0	0	0	0
LDL	UKBB	EAS	4	113	1919	556.060056686401	0	0	0	0
LDL	UKBB	EAS	4	115	991	209.615051269531	0	0	0	0
LDL	UKBB	EAS	4	116	1376	183.611453771591	0	0	0	0
LDL	UKBB	EAS	4	117	1906	463.102225780487	0	0	0	0
LDL	UKBB	EAS	4	121	1720	441.443603754044	0	0	0	0
LDL	UKBB	EAS	4	122	808	159.555073022842	0	0	0	0
LDL	UKBB	EAS	4	129	2162	633.15478849411	0	0	0	0
LDL	UKBB	EAS	4	130	2345	363.787301301956	0	0	0	0
LDL	UKBB	EAS	4	134	3520	847.906964540482	0	0	0	0
LDL	UKBB	EAS	4	136	3061	785.253848075867	0	0	0	0
LDL	UKBB	EAS	4	148	1308	313.121099948883	0	0	0	0
LDL	UKBB	EAS	4	156	2937	735.660228013992	0	0	0	0
LDL	UKBB	EAS	4	159	786	149.75429558754	0	0	0	0
LDL	UKBB	EAS	4	161	617	107.356730699539	0	0	0	0
LDL	UKBB	EAS	4	162	1466	257.87281537056	0	0	0	0
LDL	UKBB	EAS	4	203	957	202.503861188889	0	0	0	0
LDL	UKBB	EAS	5	6	891	170.392825841904	0	0	0	0
LDL	UKBB	EAS	5	17	1094	98.428394317627	0	0	0	0
LDL	UKBB	EAS	5	55	568	83.3785381317139	0	0	0	0
LDL	UKBB	EAS	5	64	2475	671.159847974777	0	0	0	0
LDL	UKBB	EAS	5	69	878	170.273387908936	0	0	0	0
LDL	UKBB	EAS	5	71	2858	813.388006687164	0	0	0	0
LDL	UKBB	EAS	5	81	1428	359.632729768753	0	0	0	0
LDL	UKBB	EAS	5	82	984	128.442103147507	0	0	0	0
LDL	UKBB	EAS	5	84	365	47.8082282543182	0	0	0	0
LDL	UKBB	EAS	5	85	2509	574.324041843414	0	0	0	0
LDL	UKBB	EAS	5	86	49	3.52037501335144	0	0	0	0
LDL	UKBB	EAS	5	109	1119	250.080070257187	0	0	0	0
LDL	UKBB	EAS	5	127	3410	813.38928103447	0	0	0	0
LDL	UKBB	EAS	5	130	2715	865.326207399368	0	0	0	0
LDL	UKBB	EAS	5	134	1643	427.583992481232	0	0	0	0
LDL	UKBB	EAS	5	144	1895	397.9572660923	0	0	0	0
LDL	UKBB	EAS	5	146	2111	619.052909612656	0	0	0	0
LDL	UKBB	EAS	5	147	1161	217.443704843521	0	0	0	0
LDL	UKBB	EAS	5	156	1637	361.373147010803	0	0	0	0
LDL	UKBB	EAS	5	157	886	176.07383441925	0	0	0	0
LDL	UKBB	EAS	5	158	1314	319.425020933151	0	0	0	0
LDL	UKBB	EAS	5	165	1169	271.55592918396	0	0	0	0
LDL	UKBB	EAS	5	166	1936	485.520953655243	0	0	0	0
LDL	UKBB	EAS	5	167	1341	332.718597650528	0	0	0	0
LDL	UKBB	EAS	5	202	532	80.0192766189575	0	0	0	0
LDL	UKBB	EAS	5	207	1479	257.534138202667	0	0	0	0
LDL	UKBB	EAS	6	19	1694	400.08957362175	0	0	0	0
LDL	UKBB	EAS	6	20	1133	256.289490461349	0	0	0	0
LDL	UKBB	EAS	6	25	1212	277.787984371185	0	0	0	0
LDL	UKBB	EAS	6	27	1102	210.578395366669	0	0	0	0
LDL	UKBB	EAS	6	34	1774	94.9740746021271	0	0	1	43
LDL	UKBB	EAS	6	35	544	85.07825922966	0	0	0	0
LDL	UKBB	EAS	6	39	2821	795.374409675598	0	0	0	0
LDL	UKBB	EAS	6	43	1695	403.359268903732	0	0	0	0
LDL	UKBB	EAS	6	44	340	47.3494300842285	0	0	0	0
LDL	UKBB	EAS	6	47	2362	672.734963417053	0	0	0	0
LDL	UKBB	EAS	6	51	3639	1405.7836625576	0	0	0	0
LDL	UKBB	EAS	6	53	991	192.690520524979	0	0	0	0
LDL	UKBB	EAS	6	56	952	72.226420879364	0	0	0	0
LDL	UKBB	EAS	6	58	1658	383.504881381989	0	0	0	0
LDL	UKBB	EAS	6	63	1505	295.636637210846	0	0	0	0
LDL	UKBB	EAS	6	64	126	13.0076591968536	0	0	0	0
LDL	UKBB	EAS	6	65	506	47.6374163627625	0	0	0	0
LDL	UKBB	EAS	6	71	5462	1513.77532529831	0	0	0	0
LDL	UKBB	EAS	6	72	781	145.071166753769	0	0	0	0
LDL	UKBB	EAS	6	73	297	37.5375065803528	0	0	0	0
LDL	UKBB	EAS	6	75	310	38.1651408672333	0	0	0	0
LDL	UKBB	EAS	6	76	3657	853.486487150192	0	0	0	0
LDL	UKBB	EAS	6	87	2759	880.789301872253	0	0	0	0
LDL	UKBB	EAS	6	88	5059	1515.36463952065	0	0	0	0
LDL	UKBB	EAS	6	100	37	1.88448095321655	0	0	0	0
LDL	UKBB	EAS	6	101	2058	130.052429914474	0	0	0	0
LDL	UKBB	EAS	6	105	1901	485.608998537064	0	0	0	0
LDL	UKBB	EAS	6	106	1726	319.424661636353	0	0	0	0
LDL	UKBB	EAS	6	109	1662	451.751420259476	0	0	0	0
LDL	UKBB	EAS	6	115	3781	1401.43281054497	0	0	0	0
LDL	UKBB	EAS	6	117	4080	1620.06048059464	0	0	0	0
LDL	UKBB	EAS	6	124	1893	535.504824399948	0	0	0	0
LDL	UKBB	EAS	6	127	1192	107.755236387253	0	0	0	0
LDL	UKBB	EAS	6	128	1930	425.073349475861	0	0	0	0
LDL	UKBB	EAS	6	134	1270	170.436931610107	0	0	0	0
LDL	UKBB	EAS	6	136	888	151.243502140045	0	0	0	0
LDL	UKBB	EAS	6	140	1330	266.84645652771	0	0	0	0
LDL	UKBB	EAS	6	154	1536	304.387567043304	0	0	0	0
LDL	UKBB	EAS	6	158	1566	423.907484769821	0	0	0	0
LDL	UKBB	EAS	6	160	2009	508.90326499939	0	0	0	0
LDL	UKBB	EAS	6	168	2061	507.218377351761	0	0	0	0
LDL	UKBB	EAS	6	169	3480	947.096951007843	0	0	0	0
LDL	UKBB	EAS	6	170	708	121.97634768486	0	0	0	0
LDL	UKBB	EAS	6	180	246	30.2901463508606	0	0	0	0
LDL	UKBB	EAS	6	183	615	96.2689664363861	0	0	0	0
LDL	UKBB	EAS	6	187	1325	231.416862249374	0	0	0	0
LDL	UKBB	EAS	7	3	862	149.380409955978	0	0	0	0
LDL	UKBB	EAS	7	5	1742	472.455215215683	0	0	0	0
LDL	UKBB	EAS	7	6	730	133.632742643356	0	0	0	0
LDL	UKBB	EAS	7	11	628	89.3036088943481	0	0	0	0
LDL	UKBB	EAS	7	12	2161	610.329145431519	0	0	0	0
LDL	UKBB	EAS	7	13	886	161.831723690033	0	0	0	0
LDL	UKBB	EAS	7	33	2438	490.893734693527	0	0	0	0
LDL	UKBB	EAS	7	37	2313	438.52495265007	0	0	0	0
LDL	UKBB	EAS	7	41	1873	499.312818050385	0	0	0	0
LDL	UKBB	EAS	7	42	2010	523.550065517426	0	0	0	0
LDL	UKBB	EAS	7	44	368	22.8945469856262	0	0	0	0
LDL	UKBB	EAS	7	50	1096	256.574708461761	0	0	0	0
LDL	UKBB	EAS	7	58	1729	454.656959056854	0	0	0	0
LDL	UKBB	EAS	7	66	758	133.377494335175	0	0	0	0
LDL	UKBB	EAS	7	67	4235	1284.97058963776	0	0	0	0
LDL	UKBB	EAS	7	74	922	182.982761859894	0	0	0	0
LDL	UKBB	EAS	7	85	1641	353.07027220726	0	0	0	0
LDL	UKBB	EAS	7	88	2777	735.112442493439	0	0	0	0
LDL	UKBB	EAS	7	89	1810	486.875147819519	0	0	0	0
LDL	UKBB	EAS	7	95	1237	281.410641431808	0	0	0	0
LDL	UKBB	EAS	7	99	2622	858.627372503281	0	0	0	0
LDL	UKBB	EAS	7	103	1394	328.006481409073	0	0	0	0
LDL	UKBB	EAS	7	109	1562	324.918660402298	0	0	0	0
LDL	UKBB	EAS	7	111	1805	529.528095006943	0	0	0	0
LDL	UKBB	EAS	7	112	1113	240.092228651047	0	0	0	0
LDL	UKBB	EAS	7	113	2117	401.967369318008	0	0	0	0
LDL	UKBB	EAS	7	114	3628	1219.03414034843	0	0	0	0
LDL	UKBB	EAS	7	119	1173	215.147531986237	0	0	0	0
LDL	UKBB	EAS	7	132	3946	1272.21018385887	0	0	0	0
LDL	UKBB	EAS	7	133	2714	901.894772052765	0	0	0	0
LDL	UKBB	EAS	7	134	954	189.981084108353	0	0	0	0
LDL	UKBB	EAS	7	138	2672	866.991936206818	0	0	0	0
LDL	UKBB	EAS	7	139	549	90.3825178146362	0	0	0	0
LDL	UKBB	EAS	7	141	2527	780.171554088593	0	0	0	0
LDL	UKBB	EAS	7	147	680	105.646342277527	0	0	0	0
LDL	UKBB	EAS	7	152	677	121.864459991455	0	0	0	0
LDL	UKBB	EAS	7	162	2860	876.288952827454	0	0	0	0
LDL	UKBB	EAS	7	176	359	48.0788230895996	0	0	0	0
LDL	UKBB	EAS	7	177	149	11.9524645805359	0	0	0	0
LDL	UKBB	EAS	7	187	2657	863.35480761528	0	0	0	0
LDL	UKBB	EAS	8	17	1595	173.050328016281	0	0	0	0
LDL	UKBB	EAS	8	29	3765	1421.6445608139	0	0	0	0
LDL	UKBB	EAS	8	36	430	42.1561388969421	0	0	0	0
LDL	UKBB	EAS	8	39	1471	140.97589302063	0	0	0	0
LDL	UKBB	EAS	8	42	2241	293.465979099274	0	0	0	0
LDL	UKBB	EAS	8	44	771	115.889029741287	0	0	0	0
LDL	UKBB	EAS	8	45	1185	242.98805809021	0	0	0	0
LDL	UKBB	EAS	8	56	1443	327.15645647049	0	0	0	0
LDL	UKBB	EAS	8	57	1131	261.373929262161	0	0	0	0
LDL	UKBB	EAS	8	59	886	145.857133388519	0	0	0	0
LDL	UKBB	EAS	8	65	1075	253.109924793243	0	0	0	0
LDL	UKBB	EAS	8	68	1657	294.330123186111	0	0	0	0
LDL	UKBB	EAS	8	69	2966	764.171218156815	0	0	0	0
LDL	UKBB	EAS	8	71	1855	491.552056312561	0	0	0	0
LDL	UKBB	EAS	8	75	511	90.9955658912659	0	0	0	0
LDL	UKBB	EAS	8	78	395	43.5509912967682	0	0	0	0
LDL	UKBB	EAS	8	79	1197	231.43367433548	0	0	0	0
LDL	UKBB	EAS	8	81	2007	241.954897880554	0	0	0	0
LDL	UKBB	EAS	8	83	3095	813.972331762314	0	0	0	0
LDL	UKBB	EAS	8	85	1164	247.554896831512	0	0	0	0
LDL	UKBB	EAS	8	88	2009	532.73508143425	0	0	0	0
LDL	UKBB	EAS	8	90	1835	387.825392961502	0	0	0	0
LDL	UKBB	EAS	8	101	1476	372.201051235199	0	0	0	0
LDL	UKBB	EAS	8	106	2032	583.208867549896	0	0	0	0
LDL	UKBB	EAS	8	113	1189	257.19871711731	0	0	0	0
LDL	UKBB	EAS	8	124	1054	228.635209560394	0	0	0	0
LDL	UKBB	EAS	8	125	448	64.0009324550629	0	0	0	0
LDL	UKBB	EAS	8	135	1446	295.629700422287	0	0	0	0
LDL	UKBB	EAS	8	153	706	85.6129891872406	0	0	0	0
LDL	UKBB	EAS	8	159	789	146.255007505417	0	0	0	0
LDL	UKBB	EAS	8	160	852	40.5709373950958	0	0	0	0
LDL	UKBB	EAS	9	4	1640	349.80455327034	0	0	0	0
LDL	UKBB	EAS	9	5	383	52.6487491130829	0	0	0	0
LDL	UKBB	EAS	9	13	2364	828.983156919479	0	0	0	0
LDL	UKBB	EAS	9	33	1977	561.569519519806	0	0	0	0
LDL	UKBB	EAS	9	36	1557	111.27658200264	0	0	0	0
LDL	UKBB	EAS	9	39	752	139.33204507827799	0	0	0	0
LDL	UKBB	EAS	9	40	2883	830.658055305481	0	0	0	0
LDL	UKBB	EAS	9	51	914	172.020431995392	0	0	0	0
LDL	UKBB	EAS	9	53	3091	782.903443336487	0	0	0	0
LDL	UKBB	EAS	9	62	2235	641.132083415985	0	0	0	0
LDL	UKBB	EAS	9	69	991	226.62229681015	0	0	0	0
LDL	UKBB	EAS	9	70	730	139.905436992645	0	0	0	0
LDL	UKBB	EAS	9	72	415	53.8852608203888	0	0	0	0
LDL	UKBB	EAS	9	73	1220	293.040821552277	0	0	0	0
LDL	UKBB	EAS	9	80	3549	1259.33755755424	0	0	0	0
LDL	UKBB	EAS	9	84	1535	419.017673492432	0	0	0	0
LDL	UKBB	EAS	9	89	326	40.5851900577545	0	0	0	0
LDL	UKBB	EAS	9	93	1542	420.460531234741	0	0	0	0
LDL	UKBB	EAS	9	99	1430	346.194220781326	0	0	0	0
LDL	UKBB	EAS	9	102	2351	618.509263038635	0	0	0	0
LDL	UKBB	EAS	9	104	764	139.211325883865	0	0	0	0
LDL	UKBB	EAS	9	110	2963	685.604669094086	0	0	0	0
LDL	UKBB	EAS	9	111	95	10.9032437801361	0	0	0	0
LDL	UKBB	EAS	9	112	2156	395.281718254089	0	0	0	0
LDL	UKBB	EAS	9	114	713	107.592491388321	0	0	0	0
LDL	UKBB	EAS	9	115	3121	893.168846845627	0	0	0	0
LDL	UKBB	EAS	9	116	1513	328.266348600388	0	0	0	0
LDL	UKBB	EAS	9	118	3582	583.488885402679	0	0	0	0
LDL	UKBB	EAS	9	119	1383	289.911182403564	0	0	0	0
LDL	UKBB	EAS	9	124	1363	342.45444393158	0	0	0	0
LDL	UKBB	EAS	9	125	2061	520.65433216095	0	0	0	0
LDL	UKBB	EAS	9	134	2703	837.850766181946	0	0	0	0
LDL	UKBB	EAS	9	140	3106	980.204917669296	0	0	0	0
LDL	UKBB	EAS	9	144	722	95.360967874527	0	0	0	0
LDL	UKBB	EAS	9	145	1103	174.77876996994	0	0	0	0
LDL	UKBB	EAS	9	148	808	158.42871928215	0	0	0	0
LDL	UKBB	EAS	9	149	769	54.5737934112549	0	0	0	0
LDL	UKBB	EAS	9	153	66	5.75878071784973	0	0	0	0
LDL	UKBB	EAS	9	160	215	25.5107359886169	0	0	0	0
LDL	UKBB	EAS	9	161	276	37.9407305717468	0	0	0	0
LDL	UKBB	EAS	10	14	2202	709.538562059402	0	0	0	0
LDL	UKBB	EAS	10	22	1696	496.66853427887	0	0	0	0
LDL	UKBB	EAS	10	30	640	87.493203163147	0	0	0	0
LDL	UKBB	EAS	10	43	1405	324.203148365021	0	0	0	0
LDL	UKBB	EAS	10	45	2350	437.394683122635	0	0	0	0
LDL	UKBB	EAS	10	46	2607	733.961465597153	0	0	0	0
LDL	UKBB	EAS	10	52	2054	256.418802976608	0	0	0	0
LDL	UKBB	EAS	10	53	1003	213.960533618927	0	0	0	0
LDL	UKBB	EAS	10	59	1247	245.442651510239	0	0	0	0
LDL	UKBB	EAS	10	60	2410	507.171427726746	0	0	0	0
LDL	UKBB	EAS	10	67	1411	290.418424844742	0	0	0	0
LDL	UKBB	EAS	10	69	1410	324.984306812286	0	0	0	0
LDL	UKBB	EAS	10	70	1924	443.809497833252	0	0	0	0
LDL	UKBB	EAS	10	73	1450	394.720688343048	0	0	0	0
LDL	UKBB	EAS	10	80	1747	77.6807227134705	0	0	0	0
LDL	UKBB	EAS	10	81	2260	583.958210945129	0	0	0	0
LDL	UKBB	EAS	10	84	3093	893.146120786667	0	0	0	0
LDL	UKBB	EAS	10	85	587	97.8704195022583	0	0	0	0
LDL	UKBB	EAS	10	92	3493	1187.96245193481	0	0	0	0
LDL	UKBB	EAS	10	100	509	81.3051955699921	0	0	0	0
LDL	UKBB	EAS	10	101	1469	369.589639663696	0	0	0	0
LDL	UKBB	EAS	10	109	2012	522.090236902237	0	0	0	0
LDL	UKBB	EAS	10	110	617	95.195041179657	0	0	0	0
LDL	UKBB	EAS	10	112	508	71.4856576919556	0	0	0	0
LDL	UKBB	EAS	10	113	1566	409.236881494522	0	0	0	0
LDL	UKBB	EAS	10	117	2523	691.234806537628	0	0	0	0
LDL	UKBB	EAS	10	120	1878	500.703043460846	0	0	0	0
LDL	UKBB	EAS	10	121	1288	265.940924882889	0	0	0	0
LDL	UKBB	EAS	10	126	2448	744.763207674026	0	0	0	0
LDL	UKBB	EAS	10	127	532	90.8008017539978	0	0	0	0
LDL	UKBB	EAS	10	128	176	21.6300132274628	0	0	0	0
LDL	UKBB	EAS	10	129	2698	980.55561876297	0	0	0	0
LDL	UKBB	EAS	10	131	2264	290.286240339279	0	0	0	0
LDL	UKBB	EAS	10	137	2493	586.578793764114	0	0	0	0
LDL	UKBB	EAS	10	138	401	57.5039432048798	0	0	0	0
LDL	UKBB	EAS	10	142	519	67.9027643203735	0	0	0	0
LDL	UKBB	EAS	10	144	869	67.5534687042236	0	0	0	0
LDL	UKBB	EAS	10	150	2183	629.525908708572	0	0	0	0
LDL	UKBB	EAS	10	152	1565	426.938416242599	0	0	0	0
LDL	UKBB	EAS	10	154	3156	351.345010519028	0	1	0	0
LDL	UKBB	EAS	11	2	571	68.1560399532318	0	0	0	0
LDL	UKBB	EAS	11	3	899	137.99878692627	0	0	0	0
LDL	UKBB	EAS	11	4	709	105.738270759583	0	0	0	0
LDL	UKBB	EAS	11	7	585	97.1960384845734	0	0	0	0
LDL	UKBB	EAS	11	12	2691	944.641793251038	0	0	0	0
LDL	UKBB	EAS	11	18	3495	803.900705099106	0	0	0	0
LDL	UKBB	EAS	11	22	671	108.713680505753	0	0	0	0
LDL	UKBB	EAS	11	28	1028	195.391545534134	0	0	0	0
LDL	UKBB	EAS	11	30	1026	188.385802030563	0	0	0	0
LDL	UKBB	EAS	11	31	1183	216.316859960556	0	0	0	0
LDL	UKBB	EAS	11	33	1493	319.317942857742	0	0	0	0
LDL	UKBB	EAS	11	51	1601	354.253730773926	0	0	0	0
LDL	UKBB	EAS	11	56	327	43.6860907077789	0	0	0	0
LDL	UKBB	EAS	11	75	543	74.2064015865326	0	0	0	0
LDL	UKBB	EAS	11	76	1276	306.01743388176	0	0	0	0
LDL	UKBB	EAS	11	78	1205	295.169457435608	0	0	0	0
LDL	UKBB	EAS	11	79	2873	692.064958095551	0	0	0	0
LDL	UKBB	EAS	11	81	1020	181.242614030838	0	0	0	0
LDL	UKBB	EAS	11	82	308	43.2514986991882	0	0	0	0
LDL	UKBB	EAS	11	86	1467	242.3724193573	0	0	0	0
LDL	UKBB	EAS	11	90	2891	912.585481405258	0	0	0	0
LDL	UKBB	EAS	11	107	734	120.770946502686	0	0	0	0
LDL	UKBB	EAS	11	108	550	79.073527097702	0	0	0	0
LDL	UKBB	EAS	11	115	1679	351.778445720673	0	0	0	0
LDL	UKBB	EAS	11	117	3265	877.931479930878	0	0	0	0
LDL	UKBB	EAS	11	123	647	112.670688152313	0	0	0	0
LDL	UKBB	EAS	11	125	1219	298.138157367706	0	0	0	0
LDL	UKBB	EAS	11	129	1776	414.791487455368	0	0	0	0
LDL	UKBB	EAS	11	133	1654	297.427109479904	0	0	0	0
LDL	UKBB	EAS	11	139	57	4.10477685928345	0	0	0	0
LDL	UKBB	EAS	11	140	833	173.174030303955	0	0	0	0
LDL	UKBB	EAS	11	142	1879	466.807518720627	0	0	0	0
LDL	UKBB	EAS	11	147	2789	385.016347885132	0	0	0	0
LDL	UKBB	EAS	11	163	223	26.5171172618866	0	0	0	0
LDL	UKBB	EAS	12	1	910	140.952854394913	0	0	0	0
LDL	UKBB	EAS	12	4	928	154.84730887413	0	0	0	0
LDL	UKBB	EAS	12	12	554	94.0572755336761	0	0	0	0
LDL	UKBB	EAS	12	17	582	87.5624046325684	0	0	0	0
LDL	UKBB	EAS	12	18	1493	291.78053021431	0	0	0	0
LDL	UKBB	EAS	12	23	2172	582.051846027374	0	0	0	0
LDL	UKBB	EAS	12	29	236	29.194189786911	0	0	0	0
LDL	UKBB	EAS	12	33	1541	399.373723506927	0	0	0	0
LDL	UKBB	EAS	12	42	3141	1053.42595791817	0	0	0	0
LDL	UKBB	EAS	12	45	1306	282.537214040756	0	0	0	0
LDL	UKBB	EAS	12	47	525	54.7314696311951	0	0	0	0
LDL	UKBB	EAS	12	49	2010	633.526609897614	0	0	0	0
LDL	UKBB	EAS	12	51	1331	217.141239404678	0	0	0	0
LDL	UKBB	EAS	12	59	2467	794.281882047653	0	0	0	0
LDL	UKBB	EAS	12	61	1255	302.833050012589	0	0	0	0
LDL	UKBB	EAS	12	62	851	139.680329561234	0	0	0	0
LDL	UKBB	EAS	12	63	1808	447.029536485672	0	0	0	0
LDL	UKBB	EAS	12	64	904	121.424508810043	0	0	0	0
LDL	UKBB	EAS	12	66	1753	427.14564204216	0	0	0	0
LDL	UKBB	EAS	12	67	901	150.808568716049	0	0	0	0
LDL	UKBB	EAS	12	69	1753	402.355765581131	0	0	0	0
LDL	UKBB	EAS	12	71	1893	483.730223178864	0	0	0	0
LDL	UKBB	EAS	12	72	6236	1288.05345463753	0	0	0	0
LDL	UKBB	EAS	12	82	1828	198.241275072098	0	0	0	0
LDL	UKBB	EAS	12	97	2483	342.261737346649	0	0	0	0
LDL	UKBB	EAS	12	98	978	191.578313827515	0	0	0	0
LDL	UKBB	EAS	12	110	2015	552.605073928833	0	0	0	0
LDL	UKBB	EAS	12	112	209	22.2567965984344	0	0	0	0
LDL	UKBB	EAS	12	113	1653	443.378985643387	0	0	0	0
LDL	UKBB	EAS	12	114	1568	185.38206577301	0	0	0	0
LDL	UKBB	EAS	12	115	1283	296.194895505905	0	0	0	0
LDL	UKBB	EAS	12	117	2016	348.944609165192	0	0	0	0
LDL	UKBB	EAS	12	120	708	107.269420385361	0	0	0	0
LDL	UKBB	EAS	12	121	1397	376.535574197769	0	0	0	0
LDL	UKBB	EAS	12	122	2031	535.842726945877	0	0	0	0
LDL	UKBB	EAS	12	127	801	142.945861101151	0	0	0	0
LDL	UKBB	EAS	12	128	298	44.8501653671265	0	0	0	0
LDL	UKBB	EAS	12	138	2663	638.470656394958	0	0	0	0
LDL	UKBB	EAS	12	139	3234	992.011644363403	0	0	0	0
LDL	UKBB	EAS	12	140	644	24.2323858737946	0	0	0	0
LDL	UKBB	EAS	12	141	982	187.973503112793	0	0	0	0
LDL	UKBB	EAS	12	164	833	112.298806190491	0	0	0	0
LDL	UKBB	EAS	13	11	1020	169.08914065361	0	0	0	0
LDL	UKBB	EAS	13	18	651	119.298901557922	0	0	0	0
LDL	UKBB	EAS	13	21	1719	440.24857211113	0	0	0	0
LDL	UKBB	EAS	13	24	1238	271.671196699142	0	0	0	0
LDL	UKBB	EAS	13	25	675	94.8748052120209	0	0	0	0
LDL	UKBB	EAS	13	40	1391	322.600904941559	0	0	0	0
LDL	UKBB	EAS	13	44	1062	196.210141658783	0	0	0	0
LDL	UKBB	EAS	13	50	3016	938.705991506577	0	0	0	0
LDL	UKBB	EAS	13	52	1748	189.41414475441	0	0	0	0
LDL	UKBB	EAS	13	66	675	108.68137383461	0	0	0	0
LDL	UKBB	EAS	13	69	3043	752.410742759705	0	0	0	0
LDL	UKBB	EAS	13	84	861	121.108509063721	0	0	0	0
LDL	UKBB	EAS	13	96	730	61.6452519893646	0	0	0	0
LDL	UKBB	EAS	13	102	678	84.2322664260864	0	0	0	0
LDL	UKBB	EAS	13	115	718	126.833744049072	0	0	0	0
LDL	UKBB	EAS	13	116	548	64.4569518566132	0	0	0	0
LDL	UKBB	EAS	13	118	1266	299.768461704254	0	0	0	0
LDL	UKBB	EAS	13	125	1246	140.769283533096	0	0	0	0
LDL	UKBB	EAS	14	4	403	39.4482500553131	0	0	0	0
LDL	UKBB	EAS	14	14	2506	613.96003651619	0	0	0	0
LDL	UKBB	EAS	14	23	2323	694.697618246078	0	0	0	0
LDL	UKBB	EAS	14	31	2182	634.899945735931	0	0	0	0
LDL	UKBB	EAS	14	35	2690	429.23308467865	0	0	0	0
LDL	UKBB	EAS	14	42	1242	215.123737573624	0	0	0	0
LDL	UKBB	EAS	14	43	144	17.7785887718201	0	0	0	0
LDL	UKBB	EAS	14	46	1056	238.653048276901	0	0	0	0
LDL	UKBB	EAS	14	63	3060	1004.85559225082	0	0	0	0
LDL	UKBB	EAS	14	68	1171	241.491415262222	0	0	0	0
LDL	UKBB	EAS	14	72	2997	860.073535442352	0	0	0	0
LDL	UKBB	EAS	14	73	1177	239.38994884491	0	0	0	0
LDL	UKBB	EAS	14	96	187	20.0385768413544	0	0	0	0
LDL	UKBB	EAS	14	105	652	92.5565881729126	0	0	0	0
LDL	UKBB	EAS	14	106	801	135.710367679596	0	0	0	0
LDL	UKBB	EAS	14	121	1662	454.876605272293	0	0	0	0
LDL	UKBB	EAS	14	126	1609	430.251206636429	0	0	0	0
LDL	UKBB	EAS	14	127	1629	351.192565917969	0	0	0	0
LDL	UKBB	EAS	15	3	56	4.66525292396545	0	0	0	0
LDL	UKBB	EAS	15	37	2034	384.140774250031	0	0	0	0
LDL	UKBB	EAS	15	39	1667	387.214204311371	0	0	0	0
LDL	UKBB	EAS	15	44	1008	213.221539974213	0	0	0	0
LDL	UKBB	EAS	15	45	4167	1281.01937913895	0	0	0	0
LDL	UKBB	EAS	15	46	1376	342.707122802734	0	0	0	0
LDL	UKBB	EAS	15	47	1646	398.737964391708	0	0	0	0
LDL	UKBB	EAS	15	50	1754	486.268812179565	0	0	0	0
LDL	UKBB	EAS	15	52	1347	283.481653690338	0	0	0	0
LDL	UKBB	EAS	15	53	225	27.6304318904877	0	0	0	0
LDL	UKBB	EAS	15	54	1436	388.080876588821	0	0	0	0
LDL	UKBB	EAS	15	56	1277	123.400270223618	0	0	0	0
LDL	UKBB	EAS	15	59	2870	871.822248220444	0	0	0	0
LDL	UKBB	EAS	15	62	2713	300.498139619827	0	0	0	0
LDL	UKBB	EAS	15	63	793	142.009352207184	0	0	0	0
LDL	UKBB	EAS	15	64	1184	168.098940849304	0	0	0	0
LDL	UKBB	EAS	15	66	2041	521.134341955185	0	0	0	0
LDL	UKBB	EAS	15	80	625	108.386428356171	0	0	0	0
LDL	UKBB	EAS	15	83	733	141.271528482437	0	0	0	0
LDL	UKBB	EAS	15	85	1798	528.499044418335	0	0	0	0
LDL	UKBB	EAS	15	117	757	47.5654458999634	0	0	0	0
LDL	UKBB	EAS	15	118	422	59.3269727230072	0	0	0	0
LDL	UKBB	EAS	16	1	718	127.166833162308	0	0	0	0
LDL	UKBB	EAS	16	4	1146	251.874672174454	0	0	0	0
LDL	UKBB	EAS	16	5	272	33.6158754825592	0	0	0	0
LDL	UKBB	EAS	16	9	1190	272.518337965012	0	0	0	0
LDL	UKBB	EAS	16	31	1607	392.385736465454	0	0	0	0
LDL	UKBB	EAS	16	32	159	16.3443307876587	0	0	0	0
LDL	UKBB	EAS	16	37	1493	335.860193490982	0	0	0	0
LDL	UKBB	EAS	16	38	3165	1021.94862699509	0	0	0	0
LDL	UKBB	EAS	16	43	1277	315.008160829544	0	0	0	0
LDL	UKBB	EAS	16	59	571	91.2518875598907	0	0	0	0
LDL	UKBB	EAS	16	60	938	134.716302394867	0	0	0	0
LDL	UKBB	EAS	16	74	287	33.0981507301331	0	0	0	0
LDL	UKBB	EAS	16	75	1945	354.071587324142	0	0	0	0
LDL	UKBB	EAS	16	76	1153	240.470409870148	0	0	0	0
LDL	UKBB	EAS	16	80	1389	127.499187707901	0	0	0	0
LDL	UKBB	EAS	16	85	2866	759.056411266327	0	0	0	0
LDL	UKBB	EAS	16	88	2379	569.043066740036	0	0	0	0
LDL	UKBB	EAS	16	89	3739	842.515746116638	0	0	0	0
LDL	UKBB	EAS	16	90	842	71.3113174438477	0	0	0	0
LDL	UKBB	EAS	16	94	3929	1150.53585910797	0	0	0	0
LDL	UKBB	EAS	16	96	3672	986.293773174286	0	0	0	0
LDL	UKBB	EAS	16	99	1225	226.712471246719	0	0	0	0
LDL	UKBB	EAS	16	100	150	14.5093553066254	0	0	0	0
LDL	UKBB	EAS	16	101	198	25.1919932365417	0	0	0	0
LDL	UKBB	EAS	16	103	4725	1067.95778226852	0	0	0	0
LDL	UKBB	EAS	16	104	1268	313.50578045845	0	0	0	0
LDL	UKBB	EAS	16	110	1072	209.758185386658	0	0	0	0
LDL	UKBB	EAS	16	119	1379	348.585974931717	0	0	0	0
LDL	UKBB	EAS	16	120	155	11.6034331321716	0	0	0	0
LDL	UKBB	EAS	16	125	500	53.7472016811371	0	0	0	0
LDL	UKBB	EAS	16	126	89	3.88176608085632	0	0	1	13
LDL	UKBB	EAS	16	127	121	9.08129501342773	0	0	0	0
LDL	UKBB	EAS	16	128	2316	590.235857248306	0	0	0	0
LDL	UKBB	EAS	17	9	1449	355.363506793976	0	0	0	0
LDL	UKBB	EAS	17	14	670	104.195395469666	0	0	0	0
LDL	UKBB	EAS	17	16	101	9.15590500831604	0	0	0	0
LDL	UKBB	EAS	17	17	2021	524.99227309227	0	0	0	0
LDL	UKBB	EAS	17	22	179	15.4234397411346	0	0	0	0
LDL	UKBB	EAS	17	23	389	44.9459795951843	0	0	0	0
LDL	UKBB	EAS	17	24	931	145.63809967041	0	0	0	0
LDL	UKBB	EAS	17	25	1144	219.854793787003	0	0	0	0
LDL	UKBB	EAS	17	28	166	14.4594130516052	0	0	0	0
LDL	UKBB	EAS	17	30	228	26.8775949478149	0	0	0	0
LDL	UKBB	EAS	17	51	1969	541.910948514938	0	0	0	0
LDL	UKBB	EAS	17	54	1300	286.086380004883	0	0	0	0
LDL	UKBB	EAS	17	55	2246	676.393486738205	0	0	0	0
LDL	UKBB	EAS	17	65	2152	412.02329993248	0	0	0	0
LDL	UKBB	EAS	17	70	789	139.511486291885	0	0	0	0
LDL	UKBB	EAS	17	71	874	192.202736377716	0	0	0	0
LDL	UKBB	EAS	17	73	1810	472.494857311249	0	0	0	0
LDL	UKBB	EAS	17	74	2337	642.326088905334	0	0	0	0
LDL	UKBB	EAS	17	75	2403	637.920531988144	0	0	0	0
LDL	UKBB	EAS	17	80	1233	254.509161949158	0	0	0	0
LDL	UKBB	EAS	17	84	589	86.3856883049011	0	0	0	0
LDL	UKBB	EAS	17	87	707	110.57354092598	0	0	0	0
LDL	UKBB	EAS	17	90	1970	509.941652774811	0	0	0	0
LDL	UKBB	EAS	17	94	1058	189.799402952194	0	0	0	0
LDL	UKBB	EAS	17	97	2094	365.501230239868	0	0	0	0
LDL	UKBB	EAS	17	98	681	93.8534679412842	0	0	0	0
LDL	UKBB	EAS	17	100	998	184.229976415634	0	0	0	0
LDL	UKBB	EAS	17	101	1012	226.531337738037	0	0	0	0
LDL	UKBB	EAS	17	102	601	97.8066532611847	0	0	0	0
LDL	UKBB	EAS	17	103	673	76.8812556266785	0	0	0	0
LDL	UKBB	EAS	17	104	123	12.2596487998962	0	0	0	0
LDL	UKBB	EAS	17	105	1257	112.004088163376	0	0	0	0
LDL	UKBB	EAS	17	117	985	189.561880350113	0	0	0	0
LDL	UKBB	EAS	17	118	1007	159.870714664459	0	0	0	0
LDL	UKBB	EAS	17	121	719	123.639001607895	0	0	0	0
LDL	UKBB	EAS	17	123	849	171.740957975388	0	0	0	0
LDL	UKBB	EAS	17	125	1627	342.239137172699	0	0	0	0
LDL	UKBB	EAS	17	130	902	176.695432186127	0	0	0	0
LDL	UKBB	EAS	17	133	550	99.2755501270294	0	0	0	0
LDL	UKBB	EAS	17	134	1056	222.063682794571	0	0	0	0
LDL	UKBB	EAS	18	31	1880	460.439752578735	0	0	0	0
LDL	UKBB	EAS	18	41	2730	900.099510192871	0	0	0	0
LDL	UKBB	EAS	18	61	1868	499.441305875778	0	0	0	0
LDL	UKBB	EAS	18	69	3513	619.418992042542	0	0	0	0
LDL	UKBB	EAS	18	77	449	63.5200006961823	0	0	0	0
LDL	UKBB	EAS	18	88	1229	267.733597755432	0	0	0	0
LDL	UKBB	EAS	18	98	930	183.548359870911	0	0	0	0
LDL	UKBB	EAS	18	119	158	17.7533762454987	0	0	0	0
LDL	UKBB	EAS	18	120	1191	221.527134895325	0	0	0	0
LDL	UKBB	EAS	19	6	57	3.82246327400208	0	0	0	0
LDL	UKBB	EAS	19	12	178	19.0296738147736	0	0	0	0
LDL	UKBB	EAS	19	15	91	4.96269679069519	0	0	0	0
LDL	UKBB	EAS	19	16	90	8.30524849891663	0	0	0	0
LDL	UKBB	EAS	19	20	193	22.188686132431	0	0	0	0
LDL	UKBB	EAS	19	21	115	9.97723364830017	0	0	0	0
LDL	UKBB	EAS	19	22	627	102.570840835571	0	0	0	0
LDL	UKBB	EAS	19	25	588	91.1396112442017	0	0	0	0
LDL	UKBB	EAS	19	32	468	68.9653613567352	0	0	0	0
LDL	UKBB	EAS	19	33	229	23.280303478241	0	0	0	0
LDL	UKBB	EAS	19	35	1038	142.0185546875	0	0	0	0
LDL	UKBB	EAS	19	36	139	13.029364824295	0	0	0	0
LDL	UKBB	EAS	19	37	1080	260.298316955566	0	0	0	0
LDL	UKBB	EAS	19	38	254	29.2822496891022	0	0	0	0
LDL	UKBB	EAS	19	39	1361	306.105971336365	0	0	0	0
LDL	UKBB	EAS	19	40	500	74.9384324550629	0	0	0	0
LDL	UKBB	EAS	19	42	140	16.8843185901642	0	0	0	0
LDL	UKBB	EAS	19	46	1228	244.426395654678	0	0	0	0
LDL	UKBB	EAS	19	49	770	125.325942993164	0	0	0	0
LDL	UKBB	EAS	19	51	508	82.1844701766968	0	0	0	0
LDL	UKBB	EAS	19	52	476	69.4466948509216	0	0	0	0
LDL	UKBB	EAS	19	53	1607	381.054396867752	0	0	0	0
LDL	UKBB	EAS	19	54	3297	1145.5994925499	0	0	0	0
LDL	UKBB	EAS	19	62	1988	473.475130796432	0	0	0	0
LDL	UKBB	EAS	19	63	635	49.175270318985	0	0	0	0
LDL	UKBB	EAS	19	65	638	98.1160798072815	0	0	0	0
LDL	UKBB	EAS	19	67	3704	1046.6058588028	0	0	0	0
LDL	UKBB	EAS	19	68	767	159.706890583038	0	0	0	0
LDL	UKBB	EAS	19	70	722	124.104664325714	0	0	0	0
LDL	UKBB	EAS	19	71	128	11.0032227039337	0	0	0	0
LDL	UKBB	EAS	19	72	931	165.122247695923	0	0	0	0
LDL	UKBB	EAS	19	73	246	34.6443712711334	0	0	0	0
LDL	UKBB	EAS	19	74	1772	279.471471071243	0	0	0	0
LDL	UKBB	EAS	19	75	126	14.3486130237579	1	2	2	3
LDL	UKBB	EAS	19	76	894	163.899403333664	0	0	0	0
LDL	UKBB	EAS	19	77	1793	439.030708789825	0	0	0	0
LDL	UKBB	EAS	19	79	768	126.277611494064	0	0	0	0
LDL	UKBB	EAS	19	80	153	15.3999197483063	0	0	0	0
LDL	UKBB	EAS	19	81	485	79.6244616508484	0	0	0	0
LDL	UKBB	EAS	19	98	163	8.04551982879639	0	0	0	0
LDL	UKBB	EAS	19	103	340	22.2987241744995	0	0	0	0
LDL	UKBB	EAS	19	104	583	73.3211483955383	0	0	0	0
LDL	UKBB	EAS	19	107	432	59.537798166275	0	0	0	0
LDL	UKBB	EAS	19	110	1508	340.549826860428	0	0	0	0
LDL	UKBB	EAS	19	111	873	156.920654296875	0	0	0	0
LDL	UKBB	EAS	20	2	414	57.3198614120483	0	0	0	0
LDL	UKBB	EAS	20	10	744	146.410598516464	0	0	0	0
LDL	UKBB	EAS	20	11	528	81.2042350769043	0	0	0	0
LDL	UKBB	EAS	20	12	927	125.580829381943	0	0	0	0
LDL	UKBB	EAS	20	13	1413	194.864121675491	0	0	0	0
LDL	UKBB	EAS	20	18	822	130.950957775116	0	0	0	0
LDL	UKBB	EAS	20	19	215	24.0205073356628	0	0	0	0
LDL	UKBB	EAS	20	40	914	172.030837535858	0	0	0	0
LDL	UKBB	EAS	20	48	2407	585.354660272598	0	0	0	0
LDL	UKBB	EAS	20	59	1511	336.269203662872	0	0	0	0
LDL	UKBB	EAS	20	60	1200	238.529932022095	0	0	0	0
LDL	UKBB	EAS	20	63	2867	640.021143436432	0	0	0	0
LDL	UKBB	EAS	20	64	719	102.285520553589	0	0	0	0
LDL	UKBB	EAS	20	65	1631	412.223013877869	0	0	0	0
LDL	UKBB	EAS	20	66	1749	358.439883708954	0	0	0	0
LDL	UKBB	EAS	20	68	509	71.6887090206146	0	0	0	0
LDL	UKBB	EAS	20	69	1164	297.435957670212	0	0	0	0
LDL	UKBB	EAS	20	70	815	53.6157560348511	0	0	0	0
LDL	UKBB	EAS	20	71	1517	300.978666543961	0	0	0	0
LDL	UKBB	EAS	20	77	1450	295.27542424202	0	0	0	0
LDL	UKBB	EAS	20	78	1619	391.914233207703	0	0	0	0
LDL	UKBB	EAS	20	86	860	54.6163201332092	0	0	0	0
LDL	UKBB	EAS	20	87	705	102.462962865829	0	0	0	0
LDL	UKBB	EAS	20	89	587	98.7173137664795	0	0	0	0
LDL	UKBB	EAS	20	110	793	122.863255023956	0	0	0	0
LDL	UKBB	EAS	20	111	61	3.49962043762207	0	0	0	0
LDL	UKBB	EAS	20	112	238	27.6733582019806	0	0	0	0
LDL	UKBB	EAS	20	115	511	87.4923303127289	0	0	0	0
LDL	UKBB	EAS	21	3	538	89.8041331768036	0	0	0	0
LDL	UKBB	EAS	21	30	2751	711.40714263916	0	0	0	0
LDL	UKBB	EAS	21	33	1301	280.212406158447	0	0	0	0
LDL	UKBB	EAS	21	37	1414	301.005914926529	0	0	0	0
LDL	UKBB	EAS	21	41	2166	404.315752506256	0	0	0	0
LDL	UKBB	EAS	21	48	2285	510.386170625687	0	0	0	0
LDL	UKBB	EAS	21	53	870	148.609932661057	0	0	0	0
LDL	UKBB	EAS	21	62	382	54.3953738212585	0	0	0	0
LDL	UKBB	EAS	21	64	1146	170.646884441376	0	0	0	0
LDL	UKBB	EAS	21	65	860	140.971731901169	0	0	0	0
LDL	UKBB	EAS	22	5	604	72.8188700675964	0	0	0	0
LDL	UKBB	EAS	22	9	762	125.416868686676	0	0	0	0
LDL	UKBB	EAS	22	13	611	108.621407985687	0	0	0	0
LDL	UKBB	EAS	22	29	1639	331.981699943542	0	0	0	0
LDL	UKBB	EAS	22	30	4930	1054.1978559494	0	0	0	0
LDL	UKBB	EAS	22	36	735	120.219835519791	0	0	0	0
LDL	UKBB	EAS	22	37	996	171.896896362305	0	0	0	0
LDL	UKBB	EAS	22	40	410	48.368173122406	0	0	0	0
LDL	UKBB	EAS	22	43	757	133.475547552109	0	0	0	0
LDL	UKBB	EAS	22	46	2464	186.833779573441	0	0	0	0
LDL	UKBB	EAS	22	49	253	33.5125393867493	0	0	0	0
LDL	UKBB	EAS	22	54	840	156.87405872345	0	0	0	0
LDL	UKBB	EAS	22	55	554	84.5276725292206	0	0	0	0
LDL	UKBB	EAS	22	57	54	4.20763540267944	0	0	0	0
LDL	UKBB	EAS	22	70	794	144.021652698517	0	0	0	0
