pheno	db	pid	chromosome	block	num_variants	L	time	num_variants_0.95	num_variants_0.5	num_CS95	num_variants_CS95
TG	META	EAS	1	3	156	5	0.695738077163696	0	0	0	0
TG	META	EAS	1	4	407	5	1.21414661407471	0	0	0	0
TG	META	EAS	1	5	488	5	1.58101654052734	0	0	0	0
TG	META	EAS	1	15	1437	5	2.51964664459229	0	0	0	0
TG	META	EAS	1	17	1882	5	3.05893611907959	0	0	0	0
TG	META	EAS	1	18	790	5	1.48145341873169	0	0	0	0
TG	META	EAS	1	19	1298	5	2.04697299003601	0	0	0	0
TG	META	EAS	1	21	1080	5	1.19823384284973	0	0	0	0
TG	META	EAS	1	23	620	5	2.2127423286438	0	0	0	0
TG	META	EAS	1	32	511	5	1.74199271202087	0	0	0	0
TG	META	EAS	1	35	1512	5	2.0444655418396	0	0	0	0
TG	META	EAS	1	43	471	5	2.00556230545044	0	0	0	0
TG	META	EAS	1	48	691	5	1.46338152885437	0	0	0	0
TG	META	EAS	1	50	951	5	0.954248666763306	0	0	0	0
TG	META	EAS	1	51	611	5	1.96797561645508	0	0	0	0
TG	META	EAS	1	52	1510	5	2.69897484779358	0	0	0	0
TG	META	EAS	1	53	1289	5	1.37070155143738	0	0	0	0
TG	META	EAS	1	58	1575	5	2.47354388237	0	0	0	0
TG	META	EAS	1	63	1610	5	2.74783515930176	0	0	0	0
TG	META	EAS	1	67	1234	5	1.57884979248047	0	0	0	0
TG	META	EAS	1	70	1507	5	2.2912874221801802	0	0	0	0
TG	META	EAS	1	71	1654	5	2.47065019607544	0	0	0	0
TG	META	EAS	1	83	1626	5	2.31294918060303	0	0	0	0
TG	META	EAS	1	85	958	5	1.72271156311035	0	0	0	0
TG	META	EAS	1	94	353	5	0.706369876861572	0	0	0	0
TG	META	EAS	1	96	1350	5	1.62997555732727	0	0	0	0
TG	META	EAS	1	97	1570	5	2.42003440856934	0	0	1	20
TG	META	EAS	1	100	1650	5	2.5170681476593	0	0	0	0
TG	META	EAS	1	101	1289	5	2.08437943458557	0	0	0	0
TG	META	EAS	1	105	3215	5	5.9861843585968	0	0	0	0
TG	META	EAS	1	124	2078	5	3.34334659576416	0	0	0	0
TG	META	EAS	1	125	2416	5	3.68036222457886	0	0	0	0
TG	META	EAS	1	127	1325	5	2.3272225856781	0	0	0	0
TG	META	EAS	1	129	581	5	1.18677091598511	0	0	0	0
TG	META	EAS	1	132	1723	5	2.26445531845093	0	0	0	0
TG	META	EAS	1	135	2230	5	4.94128131866455	0	0	0	0
TG	META	EAS	1	138	1597	5	2.94330859184265	0	0	0	0
TG	META	EAS	1	139	430	5	1.08119249343872	0	0	0	0
TG	META	EAS	1	143	1210	5	2.06121850013733	0	0	0	0
TG	META	EAS	1	144	749	5	1.01501941680908	0	0	0	0
TG	META	EAS	1	150	1696	5	2.15232610702515	0	0	0	0
TG	META	EAS	1	154	2237	5	5.01766109466553	0	0	0	0
TG	META	EAS	1	155	1128	5	2.21259140968323	0	0	0	0
TG	META	EAS	1	156	1411	5	2.51146841049194	0	0	0	0
TG	META	EAS	1	158	993	5	0.950879812240601	0	0	0	0
TG	META	EAS	1	168	1730	5	3.10778117179871	0	0	0	0
TG	META	EAS	1	182	2209	5	4.78693032264709	0	0	0	0
TG	META	EAS	1	183	2279	5	4.67101454734802	0	0	0	0
TG	META	EAS	1	184	525	5	2.12280631065369	0	0	0	0
TG	META	EAS	1	187	1542	5	2.07872986793518	0	0	0	0
TG	META	EAS	1	192	1790	5	2.69147562980652	0	0	0	0
TG	META	EAS	1	193	1989	5	3.25454807281494	0	0	0	0
TG	META	EAS	1	201	1846	5	3.21441006660461	0	0	0	0
TG	META	EAS	1	202	1600	5	2.08548712730408	0	0	0	0
TG	META	EAS	1	203	1530	5	2.22639393806458	0	0	0	0
TG	META	EAS	1	207	972	5	1.14489769935608	0	0	0	0
TG	META	EAS	1	208	1263	5	1.99047946929932	0	0	0	0
TG	META	EAS	1	209	541	5	2.03767728805542	0	0	0	0
TG	META	EAS	1	211	771	5	1.23671865463257	0	0	0	0
TG	META	EAS	1	212	1163	5	1.6528742313385	0	0	0	0
TG	META	EAS	1	213	881	5	0.989041805267334	0	0	0	0
TG	META	EAS	1	214	756	5	1.91319394111633	0	0	0	0
TG	META	EAS	1	217	737	5	1.40300536155701	0	0	0	0
TG	META	EAS	1	219	1622	5	3.61034250259399	0	0	0	0
TG	META	EAS	1	221	1783	5	3.55788040161133	0	0	0	0
TG	META	EAS	1	226	672	5	0.926010370254517	0	0	0	0
TG	META	EAS	1	228	894	5	2.4764564037323	0	0	0	0
TG	META	EAS	1	233	2269	5	5.42512655258179	0	0	0	0
TG	META	EAS	1	234	2668	5	8.39031362533569	0	0	0	0
TG	META	EAS	1	235	1504	5	3.39002108573914	0	0	0	0
TG	META	EAS	1	238	3673	5	14.7334787845612	0	0	0	0
TG	META	EAS	1	239	994	5	1.52343893051147	0	0	0	0
TG	META	EAS	1	240	3916	5	18.0507321357727	0	0	0	0
TG	META	EAS	1	242	606	5	2.21813130378723	0	0	0	0
TG	META	EAS	1	243	927	5	1.28494191169739	0	0	0	0
TG	META	EAS	1	244	2078	5	3.5484285354614302	0	0	0	0
TG	META	EAS	1	248	1132	5	3.44089865684509	0	0	0	0
TG	META	EAS	1	252	730	5	2.26908349990845	0	0	0	0
TG	META	EAS	1	254	1159	5	2.27805757522583	0	0	0	0
TG	META	EAS	1	255	920	5	1.46894025802612	0	0	0	0
TG	META	EAS	1	257	1136	5	1.73737716674805	0	0	0	0
TG	META	EAS	1	264	894	5	1.05895638465881	0	0	0	0
TG	META	EAS	1	274	1896	5	2.82249021530151	0	0	0	0
TG	META	EAS	1	277	352	5	1.3018326759338401	0	0	0	0
TG	META	EAS	1	280	3083	5	7.58236742019653	0	0	0	0
TG	META	EAS	2	1	541	5	1.70234847068787	0	0	0	0
TG	META	EAS	2	2	3005	5	9.97688031196594	0	0	0	0
TG	META	EAS	2	6	901	5	1.75178647041321	0	0	0	0
TG	META	EAS	2	7	670	5	1.26020741462708	0	0	0	0
TG	META	EAS	2	21	349	5	0.784128189086914	0	0	0	0
TG	META	EAS	2	34	2097	5	6.31184101104736	0	0	0	0
TG	META	EAS	2	41	1052	5	3.77125120162964	0	0	0	0
TG	META	EAS	2	43	198	5	1.46723604202271	0	0	0	0
TG	META	EAS	2	44	842	5	155.783470392227	0	1	2	26
TG	META	EAS	2	45	1785	5	4.96232438087463	0	0	0	0
TG	META	EAS	2	47	2124	5	5.17822599411011	0	0	0	0
TG	META	EAS	2	48	1188	5	1.7977876663208	0	0	0	0
TG	META	EAS	2	49	1484	5	150.902744293213	1	1	1	1
TG	META	EAS	2	50	1391	5	1.81999850273132	0	0	0	0
TG	META	EAS	2	55	2789	5	9.43486189842224	0	0	0	0
TG	META	EAS	2	63	1275	5	2.68271899223328	0	0	0	0
TG	META	EAS	2	66	3593	5	13.5956606864929	0	0	0	0
TG	META	EAS	2	69	1980	5	3.0701060295105	0	0	0	0
TG	META	EAS	2	71	1182	5	2.28746390342712	0	0	0	0
TG	META	EAS	2	72	2429	5	6.45210671424866	0	0	0	0
TG	META	EAS	2	74	836	5	1.47705101966858	0	0	0	0
TG	META	EAS	2	76	1161	5	1.54979729652405	0	0	0	0
TG	META	EAS	2	79	1438	5	3.53308272361755	0	0	0	0
TG	META	EAS	2	80	3931	5	14.8349342346191	0	0	0	0
TG	META	EAS	2	84	5569	5	25.4487979412079	0	0	0	0
TG	META	EAS	2	85	5454	5	25.4212784767151	0	0	0	0
TG	META	EAS	2	86	1889	5	3.61909174919128	0	0	0	0
TG	META	EAS	2	87	653	5	1.40987634658813	0	0	0	0
TG	META	EAS	2	88	5432	5	28.4461767673492	0	0	0	0
TG	META	EAS	2	89	1036	5	2.43408560752869	0	0	0	0
TG	META	EAS	2	90	1250	5	2.85300278663635	0	0	0	0
TG	META	EAS	2	95	1313	5	2.40603232383728	0	0	0	0
TG	META	EAS	2	99	1082	5	1.52629995346069	0	0	0	0
TG	META	EAS	2	115	2652	5	8.59067678451538	0	0	0	0
TG	META	EAS	2	117	1250	5	2.9512665271759	0	0	0	0
TG	META	EAS	2	122	954	5	1.77917671203613	0	0	0	0
TG	META	EAS	2	123	54	5	1.47766280174255	0	0	0	0
TG	META	EAS	2	124	1715	5	4.83152222633362	0	0	0	0
TG	META	EAS	2	125	1569	5	3.46261072158813	0	0	0	0
TG	META	EAS	2	128	2399	5	6.33162069320679	0	0	0	0
TG	META	EAS	2	131	83	5	1.69620370864868	0	0	0	0
TG	META	EAS	2	132	283	5	1.29644751548767	0	0	0	0
TG	META	EAS	2	138	2235	5	4.99118447303772	0	0	0	0
TG	META	EAS	2	153	1814	5	5.97945785522461	0	0	0	0
TG	META	EAS	2	159	3979	5	16.486686706543	0	0	0	0
TG	META	EAS	2	161	2516	5	6.07386684417725	0	0	0	0
TG	META	EAS	2	164	402	5	1.99589824676514	0	0	0	0
TG	META	EAS	2	166	3733	5	14.2169482707977	0	0	0	0
TG	META	EAS	2	168	1554	5	3.13311195373535	0	0	0	0
TG	META	EAS	2	169	2100	5	6.17585182189941	0	0	0	0
TG	META	EAS	2	171	2541	5	7.4270601272583	0	0	0	0
TG	META	EAS	2	174	707	5	0.96461009979248	0	0	0	0
TG	META	EAS	2	176	2565	5	8.14208483695984	0	0	0	0
TG	META	EAS	2	180	1515	5	2.88628101348877	0	0	0	0
TG	META	EAS	2	181	2213	5	5.18923616409302	0	0	0	0
TG	META	EAS	2	184	3316	5	10.698478937149	0	0	0	0
TG	META	EAS	2	186	2424	5	5.54723739624023	0	0	0	0
TG	META	EAS	2	195	3986	5	17.4372732639313	0	0	0	0
TG	META	EAS	2	197	1975	5	7.13558626174927	0	0	0	0
TG	META	EAS	2	198	1147	5	1.09667730331421	0	0	0	0
TG	META	EAS	2	199	2235	5	6.24150323867798	0	0	0	0
TG	META	EAS	2	201	1907	5	4.9849681854248	0	0	0	0
TG	META	EAS	2	202	249	5	1.22164988517761	0	0	0	0
TG	META	EAS	2	205	967	5	1.44244861602783	0	0	0	0
TG	META	EAS	2	210	1272	5	3.12811326980591	0	0	0	0
TG	META	EAS	2	211	1675	5	3.58346199989319	0	0	0	0
TG	META	EAS	2	213	3632	5	13.9464659690857	0	0	0	0
TG	META	EAS	2	214	908	5	2.91906809806824	0	0	0	0
TG	META	EAS	2	217	879	5	2.88827681541443	0	0	0	0
TG	META	EAS	2	218	734	5	1.18857431411743	0	0	0	0
TG	META	EAS	2	230	1119	5	1.38396406173706	0	0	0	0
TG	META	EAS	2	231	549	5	2.3939254283905	0	0	0	0
TG	META	EAS	2	235	757	5	1.92488121986389	0	0	0	0
TG	META	EAS	2	237	1448	5	2.47988080978394	0	0	0	0
TG	META	EAS	2	240	1471	5	3.89611411094666	0	0	0	0
TG	META	EAS	2	242	1608	5	3.02953624725342	0	0	0	0
TG	META	EAS	2	250	3431	5	14.7323079109192	0	0	0	0
TG	META	EAS	2	251	894	5	2.69530129432678	0	0	0	0
TG	META	EAS	2	256	1583	5	4.36451315879822	0	0	0	0
TG	META	EAS	3	1	6691	5	26.926495552063	0	0	0	0
TG	META	EAS	3	8	478	5	2.04074215888977	0	0	0	0
TG	META	EAS	3	9	543	5	1.0728964805603	0	0	0	0
TG	META	EAS	3	20	1853	5	5.56135869026184	0	0	0	0
TG	META	EAS	3	23	1185	5	3.23766684532166	0	0	0	0
TG	META	EAS	3	24	2011	5	32.8356535434723	0	0	0	0
TG	META	EAS	3	30	1895	5	7.09672784805298	0	0	0	0
TG	META	EAS	3	31	1071	5	2.87487053871155	0	0	0	0
TG	META	EAS	3	33	563	5	2.92860078811646	0	0	0	0
TG	META	EAS	3	35	2312	5	4.14765167236328	0	0	0	0
TG	META	EAS	3	39	3330	5	7.13952493667603	0	0	0	0
TG	META	EAS	3	40	1470	5	4.98064970970154	0	0	0	0
TG	META	EAS	3	41	2429	5	7.1406397819519	0	0	0	0
TG	META	EAS	3	49	3126	5	9.33830094337463	0	0	0	0
TG	META	EAS	3	55	843	5	2.26501393318176	0	0	0	0
TG	META	EAS	3	57	1232	5	1.54917764663696	0	0	0	0
TG	META	EAS	3	60	2743	5	8.3748471736908	0	0	0	0
TG	META	EAS	3	62	1236	5	2.50684690475464	0	0	0	0
TG	META	EAS	3	65	868	5	2.75668454170227	0	0	0	0
TG	META	EAS	3	70	2150	5	5.14104819297791	0	0	0	0
TG	META	EAS	3	71	1877	5	5.46440482139587	0	0	0	0
TG	META	EAS	3	77	3555	5	9.49405431747437	0	0	0	0
TG	META	EAS	3	83	3298	5	9.46805119514465	0	0	0	0
TG	META	EAS	3	85	1564	5	5.52632999420166	0	0	0	0
TG	META	EAS	3	88	2047	5	5.01118516921997	0	0	0	0
TG	META	EAS	3	89	1645	5	3.82042622566223	0	0	0	0
TG	META	EAS	3	114	1105	5	2.14202213287354	0	0	0	0
TG	META	EAS	3	115	1722	5	5.036452293396	0	0	0	0
TG	META	EAS	3	120	1615	5	5.27672863006592	0	0	0	0
TG	META	EAS	3	121	1917	5	4.48692464828491	0	0	0	0
TG	META	EAS	3	124	298	5	1.51911807060242	0	0	0	0
TG	META	EAS	3	132	2587	5	3.48779344558716	0	0	0	0
TG	META	EAS	3	133	1524	5	3.57026362419128	0	0	0	0
TG	META	EAS	3	136	926	5	1.98391246795654	0	0	0	0
TG	META	EAS	3	140	1961	5	4.40440058708191	0	0	0	0
TG	META	EAS	3	145	2316	5	3.31409287452698	0	0	0	0
TG	META	EAS	3	150	1599	5	2.82230925559998	0	0	0	0
TG	META	EAS	3	155	1767	5	3.05570721626282	0	0	0	0
TG	META	EAS	3	161	2548	5	3.93335676193237	0	0	0	0
TG	META	EAS	3	162	3192	5	4.95494771003723	0	0	0	0
TG	META	EAS	3	172	1347	5	3.37294363975525	0	0	0	0
TG	META	EAS	3	173	728	5	2.92230343818665	0	0	0	0
TG	META	EAS	3	174	398	5	0.780544996261597	0	0	0	0
TG	META	EAS	3	175	600	5	1.69780683517456	0	0	0	0
TG	META	EAS	3	186	2335	5	3.78116369247437	0	0	0	0
TG	META	EAS	3	191	1401	5	2.36567068099976	0	0	0	0
TG	META	EAS	3	193	2086	5	6.29534697532654	0	0	0	0
TG	META	EAS	3	196	261	5	1.73358583450317	0	0	0	0
TG	META	EAS	3	214	2108	5	5.89487171173096	0	0	0	0
TG	META	EAS	4	1	4516	5	13.3534984588623	0	1	1	7
TG	META	EAS	4	4	1604	5	4.23317623138428	0	0	0	0
TG	META	EAS	4	19	645	5	1.39863705635071	0	0	0	0
TG	META	EAS	4	21	3556	5	5.79535698890686	0	0	0	0
TG	META	EAS	4	28	1873	5	3.80050182342529	0	0	0	0
TG	META	EAS	4	32	2310	5	4.71771121025085	0	0	0	0
TG	META	EAS	4	42	323	5	1.84782838821411	0	0	0	0
TG	META	EAS	4	43	851	5	2.24609184265137	0	0	0	0
TG	META	EAS	4	48	2013	5	3.10664200782776	0	0	0	0
TG	META	EAS	4	54	4982	5	12.5246379375458	0	0	0	0
TG	META	EAS	4	55	1857	5	7.10154175758362	0	0	0	0
TG	META	EAS	4	64	3064	5	5.29180908203125	0	0	0	0
TG	META	EAS	4	66	1472	5	1.51662707328796	0	0	0	0
TG	META	EAS	4	74	2261	5	6.02297115325928	0	0	0	0
TG	META	EAS	4	80	2129	5	6.30304074287415	0	1	0	0
TG	META	EAS	4	82	797	5	1.52237701416016	0	0	0	0
TG	META	EAS	4	84	1785	5	4.15505123138428	0	0	0	0
TG	META	EAS	4	87	2896	5	5.03797769546509	0	0	0	0
TG	META	EAS	4	90	1656	5	8.12832069396973	0	0	0	0
TG	META	EAS	4	95	795	5	2.71818161010742	0	0	0	0
TG	META	EAS	4	97	1060	5	2.52271366119385	0	0	0	0
TG	META	EAS	4	101	2078	5	7.06193947792053	0	0	1	39
TG	META	EAS	4	102	1374	5	3.74386072158813	0	0	0	0
TG	META	EAS	4	103	1099	5	1.38017010688782	0	0	0	0
TG	META	EAS	4	109	889	5	1.20741009712219	0	0	0	0
TG	META	EAS	4	112	2783	5	4.86600136756897	0	0	0	0
TG	META	EAS	4	113	1919	5	1.88791441917419	0	0	0	0
TG	META	EAS	4	114	2139	5	2.86908984184265	0	0	0	0
TG	META	EAS	4	115	992	5	2.07056021690369	0	0	0	0
TG	META	EAS	4	116	1363	5	2.29590201377869	0	0	0	0
TG	META	EAS	4	117	1912	5	3.0859386920929	0	0	0	0
TG	META	EAS	4	121	1719	5	3.42965888977051	0	0	0	0
TG	META	EAS	4	122	807	5	1.45783495903015	0	0	0	0
TG	META	EAS	4	133	1710	5	2.55030226707458	0	0	0	0
TG	META	EAS	4	134	3496	5	7.15818619728088	0	0	0	0
TG	META	EAS	4	136	3074	5	5.17341685295105	0	0	0	0
TG	META	EAS	4	139	3664	5	7.10815238952637	0	0	0	0
TG	META	EAS	4	147	857	5	1.12067890167236	0	0	0	0
TG	META	EAS	4	148	1306	5	3.80174207687378	0	0	0	0
TG	META	EAS	4	149	1898	5	3.01106309890747	0	0	0	0
TG	META	EAS	4	150	1949	5	5.35729146003723	0	0	0	0
TG	META	EAS	4	153	2095	5	3.09090495109558	0	0	0	0
TG	META	EAS	4	154	898	5	2.98105597496033	0	0	0	0
TG	META	EAS	4	156	2926	5	5.07186770439148	0	0	0	0
TG	META	EAS	4	159	793	5	2.40232181549072	0	0	0	0
TG	META	EAS	4	161	618	5	2.48534345626831	0	0	0	0
TG	META	EAS	4	162	1463	5	3.15944957733154	0	0	0	0
TG	META	EAS	4	165	1470	5	1.91710996627808	0	0	0	0
TG	META	EAS	4	180	2055	5	5.38924169540405	0	0	0	0
TG	META	EAS	4	184	1068	5	1.40059018135071	0	0	0	0
TG	META	EAS	4	199	385	5	1.67624425888062	0	0	0	0
TG	META	EAS	5	27	3600	5	9.76224040985107	0	0	0	0
TG	META	EAS	5	33	1072	5	2.71813797950745	0	0	0	0
TG	META	EAS	5	49	572	5	1.11716771125793	0	0	0	0
TG	META	EAS	5	64	2480	5	3.78183150291443	0	0	0	0
TG	META	EAS	5	66	1428	5	3.225590467453	0	0	0	0
TG	META	EAS	5	68	496	5	3.50346851348877	0	0	0	0
TG	META	EAS	5	69	876	5	1.15292382240295	0	0	1	8
TG	META	EAS	5	71	2865	5	8.99592137336731	0	0	0	0
TG	META	EAS	5	72	2762	5	4.68187403678894	0	0	0	0
TG	META	EAS	5	74	3392	5	6.44952440261841	0	0	0	0
TG	META	EAS	5	78	532	5	1.94608330726624	0	0	0	0
TG	META	EAS	5	81	1419	5	2.51250290870667	0	0	0	0
TG	META	EAS	5	85	2503	5	4.78258275985718	0	0	0	0
TG	META	EAS	5	88	846	5	1.93103718757629	0	0	0	0
TG	META	EAS	5	92	1474	5	2.88208413124084	0	0	0	0
TG	META	EAS	5	96	1847	5	2.90416097640991	0	0	0	0
TG	META	EAS	5	97	1529	5	3.97820687294006	0	0	0	0
TG	META	EAS	5	102	2227	5	2.90328407287598	0	0	0	0
TG	META	EAS	5	103	1600	5	5.03496479988098	0	0	0	0
TG	META	EAS	5	108	822	5	1.42214870452881	0	0	0	0
TG	META	EAS	5	109	1120	5	2.69222021102905	0	0	0	0
TG	META	EAS	5	111	2582	5	3.86241602897644	0	0	0	0
TG	META	EAS	5	114	5433	5	15.8680560588837	0	0	0	0
TG	META	EAS	5	116	2653	5	3.71183753013611	0	0	0	0
TG	META	EAS	5	120	2525	5	7.06795358657837	0	0	0	0
TG	META	EAS	5	127	3422	5	10.0151948928833	0	0	0	0
TG	META	EAS	5	130	2746	5	10.5550346374512	0	0	0	0
TG	META	EAS	5	136	2489	5	4.0725953578949	0	0	0	0
TG	META	EAS	5	142	1516	5	2.33183598518372	0	0	0	0
TG	META	EAS	5	145	2541	5	4.61987066268921	0	0	0	0
TG	META	EAS	5	146	2114	5	3.93936800956726	0	0	0	0
TG	META	EAS	5	147	1157	5	3.74479722976685	0	0	0	0
TG	META	EAS	5	152	3335	5	5.83552384376526	0	0	0	0
TG	META	EAS	5	156	1640	5	4.72829031944275	0	0	0	0
TG	META	EAS	5	158	1297	5	1.79760980606079	0	0	0	0
TG	META	EAS	5	159	242	5	1.14177203178406	0	0	0	0
TG	META	EAS	5	164	1293	5	1.67626595497131	0	0	0	0
TG	META	EAS	5	166	1939	5	2.50203776359558	0	1	1	5
TG	META	EAS	5	167	1337	5	1.30383062362671	0	0	0	0
TG	META	EAS	5	168	1769	5	1.74251937866211	0	0	0	0
TG	META	EAS	5	174	1898	5	3.94304704666138	0	0	0	0
TG	META	EAS	5	177	1260	5	2.71500992774963	0	0	0	0
TG	META	EAS	5	181	572	5	2.08625149726868	0	0	0	0
TG	META	EAS	5	182	807	5	1.30989837646484	0	0	0	0
TG	META	EAS	5	191	2518	5	4.81236672401428	0	0	0	0
TG	META	EAS	5	192	393	5	1.14200305938721	0	0	0	0
TG	META	EAS	5	193	618	5	1.64888000488281	0	0	0	0
TG	META	EAS	5	194	623	5	1.37034511566162	0	0	0	0
TG	META	EAS	5	202	524	5	1.07439756393433	0	0	0	0
TG	META	EAS	5	205	955	5	1.38599944114685	0	0	0	0
TG	META	EAS	6	3	365	5	0.791937112808228	0	0	0	0
TG	META	EAS	6	19	1691	5	5.31815123558044	0	0	0	0
TG	META	EAS	6	21	1274	5	1.84488916397095	0	0	0	0
TG	META	EAS	6	27	1100	5	2.83275008201599	0	0	0	0
TG	META	EAS	6	29	1626	5	2.66506242752075	0	0	0	0
TG	META	EAS	6	32	575	5	1.36461353302002	0	0	0	0
TG	META	EAS	6	39	2821	5	4.6328387260437	0	0	0	0
TG	META	EAS	6	43	1686	5	2.21430563926697	0	0	0	0
TG	META	EAS	6	46	173	5	0.578500747680664	0	0	0	0
TG	META	EAS	6	47	2347	5	3.74672651290894	0	0	0	0
TG	META	EAS	6	51	3622	5	11.1649236679077	0	0	1	58
TG	META	EAS	6	52	1151	5	2.88990116119385	0	0	0	0
TG	META	EAS	6	53	982	5	1.66820573806763	0	0	0	0
TG	META	EAS	6	56	963	5	1.42510104179382	0	0	0	0
TG	META	EAS	6	57	1168	5	2.24362993240356	0	0	0	0
TG	META	EAS	6	58	1660	5	2.11678028106689	0	0	0	0
TG	META	EAS	6	60	866	5	0.894341707229614	0	0	0	0
TG	META	EAS	6	63	1509	5	2.55873274803162	0	0	0	0
TG	META	EAS	6	64	128	5	1.51646137237549	1	1	1	1
TG	META	EAS	6	73	297	5	1.45674419403076	0	0	1	86
TG	META	EAS	6	74	923	5	1.31088447570801	0	0	0	0
TG	META	EAS	6	75	307	5	0.913168907165527	0	0	0	0
TG	META	EAS	6	76	3661	5	6.63023209571838	0	0	0	0
TG	META	EAS	6	81	3381	5	10.7033870220184	0	0	0	0
TG	META	EAS	6	88	5034	5	14.1374051570892	0	0	0	0
TG	META	EAS	6	94	2667	5	5.57718825340271	0	0	0	0
TG	META	EAS	6	97	1728	5	3.82669258117676	0	0	0	0
TG	META	EAS	6	98	2012	5	2.48686408996582	0	0	0	0
TG	META	EAS	6	99	2174	5	3.74925827980042	0	0	0	0
TG	META	EAS	6	100	37	5	0.491197109222412	0	0	0	0
TG	META	EAS	6	105	1883	5	2.75278377532959	0	0	0	0
TG	META	EAS	6	106	1723	5	2.56790804862976	0	0	0	0
TG	META	EAS	6	108	542	5	0.699777841567993	0	0	0	0
TG	META	EAS	6	109	1658	5	2.58600115776062	0	0	0	0
TG	META	EAS	6	111	1192	5	2.36571836471558	0	0	0	0
TG	META	EAS	6	112	1708	5	2.08621430397034	0	0	0	0
TG	META	EAS	6	116	2412	5	3.66030240058899	0	0	0	0
TG	META	EAS	6	124	1887	5	2.41859817504883	0	0	0	0
TG	META	EAS	6	125	1053	5	1.85326457023621	0	0	0	0
TG	META	EAS	6	127	1189	5	2.80507707595825	0	0	0	0
TG	META	EAS	6	130	2445	5	4.18394064903259	0	0	0	0
TG	META	EAS	6	140	1329	5	1.32688045501709	0	0	0	0
TG	META	EAS	6	146	905	5	1.74347281455994	0	0	0	0
TG	META	EAS	6	149	2758	5	6.98280262947083	0	0	0	0
TG	META	EAS	6	154	1531	5	2.11893844604492	0	0	0	0
TG	META	EAS	6	157	793	5	1.98152160644531	0	0	0	0
TG	META	EAS	6	158	1566	5	2.52933239936829	0	0	0	0
TG	META	EAS	6	160	2007	5	3.27231621742249	0	0	0	0
TG	META	EAS	6	161	1467	5	2.79748630523682	0	0	0	0
TG	META	EAS	6	169	3456	5	7.62518405914307	0	0	0	0
TG	META	EAS	6	173	2203	5	3.20889687538147	0	0	0	0
TG	META	EAS	6	175	944	5	2.1753466129303	0	0	0	0
TG	META	EAS	6	178	728	5	0.869871139526367	0	0	0	0
TG	META	EAS	6	179	1219	5	2.00816869735718	0	0	0	0
TG	META	EAS	6	182	1768	5	4.56670069694519	0	0	0	0
TG	META	EAS	7	3	864	5	1.60400748252869	0	0	0	0
TG	META	EAS	7	8	2988	5	4.04777479171753	0	0	0	0
TG	META	EAS	7	11	624	5	1.61347413063049	0	0	0	0
TG	META	EAS	7	12	2161	5	3.43083643913269	0	0	0	0
TG	META	EAS	7	13	885	5	2.77459406852722	0	0	0	0
TG	META	EAS	7	25	2912	5	6.92664813995361	0	0	0	0
TG	META	EAS	7	26	2475	5	4.27645874023438	0	0	0	0
TG	META	EAS	7	29	1717	5	1.81395554542542	0	0	0	0
TG	META	EAS	7	30	1762	5	1.59878468513489	0	0	0	0
TG	META	EAS	7	31	1933	5	2.28867197036743	0	0	0	0
TG	META	EAS	7	32	1951	5	2.514240026474	0	0	0	0
TG	META	EAS	7	33	2427	5	4.03077507019043	0	0	0	0
TG	META	EAS	7	35	2480	5	5.80960154533386	0	0	0	0
TG	META	EAS	7	37	2293	5	3.90544867515564	0	0	0	0
TG	META	EAS	7	41	1869	5	4.16757798194885	0	0	0	0
TG	META	EAS	7	42	2014	5	3.5681574344635	0	0	0	0
TG	META	EAS	7	43	2336	5	5.33861756324768	0	0	0	0
TG	META	EAS	7	44	363	5	1.95162343978882	0	0	0	0
TG	META	EAS	7	45	781	5	1.94482517242432	0	0	0	0
TG	META	EAS	7	48	400	5	1.02627682685852	0	0	0	0
TG	META	EAS	7	50	1099	5	1.87441515922546	0	1	1	1
TG	META	EAS	7	54	2381	5	4.29479479789734	0	0	0	0
TG	META	EAS	7	58	1730	5	3.40840697288513	0	0	0	0
TG	META	EAS	7	64	171	5	0.708060741424561	0	0	0	0
TG	META	EAS	7	66	766	5	1.74581599235535	0	0	0	0
TG	META	EAS	7	67	4217	5	12.7733752727509	0	0	0	0
TG	META	EAS	7	69	1133	5	1.34315490722656	0	0	0	0
TG	META	EAS	7	73	654	5	1.70069003105164	0	0	0	0
TG	META	EAS	7	74	929	5	2.16445207595825	0	0	0	0
TG	META	EAS	7	85	1621	5	23.2669546604156	0	0	1	7
TG	META	EAS	7	86	511	5	2.21291542053223	0	0	0	0
TG	META	EAS	7	88	2765	5	4.14823341369629	0	0	0	0
TG	META	EAS	7	93	938	5	1.4641547203064	0	0	0	0
TG	META	EAS	7	95	1241	5	2.03026270866394	0	0	0	0
TG	META	EAS	7	103	1378	5	2.67938041687012	0	0	0	0
TG	META	EAS	7	109	1571	5	2.19810199737549	0	0	0	0
TG	META	EAS	7	114	3618	5	11.0340542793274	0	0	0	0
TG	META	EAS	7	118	647	5	2.50923705101013	0	0	0	0
TG	META	EAS	7	119	1168	5	1.41704130172729	0	0	0	0
TG	META	EAS	7	120	236	5	1.16707563400269	0	0	0	0
TG	META	EAS	7	121	2813	5	4.87265920639038	0	0	0	0
TG	META	EAS	7	125	1386	5	2.01053833961487	0	0	0	0
TG	META	EAS	7	127	384	5	1.95140194892883	0	0	0	0
TG	META	EAS	7	128	386	5	2.75416350364685	0	0	0	0
TG	META	EAS	7	132	3951	5	11.7230753898621	0	0	0	0
TG	META	EAS	7	133	2700	5	5.75637054443359	0	0	0	0
TG	META	EAS	7	143	474	5	1.73387694358826	0	0	0	0
TG	META	EAS	7	145	1165	5	1.69725322723389	0	0	0	0
TG	META	EAS	7	147	673	5	1.06860589981079	0	0	0	0
TG	META	EAS	7	148	836	5	2.09460377693176	0	0	0	0
TG	META	EAS	7	161	459	5	1.42483520507812	0	0	0	0
TG	META	EAS	7	162	2845	5	5.09790873527527	0	0	0	0
TG	META	EAS	7	169	415	5	1.50240468978882	0	0	0	0
TG	META	EAS	7	177	147	5	0.707365751266479	0	0	0	0
TG	META	EAS	7	184	1637	5	2.98968696594238	0	0	0	0
TG	META	EAS	8	13	670	5	1.67669939994812	0	0	0	0
TG	META	EAS	8	17	1580	5	2.23632717132568	0	0	0	0
TG	META	EAS	8	20	1833	5	2.50211763381958	0	0	1	17
TG	META	EAS	8	21	2129	5	2.11652803421021	0	0	0	0
TG	META	EAS	8	24	3985	5	9.78263664245605	0	0	0	0
TG	META	EAS	8	27	1246	5	2.37785387039185	0	0	0	0
TG	META	EAS	8	28	968	5	2.01043772697449	0	0	0	0
TG	META	EAS	8	29	3750	5	9.23182129859924	0	0	1	14
TG	META	EAS	8	31	294	5	1.76459550857544	0	0	0	0
TG	META	EAS	8	32	1908	5	37.5909187793732	0	0	1	19
TG	META	EAS	8	33	1904	5	2.23017740249634	0	1	0	0
TG	META	EAS	8	34	704	5	1.23269701004028	0	0	0	0
TG	META	EAS	8	35	758	5	1.93302869796753	0	0	0	0
TG	META	EAS	8	38	591	5	1.50750684738159	0	0	0	0
TG	META	EAS	8	39	1464	5	2.73223185539246	0	0	0	0
TG	META	EAS	8	40	1685	5	3.11589598655701	0	0	0	0
TG	META	EAS	8	41	1191	5	2.17975115776062	0	0	0	0
TG	META	EAS	8	42	2243	5	4.23979353904724	0	0	0	0
TG	META	EAS	8	46	618	5	1.18718314170837	0	0	0	0
TG	META	EAS	8	48	1751	5	2.80914044380188	0	0	0	0
TG	META	EAS	8	51	1968	5	3.6462881565094	0	0	0	0
TG	META	EAS	8	53	1091	5	1.27416133880615	0	0	0	0
TG	META	EAS	8	54	314	5	1.31223487854004	0	0	0	0
TG	META	EAS	8	55	798	5	1.25791430473328	0	0	0	0
TG	META	EAS	8	65	1075	5	1.31932234764099	0	0	0	0
TG	META	EAS	8	66	2154	5	5.28654623031616	0	0	0	0
TG	META	EAS	8	68	1652	5	2.10935831069946	0	0	1	13
TG	META	EAS	8	69	2954	5	5.29737710952759	0	0	0	0
TG	META	EAS	8	71	1849	5	2.60565114021301	0	0	0	0
TG	META	EAS	8	77	1527	5	1.97321057319641	0	0	0	0
TG	META	EAS	8	78	391	5	2.5867440700531	0	0	0	0
TG	META	EAS	8	80	756	5	1.50406837463379	0	0	0	0
TG	META	EAS	8	83	3100	5	10.6000075340271	0	0	0	0
TG	META	EAS	8	84	3880	5	9.0419602394104	0	0	0	0
TG	META	EAS	8	85	1173	5	1.72224307060242	0	0	0	0
TG	META	EAS	8	86	136	5	1.30403447151184	0	0	0	0
TG	META	EAS	8	88	1997	5	2.73951435089111	0	0	0	0
TG	META	EAS	8	92	2169	5	2.7762987613678	0	0	0	0
TG	META	EAS	8	107	643	5	1.68189215660095	0	0	0	0
TG	META	EAS	8	108	3178	5	5.85390830039978	0	0	0	0
TG	META	EAS	8	113	1184	5	1.33541464805603	0	0	0	0
TG	META	EAS	8	114	1094	5	1.63833141326904	0	0	0	0
TG	META	EAS	8	124	1050	5	2.19140863418579	0	0	0	0
TG	META	EAS	8	125	447	5	3.03198003768921	0	3	2	4
TG	META	EAS	8	126	166	5	1.55530309677124	0	0	0	0
TG	META	EAS	8	130	959	5	1.04870462417603	0	0	0	0
TG	META	EAS	8	133	1739	5	3.86637616157532	0	0	0	0
TG	META	EAS	8	141	979	5	1.95102953910828	0	0	0	0
TG	META	EAS	8	154	849	5	1.74003338813782	0	0	0	0
TG	META	EAS	8	159	790	5	1.81209015846252	0	0	0	0
TG	META	EAS	9	1	2816	5	7.21420240402222	0	0	0	0
TG	META	EAS	9	4	1636	5	2.03118681907654	0	0	0	0
TG	META	EAS	9	9	1232	5	2.59117817878723	0	0	0	0
TG	META	EAS	9	13	2361	5	3.65454292297363	0	0	0	0
TG	META	EAS	9	27	3873	5	9.69443726539612	0	0	0	0
TG	META	EAS	9	28	1342	5	1.96596741676331	0	0	0	0
TG	META	EAS	9	31	2389	5	6.76762437820435	0	0	0	0
TG	META	EAS	9	32	843	5	1.12488532066345	0	0	0	0
TG	META	EAS	9	33	1971	5	3.89614295959473	0	0	0	0
TG	META	EAS	9	39	750	5	1.35697245597839	0	0	0	0
TG	META	EAS	9	41	203	5	0.581743955612183	0	0	0	0
TG	META	EAS	9	48	427	5	1.49640297889709	0	0	0	0
TG	META	EAS	9	50	2523	5	5.80871105194092	0	0	0	0
TG	META	EAS	9	53	3107	5	5.47318696975708	0	0	0	0
TG	META	EAS	9	71	162	5	1.32166767120361	0	0	0	0
TG	META	EAS	9	72	410	5	1.55235052108765	0	0	0	0
TG	META	EAS	9	77	995	5	2.77129173278809	0	0	0	0
TG	META	EAS	9	84	1517	5	3.99234509468079	0	0	0	0
TG	META	EAS	9	93	1538	5	2.86856627464294	0	1	1	20
TG	META	EAS	9	97	998	5	2.02917098999023	0	0	0	0
TG	META	EAS	9	98	2676	5	4.87380313873291	0	0	0	0
TG	META	EAS	9	100	2572	5	4.94910383224487	0	0	0	0
TG	META	EAS	9	102	2349	5	4.52015352249146	0	0	0	0
TG	META	EAS	9	105	501	5	1.55448150634766	0	0	0	0
TG	META	EAS	9	106	1780	5	4.89675378799438	0	0	0	0
TG	META	EAS	9	107	579	5	0.89733099937439	0	0	0	0
TG	META	EAS	9	110	2952	5	4.29211211204529	0	0	0	0
TG	META	EAS	9	111	95	5	0.868967771530151	0	0	0	0
TG	META	EAS	9	112	2148	5	3.71693301200867	0	0	0	0
TG	META	EAS	9	114	712	5	1.46268486976624	0	0	0	0
TG	META	EAS	9	115	3125	5	5.45570969581604	0	0	0	0
TG	META	EAS	9	116	1530	5	3.02268362045288	0	0	0	0
TG	META	EAS	9	118	3584	5	7.79449796676636	0	0	0	0
TG	META	EAS	9	124	1370	5	1.21003413200378	0	0	0	0
TG	META	EAS	9	128	97	5	0.777024984359741	0	0	0	0
TG	META	EAS	9	129	1970	5	3.38728666305542	0	0	0	0
TG	META	EAS	9	134	2705	5	6.76225280761719	0	0	0	0
TG	META	EAS	9	135	1147	5	1.98953533172607	0	0	0	0
TG	META	EAS	9	136	1597	5	3.30754065513611	0	0	0	0
TG	META	EAS	9	138	2336	5	5.56730914115906	0	0	0	0
TG	META	EAS	9	140	3094	5	5.83506107330322	0	0	0	0
TG	META	EAS	9	142	918	5	1.37436723709106	0	0	0	0
TG	META	EAS	9	149	763	5	1.15240359306335	0	0	0	0
TG	META	EAS	9	160	211	5	0.950689554214478	0	0	0	0
TG	META	EAS	9	161	277	5	2.23898363113403	0	0	0	0
TG	META	EAS	10	13	1631	5	3.47533226013184	0	0	1	55
TG	META	EAS	10	14	2195	5	6.58077025413513	0	0	0	0
TG	META	EAS	10	20	69	5	0.894954442977905	0	0	0	0
TG	META	EAS	10	22	1697	5	2.93109154701233	0	0	0	0
TG	META	EAS	10	26	1946	5	3.22986268997192	0	0	0	0
TG	META	EAS	10	34	662	5	1.65593504905701	0	0	0	0
TG	META	EAS	10	43	1398	5	1.33533334732056	0	0	0	0
TG	META	EAS	10	44	987	5	1.4375376701355	0	0	0	0
TG	META	EAS	10	45	2345	5	4.25129771232605	0	0	0	0
TG	META	EAS	10	48	1935	5	4.45708870887756	0	0	0	0
TG	META	EAS	10	49	1741	5	4.06875705718994	0	0	0	0
TG	META	EAS	10	59	1251	5	3.42099690437317	0	0	0	0
TG	META	EAS	10	60	2404	5	6.28620028495789	0	0	0	0
TG	META	EAS	10	61	845	5	1.44595885276794	0	0	0	0
TG	META	EAS	10	64	332	5	1.83890867233276	0	0	0	0
TG	META	EAS	10	70	1918	5	2.87870407104492	0	0	0	0
TG	META	EAS	10	76	4127	5	18.5468254089355	0	0	0	0
TG	META	EAS	10	78	1021	5	1.95575141906738	0	0	0	0
TG	META	EAS	10	79	2127	5	3.35642147064209	0	0	0	0
TG	META	EAS	10	80	1747	5	2.87741231918335	0	0	0	0
TG	META	EAS	10	81	2263	5	3.28496742248535	0	0	1	90
TG	META	EAS	10	84	3091	5	6.0989727973938	0	0	0	0
TG	META	EAS	10	85	584	5	1.53559827804565	0	0	0	0
TG	META	EAS	10	92	3493	5	7.34958410263062	0	0	0	0
TG	META	EAS	10	93	510	5	0.798952579498291	0	0	0	0
TG	META	EAS	10	99	144	5	0.629751205444336	0	0	0	0
TG	META	EAS	10	100	506	5	1.03781890869141	0	0	0	0
TG	META	EAS	10	109	2004	5	3.78450107574463	0	0	0	0
TG	META	EAS	10	110	619	5	2.35465264320374	0	0	0	0
TG	META	EAS	10	111	1258	5	1.42605590820312	0	0	0	0
TG	META	EAS	10	112	513	5	1.01540350914001	0	0	0	0
TG	META	EAS	10	117	2518	5	7.76254343986511	0	0	1	8
TG	META	EAS	10	120	1897	5	4.02357268333435	0	0	0	0
TG	META	EAS	10	123	1687	5	2.74483156204224	0	0	0	0
TG	META	EAS	10	124	472	5	1.17238569259644	0	0	0	0
TG	META	EAS	10	126	2444	5	4.14567041397095	0	0	0	0
TG	META	EAS	10	129	2684	5	11.9979183673859	0	0	0	0
TG	META	EAS	10	131	2270	5	3.99059104919434	0	0	0	0
TG	META	EAS	10	136	3064	5	7.44506001472473	0	0	0	0
TG	META	EAS	10	137	2488	5	4.53037714958191	0	0	0	0
TG	META	EAS	10	138	395	5	1.13527774810791	0	0	1	24
TG	META	EAS	10	140	305	5	1.21328592300415	0	0	0	0
TG	META	EAS	10	142	518	5	2.28895783424377	0	0	0	0
TG	META	EAS	10	144	868	5	1.43887519836426	0	0	0	0
TG	META	EAS	10	145	867	5	1.21334648132324	0	0	0	0
TG	META	EAS	10	148	1318	5	1.41142606735229	0	0	0	0
TG	META	EAS	10	152	1556	5	3.56944584846497	0	0	1	14
TG	META	EAS	10	167	318	5	0.904418706893921	0	0	0	0
TG	META	EAS	10	176	896	5	1.10868501663208	0	0	0	0
TG	META	EAS	10	177	562	5	1.29255318641663	0	0	0	0
TG	META	EAS	11	2	573	5	1.46028184890747	0	0	0	0
TG	META	EAS	11	4	703	5	1.70720672607422	0	0	0	0
TG	META	EAS	11	7	585	5	1.53136682510376	0	0	0	0
TG	META	EAS	11	11	1920	5	2.33467173576355	0	0	0	0
TG	META	EAS	11	14	1490	5	2.77812242507935	0	0	0	0
TG	META	EAS	11	19	662	5	2.2050187587738	0	0	0	0
TG	META	EAS	11	22	660	5	0.85202169418335	0	0	0	0
TG	META	EAS	11	27	1484	5	2.40558743476868	0	0	0	0
TG	META	EAS	11	28	1031	5	1.37728261947632	0	0	0	0
TG	META	EAS	11	29	827	5	1.08739495277405	0	0	0	0
TG	META	EAS	11	33	1486	5	1.34110713005066	0	0	0	0
TG	META	EAS	11	51	1597	5	1.95507001876831	0	0	0	0
TG	META	EAS	11	52	900	5	0.888696193695068	0	0	0	0
TG	META	EAS	11	53	1825	5	3.32223653793335	0	0	0	0
TG	META	EAS	11	54	1418	5	2.13958191871643	0	0	0	0
TG	META	EAS	11	56	326	5	1.40930771827698	0	0	0	0
TG	META	EAS	11	57	1172	5	3.21661496162415	0	0	0	0
TG	META	EAS	11	65	1495	5	2.22060370445251	0	0	0	0
TG	META	EAS	11	70	2952	5	6.34396696090698	0	0	0	0
TG	META	EAS	11	75	539	5	1.10112023353577	0	0	0	0
TG	META	EAS	11	76	1276	5	2.6866672039032	0	1	1	2
TG	META	EAS	11	77	892	5	1.8608341217041	0	0	0	0
TG	META	EAS	11	78	1204	5	2.64849281311035	0	0	0	0
TG	META	EAS	11	79	2866	5	11.6713161468506	0	0	0	0
TG	META	EAS	11	80	1332	5	1.57132124900818	0	0	0	0
TG	META	EAS	11	81	1023	5	2.03010416030884	0	0	0	0
TG	META	EAS	11	83	935	5	2.22203397750854	0	0	0	0
TG	META	EAS	11	89	317	5	0.738268613815308	0	0	0	0
TG	META	EAS	11	90	2897	5	7.05228137969971	0	0	0	0
TG	META	EAS	11	104	3118	5	6.78708624839783	0	0	0	0
TG	META	EAS	11	108	543	5	1.97244501113892	0	0	1	35
TG	META	EAS	11	112	2298	5	3.08649706840515	0	0	0	0
TG	META	EAS	11	114	1099	5	1.21334171295166	0	0	0	0
TG	META	EAS	11	117	3270	5	6.91429972648621	0	0	0	0
TG	META	EAS	11	121	1677	5	2.50820875167847	0	0	0	0
TG	META	EAS	11	123	653	5	1.6042952537536599	0	0	0	0
TG	META	EAS	11	125	1211	5	2.78733515739441	0	0	0	0
TG	META	EAS	11	126	2925	5	7.69404268264771	0	0	0	0
TG	META	EAS	11	127	280	5	1.64444923400879	0	0	0	0
TG	META	EAS	11	128	230	5	1.99930477142334	0	0	0	0
TG	META	EAS	11	129	1763	5	134.590175628662	0	1	1	2
TG	META	EAS	11	130	988	5	2.79357242584229	0	0	0	0
TG	META	EAS	11	131	212	5	0.605081796646118	0	0	0	0
TG	META	EAS	11	133	1650	5	3.0028703212738	0	0	0	0
TG	META	EAS	11	134	2063	5	2.69224071502686	0	0	0	0
TG	META	EAS	11	138	807	5	1.96184945106506	0	0	0	0
TG	META	EAS	11	140	836	5	1.16945815086365	0	0	0	0
TG	META	EAS	11	147	2780	5	6.74218583106995	0	0	0	0
TG	META	EAS	11	149	2280	5	5.02009630203247	0	0	0	0
TG	META	EAS	11	151	1059	5	2.31893038749695	0	0	0	0
TG	META	EAS	11	162	979	5	3.21082854270935	0	0	0	0
TG	META	EAS	12	1	917	5	3.14887928962708	0	0	0	0
TG	META	EAS	12	4	938	5	3.15424084663391	0	0	0	0
TG	META	EAS	12	12	545	5	0.759952545166016	0	0	0	0
TG	META	EAS	12	13	1056	5	1.43256163597107	0	0	0	0
TG	META	EAS	12	17	579	5	1.43122959136963	0	0	0	0
TG	META	EAS	12	18	1483	5	3.56289434432983	0	0	0	0
TG	META	EAS	12	23	2169	5	3.10576891899109	0	0	0	0
TG	META	EAS	12	26	374	5	2.15890264511108	0	0	0	0
TG	META	EAS	12	28	1165	5	2.66607308387756	0	0	0	0
TG	META	EAS	12	29	235	5	1.59362053871155	0	0	0	0
TG	META	EAS	12	31	489	5	2.1224250793457	0	0	0	0
TG	META	EAS	12	32	1680	5	3.62238121032715	0	0	0	0
TG	META	EAS	12	33	1543	5	3.26532196998596	0	0	0	0
TG	META	EAS	12	34	1271	5	1.19382524490356	0	0	0	0
TG	META	EAS	12	35	723	5	1.9948844909668	0	0	0	0
TG	META	EAS	12	38	2338	5	6.31170701980591	0	0	0	0
TG	META	EAS	12	40	788	5	1.90038442611694	0	0	0	0
TG	META	EAS	12	41	448	5	1.04469895362854	0	0	0	0
TG	META	EAS	12	42	3134	5	5.39001679420471	0	0	0	0
TG	META	EAS	12	45	1300	5	2.42676377296448	0	0	0	0
TG	META	EAS	12	47	523	5	1.46567702293396	0	0	0	0
TG	META	EAS	12	48	2027	5	2.54868149757385	0	0	0	0
TG	META	EAS	12	49	2015	5	3.14261531829834	0	0	0	0
TG	META	EAS	12	51	1334	5	2.89505004882812	0	0	0	0
TG	META	EAS	12	57	2493	5	3.59104585647583	0	0	0	0
TG	META	EAS	12	58	1554	5	4.63136911392212	0	0	0	0
TG	META	EAS	12	59	2458	5	9.17188715934753	0	0	0	0
TG	META	EAS	12	60	1099	5	0.978538751602173	0	0	0	0
TG	META	EAS	12	62	856	5	0.928121089935303	0	0	0	0
TG	META	EAS	12	63	1804	5	3.19992280006409	0	0	0	0
TG	META	EAS	12	64	900	5	1.83689522743225	0	0	0	0
TG	META	EAS	12	66	1741	5	2.6664879322052	0	0	0	0
TG	META	EAS	12	67	898	5	1.44932270050049	0	0	0	0
TG	META	EAS	12	68	447	5	0.860496520996094	0	0	0	0
TG	META	EAS	12	69	1754	5	3.91798996925354	0	0	0	0
TG	META	EAS	12	70	448	5	1.39490246772766	0	0	0	0
TG	META	EAS	12	71	1894	5	2.22661209106445	0	0	0	0
TG	META	EAS	12	72	6259	5	39.8606050014496	0	0	0	0
TG	META	EAS	12	73	1640	5	3.1124963760376	0	0	0	0
TG	META	EAS	12	74	1799	5	3.05799531936646	0	0	0	0
TG	META	EAS	12	75	272	5	1.71267461776733	0	0	0	0
TG	META	EAS	12	76	1204	5	1.3001070022583	0	0	0	0
TG	META	EAS	12	77	907	5	1.8379955291748	0	0	0	0
TG	META	EAS	12	80	2227	5	3.81853652000427	0	0	0	0
TG	META	EAS	12	88	2040	5	2.82394409179688	0	0	0	0
TG	META	EAS	12	92	2960	5	3.4938325881958	0	0	0	0
TG	META	EAS	12	94	2620	5	4.5770788192749	0	0	0	0
TG	META	EAS	12	102	702	5	2.98741102218628	0	0	1	4
TG	META	EAS	12	103	329	5	1.53706502914429	0	1	0	0
TG	META	EAS	12	104	2004	5	3.4792594909668	0	0	0	0
TG	META	EAS	12	113	1649	5	3.56915068626404	0	0	0	0
TG	META	EAS	12	114	1565	5	5.0190064907074	0	0	0	0
TG	META	EAS	12	117	2031	5	4.85146713256836	0	1	1	24
TG	META	EAS	12	119	2877	5	7.74359822273254	0	0	0	0
TG	META	EAS	12	120	708	5	1.76327776908875	0	0	0	0
TG	META	EAS	12	121	1397	5	2.20036053657532	0	0	1	14
TG	META	EAS	12	122	2020	5	3.66173338890076	0	0	0	0
TG	META	EAS	12	125	2224	5	5.47085881233215	0	0	0	0
TG	META	EAS	12	128	296	5	0.973989486694336	0	0	0	0
TG	META	EAS	12	132	1533	5	4.43871784210205	0	0	0	0
TG	META	EAS	12	138	2656	5	3.3159818649292	0	0	0	0
TG	META	EAS	12	139	3228	5	6.48838114738464	0	0	0	0
TG	META	EAS	12	140	642	5	0.676844835281372	0	0	0	0
TG	META	EAS	12	141	976	5	1.88240528106689	0	0	0	0
TG	META	EAS	13	8	1612	5	3.07768821716309	0	0	0	0
TG	META	EAS	13	13	914	5	2.02275991439819	0	0	0	0
TG	META	EAS	13	16	1412	5	2.69765186309814	0	0	0	0
TG	META	EAS	13	20	1494	5	2.5149142742157	0	0	0	0
TG	META	EAS	13	21	1710	5	3.12523674964905	0	0	0	0
TG	META	EAS	13	36	1235	5	2.31285834312439	0	0	0	0
TG	META	EAS	13	40	1375	5	4.3238570690155	0	0	0	0
TG	META	EAS	13	45	1511	5	1.32910418510437	0	0	0	0
TG	META	EAS	13	47	1014	5	1.53161287307739	0	0	0	0
TG	META	EAS	13	50	2999	5	5.19907832145691	0	0	0	0
TG	META	EAS	13	53	1541	5	2.61964321136475	0	0	0	0
TG	META	EAS	13	54	5691	5	30.8884785175323	0	0	0	0
TG	META	EAS	13	55	2213	5	2.79130792617798	0	0	0	0
TG	META	EAS	13	58	3023	5	8.09881711006165	0	0	0	0
TG	META	EAS	13	60	1803	5	3.92753958702087	0	0	0	0
TG	META	EAS	13	64	800	5	2.60115051269531	0	0	0	0
TG	META	EAS	13	70	1959	5	1.69200015068054	0	0	0	0
TG	META	EAS	13	72	1249	5	1.2403781414032	0	0	0	0
TG	META	EAS	13	84	857	5	2.8961353302002	0	0	0	0
TG	META	EAS	13	88	583	5	1.37203812599182	0	0	0	0
TG	META	EAS	13	90	2233	5	2.96032643318176	0	0	0	0
TG	META	EAS	13	95	567	5	0.936582088470459	0	0	0	0
TG	META	EAS	13	96	732	5	1.67808485031128	0	0	0	0
TG	META	EAS	13	108	438	5	1.54684162139893	0	0	0	0
TG	META	EAS	13	115	720	5	1.72645282745361	0	0	0	0
TG	META	EAS	13	118	1256	5	1.11778497695923	0	0	0	0
TG	META	EAS	13	125	1251	5	1.89765501022339	0	0	0	0
TG	META	EAS	14	11	497	5	1.01703643798828	0	0	0	0
TG	META	EAS	14	13	208	5	1.96196317672729	0	0	0	0
TG	META	EAS	14	14	2502	5	5.78864598274231	0	0	0	0
TG	META	EAS	14	19	1553	5	3.34708404541016	0	0	0	0
TG	META	EAS	14	24	717	5	1.70508480072021	0	0	0	0
TG	META	EAS	14	31	2171	5	1.80653858184814	0	0	0	0
TG	META	EAS	14	35	2687	5	4.23451566696167	0	0	0	0
TG	META	EAS	14	42	1241	5	1.75289344787598	0	0	0	0
TG	META	EAS	14	44	1494	5	1.62864899635315	0	0	0	0
TG	META	EAS	14	46	1061	5	2.61625123023987	0	0	0	0
TG	META	EAS	14	47	2029	5	1.53905034065247	0	0	0	0
TG	META	EAS	14	51	2045	5	3.27683782577515	0	0	0	0
TG	META	EAS	14	56	455	5	1.13134217262268	0	0	0	0
TG	META	EAS	14	57	3666	5	8.39738035202026	0	0	0	0
TG	META	EAS	14	63	3051	5	5.62950897216797	0	0	0	0
TG	META	EAS	14	64	963	5	1.04489850997925	0	0	0	0
TG	META	EAS	14	66	1420	5	2.18932247161865	0	0	0	0
TG	META	EAS	14	67	1693	5	3.36873555183411	0	0	0	0
TG	META	EAS	14	70	2382	5	5.60945415496826	0	0	0	0
TG	META	EAS	14	72	2984	5	4.16902160644531	0	0	0	0
TG	META	EAS	14	80	339	5	0.809027910232544	0	0	0	0
TG	META	EAS	14	81	2540	5	3.97968029975891	0	0	0	0
TG	META	EAS	14	84	848	5	0.787903785705566	0	0	0	0
TG	META	EAS	14	95	602	5	2.46481919288635	0	0	0	0
TG	META	EAS	14	96	188	5	1.24190354347229	0	0	0	0
TG	META	EAS	14	105	649	5	0.624300479888916	0	0	0	0
TG	META	EAS	14	106	796	5	1.1470468044281	0	0	0	0
TG	META	EAS	14	120	550	5	0.886573314666748	0	0	0	0
TG	META	EAS	14	121	1667	5	2.00583124160767	0	0	0	0
TG	META	EAS	14	126	1613	5	3.04388308525085	0	0	0	0
TG	META	EAS	14	127	1631	5	1.52128005027771	0	0	0	0
TG	META	EAS	14	129	668	5	1.31187844276428	0	0	0	0
TG	META	EAS	15	22	1976	5	2.70684957504272	0	0	0	0
TG	META	EAS	15	28	1034	5	2.23187899589539	0	0	0	0
TG	META	EAS	15	34	694	5	1.44451689720154	0	0	0	0
TG	META	EAS	15	35	1811	5	2.3381013870239302	0	0	0	0
TG	META	EAS	15	37	2023	5	1.63674020767212	0	0	0	0
TG	META	EAS	15	38	2607	5	5.26787853240967	0	0	0	0
TG	META	EAS	15	39	1667	5	2.63022303581238	0	0	0	0
TG	META	EAS	15	41	2065	5	3.30647087097168	0	0	0	0
TG	META	EAS	15	45	4161	5	10.5144212245941	0	0	0	0
TG	META	EAS	15	48	3917	5	10.2146291732788	0	0	0	0
TG	META	EAS	15	49	436	5	2.34647631645203	0	0	0	0
TG	META	EAS	15	50	1765	5	2.47914600372314	0	0	0	0
TG	META	EAS	15	52	1349	5	15.8199188709259	0	0	1	4
TG	META	EAS	15	53	226	5	3.24056959152222	1	1	1	1
TG	META	EAS	15	54	1433	5	2.57120299339294	0	0	0	0
TG	META	EAS	15	56	1276	5	0.963301420211792	0	0	0	0
TG	META	EAS	15	59	2851	5	9.14188981056213	0	0	0	0
TG	META	EAS	15	62	2713	5	5.50420951843262	0	0	0	0
TG	META	EAS	15	64	1180	5	2.73939490318298	0	0	0	0
TG	META	EAS	15	66	2042	5	1.68178200721741	0	0	0	0
TG	META	EAS	15	71	38	5	0.541597127914429	0	0	0	0
TG	META	EAS	15	72	614	5	0.813498258590698	0	0	0	0
TG	META	EAS	15	73	430	5	1.40011405944824	0	0	0	0
TG	META	EAS	15	85	1805	5	3.09683847427368	0	0	0	0
TG	META	EAS	15	99	229	5	1.43635034561157	0	0	0	0
TG	META	EAS	15	108	510	5	1.38009214401245	0	0	0	0
TG	META	EAS	15	111	840	5	2.11338472366333	0	0	0	0
TG	META	EAS	15	117	758	5	0.834398031234741	0	0	0	0
TG	META	EAS	15	118	418	5	0.798159122467041	0	0	0	0
TG	META	EAS	16	1	713	5	1.29007267951965	0	0	0	0
TG	META	EAS	16	2	155	5	1.56501388549805	0	0	0	0
TG	META	EAS	16	4	1144	5	3.29081082344055	0	0	0	0
TG	META	EAS	16	5	273	5	0.971299886703491	0	0	0	0
TG	META	EAS	16	7	1091	5	1.76027607917786	0	0	0	0
TG	META	EAS	16	9	1177	5	1.2572078704834	0	0	1	73
TG	META	EAS	16	17	612	5	0.664048910140991	0	0	0	0
TG	META	EAS	16	24	665	5	0.718114852905273	0	0	0	0
TG	META	EAS	16	25	1356	5	4.26339435577393	0	0	0	0
TG	META	EAS	16	33	2937	5	3.31790399551392	0	0	0	0
TG	META	EAS	16	37	1489	5	3.00450897216797	0	0	0	0
TG	META	EAS	16	59	570	5	1.95131778717041	0	0	0	0
TG	META	EAS	16	62	979	5	1.92529559135437	0	0	0	0
TG	META	EAS	16	64	288	5	1.53556561470032	0	0	0	0
TG	META	EAS	16	68	1141	5	0.982840776443481	0	0	0	0
TG	META	EAS	16	75	1947	5	3.93970060348511	0	0	1	7
TG	META	EAS	16	76	1149	5	1.29974603652954	0	0	0	0
TG	META	EAS	16	85	2858	5	8.06747174263	0	0	0	0
TG	META	EAS	16	88	2372	5	3.51962971687317	0	0	0	0
TG	META	EAS	16	89	3741	5	10.1172704696655	0	0	1	18
TG	META	EAS	16	90	834	5	1.3364396095275901	0	0	0	0
TG	META	EAS	16	93	2851	5	2.77080416679382	0	0	0	0
TG	META	EAS	16	94	3918	5	16.0033166408539	0	0	0	0
TG	META	EAS	16	100	149	5	0.529761075973511	0	0	0	0
TG	META	EAS	16	103	4710	5	7.90984082221985	0	0	0	0
TG	META	EAS	16	104	1265	5	1.95030808448792	0	1	0	0
TG	META	EAS	16	105	917	5	0.842473030090332	0	0	0	0
TG	META	EAS	16	107	1341	5	1.97844886779785	0	0	0	0
TG	META	EAS	16	110	1062	5	1.90015840530396	0	0	0	0
TG	META	EAS	16	114	209	5	1.34503412246704	0	0	0	0
TG	META	EAS	16	116	848	5	1.10529518127441	0	0	0	0
TG	META	EAS	16	119	1365	5	1.37357044219971	0	0	0	0
TG	META	EAS	16	125	500	5	2.15339636802673	0	0	0	0
TG	META	EAS	16	128	2312	5	2.12485194206238	0	0	0	0
TG	META	EAS	17	3	868	5	1.75281310081482	0	0	0	0
TG	META	EAS	17	8	39	5	0.582663774490356	0	0	0	0
TG	META	EAS	17	9	1433	5	3.6113452911377	0	0	0	0
TG	META	EAS	17	16	100	5	0.719139575958252	0	0	0	0
TG	META	EAS	17	17	2012	5	6.17220687866211	0	0	0	0
TG	META	EAS	17	23	397	5	0.732351541519165	0	0	0	0
TG	META	EAS	17	24	937	5	3.12143349647522	0	0	0	0
TG	META	EAS	17	51	1962	5	1.4824080467224099	0	0	0	0
TG	META	EAS	17	55	2235	5	5.3417489528656	0	0	0	0
TG	META	EAS	17	66	232	5	0.734467744827271	0	0	0	0
TG	META	EAS	17	73	1802	5	2.59952235221863	0	0	0	0
TG	META	EAS	17	74	2329	5	6.03077149391174	0	0	0	0
TG	META	EAS	17	75	2388	5	6.26781487464905	0	0	0	0
TG	META	EAS	17	76	989	5	1.05831623077393	0	0	1	8
TG	META	EAS	17	79	873	5	3.75382804870605	0	0	0	0
TG	META	EAS	17	80	1228	5	1.94422650337219	0	0	0	0
TG	META	EAS	17	87	713	5	1.19035673141479	0	0	1	11
TG	META	EAS	17	90	1959	5	2.22826623916626	0	0	0	0
TG	META	EAS	17	94	1050	5	2.81708216667175	0	0	0	0
TG	META	EAS	17	97	2082	5	7.57792234420776	0	0	0	0
TG	META	EAS	17	98	675	5	1.66821670532227	0	0	0	0
TG	META	EAS	17	99	185	5	0.607443809509277	0	0	0	0
TG	META	EAS	17	100	1004	5	3.90219926834106	0	0	1	55
TG	META	EAS	17	101	1009	5	1.25146746635437	0	0	0	0
TG	META	EAS	17	102	603	5	0.869680881500244	0	0	0	0
TG	META	EAS	17	103	676	5	2.41020345687866	0	0	0	0
TG	META	EAS	17	105	1255	5	1.47223305702209	0	0	0	0
TG	META	EAS	17	108	200	5	0.743309497833252	0	0	0	0
TG	META	EAS	17	117	985	5	0.925544261932373	0	0	0	0
TG	META	EAS	17	118	995	5	2.17657136917114	0	0	0	0
TG	META	EAS	17	123	845	5	0.729986667633057	0	0	0	0
TG	META	EAS	17	125	1613	5	1.75398325920105	0	0	0	0
TG	META	EAS	17	133	552	5	0.617311716079712	0	0	0	0
TG	META	EAS	18	1	597	5	1.78704738616943	0	0	0	0
TG	META	EAS	18	6	514	5	2.01368260383606	0	0	0	0
TG	META	EAS	18	7	1227	5	1.99799084663391	0	0	0	0
TG	META	EAS	18	22	485	5	1.19449520111084	0	0	0	0
TG	META	EAS	18	23	494	5	1.93730020523071	0	0	0	0
TG	META	EAS	18	28	1235	5	1.94939303398132	0	0	0	0
TG	META	EAS	18	39	2522	5	2.64084029197693	0	0	0	0
TG	META	EAS	18	41	2723	5	2.69618368148804	0	0	0	0
TG	META	EAS	18	42	1968	5	3.15139532089233	0	1	0	0
TG	META	EAS	18	52	1351	5	3.12347936630249	0	0	0	0
TG	META	EAS	18	60	1928	5	1.89639377593994	0	0	0	0
TG	META	EAS	18	61	1873	5	3.26609873771667	0	0	0	0
TG	META	EAS	18	65	1987	5	2.78283858299255	0	0	0	0
TG	META	EAS	18	69	3507	5	4.66850471496582	0	0	0	0
TG	META	EAS	18	74	2447	5	5.57257533073425	0	0	0	0
TG	META	EAS	18	77	451	5	0.567835330963135	0	0	0	0
TG	META	EAS	18	79	702	5	0.88186240196228	0	0	0	0
TG	META	EAS	18	80	1249	5	1.40976309776306	0	0	0	0
TG	META	EAS	18	82	2824	5	7.04317045211792	0	0	0	0
TG	META	EAS	18	85	1766	5	1.43168330192566	0	0	0	0
TG	META	EAS	18	86	57	5	0.821240425109863	0	0	0	0
TG	META	EAS	18	87	175	5	0.597637176513672	0	0	0	0
TG	META	EAS	18	120	1171	5	2.73903846740723	0	0	0	0
TG	META	EAS	19	1	116	5	1.10423851013184	0	0	0	0
TG	META	EAS	19	6	57	5	1.05655193328857	0	0	0	0
TG	META	EAS	19	10	121	5	0.547323226928711	0	0	0	0
TG	META	EAS	19	15	91	5	1.01733636856079	0	0	0	0
TG	META	EAS	19	16	90	5	0.602613687515259	0	0	0	0
TG	META	EAS	19	19	64	5	0.622903108596802	0	0	0	0
TG	META	EAS	19	20	192	5	2.60035538673401	0	0	0	0
TG	META	EAS	19	21	115	5	1.74871373176575	0	0	0	0
TG	META	EAS	19	22	623	5	0.770854949951172	0	0	0	0
TG	META	EAS	19	29	745	5	2.6477837562561	0	1	0	0
TG	META	EAS	19	30	616	5	1.92906427383423	0	1	1	3
TG	META	EAS	19	32	472	5	0.728846073150635	0	0	0	0
TG	META	EAS	19	33	223	5	1.26312184333801	0	0	0	0
TG	META	EAS	19	34	461	5	1.82293772697449	0	0	0	0
TG	META	EAS	19	35	1036	5	0.786130428314209	0	0	0	0
TG	META	EAS	19	37	1069	5	1.12561106681824	0	0	0	0
TG	META	EAS	19	38	249	5	0.563820838928223	0	0	1	15
TG	META	EAS	19	39	1365	5	1.44298505783081	0	0	0	0
TG	META	EAS	19	45	279	5	0.558871030807495	0	0	0	0
TG	META	EAS	19	51	508	5	0.786969423294067	0	0	0	0
TG	META	EAS	19	52	472	5	1.48597192764282	0	0	0	0
TG	META	EAS	19	53	1604	5	1.50517868995667	0	1	2	18
TG	META	EAS	19	54	3301	5	5.24913549423218	0	0	0	0
TG	META	EAS	19	62	1979	5	3.32012152671814	0	0	0	0
TG	META	EAS	19	63	625	5	2.73234009742737	0	0	0	0
TG	META	EAS	19	64	2050	5	3.89592051506042	0	0	0	0
TG	META	EAS	19	65	633	5	1.40501928329468	0	0	0	0
TG	META	EAS	19	67	3708	5	11.8546152114868	0	0	0	0
TG	META	EAS	19	69	1330	5	2.07099366188049	0	0	0	0
TG	META	EAS	19	70	715	5	2.04509925842285	0	0	0	0
TG	META	EAS	19	71	127	5	0.646447420120239	0	0	0	0
TG	META	EAS	19	72	929	5	1.39736437797546	0	0	0	0
TG	META	EAS	19	74	1753	5	2.87800645828247	0	0	0	0
TG	META	EAS	19	75	128	5	57.60027551651	1	1	1	1
TG	META	EAS	19	76	888	5	3.11235761642456	0	0	0	0
TG	META	EAS	19	77	1790	5	1.43755626678467	0	0	0	0
TG	META	EAS	19	79	768	5	2.83157467842102	0	0	0	0
TG	META	EAS	19	80	153	5	1.09809947013855	0	0	0	0
TG	META	EAS	19	81	486	5	0.824659585952759	0	0	0	0
TG	META	EAS	19	90	1335	5	2.14014220237732	0	0	0	0
TG	META	EAS	19	93	341	5	1.60853290557861	0	0	0	0
TG	META	EAS	19	98	165	5	0.559756278991699	0	0	0	0
TG	META	EAS	19	104	579	5	0.73200511932373	0	0	0	0
TG	META	EAS	19	106	325	5	0.545312643051147	0	0	1	5
TG	META	EAS	19	109	162	5	0.661224126815796	0	0	0	0
TG	META	EAS	19	110	1501	5	1.18047690391541	0	0	0	0
TG	META	EAS	20	2	414	5	1.08349061012268	0	0	0	0
TG	META	EAS	20	7	853	5	0.807873964309692	0	0	0	0
TG	META	EAS	20	18	814	5	1.27816200256348	0	0	0	0
TG	META	EAS	20	19	213	5	0.500252962112427	0	0	0	0
TG	META	EAS	20	23	209	5	2.2580406665802	0	0	0	0
TG	META	EAS	20	34	1153	5	1.8092155456543	0	0	0	0
TG	META	EAS	20	40	908	5	1.75201678276062	0	0	0	0
TG	META	EAS	20	47	1535	5	3.59308981895447	0	0	0	0
TG	META	EAS	20	48	2403	5	5.06669783592224	0	0	0	0
TG	META	EAS	20	59	1520	5	1.10487508773804	0	0	0	0
TG	META	EAS	20	60	1204	5	0.932378053665161	0	0	0	0
TG	META	EAS	20	62	1083	5	1.98378610610962	0	0	0	0
TG	META	EAS	20	63	2862	5	6.731525182724	0	0	0	0
TG	META	EAS	20	64	723	5	2.74549412727356	0	0	0	0
TG	META	EAS	20	65	1635	5	1.59546422958374	0	0	0	0
TG	META	EAS	20	68	511	5	2.03427386283875	0	0	0	0
TG	META	EAS	20	69	1164	5	2.46526479721069	0	0	0	0
TG	META	EAS	20	70	815	5	0.814466953277588	0	0	0	0
TG	META	EAS	20	71	1523	5	3.13934469223022	0	0	1	10
TG	META	EAS	20	73	1194	5	0.880611658096313	0	1	0	0
TG	META	EAS	20	84	1580	5	1.48876810073853	0	0	0	0
TG	META	EAS	20	86	849	5	1.09687280654907	0	0	0	0
TG	META	EAS	20	87	700	5	0.673784732818604	0	0	0	0
TG	META	EAS	20	91	874	5	1.48656582832336	0	0	0	0
TG	META	EAS	20	93	1961	5	1.48232936859131	0	0	0	0
TG	META	EAS	20	99	952	5	0.804437398910522	0	0	0	0
TG	META	EAS	20	115	509	5	1.2016294002533	0	0	0	0
TG	META	EAS	21	2	296	5	1.11761498451233	0	0	0	0
TG	META	EAS	21	4	232	5	1.33174085617065	0	0	0	0
TG	META	EAS	21	5	700	5	2.09537053108215	0	0	0	0
TG	META	EAS	21	48	2284	5	1.81378149986267	0	0	0	0
TG	META	EAS	21	53	874	5	2.24789953231812	0	0	0	0
TG	META	EAS	21	63	700	5	1.93320631980896	0	0	0	0
TG	META	EAS	21	64	1138	5	0.85550332069397	0	0	0	0
TG	META	EAS	21	65	845	5	3.30009627342224	0	0	0	0
TG	META	EAS	22	1	790	5	1.57411479949951	0	0	0	0
TG	META	EAS	22	7	339	5	1.88320016860962	0	0	0	0
TG	META	EAS	22	13	610	5	0.694109201431274	0	0	0	0
TG	META	EAS	22	19	758	5	0.73322582244873	0	0	1	50
TG	META	EAS	22	29	1642	5	1.37773776054382	0	0	0	0
TG	META	EAS	22	30	4914	5	8.25001454353333	0	0	0	0
TG	META	EAS	22	37	993	5	0.946289300918579	0	0	0	0
TG	META	EAS	22	40	408	5	1.13338136672974	0	0	0	0
TG	META	EAS	22	43	754	5	0.968425750732422	0	0	0	0
TG	META	EAS	22	44	620	5	1.26058840751648	0	0	1	53
TG	META	EAS	22	45	782	5	0.663629293441772	0	0	0	0
TG	META	EAS	22	46	2464	5	9.42237973213196	0	0	0	0
TG	META	EAS	22	49	255	5	0.484860897064209	0	0	0	0
TG	META	EAS	22	54	835	5	2.79941463470459	0	0	0	0
TG	META	EAS	22	57	54	5	1.71240782737732	0	0	0	0
TG	META	EAS	22	64	602	5	1.09338593482971	0	0	0	0
TG	META	EAS	22	69	882	5	1.93747591972351	0	0	0	0
TG	META	EAS	22	70	791	5	1.5552191734314	0	0	0	0
