pheno	db	pid	chromosome	block	num_variants	time	num_variants_0.95	num_variants_0.5	num_CS95	num_variants_CS95
TC	UKBB	AFR	1	1	1401	208.003660678864	0	0	0	0
TC	UKBB	AFR	1	2	1463	448.512443065643	0	0	0	0
TC	UKBB	AFR	1	4	1983	633.568749427795	0	0	0	0
TC	UKBB	AFR	1	17	6673	3070.80839538574	0	0	0	0
TC	UKBB	AFR	1	19	5446	2071.91084289551	0	0	0	0
TC	UKBB	AFR	1	35	6606	2565.15438055992	0	0	0	0
TC	UKBB	AFR	1	40	2215	848.872842550278	0	0	0	0
TC	UKBB	AFR	1	48	2605	1016.37485551834	0	0	0	0
TC	UKBB	AFR	1	49	2515	284.237844705582	0	0	0	0
TC	UKBB	AFR	1	51	2339	759.222028017044	0	0	0	0
TC	UKBB	AFR	1	52	6681	2114.08583712578	0	0	0	0
TC	UKBB	AFR	1	53	5745	2571.17373394966	0	0	0	0
TC	UKBB	AFR	1	58	6876	1537.73966908455	0	0	0	0
TC	UKBB	AFR	1	67	4462	1413.34021615982	0	0	0	0
TC	UKBB	AFR	1	70	4545	1912.17660856247	0	0	0	0
TC	UKBB	AFR	1	73	6461	2500.90820550919	0	0	0	0
TC	UKBB	AFR	1	74	6203	2083.88451719284	0	0	0	0
TC	UKBB	AFR	1	75	7814	2653.52767038345	0	0	0	0
TC	UKBB	AFR	1	76	4022	2024.27955913544	0	0	0	0
TC	UKBB	AFR	1	80	2388	517.341858863831	0	0	0	0
TC	UKBB	AFR	1	81	1684	536.437126159668	0	0	0	0
TC	UKBB	AFR	1	82	3661	1465.99671077728	0	0	0	0
TC	UKBB	AFR	1	83	4307	1651.69460248947	0	0	0	0
TC	UKBB	AFR	1	84	6738	3088.26438641548	1	2	2	3
TC	UKBB	AFR	1	85	2030	676.911192417145	0	0	0	0
TC	UKBB	AFR	1	89	3876	1184.30764007568	0	0	0	0
TC	UKBB	AFR	1	92	4539	2097.90465760231	0	0	0	0
TC	UKBB	AFR	1	94	1062	280.420327425003	0	0	0	0
TC	UKBB	AFR	1	95	1028	280.157280921936	0	0	0	0
TC	UKBB	AFR	1	96	4172	1521.57889914513	0	0	0	0
TC	UKBB	AFR	1	97	5194	1734.83688092232	0	0	0	0
TC	UKBB	AFR	1	100	4171	1701.41536569595	0	0	0	0
TC	UKBB	AFR	1	109	5653	2250.20692181587	0	0	0	0
TC	UKBB	AFR	1	124	6943	2091.22397208214	0	0	0	0
TC	UKBB	AFR	1	125	8752	873.526660919189	0	0	0	0
TC	UKBB	AFR	1	127	3748	1643.77505683899	0	0	0	0
TC	UKBB	AFR	1	136	5116	1896.34688711166	0	0	0	0
TC	UKBB	AFR	1	138	6746	297.617695331573	0	1	1	2
TC	UKBB	AFR	1	139	1521	423.624263048172	0	0	0	0
TC	UKBB	AFR	1	140	2156	596.207705259323	0	0	0	0
TC	UKBB	AFR	1	141	2605	780.866231679916	0	0	0	0
TC	UKBB	AFR	1	144	3689	1178.78958725929	0	0	0	0
TC	UKBB	AFR	1	145	2854	878.840336322784	0	0	0	0
TC	UKBB	AFR	1	150	4985	1474.19018340111	0	0	0	0
TC	UKBB	AFR	1	151	6771	2054.69116973877	0	0	0	0
TC	UKBB	AFR	1	153	5273	2066.76930594444	0	0	0	0
TC	UKBB	AFR	1	154	8827	2082.65894412994	0	0	0	0
TC	UKBB	AFR	1	156	4660	1500.8215174675	0	0	0	0
TC	UKBB	AFR	1	158	5394	683.112226963043	0	0	0	0
TC	UKBB	AFR	1	162	4315	756.128739118576	0	0	0	0
TC	UKBB	AFR	1	168	5378	946.810291051865	0	0	0	0
TC	UKBB	AFR	1	169	7264	2863.02178549767	0	0	0	0
TC	UKBB	AFR	1	175	7195	905.664200782776	0	0	0	0
TC	UKBB	AFR	1	182	7706	2423.88647198677	0	0	0	0
TC	UKBB	AFR	1	183	7267	1749.6056497097	0	0	0	0
TC	UKBB	AFR	1	185	2393	643.972204685211	0	0	0	0
TC	UKBB	AFR	1	187	4746	1468.4852836132	0	0	0	0
TC	UKBB	AFR	1	188	5430	1512.76611876488	0	0	0	0
TC	UKBB	AFR	1	192	5275	1001.4377617836	0	0	0	0
TC	UKBB	AFR	1	201	6319	2015.09222602844	0	0	0	0
TC	UKBB	AFR	1	202	5225	2062.28619408607	0	0	0	0
TC	UKBB	AFR	1	205	2069	342.326218605042	0	0	0	0
TC	UKBB	AFR	1	209	1295	271.605139970779	0	0	0	0
TC	UKBB	AFR	1	213	2836	807.133394479752	0	0	0	0
TC	UKBB	AFR	1	221	4896	2060.1466178894	0	0	0	0
TC	UKBB	AFR	1	223	5603	1044.47492957115	0	0	0	0
TC	UKBB	AFR	1	224	3371	1114.73577475548	0	0	0	0
TC	UKBB	AFR	1	226	2006	552.452467679977	0	0	0	0
TC	UKBB	AFR	1	229	4337	1541.06014823914	0	0	0	0
TC	UKBB	AFR	1	233	6644	2769.46224856377	0	0	0	0
TC	UKBB	AFR	1	234	7611	2843.80757594109	0	0	0	0
TC	UKBB	AFR	1	235	5308	2224.97434425354	0	0	0	0
TC	UKBB	AFR	1	238	9991	1340.93187355995	0	0	0	0
TC	UKBB	AFR	1	239	2352	589.30940413475	0	0	0	0
TC	UKBB	AFR	1	240	10317	3825.47865343094	0	0	0	0
TC	UKBB	AFR	1	252	2341	570.769731521606	0	0	0	0
TC	UKBB	AFR	1	253	834	100.423852205276	0	0	0	0
TC	UKBB	AFR	1	254	4020	625.786329746246	0	0	0	0
TC	UKBB	AFR	1	255	2547	606.258282423019	0	0	0	0
TC	UKBB	AFR	1	257	2617	709.755384206772	0	0	0	0
TC	UKBB	AFR	1	280	10183	1575.37421798706	0	0	0	0
TC	UKBB	AFR	1	281	7475	3015.72325801849	0	0	0	0
TC	UKBB	AFR	2	6	2729	916.521430253983	0	0	0	0
TC	UKBB	AFR	2	21	1697	430.394110918045	0	0	0	0
TC	UKBB	AFR	2	31	1598	471.455838441849	0	0	0	0
TC	UKBB	AFR	2	32	2234	650.975464344025	0	0	0	0
TC	UKBB	AFR	2	37	2336	585.913984775543	0	0	0	0
TC	UKBB	AFR	2	38	4970	1965.8264529705	0	0	0	0
TC	UKBB	AFR	2	39	2321	540.933075666428	0	0	0	0
TC	UKBB	AFR	2	40	7198	1236.10676693916	0	0	0	0
TC	UKBB	AFR	2	41	3303	842.535762310028	0	0	0	0
TC	UKBB	AFR	2	42	298	4.05179500579834	0	1	1	6
TC	UKBB	AFR	2	43	718	117.397084712982	0	0	0	0
TC	UKBB	AFR	2	44	3345	416.4626121521	0	0	0	0
TC	UKBB	AFR	2	45	6028	1620.86752533913	0	0	0	0
TC	UKBB	AFR	2	46	2651	740.732883691788	0	0	0	0
TC	UKBB	AFR	2	47	7567	2667.77368974686	0	0	0	0
TC	UKBB	AFR	2	48	4621	1507.09126281738	0	0	0	0
TC	UKBB	AFR	2	49	7325	827.293772220612	0	0	0	0
TC	UKBB	AFR	2	50	4213	217.080272912979	0	0	0	0
TC	UKBB	AFR	2	51	4790	808.964374065399	0	0	0	0
TC	UKBB	AFR	2	53	3128	1014.48757219315	0	0	0	0
TC	UKBB	AFR	2	55	11061	1271.49606275558	0	0	0	0
TC	UKBB	AFR	2	56	526	33.1521475315094	0	0	0	0
TC	UKBB	AFR	2	66	10564	3591.83658146858	0	0	0	0
TC	UKBB	AFR	2	69	5645	1961.98844099045	0	0	0	0
TC	UKBB	AFR	2	71	4477	860.640880346298	0	0	0	0
TC	UKBB	AFR	2	72	7393	1229.61061143875	0	0	0	0
TC	UKBB	AFR	2	74	2489	514.7760014534	0	0	0	0
TC	UKBB	AFR	2	75	2975	1131.12506723404	0	0	0	0
TC	UKBB	AFR	2	77	2896	940.454341888428	0	0	0	0
TC	UKBB	AFR	2	84	14595	4958.66264295578	0	0	0	0
TC	UKBB	AFR	2	88	16823	5170.57198572159	0	0	0	0
TC	UKBB	AFR	2	89	4321	1489.56658411026	0	0	0	0
TC	UKBB	AFR	2	97	6469	2282.56671404839	0	0	0	0
TC	UKBB	AFR	2	99	3770	1076.3600268364	0	0	0	0
TC	UKBB	AFR	2	100	5070	1279.41660284996	0	0	0	0
TC	UKBB	AFR	2	102	3683	1014.40002465248	0	0	0	0
TC	UKBB	AFR	2	107	7942	2956.12867951393	0	0	0	0
TC	UKBB	AFR	2	115	8548	3558.74308371544	0	0	0	0
TC	UKBB	AFR	2	121	7707	1490.37008070946	0	0	0	0
TC	UKBB	AFR	2	122	3370	1055.75403308868	0	0	0	0
TC	UKBB	AFR	2	124	6381	974.848960399628	0	0	0	0
TC	UKBB	AFR	2	125	5255	2142.89646673203	0	0	0	0
TC	UKBB	AFR	2	127	10601	3059.69253492355	0	0	0	0
TC	UKBB	AFR	2	128	8987	2614.70559310913	0	0	0	0
TC	UKBB	AFR	2	130	988	182.17417383194	0	0	0	0
TC	UKBB	AFR	2	131	270	22.7247731685638	0	0	0	0
TC	UKBB	AFR	2	138	7590	1879.43602752686	0	0	0	0
TC	UKBB	AFR	2	146	7475	2595.62016153336	0	0	0	0
TC	UKBB	AFR	2	147	12158	3796.56729650497	0	0	0	0
TC	UKBB	AFR	2	152	4208	101.134244680405	0	0	0	0
TC	UKBB	AFR	2	153	7068	1974.21195220947	0	0	0	0
TC	UKBB	AFR	2	155	4406	1551.47390222549	0	0	0	0
TC	UKBB	AFR	2	162	2783	791.131851911545	0	0	0	0
TC	UKBB	AFR	2	163	356	46.3770968914032	0	0	0	0
TC	UKBB	AFR	2	164	1472	129.964461565018	0	1	0	0
TC	UKBB	AFR	2	166	11660	1454.2950732708	0	0	0	0
TC	UKBB	AFR	2	168	5176	1372.73363876343	0	0	0	0
TC	UKBB	AFR	2	171	7590	2467.23751521111	0	0	0	0
TC	UKBB	AFR	2	172	1586	169.913685083389	0	0	0	0
TC	UKBB	AFR	2	177	5759	1658.70861625671	0	0	0	0
TC	UKBB	AFR	2	180	4686	882.031767129898	0	0	0	0
TC	UKBB	AFR	2	181	7131	1188.32460832596	0	0	0	0
TC	UKBB	AFR	2	192	7139	1713.45569562912	0	0	0	0
TC	UKBB	AFR	2	196	8929	2557.55696344376	0	0	0	0
TC	UKBB	AFR	2	198	4625	1094.36989617348	0	0	0	0
TC	UKBB	AFR	2	199	7627	2236.71051549911	0	0	0	0
TC	UKBB	AFR	2	205	3614	972.969094753265	0	0	0	0
TC	UKBB	AFR	2	208	11200	1392.38775801659	0	0	0	0
TC	UKBB	AFR	2	210	3903	575.049832582474	0	0	0	0
TC	UKBB	AFR	2	211	5679	2410.7082760334	0	0	0	0
TC	UKBB	AFR	2	212	5720	2130.27919077873	0	0	0	0
TC	UKBB	AFR	2	213	12754	2964.08091568947	0	0	0	0
TC	UKBB	AFR	2	217	3460	1180.97618985176	0	0	0	0
TC	UKBB	AFR	2	218	2684	782.701907873154	0	0	0	0
TC	UKBB	AFR	2	228	3904	1240.96806550026	0	0	0	0
TC	UKBB	AFR	2	232	2738	746.659287214279	0	0	0	0
TC	UKBB	AFR	2	233	1320	287.35385799408	0	0	0	0
TC	UKBB	AFR	2	241	2830	797.764926195145	0	0	0	0
TC	UKBB	AFR	2	242	4113	626.728811502457	0	0	0	0
TC	UKBB	AFR	2	250	9223	1079.16509246826	0	0	0	0
TC	UKBB	AFR	2	255	4801	1386.85964179039	0	0	0	0
TC	UKBB	AFR	3	24	6158	1964.2719347477	0	0	0	0
TC	UKBB	AFR	3	41	7666	2543.77201700211	0	0	0	0
TC	UKBB	AFR	3	45	3115	1051.84550642967	0	0	0	0
TC	UKBB	AFR	3	51	2544	553.331486225128	0	0	0	0
TC	UKBB	AFR	3	56	4803	1094.41700363159	0	0	0	0
TC	UKBB	AFR	3	70	5899	1125.35210633278	0	0	0	0
TC	UKBB	AFR	3	71	7674	2393.40434837341	0	0	0	0
TC	UKBB	AFR	3	83	8408	2268.98993611336	0	0	0	0
TC	UKBB	AFR	3	88	5134	1336.04644727707	0	0	0	0
TC	UKBB	AFR	3	89	5808	1811.02985429764	0	0	0	0
TC	UKBB	AFR	3	104	12417	4363.72553920746	0	0	0	0
TC	UKBB	AFR	3	107	5125	1669.27664208412	0	0	0	0
TC	UKBB	AFR	3	112	5577	1811.4196138382	0	0	0	0
TC	UKBB	AFR	3	113	1928	550.172978639603	0	0	0	0
TC	UKBB	AFR	3	120	5437	2220.02809143066	0	0	0	0
TC	UKBB	AFR	3	121	6511	1952.95042967796	0	0	0	0
TC	UKBB	AFR	3	122	1447	369.01063990593	0	0	0	0
TC	UKBB	AFR	3	123	2279	581.21272110939	0	0	0	0
TC	UKBB	AFR	3	127	7015	2317.55358481407	0	0	0	0
TC	UKBB	AFR	3	128	2876	528.261023044586	0	0	0	0
TC	UKBB	AFR	3	129	3287	785.833098888397	0	0	0	0
TC	UKBB	AFR	3	131	1984	619.259229183197	0	0	0	0
TC	UKBB	AFR	3	132	9106	2562.64764976501	0	0	0	0
TC	UKBB	AFR	3	135	5639	1608.92935657501	0	0	0	0
TC	UKBB	AFR	3	136	2871	770.670618534088	0	0	0	0
TC	UKBB	AFR	3	140	6894	2029.69373583794	0	0	0	0
TC	UKBB	AFR	3	145	6796	2767.1730222702	0	0	0	0
TC	UKBB	AFR	3	149	4998	1425.31972742081	0	0	0	0
TC	UKBB	AFR	3	150	5607	2261.56633806229	0	0	0	0
TC	UKBB	AFR	3	154	1430	234.670189857483	0	0	0	0
TC	UKBB	AFR	3	158	6809	1338.97490406036	0	0	0	0
TC	UKBB	AFR	3	161	8045	2582.06060743332	0	0	0	0
TC	UKBB	AFR	3	165	6297	2368.79207396507	0	0	0	0
TC	UKBB	AFR	3	170	3862	1517.653829813	0	0	0	0
TC	UKBB	AFR	3	172	4379	1243.25260591507	0	0	0	0
TC	UKBB	AFR	3	173	2623	658.53799533844	0	0	0	0
TC	UKBB	AFR	3	175	1763	441.449912786484	0	0	0	0
TC	UKBB	AFR	3	190	3664	1070.33323502541	0	0	0	0
TC	UKBB	AFR	3	191	4275	273.957822561264	0	1	1	6
TC	UKBB	AFR	3	193	6819	1968.78200268745	0	0	0	0
TC	UKBB	AFR	3	195	11532	2148.07581377029	0	0	0	0
TC	UKBB	AFR	3	214	7524	2607.34715437889	0	0	0	0
TC	UKBB	AFR	3	216	3829	1329.90101599693	0	0	0	0
TC	UKBB	AFR	4	1	18227	4793.48453760147	0	0	0	0
TC	UKBB	AFR	4	15	2778	962.125777959824	0	0	0	0
TC	UKBB	AFR	4	19	2789	937.569818735123	0	0	0	0
TC	UKBB	AFR	4	21	9990	4198.68354153633	0	0	0	0
TC	UKBB	AFR	4	28	5176	2183.22669458389	0	0	0	0
TC	UKBB	AFR	4	42	901	93.8548743724823	0	0	0	0
TC	UKBB	AFR	4	54	13668	1910.83657336235	0	0	0	0
TC	UKBB	AFR	4	55	5470	2282.67529988289	0	0	0	0
TC	UKBB	AFR	4	57	1163	237.946197986603	0	0	0	0
TC	UKBB	AFR	4	64	9067	2055.68568634987	0	1	0	0
TC	UKBB	AFR	4	65	3601	1242.0631210804	0	0	0	0
TC	UKBB	AFR	4	66	4853	1443.61405801773	0	0	0	0
TC	UKBB	AFR	4	71	2380	520.949340581894	0	0	0	0
TC	UKBB	AFR	4	79	4845	2044.47343873978	0	0	0	0
TC	UKBB	AFR	4	80	6862	1162.13922834396	0	0	0	0
TC	UKBB	AFR	4	84	6683	1229.51389360428	0	0	0	0
TC	UKBB	AFR	4	85	2175	671.892337322235	0	0	0	0
TC	UKBB	AFR	4	86	473	62.1915745735168	0	0	0	0
TC	UKBB	AFR	4	87	9226	1528.6109752655	0	0	0	0
TC	UKBB	AFR	4	90	6305	2674.73794817924	0	0	0	0
TC	UKBB	AFR	4	92	5187	2261.26425480843	0	0	0	0
TC	UKBB	AFR	4	101	7641	2511.0116546154	0	0	0	0
TC	UKBB	AFR	4	113	7142	2221.33917570114	0	0	0	0
TC	UKBB	AFR	4	114	6572	1897.34103178978	0	0	0	0
TC	UKBB	AFR	4	115	3030	969.864617824554	0	0	0	0
TC	UKBB	AFR	4	116	5734	1932.93294501305	0	0	0	0
TC	UKBB	AFR	4	117	6485	2401.13087415695	0	0	0	0
TC	UKBB	AFR	4	121	5330	1802.45669436455	0	0	0	0
TC	UKBB	AFR	4	129	7659	1993.47751069069	0	0	0	0
TC	UKBB	AFR	4	130	6835	1729.44096088409	0	0	0	0
TC	UKBB	AFR	4	134	10444	1620.64195752144	0	0	0	0
TC	UKBB	AFR	4	136	9288	2031.26522946358	0	0	0	0
TC	UKBB	AFR	4	148	4362	1441.60759973526	0	0	0	0
TC	UKBB	AFR	4	150	6788	756.651715755463	0	0	0	0
TC	UKBB	AFR	4	151	2998	307.979435682297	0	0	0	0
TC	UKBB	AFR	4	156	9220	1292.09323859215	0	0	0	0
TC	UKBB	AFR	4	159	2548	88.247328042984	0	0	0	0
TC	UKBB	AFR	4	161	2408	567.711863279343	0	0	0	0
TC	UKBB	AFR	4	162	4284	1181.36219954491	0	0	0	0
TC	UKBB	AFR	4	203	2982	925.675067186356	0	0	0	0
TC	UKBB	AFR	5	6	2066	616.21036195755	0	0	0	0
TC	UKBB	AFR	5	28	2027	232.816768407822	0	0	0	0
TC	UKBB	AFR	5	43	6516	1036.50818157196	0	0	0	0
TC	UKBB	AFR	5	56	8459	1074.29562664032	0	0	0	0
TC	UKBB	AFR	5	57	5620	1458.94402813911	0	0	0	0
TC	UKBB	AFR	5	64	7054	3109.97161412239	0	0	0	0
TC	UKBB	AFR	5	68	1697	453.447380542755	0	0	0	0
TC	UKBB	AFR	5	69	2437	359.961447477341	0	0	0	0
TC	UKBB	AFR	5	71	7951	2399.68495845795	0	0	0	0
TC	UKBB	AFR	5	74	11296	1459.59312272072	0	0	0	0
TC	UKBB	AFR	5	81	4509	1199.94962263107	0	0	0	0
TC	UKBB	AFR	5	84	878	171.713798046112	0	0	0	0
TC	UKBB	AFR	5	85	6654	2378.92325878143	0	0	0	0
TC	UKBB	AFR	5	92	4151	1437.80114531517	0	0	0	0
TC	UKBB	AFR	5	109	3394	947.815926074982	0	0	0	0
TC	UKBB	AFR	5	130	7829	923.690236091614	0	0	0	0
TC	UKBB	AFR	5	134	4194	774.330714464188	0	0	0	0
TC	UKBB	AFR	5	136	7468	2673.59656405449	0	0	0	0
TC	UKBB	AFR	5	146	7721	2059.05223846436	0	0	0	0
TC	UKBB	AFR	5	147	3144	1049.06938195229	0	0	0	0
TC	UKBB	AFR	5	154	4822	1154.79323291779	0	0	0	0
TC	UKBB	AFR	5	156	4705	1630.1777408123	0	0	0	0
TC	UKBB	AFR	5	158	4033	1608.75121855736	0	0	0	0
TC	UKBB	AFR	5	165	3126	722.060922384262	0	0	0	0
TC	UKBB	AFR	5	166	6157	1905.24269890785	0	0	0	0
TC	UKBB	AFR	5	167	5057	2158.0803630352	0	0	0	0
TC	UKBB	AFR	5	168	5790	2043.17277956009	0	0	0	0
TC	UKBB	AFR	5	191	8031	2619.28438925743	0	0	0	0
TC	UKBB	AFR	5	202	3846	1087.41293931007	0	0	0	0
TC	UKBB	AFR	5	207	4954	1082.95466852188	0	0	0	0
TC	UKBB	AFR	5	210	668	126.797635316849	0	0	0	0
TC	UKBB	AFR	5	211	1167	190.121204137802	0	0	0	0
TC	UKBB	AFR	6	1	5963	1535.60115361214	0	0	0	0
TC	UKBB	AFR	6	19	4719	1824.779327631	0	0	0	0
TC	UKBB	AFR	6	20	3115	619.228538036346	0	0	0	0
TC	UKBB	AFR	6	25	4643	2144.37271976471	0	0	0	0
TC	UKBB	AFR	6	27	2986	977.75682926178	0	0	0	0
TC	UKBB	AFR	6	30	740	75.7642650604248	0	0	0	0
TC	UKBB	AFR	6	34	5435	766.776290178299	0	0	0	0
TC	UKBB	AFR	6	35	1980	543.916472196579	0	0	0	0
TC	UKBB	AFR	6	39	8669	2765.14713764191	0	0	0	0
TC	UKBB	AFR	6	43	5471	997.06060218811	0	0	0	0
TC	UKBB	AFR	6	44	1001	176.917276382446	0	0	0	0
TC	UKBB	AFR	6	47	6929	2236.42250037193	0	0	0	0
TC	UKBB	AFR	6	51	11018	1420.01494717598	0	0	0	0
TC	UKBB	AFR	6	52	3626	1244.00810098648	0	0	0	0
TC	UKBB	AFR	6	53	3339	1080.08039546013	0	0	0	0
TC	UKBB	AFR	6	56	3222	1099.11745500565	0	0	0	0
TC	UKBB	AFR	6	58	5441	1658.33962655067	0	0	0	0
TC	UKBB	AFR	6	63	5267	362.970293521881	0	1	0	0
TC	UKBB	AFR	6	64	590	79.845929145813	0	0	0	0
TC	UKBB	AFR	6	65	1531	377.559604883194	0	0	0	0
TC	UKBB	AFR	6	69	5094	1995.97054243088	0	0	0	0
TC	UKBB	AFR	6	72	2149	308.272893190384	0	0	0	0
TC	UKBB	AFR	6	73	823	116.871968746185	0	0	0	0
TC	UKBB	AFR	6	75	777	37.4518892765045	0	0	0	0
TC	UKBB	AFR	6	76	10410	2980.66411757469	0	0	0	0
TC	UKBB	AFR	6	85	12679	1859.42190527916	0	0	0	0
TC	UKBB	AFR	6	87	8926	3404.93409132957	0	0	0	0
TC	UKBB	AFR	6	88	16223	4907.0777053833	0	0	0	0
TC	UKBB	AFR	6	94	7971	2183.15505051613	0	0	0	0
TC	UKBB	AFR	6	99	6872	2152.73788809776	0	0	0	0
TC	UKBB	AFR	6	100	76	6.17099976539612	0	0	0	0
TC	UKBB	AFR	6	101	5475	1621.0662560463	0	0	0	0
TC	UKBB	AFR	6	105	5131	884.977642059326	0	0	0	0
TC	UKBB	AFR	6	109	4903	1131.0997068882	0	0	0	0
TC	UKBB	AFR	6	115	12341	1685.69997739792	0	0	0	0
TC	UKBB	AFR	6	116	7191	2683.91839170456	0	0	0	0
TC	UKBB	AFR	6	117	10465	2801.5213804245	0	0	0	0
TC	UKBB	AFR	6	124	8293	2599.79838848114	0	0	0	0
TC	UKBB	AFR	6	127	4185	1450.19814729691	0	0	0	0
TC	UKBB	AFR	6	128	5932	2054.82461047173	0	0	0	0
TC	UKBB	AFR	6	130	6764	2689.71427774429	0	0	0	0
TC	UKBB	AFR	6	134	4122	464.907253026962	0	0	0	0
TC	UKBB	AFR	6	135	2825	451.908579826355	0	0	0	0
TC	UKBB	AFR	6	137	2348	687.804336071014	0	0	0	0
TC	UKBB	AFR	6	138	3245	1082.80424213409	0	0	0	0
TC	UKBB	AFR	6	140	3548	1216.19042181969	0	0	0	0
TC	UKBB	AFR	6	146	2770	399.416748046875	0	0	0	0
TC	UKBB	AFR	6	148	2369	221.050414562225	0	0	0	0
TC	UKBB	AFR	6	154	3943	991.817387342453	0	0	0	0
TC	UKBB	AFR	6	158	4581	889.210332632065	0	0	0	0
TC	UKBB	AFR	6	160	5706	1155.64913511276	0	0	0	0
TC	UKBB	AFR	6	168	6933	1491.27745938301	0	0	0	0
TC	UKBB	AFR	6	169	11668	3092.72468113899	0	0	0	0
TC	UKBB	AFR	6	183	3305	786.863881111145	0	0	0	0
TC	UKBB	AFR	7	3	4591	774.290833473206	0	0	0	0
TC	UKBB	AFR	7	5	7298	1760.95165467262	0	0	0	0
TC	UKBB	AFR	7	6	3827	1402.09540700912	0	0	0	0
TC	UKBB	AFR	7	11	4978	1295.93898820877	0	0	0	0
TC	UKBB	AFR	7	12	8736	2624.29536724091	0	0	0	0
TC	UKBB	AFR	7	28	2017	591.600867271423	0	0	0	0
TC	UKBB	AFR	7	33	7297	1811.42552924156	0	0	0	0
TC	UKBB	AFR	7	37	5826	1791.85835003853	0	0	0	0
TC	UKBB	AFR	7	40	8568	1419.87917327881	0	0	0	0
TC	UKBB	AFR	7	41	5472	1654.02177810669	0	0	0	0
TC	UKBB	AFR	7	42	5444	1947.68153882027	0	0	0	0
TC	UKBB	AFR	7	44	1141	244.063748598099	0	0	0	0
TC	UKBB	AFR	7	50	3911	616.939859390259	0	0	0	0
TC	UKBB	AFR	7	51	3855	822.190817832947	0	0	0	0
TC	UKBB	AFR	7	58	5455	2222.86738276482	0	0	0	0
TC	UKBB	AFR	7	66	2351	545.106531143188	0	0	0	0
TC	UKBB	AFR	7	67	14283	2358.72369766235	0	0	0	0
TC	UKBB	AFR	7	73	2027	595.282601594925	0	0	0	0
TC	UKBB	AFR	7	85	7211	1546.66959786415	0	0	0	0
TC	UKBB	AFR	7	87	684	51.1295211315155	0	0	0	0
TC	UKBB	AFR	7	88	8793	1065.22494339943	0	0	0	0
TC	UKBB	AFR	7	89	4394	1294.70768690109	0	0	0	0
TC	UKBB	AFR	7	95	3326	663.896931886673	0	0	0	0
TC	UKBB	AFR	7	99	8667	3509.61127328873	0	0	0	0
TC	UKBB	AFR	7	103	4213	1269.53883647919	0	0	0	0
TC	UKBB	AFR	7	107	10345	4220.99198174477	0	0	0	0
TC	UKBB	AFR	7	109	4765	2130.83663105965	0	0	0	0
TC	UKBB	AFR	7	111	8178	892.876123428345	0	0	0	0
TC	UKBB	AFR	7	112	3705	1102.45280432701	0	0	0	0
TC	UKBB	AFR	7	113	6992	2427.50104618073	0	0	0	0
TC	UKBB	AFR	7	119	3681	975.669245481491	0	0	0	0
TC	UKBB	AFR	7	125	6409	2468.81345105171	0	0	0	0
TC	UKBB	AFR	7	127	1724	411.417035579681	0	0	0	0
TC	UKBB	AFR	7	131	11394	1805.52500343323	0	0	0	0
TC	UKBB	AFR	7	132	12436	2968.62441205978	0	0	0	0
TC	UKBB	AFR	7	133	11115	3366.47007393837	0	0	0	0
TC	UKBB	AFR	7	134	3203	886.480499267578	0	0	0	0
TC	UKBB	AFR	7	138	7987	3119.29358696938	0	0	0	0
TC	UKBB	AFR	7	139	1613	382.443242549896	0	0	0	0
TC	UKBB	AFR	7	140	3837	1293.26358056068	0	0	0	0
TC	UKBB	AFR	7	141	8231	2936.88425970078	0	0	0	0
TC	UKBB	AFR	7	142	1521	379.188855171204	0	0	0	0
TC	UKBB	AFR	7	147	2679	598.558233737946	0	0	0	0
TC	UKBB	AFR	7	152	2992	1002.05361747742	0	0	0	0
TC	UKBB	AFR	7	159	2901	604.149333000183	0	0	0	0
TC	UKBB	AFR	7	162	10942	3909.77884674072	0	0	0	0
TC	UKBB	AFR	7	176	1099	192.301881074905	0	0	0	0
TC	UKBB	AFR	7	177	1760	380.416910648346	0	0	0	0
TC	UKBB	AFR	7	187	8691	3263.14551758766	0	0	0	0
TC	UKBB	AFR	8	17	5543	1848.69618558884	0	0	0	0
TC	UKBB	AFR	8	29	9760	2767.61871123314	0	0	0	0
TC	UKBB	AFR	8	32	6681	2098.6100320816	0	0	0	0
TC	UKBB	AFR	8	36	1826	539.393676757812	0	0	0	0
TC	UKBB	AFR	8	39	4006	1372.32010221481	0	0	0	0
TC	UKBB	AFR	8	41	3730	1012.94683456421	0	0	0	0
TC	UKBB	AFR	8	42	6683	512.06152963638306	0	1	0	0
TC	UKBB	AFR	8	43	6262	1809.33600473404	0	0	0	0
TC	UKBB	AFR	8	44	2012	477.735770225525	0	0	0	0
TC	UKBB	AFR	8	45	4330	1561.44252300262	0	0	0	0
TC	UKBB	AFR	8	57	3523	946.723210573196	0	0	0	0
TC	UKBB	AFR	8	59	3094	683.26461648941	0	0	0	0
TC	UKBB	AFR	8	65	3326	914.751729488373	0	0	0	0
TC	UKBB	AFR	8	68	4407	1348.84092831612	0	0	0	0
TC	UKBB	AFR	8	69	9146	2335.72093486786	0	0	0	0
TC	UKBB	AFR	8	78	1110	101.459827899933	0	0	0	0
TC	UKBB	AFR	8	81	5770	2511.58620548248	0	0	0	0
TC	UKBB	AFR	8	83	9787	3144.97144198418	0	0	0	0
TC	UKBB	AFR	8	84	12737	2240.34185123444	0	0	0	0
TC	UKBB	AFR	8	85	5101	1703.85301566124	0	0	0	0
TC	UKBB	AFR	8	88	6167	2252.28368163109	0	0	0	0
TC	UKBB	AFR	8	106	5451	1494.64447569847	0	0	0	0
TC	UKBB	AFR	8	109	8936	2370.32521009445	0	0	0	0
TC	UKBB	AFR	8	110	9370	1139.69763278961	0	0	0	0
TC	UKBB	AFR	8	113	3803	1075.75019097328	0	0	0	0
TC	UKBB	AFR	8	118	2668	770.203682661057	0	0	0	0
TC	UKBB	AFR	8	121	862	141.128915548325	0	0	0	0
TC	UKBB	AFR	8	124	3349	730.562115907669	0	0	0	0
TC	UKBB	AFR	8	125	1446	349.132009267807	0	0	0	0
TC	UKBB	AFR	8	126	419	51.4769661426544	0	0	0	0
TC	UKBB	AFR	8	135	4253	1647.72121906281	0	0	0	0
TC	UKBB	AFR	8	153	2416	78.0685665607452	0	0	0	0
TC	UKBB	AFR	8	159	4386	731.959094524384	0	0	0	0
TC	UKBB	AFR	8	160	4702	1731.90596485138	0	0	0	0
TC	UKBB	AFR	9	4	4588	1771.09390306473	0	0	0	0
TC	UKBB	AFR	9	5	1174	260.454699039459	0	0	0	0
TC	UKBB	AFR	9	9	3490	1184.31630825996	0	0	0	0
TC	UKBB	AFR	9	12	4601	1358.70208144188	0	0	0	0
TC	UKBB	AFR	9	13	8708	1018.72842597961	0	0	0	0
TC	UKBB	AFR	9	31	7016	1878.37047767639	0	0	0	0
TC	UKBB	AFR	9	33	4928	2152.21832585335	0	0	0	0
TC	UKBB	AFR	9	36	4573	1608.47942280769	0	0	0	0
TC	UKBB	AFR	9	39	2034	551.635848283768	0	0	0	0
TC	UKBB	AFR	9	40	8662	2790.8566391468	0	0	0	0
TC	UKBB	AFR	9	51	2755	942.51774263382	0	0	0	0
TC	UKBB	AFR	9	53	8810	2617.38083195686	0	0	0	0
TC	UKBB	AFR	9	69	3253	763.190317869186	0	0	0	0
TC	UKBB	AFR	9	70	2004	432.020809650421	0	0	0	0
TC	UKBB	AFR	9	72	1350	195.137562990189	0	0	0	0
TC	UKBB	AFR	9	73	3513	869.781505346298	0	0	0	0
TC	UKBB	AFR	9	89	1382	302.257717370987	0	0	0	0
TC	UKBB	AFR	9	93	5640	1457.3542611599	0	0	0	0
TC	UKBB	AFR	9	99	3894	184.729750394821	0	1	0	0
TC	UKBB	AFR	9	100	6528	752.069558382034	0	0	0	0
TC	UKBB	AFR	9	102	7359	2076.89419746399	0	0	0	0
TC	UKBB	AFR	9	103	1676	327.877301216125	0	0	0	0
TC	UKBB	AFR	9	104	1871	489.491329669952	0	0	0	0
TC	UKBB	AFR	9	105	1359	317.583975315094	0	0	0	0
TC	UKBB	AFR	9	106	6293	1791.74980044365	0	0	0	0
TC	UKBB	AFR	9	107	1679	366.262523412704	0	0	0	0
TC	UKBB	AFR	9	109	7771	1187.48303174973	0	0	0	0
TC	UKBB	AFR	9	110	8614	2367.95814919472	0	0	0	0
TC	UKBB	AFR	9	111	328	28.9520950317383	0	0	0	0
TC	UKBB	AFR	9	112	7451	1007.03006482124	0	0	0	0
TC	UKBB	AFR	9	113	4343	1857.58099722862	0	0	0	0
TC	UKBB	AFR	9	114	2508	526.607700109482	0	0	0	0
TC	UKBB	AFR	9	115	7798	1090.98180985451	0	0	0	0
TC	UKBB	AFR	9	116	3736	627.656090736389	0	0	0	0
TC	UKBB	AFR	9	118	9501	2646.13472795486	0	0	0	0
TC	UKBB	AFR	9	119	3689	1356.10076022148	0	0	0	0
TC	UKBB	AFR	9	121	2193	394.4723072052	0	0	0	0
TC	UKBB	AFR	9	124	3529	851.917376041412	0	0	0	0
TC	UKBB	AFR	9	125	4942	1804.74333620071	0	0	0	0
TC	UKBB	AFR	9	134	9859	3155.8485417366	0	0	0	0
TC	UKBB	AFR	9	140	10184	2289.2360329628	0	0	0	0
TC	UKBB	AFR	9	142	3183	324.058193206787	0	0	0	0
TC	UKBB	AFR	9	144	3536	1160.90729784966	0	0	0	0
TC	UKBB	AFR	9	145	3976	991.539728403091	0	0	0	0
TC	UKBB	AFR	9	149	3596	1057.8115568161	0	0	0	0
TC	UKBB	AFR	9	153	282	31.5795767307281	0	0	0	0
TC	UKBB	AFR	9	160	1399	328.423149824142	0	0	0	0
TC	UKBB	AFR	9	161	1305	314.707122564316	0	0	0	0
TC	UKBB	AFR	10	13	4494	1087.35412049294	0	0	0	0
TC	UKBB	AFR	10	22	4837	1557.48094797134	0	0	0	0
TC	UKBB	AFR	10	43	4011	962.495463132858	0	0	0	0
TC	UKBB	AFR	10	44	2260	580.156941652298	0	0	0	0
TC	UKBB	AFR	10	46	6815	1629.33511614799	0	0	0	0
TC	UKBB	AFR	10	52	6611	1365.03746199608	0	0	0	0
TC	UKBB	AFR	10	53	3552	1228.08602190018	0	0	0	0
TC	UKBB	AFR	10	58	1374	272.252927303314	0	0	0	0
TC	UKBB	AFR	10	59	4377	1314.57373762131	0	0	0	0
TC	UKBB	AFR	10	67	4328	1664.48426604271	0	0	0	0
TC	UKBB	AFR	10	69	6006	1709.45066666603	0	0	0	0
TC	UKBB	AFR	10	70	6274	2335.3241147995	0	0	0	0
TC	UKBB	AFR	10	73	3817	1436.09791040421	0	0	0	0
TC	UKBB	AFR	10	77	15941	2161.32736468315	0	0	0	0
TC	UKBB	AFR	10	80	6094	2188.88409948349	0	0	0	0
TC	UKBB	AFR	10	81	7182	1575.87230968475	0	0	0	0
TC	UKBB	AFR	10	84	11279	2144.0535800457	0	0	0	0
TC	UKBB	AFR	10	85	1931	418.72158575058	0	0	0	0
TC	UKBB	AFR	10	92	10956	3461.96213078499	0	0	0	0
TC	UKBB	AFR	10	100	1764	191.515292167664	0	0	0	0
TC	UKBB	AFR	10	101	5521	1978.64542555809	0	0	0	0
TC	UKBB	AFR	10	109	6772	1767.6584675312	0	0	0	0
TC	UKBB	AFR	10	110	2058	505.634227514267	0	0	0	0
TC	UKBB	AFR	10	112	1312	310.778761148453	0	0	0	0
TC	UKBB	AFR	10	113	4307	1411.44222474098	0	0	0	0
TC	UKBB	AFR	10	117	8052	1882.54136896133	0	0	0	0
TC	UKBB	AFR	10	120	5662	994.17477273941	0	0	0	0
TC	UKBB	AFR	10	121	3497	1169.45878362656	0	0	0	0
TC	UKBB	AFR	10	123	5358	2366.28432250023	0	0	0	0
TC	UKBB	AFR	10	126	7319	2597.35651135445	0	0	0	0
TC	UKBB	AFR	10	127	2371	549.623541116714	0	0	0	0
TC	UKBB	AFR	10	129	8229	2050.55114245415	0	0	0	0
TC	UKBB	AFR	10	130	2846	1052.1031768322	0	0	0	0
TC	UKBB	AFR	10	131	7494	2098.94219565392	0	0	0	0
TC	UKBB	AFR	10	137	7039	1559.7638232708	0	0	0	0
TC	UKBB	AFR	10	138	1231	269.257871866226	0	0	0	0
TC	UKBB	AFR	10	140	1530	332.369485616684	0	0	0	0
TC	UKBB	AFR	10	144	2823	687.571351051331	0	0	0	0
TC	UKBB	AFR	10	150	6084	1689.45248293877	0	0	0	0
TC	UKBB	AFR	10	152	3904	1437.84942007065	0	0	0	0
TC	UKBB	AFR	10	154	8935	2810.77330470085	0	0	0	0
TC	UKBB	AFR	10	176	5608	2147.26007890701	0	0	0	0
TC	UKBB	AFR	10	177	3475	1259.31875228882	0	0	0	0
TC	UKBB	AFR	11	2	4274	593.065173625946	0	0	0	0
TC	UKBB	AFR	11	3	4371	1633.79335021973	0	0	0	0
TC	UKBB	AFR	11	4	3372	576.715188264847	0	0	0	0
TC	UKBB	AFR	11	7	2475	689.264878511429	0	0	0	0
TC	UKBB	AFR	11	11	6134	2062.38825130463	0	0	0	0
TC	UKBB	AFR	11	12	7290	2426.33678030968	0	0	0	0
TC	UKBB	AFR	11	22	2182	680.148977041245	0	0	0	0
TC	UKBB	AFR	11	28	3489	1133.7936391830401	0	0	0	0
TC	UKBB	AFR	11	30	3441	534.642946720123	0	0	0	0
TC	UKBB	AFR	11	31	3293	1118.24103426933	0	0	0	0
TC	UKBB	AFR	11	33	4226	1420.70415472984	0	0	0	0
TC	UKBB	AFR	11	56	1022	239.299873113632	0	0	0	0
TC	UKBB	AFR	11	57	4377	1593.09406471252	0	0	0	0
TC	UKBB	AFR	11	75	3597	932.396134614944	0	0	0	0
TC	UKBB	AFR	11	76	4291	1282.53339290619	0	0	0	0
TC	UKBB	AFR	11	78	4499	1427.91982126236	0	0	0	0
TC	UKBB	AFR	11	79	9766	2181.92317986488	0	0	0	0
TC	UKBB	AFR	11	80	6664	2172.08703780174	0	0	0	0
TC	UKBB	AFR	11	81	4035	1508.442237854	0	0	0	0
TC	UKBB	AFR	11	82	1161	152.84213757515	0	0	0	0
TC	UKBB	AFR	11	86	5908	2033.05281805992	0	0	0	0
TC	UKBB	AFR	11	88	6375	1920.42830944061	0	0	0	0
TC	UKBB	AFR	11	90	10109	2364.92818713188	0	0	0	0
TC	UKBB	AFR	11	107	1869	362.155055999756	0	0	0	0
TC	UKBB	AFR	11	108	1733	315.953596353531	0	0	0	0
TC	UKBB	AFR	11	117	10814	2525.30231332779	0	0	0	0
TC	UKBB	AFR	11	121	4676	856.524588346481	0	0	0	0
TC	UKBB	AFR	11	125	4203	1292.99822807312	0	0	0	0
TC	UKBB	AFR	11	128	613	100.687237501144	0	0	0	0
TC	UKBB	AFR	11	129	4634	1409.54836177826	0	0	0	0
TC	UKBB	AFR	11	133	4805	1464.91477870941	0	0	0	0
TC	UKBB	AFR	11	140	2580	635.323733329773	0	0	0	0
TC	UKBB	AFR	11	142	5556	1062.69808220863	0	0	0	0
TC	UKBB	AFR	11	147	8832	2689.43897938728	0	0	0	0
TC	UKBB	AFR	11	163	765	128.638404846191	0	0	0	0
TC	UKBB	AFR	12	1	2830	276.667218923569	0	0	0	0
TC	UKBB	AFR	12	12	1668	16.3232364654541	0	1	0	0
TC	UKBB	AFR	12	13	3117	755.521939992905	0	0	0	0
TC	UKBB	AFR	12	17	2174	511.344693660736	0	0	0	0
TC	UKBB	AFR	12	18	4467	1043.6816239357	0	0	0	0
TC	UKBB	AFR	12	23	6274	787.832301139832	0	0	0	0
TC	UKBB	AFR	12	26	923	82.4697525501251	0	0	0	0
TC	UKBB	AFR	12	27	573	52.7017874717712	0	0	0	0
TC	UKBB	AFR	12	29	645	104.57342672348	0	0	0	0
TC	UKBB	AFR	12	42	9735	2786.18213176727	0	0	0	0
TC	UKBB	AFR	12	45	3753	1039.2234203815501	0	0	0	0
TC	UKBB	AFR	12	47	1535	245.018942594528	0	0	0	0
TC	UKBB	AFR	12	48	5386	2344.95609545708	0	0	0	0
TC	UKBB	AFR	12	49	5896	1531.93241739273	0	0	0	0
TC	UKBB	AFR	12	51	3526	1171.93596959114	0	0	0	0
TC	UKBB	AFR	12	52	7707	2569.6189558506	0	0	0	0
TC	UKBB	AFR	12	59	6923	2638.92817544937	0	0	0	0
TC	UKBB	AFR	12	60	3249	266.637487649918	0	0	0	0
TC	UKBB	AFR	12	61	3824	1096.48215389252	0	0	0	0
TC	UKBB	AFR	12	62	4158	1278.91041350365	0	0	0	0
TC	UKBB	AFR	12	63	5085	1243.32228660583	0	0	0	0
TC	UKBB	AFR	12	64	3376	679.974248409271	0	0	0	0
TC	UKBB	AFR	12	66	5678	1686.04948496819	0	0	0	0
TC	UKBB	AFR	12	67	3054	929.830738782883	0	0	0	0
TC	UKBB	AFR	12	69	5691	1097.93647837639	0	0	0	0
TC	UKBB	AFR	12	71	6694	1617.13258004189	0	0	0	0
TC	UKBB	AFR	12	72	17970	6486.31461548805	0	0	0	0
TC	UKBB	AFR	12	82	5866	1794.48451519012	0	0	0	0
TC	UKBB	AFR	12	97	8475	1311.88866710663	0	0	0	0
TC	UKBB	AFR	12	98	3544	989.638326406479	0	0	0	0
TC	UKBB	AFR	12	106	6242	2270.80773496628	0	0	0	0
TC	UKBB	AFR	12	110	6879	2607.23242473602	0	0	0	0
TC	UKBB	AFR	12	113	4982	1702.55859684944	0	0	0	0
TC	UKBB	AFR	12	116	1609	374.700732469559	0	0	0	0
TC	UKBB	AFR	12	117	5426	1483.26664805412	0	0	0	0
TC	UKBB	AFR	12	119	9646	2375.9922413826	0	0	0	0
TC	UKBB	AFR	12	120	2491	816.22617650032	0	0	0	0
TC	UKBB	AFR	12	121	3634	315.396005630493	0	0	1	5
TC	UKBB	AFR	12	122	9007	2118.67373800278	0	0	0	0
TC	UKBB	AFR	12	123	2784	827.470688581467	0	0	0	0
TC	UKBB	AFR	12	127	2263	524.690258979797	0	0	0	0
TC	UKBB	AFR	12	128	839	132.693498134613	0	0	0	0
TC	UKBB	AFR	12	129	3704	1329.31939411163	0	0	0	0
TC	UKBB	AFR	12	138	9017	1702.19235277176	0	0	0	0
TC	UKBB	AFR	12	139	12419	3020.24206972122	0	0	0	0
TC	UKBB	AFR	12	140	2144	145.465382575989	0	0	0	0
TC	UKBB	AFR	12	141	3084	419.125576257706	0	0	0	0
TC	UKBB	AFR	13	18	1545	273.992827892303	0	0	0	0
TC	UKBB	AFR	13	21	6050	1625.75031638145	0	0	0	0
TC	UKBB	AFR	13	24	4192	1387.68531131744	0	0	0	0
TC	UKBB	AFR	13	25	2721	630.490094423294	0	0	0	0
TC	UKBB	AFR	13	40	3906	1249.05478167534	0	0	0	0
TC	UKBB	AFR	13	44	3269	868.781254291534	0	0	0	0
TC	UKBB	AFR	13	45	4828	1756.02935266495	0	0	0	0
TC	UKBB	AFR	13	50	8848	2847.80947566032	0	0	0	0
TC	UKBB	AFR	13	66	2056	620.664813995361	0	0	0	0
TC	UKBB	AFR	13	69	8704	2519.93465900421	0	0	0	0
TC	UKBB	AFR	13	70	5805	2013.165153265	0	0	0	0
TC	UKBB	AFR	13	84	3187	1063.25921869278	0	0	0	0
TC	UKBB	AFR	13	95	1926	371.679546833038	0	0	0	0
TC	UKBB	AFR	13	96	2062	587.306812524796	0	0	0	0
TC	UKBB	AFR	13	111	1536	162.079065084457	0	0	0	0
TC	UKBB	AFR	13	115	1871	207.488178253174	0	0	0	0
TC	UKBB	AFR	13	116	1603	320.76335763931303	0	0	0	0
TC	UKBB	AFR	13	118	3302	642.198044538498	0	0	0	0
TC	UKBB	AFR	13	124	700	101.952176570892	0	0	0	0
TC	UKBB	AFR	13	125	5151	1038.67777466774	0	0	0	0
TC	UKBB	AFR	14	4	1416	311.148082733154	0	0	0	0
TC	UKBB	AFR	14	10	1710	411.268453598022	0	0	0	0
TC	UKBB	AFR	14	11	2211	279.149901151657	0	0	0	0
TC	UKBB	AFR	14	14	7585	2028.3658747673	0	0	0	0
TC	UKBB	AFR	14	23	7409	2159.08319735527	0	0	0	0
TC	UKBB	AFR	14	31	7144	1240.72340106964	0	0	0	0
TC	UKBB	AFR	14	35	7315	1713.56349921227	0	0	0	0
TC	UKBB	AFR	14	43	346	34.5340232849121	0	0	0	0
TC	UKBB	AFR	14	63	8625	2414.03228163719	0	0	0	0
TC	UKBB	AFR	14	67	5506	1643.57491183281	0	0	0	0
TC	UKBB	AFR	14	68	4072	1104.78997397423	0	0	0	0
TC	UKBB	AFR	14	72	8455	1773.05978369713	0	0	0	0
TC	UKBB	AFR	14	73	3984	1373.00077819824	0	0	0	0
TC	UKBB	AFR	14	93	5622	1513.05043458939	0	0	0	0
TC	UKBB	AFR	14	96	613	94.0053942203522	0	0	0	0
TC	UKBB	AFR	14	105	2661	784.838091611862	0	0	0	0
TC	UKBB	AFR	14	106	2381	694.97239780426	0	0	0	0
TC	UKBB	AFR	14	120	1934	348.879013299942	0	0	0	0
TC	UKBB	AFR	14	121	6090	2073.01012778282	0	0	0	0
TC	UKBB	AFR	14	126	7246	1479.93242287636	0	0	0	0
TC	UKBB	AFR	14	127	5013	1748.05920028687	0	0	0	0
TC	UKBB	AFR	14	129	3493	1200.8898203373	0	0	0	0
TC	UKBB	AFR	15	37	6785	2027.25385856628	0	0	0	0
TC	UKBB	AFR	15	44	3138	980.679620265961	0	0	0	0
TC	UKBB	AFR	15	45	11910	2591.49090743065	0	0	0	0
TC	UKBB	AFR	15	46	3693	821.868819713593	0	0	0	0
TC	UKBB	AFR	15	47	3936	1470.42253875732	0	0	0	0
TC	UKBB	AFR	15	50	5309	1268.88169312477	0	0	0	0
TC	UKBB	AFR	15	52	3656	1060.91010665894	0	0	0	0
TC	UKBB	AFR	15	53	697	17.9085299968719	0	0	0	0
TC	UKBB	AFR	15	54	4250	1262.2372379303	0	0	0	0
TC	UKBB	AFR	15	59	8157	1583.09925341606	0	0	0	0
TC	UKBB	AFR	15	62	10440	3165.2816836834	0	0	0	0
TC	UKBB	AFR	15	63	2836	645.592351675034	0	0	0	0
TC	UKBB	AFR	15	64	3061	954.713155269623	0	0	0	0
TC	UKBB	AFR	15	66	5848	1321.80857920647	0	0	0	0
TC	UKBB	AFR	15	80	2438	621.108536720276	0	0	0	0
TC	UKBB	AFR	15	83	2272	532.83327627182	0	0	0	0
TC	UKBB	AFR	15	85	5000	1116.07189679146	0	0	0	0
TC	UKBB	AFR	15	88	2982	565.968972206116	0	0	0	0
TC	UKBB	AFR	15	102	3743	1171.35847425461	0	0	0	0
TC	UKBB	AFR	15	111	3121	777.806756973267	0	0	0	0
TC	UKBB	AFR	15	117	1844	503.140723466873	0	0	0	0
TC	UKBB	AFR	16	1	4147	1315.76670622826	0	0	0	0
TC	UKBB	AFR	16	2	1046	236.571108102798	0	0	0	0
TC	UKBB	AFR	16	4	5240	1752.17616081238	0	0	0	0
TC	UKBB	AFR	16	5	2180	454.070316076279	0	0	0	0
TC	UKBB	AFR	16	6	3363	813.225694417953	0	0	0	0
TC	UKBB	AFR	16	9	5554	1712.90676307678	0	0	0	0
TC	UKBB	AFR	16	31	5327	1570.7058300972	0	0	0	0
TC	UKBB	AFR	16	32	752	130.920569181442	0	0	0	0
TC	UKBB	AFR	16	33	8204	911.93678689003	0	0	0	0
TC	UKBB	AFR	16	37	5974	1873.04629564285	0	0	0	0
TC	UKBB	AFR	16	41	4244	1390.494784832	0	0	0	0
TC	UKBB	AFR	16	43	4021	1040.47262740135	0	0	0	0
TC	UKBB	AFR	16	58	3814	951.887146711349	0	0	0	0
TC	UKBB	AFR	16	59	4068	1411.08755469322	0	0	0	0
TC	UKBB	AFR	16	63	5250	1515.76029777527	0	0	0	0
TC	UKBB	AFR	16	70	1462	272.118712902069	0	0	0	0
TC	UKBB	AFR	16	74	997	170.807500123978	0	0	0	0
TC	UKBB	AFR	16	75	5668	1614.46605491638	0	0	0	0
TC	UKBB	AFR	16	76	3836	744.446397304535	0	0	0	0
TC	UKBB	AFR	16	79	2730	701.511662960052	0	0	0	0
TC	UKBB	AFR	16	83	4227	817.306280612946	0	0	0	0
TC	UKBB	AFR	16	85	9614	2357.09395575523	0	0	0	0
TC	UKBB	AFR	16	88	8852	2949.60460543633	0	0	0	0
TC	UKBB	AFR	16	89	11620	2186.94428825378	0	1	1	5
TC	UKBB	AFR	16	90	2697	682.703490018845	0	0	0	0
TC	UKBB	AFR	16	91	3185	874.913436412811	0	0	0	0
TC	UKBB	AFR	16	94	10038	1357.72734022141	0	0	0	0
TC	UKBB	AFR	16	99	3172	881.497499227524	0	0	0	0
TC	UKBB	AFR	16	100	639	109.004160404205	0	0	0	0
TC	UKBB	AFR	16	101	623	85.8860113620758	0	0	0	0
TC	UKBB	AFR	16	103	12935	2318.64952039719	0	0	0	0
TC	UKBB	AFR	16	104	3600	1294.64405107498	0	0	0	0
TC	UKBB	AFR	16	110	2927	335.079323291779	0	0	0	0
TC	UKBB	AFR	16	113	4513	1335.84212970734	0	0	0	0
TC	UKBB	AFR	16	116	2643	681.421989440918	0	0	0	0
TC	UKBB	AFR	16	119	3765	954.849774599075	0	0	0	0
TC	UKBB	AFR	16	120	683	96.4534862041473	0	0	0	0
TC	UKBB	AFR	16	125	3191	968.339324474335	0	0	0	0
TC	UKBB	AFR	16	126	577	79.1788527965546	0	0	0	0
TC	UKBB	AFR	16	127	850	149.877549886703	0	0	0	0
TC	UKBB	AFR	16	128	11387	3099.03439831734	0	0	0	0
TC	UKBB	AFR	17	9	5605	1522.74588012695	0	0	0	0
TC	UKBB	AFR	17	15	295	32.6977291107178	0	0	0	0
TC	UKBB	AFR	17	16	1110	232.965038299561	0	0	0	0
TC	UKBB	AFR	17	17	5732	1419.74898123741	0	0	0	0
TC	UKBB	AFR	17	22	1121	180.798724412918	0	0	0	0
TC	UKBB	AFR	17	23	2067	556.561550617218	0	0	0	0
TC	UKBB	AFR	17	24	3535	1003.52433347702	0	0	0	0
TC	UKBB	AFR	17	25	3872	538.171636819839	0	0	0	0
TC	UKBB	AFR	17	28	683	114.240521907806	0	0	0	0
TC	UKBB	AFR	17	30	771	18.9710004329681	0	0	0	0
TC	UKBB	AFR	17	49	2042	449.120268344879	0	0	0	0
TC	UKBB	AFR	17	51	8837	2378.45737147331	0	0	0	0
TC	UKBB	AFR	17	53	7204	1707.65582895279	0	0	0	0
TC	UKBB	AFR	17	54	4545	1402.52198052406	0	0	0	0
TC	UKBB	AFR	17	55	11034	2398.22536921501	0	0	0	0
TC	UKBB	AFR	17	65	6706	1049.8779540062	0	0	0	0
TC	UKBB	AFR	17	70	3469	620.228573083878	0	0	0	0
TC	UKBB	AFR	17	71	4656	1273.66364526749	0	0	0	0
TC	UKBB	AFR	17	73	8594	1392.03696012497	0	0	0	0
TC	UKBB	AFR	17	74	9266	2299.44350862503	0	0	0	0
TC	UKBB	AFR	17	75	6941	2501.10795807838	0	0	0	0
TC	UKBB	AFR	17	76	3430	783.244140386581	0	0	0	0
TC	UKBB	AFR	17	78	1225	236.811793804169	0	0	0	0
TC	UKBB	AFR	17	80	3837	975.133926153183	0	0	0	0
TC	UKBB	AFR	17	85	5884	781.15763425827	0	0	0	0
TC	UKBB	AFR	17	87	2543	312.31618475914	0	0	0	0
TC	UKBB	AFR	17	90	8641	2551.41006708145	0	0	0	0
TC	UKBB	AFR	17	94	4440	1662.6355445385	0	0	0	0
TC	UKBB	AFR	17	95	3120	921.628340244293	0	0	0	0
TC	UKBB	AFR	17	97	6094	1885.48318099976	0	0	0	0
TC	UKBB	AFR	17	98	3122	153.229510545731	0	0	0	0
TC	UKBB	AFR	17	100	3933	1235.22291779518	0	0	0	0
TC	UKBB	AFR	17	101	2868	585.515974760056	0	0	0	0
TC	UKBB	AFR	17	102	2356	632.136285066605	0	0	0	0
TC	UKBB	AFR	17	103	2220	673.706661224365	0	0	0	0
TC	UKBB	AFR	17	104	327	44.6407203674316	0	0	0	0
TC	UKBB	AFR	17	105	3855	621.087430477142	0	0	0	0
TC	UKBB	AFR	17	109	917	128.10894203186	0	0	0	0
TC	UKBB	AFR	17	116	2119	604.495183944702	0	0	0	0
TC	UKBB	AFR	17	117	4911	1344.40338897705	0	0	0	0
TC	UKBB	AFR	17	118	4082	218.072082042694	0	0	0	0
TC	UKBB	AFR	17	121	2414	562.532773256302	0	0	0	0
TC	UKBB	AFR	17	123	3915	939.306174993515	0	0	0	0
TC	UKBB	AFR	17	125	5800	1054.62923717499	0	0	0	0
TC	UKBB	AFR	17	128	1527	352.852649211884	0	0	0	0
TC	UKBB	AFR	17	130	3374	944.508725166321	0	0	0	0
TC	UKBB	AFR	17	133	2422	504.631006240845	0	0	0	0
TC	UKBB	AFR	17	134	3578	1084.19490265846	0	0	0	0
TC	UKBB	AFR	18	8	3372	488.280722856522	0	0	0	0
TC	UKBB	AFR	18	9	790	26.0825889110565	0	0	0	0
TC	UKBB	AFR	18	31	5604	1028.18632864952	0	0	0	0
TC	UKBB	AFR	18	35	1830	427.904168605804	0	0	0	0
TC	UKBB	AFR	18	39	7670	1334.51045656204	0	0	0	0
TC	UKBB	AFR	18	41	11138	2159.27691626549	0	0	0	0
TC	UKBB	AFR	18	42	6227	1575.3940103054	0	0	0	0
TC	UKBB	AFR	18	52	4395	1149.52315974236	0	0	0	0
TC	UKBB	AFR	18	61	5697	1664.53205442429	0	0	0	0
TC	UKBB	AFR	18	68	530	73.4156339168549	0	0	0	0
TC	UKBB	AFR	18	69	9495	2458.17565488815	0	0	0	0
TC	UKBB	AFR	18	74	9053	1590.70887637138	0	0	0	0
TC	UKBB	AFR	18	77	1367	283.341043710709	0	0	0	0
TC	UKBB	AFR	18	78	2144	434.718205928802	0	0	0	0
TC	UKBB	AFR	18	81	3765	972.140405893326	0	0	0	0
TC	UKBB	AFR	18	85	6013	925.141268491745	0	0	0	0
TC	UKBB	AFR	18	88	3756	1000.7601621151	0	0	0	0
TC	UKBB	AFR	18	119	1551	283.897682905197	0	0	0	0
TC	UKBB	AFR	19	2	444	56.9168140888214	0	0	0	0
TC	UKBB	AFR	19	5	45	3.10313320159912	0	0	0	0
TC	UKBB	AFR	19	6	1727	438.293542861938	0	0	0	0
TC	UKBB	AFR	19	12	1803	325.877364397049	0	0	0	0
TC	UKBB	AFR	19	15	985	197.058470964432	0	0	0	0
TC	UKBB	AFR	19	16	725	18.3938302993774	0	0	0	0
TC	UKBB	AFR	19	19	471	64.339408159256	0	0	0	0
TC	UKBB	AFR	19	20	1460	344.747754096985	0	0	0	0
TC	UKBB	AFR	19	21	932	144.12603354454	0	0	0	0
TC	UKBB	AFR	19	22	3869	1105.23725008965	0	0	0	0
TC	UKBB	AFR	19	25	2782	780.542680025101	0	0	0	0
TC	UKBB	AFR	19	30	2386	670.415614366531	0	0	0	0
TC	UKBB	AFR	19	32	2924	817.226275920868	0	0	0	0
TC	UKBB	AFR	19	33	1503	296.001927137375	0	0	0	0
TC	UKBB	AFR	19	35	4057	861.206039428711	0	0	0	0
TC	UKBB	AFR	19	36	978	181.367663383484	0	0	0	0
TC	UKBB	AFR	19	37	4801	1291.93414258957	0	1	2	8
TC	UKBB	AFR	19	38	1109	146.545917987823	0	1	1	11
TC	UKBB	AFR	19	39	6852	1809.05312991142	0	0	0	0
TC	UKBB	AFR	19	42	1690	343.566361665726	0	0	0	0
TC	UKBB	AFR	19	46	4122	509.365890026093	0	0	0	0
TC	UKBB	AFR	19	49	3724	538.434705734253	0	0	0	0
TC	UKBB	AFR	19	51	2309	524.9447286129	0	0	0	0
TC	UKBB	AFR	19	52	2611	680.02416062355	0	0	0	0
TC	UKBB	AFR	19	53	5530	2179.70907402039	0	0	0	0
TC	UKBB	AFR	19	54	9536	1637.81522631645	0	0	0	0
TC	UKBB	AFR	19	63	2461	201.31724190712	0	0	0	0
TC	UKBB	AFR	19	64	7054	2095.91654014587	0	0	0	0
TC	UKBB	AFR	19	65	2346	621.530858755112	0	0	0	0
TC	UKBB	AFR	19	67	11139	3099.7279727459	0	0	0	0
TC	UKBB	AFR	19	70	3930	1240.09614133835	0	0	0	0
TC	UKBB	AFR	19	71	557	83.142746925354	0	0	0	0
TC	UKBB	AFR	19	72	7233	1609.63952946663	0	0	0	0
TC	UKBB	AFR	19	73	919	58.4975590705872	0	0	0	0
TC	UKBB	AFR	19	74	5802	1703.08104324341	0	0	0	0
TC	UKBB	AFR	19	75	1279	128.289886951447	2	4	3	4
TC	UKBB	AFR	19	76	5227	895.761423110962	0	0	0	0
TC	UKBB	AFR	19	77	8291	1165.85748124123	0	0	0	0
TC	UKBB	AFR	19	79	3113	743.646559715271	0	0	0	0
TC	UKBB	AFR	19	80	1453	285.005689382553	0	0	0	0
TC	UKBB	AFR	19	81	4025	903.827320575714	0	0	0	0
TC	UKBB	AFR	19	89	1932	444.905915260315	0	0	0	0
TC	UKBB	AFR	19	90	4232	1536.11582183838	0	0	0	0
TC	UKBB	AFR	19	98	1525	283.102057695389	0	0	0	0
TC	UKBB	AFR	19	103	2279	242.494333982468	0	0	0	0
TC	UKBB	AFR	19	104	2448	217.951339244843	0	0	0	0
TC	UKBB	AFR	19	107	1739	397.355751037598	0	0	0	0
TC	UKBB	AFR	19	110	5366	1861.34987974167	0	0	0	0
TC	UKBB	AFR	19	111	2667	679.139956474304	0	0	0	0
TC	UKBB	AFR	20	2	1858	362.364151716232	0	0	0	0
TC	UKBB	AFR	20	10	2041	412.958687543869	0	0	0	0
TC	UKBB	AFR	20	12	3609	1052.22151088715	0	0	0	0
TC	UKBB	AFR	20	18	1935	353.483979940414	0	0	0	0
TC	UKBB	AFR	20	19	661	107.24987244606	0	0	0	0
TC	UKBB	AFR	20	40	2415	667.858919382095	0	0	0	0
TC	UKBB	AFR	20	48	6802	1636.40762901306	0	0	0	0
TC	UKBB	AFR	20	55	1550	361.684911966324	0	0	0	0
TC	UKBB	AFR	20	59	8550	2467.71667575836	0	0	0	0
TC	UKBB	AFR	20	60	4624	1601.00580859184	0	0	0	0
TC	UKBB	AFR	20	63	8601	2950.08359265327	0	0	0	0
TC	UKBB	AFR	20	64	2204	672.540979623795	0	0	0	0
TC	UKBB	AFR	20	65	4665	1455.67496776581	0	0	0	0
TC	UKBB	AFR	20	66	5098	1713.71995306015	0	0	0	0
TC	UKBB	AFR	20	67	3882	974.404836177826	0	0	0	0
TC	UKBB	AFR	20	68	1775	384.296332120895	0	0	0	0
TC	UKBB	AFR	20	69	3641	873.919349193573	0	0	0	0
TC	UKBB	AFR	20	70	2950	754.292762041092	0	0	0	0
TC	UKBB	AFR	20	71	4344	774.294787406921	0	0	0	0
TC	UKBB	AFR	20	77	3863	1216.90248799324	0	0	0	0
TC	UKBB	AFR	20	78	5204	1441.41593909264	0	0	0	0
TC	UKBB	AFR	20	86	3122	804.948699951172	0	0	0	0
TC	UKBB	AFR	20	87	1707	408.582870960236	0	0	0	0
TC	UKBB	AFR	20	89	2388	550.424896717072	0	0	0	0
TC	UKBB	AFR	20	112	950	136.169979333878	0	0	0	0
TC	UKBB	AFR	20	115	3349	1004.25964307785	0	0	0	0
TC	UKBB	AFR	21	3	1601	143.69987654686	0	0	0	0
TC	UKBB	AFR	21	5	2561	641.154834508896	0	0	0	0
TC	UKBB	AFR	21	30	8386	2510.91462373734	0	0	0	0
TC	UKBB	AFR	21	33	4099	947.23915719986	0	0	0	0
TC	UKBB	AFR	21	37	4920	340.150773525238	0	0	0	0
TC	UKBB	AFR	21	41	7910	1203.92300033569	0	0	0	0
TC	UKBB	AFR	21	48	6582	2168.21042966843	0	0	0	0
TC	UKBB	AFR	21	53	2532	519.560373306274	0	0	0	0
TC	UKBB	AFR	21	64	4259	1057.58251786232	0	0	0	0
TC	UKBB	AFR	22	1	2260	256.380878686905	0	0	0	0
TC	UKBB	AFR	22	5	2098	415.017278194427	0	0	0	0
TC	UKBB	AFR	22	9	3119	412.456945896149	0	0	0	0
TC	UKBB	AFR	22	13	2286	282.171135425568	0	0	0	0
TC	UKBB	AFR	22	29	4325	1146.38650226593	0	0	0	0
TC	UKBB	AFR	22	30	14277	3989.03862094879	0	0	0	0
TC	UKBB	AFR	22	36	2286	393.051554918289	0	0	0	0
TC	UKBB	AFR	22	37	3586	1146.67705559731	0	0	0	0
TC	UKBB	AFR	22	40	1780	349.469355106354	0	0	0	0
TC	UKBB	AFR	22	43	3658	1143.30580067635	0	0	0	0
TC	UKBB	AFR	22	45	3946	581.046236991882	0	0	0	0
TC	UKBB	AFR	22	46	9015	2619.72721672058	0	0	0	0
TC	UKBB	AFR	22	47	4747	429.398986816406	0	0	0	0
TC	UKBB	AFR	22	49	786	110.221021652222	0	0	0	0
TC	UKBB	AFR	22	54	2617	671.07297873497	0	0	0	0
TC	UKBB	AFR	22	55	1837	355.149049282074	0	0	0	0
TC	UKBB	AFR	22	56	184	17.5834937095642	0	0	0	0
TC	UKBB	AFR	22	57	1959	495.080081224442	0	0	0	0
TC	UKBB	AFR	22	69	3005	992.16708278656	0	0	0	0
TC	UKBB	AFR	22	70	5033	1003.01124835014	0	0	0	0
