pheno	db	pid	chromosome	block	num_variants	L	time	num_variants_0.95	num_variants_0.5	num_CS95	num_variants_CS95
TG	META	EUR	1	3	519	5	0.655437707901001	0	0	0	0
TG	META	EUR	1	4	1272	5	10.9724595546722	0	0	2	16
TG	META	EUR	1	5	1955	5	4.29682517051697	0	0	1	21
TG	META	EUR	1	15	2722	5	1871.58272480965	0	0	0	0
TG	META	EUR	1	17	3336	5	27.2487828731537	0	0	0	0
TG	META	EUR	1	18	1456	5	2.88239407539368	0	0	0	0
TG	META	EUR	1	19	2682	5	7.00441408157349	0	0	0	0
TG	META	EUR	1	21	1723	5	2.98396492004395	0	1	0	0
TG	META	EUR	1	23	991	5	1.80390548706055	0	0	0	0
TG	META	EUR	1	32	882	5	0.94385838508606	0	0	1	20
TG	META	EUR	1	35	3113	5	9.59253215789795	0	0	1	20
TG	META	EUR	1	43	877	5	1.46024584770203	0	0	0	0
TG	META	EUR	1	48	1230	5	2.81573367118835	0	0	2	15
TG	META	EUR	1	50	1846	5	5.32468700408936	0	0	0	0
TG	META	EUR	1	51	1248	5	2.29202365875244	0	0	0	0
TG	META	EUR	1	52	3167	5	2062.2032315731	1	1	4	42
TG	META	EUR	1	53	3002	5	10.3749794960022	0	0	0	0
TG	META	EUR	1	58	3184	5	14.5412030220032	0	0	0	0
TG	META	EUR	1	63	2067	5	3.00703001022339	0	0	0	0
TG	META	EUR	1	67	2444	5	4.39970517158508	0	0	0	0
TG	META	EUR	1	70	2539	5	3.42059397697449	0	0	2	26
TG	META	EUR	1	71	2477	5	3.24892497062683	0	1	2	10
TG	META	EUR	1	83	2364	5	12.1381967067719	1	1	1	1
TG	META	EUR	1	85	1241	5	2.38786196708679	0	0	0	0
TG	META	EUR	1	94	672	5	2.34379553794861	0	0	1	13
TG	META	EUR	1	96	2269	5	9.24627423286438	2	4	3	8
TG	META	EUR	1	97	2732	5	207.226961612701	1	2	2	20
TG	META	EUR	1	100	2126	5	4.42793917655945	0	0	0	0
TG	META	EUR	1	101	2171	5	4.66242837905884	0	0	0	0
TG	META	EUR	1	105	5775	5	149.540229558945	0	0	2	19
TG	META	EUR	1	124	3743	5	27.244922876358	0	0	2	47
TG	META	EUR	1	125	4461	5	2850.50990843773	0	0	1	4
TG	META	EUR	1	127	2121	5	5.33047604560852	0	0	0	0
TG	META	EUR	1	129	1453	5	13.8803896903992	0	0	1	29
TG	META	EUR	1	132	2551	5	6.60560178756714	0	0	0	0
TG	META	EUR	1	135	3713	5	42.4766702651978	0	0	0	0
TG	META	EUR	1	138	3451	5	570.935174942017	0	0	1	5
TG	META	EUR	1	139	893	5	362.801362752914	0	0	2	13
TG	META	EUR	1	143	2200	5	9.64426183700562	0	0	1	11
TG	META	EUR	1	144	1745	5	2.34050297737122	0	0	1	16
TG	META	EUR	1	150	2617	5	1745.45125603676	0	0	2	38
TG	META	EUR	1	154	3923	5	48.6399054527283	0	0	2	26
TG	META	EUR	1	155	1519	5	7.42696809768677	0	0	1	5
TG	META	EUR	1	156	2449	5	2068.74476027489	1	1	1	1
TG	META	EUR	1	158	2612	5	1408.5028026104	0	0	3	14
TG	META	EUR	1	168	2959	5	1796.19621777534	0	2	2	7
TG	META	EUR	1	182	3510	5	2041.91514706612	0	0	2	24
TG	META	EUR	1	183	3675	5	54.5598485469818	0	0	1	25
TG	META	EUR	1	184	831	5	7.65509748458862	0	0	0	0
TG	META	EUR	1	187	2517	5	12.9512031078339	0	0	0	0
TG	META	EUR	1	192	2751	5	31.6934649944305	0	0	0	0
TG	META	EUR	1	193	3137	5	590.957683324814	1	2	2	6
TG	META	EUR	1	201	2902	5	26.0217587947845	0	0	1	9
TG	META	EUR	1	202	2859	5	25.2272214889526	0	0	0	0
TG	META	EUR	1	203	2204	5	22.9894506931305	0	0	0	0
TG	META	EUR	1	207	1679	5	20.0180692672729	0	0	1	16
TG	META	EUR	1	208	1974	5	23.4750559329987	0	0	1	17
TG	META	EUR	1	209	779	5	4.44065237045288	0	0	0	0
TG	META	EUR	1	211	1395	5	3.1249692440033	0	0	1	4
TG	META	EUR	1	212	1950	5	10.84108710289	0	0	0	0
TG	META	EUR	1	213	1526	5	1805.89966702461	0	1	1	3
TG	META	EUR	1	214	1369	5	4.47649550437927	0	0	1	11
TG	META	EUR	1	217	1339	5	10.5620536804199	0	0	0	0
TG	META	EUR	1	219	2355	5	30.2783572673798	0	0	1	28
TG	META	EUR	1	221	2474	5	7.82666754722595	1	1	2	8
TG	META	EUR	1	226	1266	5	1339.70178866386	0	0	0	0
TG	META	EUR	1	228	1385	5	15.060186624527	0	0	0	0
TG	META	EUR	1	233	3388	5	676.362963676453	0	1	2	7
TG	META	EUR	1	234	3910	5	73.5943870544434	2	2	2	2
TG	META	EUR	1	235	2570	5	22.5349526405334	0	0	0	0
TG	META	EUR	1	238	4970	5	149.106665372849	0	1	1	4
TG	META	EUR	1	239	1373	5	9.05227017402649	0	0	0	0
TG	META	EUR	1	240	5176	5	1980.80472970009	0	0	2	13
TG	META	EUR	1	242	1335	5	7.55431485176086	0	1	2	22
TG	META	EUR	1	243	1579	5	1495.23846745491	0	0	1	5
TG	META	EUR	1	244	3302	5	59.3661794662476	1	1	1	1
TG	META	EUR	1	248	1887	5	18.745368719101	0	0	0	0
TG	META	EUR	1	252	1273	5	7.39359474182129	0	0	2	21
TG	META	EUR	1	254	2227	5	16.067277431488	0	1	1	7
TG	META	EUR	1	255	1245	5	5.57867121696472	0	0	0	0
TG	META	EUR	1	257	1437	5	15.0199100971222	0	0	1	58
TG	META	EUR	1	264	1577	5	15.3243775367737	0	0	0	0
TG	META	EUR	1	274	3337	5	51.5556316375732	0	0	0	0
TG	META	EUR	1	277	772	5	2.89030814170837	0	0	0	0
TG	META	EUR	1	280	5116	5	98.1432874202728	0	0	0	0
TG	META	EUR	2	1	662	5	1064.61454224586	0	0	2	73
TG	META	EUR	2	2	4187	5	83.9221751689911	0	0	0	0
TG	META	EUR	2	6	1473	5	4.01498031616211	1	2	2	3
TG	META	EUR	2	7	988	5	3.79405665397644	1	1	1	1
TG	META	EUR	2	21	954	5	11.3761441707611	0	1	1	5
TG	META	EUR	2	34	3500	5	51.1189875602722	0	0	0	0
TG	META	EUR	2	41	1711	5	7.51543974876404	0	0	2	19
TG	META	EUR	2	43	395	5	2.97140288352966	0	3	2	4
TG	META	EUR	2	44	1682	5	1924.53534054756	0	1	1	2
TG	META	EUR	2	45	3319	5	1069.75419139862	1	2	2	3
TG	META	EUR	2	47	3999	5	76.0689649581909	0	0	0	0
TG	META	EUR	2	48	2422	5	1140.82583808899	1	3	3	11
TG	META	EUR	2	49	3442	5	2757.64187955856	1	1	1	1
TG	META	EUR	2	50	2190	5	86.3456633090973	1	2	2	3
TG	META	EUR	2	55	6312	5	198.967964172363	0	0	0	0
TG	META	EUR	2	63	2391	5	31.0528573989868	0	0	0	0
TG	META	EUR	2	66	5511	5	175.540014743805	0	0	1	21
TG	META	EUR	2	69	3001	5	25.3713369369507	0	0	0	0
TG	META	EUR	2	71	2360	5	17.3844046592712	0	0	3	34
TG	META	EUR	2	72	4059	5	69.2219796180725	0	0	0	0
TG	META	EUR	2	74	1442	5	5.7080717086792	0	1	1	5
TG	META	EUR	2	76	1960	5	18.6525564193726	0	0	0	0
TG	META	EUR	2	79	3819	5	2467.84733772278	0	1	1	4
TG	META	EUR	2	80	6020	5	2932.97098731995	0	0	2	79
TG	META	EUR	2	84	8188	5	2512.7419025898	0	0	0	0
TG	META	EUR	2	85	7335	5	2408.24488997459	0	0	1	4
TG	META	EUR	2	86	3201	5	38.2061212062836	0	0	1	11
TG	META	EUR	2	87	1204	5	17.4379897117615	0	0	0	0
TG	META	EUR	2	88	9806	5	3076.64069485664	0	0	3	60
TG	META	EUR	2	89	2238	5	35.2213304042816	0	0	2	17
TG	META	EUR	2	90	1948	5	14.5533282756805	0	0	1	16
TG	META	EUR	2	95	2031	5	14.0545561313629	0	0	1	11
TG	META	EUR	2	99	2023	5	22.3563981056213	0	1	1	9
TG	META	EUR	2	115	4027	5	93.9320542812347	0	0	0	0
TG	META	EUR	2	117	2259	5	10.778080701828	0	0	1	8
TG	META	EUR	2	122	1826	5	1981.91375422478	0	1	0	0
TG	META	EUR	2	123	300	5	13.7206721305847	0	1	1	2
TG	META	EUR	2	124	2894	5	44.9208426475525	0	0	2	32
TG	META	EUR	2	125	2437	5	15.3460426330566	0	0	0	0
TG	META	EUR	2	128	4713	5	121.216775655746	0	0	1	14
TG	META	EUR	2	131	133	5	6.70024538040161	1	1	2	3
TG	META	EUR	2	132	527	5	7.69602394104004	0	0	1	10
TG	META	EUR	2	138	4108	5	72.162588596344	0	1	0	0
TG	META	EUR	2	153	3838	5	2034.0825343132	0	0	2	50
TG	META	EUR	2	159	5345	5	171.547653198242	0	0	0	0
TG	META	EUR	2	161	4217	5	92.9183571338654	0	0	0	0
TG	META	EUR	2	163	176	5	7.15090274810791	0	0	0	0
TG	META	EUR	2	164	831	5	8.59149813652039	0	0	0	0
TG	META	EUR	2	166	6407	5	2480.92398524284	0	2	3	22
TG	META	EUR	2	168	2662	5	2202.13823151588	1	1	1	1
TG	META	EUR	2	169	2816	5	422.157415390015	0	1	0	0
TG	META	EUR	2	171	4093	5	54.0529491901398	0	0	1	22
TG	META	EUR	2	174	1030	5	15.7358865737915	0	0	0	0
TG	META	EUR	2	176	3802	5	82.8111364841461	0	0	1	20
TG	META	EUR	2	180	2527	5	26.2967419624329	0	0	0	0
TG	META	EUR	2	181	3905	5	78.2320284843445	0	0	0	0
TG	META	EUR	2	184	4853	5	1391.86326956749	0	1	2	15
TG	META	EUR	2	186	4201	5	65.8490591049194	0	0	1	16
TG	META	EUR	2	195	6636	5	155.741084098816	0	0	0	0
TG	META	EUR	2	197	3290	5	71.9973425865173	0	0	0	0
TG	META	EUR	2	198	2358	5	25.1143894195557	0	0	1	25
TG	META	EUR	2	199	4033	5	81.3216555118561	0	0	2	58
TG	META	EUR	2	201	3393	5	38.9236583709717	0	0	1	17
TG	META	EUR	2	202	630	5	6.25489163398743	0	0	1	5
TG	META	EUR	2	205	1959	5	16.2986421585083	0	1	2	22
TG	META	EUR	2	210	1913	5	14.5527846813202	0	0	0	0
TG	META	EUR	2	211	3341	5	43.3660249710083	0	0	0	0
TG	META	EUR	2	213	6522	5	194.456690311432	0	0	0	0
TG	META	EUR	2	214	1430	5	15.3631677627563	0	0	0	0
TG	META	EUR	2	217	1519	5	1285.07954025269	0	0	2	59
TG	META	EUR	2	218	1240	5	657.922693014145	3	3	3	3
TG	META	EUR	2	230	1903	5	159.147404432297	0	0	3	41
TG	META	EUR	2	231	889	5	7.69759297370911	0	0	1	21
TG	META	EUR	2	235	1414	5	17.3750061988831	0	0	2	19
TG	META	EUR	2	237	2714	5	32.4509046077728	0	0	0	0
TG	META	EUR	2	240	2606	5	32.0100710391998	0	0	1	12
TG	META	EUR	2	242	2220	5	22.3534052371979	0	0	1	29
TG	META	EUR	2	250	5007	5	117.202726602554	0	1	0	0
TG	META	EUR	2	251	1918	5	15.7676057815552	0	0	1	7
TG	META	EUR	2	256	2602	5	30.0656905174255	0	1	0	0
TG	META	EUR	3	1	10859	5	663.159625530243	0	0	0	0
TG	META	EUR	3	8	964	5	14.3502659797668	0	0	1	9
TG	META	EUR	3	9	901	5	11.8805410861969	1	1	1	1
TG	META	EUR	3	20	3239	5	45.696558713913	0	1	1	5
TG	META	EUR	3	23	2000	5	27.7267892360687	0	0	1	24
TG	META	EUR	3	24	3325	10	2714.06735444069	1	1	3	24
TG	META	EUR	3	30	3288	5	48.3010969161987	0	0	1	95
TG	META	EUR	3	31	1648	5	999.994507789612	0	0	2	41
TG	META	EUR	3	33	895	5	2.91787552833557	0	0	1	36
TG	META	EUR	3	35	3388	5	60.9275186061859	0	0	0	0
TG	META	EUR	3	39	4344	5	85.903657913208	0	0	1	25
TG	META	EUR	3	40	2079	5	22.0817849636078	0	0	1	10
TG	META	EUR	3	41	4293	5	120.361045837402	1	1	1	1
TG	META	EUR	3	49	4318	5	64.0343091487885	0	0	0	0
TG	META	EUR	3	55	1657	5	10.0214290618896	0	0	1	36
TG	META	EUR	3	57	1983	5	18.2106277942657	0	0	1	12
TG	META	EUR	3	60	5518	5	154.207192420959	0	0	0	0
TG	META	EUR	3	62	1922	5	25.8272457122803	0	0	1	7
TG	META	EUR	3	65	1376	5	11.8096218109131	0	0	0	0
TG	META	EUR	3	70	2946	5	44.4796535968781	0	0	0	0
TG	META	EUR	3	71	3634	5	85.2114496231079	0	0	1	21
TG	META	EUR	3	77	6277	5	109.316379308701	1	1	1	1
TG	META	EUR	3	83	4802	5	90.3585085868835	0	0	0	0
TG	META	EUR	3	85	2014	5	477.452651023865	0	1	1	3
TG	META	EUR	3	88	2964	5	54.9346950054169	0	0	1	21
TG	META	EUR	3	89	3062	5	2648.81896305084	0	0	2	56
TG	META	EUR	3	114	2289	5	15.3050172328949	0	0	1	11
TG	META	EUR	3	115	2769	5	27.8111507892609	0	0	0	0
TG	META	EUR	3	120	2796	5	36.5417900085449	0	0	0	0
TG	META	EUR	3	121	3463	5	61.2170236110687	0	0	0	0
TG	META	EUR	3	124	547	5	1150.69329023361	0	0	2	41
TG	META	EUR	3	132	4205	5	92.78560090065	0	0	0	0
TG	META	EUR	3	133	1998	5	10.0480239391327	0	0	1	17
TG	META	EUR	3	136	1686	5	12.564448595047	0	0	1	16
TG	META	EUR	3	140	3733	5	51.2068724632263	0	0	1	4
TG	META	EUR	3	145	3409	5	1975.81716561317	0	0	3	52
TG	META	EUR	3	150	3370	5	70.4133431911469	0	0	0	0
TG	META	EUR	3	155	3062	5	54.2454631328583	1	1	1	1
TG	META	EUR	3	161	4110	5	1709.10326004028	0	0	2	18
TG	META	EUR	3	162	4576	5	91.1613318920135	0	2	2	6
TG	META	EUR	3	172	2213	5	20.4818520545959	0	0	1	21
TG	META	EUR	3	173	1410	5	22.9622893333435	0	0	0	0
TG	META	EUR	3	174	886	5	4.56723260879517	0	0	1	26
TG	META	EUR	3	175	1093	5	14.3259057998657	1	1	2	4
TG	META	EUR	3	186	4052	5	36.3993644714355	0	0	2	8
TG	META	EUR	3	191	2148	5	23.5399277210236	0	0	0	0
TG	META	EUR	3	193	3397	5	2384.97856903076	0	0	1	12
TG	META	EUR	3	196	784	5	10.0109686851501	0	0	1	8
TG	META	EUR	3	214	3900	5	43.4663391113281	0	0	0	0
TG	META	EUR	4	1	9611	5	4242.63428497314	1	2	3	8
TG	META	EUR	4	4	2479	5	31.3555781841278	1	1	1	1
TG	META	EUR	4	19	1634	5	15.3492987155914	0	0	0	0
TG	META	EUR	4	21	5116	5	123.78756737709	0	0	0	0
TG	META	EUR	4	28	2760	5	1352.05049467087	0	1	0	0
TG	META	EUR	4	32	3706	5	2496.54807543755	0	0	1	30
TG	META	EUR	4	42	522	5	1172.54519677162	0	0	1	4
TG	META	EUR	4	43	1712	5	14.7245545387268	0	0	0	0
TG	META	EUR	4	48	3101	5	44.9509928226471	0	0	0	0
TG	META	EUR	4	54	7097	5	275.363594055176	0	0	0	0
TG	META	EUR	4	55	2591	5	34.0389108657837	0	0	0	0
TG	META	EUR	4	64	4838	5	82.1063766479492	0	0	0	0
TG	META	EUR	4	66	2430	5	28.04518699646	0	0	1	22
TG	META	EUR	4	74	3052	5	58.7047333717346	0	0	0	0
TG	META	EUR	4	80	3407	5	3331.99764800072	0	1	2	34
TG	META	EUR	4	82	1265	5	6.99866008758545	0	0	1	7
TG	META	EUR	4	84	2895	5	16.2604448795319	0	0	0	0
TG	META	EUR	4	87	4476	5	1925.54239249229	0	0	2	13
TG	META	EUR	4	90	2907	5	22.0112400054932	0	0	0	0
TG	META	EUR	4	95	1164	5	10.1873714923859	0	0	0	0
TG	META	EUR	4	97	1730	5	23.9295210838318	0	0	1	36
TG	META	EUR	4	101	3592	5	2201.16822218895	0	1	1	3
TG	META	EUR	4	102	2087	5	29.0182771682739	0	1	0	0
TG	META	EUR	4	103	1547	5	1254.21837639809	0	0	1	11
TG	META	EUR	4	109	1453	5	21.545342206955	0	0	0	0
TG	META	EUR	4	112	4879	5	126.043622255325	0	0	0	0
TG	META	EUR	4	113	3917	5	2031.17161989212	1	3	3	6
TG	META	EUR	4	114	3535	5	55.4538340568542	0	0	0	0
TG	META	EUR	4	115	1507	5	23.7236440181732	1	1	1	1
TG	META	EUR	4	116	2670	5	43.2313501834869	0	0	0	0
TG	META	EUR	4	117	3436	5	48.2168724536896	0	0	1	17
TG	META	EUR	4	121	2432	5	2657.7965631485	1	1	3	26
TG	META	EUR	4	122	1057	5	5.35961580276489	1	1	1	1
TG	META	EUR	4	133	3262	5	39.4634454250336	0	0	0	0
TG	META	EUR	4	134	5243	5	109.336553812027	1	1	2	4
TG	META	EUR	4	136	4782	5	153.067464828491	0	0	1	70
TG	META	EUR	4	139	5252	5	118.175282001495	0	0	0	0
TG	META	EUR	4	147	1413	5	14.6925623416901	0	0	1	27
TG	META	EUR	4	148	1994	5	13.3400602340698	0	0	1	4
TG	META	EUR	4	149	2832	5	32.1673257350922	0	0	1	6
TG	META	EUR	4	150	2944	5	32.9276258945465	0	0	1	25
TG	META	EUR	4	153	3190	5	36.5268430709839	0	0	1	26
TG	META	EUR	4	154	1248	5	10.0277242660522	0	0	1	9
TG	META	EUR	4	156	4554	5	98.0236988067627	0	0	0	0
TG	META	EUR	4	159	1297	5	15.0174152851105	0	0	1	10
TG	META	EUR	4	161	1242	5	16.0122513771057	1	1	1	1
TG	META	EUR	4	162	2258	5	23.3616735935211	1	1	1	1
TG	META	EUR	4	165	2403	5	17.9202358722687	0	0	1	25
TG	META	EUR	4	180	3178	5	51.474396944046	0	0	0	0
TG	META	EUR	4	184	1574	5	13.0431039333344	0	0	1	30
TG	META	EUR	4	199	688	5	5.92072081565857	1	1	1	1
TG	META	EUR	5	27	5265	5	120.894345521927	0	0	0	0
TG	META	EUR	5	33	1833	5	18.1757402420044	0	0	0	0
TG	META	EUR	5	49	874	5	8.07601690292358	0	0	1	9
TG	META	EUR	5	64	3935	5	3057.9485809803	0	0	1	4
TG	META	EUR	5	66	2566	5	37.186128616333	0	0	0	0
TG	META	EUR	5	68	961	5	763.744345426559	1	1	1	1
TG	META	EUR	5	69	1350	5	867.828962564468	0	3	4	31
TG	META	EUR	5	71	4163	5	78.1900885105133	0	0	1	4
TG	META	EUR	5	72	4533	5	90.8597240447998	0	1	0	0
TG	META	EUR	5	74	6052	5	139.388930797577	0	0	0	0
TG	META	EUR	5	78	1140	5	5.26459431648254	1	1	1	1
TG	META	EUR	5	81	2404	5	1900.86700892448	0	0	2	85
TG	META	EUR	5	85	3348	5	137.78448843956	0	0	0	0
TG	META	EUR	5	88	1439	5	16.1412045955658	0	0	0	0
TG	META	EUR	5	92	2098	5	12.9082782268524	0	0	1	43
TG	META	EUR	5	96	3344	5	30.7350451946259	0	0	0	0
TG	META	EUR	5	97	2010	5	20.1228265762329	0	1	1	2
TG	META	EUR	5	102	4502	5	1989.03251624107	0	0	0	0
TG	META	EUR	5	103	2797	5	36.0702018737793	0	0	1	10
TG	META	EUR	5	108	1354	5	6.68773436546326	0	0	1	44
TG	META	EUR	5	109	1728	5	20.5449714660645	0	0	2	9
TG	META	EUR	5	111	3868	5	56.2608237266541	0	0	0	0
TG	META	EUR	5	114	9397	5	538.492901563644	0	0	0	0
TG	META	EUR	5	116	3895	5	22.6895482540131	0	1	0	0
TG	META	EUR	5	120	3836	5	22.5852313041687	0	0	1	35
TG	META	EUR	5	127	5530	5	223.125804424286	0	0	1	5
TG	META	EUR	5	130	4173	5	74.8691687583923	0	0	0	0
TG	META	EUR	5	136	3883	5	48.9885032176971	0	0	1	8
TG	META	EUR	5	142	2788	5	34.5256328582764	0	0	1	21
TG	META	EUR	5	145	4905	5	106.903465270996	0	0	1	31
TG	META	EUR	5	146	4108	5	84.7294414043427	0	0	1	15
TG	META	EUR	5	147	1747	5	13.2604460716248	0	0	1	6
TG	META	EUR	5	152	4797	5	102.010255098343	0	0	1	10
TG	META	EUR	5	156	2118	5	27.4408705234528	0	0	1	42
TG	META	EUR	5	158	1968	5	21.9295854568481	0	0	1	6
TG	META	EUR	5	159	429	5	4.1195375919342	0	1	0	0
TG	META	EUR	5	164	2111	5	26.4631090164185	0	0	0	0
TG	META	EUR	5	166	3309	5	3084.67678141594	0	0	2	50
TG	META	EUR	5	167	2437	5	36.5075969696045	0	1	0	0
TG	META	EUR	5	168	3072	5	2723.34266209602	0	0	1	5
TG	META	EUR	5	174	2941	5	10.763489484787	0	0	0	0
TG	META	EUR	5	177	2409	5	23.9786403179169	0	0	0	0
TG	META	EUR	5	181	978	5	12.4613325595856	0	0	0	0
TG	META	EUR	5	182	1204	5	12.7619240283966	0	0	1	6
TG	META	EUR	5	191	4312	5	89.2404692173004	0	0	0	0
TG	META	EUR	5	192	547	5	3.56349492073059	0	0	1	3
TG	META	EUR	5	193	956	5	10.8268113136292	0	0	1	6
TG	META	EUR	5	194	1211	5	7.90360713005066	0	0	1	6
TG	META	EUR	5	202	1875	5	2553.80958890915	0	1	2	10
TG	META	EUR	5	205	1486	5	9.9802098274231	0	0	0	0
TG	META	EUR	6	3	609	5	8.18180680274963	0	0	1	8
TG	META	EUR	6	19	2621	5	682.418831348419	0	0	0	0
TG	META	EUR	6	21	1776	5	14.309951543808	0	0	0	0
TG	META	EUR	6	27	1539	5	7.11050534248352	0	1	0	0
TG	META	EUR	6	29	2476	5	21.5063173770905	0	0	1	5
TG	META	EUR	6	32	875	5	11.9427404403687	0	0	1	4
TG	META	EUR	6	39	4562	5	3042.80119776726	0	0	2	42
TG	META	EUR	6	43	2932	5	2286.6458940506	0	1	4	38
TG	META	EUR	6	46	250	5	7.57395792007446	0	0	1	23
TG	META	EUR	6	47	3739	5	99.2890338897705	0	0	0	0
TG	META	EUR	6	51	5667	5	2141.41612815857	0	1	2	20
TG	META	EUR	6	52	1798	5	7.51630115509033	0	0	1	6
TG	META	EUR	6	53	1636	5	26.2515153884888	0	0	1	22
TG	META	EUR	6	56	1765	5	5.52283453941345	0	0	0	0
TG	META	EUR	6	57	1787	5	22.2781894207001	0	0	1	10
TG	META	EUR	6	58	3089	5	47.4821445941925	0	1	1	2
TG	META	EUR	6	60	1692	5	12.8685553073883	0	1	1	6
TG	META	EUR	6	63	2663	10	1169.98779201508	3	8	7	32
TG	META	EUR	6	64	292	5	852.276883840561	1	1	2	10
TG	META	EUR	6	73	444	5	9.68558287620544	0	1	1	7
TG	META	EUR	6	74	1493	5	14.6843590736389	0	0	0	0
TG	META	EUR	6	75	420	5	4.32651543617249	0	0	0	0
TG	META	EUR	6	76	4915	5	126.33914899826	0	0	0	0
TG	META	EUR	6	81	6321	5	167.014446496964	0	0	0	0
TG	META	EUR	6	88	8269	5	515.860661029816	0	0	1	87
TG	META	EUR	6	94	4181	5	1973.9224729538	0	0	0	0
TG	META	EUR	6	97	2713	5	28.1999981403351	0	0	1	30
TG	META	EUR	6	98	3389	5	52.9069466590881	0	0	0	0
TG	META	EUR	6	99	3652	5	76.3192446231842	0	0	1	9
TG	META	EUR	6	100	66	5	1.29796385765076	0	0	1	4
TG	META	EUR	6	105	2838	5	925.611548423767	0	0	0	0
TG	META	EUR	6	106	2228	5	24.3186979293823	0	0	1	5
TG	META	EUR	6	108	883	5	1827.92821669579	0	0	1	21
TG	META	EUR	6	109	2373	5	1646.46803760529	0	1	1	3
TG	META	EUR	6	111	1740	5	22.0599617958069	0	0	1	27
TG	META	EUR	6	112	2789	5	17.1277508735657	1	1	2	24
TG	META	EUR	6	116	3881	5	38.1989121437073	0	0	0	0
TG	META	EUR	6	124	4264	5	3908.24940609932	0	1	1	2
TG	META	EUR	6	125	2720	5	27.8432829380035	0	1	0	0
TG	META	EUR	6	127	2160	5	10.899388551712	0	0	1	8
TG	META	EUR	6	130	3633	5	65.589447259903	0	0	2	17
TG	META	EUR	6	140	1867	5	8.19465517997742	0	0	0	0
TG	META	EUR	6	143	67	5	9.65824580192566	1	1	1	1
TG	META	EUR	6	146	1464	5	11.1824238300323	0	1	1	3
TG	META	EUR	6	149	4073	5	90.5076797008514	0	0	0	0
TG	META	EUR	6	154	2070	5	31.8705720901489	0	0	1	4
TG	META	EUR	6	157	1332	5	14.2424430847168	0	0	0	0
TG	META	EUR	6	158	2348	5	37.6016812324524	0	0	1	11
TG	META	EUR	6	160	2988	5	2440.02195382118	0	0	2	24
TG	META	EUR	6	161	2374	5	37.7740609645844	0	0	0	0
TG	META	EUR	6	169	5971	10	8945.70634913445	1	1	3	12
TG	META	EUR	6	173	2977	5	52.4979586601257	0	0	1	34
TG	META	EUR	6	175	1849	5	5.51742339134216	0	1	3	19
TG	META	EUR	6	178	1000	5	13.595400094986	0	0	1	9
TG	META	EUR	6	179	1713	5	7.02744936943054	0	0	1	7
TG	META	EUR	6	182	2247	5	32.5894312858582	0	0	1	10
TG	META	EUR	7	3	2288	5	10.4947452545166	0	0	1	6
TG	META	EUR	7	8	5747	5	94.6409344673157	0	0	1	45
TG	META	EUR	7	11	2671	5	31.0388531684875	0	0	0	0
TG	META	EUR	7	12	4752	5	104.33173418045	0	1	1	6
TG	META	EUR	7	13	1870	5	9.86919045448303	0	0	0	0
TG	META	EUR	7	25	3868	5	74.6152837276459	0	0	1	15
TG	META	EUR	7	26	3762	5	61.4605412483215	0	0	1	22
TG	META	EUR	7	29	2750	5	36.1243958473206	0	0	0	0
TG	META	EUR	7	30	2949	5	58.5508449077606	0	0	0	0
TG	META	EUR	7	31	2743	5	33.9326167106628	0	1	1	7
TG	META	EUR	7	32	3198	5	3287.43745803833	0	0	1	3
TG	META	EUR	7	33	4010	5	68.6049416065216	0	0	1	8
TG	META	EUR	7	35	3364	5	37.0399639606476	0	0	0	0
TG	META	EUR	7	37	3474	5	2002.22448801994	0	1	2	24
TG	META	EUR	7	41	3054	5	14.3780016899109	0	0	1	36
TG	META	EUR	7	42	3107	5	4343.01488518715	1	2	2	3
TG	META	EUR	7	43	4068	5	66.2009994983673	0	0	0	0
TG	META	EUR	7	44	577	5	6.1455225944519	0	1	1	4
TG	META	EUR	7	45	1329	5	20.2557315826416	0	0	0	0
TG	META	EUR	7	48	648	5	9.10061383247375	0	0	0	0
TG	META	EUR	7	50	2107	5	30.0025012493134	0	0	0	0
TG	META	EUR	7	54	3176	5	35.3439593315125	0	0	0	0
TG	META	EUR	7	58	3099	5	1656.15087938309	0	0	2	34
TG	META	EUR	7	64	251	5	5.89220356941223	0	0	1	14
TG	META	EUR	7	66	1421	5	1159.66620826721	0	0	2	29
TG	META	EUR	7	67	7599	5	3669.97309827805	1	1	4	56
TG	META	EUR	7	69	2056	5	27.2630624771118	0	0	0	0
TG	META	EUR	7	73	1059	5	7.68970561027527	0	0	0	0
TG	META	EUR	7	74	1381	5	17.9422764778137	0	0	0	0
TG	META	EUR	7	85	3525	5	3625.37219834328	0	0	1	3
TG	META	EUR	7	86	1224	10	1658.16398596764	3	4	4	5
TG	META	EUR	7	87	387	5	7.32841396331787	0	1	2	12
TG	META	EUR	7	88	4002	5	57.0111353397369	1	3	2	5
TG	META	EUR	7	93	1278	5	10.4085977077484	0	0	1	33
TG	META	EUR	7	95	1944	5	2434.69639205933	0	0	2	20
TG	META	EUR	7	103	2428	5	16.6905746459961	0	0	0	0
TG	META	EUR	7	109	2276	5	23.5131094455719	0	0	0	0
TG	META	EUR	7	114	4823	5	191.657581806183	0	0	0	0
TG	META	EUR	7	118	1231	5	21.3852579593658	0	0	0	0
TG	META	EUR	7	119	2161	5	27.6825339794159	0	0	1	36
TG	META	EUR	7	120	389	5	10.4056036472321	0	1	1	5
TG	META	EUR	7	121	5335	5	3373.84898114204	0	0	2	58
TG	META	EUR	7	125	3373	5	53.5169968605042	0	0	0	0
TG	META	EUR	7	127	979	5	10.8530497550964	0	0	1	6
TG	META	EUR	7	128	1024	5	7.72849559783936	0	0	1	24
TG	META	EUR	7	132	5918	5	166.082211494446	0	0	0	0
TG	META	EUR	7	133	5936	5	4544.09165215492	0	0	1	5
TG	META	EUR	7	143	1038	5	5.37232708930969	0	0	1	12
TG	META	EUR	7	145	2029	5	19.3788726329803	0	0	1	40
TG	META	EUR	7	147	1382	5	7.02556753158569	0	0	0	0
TG	META	EUR	7	148	1696	5	13.9561712741852	0	0	0	0
TG	META	EUR	7	161	729	5	12.1504514217377	0	0	0	0
TG	META	EUR	7	162	5311	5	2969.15124154091	0	0	2	38
TG	META	EUR	7	169	603	5	4.37145042419434	0	0	1	24
TG	META	EUR	7	177	1028	5	12.9371900558472	0	0	1	4
TG	META	EUR	7	184	2626	5	61.1154470443726	0	0	1	13
TG	META	EUR	8	13	998	5	7.51772546768188	0	0	1	21
TG	META	EUR	8	17	2980	5	43.4419820308685	0	0	1	31
TG	META	EUR	8	20	2472	5	46.0790569782257	0	0	0	0
TG	META	EUR	8	21	2717	5	25.8827729225159	0	0	1	11
TG	META	EUR	8	24	5332	5	180.98473739624	0	1	0	0
TG	META	EUR	8	27	2064	5	7.19956111907959	0	0	0	0
TG	META	EUR	8	28	1257	5	12.8192925453186	0	0	0	0
TG	META	EUR	8	29	5282	5	3823.83037304878	1	1	1	1
TG	META	EUR	8	31	666	5	7.36249017715454	0	0	0	0
TG	META	EUR	8	32	3679	5	4364.00712227821	0	1	1	2
TG	META	EUR	8	33	3069	10	3059.19767093658	1	1	2	13
TG	META	EUR	8	34	1620	5	7.39066529273987	0	0	1	3
TG	META	EUR	8	35	1388	5	22.9008538722992	0	0	0	0
TG	META	EUR	8	38	1220	5	15.8011615276337	0	1	1	4
TG	META	EUR	8	39	2287	5	36.232480764389	0	0	1	8
TG	META	EUR	8	40	2922	5	41.2109489440918	0	1	1	2
TG	META	EUR	8	41	1929	5	11.5839955806732	1	1	2	16
TG	META	EUR	8	42	3825	5	1649.98305392265	0	0	2	17
TG	META	EUR	8	46	1150	5	4.88978576660156	0	0	0	0
TG	META	EUR	8	48	2716	5	61.7888162136078	0	0	0	0
TG	META	EUR	8	51	4201	5	85.1293227672577	0	0	0	0
TG	META	EUR	8	53	2406	5	35.1856367588043	0	0	1	6
TG	META	EUR	8	54	904	5	12.1997852325439	0	0	1	5
TG	META	EUR	8	55	2225	5	12.7500414848328	0	0	1	4
TG	META	EUR	8	65	1811	5	21.1683857440948	0	0	1	11
TG	META	EUR	8	66	3812	5	70.953928232193	0	0	0	0
TG	META	EUR	8	68	2401	5	33.9209699630737	0	0	2	10
TG	META	EUR	8	69	4795	5	144.185395479202	0	0	1	25
TG	META	EUR	8	71	3182	5	34.983894109726	0	0	0	0
TG	META	EUR	8	77	2896	5	3252.48362851143	0	0	0	0
TG	META	EUR	8	78	639	5	1436.64604711533	0	0	0	0
TG	META	EUR	8	80	1348	5	13.110586643219	0	0	1	12
TG	META	EUR	8	83	4786	5	1912.29477715492	0	0	0	0
TG	META	EUR	8	84	6679	5	281.242851734161	0	0	0	0
TG	META	EUR	8	85	2550	5	28.2404811382294	0	0	0	0
TG	META	EUR	8	86	567	5	7.17865228652954	0	0	0	0
TG	META	EUR	8	88	3251	5	39.7275943756104	0	0	1	19
TG	META	EUR	8	92	3311	5	32.5860531330109	0	0	0	0
TG	META	EUR	8	107	1042	5	13.0754005908966	0	1	1	3
TG	META	EUR	8	108	5083	5	145.501050949097	0	0	1	15
TG	META	EUR	8	113	2167	5	1989.81698799133	0	0	2	89
TG	META	EUR	8	114	1777	5	15.485639333725	0	0	1	6
TG	META	EUR	8	124	1811	5	1664.42712664604	1	2	3	9
TG	META	EUR	8	125	811	5	1908.64463639259	1	1	1	1
TG	META	EUR	8	126	304	5	7.54464340209961	2	5	3	4
TG	META	EUR	8	130	1634	5	8.88279342651367	0	1	0	0
TG	META	EUR	8	133	2575	5	24.3076982498169	0	1	1	2
TG	META	EUR	8	141	1881	5	1830.51619362831	0	0	0	0
TG	META	EUR	8	154	1818	5	1854.48746967316	0	0	0	0
TG	META	EUR	8	159	2186	5	40.879367351532	0	0	1	9
TG	META	EUR	9	1	4405	5	2394.72594499588	0	0	1	5
TG	META	EUR	9	4	2653	5	1822.69080591202	0	1	2	20
TG	META	EUR	9	9	1912	5	16.7652053833008	0	0	0	0
TG	META	EUR	9	13	4349	5	1663.74582791328	0	0	2	77
TG	META	EUR	9	27	6921	5	3573.6448123455	0	0	3	85
TG	META	EUR	9	28	2167	5	54.513839006424	0	1	0	0
TG	META	EUR	9	31	3692	5	776.158373594284	0	1	3	20
TG	META	EUR	9	32	1463	5	1931.89508032799	0	1	0	0
TG	META	EUR	9	33	2492	5	2546.02559518814	0	1	1	3
TG	META	EUR	9	39	1083	5	9.35992312431335	0	0	1	6
TG	META	EUR	9	41	489	5	2.40846633911133	1	1	1	1
TG	META	EUR	9	48	609	5	6.86678171157837	0	0	1	6
TG	META	EUR	9	50	3621	5	75.7346248626709	0	0	0	0
TG	META	EUR	9	53	4664	5	143.080779790878	0	0	2	15
TG	META	EUR	9	71	362	5	3.27569937705994	0	1	1	5
TG	META	EUR	9	72	796	5	6.4714412689209	0	0	0	0
TG	META	EUR	9	77	1591	5	17.6642229557037	0	1	1	1
TG	META	EUR	9	84	2356	5	31.8592095375061	0	0	1	22
TG	META	EUR	9	93	3017	5	559.051003456116	0	0	0	0
TG	META	EUR	9	97	1351	5	3.84922695159912	0	1	0	0
TG	META	EUR	9	98	3876	5	41.9335806369781	0	0	2	36
TG	META	EUR	9	100	3508	5	55.9558305740356	0	0	1	10
TG	META	EUR	9	102	3575	5	62.6592116355896	0	0	1	61
TG	META	EUR	9	105	807	5	12.0707952976227	0	0	0	0
TG	META	EUR	9	106	3517	5	21.0240550041199	0	1	0	0
TG	META	EUR	9	107	913	5	11.3711791038513	0	1	1	3
TG	META	EUR	9	110	4301	5	117.661960840225	0	1	1	5
TG	META	EUR	9	111	187	5	541.867102384567	0	1	1	2
TG	META	EUR	9	112	4165	5	4178.01816225052	0	0	0	0
TG	META	EUR	9	114	1494	5	12.7859735488892	0	0	1	4
TG	META	EUR	9	115	4314	5	120.895207166672	0	0	0	0
TG	META	EUR	9	116	2266	5	2755.76483511925	0	1	1	2
TG	META	EUR	9	118	5128	5	3492.31455039978	0	1	0	0
TG	META	EUR	9	124	1974	5	35.1517198085785	0	2	2	4
TG	META	EUR	9	128	203	5	8.31849598884583	0	0	1	11
TG	META	EUR	9	129	2851	5	50.4088864326477	0	0	1	18
TG	META	EUR	9	134	4836	5	34.274270772934	0	0	1	33
TG	META	EUR	9	135	2197	5	14.1360883712769	0	0	1	68
TG	META	EUR	9	136	2367	5	2147.30904102325	0	0	0	0
TG	META	EUR	9	138	3720	5	54.3329689502716	0	0	0	0
TG	META	EUR	9	140	5133	5	118.226100921631	0	0	0	0
TG	META	EUR	9	142	1755	5	772.289977312088	0	0	0	0
TG	META	EUR	9	149	1801	5	21.4002676010132	0	1	0	0
TG	META	EUR	9	160	843	5	11.1048822402954	0	0	1	10
TG	META	EUR	9	161	881	5	9.86449980735779	0	0	1	21
TG	META	EUR	10	13	2260	5	35.0638334751129	0	1	1	10
TG	META	EUR	10	14	3234	5	15.3209676742554	0	0	1	23
TG	META	EUR	10	20	132	5	5.2044506072998	1	1	1	1
TG	META	EUR	10	22	2667	5	40.1413652896881	0	0	1	6
TG	META	EUR	10	26	3158	5	54.3393459320068	0	1	1	3
TG	META	EUR	10	34	973	5	12.5139009952545	0	1	1	4
TG	META	EUR	10	43	2275	5	46.2522416114807	0	1	0	0
TG	META	EUR	10	44	1308	5	19.7535626888275	0	0	0	0
TG	META	EUR	10	45	3430	5	24.5157852172852	0	0	0	0
TG	META	EUR	10	48	3991	5	97.9465110301971	0	0	0	0
TG	META	EUR	10	49	2549	5	33.5141594409943	0	0	1	27
TG	META	EUR	10	59	1871	5	29.0074234008789	0	1	1	2
TG	META	EUR	10	60	4074	5	99.8180317878723	0	0	2	20
TG	META	EUR	10	61	1565	5	16.9920516014099	0	0	1	15
TG	META	EUR	10	64	668	5	10.8183445930481	0	1	1	2
TG	META	EUR	10	70	3208	5	1650.69498825073	1	1	1	1
TG	META	EUR	10	76	6048	5	104.249606609344	0	0	0	0
TG	META	EUR	10	78	1652	5	5.44809579849243	0	1	0	0
TG	META	EUR	10	79	3459	5	4115.85389447212	0	1	1	5
TG	META	EUR	10	80	3671	5	3259.51772928238	0	0	3	35
TG	META	EUR	10	81	3734	5	3033.00531768799	0	1	1	3
TG	META	EUR	10	84	5207	5	133.356802225113	0	0	0	0
TG	META	EUR	10	85	1043	5	14.8577780723572	0	0	1	31
TG	META	EUR	10	92	4942	5	3151.45588469505	0	0	2	26
TG	META	EUR	10	93	1019	5	18.2806198596954	0	0	1	12
TG	META	EUR	10	99	254	5	11.7382953166962	0	0	0	0
TG	META	EUR	10	100	1061	5	368.932715892792	0	0	1	10
TG	META	EUR	10	109	3228	5	59.3754649162292	0	0	0	0
TG	META	EUR	10	110	1116	5	1057.23241448402	0	0	0	0
TG	META	EUR	10	111	1918	5	15.6157279014587	0	0	0	0
TG	META	EUR	10	112	802	5	3.51055765151978	0	0	1	9
TG	META	EUR	10	117	4254	10	6619.70867085457	0	0	4	31
TG	META	EUR	10	120	3095	5	2878.11075878143	0	0	0	0
TG	META	EUR	10	123	2840	5	37.4278416633606	0	0	0	0
TG	META	EUR	10	124	818	5	8.42281174659729	0	0	1	8
TG	META	EUR	10	126	3515	5	61.2029519081116	0	1	1	2
TG	META	EUR	10	129	4659	5	96.4560859203339	0	0	2	19
TG	META	EUR	10	131	3980	5	101.456997871399	0	0	0	0
TG	META	EUR	10	136	5224	5	55.2376482486725	0	0	0	0
TG	META	EUR	10	137	3617	5	73.8351340293884	0	0	1	13
TG	META	EUR	10	138	695	5	13.3037939071655	1	1	2	5
TG	META	EUR	10	140	909	5	15.5382544994354	0	0	0	0
TG	META	EUR	10	142	1169	5	2024.03274655342	0	0	0	0
TG	META	EUR	10	144	1408	5	22.7554194927216	0	0	0	0
TG	META	EUR	10	145	1376	5	18.33154296875	0	0	1	29
TG	META	EUR	10	148	2385	5	42.5525331497192	0	0	1	4
TG	META	EUR	10	152	2103	5	19.7560546398163	0	0	2	15
TG	META	EUR	10	167	586	5	3.40396547317505	0	0	1	22
TG	META	EUR	10	176	2995	5	51.319032907486	1	1	1	1
TG	META	EUR	10	177	1562	5	13.9032151699066	0	0	1	6
TG	META	EUR	11	2	2416	5	1112.35789442062	0	0	1	3
TG	META	EUR	11	4	1583	5	15.0475339889526	0	0	0	0
TG	META	EUR	11	7	1391	5	838.135524988174	1	1	2	4
TG	META	EUR	11	11	2955	5	45.4672243595123	0	0	0	0
TG	META	EUR	11	14	2329	5	31.979465007782	0	0	1	15
TG	META	EUR	11	19	1244	5	12.0589706897736	0	0	1	7
TG	META	EUR	11	22	1276	5	15.7084815502167	0	0	1	5
TG	META	EUR	11	27	2489	5	25.7265264987946	0	1	2	6
TG	META	EUR	11	28	1996	5	1359.13404417038	1	1	3	15
TG	META	EUR	11	29	1332	5	9.75296378135681	0	1	1	1
TG	META	EUR	11	33	2302	5	2468.85384297371	0	0	2	50
TG	META	EUR	11	51	2553	5	40.4348809719086	0	0	1	9
TG	META	EUR	11	52	1487	5	106.19751739502	0	0	2	27
TG	META	EUR	11	53	3051	5	2002.33079719543	0	0	0	0
TG	META	EUR	11	54	2265	5	2159.84607481956	1	1	2	16
TG	META	EUR	11	56	579	5	9.71203327178955	0	0	0	0
TG	META	EUR	11	57	2306	5	44.0073502063751	0	1	1	2
TG	META	EUR	11	65	2182	5	2435.3360824585	0	1	0	0
TG	META	EUR	11	70	4273	5	21.3959934711456	0	0	1	9
TG	META	EUR	11	75	1705	5	1190.65978240967	1	3	3	6
TG	META	EUR	11	76	2068	5	3389.60143280029	0	1	1	3
TG	META	EUR	11	77	2031	5	12.5381410121918	0	0	1	19
TG	META	EUR	11	78	2126	5	1382.12180423737	1	2	3	8
TG	META	EUR	11	79	4518	5	2085.06884241104	1	1	4	15
TG	META	EUR	11	80	3101	5	1959.92957639694	1	1	2	6
TG	META	EUR	11	81	2046	5	29.473443031311	0	0	1	4
TG	META	EUR	11	83	1781	5	26.647351026535	0	0	0	0
TG	META	EUR	11	89	475	5	7.6897144317627	0	0	1	20
TG	META	EUR	11	90	4830	5	2933.72586727142	0	0	2	83
TG	META	EUR	11	104	4490	5	151.283853530884	0	0	1	8
TG	META	EUR	11	108	956	5	4.62567710876465	0	0	1	31
TG	META	EUR	11	112	3136	5	17.2333180904388	0	0	0	0
TG	META	EUR	11	114	2042	5	27.291383266449	0	0	1	23
TG	META	EUR	11	117	4952	5	144.099658727646	0	1	0	0
TG	META	EUR	11	121	2516	5	2005.42518496513	0	0	1	16
TG	META	EUR	11	123	1467	5	1578.37028002739	0	0	2	37
TG	META	EUR	11	125	2198	5	41.3339283466339	0	0	0	0
TG	META	EUR	11	126	5162	5	3267.9355225563	0	1	0	0
TG	META	EUR	11	127	599	5	7.46047902107239	1	4	3	6
TG	META	EUR	11	128	396	5	943.675942420959	1	1	2	8
TG	META	EUR	11	129	2494	5	4373.4641327858	1	1	1	1
TG	META	EUR	11	130	1309	10	618.465808868408	1	2	3	6
TG	META	EUR	11	131	345	5	7.08462810516357	0	1	0	0
TG	META	EUR	11	133	2216	5	874.431030511856	0	0	0	0
TG	META	EUR	11	134	3326	5	38.4144320487976	0	0	0	0
TG	META	EUR	11	138	1543	5	4.21664786338806	0	0	0	0
TG	META	EUR	11	140	1403	5	12.8679029941559	0	0	0	0
TG	META	EUR	11	147	4870	5	188.506278276443	0	0	0	0
TG	META	EUR	11	149	4145	5	80.0700039863586	0	0	0	0
TG	META	EUR	11	151	1808	5	31.441771030426	0	0	1	12
TG	META	EUR	11	162	1874	5	8.57518815994263	0	0	0	0
TG	META	EUR	12	1	1590	5	14.1345865726471	0	0	1	7
TG	META	EUR	12	4	1490	5	2052.24132919312	0	0	1	16
TG	META	EUR	12	12	967	5	3.87497615814209	1	1	2	7
TG	META	EUR	12	13	1602	5	14.9506375789642	1	1	1	1
TG	META	EUR	12	17	1105	5	1660.36912441254	0	1	0	0
TG	META	EUR	12	18	2152	5	1451.87753510475	0	1	3	20
TG	META	EUR	12	23	2890	5	2271.49796462059	0	0	0	0
TG	META	EUR	12	26	481	5	15.3440866470337	0	0	1	6
TG	META	EUR	12	28	1859	5	31.9602336883545	0	0	0	0
TG	META	EUR	12	29	358	5	4.36728525161743	0	0	0	0
TG	META	EUR	12	31	744	5	1539.95517969131	0	0	0	0
TG	META	EUR	12	32	2958	5	59.7996907234192	0	0	0	0
TG	META	EUR	12	33	2232	5	5.43589329719543	0	0	0	0
TG	META	EUR	12	34	2001	5	23.8817253112793	0	0	0	0
TG	META	EUR	12	35	928	5	9.8774356842041	0	0	1	10
TG	META	EUR	12	38	3467	5	59.5684912204742	0	0	0	0
TG	META	EUR	12	40	1506	5	1632.19423079491	0	1	1	2
TG	META	EUR	12	41	907	5	5.31775093078613	0	1	2	9
TG	META	EUR	12	42	4599	5	4746.28403043747	0	0	2	16
TG	META	EUR	12	45	2354	5	42.0612189769745	0	0	0	0
TG	META	EUR	12	47	882	5	13.1154756546021	0	0	1	4
TG	META	EUR	12	48	2849	5	46.4552454948425	0	0	1	9
TG	META	EUR	12	49	3187	5	45.1922113895416	0	0	0	0
TG	META	EUR	12	51	1810	5	18.7986509799957	0	0	1	5
TG	META	EUR	12	57	3924	5	58.9319133758545	0	0	1	24
TG	META	EUR	12	58	2130	5	18.7131516933441	0	0	1	8
TG	META	EUR	12	59	3359	5	3239.94071340561	0	0	1	8
TG	META	EUR	12	60	1682	5	8.82551908493042	1	1	1	1
TG	META	EUR	12	62	2098	5	17.8717796802521	1	2	2	4
TG	META	EUR	12	63	2161	5	46.9898035526276	0	0	0	0
TG	META	EUR	12	64	1712	5	28.8163850307465	0	0	0	0
TG	META	EUR	12	66	2702	5	39.67542552948	0	1	2	6
TG	META	EUR	12	67	1363	5	10.6476080417633	0	2	2	6
TG	META	EUR	12	68	1042	5	11.7307307720184	0	0	1	23
TG	META	EUR	12	69	2571	5	36.1682217121124	0	0	0	0
TG	META	EUR	12	70	1276	5	2971.26585698128	0	0	2	30
TG	META	EUR	12	71	3196	5	2126.23775720596	0	1	3	25
TG	META	EUR	12	72	8798	5	546.556962966919	0	1	1	9
TG	META	EUR	12	73	2735	5	49.1126198768616	0	0	1	11
TG	META	EUR	12	74	3176	5	59.4622604846954	1	1	1	1
TG	META	EUR	12	75	483	5	1.70643520355225	0	0	2	22
TG	META	EUR	12	76	1705	5	25.2725155353546	0	0	1	17
TG	META	EUR	12	77	1658	5	11.565842628479	0	0	0	0
TG	META	EUR	12	80	3651	5	12.7010734081268	0	0	1	20
TG	META	EUR	12	88	3642	5	64.4197924137115	1	1	2	3
TG	META	EUR	12	92	4536	5	110.092793941498	0	0	1	22
TG	META	EUR	12	94	3594	5	94.426680803299	0	0	0	0
TG	META	EUR	12	102	1151	5	15.6951925754547	0	0	0	0
TG	META	EUR	12	103	479	5	11.614351272583	0	1	1	9
TG	META	EUR	12	104	2913	5	39.2445907592773	0	0	0	0
TG	META	EUR	12	113	2730	5	44.5300126075745	0	0	1	16
TG	META	EUR	12	114	2609	5	44.839558839798	0	0	1	22
TG	META	EUR	12	117	2783	5	33.2436721324921	0	0	0	0
TG	META	EUR	12	119	5183	5	3396.75928139687	0	1	1	4
TG	META	EUR	12	120	1451	5	8.55249953269958	0	0	1	15
TG	META	EUR	12	121	1977	5	26.2761609554291	0	1	3	26
TG	META	EUR	12	122	4091	5	4516.63191342354	0	0	1	21
TG	META	EUR	12	125	2896	5	48.5077650547028	0	0	0	0
TG	META	EUR	12	128	482	5	7.11150527000427	0	0	1	6
TG	META	EUR	12	132	2496	5	41.2596061229706	0	0	0	0
TG	META	EUR	12	138	4361	5	135.629254102707	0	0	0	0
TG	META	EUR	12	139	5991	10	149.192114591599	0	1	5	97
TG	META	EUR	12	140	1246	5	20.7970480918884	0	0	2	17
TG	META	EUR	12	141	1716	5	1650.70035862923	0	2	2	4
TG	META	EUR	13	8	2407	5	31.4570214748383	0	0	1	8
TG	META	EUR	13	13	1686	5	32.9715919494629	0	0	0	0
TG	META	EUR	13	16	2437	5	37.1693999767303	0	0	1	33
TG	META	EUR	13	20	2317	5	43.8698933124542	0	1	1	2
TG	META	EUR	13	21	3269	5	61.1423997879028	0	1	2	20
TG	META	EUR	13	36	1868	5	16.8011574745178	0	0	0	0
TG	META	EUR	13	40	1940	5	13.3583660125732	0	0	0	0
TG	META	EUR	13	45	2308	5	1661.16232228279	1	1	1	1
TG	META	EUR	13	47	1482	5	18.8461019992828	0	0	1	50
TG	META	EUR	13	50	4815	5	2422.47463274002	0	0	3	44
TG	META	EUR	13	53	2636	5	46.4582343101501	0	0	0	0
TG	META	EUR	13	54	8127	5	449.647436857224	0	0	2	98
TG	META	EUR	13	55	3625	5	79.0569684505463	0	0	0	0
TG	META	EUR	13	58	4655	5	64.1428220272064	0	0	0	0
TG	META	EUR	13	60	2887	5	49.4010705947876	0	0	0	0
TG	META	EUR	13	64	1367	5	16.4742677211761	0	0	1	27
TG	META	EUR	13	70	2859	5	31.5804719924927	0	0	0	0
TG	META	EUR	13	72	2175	5	43.397953748703	0	0	0	0
TG	META	EUR	13	84	1571	5	10.091903924942	0	1	1	4
TG	META	EUR	13	88	1072	5	5.53335309028625	0	0	1	34
TG	META	EUR	13	90	3170	5	52.901814699173	0	0	0	0
TG	META	EUR	13	95	986	5	18.9945409297943	0	0	0	0
TG	META	EUR	13	96	1106	5	6.51150965690613	0	0	0	0
TG	META	EUR	13	108	675	5	7.33220052719116	0	0	1	7
TG	META	EUR	13	115	1088	5	10.7279274463654	0	0	0	0
TG	META	EUR	13	118	1840	5	5.16752552986145	0	1	0	0
TG	META	EUR	13	125	2455	5	1290.58505392075	1	2	3	7
TG	META	EUR	14	11	1081	5	15.5764434337616	0	0	1	20
TG	META	EUR	14	13	603	5	6.83046698570251	1	1	1	1
TG	META	EUR	14	14	4113	5	102.797269105911	0	2	2	6
TG	META	EUR	14	19	2883	5	2495.56138658524	0	0	2	40
TG	META	EUR	14	24	1223	5	2276.3187456131	0	0	0	0
TG	META	EUR	14	31	3397	5	70.5102455615997	0	0	0	0
TG	META	EUR	14	35	3439	5	20.5689907073975	0	0	2	69
TG	META	EUR	14	42	2094	5	31.1202216148376	0	1	2	24
TG	META	EUR	14	44	2165	5	6.70824432373047	0	0	0	0
TG	META	EUR	14	46	1764	5	1471.00593543053	1	1	2	22
TG	META	EUR	14	47	3044	5	56.0982022285461	0	0	1	38
TG	META	EUR	14	51	2665	5	3176.85246777534	0	0	0	0
TG	META	EUR	14	56	1280	5	17.2987551689148	0	0	0	0
TG	META	EUR	14	57	5200	5	148.255378246307	0	1	0	0
TG	META	EUR	14	63	4175	5	102.021459341049	0	0	2	7
TG	META	EUR	14	64	1343	5	5.52443647384644	0	0	1	47
TG	META	EUR	14	66	2406	5	42.1828591823578	0	0	0	0
TG	META	EUR	14	67	2927	5	2123.83362174034	0	0	0	0
TG	META	EUR	14	70	3495	5	71.5213143825531	0	0	1	24
TG	META	EUR	14	72	4029	5	17.0019714832306	0	0	0	0
TG	META	EUR	14	80	631	5	8.91307497024536	0	0	0	0
TG	META	EUR	14	81	3573	5	49.2897441387177	0	0	0	0
TG	META	EUR	14	84	1272	5	9.53627824783325	1	1	2	17
TG	META	EUR	14	95	1041	5	17.4065873622894	0	0	1	10
TG	META	EUR	14	96	403	5	6.65099763870239	0	0	1	16
TG	META	EUR	14	105	1460	5	7.5157458782196	1	2	3	12
TG	META	EUR	14	106	1405	5	0.966012477874756	0	0	1	8
TG	META	EUR	14	120	1063	5	15.6923627853394	0	0	0	0
TG	META	EUR	14	121	3100	5	22.8759541511536	1	1	2	14
TG	META	EUR	14	126	3824	5	87.5558533668518	0	0	0	0
TG	META	EUR	14	127	2527	5	12.9133615493774	0	0	1	16
TG	META	EUR	14	129	1548	5	2434.52660512924	0	1	0	0
TG	META	EUR	15	22	3667	5	77.5875360965729	0	1	1	2
TG	META	EUR	15	28	2033	5	14.4013164043427	0	0	1	22
TG	META	EUR	15	34	854	5	718.363133907318	0	0	2	66
TG	META	EUR	15	35	2450	5	8.26584315299988	0	1	1	2
TG	META	EUR	15	37	3539	5	122.907581329346	0	1	2	9
TG	META	EUR	15	38	3891	5	2702.63074493408	1	1	1	1
TG	META	EUR	15	39	2730	5	32.8658125400543	1	1	1	1
TG	META	EUR	15	41	2876	5	30.2066946029663	0	0	0	0
TG	META	EUR	15	45	6125	5	144.933378219604	0	0	1	57
TG	META	EUR	15	48	5474	5	197.286009550095	0	0	0	0
TG	META	EUR	15	49	629	5	9.78272104263306	0	0	0	0
TG	META	EUR	15	50	2762	5	2457.20054483414	0	0	3	172
TG	META	EUR	15	52	1948	5	494.217634677887	1	2	4	22
TG	META	EUR	15	53	379	5	11.1981866359711	0	1	1	2
TG	META	EUR	15	54	2118	5	1.7914566993713401	2	2	3	26
TG	META	EUR	15	56	2292	5	49.2803931236267	0	0	1	24
TG	META	EUR	15	59	4708	5	1909.20188856125	0	1	2	11
TG	META	EUR	15	62	5405	5	5482.54865050316	0	1	1	3
TG	META	EUR	15	64	1692	5	29.9258522987366	0	0	1	5
TG	META	EUR	15	66	2922	5	2134.18742179871	0	0	0	0
TG	META	EUR	15	71	174	5	13.7602863311768	0	0	0	0
TG	META	EUR	15	72	1182	5	11.4005863666534	0	0	0	0
TG	META	EUR	15	73	1170	5	9.26751732826233	0	0	1	30
TG	META	EUR	15	85	2159	5	26.4055023193359	0	0	0	0
TG	META	EUR	15	99	448	5	4.70917367935181	0	0	1	22
TG	META	EUR	15	108	941	5	10.8032183647156	0	0	0	0
TG	META	EUR	15	111	1662	5	9.47909832000732	0	1	1	2
TG	META	EUR	15	117	1024	5	635.546640872955	0	0	0	0
TG	META	EUR	15	118	683	5	874.314467430115	0	2	2	5
TG	META	EUR	16	1	2114	5	1914.79040908813	0	0	2	40
TG	META	EUR	16	2	832	5	1552.46727538109	0	0	2	22
TG	META	EUR	16	4	3063	5	11.819242477417	0	0	0	0
TG	META	EUR	16	5	1219	5	1147.96477270126	0	2	3	35
TG	META	EUR	16	7	1987	5	18.0064532756805	0	1	2	8
TG	META	EUR	16	9	2833	5	3055.15424323082	0	0	2	78
TG	META	EUR	16	17	1031	5	10.7482190132141	0	0	0	0
TG	META	EUR	16	24	1077	5	4.31214356422424	0	0	1	39
TG	META	EUR	16	25	2261	5	33.0739557743073	0	0	0	0
TG	META	EUR	16	33	4212	5	1014.16453123093	0	0	1	35
TG	META	EUR	16	37	3155	5	4352.88615965843	1	1	1	1
TG	META	EUR	16	59	1715	5	17.0757012367249	0	1	2	33
TG	META	EUR	16	62	1701	5	18.0469830036163	1	1	1	1
TG	META	EUR	16	64	708	5	3.8421356678009	0	0	1	14
TG	META	EUR	16	68	1856	5	1.5034761428833	0	0	1	15
TG	META	EUR	16	75	3049	5	2117.5717124939	0	0	1	3
TG	META	EUR	16	76	2093	5	23.7535891532898	1	1	1	1
TG	META	EUR	16	85	5100	5	165.699959754944	0	0	0	0
TG	META	EUR	16	88	5186	5	2967.92221331596	0	0	1	38
TG	META	EUR	16	89	6554	5	3540.32209587097	0	0	3	37
TG	META	EUR	16	90	1647	5	17.6802768707275	0	0	1	8
TG	META	EUR	16	93	4930	5	120.216358661652	0	0	0	0
TG	META	EUR	16	94	5618	5	9.76027202606201	0	0	0	0
TG	META	EUR	16	100	353	5	3.00509119033813	1	1	1	1
TG	META	EUR	16	103	6925	5	41.0927011966705	0	0	2	43
TG	META	EUR	16	104	2096	5	1864.36882042885	1	1	2	21
TG	META	EUR	16	105	1798	5	5.45696091651917	0	0	0	0
TG	META	EUR	16	107	2431	5	34.656069278717	0	0	0	0
TG	META	EUR	16	110	1672	5	27.0894706249237	0	0	0	0
TG	META	EUR	16	114	1382	5	2127.1030049324	0	0	2	14
TG	META	EUR	16	116	1857	5	17.60125207901	0	0	0	0
TG	META	EUR	16	119	2230	5	10.0833375453949	0	0	1	10
TG	META	EUR	16	125	1690	5	17.1823604106903	0	0	2	44
TG	META	EUR	16	128	5652	5	18.5253348350525	0	1	1	11
TG	META	EUR	17	3	1741	5	8.99237656593323	0	1	1	9
TG	META	EUR	17	8	315	5	4.64095282554626	0	1	1	1
TG	META	EUR	17	9	3239	5	32.2123866081238	0	2	3	16
TG	META	EUR	17	15	209	5	2.83627104759216	0	1	1	3
TG	META	EUR	17	16	660	5	6.41325449943542	1	1	1	1
TG	META	EUR	17	17	3158	5	15.3643343448639	2	3	3	4
TG	META	EUR	17	23	1091	5	798.685907840729	0	0	3	36
TG	META	EUR	17	24	1967	5	20.5386691093445	1	2	4	12
TG	META	EUR	17	45	181	5	0.469142436981201	0	0	1	10
TG	META	EUR	17	51	4038	5	3752.50290298462	0	0	1	13
TG	META	EUR	17	55	5095	5	1106.84806203842	1	2	3	24
TG	META	EUR	17	66	388	5	6.36244797706604	0	0	1	35
TG	META	EUR	17	73	3868	5	4810.81775450706	1	1	3	20
TG	META	EUR	17	74	4517	5	2313.1675195694	1	3	4	11
TG	META	EUR	17	75	3529	5	2644.3370718956	0	1	3	70
TG	META	EUR	17	76	1892	5	1612.95245695114	0	0	1	6
TG	META	EUR	17	79	1691	5	26.5425314903259	0	0	2	21
TG	META	EUR	17	80	2129	5	10.3627231121063	0	1	1	6
TG	META	EUR	17	87	1445	5	45.695143699646	0	0	2	11
TG	META	EUR	17	90	3692	5	590.065532684326	0	0	2	73
TG	META	EUR	17	94	2198	5	704.183612108231	0	0	1	30
TG	META	EUR	17	97	3142	5	15.3219192028046	0	1	3	28
TG	META	EUR	17	98	1676	5	1334.87258553505	0	0	0	0
TG	META	EUR	17	99	378	5	4.83670973777771	0	0	0	0
TG	META	EUR	17	100	1790	5	10.0481970310211	1	2	2	13
TG	META	EUR	17	101	1370	5	10.1083261966705	1	1	1	1
TG	META	EUR	17	102	967	5	14.8155345916748	1	1	1	1
TG	META	EUR	17	103	1225	5	1834.27519154549	0	0	2	16
TG	META	EUR	17	105	2108	5	31.3564732074738	0	0	1	16
TG	META	EUR	17	108	411	5	9.53132510185242	0	0	0	0
TG	META	EUR	17	117	2232	5	37.7453255653381	0	0	0	0
TG	META	EUR	17	118	2099	5	1948.29967474937	0	1	0	0
TG	META	EUR	17	123	2260	5	8.53321671485901	0	1	2	6
TG	META	EUR	17	125	3100	5	44.3574361801147	0	0	2	14
TG	META	EUR	17	133	1800	5	16.1343266963959	0	0	1	14
TG	META	EUR	18	1	1216	5	1722.13323950768	0	0	0	0
TG	META	EUR	18	6	759	5	7.7701678276062	0	0	0	0
TG	META	EUR	18	7	1978	5	31.9188964366913	1	1	1	1
TG	META	EUR	18	22	722	5	4.66528820991516	0	0	0	0
TG	META	EUR	18	23	789	5	9.26838397979736	0	0	0	0
TG	META	EUR	18	28	2035	5	10.0146050453186	0	0	0	0
TG	META	EUR	18	39	4130	5	10.3137853145599	0	0	0	0
TG	META	EUR	18	41	4507	5	71.3127484321594	0	0	3	39
TG	META	EUR	18	42	2994	5	20.3490831851959	1	1	2	12
TG	META	EUR	18	52	2203	5	25.5237243175507	0	0	0	0
TG	META	EUR	18	60	3619	5	50.1373951435089	0	0	0	0
TG	META	EUR	18	61	3308	5	49.7838840484619	0	0	1	8
TG	META	EUR	18	65	3148	5	58.4092621803284	0	0	0	0
TG	META	EUR	18	69	5081	5	118.841324329376	0	1	1	9
TG	META	EUR	18	74	4920	5	65.9730222225189	0	0	0	0
TG	META	EUR	18	77	704	5	2.07187032699585	0	0	1	5
TG	META	EUR	18	79	1043	5	10.8369891643524	0	1	1	2
TG	META	EUR	18	80	1987	5	5.05894494056702	0	1	1	2
TG	META	EUR	18	82	4096	5	2474.01239800453	0	0	2	26
TG	META	EUR	18	85	3540	5	41.4286773204803	0	0	0	0
TG	META	EUR	18	86	118	5	10.0893440246582	1	1	1	1
TG	META	EUR	18	87	208	5	7.80030417442322	0	0	1	5
TG	META	EUR	18	120	786	5	14.8642933368683	0	0	1	7
TG	META	EUR	19	1	365	5	2.53856182098389	0	0	1	3
TG	META	EUR	19	4	526	5	13.4940168857574	0	0	0	0
TG	META	EUR	19	5	275	5	1.73188209533691	0	0	1	6
TG	META	EUR	19	6	1489	5	4.46733355522156	0	1	1	5
TG	META	EUR	19	10	1023	5	10.5040597915649	0	0	0	0
TG	META	EUR	19	15	721	5	4.55772113800049	0	0	1	14
TG	META	EUR	19	16	827	5	7.23500299453735	0	0	0	0
TG	META	EUR	19	19	654	5	1383.93816828728	1	1	2	10
TG	META	EUR	19	20	1023	5	899.108197212219	0	0	0	0
TG	META	EUR	19	21	592	5	3.22878861427307	0	0	1	5
TG	META	EUR	19	22	2375	5	1226.66225814819	0	1	1	3
TG	META	EUR	19	29	1346	5	2711.88489437103	0	1	2	11
TG	META	EUR	19	30	1210	5	13.2685463428497	0	1	1	2
TG	META	EUR	19	32	1771	10	728.710948944092	3	5	5	7
TG	META	EUR	19	33	798	5	0.648522853851318	1	1	4	12
TG	META	EUR	19	34	788	5	681.471238613129	1	2	2	4
TG	META	EUR	19	35	1813	5	8.70987987518311	0	0	1	13
TG	META	EUR	19	37	2513	5	268.100684642792	0	2	2	7
TG	META	EUR	19	38	594	5	287.125585794449	1	3	3	15
TG	META	EUR	19	39	3423	5	8.63898825645447	0	0	0	0
TG	META	EUR	19	45	746	5	5.38470339775085	0	0	1	15
TG	META	EUR	19	51	1298	5	1791.29767870903	0	0	1	9
TG	META	EUR	19	52	1595	5	22.5400569438934	1	3	3	7
TG	META	EUR	19	53	2969	5	56.2764074802399	3	3	4	15
TG	META	EUR	19	54	4150	5	4024.03950953484	1	1	1	1
TG	META	EUR	19	62	2983	5	19.6184511184692	0	0	1	23
TG	META	EUR	19	63	1401	5	3293.3280608654	0	0	0	0
TG	META	EUR	19	64	3838	5	30.2654504776001	1	2	2	3
TG	META	EUR	19	65	1375	5	25.2386350631714	0	1	1	4
TG	META	EUR	19	67	5766	5	10.6841123104095	0	0	0	0
TG	META	EUR	19	69	2410	5	19.0980107784271	0	0	0	0
TG	META	EUR	19	70	1811	5	12.1267604827881	0	0	0	0
TG	META	EUR	19	71	318	5	2.41039633750916	0	2	2	6
TG	META	EUR	19	72	2670	5	8.19472551345825	1	1	1	1
TG	META	EUR	19	74	2796	10	4283.38843417168	4	4	6	23
TG	META	EUR	19	75	741	5	662.328224658966	0	1	1	2
TG	META	EUR	19	76	2796	15	942.97019982338	3	5	10	29
TG	META	EUR	19	77	4929	5	27.1802778244019	0	1	3	33
TG	META	EUR	19	79	1514	5	15.8919475078583	0	1	0	0
TG	META	EUR	19	80	862	5	1519.6044678688	1	1	1	1
TG	META	EUR	19	81	1997	5	1435.42102384567	1	2	2	3
TG	META	EUR	19	90	2377	5	2.05490255355835	0	0	0	0
TG	META	EUR	19	93	861	5	4.41471433639526	0	0	0	0
TG	META	EUR	19	98	1051	5	3.06998991966248	0	1	2	13
TG	META	EUR	19	104	1432	5	44.493332862854	0	0	1	3
TG	META	EUR	19	106	654	5	3.61272311210632	0	0	0	0
TG	META	EUR	19	109	344	5	1.28843092918396	0	1	1	4
TG	META	EUR	19	110	2769	5	42.0533034801483	0	0	0	0
TG	META	EUR	20	2	1183	5	512.04759812355	1	1	2	6
TG	META	EUR	20	7	1711	5	23.0162003040314	0	0	1	8
TG	META	EUR	20	18	1274	5	405.057452201843	0	1	2	11
TG	META	EUR	20	19	353	5	10.6283786296844	0	0	1	3
TG	META	EUR	20	23	379	5	8.78534173965454	0	0	0	0
TG	META	EUR	20	34	1984	5	27.8538126945496	0	1	1	4
TG	META	EUR	20	40	1502	5	1.09775471687317	0	0	1	6
TG	META	EUR	20	47	2192	5	9.00835418701172	0	0	0	0
TG	META	EUR	20	48	3821	5	53.5747156143188	0	1	1	7
TG	META	EUR	20	59	3814	5	354.591163635254	0	0	3	41
TG	META	EUR	20	60	2344	5	7.55584740638733	0	0	0	0
TG	META	EUR	20	62	2108	5	24.9459908008575	0	0	1	14
TG	META	EUR	20	63	4668	5	45.8114280700684	0	0	0	0
TG	META	EUR	20	64	1406	5	2.2398374080658	0	1	4	38
TG	META	EUR	20	65	2586	5	746.590978384018	0	0	1	6
TG	META	EUR	20	68	1074	5	125.509138822556	0	0	1	20
TG	META	EUR	20	69	2048	5	17.0444860458374	0	1	2	7
TG	META	EUR	20	70	1479	5	8.42640924453735	1	1	2	13
TG	META	EUR	20	71	2310	5	9.52190160751343	0	0	4	28
TG	META	EUR	20	73	1983	5	9.53694796562195	0	0	2	14
TG	META	EUR	20	84	2485	5	2.59452867507935	1	1	2	20
TG	META	EUR	20	86	1783	5	8.51470565795898	0	1	0	0
TG	META	EUR	20	87	1098	5	6.89947175979614	0	1	1	5
TG	META	EUR	20	91	1749	5	6.96931719779968	0	0	0	0
TG	META	EUR	20	93	3569	5	1979.70666003227	2	3	4	8
TG	META	EUR	20	99	2033	5	913.112520217896	0	1	1	3
TG	META	EUR	20	115	908	5	3.60578536987305	0	0	2	18
TG	META	EUR	21	2	479	5	15.1714713573456	0	1	0	0
TG	META	EUR	21	4	359	5	0.544621229171753	0	1	1	12
TG	META	EUR	21	5	1135	5	5.62396955490112	0	0	1	13
TG	META	EUR	21	48	3334	5	45.6388165950775	0	0	2	54
TG	META	EUR	21	53	1511	5	3.67784643173218	0	1	1	6
TG	META	EUR	21	63	1418	5	4.06253266334534	0	0	0	0
TG	META	EUR	21	64	2445	5	4.9159152507782	0	0	0	0
TG	META	EUR	21	65	473	5	10.5887749195099	0	0	0	0
TG	META	EUR	22	1	1477	5	10.105318069458	1	1	1	1
TG	META	EUR	22	7	509	5	0.569690465927124	0	0	0	0
TG	META	EUR	22	13	1002	5	4.89053416252136	0	0	1	25
TG	META	EUR	22	19	1042	5	0.816385984420776	0	0	1	19
TG	META	EUR	22	29	2419	5	1875.81809806824	0	0	3	43
TG	META	EUR	22	30	7744	5	40.9532771110535	0	0	1	13
TG	META	EUR	22	37	1956	5	962.450437784195	1	1	1	1
TG	META	EUR	22	40	1029	5	4.30033230781555	0	1	1	3
TG	META	EUR	22	43	1862	5	1251.01908826828	1	1	1	1
TG	META	EUR	22	44	1255	5	7.66252493858337	0	0	1	18
TG	META	EUR	22	45	1910	5	27.0671982765198	0	0	0	0
TG	META	EUR	22	46	4585	5	1576.30625128746	0	0	2	28
TG	META	EUR	22	49	580	5	6.45276999473572	0	0	1	3
TG	META	EUR	22	54	1476	5	8.67752146720886	0	0	0	0
TG	META	EUR	22	56	249	5	57.7296626567841	0	0	0	0
TG	META	EUR	22	57	978	5	723.110604763031	0	0	1	16
TG	META	EUR	22	64	978	5	15.4219877719879	0	0	1	9
TG	META	EUR	22	69	1567	5	1.15633773803711	0	1	1	5
TG	META	EUR	22	70	2717	5	13.056697130203201	0	0	0	0
